9.059124 28.203201 -7.843136 4.242349 12.011522 2.817738 3.364466 15.541583 7.744349 -3.561137 -4.841206 10.586191 3.854469 -7.545552 5.761851 -5.061859 -0.593065 0.788869 -3.098033 -7.503951 4.331738 6.292023 7.521638 1.448011 2.591433 23.713133 -0.618996 -24.493034 -4.333486 20.018969
7.843601 25.259920 -8.514939 2.260819 8.255892 8.563746 3.977426 14.825160 6.723828 -5.462185 -3.649916 12.175234 4.686315 -5.792729 7.064465 -4.311886 -1.607165 0.326863 -3.062970 -6.697825 7.152289 7.659780 7.313529 3.942165 5.771742 22.686743 -0.496129 -21.848188 -9.255383 18.324594
9.102668 27.168621 -8.348116 2.863780 10.704972 5.522854 3.997890 14.708996 7.248847 -4.693236 -4.312459 11.208706 3.986580 -6.646298 6.275022 -5.006782 -1.290932 0.298098 -3.120837 -7.489655 4.702116 6.667880 7.623780 2.108128 4.120914 23.809568 -0.302680 -23.894941 -6.418819 19.459137
9.842332 28.482998 -8.697058 2.550860 12.736565 3.245987 5.078847 13.920559 6.885498 -4.425853 -4.656528 10.798670 2.627977 -6.320654 5.888753 -6.043510 -1.836027 0.558380 -2.907777 -8.355089 3.035100 5.106470 8.145873 -0.373041 3.968935 23.617449 1.518152 -24.682129 -6.374527 18.279209
9.851249 29.174896 -10.448623 -0.693771 11.678240 4.573864 6.163168 10.526137 4.916044 -4.112679 -4.007044 11.762224 1.070428 -4.096261 6.102401 -7.403049 -3.777792 0.332909 -2.874037 -9.064821 1.169918 2.406411 7.990128 -2.045967 5.990880 21.928812 5.952455 -22.946331 -10.089015 17.120916
8.648175 29.885984 -11.322789 -2.997838 10.458111 4.629746 5.480762 8.427586 3.737069 -2.946490 -3.423696 12.489092 0.067096 -3.293449 5.975718 -7.711920 -4.449283 0.340060 -3.078193 -9.242840 -1.400510 1.440866 7.329132 -3.055864 7.537842 20.550070 8.625378 -22.832155 -12.871111 17.517893
6.313149 29.880951 -13.030172 -5.847275 8.867680 3.809324 3.225432 7.579810 2.856952 -1.273260 -3.464964 11.958427 -0.630593 -3.338651 5.553502 -8.067981 -4.110410 0.385666 -3.541403 -9.999034 -2.424580 1.791313 7.433712 -5.298817 6.097169 19.737410 9.972610 -22.879408 -13.018782 19.154564
5.566795 29.232399 -14.144244 -8.044178 7.997727 2.572730 2.746951 7.268782 1.732381 -0.491359 -3.886143 11.534111 -1.289787 -2.958896 5.648600 -8.765574 -4.513890 0.912879 -3.259657 -10.808734 -3.101177 2.065675 7.854498 -7.262067 5.537876 19.814646 11.312272 -22.630529 -13.138440 17.786419
5.147182 28.300369 -15.187575 -8.709541 8.553425 2.700923 3.666078 6.206200 0.736293 -0.733200 -3.776788 11.699667 -0.641796 -2.548702 6.222672 -8.350842 -5.010219 1.637813 -3.395787 -10.042336 -4.596402 3.584136 8.030833 -8.768926 6.003900 21.159643 11.195906 -22.040264 -14.210550 15.744428
4.898271 28.172657 -15.367290 -9.005880 9.031233 3.143808 4.620214 5.754293 0.356210 -1.132780 -3.436786 12.074255 -0.151900 -2.297999 6.349117 -7.717624 -5.057441 1.755159 -3.787213 -9.660417 -5.442863 4.401479 7.941740 -9.295294 6.108527 21.751314 11.082702 -22.220747 -14.574306 14.685766
4.589423 28.485193 -15.689717 -8.883223 9.417675 2.881212 4.838044 5.357157 0.247360 -0.822000 -3.463666 11.927052 -0.146697 -2.118669 6.442567 -7.622949 -4.879688 1.902929 -3.987561 -10.048779 -6.596990 4.525468 7.795534 -9.425770 6.207149 21.900351 11.078385 -22.784487 -14.751713 14.172744
4.147138 28.698303 -15.761172 -8.661299 8.929040 3.094879 5.036195 5.044061 -0.253260 -0.191642 -3.455002 11.706617 -0.010797 -1.883015 6.605027 -7.581143 -4.580410 1.915143 -4.250930 -10.535236 -6.808077 5.109210 7.697619 -9.739388 5.705472 21.325449 10.333894 -23.378813 -15.220335 12.961930
3.863802 29.114712 -15.926403 -8.787592 8.677009 2.984093 5.129596 4.557483 -0.851792 0.474459 -3.624971 10.987162 -0.156179 -1.588220 6.740402 -7.888163 -4.294122 2.364946 -4.436701 -11.075888 -7.150103 4.960999 7.927207 -9.773275 5.684919 21.507067 10.383067 -24.004818 -14.791317 11.784072
3.480764 29.443523 -15.949637 -9.406267 8.669862 2.345570 4.980146 4.363785 -1.660026 1.159809 -3.697052 10.791080 -0.386333 -1.525038 6.859177 -8.001431 -4.200077 2.712203 -4.471507 -11.276620 -7.308990 4.851864 7.986433 -9.553956 6.051416 21.876600 10.650418 -24.173773 -14.409420 11.200554
3.343055 29.255236 -16.200439 -9.382930 8.950005 1.783165 4.866098 4.583577 -2.049418 1.441322 -3.835328 10.573466 -0.354849 -1.586220 6.867013 -8.084086 -4.403695 2.953942 -4.392312 -11.100761 -7.061560 4.402991 8.207776 -9.223779 6.089003 22.033133 10.684960 -24.580355 -13.945634 10.495956
3.520955 29.787827 -15.576812 -9.961346 9.232416 1.498844 5.882237 4.312822 -2.631777 1.167167 -3.962837 10.332729 -0.054664 -1.564404 7.050912 -8.090694 -4.487840 2.996519 -4.245143 -11.071125 -7.557714 4.464809 8.170808 -9.149726 6.314106 22.053240 10.246497 -25.272520 -14.217230 9.615479
3.868351 31.053087 -16.089724 -10.527437 8.644968 1.301196 6.465206 2.814040 -3.433699 2.290150 -4.077311 9.863068 0.097630 -1.306873 7.703814 -8.179246 -3.991715 3.244644 -4.218169 -11.776344 -8.510850 6.932259 7.794394 -9.267288 6.408656 22.015514 8.788334 -25.206646 -15.656165 9.364258
3.643949 30.926918 -16.935434 -10.004911 8.567957 1.071568 6.152986 2.414562 -3.326893 2.913359 -4.081842 9.818367 0.100749 -1.110947 7.962211 -8.092700 -3.740680 3.437284 -4.332513 -12.031373 -8.856823 7.431457 7.710872 -9.483360 6.629539 22.081720 8.609128 -24.965971 -16.045774 9.187894
3.699460 31.038488 -16.635130 -10.364219 8.587118 1.220820 6.335876 2.427304 -3.433723 2.657986 -4.108045 9.685199 0.125114 -1.168075 7.855797 -8.226686 -3.822298 3.361054 -4.325637 -11.949184 -8.768167 7.343418 7.784743 -9.357539 6.591508 22.138826 8.655174 -25.030729 -15.931606 9.219339
3.608941 31.141565 -16.310753 -10.221558 8.799648 1.174123 6.570570 2.833581 -3.583747 2.528978 -4.074549 9.857279 0.061681 -1.262348 7.799111 -8.178249 -3.866135 3.351469 -4.285753 -11.792511 -8.522792 6.995881 7.823218 -9.236835 6.677808 22.144388 8.698510 -25.026237 -15.947260 9.018350
3.671912 31.073341 -16.242662 -10.314783 8.767678 1.292043 6.677245 2.796794 -3.615521 2.392711 -4.064320 9.840577 0.103943 -1.215312 7.748102 -8.198895 -3.889263 3.288028 -4.321989 -11.750419 -8.541227 6.962843 7.854283 -9.213098 6.650528 22.149340 8.675889 -25.169706 -15.804598 8.939492
3.667543 31.063843 -16.443621 -10.129491 8.813107 1.234708 6.570576 2.763500 -3.536293 2.550381 -4.073719 9.918335 0.023261 -1.276213 7.765274 -8.161741 -3.882728 3.344351 -4.274225 -11.760152 -8.580288 6.921636 7.815932 -9.232728 6.667349 22.127287 8.708646 -25.132368 -15.866594 9.026376
3.990856 31.917322 -15.445588 -13.202314 5.098997 3.030100 6.472148 1.772051 -5.423734 3.178683 -4.440737 7.836449 1.461921 -1.004202 8.112041 -8.982141 -3.781895 3.042038 -4.317262 -11.608685 -6.457001 8.408702 8.104367 -8.929631 4.041379 20.239395 4.578053 -28.556683 -14.134962 6.608428
3.400264 31.586601 -14.221010 -14.199984 1.132560 6.873680 7.202308 2.762862 -6.267082 2.222672 -4.602750 6.310578 1.992953 -1.747070 7.329443 -9.463223 -3.457480 3.325018 -5.014705 -10.816052 -4.246446 5.648213 9.604579 -9.305015 2.118668 18.845404 4.552302 -30.983801 -11.701173 4.256655
3.199768 31.869141 -14.348362 -15.290435 0.895061 7.061291 7.274061 2.683135 -6.658858 2.163103 -4.476384 6.022870 2.166692 -1.649966 7.349786 -9.524791 -3.328044 3.190332 -5.332143 -10.862474 -3.499157 5.759845 9.919833 -9.150449 2.192057 18.627703 4.405269 -30.896168 -11.861224 3.753114
3.136883 32.018684 -14.443769 -15.605987 0.696422 7.071447 7.133287 2.624581 -6.523057 2.125966 -4.458984 5.907712 2.172334 -1.462071 7.479803 -9.693571 -3.308923 3.138947 -5.315760 -10.970328 -3.554940 5.669563 9.833625 -9.282954 2.310552 18.627588 4.705020 -30.791714 -12.086821 3.710823
3.002497 31.817078 -14.350527 -15.251308 0.680964 7.185094 6.995891 2.870186 -6.457863 2.126454 -4.450552 6.062171 2.247631 -1.576661 7.345055 -9.540768 -3.346932 3.034375 -5.332899 -10.851886 -3.434316 5.471147 9.897976 -9.221182 2.135337 18.585016 4.638231 -30.887846 -11.775314 3.798035
3.247915 31.141348 -14.229770 -14.894737 1.002242 7.327301 6.637633 3.311904 -5.928665 1.519868 -4.367234 6.021014 2.581615 -1.823901 7.193852 -9.297715 -3.301030 2.721112 -5.451770 -10.679207 -2.888061 5.274886 10.084134 -9.462529 1.867329 18.448763 4.781999 -30.527430 -11.784907 3.774599
3.206048 31.297203 -14.355830 -14.411892 0.827392 7.838943 6.541467 2.921830 -5.871249 1.803073 -4.442375 5.957074 2.470910 -1.823057 7.118795 -9.427627 -3.385287 2.857519 -5.394905 -10.657102 -2.882112 5.163201 10.342535 -9.471258 1.834229 18.592031 4.438223 -30.743006 -11.909000 3.446434
3.137347 31.083811 -14.453229 -14.364923 0.655890 8.004276 6.312442 2.956389 -5.734904 1.801775 -4.403762 5.778677 2.699533 -1.761588 7.114639 -9.476065 -3.360795 2.633921 -5.494347 -10.631861 -2.558440 5.229153 10.343196 -9.441137 1.889830 18.469818 4.558952 -30.373243 -12.108271 3.622235
3.135273 31.095459 -14.415709 -14.391644 0.726561 8.026794 6.369355 2.959273 -5.735431 1.750432 -4.376783 5.825682 2.746990 -1.771493 7.120675 -9.406068 -3.370549 2.611631 -5.522902 -10.595860 -2.581123 5.151309 10.388919 -9.403422 1.886053 18.496605 4.528890 -30.465590 -12.053505 3.548506
3.070497 30.994995 -14.458029 -14.488474 0.655848 7.955921 6.282437 2.990615 -5.785044 1.783721 -4.395053 5.883942 2.642305 -1.771915 7.113247 -9.415533 -3.347019 2.629314 -5.477988 -10.631441 -2.624394 5.204074 10.287260 -9.425168 1.824008 18.419340 4.567902 -30.517218 -11.967369 3.648277
3.176869 31.115110 -15.156120 -11.138130 0.015324 9.711731 5.112512 2.529216 -4.236128 2.498016 -4.165428 6.537539 2.498385 -1.780884 6.631404 -9.543776 -3.787198 1.576790 -5.350244 -10.513193 -1.648566 4.005521 10.006427 -9.375976 2.716100 18.219278 7.008341 -27.471352 -12.743986 5.940843
3.582702 31.309916 -15.545736 -10.013095 -0.039358 10.609170 5.680508 1.615395 -4.432098 2.933758 -4.243313 6.957359 1.464418 -1.627763 6.362319 -10.086457 -4.460107 1.528460 -4.976224 -10.700007 -1.907088 3.437228 9.746825 -9.975465 3.090439 18.071539 8.342217 -26.334311 -12.993571 7.124084
3.712607 29.562311 -16.032951 -8.049046 -1.339515 13.633204 3.159245 1.867959 -2.045356 2.435282 -4.225174 6.449623 1.031720 -1.732501 5.709472 -10.841526 -4.843106 0.654226 -4.890165 -10.462950 -1.741606 2.749173 8.985723 -10.524577 2.686462 16.965397 9.693773 -24.749964 -13.679077 10.505944
3.950961 29.473841 -16.328775 -7.259125 -1.933514 14.403789 2.389071 1.730695 -1.185109 2.695918 -4.426964 6.763615 0.243896 -2.090471 5.234241 -11.266799 -4.866182 0.423541 -4.384617 -10.756596 -2.257017 2.920183 8.788362 -11.308848 2.387727 16.674582 9.822210 -24.485088 -13.840826 11.846080
3.875756 29.317806 -16.431133 -7.348964 -1.938803 14.239415 2.382234 1.976026 -1.137448 2.502239 -4.349394 6.899173 0.244196 -2.068242 5.259401 -11.063128 -5.017772 0.536256 -4.487405 -10.668496 -2.380601 2.735407 8.851582 -11.163245 2.415373 16.738092 9.687057 -24.823168 -13.709059 11.323266
4.116067 29.694569 -16.511890 -7.540709 -1.599410 14.000934 2.714067 1.874905 -1.380962 2.507423 -4.324790 6.639901 0.437149 -1.931613 5.374858 -11.069612 -5.025279 0.492248 -4.580412 -10.730576 -2.441168 2.786525 8.888709 -11.177770 2.565945 16.788208 9.731505 -24.613752 -14.014530 11.130665
5.471967 27.793163 -16.826290 -5.741314 -5.386090 16.395784 0.533936 2.945141 -0.895665 2.622368 -4.515735 7.424641 -0.567775 -2.642404 4.377814 -11.251079 -5.117321 0.237526 -4.255185 -10.322794 -1.318916 3.921204 8.631330 -11.125823 1.839817 16.910601 9.690012 -23.687704 -13.442327 14.215404
5.698916 27.653776 -16.739969 -5.960763 -5.769159 16.648220 0.408390 3.333542 -0.869661 2.299256 -4.473466 7.382998 -0.372375 -2.705760 4.358727 -11.158656 -5.115835 0.154299 -4.299654 -10.136629 -1.007601 4.001214 8.757731 -11.039711 1.675532 16.886187 9.535710 -23.622816 -13.336229 14.309398
5.654959 27.654446 -16.761721 -6.276647 -5.806726 16.690001 0.445857 3.357305 -1.073766 2.166950 -4.475427 7.476793 -0.489631 -2.666786 4.335710 -11.161329 -5.204283 0.191459 -4.196441 -10.224889 -1.151124 3.970624 8.829395 -11.042830 1.353118 16.766661 9.441317 -23.650225 -13.282989 14.121621
5.533598 27.914797 -16.742510 -6.503603 -5.718380 16.641649 0.402470 3.261372 -1.202379 2.242246 -4.557339 7.536603 0.334799 -2.350641 4.137039 -11.632062 -4.976111 0.153107 -4.113870 -10.288997 -1.394602 4.129267 8.796134 -11.003516 1.443130 16.761841 9.097855 -23.738430 -13.715069 13.646547
6.390596 26.760439 -17.378393 -6.178028 -5.608070 16.657747 -0.909399 3.513230 0.148050 1.856624 -4.666876 7.835853 0.178989 -2.715036 3.935834 -11.515043 -4.928206 0.202245 -4.072587 -10.187441 -0.614432 3.808401 9.001680 -10.852123 1.552359 16.857504 9.746100 -23.306641 -13.172366 14.082253
7.365445 24.952417 -17.516478 -4.069846 -7.398544 17.625048 -0.497859 5.074804 0.230387 1.458074 -4.209337 8.887903 -0.650752 -3.268930 3.630101 -10.148616 -5.146176 -0.065914 -4.596838 -9.573433 0.324760 4.176262 8.142295 -10.340940 1.332603 16.348286 10.854493 -21.926128 -12.951941 18.317648
7.253032 24.374073 -17.276251 -3.651709 -7.868914 18.191757 -1.059193 5.652818 0.224547 1.254236 -4.114975 9.483816 -0.655621 -3.288998 3.617867 -9.633706 -5.413297 0.138357 -4.503552 -9.170092 0.467670 3.880985 7.719999 -9.451674 2.075419 16.150112 11.321739 -21.180956 -13.473384 19.648968
7.258591 24.206129 -17.418036 -3.832228 -7.824675 17.757669 -1.301986 5.932386 0.499492 1.187659 -4.382150 9.660082 -0.116710 -3.128202 3.234116 -10.283091 -5.166317 0.145293 -4.312579 -9.331505 0.518478 3.773438 7.910754 -9.546014 1.695005 16.182787 10.917994 -21.675272 -12.878538 19.678261
7.281738 24.063198 -17.500992 -3.917611 -7.954051 17.680914 -1.499893 6.052207 0.501813 1.178989 -4.366964 9.703264 0.003040 -3.273397 3.260561 -10.146754 -5.229416 0.194909 -4.202966 -9.089024 0.773063 3.857350 7.685748 -9.615832 1.434585 16.001005 10.960240 -21.626169 -12.897263 19.882683
6.904706 19.679510 -19.653484 -2.727954 -11.697153 20.508348 -3.218081 7.271102 -0.069919 1.546923 -3.515282 9.112108 0.710121 -2.200233 3.110421 -10.748198 -3.821015 -2.560301 -5.415826 -11.180485 1.392505 0.876242 6.995518 -8.605098 3.496455 14.722118 12.961541 -19.807631 -14.890337 21.415413
0.598956 18.688194 -26.847122 2.483248 -12.837498 18.439383 -7.337768 6.011995 -0.222240 8.276473 -2.957836 8.954895 2.997850 -1.623965 4.326187 -10.200917 -2.588658 -4.514538 -5.415232 -12.043217 2.129807 0.386942 6.739016 -6.774330 7.176369 16.938387 14.248944 -16.709215 -16.882013 18.062477
-0.653361 18.742176 -28.347626 5.357104 -14.243811 19.609619 -6.609926 5.985262 -0.781599 9.960637 -3.066958 7.945608 3.759439 -1.581013 4.844679 -10.211202 -2.177736 -5.088216 -5.484684 -12.598335 2.156464 0.801946 7.255564 -5.414754 8.112327 19.420191 13.721246 -15.502615 -16.973959 17.471527
