-11.342366 25.583778 -17.023235 18.174803 -6.997047 -6.904922 3.046841 1.937613 7.348645 -12.068444 3.780341 -1.335930 -0.340886 -11.349665 0.514957 -0.083730 -5.381580 7.720463 -5.039249 -5.447757 3.876223 6.445160 7.335468 1.773607 2.020860 23.636177 -0.896821 -23.891558 -4.384908 20.050560
-11.397111 25.612324 -16.991274 18.247419 -7.012743 -6.933178 2.916994 1.857950 7.155220 -12.296156 3.807878 -1.409160 -0.352153 -11.391130 0.431440 -0.076558 -5.453796 7.779309 -5.127352 -5.316912 4.202176 6.440816 7.358746 1.402137 2.486105 23.820524 -0.828637 -24.181168 -4.442476 20.154072
-13.000327 24.576145 -14.843505 18.011446 -5.194283 -5.045945 4.171083 1.939191 8.980635 -11.097360 4.173970 -1.064751 -0.842381 -11.364144 -0.219657 0.090894 -4.775144 7.366120 -5.318458 -4.699991 2.377314 6.179439 6.216071 1.435161 1.397262 23.234949 -3.362548 -22.009726 -5.941887 20.730869
-13.307499 23.459873 -13.461993 19.216396 -4.001119 -4.735186 5.632898 2.536527 9.809526 -10.261607 4.413889 -0.903700 -1.044029 -11.693348 -0.547374 0.688140 -4.303474 7.706709 -5.266148 -4.200240 2.174103 5.786049 5.708051 1.013825 0.838727 23.467943 -4.305054 -20.155878 -6.232373 21.371958
-14.270181 21.991617 -11.376182 19.568123 -2.406994 -3.754812 7.344409 3.656080 11.200317 -8.812168 4.750154 -0.655377 -1.482349 -11.918072 -0.951120 1.099900 -3.756747 7.727428 -5.274417 -3.627997 1.197133 5.197649 4.755867 0.274854 0.093367 23.494543 -6.022032 -18.045923 -6.940622 21.809837
-14.683023 20.792477 -9.929313 20.540565 -1.428370 -3.795612 8.354831 4.457701 11.634609 -8.465670 5.011029 -0.576336 -1.845707 -12.134346 -1.466865 1.327355 -3.112649 7.779091 -5.224766 -3.209997 1.260608 5.199996 4.285422 -0.408557 -0.133249 23.730455 -7.025170 -16.624069 -7.169213 21.617939
-14.968645 19.992968 -9.114642 21.564577 -0.650374 -4.006441 9.155304 4.857467 11.767787 -8.360445 5.195850 -0.465362 -2.036682 -12.253042 -1.697436 1.660950 -2.669267 7.997110 -5.252785 -3.059293 1.176112 4.897569 3.798326 -1.402474 0.222921 24.004438 -7.721012 -16.170855 -7.854643 21.807690
-15.303777 19.268993 -8.192622 22.318586 -0.209439 -4.147550 9.605781 5.213480 11.672365 -8.579370 5.356142 -0.699908 -2.197926 -12.321230 -1.946336 1.719241 -2.256528 8.240247 -5.054837 -3.022644 1.246927 4.736073 3.599250 -2.274014 0.565276 24.371874 -8.144141 -15.702783 -8.070431 21.696987
-15.699097 18.916962 -7.681120 22.867746 0.325393 -4.419884 10.058190 5.222950 11.704046 -8.449860 5.159812 -0.825365 -2.367973 -12.432494 -2.037340 1.609104 -1.986507 8.362076 -4.981627 -3.135528 1.055309 4.219222 3.180609 -2.827302 0.790379 24.416330 -8.606809 -15.712991 -8.130150 21.877140
-16.113937 18.926510 -7.233097 23.449110 0.484199 -5.217896 9.786455 5.000301 11.213427 -8.920077 5.336629 -0.788740 -2.658854 -12.575947 -2.330730 1.607675 -1.902169 8.416889 -4.817178 -3.063797 1.282790 3.715015 2.774767 -3.884065 1.542423 24.625338 -8.918052 -15.429029 -8.499793 22.215879
-16.790489 19.167709 -6.398341 23.731001 0.709459 -5.794873 9.665587 4.696558 10.724354 -9.079092 5.450287 -0.784674 -3.024242 -12.680021 -2.579216 1.615721 -1.828133 8.444483 -4.672889 -3.063266 1.279083 3.231935 2.184461 -5.197608 2.442283 24.881941 -9.546932 -15.690898 -8.868383 22.138878
-17.824688 20.009533 -5.780715 23.875624 0.673386 -6.499846 9.387761 3.820360 9.617608 -9.752356 5.454305 -0.679568 -3.520396 -12.826338 -2.943164 1.470367 -1.734146 8.230157 -4.498762 -2.933611 0.937696 2.864974 1.760847 -6.108811 3.019109 25.134840 -9.954001 -15.993714 -9.147949 22.132113
-18.499535 20.873096 -5.475175 23.699839 0.584712 -7.374249 8.810370 3.241880 8.431151 -10.274656 5.569311 -0.589422 -3.813970 -12.940498 -3.239397 1.423387 -1.776309 8.000350 -4.347595 -2.817813 0.646132 2.713716 1.318330 -6.439931 3.161963 25.083138 -10.821843 -16.338247 -9.321828 21.507793
-19.338640 22.028522 -4.971601 23.086035 0.559999 -7.587843 8.549010 2.449251 7.628300 -10.365344 5.501884 -0.460987 -4.367126 -13.021271 -3.630260 1.036324 -1.855822 7.634956 -4.098779 -2.749466 0.449157 2.239215 0.843494 -6.588987 3.369083 24.934530 -11.319335 -17.250196 -9.053374 20.898033
-19.947088 23.251118 -4.674733 22.325735 0.078440 -7.755536 8.125856 1.581305 6.469530 -10.782171 5.696151 -0.296623 -4.630795 -13.041534 -3.931163 0.888155 -2.078839 7.404546 -3.855631 -2.526271 0.521188 1.804045 0.511804 -6.189547 3.636743 24.454956 -12.085404 -18.482203 -8.669572 20.373108
-20.167057 24.172819 -4.267591 21.502876 -0.514175 -7.330851 7.902015 1.058844 5.933290 -10.867065 5.829531 -0.131414 -4.950770 -12.978614 -4.201136 0.525898 -2.402134 7.021964 -3.661289 -2.483459 0.631187 1.198080 0.271025 -5.937584 4.078590 23.992708 -12.329227 -19.998962 -8.547163 20.091278
-20.132927 25.689281 -4.325960 20.531565 -0.997421 -7.253474 7.473248 0.625831 5.299691 -10.730448 5.863919 -0.183223 -5.433330 -12.937749 -4.325032 -0.059225 -2.842897 6.814526 -3.263857 -2.734264 1.087347 0.670348 0.250164 -5.145075 4.451802 23.344915 -12.835608 -21.836241 -8.021201 19.270550
-20.271931 26.815323 -4.523705 19.772060 -1.404288 -7.096469 7.229587 -0.049835 4.827756 -10.779330 6.106534 -0.158267 -5.579893 -12.730143 -4.341128 -0.332446 -3.087672 6.697513 -3.121984 -2.934613 1.040576 -0.301236 0.328433 -4.589349 5.012145 22.738897 -12.641482 -23.691778 -7.551511 19.435366
-20.274805 27.542213 -5.061457 19.108797 -1.670388 -6.789837 6.840307 -0.538580 4.777229 -10.782870 6.481811 -0.380453 -5.598049 -12.475998 -4.429841 -0.685475 -3.303171 6.645437 -2.912042 -3.298681 1.260200 -0.722887 0.576912 -3.683210 5.296389 22.103298 -12.225457 -24.918242 -7.095860 19.742565
-20.020706 28.630653 -5.552926 18.747042 -1.939891 -6.384596 6.392208 -1.121555 4.523819 -10.784609 6.715958 -0.435827 -5.583721 -12.308685 -4.413580 -0.853934 -3.432337 6.517775 -2.865756 -3.395999 1.409242 -0.968634 0.618427 -3.397525 5.783047 21.838251 -12.190919 -25.889460 -6.996966 20.032078
-20.042843 28.422754 -5.640159 18.781569 -1.898420 -6.311002 6.322519 -1.156178 4.550477 -10.979158 6.668909 -0.435859 -5.448813 -12.256863 -4.282947 -0.865717 -3.542411 6.597226 -2.874465 -3.470788 1.329242 -0.856329 0.597247 -3.654936 5.906556 21.977840 -12.214641 -25.962402 -7.052108 20.027695
-20.087589 28.469324 -5.591528 18.777706 -1.871293 -6.313199 6.338516 -1.203538 4.516887 -10.974588 6.694139 -0.441623 -5.452656 -12.222619 -4.272763 -0.883351 -3.512903 6.595458 -2.888624 -3.493279 1.312442 -0.895533 0.614969 -3.673557 5.929231 21.985884 -12.196349 -26.007427 -7.022254 20.005726
-18.461830 27.018917 -4.359494 20.706705 -2.460083 -10.064621 8.165546 1.720649 2.862897 -9.102898 5.133842 -0.760807 -5.378120 -13.658243 -4.560400 -0.664339 -2.659803 6.325040 -2.304123 -1.497910 1.962023 -0.958472 0.617279 -5.427624 3.667571 23.687265 -13.009068 -20.818407 -6.698208 17.054943
-16.378458 22.916744 -4.881274 23.052008 -1.177990 -10.935687 9.378671 4.781250 5.349574 -7.344374 4.020635 -1.161795 -4.894161 -14.336642 -4.137225 -0.409521 -2.093818 6.824579 -2.046397 -0.718046 3.060232 -1.201649 2.003333 -6.514012 2.205151 25.305523 -10.808060 -16.397104 -4.573030 17.264858
-15.229761 21.444405 -4.605803 21.108366 -2.313655 -10.307179 9.551096 7.241341 6.410690 -5.808264 3.182984 -1.895951 -4.382823 -14.422129 -3.300072 -0.721474 -1.737249 7.079706 -2.010139 -0.391026 4.332917 -1.587245 2.790194 -5.184119 1.232824 25.102997 -9.421207 -15.178124 -2.809065 17.817266
-14.500002 20.789288 -4.341646 17.332916 -4.262121 -9.856575 9.179054 10.012805 6.031413 -4.772859 2.300034 -2.809196 -3.789286 -14.127870 -2.643279 -1.565157 -1.552360 6.735931 -2.185785 -0.340326 5.128371 -1.801805 3.955577 -3.505386 -0.028032 24.592422 -8.032350 -14.496292 -1.374349 17.357944
-13.918185 21.331619 -4.220293 14.342394 -6.545135 -6.783984 6.048136 10.487121 7.082677 -4.656211 2.533538 -2.271196 -3.864218 -13.343206 -1.414856 -1.055190 -1.865372 7.738962 -3.163022 -1.482055 5.716120 -1.553472 4.030033 -0.818027 0.432995 22.976625 -6.421019 -15.344729 -0.963903 21.012913
-12.041393 21.620674 -5.856962 13.220201 -7.181024 -9.417789 5.277307 12.206810 7.205149 -2.222992 1.274599 -2.973250 -3.803450 -13.872004 -1.346182 -2.149611 -2.279458 7.068766 -2.459650 -1.038908 6.049254 -2.325289 5.302342 -0.524568 -1.460939 23.650419 -4.874034 -14.207154 1.169842 18.678852
-9.179154 22.601839 -7.956604 12.929291 -8.039190 -12.441676 2.929958 13.681672 8.142616 0.374962 -0.303378 -3.382668 -3.386379 -14.391483 -0.933596 -2.579940 -2.789716 7.019796 -2.083971 -1.254651 5.099939 -2.664182 7.055498 -0.220208 -3.536148 24.663191 -0.995905 -12.555346 3.218507 17.747162
-9.000604 22.575808 -8.100543 12.978554 -7.874597 -12.664656 3.080860 13.905297 8.252769 0.655929 -0.456397 -3.509653 -3.411407 -14.471648 -0.933929 -2.672785 -2.774453 6.930171 -2.012624 -1.237300 4.914220 -2.711542 7.367036 -0.148324 -3.836691 24.822723 -0.436791 -12.316626 3.460533 17.673275
-9.011539 22.566196 -8.174281 12.947624 -7.759437 -12.721383 3.110025 13.919517 8.234477 0.669170 -0.447822 -3.494687 -3.408487 -14.490192 -0.989946 -2.687257 -2.777315 6.883965 -2.003613 -1.215481 5.056532 -2.779875 7.350402 -0.214309 -3.783903 24.838755 -0.454211 -12.281714 3.442604 17.623737
-9.161626 22.435478 -7.994246 13.071240 -7.671006 -12.783847 3.226802 13.893226 8.136794 0.547961 -0.409042 -3.380856 -3.474491 -14.472919 -1.079285 -2.681950 -2.743213 6.796241 -2.022460 -1.156784 5.095881 -2.700708 7.328029 -0.460453 -3.697664 24.965769 -0.776403 -12.261666 3.312291 17.423895
-9.187412 22.400368 -8.028722 13.060970 -7.721302 -12.859497 3.162145 13.882557 8.046393 0.428736 -0.416130 -3.402096 -3.554770 -14.472328 -1.084753 -2.760634 -2.787759 6.820588 -1.958118 -1.222267 5.131441 -2.718812 7.298386 -0.528852 -3.642755 25.005178 -0.851343 -12.282292 3.325079 17.281796
-8.897670 22.618553 -8.152914 13.020535 -7.864580 -12.584262 3.043237 13.972423 8.255799 0.672787 -0.446938 -3.486469 -3.389311 -14.491693 -0.981900 -2.648594 -2.753741 6.849860 -2.021303 -1.227224 4.926004 -2.691451 7.385471 -0.201366 -3.761637 24.839163 -0.338182 -12.422668 3.439998 17.719288
-8.895381 22.628365 -8.149817 13.022777 -7.875999 -12.590714 3.040340 13.965695 8.239039 0.661078 -0.438591 -3.474769 -3.384738 -14.489641 -0.982583 -2.641893 -2.757063 6.853405 -2.024078 -1.224474 4.919802 -2.697404 7.378468 -0.199038 -3.764570 24.838205 -0.336119 -12.424512 3.449165 17.729698
-8.884992 22.594345 -8.181045 13.044216 -7.857275 -12.727493 3.037545 13.995304 8.225601 0.663918 -0.410463 -3.463376 -3.410791 -14.473130 -0.990699 -2.656419 -2.763957 6.838527 -2.021526 -1.219216 4.923744 -2.671492 7.336775 -0.307127 -3.762199 24.900848 -0.496542 -12.368962 3.376790 17.617336
-8.913430 22.676443 -8.169063 13.073341 -7.800002 -12.665547 3.123070 13.940019 8.250891 0.650895 -0.398076 -3.465224 -3.438329 -14.499341 -1.002129 -2.637251 -2.728699 6.864631 -2.017734 -1.189919 4.904850 -2.654793 7.356223 -0.257460 -3.806228 24.837896 -0.441659 -12.428990 3.455530 17.655636
-8.923944 22.694798 -8.231503 13.116944 -7.753385 -12.666508 3.152972 13.904086 8.287471 0.672485 -0.390867 -3.402826 -3.516511 -14.482794 -0.991603 -2.649237 -2.783680 6.857085 -2.027419 -1.276261 4.851454 -2.594484 7.313139 -0.206595 -3.919924 24.817587 -0.478937 -12.335032 3.479315 17.655811
-8.894600 22.695391 -8.182054 13.071795 -7.744944 -12.631535 3.160496 13.963376 8.333058 0.777546 -0.421453 -3.437946 -3.535933 -14.481347 -0.976591 -2.673037 -2.780463 6.857827 -2.030566 -1.306771 4.849600 -2.635514 7.323528 -0.191499 -3.962137 24.805014 -0.384260 -12.232244 3.524655 17.724018
-8.962271 22.691933 -8.114821 13.014660 -7.808578 -12.653363 3.152219 13.930636 8.272803 0.712197 -0.434630 -3.505467 -3.438652 -14.490482 -0.930912 -2.666142 -2.745133 6.943781 -2.010803 -1.238352 4.848998 -2.685972 7.350509 -0.090977 -3.934278 24.758913 -0.416883 -12.376018 3.492949 17.742891
-9.123261 22.685390 -8.154102 13.055403 -7.786829 -12.778353 3.145774 13.799886 8.228464 0.542886 -0.375450 -3.426172 -3.354092 -14.486965 -1.026352 -2.634974 -2.747936 6.920578 -2.012250 -1.237909 4.879201 -2.585690 7.409150 -0.128404 -3.821774 24.880095 -0.570278 -12.422332 3.368331 17.604815
-8.537038 22.682510 -7.939716 12.864290 -7.343328 -12.209105 2.369650 14.080012 7.452945 0.728872 -0.374049 -3.453507 -3.434569 -14.466602 -1.023276 -2.674958 -2.747633 6.924609 -2.024664 -1.290828 4.852482 -2.743909 7.284807 -0.171062 -3.807906 24.894434 -0.592516 -12.369659 3.419599 17.643753
-6.709414 20.896635 -9.265819 12.927382 -8.449876 -11.995995 2.376819 15.672551 9.514316 1.906226 -1.052044 -4.302915 -1.880964 -14.387707 -0.169144 -2.511337 -2.397002 7.075297 -2.122268 -0.257050 5.603992 -1.444476 8.568585 1.439111 -5.468417 24.921190 0.993042 -9.705526 4.206182 17.509396
-4.787380 18.861382 -9.346501 13.378422 -10.882280 -11.377095 2.176548 17.906408 11.398885 2.267103 -1.420031 -4.892014 -0.388689 -14.144030 0.646663 -2.373369 -1.984484 7.161769 -2.555564 1.437157 7.411284 0.561623 9.724282 2.927413 -6.843462 24.806786 1.871693 -6.199254 4.005571 18.210058
-2.620664 18.885166 -7.971236 13.608389 -12.342963 -10.141045 0.136140 19.829229 10.522176 2.654231 -1.280200 -4.978430 0.599054 -13.984146 0.484075 -1.972256 -1.003229 7.195844 -3.197550 2.452114 10.015601 0.797415 9.861308 4.974227 -7.312269 23.408171 1.615901 -2.665564 4.100778 21.672565
-2.781089 17.793413 -5.668891 14.215380 -13.139484 -8.606142 0.696546 20.232323 10.956071 2.565456 -1.058463 -5.475864 1.112162 -13.896461 0.290034 -1.542232 0.099625 7.244889 -3.478860 3.041842 11.806502 0.372311 8.921716 6.330136 -7.271195 22.393190 0.525255 -0.565209 5.230334 24.461830
-3.392642 15.521318 -4.296014 14.545047 -14.583830 -7.723178 1.229118 20.519789 11.575067 1.955633 -1.000261 -5.839517 1.871810 -13.820865 0.330141 -1.018093 1.246655 7.391029 -3.936006 3.653929 13.714664 -0.733973 8.245126 8.271527 -7.019796 21.258518 -0.934232 -1.358895 7.751128 25.087914
-2.656203 13.396616 -4.267644 14.673386 -16.535910 -6.616143 1.295092 21.600702 11.101783 0.321390 -0.692767 -5.850581 2.851119 -13.459214 0.245470 -0.179921 1.831075 6.862279 -4.882819 3.569146 15.984578 -0.755192 8.456275 9.665704 -6.706406 20.530867 -2.166642 -3.380505 10.170795 23.394228
-1.514772 11.071091 -4.941006 14.890820 -18.552349 -5.491002 1.248016 23.342955 10.353757 -1.664947 -0.216525 -6.239835 4.314377 -13.282505 0.024105 0.446611 1.764086 5.618328 -6.000284 3.522281 19.603539 0.710449 9.117028 11.646398 -7.028341 19.571226 -4.395524 -5.024276 11.980577 21.785007
-1.234311 8.292362 -4.259845 15.517340 -20.383261 -3.492625 1.569519 25.489935 9.964574 -3.677019 0.173272 -6.678499 5.802028 -12.977634 -0.149366 1.277925 2.088542 4.212356 -7.495813 3.156584 22.030874 5.977525 10.203427 12.590074 -8.859705 19.818937 -7.526444 -5.463224 12.458502 19.181835
-1.060853 6.310032 -2.684672 15.987593 -22.161915 0.315587 2.558987 27.607698 10.099351 -5.207317 0.243526 -7.044975 5.930754 -12.878258 -1.005788 1.315964 2.182972 2.323923 -8.343204 1.938021 23.665831 9.850166 9.427522 13.033933 -10.620121 19.711369 -13.041459 -5.597673 12.183371 17.973125
-1.731724 4.995419 -0.213328 16.606085 -22.609426 4.425281 5.195500 28.779005 10.510566 -5.238312 0.208374 -7.811574 5.288065 -12.879119 -2.110299 0.994420 2.801716 0.715089 -8.928620 0.571462 23.940248 11.305965 7.788694 14.144442 -12.808867 18.345894 -17.943737 -6.316445 13.587667 17.403896
-2.689703 4.128130 1.720878 17.504738 -23.413000 6.193405 8.827941 29.222780 11.196233 -5.142072 -0.220196 -8.257925 4.644321 -13.246986 -2.862746 0.597844 3.156649 -0.145800 -8.925618 0.062923 22.808325 12.102501 6.881774 14.929999 -15.093757 17.463543 -20.657118 -7.365864 15.489119 15.788020
-2.751367 4.947511 1.262797 17.859976 -21.315363 5.335997 8.794131 28.567480 10.125755 -5.084629 -0.011349 -7.732587 4.304463 -13.341158 -2.915574 0.563614 3.023837 -0.054890 -8.867558 0.364319 22.828547 11.027322 6.851893 14.274405 -13.983891 18.453726 -20.104177 -7.333951 14.548368 16.363510
-3.000984 5.414269 -0.385172 18.631042 -19.614630 2.518574 8.506045 28.077219 8.811513 -5.561127 -0.006278 -6.476985 4.020481 -13.683181 -2.741389 1.114912 2.368245 0.566448 -8.343118 1.446560 23.164530 9.980507 7.691681 12.920528 -12.026121 20.575415 -18.275496 -6.136161 12.764165 15.563349
-3.867691 6.018047 -1.221784 18.263201 -18.802055 0.936571 7.980925 27.378309 9.119688 -5.497368 -0.146877 -5.392690 3.734518 -13.984160 -2.809668 0.823776 1.967167 1.275452 -7.569148 2.278344 22.714149 9.415891 8.327813 12.635718 -11.354326 21.781408 -16.971758 -6.030710 12.117247 14.373093
-3.952893 5.977443 -0.893897 18.391459 -18.298777 1.125236 8.574847 27.320581 8.885691 -5.436838 -0.242654 -5.446873 3.272693 -13.975867 -2.952255 0.787446 1.958501 0.914817 -7.704866 2.072228 22.568266 9.637360 7.988140 12.557021 -11.706542 21.693834 -17.979856 -6.011573 11.940807 14.485652
-4.410095 5.850187 -0.034292 18.722689 -17.885332 0.986756 9.222230 27.328093 8.558599 -5.206729 -0.321400 -5.564888 3.230301 -14.249170 -3.191562 0.689414 1.776662 0.665638 -7.486004 2.337651 22.716784 8.393520 7.715294 12.134145 -11.794289 21.941441 -17.670851 -5.442969 12.588400 14.430915
-4.797963 6.476477 2.655645 18.482771 -17.520428 1.983675 9.912771 28.122374 7.991738 -3.514859 -0.287039 -5.380647 2.052144 -14.387648 -4.164972 0.869441 2.344610 -0.249022 -8.123118 1.361796 22.491678 6.384626 6.575757 11.733054 -12.486872 21.205135 -18.674200 -5.066694 13.460558 14.573624
-3.973092 7.318811 5.226202 17.684551 -19.579388 2.570013 8.223120 28.740686 9.869344 -1.055014 -0.540934 -5.959124 1.334855 -14.661524 -4.890540 0.580277 2.771579 -0.922316 -7.970652 1.152290 21.081461 4.950779 5.165252 12.781346 -13.485136 19.952841 -18.475670 -3.474225 15.366962 17.177422
