1.373252 25.662796 -10.570531 2.921449 4.023264 -4.866839 11.803709 14.093263 20.719702 -3.873028 -4.848692 10.587959 3.840828 -7.536594 5.768597 -5.074037 -0.591302 0.788052 -3.055650 -7.490061 8.992421 5.984347 10.324386 -13.598248 -11.930042 11.006760 1.014468 -27.383440 -2.014972 20.613920
1.528553 25.677563 -10.412851 2.845608 4.225910 -4.900026 11.885873 14.187089 20.764315 -4.092026 -4.831706 10.645126 3.831215 -7.524950 5.765930 -5.044858 -0.608873 0.769534 -3.056464 -7.466641 9.076868 6.012923 10.323088 -13.759331 -12.094652 10.853953 0.933459 -27.430542 -2.016656 20.579445
1.952511 25.629194 -14.317176 -3.360640 7.678462 -8.415268 14.713320 9.919629 18.317568 -4.583579 -4.045287 12.142509 1.053059 -3.799954 7.967012 -6.931895 -3.908198 1.471388 -1.621277 -8.907375 3.927778 2.093046 11.861080 -20.740387 -11.520504 7.538246 8.587192 -28.793718 -7.197263 15.630960
1.896301 25.419983 -12.808784 -3.495235 6.209842 -6.137497 15.847003 8.894095 18.010914 -5.278881 -3.642350 12.681978 1.176772 -3.446959 7.416079 -6.538808 -3.782689 1.217903 -2.477151 -8.686597 4.749247 2.412549 11.204885 -19.238380 -10.328526 7.268691 8.076457 -27.630617 -8.153890 16.591991
1.502425 26.506123 -12.467007 -4.908374 4.432917 -4.898584 14.596420 8.907678 17.768610 -5.092924 -3.186648 13.527077 0.726667 -3.828928 6.400859 -6.284801 -3.852563 0.625271 -2.931082 -8.592139 5.050990 2.694678 10.225330 -16.679691 -8.470654 6.894672 8.128848 -26.564371 -10.169963 18.703333
1.572520 27.223383 -12.268788 -5.172641 2.525051 -4.168715 14.095424 9.096023 17.345903 -4.295630 -3.227031 13.284514 0.531957 -4.113937 5.953017 -6.561528 -4.093038 0.652068 -2.966911 -8.441999 5.490232 2.912148 10.225770 -16.299324 -8.044251 7.603019 8.437411 -25.562849 -10.168204 19.128136
1.580795 27.303236 -12.456165 -5.580262 0.882188 -3.192833 14.030241 9.001693 16.805338 -4.043731 -3.546773 12.276064 0.384453 -4.383904 5.720462 -7.133855 -3.887799 0.436841 -2.992177 -8.814928 5.635790 3.330136 10.476521 -16.541790 -7.907998 8.770555 8.530684 -24.962151 -9.842421 18.476772
2.119515 26.920883 -13.060789 -5.481330 -1.127555 -1.690873 14.008476 8.537681 16.446115 -3.907825 -3.785961 11.386177 0.957383 -4.516962 5.505422 -7.243728 -3.996749 0.344271 -3.328784 -8.710035 5.765160 4.096009 10.860590 -16.451960 -7.643307 10.351774 8.314077 -24.265928 -9.460013 17.608345
1.653760 26.668039 -13.282527 -5.399708 -1.773691 -0.220454 14.553568 8.027044 15.830717 -3.894309 -3.812773 10.855936 1.808208 -4.211810 5.474664 -7.213391 -4.113678 0.074934 -3.766337 -8.467495 6.192547 4.202865 11.236512 -15.834967 -6.832316 11.092573 8.296794 -23.735060 -9.747513 16.132042
1.439691 26.464668 -13.505602 -5.139327 -2.804919 1.389882 14.943961 7.408611 15.399737 -3.662036 -3.592680 10.832126 2.269801 -3.897007 5.767129 -7.016363 -4.204627 0.097166 -4.034599 -8.354898 6.292630 4.195916 11.388556 -15.479108 -6.303533 11.443352 8.235723 -23.806593 -10.045547 14.634427
0.122117 26.278793 -13.578820 -5.508302 -3.541009 2.245237 15.187516 7.716811 14.171802 -3.239931 -3.277194 10.480391 2.890687 -3.508135 6.128252 -6.753057 -4.185839 0.187330 -4.570678 -8.169142 6.522637 6.015382 10.768182 -14.438995 -5.324793 11.600834 7.428137 -22.585701 -11.790962 14.394031
-1.346627 26.205547 -14.047370 -5.668722 -3.381132 1.722502 14.887487 7.979942 13.480884 -2.534667 -3.149152 10.287827 2.909693 -3.203578 6.207315 -6.683358 -4.229401 0.634623 -5.016848 -8.161024 6.007252 7.629969 10.398099 -13.788116 -4.999378 11.843550 6.362564 -22.616957 -12.493523 14.102490
-2.202804 26.914856 -15.325043 -5.616868 -4.672261 2.509508 15.320672 6.331531 12.631595 -1.144865 -3.228116 9.564507 2.865972 -3.117278 5.845000 -7.219398 -4.179230 0.518725 -5.338026 -8.338651 5.090934 7.756238 10.674512 -13.243766 -3.751128 13.163960 6.417587 -22.315142 -13.005619 14.004064
-2.281580 26.602608 -15.246718 -5.820673 -5.199186 2.805933 15.085261 6.422946 12.507867 -1.112864 -3.216506 9.578294 2.848570 -3.094950 5.817259 -7.179862 -4.298623 0.631228 -5.379261 -8.259297 4.926932 7.493241 10.724895 -13.134691 -3.484619 13.361115 6.530078 -22.168341 -13.179211 14.136366
-2.266023 26.591778 -15.366788 -5.664762 -5.128972 2.711064 14.964477 6.402074 12.647999 -1.035629 -3.187784 9.585982 2.833070 -3.027361 5.851327 -7.175622 -4.326835 0.671316 -5.398065 -8.268372 4.774925 7.507791 10.642797 -13.107064 -3.419404 13.388020 6.564189 -22.202858 -13.231570 14.144875
-2.283679 26.557508 -15.284068 -5.840245 -5.317770 2.960742 15.118937 6.430995 12.338075 -1.117653 -3.222383 9.505840 2.847538 -3.088353 5.818635 -7.204898 -4.311159 0.666856 -5.403035 -8.277514 4.805630 7.510452 10.761745 -13.029534 -3.356695 13.460976 6.408601 -22.262497 -13.180879 13.867716
-2.599962 26.516535 -15.498390 -5.673856 -5.307859 2.846472 15.082532 6.436599 12.269122 -0.872701 -3.195101 9.486521 3.001725 -3.054658 5.962923 -7.097192 -4.321083 0.672860 -5.399683 -8.175344 4.870958 8.156310 10.514585 -12.908126 -3.523441 13.424835 6.099419 -22.127079 -13.188660 14.113770
-2.554044 26.443157 -15.673079 -5.533707 -5.262152 2.802911 14.908488 6.417900 12.405366 -0.817795 -3.221078 9.340089 2.980592 -3.034115 5.909428 -7.212248 -4.317431 0.648625 -5.437427 -8.204278 4.892656 7.951291 10.503890 -12.829329 -3.401176 13.476940 6.281757 -22.173298 -13.020534 14.185155
-2.597830 26.562349 -15.611202 -5.587821 -5.319845 2.874626 15.090571 6.346400 12.275685 -0.787771 -3.254745 9.260658 2.957535 -3.044063 5.888827 -7.276067 -4.345153 0.654440 -5.426910 -8.211971 4.943798 7.899189 10.505239 -12.821294 -3.337489 13.493122 6.270597 -22.159994 -13.077303 14.066319
-2.623481 26.674543 -15.592506 -5.627372 -5.438562 2.881072 15.283084 6.253844 12.387334 -0.740781 -3.150748 9.083982 2.850369 -3.090978 6.041093 -7.095919 -4.391077 0.552478 -5.551495 -8.128489 4.901961 7.830283 10.532896 -12.791879 -3.228042 13.513295 6.334678 -22.121346 -13.181940 14.102565
-2.603713 26.715126 -15.623607 -5.616075 -5.466410 2.881832 15.330762 6.190524 12.369615 -0.706830 -3.160555 9.082209 2.829856 -3.106491 6.061719 -7.074604 -4.406314 0.606546 -5.547168 -8.127827 4.907126 7.830711 10.530389 -12.819149 -3.255849 13.499762 6.321792 -22.156454 -13.158446 14.061717
-2.558375 26.499937 -15.344700 -5.676540 -5.382894 2.891877 15.326226 6.450090 12.449792 -0.972406 -3.138476 9.259325 2.765034 -3.127470 6.057335 -6.991380 -4.337018 0.657324 -5.539673 -8.179746 4.902277 7.931387 10.443404 -13.033319 -3.461567 13.253498 6.321941 -22.071360 -13.388363 14.116231
-3.342506 25.151014 -14.909791 -7.906870 -7.659116 2.913137 11.852111 8.150230 12.434114 -1.152882 -3.225971 8.739264 3.586707 -3.450718 6.153738 -7.028656 -4.082354 0.255861 -5.436177 -7.675463 6.263763 8.056973 10.556116 -9.826277 -2.041345 14.527483 4.112062 -22.101591 -13.117876 13.358392
-4.453568 21.880732 -14.308904 -13.043371 -12.077962 3.823385 -0.855220 12.030646 12.039043 -1.790978 -3.753849 4.880867 6.277719 -3.164466 5.731898 -9.260415 -3.621832 -1.857845 -5.576769 -6.834984 10.878527 4.606294 10.746312 -5.984878 -0.089241 14.047882 3.295678 -22.862431 -11.355104 9.494328
-5.106856 15.044686 -17.183340 -10.037907 -12.583744 6.058277 -4.145403 14.412107 17.742455 -4.841549 -3.272289 4.487464 8.493630 -2.906433 6.024905 -8.940209 -3.542120 -1.951140 -5.984888 -4.129992 15.949986 5.107237 12.037717 -3.406081 0.344650 11.829155 0.290416 -22.624743 -13.518276 6.629655
-4.859314 11.535557 -18.400129 -9.689968 -16.951370 5.794641 -6.276747 17.088205 19.869526 -5.479002 -3.116048 4.038047 9.200175 -2.800028 5.762614 -8.967057 -3.489500 -2.113762 -6.494084 -4.391520 17.869120 8.342846 10.613533 -1.536811 0.255598 11.809156 -2.562534 -23.250792 -13.658409 2.954941
-4.722405 11.254854 -18.444412 -9.646243 -17.500803 5.800079 -6.469839 17.404505 19.738451 -5.484059 -3.088646 4.127399 9.102186 -2.849049 5.690842 -8.873151 -3.575132 -2.166338 -6.553310 -4.321039 17.972292 8.584849 10.346247 -1.307061 0.158861 11.669271 -2.665662 -23.274687 -13.450338 3.025298
-4.568413 11.472738 -18.363394 -9.900038 -17.686838 5.771543 -6.758255 17.536877 19.509596 -5.466718 -3.130244 4.100691 9.035224 -2.884959 5.677103 -8.943177 -3.544943 -2.273446 -6.475960 -4.472074 17.828386 8.657785 10.403147 -1.501954 0.054316 11.831022 -2.636457 -23.344763 -13.309825 2.882910
-4.576610 11.425303 -18.300930 -9.982458 -17.809689 5.812324 -6.644049 17.533716 19.433157 -5.488564 -3.123935 4.043867 9.044185 -2.835448 5.718522 -8.986493 -3.564258 -2.228830 -6.490350 -4.488591 17.864138 8.782320 10.439211 -1.399129 0.031482 11.886047 -2.765174 -23.449383 -13.308118 2.681170
-4.503391 11.657505 -18.133926 -10.359989 -17.693384 5.426053 -6.755397 17.759260 19.274368 -5.471739 -3.210413 3.991172 9.027458 -2.887149 5.669090 -9.053723 -3.544268 -2.203836 -6.438361 -4.507496 17.904797 8.750595 10.469407 -1.512764 0.052520 11.950539 -2.767264 -23.411680 -13.276966 2.584235
-4.909021 10.973537 -18.245771 -9.401038 -16.782602 5.855725 -6.254708 17.449141 19.628099 -5.674224 -3.093466 4.147479 9.119834 -2.806741 5.752504 -8.869380 -3.487653 -2.040219 -6.548545 -4.131920 18.047762 8.446758 10.266959 -1.533942 0.075275 11.189453 -2.669501 -23.319096 -13.550903 2.907288
-4.322824 11.673003 -18.154945 -10.407227 -17.668200 5.232964 -6.622249 17.758429 19.103991 -5.389794 -3.233991 3.772074 9.200347 -2.838963 5.861914 -9.111682 -3.502001 -2.105816 -6.437788 -4.498465 18.080706 8.966256 10.514293 -1.506681 0.037464 12.093636 -2.903198 -23.300146 -13.339235 2.482787
-4.818260 10.618914 -18.531361 -9.424133 -16.554796 6.288436 -5.949970 17.392939 19.895723 -6.063978 -3.036139 4.379915 8.997918 -2.638658 5.712871 -8.809161 -3.630742 -1.913460 -6.602779 -4.114184 18.104179 8.850220 10.197887 -1.422306 0.097120 10.995895 -2.595186 -22.961382 -14.206523 3.087161
-4.660754 9.961016 -19.148277 -9.175808 -15.327356 6.732684 -4.756634 17.119953 20.281567 -7.066985 -2.848074 4.360351 9.161952 -2.225632 6.114813 -8.533595 -3.586023 -1.725215 -6.858039 -4.138466 17.504416 9.102087 10.112827 -1.625614 0.700223 10.797594 -1.933155 -22.636787 -15.186518 2.818179
-5.120172 10.350750 -19.221415 -10.061405 -15.207167 5.798323 -3.854275 16.634504 19.989857 -6.920497 -2.688054 4.188424 9.188964 -1.933107 6.508850 -8.247722 -3.570060 -1.178201 -7.257243 -4.465989 17.113268 9.857383 10.132888 -1.955417 0.772381 11.195124 -2.047752 -22.624094 -15.579615 1.721105
-5.615102 11.040941 -19.014137 -11.875859 -15.435852 4.949302 -3.218858 15.940310 18.815956 -6.599234 -2.504591 4.293040 8.790469 -1.455857 6.867953 -8.174406 -3.436985 -0.743664 -7.449567 -4.890220 15.423916 10.564961 10.341582 -2.860308 1.367154 12.157263 -1.308803 -22.215351 -16.809189 0.938072
-5.299335 10.868245 -19.056730 -12.012058 -15.130630 5.162653 -2.777713 15.631474 18.489834 -6.671907 -2.549575 4.444482 8.585870 -1.414458 6.872304 -8.043715 -3.437683 -0.664699 -7.440925 -4.848971 15.187849 10.410447 10.415061 -3.157363 1.410724 12.010735 -1.126130 -22.176662 -16.980597 0.895180
-5.341346 10.506267 -19.503504 -11.907661 -14.311426 5.144350 -2.119674 15.431980 18.455309 -6.962831 -2.333839 4.723000 8.625636 -1.060019 6.855117 -7.914829 -3.579574 -0.514115 -7.747028 -4.700272 14.659576 10.489829 10.168976 -3.197918 1.593110 11.816759 -0.828519 -22.190157 -17.563793 1.030200
-5.046890 10.602952 -19.257994 -12.225737 -14.918220 4.990834 -2.152815 15.557639 17.592739 -6.731450 -2.274636 4.844565 8.454803 -0.958985 6.834372 -7.873307 -3.607271 -0.571404 -7.848289 -5.020510 14.294529 10.605516 10.327424 -3.132199 1.670488 12.473480 -0.959656 -22.585142 -17.278461 0.657275
-5.227167 10.714121 -18.987444 -12.418943 -15.051029 5.080441 -2.141689 15.604594 17.546873 -6.804912 -2.319838 4.622156 8.631485 -1.061189 6.912428 -7.959516 -3.503236 -0.587146 -7.797639 -5.019234 14.283421 10.486103 10.503285 -3.311660 1.547342 12.530973 -1.080080 -22.609261 -17.181486 0.696979
