2.027453 25.652458 -10.403506 2.976022 4.477859 -4.433982 10.962668 14.325576 19.857721 -3.908307 -5.077402 10.969452 4.245222 -7.336897 5.426796 -5.589978 -0.467462 0.807009 -2.908536 -7.557187 4.438793 6.318174 7.496372 1.403748 2.609375 23.752344 -0.554689 -24.474333 -4.280807 20.037495
1.571139 25.597746 -10.504848 3.001203 4.112782 -4.936142 11.741479 14.235780 20.573946 -4.032192 -5.113369 11.012407 4.248878 -7.309804 5.410749 -5.619883 -0.466005 0.776629 -2.934017 -7.548502 4.765195 6.363167 7.481800 0.993821 3.066263 23.971386 -0.510155 -24.755869 -4.340199 20.203270
-1.380127 13.900130 -4.027134 9.034031 9.179376 -14.231458 19.887833 21.516684 17.607103 -3.530742 -5.389680 10.519783 1.395073 -10.893009 -0.793948 -7.699876 1.254745 -4.037510 1.452563 -2.020262 8.171420 3.273403 5.262940 -9.108937 1.835868 29.973555 -10.725321 -12.851845 -3.388950 8.542264
-0.632660 11.363517 -2.380891 9.507023 9.084177 -15.690785 20.307573 23.524731 18.495705 -2.882265 -5.969829 10.549290 1.634957 -11.418103 -1.324225 -7.763073 1.925726 -4.476604 1.872714 -0.014817 11.103323 2.479292 5.642665 -11.493058 2.809639 31.461197 -7.334540 -9.588185 -1.445370 8.908537
0.042708 10.241625 -1.366089 10.661368 8.624996 -16.766687 19.896847 25.066526 18.099291 -2.208364 -6.156867 9.905105 1.763833 -11.815928 -1.452724 -7.588114 2.836108 -4.056756 2.270612 0.939015 13.002815 0.332801 5.578746 -10.780566 2.387605 30.850943 -7.228463 -7.102792 0.655031 9.995495
0.734318 10.084322 -0.330951 11.413940 8.261616 -17.734037 19.072172 25.682413 17.858664 -1.368794 -6.699333 9.664295 2.163969 -12.017736 -1.208300 -7.275507 3.467357 -4.267501 2.028381 1.749137 14.856436 -0.110401 6.138537 -10.594405 2.612288 30.884615 -7.028015 -5.878442 1.682347 9.483560
1.778811 9.659348 0.203231 11.692949 8.428302 -18.498590 18.186474 26.080740 18.180429 0.127232 -6.786706 9.664082 2.543071 -12.036186 -1.285734 -6.636135 4.090153 -4.481510 1.603197 2.634344 15.865801 -0.532082 5.971670 -12.166434 3.418964 31.500776 -6.653237 -3.708157 1.819270 9.732489
2.030625 9.341885 0.775274 12.178544 8.587499 -19.073915 17.075661 26.311172 18.721510 0.986751 -7.276718 9.757668 2.780510 -12.112310 -1.261640 -6.479031 4.272428 -4.928565 1.260562 3.131996 16.655500 -0.114770 5.183012 -13.571975 4.122168 31.763395 -7.075802 -2.638530 1.698369 10.431368
1.839941 9.087769 1.415011 12.339105 8.362464 -18.971140 16.381306 26.371393 19.079374 1.119470 -7.519938 9.682178 3.173246 -12.144909 -1.244643 -6.205387 4.488236 -5.091430 0.980094 3.647496 17.602711 -0.129743 4.905494 -14.017485 4.480704 31.903572 -6.259365 -0.837824 1.496343 11.778800
2.104846 8.687179 1.769302 12.505054 7.724257 -18.727583 15.878354 26.653650 19.466543 1.234131 -7.655152 9.384602 3.683053 -12.091389 -1.082092 -6.028606 4.691902 -5.059990 0.848274 4.040065 18.043299 0.331097 4.422952 -13.843837 4.258301 31.592331 -6.070555 0.514187 1.186464 13.402352
2.668840 7.752506 2.211015 12.910640 6.815168 -18.549292 14.646761 27.491011 19.705431 1.113725 -7.472374 9.234968 4.168948 -11.960900 -1.146415 -5.566887 5.287102 -5.186273 0.279385 4.302885 18.199621 1.256858 4.229838 -13.204984 3.446324 30.943525 -5.810903 1.830179 1.645397 15.535666
3.118571 7.310780 2.927226 13.534442 5.772635 -18.231531 13.345386 28.032995 19.621698 0.577640 -7.453750 9.044306 4.517067 -11.896593 -1.063297 -5.264646 5.711631 -5.286229 -0.159684 4.368783 18.145998 1.333007 3.647660 -12.941768 3.341175 30.544575 -5.486486 3.020201 1.560499 17.589401
3.340886 6.566635 3.467064 13.640832 4.783972 -17.549570 12.556439 28.380949 20.210571 0.279616 -7.467745 8.774849 4.791417 -11.658351 -1.232898 -5.420038 6.361129 -5.688228 -0.741024 4.302244 19.137074 0.744929 3.594617 -12.556699 3.535383 29.586748 -5.002792 4.110716 1.961959 18.622734
3.041911 5.685400 4.753953 13.650482 3.955050 -16.654278 12.081676 29.125250 21.030203 0.563984 -7.427649 8.426294 5.352840 -11.419923 -1.166406 -5.357095 7.034575 -6.060838 -1.468707 4.495749 21.004240 -0.243954 2.990546 -11.472684 4.086724 28.332846 -6.303910 4.501114 2.099118 19.922733
2.830031 4.208827 5.974349 13.612064 2.173550 -14.700908 10.916821 30.225203 21.920149 -0.032138 -7.153757 8.063810 6.372680 -11.142916 -1.230056 -4.797691 7.741774 -6.461073 -2.441782 4.638567 22.693441 0.353212 1.885673 -10.740741 4.064122 27.920610 -8.202394 5.145515 2.284433 20.577431
3.113411 2.695118 6.645391 13.368213 0.985109 -13.149544 10.661175 31.392633 22.337183 -0.371312 -7.187149 7.950928 6.994653 -11.023126 -1.362245 -4.444947 8.075928 -6.659224 -2.889712 4.825572 24.092096 1.603934 1.499406 -10.845649 4.137585 27.843895 -9.643432 5.682820 2.147640 20.368904
3.195173 2.426381 6.914626 13.466761 0.599927 -13.055993 10.497692 31.728891 22.340431 -0.567703 -7.049385 7.952484 7.168603 -10.989808 -1.417085 -4.270111 8.264111 -6.654733 -3.159515 4.851103 24.502687 2.064650 1.440539 -10.660083 3.972911 27.744482 -10.163713 5.969376 2.245989 20.459358
3.185211 2.517262 6.910416 13.459301 0.401999 -13.113614 10.363883 31.862103 22.351854 -0.536864 -7.036603 7.835333 7.210813 -10.951965 -1.430640 -4.297073 8.359755 -6.711258 -3.238076 4.821932 24.928169 1.924185 1.444324 -10.500392 3.920298 27.693916 -10.201939 6.066836 2.449511 20.416868
3.203517 2.797314 6.923800 13.520103 0.400821 -13.301677 10.282505 31.652859 22.185217 -0.612593 -7.069430 7.823153 7.238441 -10.961005 -1.264522 -4.305081 8.286186 -6.576043 -3.180729 4.969385 24.914568 1.401193 1.425004 -10.538563 4.109530 27.677315 -9.994090 6.024279 2.319217 20.501774
3.158200 2.899083 7.027005 13.472670 0.459225 -13.579976 10.394149 31.801414 22.174101 -0.546199 -7.065902 7.584201 7.031956 -11.156588 -0.986526 -3.953509 8.194700 -6.706812 -3.333219 5.062473 24.821579 1.350485 1.629539 -10.337103 3.934150 27.584978 -9.958436 6.085605 2.296590 20.532579
3.129567 3.098191 7.078129 13.493473 0.585226 -13.729878 10.283389 31.745565 22.057678 -0.471751 -7.183537 7.891954 7.227280 -11.044811 -1.257302 -4.325387 8.255190 -6.666486 -3.207156 4.958132 24.852533 1.288050 1.445839 -10.213735 3.727393 27.606525 -10.000010 6.384374 2.399381 20.430405
3.074369 3.105131 7.109173 13.517314 0.602392 -13.726005 10.327127 31.724573 22.079546 -0.473722 -7.092458 7.638031 6.967775 -11.193811 -1.021181 -3.988382 8.158821 -6.721766 -3.316154 5.056820 24.851517 1.197891 1.608338 -10.259812 3.742969 27.652086 -10.012492 6.310685 2.454991 20.442842
7.732121 0.243812 6.004689 12.706221 -6.834445 -13.389982 8.323447 36.088886 16.657507 -5.341816 -3.649499 3.179221 11.023852 -11.344625 -1.683358 -2.854787 7.921479 -5.061942 -2.108505 2.235358 26.914658 6.893350 5.165755 0.674764 -4.001187 24.562704 -12.443462 2.462498 10.482011 14.913584
9.491508 3.137389 3.496074 11.288243 -13.729305 -9.312154 8.270156 35.868347 13.568271 -9.705198 -2.840377 1.521218 11.194280 -11.950098 -0.864023 -2.965074 7.210768 -2.191275 -0.838096 -0.249004 26.366808 8.669762 7.929698 6.478958 -8.304993 22.142550 -9.665146 0.143828 13.373610 17.457718
7.958336 1.256574 5.884790 12.902215 -8.640867 -14.021062 8.144886 36.091244 15.292088 -6.506995 -0.999175 4.065979 11.057434 -11.830198 -2.620551 -1.665186 7.544446 -3.744006 -1.124770 2.692014 27.470400 9.744905 6.614974 5.546758 -8.454671 23.983145 -13.460944 3.473627 11.364029 13.909619
-3.145517 7.953024 7.771826 11.643750 8.343300 -12.901706 10.703613 22.840559 25.824617 0.675171 0.470100 10.404503 2.270494 -10.515185 -6.075727 -4.120494 7.158343 -3.041109 0.857077 2.785010 6.865919 6.208645 0.371953 -4.043550 -7.838857 26.834635 -17.797617 9.811935 -4.455046 16.908014
-3.085225 10.628531 5.355188 12.240826 10.057346 -11.237584 14.659308 21.022100 27.220627 1.420086 0.793847 11.776266 1.287138 -10.378759 -6.939756 -4.143911 7.222408 -3.929804 0.689481 2.630166 5.269271 8.107959 0.605468 -4.222496 -8.437441 27.459978 -18.978378 8.166396 -4.899024 15.302223
-2.801655 10.781468 5.032929 12.325478 10.110142 -11.494782 14.574544 20.909883 27.140905 1.107196 0.728460 11.853186 1.206157 -10.321276 -6.833606 -4.110293 7.229595 -3.848915 0.600985 2.600037 4.848509 7.940832 0.645633 -4.616322 -8.384859 27.776869 -18.606853 8.212927 -4.819660 15.321618
-3.283283 10.527164 6.708597 11.940194 10.329873 -12.231845 14.445536 21.577181 26.123444 2.312747 0.629327 11.609289 1.185247 -10.567333 -6.874841 -4.173886 7.134776 -3.733310 0.882778 2.188805 4.639643 7.308962 0.657440 -4.739329 -8.255351 27.522726 -18.090483 8.591800 -4.884342 15.659801
-2.811208 9.443410 7.293588 11.978600 9.134947 -13.191867 13.595989 22.234770 25.171986 1.229951 0.442321 10.856964 1.868784 -10.755854 -6.311528 -4.034951 6.930528 -3.537821 1.141273 2.460990 5.666812 6.434451 1.345827 -4.239766 -8.529213 26.974810 -15.835919 9.938567 -3.975751 16.172855
-2.570551 8.835299 6.993856 11.795189 8.585956 -13.609995 11.462279 22.117701 25.000460 0.210608 0.273798 10.301920 2.244150 -10.808292 -6.016896 -3.956098 6.946287 -3.243109 1.149880 2.848352 7.563354 6.441051 1.921530 -3.651686 -8.296690 26.934620 -15.254797 10.602343 -3.205692 16.163845
-1.414193 7.294832 7.271819 12.266377 6.822248 -13.785983 10.254740 23.788057 24.774519 -0.073159 0.142698 9.961951 2.579177 -10.888483 -6.000092 -3.795158 7.403102 -3.052499 1.120489 3.168310 10.113059 6.422253 2.247264 -3.505302 -7.897528 26.994902 -14.600481 11.327069 -1.996604 16.212120
2.493912 3.346390 7.070076 12.958943 2.220525 -13.557968 11.042843 30.158518 21.962622 -0.459360 -0.599559 6.977755 6.679280 -12.175224 -4.980173 -3.354874 7.454121 -4.083536 1.310444 4.162703 18.005842 4.560350 3.303591 -0.964112 -7.156699 24.691898 -11.576734 12.456098 1.810669 17.121082
-0.374937 9.905507 9.141056 8.930698 -12.145498 5.424534 12.730112 24.974463 13.694137 -11.089224 -0.980425 2.365680 7.808008 -9.869734 -0.529600 -2.338503 8.065317 0.032555 -2.550019 -5.851715 16.677103 7.417111 4.620639 14.413145 -11.497610 13.860003 -18.580687 -13.381076 13.127897 20.129395
7.103911 -3.267226 5.148025 12.641872 -8.944621 -7.842090 11.466163 37.304230 20.432924 -3.197950 -0.285036 3.512078 9.094467 -11.403504 -4.952513 -4.519646 6.850260 -5.620134 0.183360 1.456330 21.556005 11.038965 4.820431 2.294933 -11.585119 21.633217 -16.674587 4.176457 8.081984 10.714877
1.052538 3.072909 5.701094 13.236624 2.680865 -11.978986 10.520861 28.689062 24.374041 -1.126149 0.472505 8.283123 4.992094 -10.997692 -6.210754 -3.363863 7.993665 -4.632135 0.073958 3.570436 15.575286 8.298109 3.093010 -2.423088 -9.368317 23.844755 -14.685165 12.127496 -0.521128 17.094847
-3.693682 8.738407 7.066175 13.218615 9.147265 -12.203046 13.731323 22.167933 25.973547 0.883649 0.666259 11.896248 1.702999 -10.260997 -7.093028 -4.425160 7.352787 -3.646408 0.905483 2.698734 5.886136 7.661621 0.200910 -5.021372 -8.086506 27.632780 -18.746275 9.563190 -5.186378 16.272602
-3.715121 9.200060 6.694548 12.891357 10.235439 -13.124381 13.658256 21.701307 26.380705 1.038418 0.724733 11.922979 1.711424 -10.103006 -7.174003 -4.470930 7.355062 -3.778235 0.861990 2.737648 5.561391 7.597194 0.187221 -5.072472 -8.044706 27.764006 -18.576488 9.284006 -5.004566 16.167955
-3.318630 8.422293 6.262920 12.821548 9.331579 -12.486535 13.525599 22.045343 26.821772 0.647791 0.744154 11.861095 1.774198 -9.964227 -6.948440 -4.499231 7.432010 -3.580166 0.912071 2.744343 5.322726 7.702253 0.189146 -4.867496 -8.227378 27.926867 -18.953552 8.773768 -4.660252 15.782537
-2.753616 7.637125 6.747406 12.371173 9.367824 -12.854730 12.849061 22.514036 26.845083 1.127349 0.541059 11.317720 2.139414 -10.139018 -6.674385 -4.478810 7.227236 -3.188917 1.051470 2.646093 5.862676 7.141520 0.133974 -4.758192 -8.082994 27.497400 -18.590927 9.541415 -4.774692 16.347107
-2.462578 6.993659 7.929912 11.127678 7.102180 -12.399669 10.342393 23.725159 26.389414 1.114330 0.446620 10.562434 2.603839 -10.591276 -6.540284 -4.538783 7.898962 -2.927517 0.762929 2.691070 7.907054 6.393707 0.079576 -3.537079 -8.069208 26.485109 -18.364986 10.656542 -4.528214 17.470640
-1.333490 5.999734 7.974641 11.402126 5.240502 -9.866799 8.064193 24.872465 26.112066 -0.161882 0.718341 10.700628 2.602816 -10.406023 -6.494532 -4.326502 7.756845 -3.206965 0.619671 2.589962 8.400331 6.639053 0.524060 -3.444635 -8.527274 25.972942 -18.425081 11.239253 -5.120318 17.677994
1.113389 5.034764 6.149535 10.476768 3.968396 -9.264041 9.744620 27.075371 26.018303 1.351028 0.615507 10.399768 3.014509 -10.649549 -6.907060 -4.386082 7.198616 -3.370602 0.460724 2.669367 11.167065 6.001160 2.550663 -4.219039 -10.211107 23.922899 -14.541843 10.704655 -2.945519 16.598610
0.780502 5.887469 5.805052 11.697786 1.654553 -11.339915 9.686235 27.314207 23.814039 -0.369508 0.350950 8.836011 3.871679 -11.222688 -6.251230 -3.345175 7.520039 -3.903594 0.362168 3.502593 14.196942 6.659179 3.382766 -4.258878 -9.630545 23.949852 -14.015603 10.532363 -2.408737 15.704515
1.270866 5.499850 4.919439 11.629835 3.511529 -11.733320 10.610217 27.368755 23.012854 -0.496365 0.355864 8.857626 4.045965 -11.496725 -6.071459 -3.520264 6.983786 -3.433677 0.930657 3.342014 13.967293 6.033583 3.982967 -2.511933 -10.010925 23.967886 -13.044248 10.819037 -1.554614 14.837249
1.909200 5.283773 4.671426 11.363058 4.942497 -10.809321 11.769252 27.867636 22.724760 0.713608 0.050568 9.733414 4.023403 -11.657536 -6.033197 -4.221858 6.405406 -3.479517 1.602116 2.685313 11.730889 6.557027 3.644746 -1.980623 -8.844357 25.412889 -14.126348 11.127828 -3.287128 15.170584
0.639006 6.433247 3.735597 11.455252 9.392683 -11.861978 15.068103 26.165510 23.986519 1.576333 0.212671 10.532993 3.401312 -11.720481 -6.122846 -4.130054 5.442518 -3.442542 2.056971 2.680147 10.422189 5.170547 2.821662 -3.244795 -7.544225 25.985666 -13.425831 10.068204 -3.843700 13.616318
0.960812 6.938844 2.236658 11.634656 10.258351 -12.376138 18.388725 26.648962 23.619471 2.275900 -0.262447 10.703898 3.048651 -12.197319 -5.939398 -4.344519 4.921082 -3.460671 2.822833 2.691186 9.039954 4.982699 3.062913 -3.574304 -7.716877 26.829302 -13.731421 7.605305 -2.213056 11.348053
0.139314 7.819866 1.852003 11.408233 10.833902 -13.338359 19.964985 26.430021 21.424994 1.830155 -0.165634 10.600420 3.349557 -12.622887 -5.521495 -4.578503 4.111917 -3.578377 3.326919 2.843076 8.909390 3.982567 4.017901 -2.704789 -7.657925 26.912954 -12.624101 5.108230 -1.459002 9.561027
-0.661534 8.414404 1.454607 11.302087 10.712163 -13.896028 20.547245 25.949839 19.379227 0.994991 -0.126570 10.639197 3.645835 -12.661706 -4.975881 -4.708916 3.329734 -3.628440 3.464731 2.511398 8.831273 3.540575 4.115631 -2.519168 -7.542998 27.061842 -12.814074 3.763419 -1.811064 8.601918
-1.203866 8.630304 1.294602 11.314130 10.134490 -13.685176 20.954691 25.570490 18.037340 -0.455575 -0.320821 10.664897 3.638136 -13.047193 -4.647355 -4.764965 2.822397 -3.392485 3.875197 2.203331 9.095178 3.903168 5.290567 -1.557226 -7.682312 27.272928 -12.386495 0.947240 -0.498166 6.024211
-0.984573 9.873063 0.860176 10.363674 10.228703 -12.979024 21.390331 25.796850 16.944990 -0.487953 -0.479387 10.228733 3.517799 -13.064463 -4.370121 -5.299167 2.477846 -3.217833 4.130864 1.553131 8.447022 4.336957 6.176530 -0.456461 -8.686218 27.561438 -12.006043 -0.285251 -0.182874 5.037656
-0.075116 12.310817 -0.254887 9.557074 10.202657 -13.233556 20.859072 25.430014 16.874792 0.231529 -0.589839 9.782819 3.681802 -12.990646 -4.219532 -5.739824 2.078639 -3.280290 4.145120 0.633405 7.493677 3.748935 6.183838 0.437737 -8.878290 26.895981 -10.412091 -1.639316 0.368234 6.434293
-0.088128 12.886235 -0.591445 9.241608 10.277179 -13.272026 21.027916 24.774839 16.956160 0.094409 -0.667379 9.095678 3.570875 -12.874167 -3.568358 -5.656142 1.918711 -3.076397 3.893978 0.231289 6.980513 3.283638 6.725906 0.899461 -9.002035 26.400999 -8.701069 -2.473061 0.945034 7.397014
-0.578663 13.177023 -0.503815 9.207460 10.819258 -13.157825 21.331852 23.881355 16.979841 0.014394 -0.919916 9.151892 3.904833 -12.696872 -3.634994 -6.145813 1.999967 -2.923818 4.009015 -0.030439 6.330060 3.006645 6.813777 0.672692 -9.064898 26.418325 -8.097658 -2.416011 0.569532 7.750837
-0.407849 13.361334 -0.268351 9.218067 11.288074 -13.012844 20.939663 23.752857 16.838034 0.312230 -1.049974 8.833220 3.967894 -12.639674 -3.351551 -6.300163 1.931420 -2.581478 4.175409 -0.084694 6.145088 2.708545 6.761615 0.520513 -9.097666 26.202772 -8.247926 -2.235641 0.447151 7.973850
-0.457938 13.341145 -0.152524 9.256170 11.065866 -13.250844 21.311773 23.640387 17.249451 0.498625 -1.076560 8.663317 3.748592 -12.643135 -3.316048 -6.496521 2.038488 -2.489788 4.250332 -0.149062 5.969981 2.679418 6.705743 0.360378 -9.161871 26.243605 -8.083025 -1.942451 0.465130 7.687210
-0.231897 13.487904 -0.216677 9.253901 10.716290 -13.322119 21.287815 23.476557 17.351961 0.524824 -0.948445 8.302217 3.520689 -12.787256 -2.970589 -5.991566 2.057604 -2.402042 4.098949 -0.010331 6.294726 2.623930 6.763372 0.499382 -9.176385 26.074497 -8.185591 -1.787629 0.471730 7.502476
0.189508 13.527184 -0.257773 9.369163 10.424626 -13.297475 20.611938 23.450254 17.114222 0.340714 -0.958323 8.457789 3.649590 -12.566045 -3.095885 -6.320594 2.213505 -2.191385 4.135369 -0.134184 6.179205 2.609580 6.618789 0.693106 -9.214867 25.877825 -8.365823 -1.645880 0.326100 7.798058
0.465876 13.456972 -0.364899 9.425777 10.441012 -13.088020 20.594820 23.459341 17.140055 0.307876 -1.029656 8.391832 3.514130 -12.434302 -3.125886 -6.508754 2.323965 -2.218874 4.117798 -0.281520 6.309828 2.557785 6.496944 0.610789 -8.972517 25.662064 -8.445405 -1.829952 0.331479 8.115536
