-3.932297 27.476273 -9.507117 11.088360 1.417570 -11.835464 4.112797 5.374217 9.326560 -20.666605 -3.560508 6.307312 -0.525318 -9.676610 9.840272 0.022331 -1.826358 -0.183910 -4.992408 -6.133866 -2.963167 15.396633 -13.018974 15.105511 -15.075755 19.046198 9.786132 -13.402555 -0.008256 9.247802
-4.481087 27.407291 -9.580889 11.071733 0.989195 -12.381901 4.739968 5.227029 9.916409 -20.981722 -3.566637 6.366513 -0.538143 -9.666882 9.834892 0.024696 -1.857449 -0.194048 -4.987562 -6.130071 -2.910757 15.516303 -13.431186 15.091655 -15.073715 19.068838 9.945266 -13.415504 -0.011305 9.111602
-5.393545 8.346813 -13.595170 4.746570 -5.717541 1.080435 2.402026 7.596766 12.335280 -32.250393 -0.195556 7.586589 3.089766 -5.752875 10.528048 0.104916 -4.634787 -3.528307 -6.043257 0.033953 11.414604 12.714941 -12.122569 20.568203 -8.539459 9.701567 13.648265 -0.160547 -15.274482 5.160791
-7.160871 0.893852 -10.636871 0.307019 1.598348 8.605309 4.140961 9.635142 17.911331 -28.318541 4.911736 7.341146 2.298646 -5.153469 6.637180 0.467714 -3.951045 -3.860425 -4.679833 1.529022 10.211938 9.738742 -15.258003 18.851479 -6.682527 5.631477 7.145799 1.879701 -21.213497 1.892466
-5.504093 2.178173 -13.965279 0.194381 -1.006425 4.166388 2.884449 9.821095 18.006430 -27.528599 3.584395 6.107481 2.608295 -5.066684 7.734781 -0.392353 -5.384929 -3.278127 -4.901441 0.679121 11.353485 11.702771 -15.423606 19.581553 -7.564746 6.538326 11.870410 1.012746 -19.522362 0.832279
-4.997025 4.243748 -16.514534 1.045532 -1.965183 -1.190840 -1.247437 6.920516 15.025823 -31.912107 0.881666 6.390315 2.545677 -4.121233 9.809219 -1.498312 -6.449212 -4.256981 -6.192538 0.182763 10.514871 12.105957 -12.964046 19.419842 -7.342267 7.229690 14.681844 -1.089852 -18.242540 -0.688361
-5.431696 4.439724 -18.009647 0.619467 -2.492377 -3.581213 -3.054901 5.746009 13.900806 -33.237198 0.316437 6.205569 2.280641 -3.393729 10.239061 -2.302704 -6.748510 -4.558470 -6.592496 -0.315546 8.906735 11.139587 -11.137214 17.810541 -7.451725 7.276488 16.270412 -2.834769 -17.635923 -1.411201
-5.283703 4.227057 -19.295940 -0.511315 -1.973163 -5.031298 -5.790328 5.418844 14.400967 -32.794422 0.117576 5.920246 1.980560 -3.125834 10.034597 -2.768223 -7.260354 -4.345656 -6.682645 -0.552486 8.354011 10.582741 -9.593805 16.677738 -8.291281 6.314841 16.687639 -4.276769 -17.605833 -2.660131
-4.473414 3.829777 -20.316553 -1.827542 -1.265883 -5.700961 -8.414385 5.805434 14.274611 -32.967960 -0.082066 5.625368 1.867520 -2.616953 9.771679 -3.504760 -7.750479 -4.286841 -6.619078 -1.074905 7.984120 10.897083 -8.246310 16.080032 -8.549783 5.571689 16.504995 -5.483996 -17.539907 -4.019513
-3.918008 3.442679 -21.811872 -2.234061 0.387189 -7.323665 -10.050014 5.747392 13.919200 -32.629604 -0.141224 5.880923 1.630716 -2.082400 9.364155 -4.080493 -8.109486 -4.496262 -6.606595 -1.935221 7.459007 11.319490 -5.931779 15.078759 -8.442775 5.499144 15.358836 -6.692653 -17.837618 -5.972859
-4.298343 2.956983 -22.313551 -1.925499 2.617092 -8.820878 -11.467342 5.802299 13.441751 -32.233200 -0.007270 5.989954 1.721360 -1.450264 9.088805 -4.350379 -8.079992 -4.612956 -6.987987 -2.315412 6.435882 11.881340 -4.567919 13.941932 -8.699137 5.364187 14.495769 -7.818454 -18.049166 -7.675297
-5.400084 2.839517 -22.749826 -1.873054 3.624547 -10.317697 -12.870097 6.063689 12.983263 -31.533926 0.164107 6.062125 1.901144 -0.785863 8.951947 -4.549307 -7.744967 -4.482849 -7.496680 -2.874188 4.872675 11.144423 -3.657119 13.506400 -8.896898 4.625715 13.913486 -9.646260 -17.991556 -8.350622
-6.480717 3.805826 -22.710850 -2.268483 4.330668 -11.615186 -13.984256 6.570104 11.521761 -30.091585 0.364219 5.845204 2.521969 -0.157097 9.226150 -4.427778 -7.157018 -4.208089 -8.032810 -3.237023 2.189980 10.014754 -3.434702 13.395778 -8.990453 4.070009 14.099793 -11.844981 -17.311699 -8.024014
-6.950585 5.482142 -22.193502 -2.723372 5.523630 -12.103827 -15.856621 6.858696 10.577332 -29.392815 0.666630 5.762455 3.871906 0.224535 9.698528 -3.893774 -6.499879 -3.733101 -8.691426 -3.131155 -0.087368 8.357409 -2.556426 14.362109 -8.969227 4.501246 14.296434 -14.164808 -16.103771 -7.034472
-6.950628 7.282953 -21.199028 -3.370915 4.850060 -12.249388 -18.338413 7.554288 10.140622 -28.512712 0.912044 5.834520 5.325790 0.404355 9.980204 -2.760880 -5.704546 -3.191493 -9.560969 -2.985308 -1.475309 6.180951 -1.248454 14.266819 -9.202349 5.728526 13.949606 -16.391462 -13.958858 -6.978311
-7.138520 10.116276 -19.948351 -3.403145 5.154592 -12.381389 -20.018957 8.281350 10.273980 -27.279282 1.038345 5.760647 6.553133 0.218647 10.120382 -1.645697 -5.180829 -3.186414 -10.199864 -2.279940 -1.864782 4.404251 -0.373898 14.908832 -9.462839 6.566874 12.838439 -18.774874 -11.637806 -7.904015
-6.551367 11.748325 -18.055571 -3.705304 4.897437 -12.034982 -20.849951 9.563107 9.499366 -27.170538 0.978792 5.233160 7.265321 -0.108240 10.476371 -0.848725 -4.666574 -2.966420 -10.481971 -1.698874 -1.693413 2.466544 0.171765 15.332185 -10.099300 7.063239 11.348226 -20.918917 -9.516796 -8.047846
-6.038024 11.640030 -17.290636 -4.266615 5.271269 -12.795254 -20.232283 10.684817 9.346787 -27.893015 0.948567 5.216714 7.785631 -0.113124 10.567660 -0.883897 -4.619605 -2.832196 -10.563608 -1.732407 -1.535496 2.067339 -0.473736 15.947148 -9.768236 6.889266 12.382972 -20.313601 -9.532825 -6.636926
-6.081884 10.836802 -16.984678 -4.483907 4.968607 -12.992312 -19.754955 11.268888 9.195105 -28.373835 0.897076 5.174804 7.906890 -0.136078 10.542064 -0.976311 -4.643699 -2.793412 -10.559407 -1.790449 -1.478215 2.150976 -1.180926 15.740843 -9.702413 6.620075 13.157081 -19.564032 -9.838543 -5.738190
-6.440402 10.482459 -16.855005 -4.924023 4.787964 -13.778753 -19.606680 11.579732 9.471654 -28.495584 0.851503 5.101529 7.972064 -0.156255 10.637808 -0.978038 -4.635509 -2.785142 -10.557776 -1.757699 -1.188049 2.129607 -1.818353 16.128664 -9.715427 6.490143 13.507203 -19.187141 -9.858101 -5.376401
-6.735491 10.094090 -16.723764 -5.110587 4.727097 -14.144286 -19.405262 11.900050 9.620094 -28.517542 0.825874 4.969836 8.047504 -0.143753 10.786715 -0.983784 -4.644486 -2.733127 -10.593268 -1.767031 -0.872642 2.189485 -2.333057 16.308985 -9.625403 6.335466 13.916905 -18.811125 -9.963224 -5.128107
-7.123882 9.425501 -16.575056 -5.207245 4.539900 -14.627357 -19.335747 12.147771 9.736940 -28.668892 0.716878 4.899951 7.980739 -0.244656 10.832516 -1.098691 -4.667751 -2.779433 -10.460239 -1.676220 -0.571118 2.264781 -2.899679 16.415962 -9.605220 6.219347 13.927425 -18.683638 -10.027645 -5.235039
-8.647843 6.650687 -17.803591 -4.964432 4.944112 -15.384911 -17.823690 10.523446 10.566165 -28.825651 0.905420 4.934660 6.113947 -0.194293 11.074059 -1.349290 -5.034521 -3.039066 -9.966357 -1.917659 0.297766 3.203819 -4.287747 16.024832 -8.967225 5.691271 13.944655 -15.798838 -12.446983 -7.049884
-8.801204 5.505628 -18.545723 -3.401769 5.110202 -14.535640 -16.660938 9.183083 11.503229 -29.199732 0.914064 4.977086 5.229041 -0.277812 10.977394 -1.784822 -5.313271 -3.256765 -9.521208 -1.996989 -0.169641 5.042255 -4.654253 14.908196 -9.322830 5.636128 13.098637 -15.462296 -13.560390 -9.149962
-15.635301 -3.042037 -12.528971 -0.597232 9.226593 7.805642 -12.889071 6.854488 18.985121 -23.363140 7.949748 6.299603 0.733319 -1.179892 4.622248 -0.615122 -2.868417 -4.756656 -7.338154 -0.131554 -3.101818 7.029899 -6.684212 10.289542 -9.335119 3.796662 -1.567517 -4.529064 -25.371866 -4.937656
-12.750793 -1.563887 -15.996196 1.012119 10.645355 2.956340 -12.034267 6.220982 17.666719 -24.397154 6.740071 6.085160 0.832421 -0.936896 5.518018 -1.357933 -3.970599 -4.487078 -7.274646 -0.918445 -2.761743 7.340146 -4.976659 9.605424 -9.153910 4.578001 1.741832 -6.031680 -24.047424 -5.493726
-15.247038 -7.104316 -10.463208 0.102518 10.047233 17.052584 -12.227741 6.465899 19.467419 -22.690218 8.851104 6.739463 -1.162677 -1.816172 2.787659 -1.286413 -2.544775 -5.873437 -6.287957 0.227570 -2.408531 5.974572 -4.295543 10.673915 -9.628922 1.529237 -5.262073 -0.091978 -27.450323 -1.446536
-13.442878 -5.998969 -13.020524 -0.568607 9.709789 13.474974 -11.472281 8.377349 18.993818 -22.962446 8.120364 5.622848 -0.563797 -2.024965 3.315615 -2.107744 -3.153059 -5.781110 -6.183267 0.121539 0.153944 7.241244 -4.359385 10.367929 -8.902428 2.076666 -4.816710 -2.243500 -26.970478 -3.971425
-9.198787 -5.172129 -15.807347 0.359804 10.809690 7.354748 -11.161723 8.894865 17.579123 -25.261335 6.752258 5.534659 -0.271151 -2.100058 4.330001 -2.441676 -4.811012 -5.450298 -5.981617 -0.374387 1.969430 9.275694 -1.540623 8.761498 -8.377113 4.011167 -1.654787 -2.621205 -26.726564 -5.227612
-5.902119 -5.193658 -17.443106 1.481900 10.957395 5.173189 -10.670744 9.150836 15.830796 -25.905027 5.861650 5.119995 -0.334643 -2.253528 4.902462 -2.723622 -5.792774 -5.409541 -5.844365 -0.614675 3.949257 9.585816 0.315781 7.956995 -7.986005 5.464251 0.456244 -1.676790 -25.758268 -5.517935
-0.679026 -3.250237 -19.337523 0.526838 9.971472 0.946707 -10.308997 9.927471 14.002542 -27.766006 4.087213 4.187168 0.418639 -2.583597 7.040999 -2.692309 -7.515726 -4.705796 -5.800212 -1.341092 6.809328 10.719660 2.199538 8.525128 -7.998348 7.170009 5.437024 -0.652700 -23.994890 -5.482710
1.843832 -1.844454 -19.605066 4.424544 8.171249 -0.650013 -10.890393 8.434180 9.082919 -32.736294 1.000017 4.570527 0.290219 -2.947896 9.609410 -2.524674 -8.352890 -5.199576 -6.595743 -0.899394 8.748315 9.846088 4.293479 9.224668 -7.810287 8.026889 9.273408 0.361303 -22.302450 -3.044897
3.573978 -1.568711 -18.319172 6.759532 7.629606 1.168430 -10.875547 9.074861 6.241698 -35.044456 0.639899 4.303050 0.282688 -3.480197 10.616600 -1.667476 -8.226398 -5.108880 -7.189005 -0.060260 9.955541 7.714423 4.213165 10.098316 -7.715973 7.841651 11.652363 2.090254 -21.652744 1.027285
5.122746 -1.254819 -17.237677 9.074587 8.297372 3.858634 -9.742749 9.877810 3.473359 -34.353191 0.966903 4.438564 0.019430 -4.175045 11.203024 -0.421109 -7.895864 -4.836772 -7.328650 0.352431 11.192828 4.793429 5.271975 11.648659 -7.173835 8.247261 12.359113 2.887884 -20.492405 3.710440
7.341875 0.800338 -15.636471 11.234816 10.264400 7.095629 -8.116870 9.934590 -0.983912 -33.914951 1.095816 4.095025 -0.360691 -5.040282 12.176476 0.964756 -7.810713 -4.894626 -7.398083 1.068817 14.084525 3.694760 7.131823 14.506873 -6.570502 7.446905 12.943788 4.117876 -18.579424 5.852319
9.472372 2.914110 -14.819290 11.561977 10.434382 9.602226 -9.024555 10.491567 -5.321970 -33.172554 1.036866 3.842226 -0.276326 -5.652997 12.955471 1.812245 -7.610195 -4.973860 -7.201718 1.040009 14.801557 1.138341 11.092929 17.601362 -5.988092 7.187685 11.498836 2.529557 -16.335453 8.244962
11.883455 5.457207 -13.696309 11.963668 11.814404 12.381874 -9.325807 10.811149 -9.820548 -32.630020 0.702385 3.564556 0.217915 -6.592787 13.275503 2.439770 -7.393403 -4.946947 -6.860373 1.343017 15.485678 -0.309115 13.869139 19.245907 -5.942117 8.727055 9.771516 2.094488 -14.042257 8.908940
14.313505 8.702145 -11.690206 9.578114 13.284191 13.387439 -7.787365 10.486035 -14.097607 -32.549824 0.791705 3.595547 1.213569 -7.118533 14.514656 3.397180 -6.844378 -6.104465 -5.999650 1.719588 13.540216 -2.069047 16.391794 19.828024 -4.478319 12.064821 8.293756 2.276382 -13.444361 8.685086
15.363334 10.810637 -9.543910 6.177485 14.562262 12.882001 -6.641994 10.520629 -16.388590 -32.734619 1.121598 4.141299 1.710927 -7.060192 15.004230 3.793643 -6.283556 -6.767904 -5.636926 1.618667 12.697104 -3.129184 18.639109 19.645473 -3.257135 13.661256 7.556487 2.775787 -13.562592 8.123107
15.550952 10.730710 -9.240050 6.413470 15.010681 13.001008 -6.353574 10.596280 -16.476929 -33.129265 1.028640 4.091517 1.765869 -7.094919 15.219312 3.847451 -6.138286 -6.951177 -5.513267 1.770130 12.864191 -2.548169 18.178877 19.817966 -3.049680 14.027258 7.431596 3.164579 -13.631085 7.623692
