-0.668314 29.210245 -13.404416 19.698378 3.825115 3.387807 -8.872272 3.911341 -10.560884 -11.717433 3.707141 -1.294668 -0.258099 -11.361867 0.659139 -0.055355 -5.331521 7.654145 -4.900931 -5.596942 -3.017708 15.440348 -13.480309 15.182485 -15.049973 19.026855 9.966640 -13.311650 -0.091171 9.110774
-0.710974 29.212147 -13.406586 19.807114 3.758355 3.368189 -8.953298 3.834778 -10.719029 -11.983095 3.738876 -1.303466 -0.276978 -11.367926 0.601864 -0.052369 -5.367236 7.659101 -4.929865 -5.566497 -3.026399 15.493700 -13.467248 15.161994 -15.081211 19.056334 9.915635 -13.334421 -0.056470 9.085109
-10.093230 26.440359 -0.494094 15.749314 12.042738 13.564445 -4.262066 4.658959 -3.393978 -5.247544 5.426653 1.083771 -4.069307 -10.506180 -2.381149 0.332855 -0.857777 5.828198 -6.705699 -2.286697 -8.836041 9.441006 -21.896357 13.079480 -13.889677 14.676084 -1.846369 -9.993560 -6.514574 11.661716
-11.876927 26.406067 2.613090 16.418489 11.521579 12.400472 -5.127978 4.384292 -2.838726 -5.045365 4.840606 0.920860 -5.217811 -10.632858 -2.708938 0.507199 0.632664 6.491776 -6.847356 -1.974970 -8.749990 8.284593 -23.867569 11.502032 -13.865335 14.912715 -2.510990 -7.301040 -6.208838 14.100312
-13.040920 25.611351 5.058694 17.569662 12.177498 11.949561 -5.047471 4.895627 -2.531496 -4.605188 5.217155 1.584712 -5.985580 -10.292473 -2.391971 1.306118 1.561986 7.546584 -7.188371 -1.571384 -7.350755 6.879581 -25.621397 10.459804 -13.399267 14.816194 -3.306979 -4.867197 -5.770177 16.821489
-14.842669 24.645451 7.539774 17.452406 12.285557 11.276021 -5.973550 4.719255 -3.520201 -4.492491 5.314111 1.419006 -6.928608 -9.752679 -2.374998 1.037802 2.461669 8.330056 -7.203831 -1.312484 -6.592747 4.417072 -27.497021 10.474170 -12.670137 13.465041 -4.775306 -4.092760 -5.443311 18.387358
-18.282173 25.260338 10.161368 16.167055 10.616991 8.689580 -8.231474 2.519800 -6.142444 -5.519434 5.508877 1.254116 -8.136149 -9.254370 -2.452110 0.752544 3.431719 9.250466 -6.420460 -0.909664 -6.921553 1.189908 -30.321856 10.582126 -12.272649 11.587944 -5.455305 -3.222921 -5.206782 18.260464
-20.425573 24.961489 12.505751 10.054003 7.766426 7.077110 -11.369662 3.423101 -6.383692 -2.929421 5.805973 1.016077 -9.267614 -7.653288 0.113093 0.206048 5.102982 9.031681 -4.503580 -2.051069 -7.216711 -6.129058 -26.281290 9.249776 -10.389140 9.217909 -4.290361 -1.847725 -5.567554 20.086330
-22.293066 26.322392 15.241393 9.132597 7.434855 3.119128 -13.840080 4.152269 -7.155913 -1.107978 5.477174 0.078336 -10.121240 -7.387528 -0.020065 -0.678472 5.986734 9.893084 -3.740514 -1.681754 -7.916667 -7.533680 -26.112871 6.728383 -9.745442 9.406940 -5.461431 -0.209629 -5.513833 21.546831
-22.002041 25.607044 16.444357 9.409550 5.817909 -0.048460 -14.537406 5.913147 -6.930743 -0.607424 4.684391 -0.301811 -9.803071 -7.307925 -0.704899 -1.762870 6.826088 10.069314 -3.002448 -1.342830 -7.313290 -8.494558 -25.732285 5.044048 -9.337350 9.834212 -6.864922 2.352714 -5.997245 22.209291
-21.305946 24.304411 17.358688 11.984691 3.128290 -0.961852 -13.877751 6.660995 -7.868751 -2.344139 5.078257 -0.180284 -9.134683 -7.896541 -1.247745 -0.900533 7.861557 10.018049 -3.483026 -0.339351 -5.169548 -7.051342 -25.418577 5.485407 -10.691972 10.400626 -7.528341 5.198157 -4.915307 23.550251
-22.621155 21.625105 18.066641 15.395817 0.802447 1.047788 -11.931258 7.568895 -7.518085 -7.879086 5.506950 0.438606 -7.324375 -8.035971 -1.730479 0.303552 8.552702 9.960211 -4.803894 0.884106 -2.501124 -3.626049 -23.089806 7.616757 -13.300119 9.745008 -12.430864 5.918935 -4.482097 23.977163
-22.925446 19.725189 18.858295 16.313118 -0.155755 2.456815 -11.285460 7.943298 -7.948800 -11.914692 5.450687 0.368274 -4.704429 -8.798807 -3.005374 1.210639 8.475393 10.539700 -6.414052 2.589478 0.432116 -0.673805 -21.050711 8.804435 -15.152315 9.864104 -16.491873 4.610509 -3.650553 23.011292
-23.412441 18.819031 19.191679 17.129004 -0.212574 2.869543 -10.497520 7.614277 -7.993561 -13.919928 5.608966 0.583951 -3.905228 -8.914011 -3.377842 1.450661 8.557125 10.719627 -6.743007 3.041519 1.157872 0.492710 -21.219486 9.050078 -15.848179 10.028784 -17.831068 3.805080 -3.127783 22.239697
-23.692169 18.563354 19.281487 17.427671 -0.239303 2.879710 -10.277584 7.430000 -8.049173 -14.418327 5.672288 0.444314 -3.764797 -8.952211 -3.532369 1.478464 8.422434 10.750444 -6.873194 3.291416 1.085952 0.699715 -21.187181 9.136348 -15.951895 10.259188 -18.098623 3.318134 -2.931696 22.068855
-23.731405 18.416721 19.281141 17.511337 -0.226238 2.844915 -10.209081 7.463624 -8.044019 -14.539045 5.743178 0.417916 -3.721443 -8.929431 -3.497653 1.555042 8.437412 10.787800 -6.929686 3.367609 1.175853 0.774802 -21.269444 9.074555 -15.926437 10.288012 -18.175573 3.433494 -2.991018 21.945215
-23.681988 18.460239 19.329294 17.486818 -0.149207 2.967964 -10.251169 7.551596 -8.035111 -14.476427 5.735291 0.429226 -3.734533 -8.959747 -3.504763 1.545473 8.450279 10.794189 -6.928079 3.353705 1.172306 0.767783 -21.432209 9.092057 -15.948911 10.239651 -18.124029 3.383407 -2.961461 21.965918
-23.718422 18.454191 19.334448 17.493391 -0.104171 2.898915 -10.256678 7.550076 -7.979687 -14.489648 5.737873 0.412553 -3.753381 -8.968552 -3.515623 1.542257 8.438074 10.787014 -6.936999 3.376433 1.176923 0.761740 -21.435272 9.105236 -15.954823 10.245677 -18.154493 3.378210 -2.954875 21.937012
-23.727985 18.456333 19.318441 17.497087 -0.118536 2.909613 -10.250540 7.539810 -7.982069 -14.480510 5.742429 0.413652 -3.732877 -8.949314 -3.498519 1.553967 8.446627 10.784199 -6.941795 3.371332 1.172251 0.775134 -21.431046 9.107810 -15.922741 10.233977 -18.130163 3.395690 -3.000279 21.932545
-23.750587 18.437752 19.330313 17.481441 -0.128552 2.944047 -10.284863 7.532534 -7.981890 -14.492128 5.749518 0.413348 -3.743667 -8.955603 -3.505809 1.557582 8.449514 10.794863 -6.932223 3.357929 1.139460 0.829682 -21.409395 9.136148 -15.942793 10.248556 -18.139830 3.423886 -3.063920 21.913498
-23.759253 18.449226 19.316139 17.473707 -0.092798 2.939703 -10.289802 7.526689 -8.011908 -14.499624 5.762846 0.432941 -3.760223 -8.950912 -3.498645 1.564790 8.462513 10.810866 -6.945239 3.353451 1.137037 0.873319 -21.419983 9.109933 -15.957387 10.252930 -18.170279 3.512672 -3.152622 21.931656
-23.752874 18.436152 19.306082 17.467617 -0.096796 2.944845 -10.281672 7.517501 -8.010882 -14.515298 5.757744 0.435123 -3.737873 -8.948008 -3.502414 1.558452 8.467300 10.807067 -6.944227 3.356207 1.146640 0.865775 -21.417067 9.110888 -15.964133 10.249662 -18.172483 3.511710 -3.136118 21.951408
-25.462036 12.938690 17.918163 19.065958 3.671724 -1.839779 -9.922310 5.491808 -8.271547 -16.533041 6.674409 -0.187581 -3.311203 -6.787569 -2.943182 0.997381 8.922235 10.402491 -7.280844 4.569990 0.032058 -1.378641 -20.106512 7.319036 -15.596926 11.288633 -18.511015 2.103671 -0.794502 14.540726
-25.355204 13.005568 18.021553 18.284006 3.659110 -0.857032 -9.643352 5.222837 -8.321976 -17.036306 6.767856 -0.092557 -3.403162 -6.698157 -2.863423 1.083477 8.737602 10.359881 -7.342313 4.351077 -0.343881 -1.652991 -19.613840 6.940318 -15.972396 11.259990 -18.329859 1.909452 -0.808091 14.751367
-25.123417 13.081534 17.962072 17.936769 3.526254 -0.006543 -9.429097 4.886537 -8.203835 -17.192120 6.895063 -0.022416 -3.280152 -6.580298 -2.706721 1.169666 8.702435 10.471897 -7.325864 4.304095 -0.618842 -1.344128 -20.039816 7.147076 -15.640991 10.983744 -17.991402 2.146681 -1.592859 14.737827
-25.080606 11.287886 17.854677 18.967821 4.441994 -1.720686 -9.168805 4.988986 -8.273047 -17.223900 6.782778 -0.118819 -3.497784 -6.288742 -2.775393 0.827387 8.818817 10.407319 -7.271561 4.699503 -0.386099 -2.308451 -20.138638 6.467101 -15.008444 10.962120 -18.177290 2.193306 -1.073115 12.900347
-24.972679 10.075592 16.875614 19.116566 4.802453 -2.347472 -8.570954 4.791655 -8.505966 -18.163513 7.079236 -0.184020 -3.222991 -5.911861 -2.783671 0.665559 8.756519 10.161510 -7.396049 4.916949 -0.471292 -2.341334 -19.211981 6.412052 -15.107218 11.259338 -19.019258 1.017829 -0.711928 11.041664
-25.004383 10.354219 16.863380 19.053392 4.763754 -2.027439 -8.568314 4.749443 -8.494590 -18.164848 7.132662 -0.059034 -3.143631 -5.999952 -2.707754 0.845297 8.678356 10.139051 -7.464439 4.813037 -0.591831 -2.299163 -19.169235 6.574605 -15.253126 11.253083 -19.107821 0.674342 -0.632848 10.985238
-25.299423 10.694680 17.602476 19.165342 4.915351 -1.709268 -9.023829 4.981766 -8.536614 -17.703279 6.883386 -0.304503 -3.313993 -6.010297 -2.675699 0.607111 8.820726 10.371132 -7.241284 4.755863 -0.295226 -2.375429 -19.797869 6.524468 -15.095877 10.967930 -18.916512 1.305815 -1.007772 11.594680
-24.154966 7.797342 16.060617 19.617929 6.765470 -4.799841 -8.799894 7.218507 -7.634283 -15.177155 7.263788 0.239238 -4.066151 -5.058634 -1.882247 0.119758 10.310749 9.037248 -6.218167 4.498123 0.230701 -4.332344 -19.169046 4.506697 -14.469843 12.534092 -19.099974 1.975933 -0.092280 8.458439
-24.020988 4.854182 14.717801 17.998682 8.053785 -6.588108 -9.131509 10.769435 -3.130466 -8.855702 7.837808 0.583649 -5.232781 -4.051659 -2.013082 -0.641950 11.374460 7.906544 -5.396929 3.801544 -0.460333 -7.159362 -18.821953 3.548591 -12.023897 14.228468 -18.050215 3.473102 -0.629868 6.274738
-24.829784 4.491405 15.004422 14.685841 7.030227 -6.239006 -9.514495 11.012197 -1.883283 -6.020635 7.568923 0.115953 -5.385965 -3.331012 -1.389756 -1.530510 11.814228 7.611492 -4.968072 3.160798 -0.497137 -8.939999 -19.544771 3.816392 -11.208681 13.593184 -16.820671 4.557486 -1.119590 6.113200
-24.720066 4.227866 14.808334 14.088636 7.082506 -6.192066 -9.616647 11.454922 -1.190775 -5.059313 7.601770 0.171660 -5.248456 -3.259147 -1.263746 -1.518430 11.808273 7.515947 -4.865725 3.162522 -0.316347 -9.348977 -19.785992 4.013378 -11.250399 13.633078 -16.650208 4.637592 -0.894309 5.637525
-24.928795 4.592623 15.033846 13.293339 6.795313 -5.778534 -9.883323 11.693570 -0.885077 -4.333133 7.465776 0.070856 -5.285073 -3.189341 -1.160352 -1.837326 11.989597 7.783051 -4.596887 2.885049 -0.516149 -9.543503 -19.992502 3.951342 -11.204613 13.432358 -16.809671 4.584381 -0.835712 6.101598
-25.310291 5.188706 15.686935 11.948629 6.599646 -5.627062 -9.780541 11.639344 -0.720493 -3.223988 7.080197 -0.041770 -5.299469 -3.000905 -0.582946 -2.269761 11.997475 7.845634 -4.231990 2.395877 -0.332632 -10.437397 -21.242426 4.678885 -10.703478 12.529656 -15.909755 4.669599 -0.989479 7.315307
-25.066708 4.928387 15.135129 12.794422 6.994490 -5.955241 -9.991885 11.589658 -0.952421 -3.953787 7.308259 -0.042706 -5.445273 -3.067408 -0.945486 -2.092008 11.986273 7.770387 -4.513710 2.683337 -0.499573 -9.829779 -20.547691 4.315064 -11.004893 12.996152 -16.361143 4.463820 -0.939896 6.297705
-25.470953 5.037498 15.828660 11.771861 6.648947 -5.449998 -9.779607 11.765279 -0.745300 -3.122214 7.115952 -0.050470 -5.216676 -2.971647 -0.563658 -2.208048 12.077471 7.875346 -4.305793 2.339165 -0.408183 -10.570285 -21.114908 4.839588 -10.551339 12.576756 -15.953092 4.588761 -1.007400 7.452653
-25.273720 4.932335 15.605342 12.468382 6.792466 -5.590088 -9.742577 11.818439 -0.901762 -3.612339 7.205992 -0.142625 -5.335870 -3.010944 -0.806809 -2.203651 11.938372 7.781358 -4.413270 2.566354 -0.531496 -10.176491 -20.772772 4.446284 -10.866044 12.701914 -16.295027 4.383132 -0.921181 6.565534
-25.310801 5.299504 15.872034 11.451853 6.488952 -5.284138 -9.794991 11.818918 -0.705332 -2.900180 6.936925 -0.114822 -5.182090 -2.956335 -0.483724 -2.378661 12.028206 7.786989 -4.230398 2.289451 -0.283890 -10.679882 -21.490459 5.122356 -10.539398 12.390400 -15.574170 4.855618 -0.986928 7.793187
-25.473112 5.607189 15.973870 10.297325 6.016258 -4.928228 -9.753502 11.950370 -0.529376 -1.941606 6.727306 -0.481937 -4.995809 -2.859306 -0.016904 -2.558468 12.142962 7.824670 -4.204115 2.030080 -0.000815 -11.350349 -21.750549 5.375531 -10.416454 11.834871 -15.069682 4.953553 -1.008800 8.501725
