-5.175718 23.982201 -18.139200 9.811929 -4.125100 0.422310 9.373503 10.946439 17.591127 4.805201 2.376636 2.944475 4.082962 -9.199781 -3.387346 -5.188505 -4.096826 8.655807 -3.001125 -7.061105 4.276766 6.383836 7.490841 1.592841 2.399644 23.669641 -0.586530 -24.301390 -4.351980 20.041458
-5.209346 23.928257 -18.172218 9.877902 -4.146007 0.426996 9.563274 10.949183 17.722116 4.770929 2.464823 2.765304 3.898626 -9.286663 -3.316180 -5.005151 -4.196476 8.665779 -3.159472 -6.882555 4.236443 6.400825 7.525502 1.589026 2.380092 23.694654 -0.619982 -24.319248 -4.344628 20.039398
-4.885015 23.941858 -22.037298 3.539134 -0.778436 -3.269001 12.335843 6.511778 14.651622 4.703083 3.168609 3.853436 1.214778 -5.464283 -2.133604 -7.118927 -7.879446 10.106507 -2.602615 -7.986519 -2.384674 2.129135 8.406055 -1.165041 6.581726 24.438896 6.663841 -24.986586 -8.821729 15.626573
-4.842389 23.576252 -20.345209 3.245434 -2.406590 -0.689074 13.562002 5.583314 14.025338 3.985248 3.642527 4.617271 1.506243 -5.267016 -2.596886 -6.554330 -7.682837 9.633954 -3.220108 -7.777118 -1.137012 2.488633 7.760359 -0.924434 6.621950 22.838068 5.961642 -24.227623 -9.383525 16.852287
-5.193499 24.580135 -19.752489 1.610074 -3.819543 0.239782 12.376849 5.662865 14.250917 3.797943 4.063078 5.086761 0.925613 -5.639044 -3.441909 -6.735123 -7.377765 8.647033 -3.461508 -8.079454 -0.408142 2.421287 7.198997 -0.848706 6.479781 20.640095 6.863859 -23.574224 -11.450405 18.746552
-5.007943 24.917645 -19.632050 1.471259 -5.445609 0.845809 11.694547 6.271671 14.207746 4.104686 4.072539 4.993915 0.843730 -5.894201 -3.617724 -7.101927 -7.281470 8.260644 -3.243726 -8.091861 0.318831 3.090474 7.315434 -1.228264 5.667064 20.420673 7.058066 -23.092161 -11.559790 19.298218
-4.542125 25.124819 -19.750635 0.597314 -6.624451 1.296892 11.529388 6.505598 13.823115 3.842945 3.764264 4.131942 0.582274 -6.166925 -3.876304 -7.787243 -6.860510 7.698531 -3.143702 -8.876719 1.007770 3.829288 7.643305 -2.079084 5.098089 20.873432 7.035821 -22.159586 -11.586904 19.059553
-4.167860 24.717506 -19.952162 0.635721 -7.941330 2.314914 12.045324 6.050343 13.806931 3.676280 3.649380 3.306656 1.693990 -6.114888 -3.523365 -7.719149 -6.380985 7.074971 -3.250674 -9.173750 1.830954 4.549177 8.432528 -3.260452 4.163640 21.694571 6.553187 -21.811543 -10.650545 17.578156
-4.237337 24.297066 -20.255285 0.014500 -8.281387 3.261236 12.577186 5.343394 13.342033 3.433798 3.934737 2.983405 2.587889 -5.726967 -3.262962 -7.715600 -6.113916 5.943482 -3.419515 -9.355274 2.079094 4.552897 8.822149 -3.907010 4.322449 21.416517 6.823834 -21.748400 -10.993288 15.504672
-4.201814 24.409111 -19.766611 -0.677127 -9.357586 5.042301 13.036189 4.991166 12.853587 3.078314 4.287166 3.301146 2.955381 -5.370665 -2.749862 -7.387307 -6.071480 5.756467 -3.466115 -9.345488 2.324035 4.698543 9.132674 -4.122742 4.511916 20.971474 6.885086 -21.616686 -11.956761 14.177598
-4.452681 25.130800 -19.076931 -1.228236 -9.542002 5.664354 13.605462 5.073742 12.017096 3.041003 4.577093 4.103271 3.260399 -5.142291 -2.107923 -6.779960 -5.837216 5.722375 -3.218025 -9.210027 2.950100 5.774642 9.017365 -4.100689 4.161636 20.469145 6.230074 -21.232231 -12.492115 14.024714
-5.019536 25.607960 -18.884815 -2.382291 -9.416911 5.563233 13.891331 4.828523 11.207381 3.047652 4.608338 4.854163 3.138029 -5.111537 -1.441001 -6.317585 -5.998035 6.228398 -2.636084 -9.054512 3.216544 7.409848 8.764894 -4.949337 3.581838 19.469715 5.894026 -20.696196 -13.539048 14.051376
-5.358043 26.187931 -18.937319 -3.527578 -9.444519 5.188783 13.941983 4.291497 10.735706 3.215695 4.673226 4.992672 3.203091 -5.030999 -0.757134 -6.118617 -5.687050 6.041842 -2.280784 -9.576873 2.945027 7.893787 8.737634 -6.066586 2.642377 18.613138 6.092972 -20.998407 -13.700809 14.762403
-5.408566 26.079691 -18.666174 -3.584591 -9.538126 5.285055 13.943900 4.521953 10.689753 3.064491 4.664567 4.932799 3.241283 -4.987881 -0.700601 -6.155120 -5.661097 6.056747 -2.258190 -9.606354 2.938766 8.133253 8.880723 -6.152593 2.727923 18.760275 5.911807 -20.695387 -14.077415 14.637618
-5.383345 26.015110 -18.626312 -3.410098 -9.349726 5.139597 13.890626 4.567194 10.898619 3.022640 4.638299 4.964541 3.200888 -4.976188 -0.735508 -6.168495 -5.715428 6.082956 -2.240412 -9.559566 2.922515 7.803074 8.905730 -6.121939 2.720786 18.761766 6.063567 -20.829409 -13.892628 14.710266
-5.446202 26.033800 -18.680414 -3.511983 -9.419050 5.088895 14.047891 4.570689 10.922242 2.982825 4.710245 4.765298 3.100749 -5.077812 -0.532104 -5.938697 -5.677593 6.047843 -2.327862 -9.540154 2.989177 8.305537 8.934703 -6.227499 2.590162 18.692402 5.836941 -20.684259 -14.057894 14.648392
-5.428235 26.125492 -18.633734 -3.591597 -9.517189 5.219834 13.938029 4.505485 10.719678 3.068890 4.647588 4.916718 3.252224 -5.006185 -0.720148 -6.154623 -5.670745 6.046730 -2.271287 -9.580666 2.929415 8.195145 8.880874 -6.177807 2.638860 18.740873 5.845193 -20.727221 -14.009008 14.596482
-5.393717 26.069319 -18.710138 -3.542318 -9.425749 5.152051 13.907942 4.492548 10.733844 3.077130 4.649066 4.877188 3.361677 -5.007157 -0.632957 -6.101608 -5.665739 6.029424 -2.255039 -9.604851 3.164013 8.019648 8.888035 -6.139145 2.648468 18.638079 5.957365 -20.760048 -13.904591 14.576364
-5.354702 26.039104 -18.624166 -3.278389 -9.450376 5.273416 13.983348 4.556762 10.858433 3.064518 4.634416 4.909257 3.243240 -5.002580 -0.777866 -6.173848 -5.731812 6.075148 -2.291407 -9.496254 2.949589 7.965704 8.914552 -6.029248 2.758878 18.867090 5.951042 -20.733810 -13.917633 14.766990
-5.444480 25.985268 -18.563955 -3.617164 -9.514307 5.206227 14.109333 4.540695 10.859569 2.925568 4.707185 4.787310 3.092932 -5.074924 -0.501070 -5.930860 -5.666299 6.050125 -2.316329 -9.556757 3.032249 8.284101 8.933879 -6.253613 2.531933 18.686001 5.860831 -20.670801 -14.022027 14.716790
-5.482319 25.970024 -18.594669 -3.632645 -9.614091 5.235355 14.020674 4.548346 10.812488 2.990019 4.715584 4.732494 3.073818 -5.068126 -0.534085 -5.941862 -5.683697 6.049351 -2.366327 -9.552604 2.964042 8.060593 8.919942 -6.111592 2.629283 18.760992 5.943274 -20.781561 -13.888054 14.719338
-5.380712 25.866301 -18.634220 -3.522448 -9.424942 5.097221 13.951718 4.625021 11.038233 2.913390 4.698070 4.731050 3.030808 -5.074231 -0.594793 -5.985017 -5.724313 6.066360 -2.348024 -9.509548 2.966139 7.884582 8.874827 -6.155717 2.679652 18.702244 6.102110 -20.756800 -13.917353 14.782638
-5.778321 20.280882 -16.270350 -8.195007 -15.591829 6.335766 3.618916 11.151122 13.611247 -0.833389 4.184977 1.322046 7.316311 -4.808041 -0.217662 -7.732740 -4.472548 2.800204 -1.876718 -8.886003 10.278563 7.689262 9.270419 -3.061361 2.402679 15.814788 1.808475 -19.778835 -14.122745 12.725150
-3.883839 13.235282 -18.011869 -7.204596 -17.326420 8.288586 -1.130310 15.222940 18.558403 -5.532248 4.845508 -0.938083 11.403728 -4.771130 1.543294 -7.251887 -3.351432 1.170665 -2.176802 -5.415299 16.022470 8.205568 9.689710 -0.994797 1.257935 12.409651 -1.348145 -20.358210 -15.091327 9.099520
-3.748729 14.196626 -16.897886 -9.310125 -15.225643 9.777369 -1.149701 14.969941 14.740152 -5.794145 5.585985 -0.902866 8.792275 -5.022569 3.470767 -5.147314 -3.721583 2.595149 -2.747011 -6.435560 14.916094 9.150532 9.708369 -2.259841 1.204989 12.084750 -0.366954 -20.609655 -15.931307 7.546811
-4.040633 13.768824 -17.240284 -10.284932 -13.476411 9.614633 0.019099 13.978079 14.556975 -6.293909 5.915785 -0.022510 8.221432 -4.341901 3.571676 -4.822055 -3.930516 3.345541 -3.063883 -6.837025 13.438472 9.475644 9.651898 -3.032848 2.208915 11.773354 0.376539 -20.612595 -17.443106 6.611475
-3.748307 14.251876 -17.433081 -10.631392 -12.353855 9.421034 -0.947620 13.747685 13.367555 -5.854640 6.051898 -0.070646 8.342101 -4.212124 3.776381 -4.666005 -3.841350 3.381036 -3.231697 -6.981885 12.774314 9.761160 9.652478 -3.475100 2.485027 12.341635 0.734595 -20.985622 -17.641771 5.288866
-3.823299 12.898259 -17.803638 -10.900034 -11.088034 9.430915 0.101801 13.469103 13.453824 -6.630662 6.229009 0.313129 8.107235 -3.664231 3.924265 -4.532606 -4.057198 3.889137 -3.459734 -6.693898 11.953402 9.986292 9.515356 -4.111037 2.791148 11.751432 1.225197 -20.711157 -18.832487 5.122115
-3.592874 12.860797 -17.548725 -10.636165 -11.594915 9.610826 0.141451 13.768999 13.658249 -6.834445 6.194507 0.165985 8.204809 -3.751667 3.975571 -4.495710 -3.979258 3.869031 -3.484615 -6.840393 11.903549 10.019772 9.750154 -4.241006 2.756446 12.165655 1.189891 -20.711191 -18.756651 5.057634
-4.125249 12.741413 -17.855139 -10.866718 -11.957493 8.961396 0.807708 13.459512 14.119946 -6.673781 6.284436 0.110402 8.177934 -3.689991 4.140936 -4.370149 -3.937647 3.893852 -3.560743 -6.932865 11.588740 9.986204 9.810985 -4.313969 2.861915 12.270123 1.219377 -21.022924 -18.717684 4.781299
-3.900739 13.094171 -17.721558 -10.955816 -11.789597 9.058834 0.370021 13.521493 13.473189 -6.448998 6.268780 0.088508 8.160338 -3.615815 4.084784 -4.378528 -3.962594 3.896705 -3.615649 -6.991786 11.374402 9.916016 9.783900 -4.349773 2.861655 12.495619 1.246396 -21.214138 -18.521818 4.864746
-3.775961 13.005371 -17.646471 -11.083052 -11.980108 9.333733 0.244021 13.632312 13.389682 -6.531172 6.289873 0.025690 8.292741 -3.692165 4.157855 -4.381444 -3.901348 3.936553 -3.618117 -6.912597 11.360695 10.036531 9.653971 -4.301044 2.827321 12.403521 1.121446 -21.288330 -18.582579 4.881298
-3.730967 12.945558 -17.626610 -10.932319 -11.688888 9.280715 0.225193 13.620101 13.427179 -6.565213 6.241043 0.026155 8.248675 -3.737873 4.161801 -4.383329 -3.892531 3.935447 -3.565050 -6.878288 11.734532 10.069990 9.748401 -4.227042 2.806983 12.284522 1.100023 -21.055099 -18.658079 4.767888
-3.517926 12.968545 -17.553358 -11.030220 -11.553329 9.544468 -0.110190 13.668297 12.927501 -6.537039 6.191634 0.206647 8.313711 -3.616378 4.020646 -4.566966 -3.925442 3.923287 -3.463759 -6.975528 11.454296 9.917681 9.635066 -4.261853 2.883646 12.345949 1.273184 -21.146284 -18.582338 4.876562
-3.545230 12.930504 -17.552881 -11.083480 -11.603264 9.509933 -0.077929 13.721875 13.053432 -6.627003 6.236794 0.145348 8.275024 -3.676657 4.112053 -4.431359 -3.948843 3.948736 -3.552349 -6.917949 11.554171 9.915365 9.609465 -4.202336 2.873697 12.353010 1.235788 -21.187670 -18.516674 4.824217
-3.702052 12.964872 -17.627317 -10.912477 -11.671272 9.423485 0.204047 13.646295 13.343551 -6.566040 6.244247 0.063037 8.247478 -3.732130 4.148189 -4.400447 -3.888226 3.979699 -3.550825 -6.865821 11.833428 10.024644 9.719409 -4.213548 2.804737 12.242979 1.146322 -21.040586 -18.664904 4.663389
-3.781747 12.979916 -17.632668 -10.945981 -11.741790 9.230422 0.323890 13.621387 13.479530 -6.544000 6.237530 0.022484 8.270244 -3.732227 4.165582 -4.384336 -3.895869 3.959569 -3.554494 -6.869340 11.743032 10.028232 9.775565 -4.261344 2.788871 12.279861 1.128788 -21.019785 -18.651180 4.819877
-3.715572 12.958361 -17.598894 -11.154700 -12.000981 9.351346 0.163130 13.698131 13.412988 -6.625531 6.278223 -0.014239 8.279668 -3.720751 4.205884 -4.375996 -3.905203 3.963166 -3.594482 -6.894752 11.409207 10.145795 9.691697 -4.271735 2.791270 12.367026 1.064785 -21.258066 -18.599997 4.813131
-3.757385 12.528422 -17.828140 -10.611012 -11.244728 9.292571 0.095560 13.590142 13.756222 -6.687354 6.310720 0.338932 8.062564 -3.591047 4.098736 -4.319989 -4.045732 4.173290 -3.575035 -6.795630 11.252736 9.671282 9.573992 -4.425134 3.015931 11.988782 1.755814 -20.857859 -18.813480 5.138561
-3.550554 13.074812 -17.518139 -10.911377 -11.583860 9.600979 -0.141257 13.774315 13.163402 -6.595171 6.215800 0.142534 8.300206 -3.762081 4.067380 -4.414882 -3.916296 3.952032 -3.541018 -6.884359 11.735084 9.979005 9.622901 -4.244437 2.780098 12.241510 1.208935 -21.068743 -18.675642 4.706974
