-0.803793 29.104820 -13.241545 19.836905 4.053436 3.759518 -8.617599 3.905170 -10.299301 -11.602479 -5.365952 5.250144 2.672161 -7.853094 1.287299 -6.794430 -4.311211 4.333967 -7.832696 -3.993285 -2.788977 16.215277 -16.552444 15.379573 -15.366689 18.811554 10.593729 -12.911281 -0.082582 8.204751
-0.858931 29.119665 -13.237187 19.885439 4.001206 3.646168 -8.722008 3.841682 -10.437721 -11.836014 -5.414500 5.200286 2.675695 -7.865532 1.229020 -6.829404 -4.369861 4.358757 -7.946446 -3.865075 -2.781021 16.237547 -16.545467 15.386487 -15.353270 18.821280 10.582492 -12.914929 -0.081463 8.169135
-2.433578 28.111698 -11.134008 19.644403 5.773972 5.557415 -7.532939 3.903784 -8.652317 -10.664797 -4.209982 5.322178 2.423031 -7.964864 -0.026729 -6.592648 -3.526988 4.470078 -7.556352 -3.607972 -4.015345 15.470782 -16.922819 14.603641 -15.481380 18.519957 7.726189 -11.372073 -1.695039 9.120312
-2.779155 26.949329 -9.645722 20.842821 6.973481 5.973577 -5.947018 4.568784 -7.646406 -9.729293 -4.103066 5.454259 2.243990 -8.235668 -0.233207 -6.059142 -3.116948 4.737805 -7.544946 -3.085334 -4.161425 15.085328 -17.490892 13.804673 -15.773727 18.965086 6.770774 -9.624392 -1.950547 9.812252
-3.748458 25.491772 -7.580914 21.229773 8.522465 6.876654 -4.260883 5.643810 -6.281130 -8.323980 -3.626623 5.686288 1.784402 -8.406914 -0.748526 -5.536005 -2.465849 4.844933 -7.598726 -2.600365 -5.074908 14.694862 -18.340200 13.209384 -16.590940 18.956833 5.253527 -7.459257 -2.600826 10.477780
-4.294843 24.003178 -5.971820 22.294607 9.573659 7.067534 -3.072878 6.539850 -5.509125 -7.923514 -3.454986 5.917542 1.377424 -8.503971 -1.076739 -5.192746 -1.810880 4.815887 -7.832490 -2.091826 -5.279237 14.797179 -18.769135 12.667227 -17.085512 19.122438 4.136404 -5.733012 -2.989839 10.271123
-4.513688 23.191845 -5.468777 23.382845 10.117123 6.639877 -2.328633 6.789993 -5.377717 -7.969276 -3.560802 6.106036 1.080876 -8.609978 -1.135727 -4.865342 -1.358476 4.909519 -8.082864 -1.887847 -5.842443 14.399356 -19.054201 12.405574 -17.452196 19.076269 3.800582 -4.973497 -3.242586 10.688350
-4.868239 22.371014 -4.501628 24.099815 10.504446 6.539298 -1.871086 7.225417 -5.371557 -8.201378 -3.682026 5.943691 0.874468 -8.642561 -1.150232 -4.824100 -1.061514 4.981915 -8.045074 -1.797925 -6.007816 14.020840 -19.245497 12.124232 -17.474020 19.054350 3.419926 -4.415830 -3.274681 10.610608
-5.146475 22.114435 -4.082992 24.584236 10.908621 6.218781 -1.502298 7.279087 -5.451943 -8.074558 -3.942256 5.822108 0.688019 -8.768418 -1.152093 -4.840540 -0.727187 5.103530 -8.047465 -1.809026 -6.297415 13.476700 -19.646439 11.740682 -17.566881 19.088232 3.037099 -3.936742 -3.252173 10.962908
-5.677599 22.109760 -3.474056 25.202528 11.159964 5.496787 -1.742905 7.061581 -5.970853 -8.559866 -4.257861 6.010954 0.364957 -8.767799 -1.164306 -4.928066 -0.530447 4.856491 -8.212994 -1.576358 -6.568796 13.156910 -19.858589 11.142424 -17.773876 19.433752 2.637461 -3.007402 -3.588540 10.775030
-6.347083 22.349848 -2.648538 25.440933 11.415818 4.932946 -1.869371 6.778200 -6.437921 -8.672072 -4.694070 6.271155 -0.059096 -8.779720 -1.114511 -5.082132 -0.544114 4.550821 -8.349927 -1.301748 -7.124963 12.957232 -20.190456 10.610235 -17.879576 19.599550 2.087385 -2.650282 -3.900939 10.338603
-7.300331 23.399067 -2.058328 25.501698 11.395012 4.181944 -2.139811 5.969628 -7.621228 -9.199329 -5.116428 6.377679 -0.820655 -8.931521 -1.083000 -5.217113 -0.570510 4.189828 -8.439348 -1.058314 -7.779692 12.802095 -21.598555 10.055687 -17.787941 19.680952 1.849388 -2.791150 -4.062921 9.700860
-8.028225 24.308811 -1.765445 25.270504 11.273579 3.170765 -2.720534 5.320338 -8.883920 -9.751388 -5.536489 6.615358 -1.146747 -8.904055 -1.131798 -5.513826 -0.700985 3.628761 -8.565297 -0.753132 -8.303658 12.581658 -21.983898 10.021804 -17.828007 19.483910 1.128057 -3.202933 -4.027945 9.107316
-8.857898 25.486658 -1.312158 24.657934 11.238849 3.011174 -2.980587 4.533272 -9.639761 -9.893549 -5.699137 6.732143 -1.900257 -9.024292 -1.246363 -5.742043 -0.758658 3.305156 -8.469604 -0.564072 -8.798130 12.472334 -22.895529 10.384824 -18.059721 19.082663 0.755427 -4.030269 -3.920609 8.173769
-9.377246 26.682545 -1.021641 23.958609 10.809928 2.847136 -3.376665 3.651392 -10.830748 -10.280911 -5.987034 6.943036 -2.227360 -8.924722 -1.225501 -6.076663 -0.993905 2.902053 -8.479964 -0.296751 -8.994219 12.150660 -23.092104 10.966970 -18.134268 18.638147 0.208531 -5.123998 -3.496181 7.505245
-9.611178 27.488995 -0.762075 23.138744 10.156032 3.172464 -3.550849 3.179169 -11.165385 -10.373895 -5.996834 7.157495 -2.352380 -8.771149 -1.542596 -6.670914 -1.255706 2.500859 -8.263838 -0.209306 -9.119527 11.651040 -22.812025 11.896924 -18.281355 17.931486 -0.000380 -6.314203 -3.244601 7.457957
-9.644396 29.026348 -0.757691 22.125816 9.606500 3.204858 -3.991044 2.665830 -11.824645 -10.233530 -5.933999 7.246249 -2.900086 -8.630614 -1.620488 -7.216507 -1.618961 2.196022 -8.055892 -0.319908 -9.015627 11.037691 -22.675222 13.495786 -18.904470 17.029993 -0.277231 -7.394964 -2.388470 6.703388
-9.728375 30.167871 -1.019273 21.376955 9.185877 3.355314 -4.218684 1.995950 -12.273030 -10.287527 -5.989601 7.249156 -3.167408 -8.380735 -1.466071 -7.701234 -1.897353 2.023183 -8.016933 -0.555503 -9.561824 10.191540 -22.571856 14.491532 -18.988626 16.342356 -0.184697 -8.859813 -1.733459 6.603528
-9.788175 30.905647 -1.455230 20.599743 8.886719 3.692664 -4.658907 1.529508 -12.403606 -10.251495 -6.120630 7.231230 -3.196002 -8.069155 -1.197421 -8.095436 -2.167125 1.770628 -8.146543 -0.780789 -9.608676 9.700152 -22.029995 15.770236 -19.276960 15.609836 0.506335 -9.944104 -0.880520 6.729092
-9.569972 31.870211 -1.981286 20.291784 8.685925 4.182785 -5.030579 0.946421 -12.455623 -10.266975 -5.947743 7.080497 -3.337795 -7.967906 -0.969970 -8.135613 -2.401164 1.616091 -8.209100 -0.823062 -10.093406 9.776150 -22.276583 16.977463 -19.649752 15.057428 0.849964 -10.608253 -0.590438 6.808053
-9.657964 31.810167 -2.035801 20.344015 8.754150 4.301281 -5.078156 0.786753 -12.503945 -10.488443 -5.966417 7.151531 -3.275687 -7.930919 -0.888225 -8.109080 -2.411676 1.628644 -8.254056 -0.815665 -10.189441 9.786619 -22.238438 16.846018 -19.562332 15.093227 0.914733 -10.781190 -0.504294 6.671544
-9.664582 31.775551 -2.035196 20.360973 8.738491 4.304914 -5.101055 0.774968 -12.492385 -10.508904 -5.929030 7.142820 -3.275437 -7.891484 -0.884838 -8.127957 -2.391565 1.623802 -8.253907 -0.832342 -10.254945 9.769619 -22.242256 16.870846 -19.550657 15.115477 0.910458 -10.774068 -0.528893 6.692209
-7.905551 30.224041 -0.982298 22.334070 8.076881 0.362061 -3.338280 3.766080 -14.165032 -8.679728 -6.571179 6.524082 -3.031793 -9.519087 -1.909943 -7.600682 -1.641918 1.739910 -6.985708 0.701560 -6.986162 9.541115 -22.776266 12.861114 -18.828402 17.510460 -0.372955 -6.817623 -0.716973 4.039988
-5.901137 26.258469 -1.333419 24.832266 9.620296 -0.383323 -1.888250 6.767960 -11.799380 -6.902588 -6.544580 5.791050 -2.377271 -10.487110 -2.251509 -7.042550 -0.970491 2.704148 -6.108936 1.170606 -4.709584 9.469070 -22.033674 9.823289 -17.794867 19.527401 0.990459 -3.872822 0.017478 4.354531
-4.799077 24.756836 -1.032899 22.830307 8.411144 0.135156 -1.735664 9.180148 -10.723770 -5.360042 -5.817293 4.547173 -1.538955 -10.934279 -2.371836 -6.898719 -0.701161 3.619453 -5.104253 1.020581 -2.672031 8.258915 -21.301680 9.932078 -17.417240 19.599224 2.695759 -3.377552 1.527278 5.682228
-4.244761 24.008755 -0.617221 18.678410 6.469923 1.097596 -1.888225 11.812860 -10.897065 -4.331038 -4.912549 3.218824 -0.829481 -10.819885 -2.288079 -6.921533 -0.510572 4.531315 -4.672604 0.240123 -0.858335 7.543300 -20.735981 10.267625 -16.636724 19.446419 3.817637 -4.262053 2.791567 6.427477
-3.171136 24.484091 -0.915057 15.914784 3.925484 2.517118 -4.321851 13.055849 -10.217213 -3.705018 -4.597049 2.995178 -0.778161 -10.682451 -1.987683 -7.143448 -0.929949 5.039063 -4.452090 -0.458144 0.599261 6.808497 -20.828627 11.224061 -15.433934 18.645769 4.894253 -5.118253 3.487339 8.534541
-1.363806 25.067463 -3.059634 14.981129 3.505765 -0.661907 -5.842803 14.295164 -9.383227 -1.109538 -4.521723 1.723829 -0.708547 -11.426171 -2.586446 -7.691890 -1.332356 5.356903 -3.136308 -1.230543 1.835202 6.249424 -19.081518 8.535899 -14.336074 20.249834 7.660206 -5.791451 4.835830 7.326156
1.038988 25.689453 -4.852660 14.794760 2.403283 -2.674991 -7.712820 15.868502 -8.007406 1.041230 -4.076837 0.710730 0.034533 -12.082156 -2.816865 -7.668773 -1.767797 6.223376 -1.875705 -1.792839 2.741563 6.009019 -17.934565 6.458554 -13.206258 21.933096 10.936538 -5.540816 6.027595 7.610373
0.981543 25.682581 -4.759635 14.786512 2.475679 -2.610092 -7.539943 15.827298 -8.070653 1.027828 -4.160192 0.715798 -0.003957 -12.090908 -2.838054 -7.727979 -1.768942 6.131997 -1.881728 -1.767754 2.642461 5.801641 -17.933012 6.483351 -13.204140 21.950710 10.883922 -5.654499 5.911765 7.414216
0.951137 25.681431 -4.827857 14.715616 2.491500 -2.696882 -7.565731 15.797438 -8.155648 0.942363 -4.169735 0.709562 -0.057169 -12.102224 -2.861681 -7.785397 -1.760911 6.109146 -1.855829 -1.710105 2.724687 5.819604 -17.951975 6.575506 -13.208731 21.896152 10.811124 -5.638465 5.947084 7.355372
0.914563 25.657024 -4.794218 14.795655 2.567274 -2.715598 -7.491331 15.749124 -8.133779 0.926590 -4.231882 0.694864 0.017283 -12.064964 -2.814752 -7.795517 -1.786946 6.060645 -1.910269 -1.747657 2.750211 5.804048 -17.963755 6.561401 -13.246731 21.882608 10.758703 -5.644111 5.972935 7.349531
1.099351 25.607067 -4.868925 14.781441 2.446720 -2.697199 -7.601314 15.998163 -8.030553 1.158690 -4.087418 0.676818 0.088424 -12.127475 -2.827982 -7.675110 -1.789315 6.196254 -1.812201 -1.754435 2.650657 5.977430 -17.911314 6.269003 -13.145502 22.088259 10.966083 -5.579073 5.867817 7.534759
1.103728 25.648785 -4.813487 14.783566 2.443981 -2.595377 -7.549206 15.937925 -8.033692 1.126339 -4.115162 0.725240 -0.028616 -12.113571 -2.858052 -7.690943 -1.721270 6.155749 -1.853794 -1.720387 2.602229 5.837467 -17.952816 6.430371 -13.180624 21.961729 10.911840 -5.667628 5.925546 7.469894
0.962643 25.692322 -4.811904 14.757095 2.547801 -2.659230 -7.518317 15.837827 -8.085853 1.071355 -4.148000 0.710087 0.008088 -12.098475 -2.829520 -7.757913 -1.819419 6.146490 -1.835621 -1.818286 2.638423 5.796280 -17.949347 6.503980 -13.182129 21.962908 10.887930 -5.708067 5.984756 7.282404
0.918362 25.683489 -4.845110 14.754601 2.568663 -2.696694 -7.519407 15.750423 -8.149796 0.946662 -4.197258 0.708772 -0.031238 -12.097122 -2.828166 -7.779390 -1.762909 6.104894 -1.878947 -1.708328 2.661011 5.857836 -17.929983 6.546192 -13.228767 21.955202 10.811335 -5.692754 5.969848 7.237946
0.908925 25.671425 -4.759245 14.817219 2.617618 -2.706246 -7.443993 15.803332 -8.123959 0.949728 -4.232342 0.743613 0.008717 -12.076773 -2.780492 -7.778753 -1.808191 6.047029 -1.922201 -1.676452 2.622911 5.849006 -17.987888 6.551590 -13.308456 21.874666 10.710025 -5.650451 5.934358 7.282517
0.797483 25.515755 -4.668959 14.750215 2.575502 -2.810459 -7.456523 15.777445 -8.279640 0.859573 -4.310500 0.906231 0.019705 -12.011267 -2.948642 -7.968478 -1.702761 6.040864 -1.868355 -1.669994 2.567735 5.738799 -17.501341 6.332333 -13.277346 22.049963 10.332015 -5.645590 5.843372 7.204312
0.905507 25.722298 -4.790296 14.772261 2.584266 -2.724625 -7.492683 15.779267 -8.124556 0.965053 -4.252907 0.821984 0.160033 -12.017704 -2.916303 -7.910893 -1.724683 6.158593 -1.827376 -1.755246 2.602812 5.756550 -17.506525 6.458729 -13.208341 21.980795 10.574889 -5.690889 5.926707 7.445486
1.105884 25.669239 -4.843785 14.826743 2.475508 -2.690769 -7.516683 15.954930 -8.055629 1.069848 -4.165276 0.820166 0.178154 -12.014049 -2.902629 -7.857061 -1.717149 6.214912 -1.800427 -1.792848 2.608732 5.842822 -17.466660 6.323573 -13.117794 22.028250 10.797687 -5.669688 5.868718 7.691754
1.142554 25.565090 -4.896749 14.679743 2.365444 -2.690398 -7.647328 16.035637 -7.975518 1.216427 -4.170480 0.862237 0.399765 -11.928487 -3.059571 -8.082340 -1.707356 6.292592 -1.692891 -1.922665 2.649225 5.619008 -16.475477 6.168854 -13.043961 22.208385 10.615151 -5.638791 5.987344 7.969021
1.119610 25.501453 -4.895864 14.707197 2.326733 -2.720598 -7.658593 16.017004 -7.998444 1.126986 -4.186248 0.869787 0.339074 -11.976592 -3.076493 -8.069652 -1.750026 6.245939 -1.672861 -1.906422 2.512804 5.447355 -16.033937 6.155796 -12.989707 22.242702 10.452420 -5.755727 5.940658 8.046256
2.938472 24.099371 -5.819021 14.584534 1.648465 -2.182762 -8.031683 17.399836 -6.475801 2.308820 -3.546677 -0.254242 1.290346 -12.302730 -2.700027 -7.339119 -1.482087 6.893650 -1.335907 -1.049649 4.792453 6.140058 -17.233204 6.078575 -12.250346 22.369997 11.626893 -4.664325 6.339425 7.898772
5.196551 22.008430 -5.897556 15.331430 -0.259002 -1.106276 -8.244398 19.486547 -4.827834 2.597630 -3.131929 -1.109316 3.061230 -12.173635 -2.079088 -6.767889 -0.488741 8.064359 -1.433305 0.644327 7.471353 7.853301 -16.742321 4.981847 -10.550976 22.954542 13.106100 -3.474521 5.673937 9.218010
6.659507 21.847889 -4.923882 15.688560 -2.504625 -0.641103 -8.992713 21.403721 -4.510226 2.840503 -2.916949 -1.060926 4.698956 -11.857488 -2.669184 -6.654198 0.988079 8.627047 -1.701664 1.756987 10.040006 7.621899 -12.464545 6.239427 -10.129730 22.312521 11.637132 -1.076435 5.434609 13.292423
6.427527 20.869041 -2.519362 15.862277 -3.566976 0.743250 -8.798112 21.890150 -4.322590 2.847631 -2.718562 -1.554711 4.913096 -11.916825 -2.623403 -5.628964 1.622049 8.297916 -2.426734 2.200891 11.761395 7.406468 -14.771429 7.679437 -10.670547 21.225468 11.791673 2.019061 6.153077 15.612618
5.979228 18.536839 -1.327876 16.599522 -4.473167 1.676959 -8.116711 21.911316 -3.605771 2.198141 -2.582161 -1.796364 5.423607 -11.865589 -2.805527 -4.885155 2.513408 7.963173 -2.970406 2.447963 13.668336 6.136324 -16.661959 9.542877 -10.763794 19.943211 10.742679 2.622908 8.290297 16.031576
6.573437 16.138424 -0.984691 16.872671 -6.753333 3.070754 -7.856960 23.109041 -3.784076 0.682984 -2.528107 -2.206051 6.567047 -11.582978 -2.891546 -4.676930 3.223001 7.625022 -3.597323 2.324948 15.861797 5.585327 -16.057840 10.992194 -9.997984 18.928358 8.588236 0.404098 10.815807 15.812205
7.639837 13.821371 -1.862120 17.123022 -9.150599 3.835435 -7.706683 24.799860 -4.180992 -1.388595 -1.966084 -2.635420 8.263270 -11.301039 -3.160870 -4.023551 3.527922 6.680820 -4.737198 2.182296 19.396528 7.343123 -15.365403 13.062445 -10.216505 17.915491 6.620689 -1.811213 13.144454 13.578828
7.578220 10.981804 -1.335839 17.431561 -11.154198 5.460235 -7.290458 26.799089 -3.986183 -3.496719 -1.422286 -2.928191 9.669124 -11.016720 -3.603116 -3.364205 3.775295 5.434479 -6.036043 1.595086 22.673159 13.214867 -13.758161 13.718963 -12.292562 18.807600 3.018914 -1.840015 13.207415 10.611579
7.527902 8.872581 -0.004286 17.501993 -13.359241 8.828358 -6.312048 29.096476 -3.588471 -5.058066 -1.373261 -3.497784 10.051868 -11.029369 -4.230648 -3.106298 4.126401 4.176264 -6.740377 0.495033 23.934141 17.267702 -14.604213 14.088356 -14.039524 18.564899 -2.661319 -1.318220 11.942395 10.537259
6.713708 7.531873 2.521440 18.063078 -13.971857 12.774926 -3.875708 30.195196 -3.006183 -5.118256 -1.449819 -3.964395 9.299884 -11.314423 -5.271592 -3.113418 4.421797 2.719737 -7.081594 -0.643234 24.040184 18.745255 -17.076336 15.716708 -16.399277 16.992123 -7.432779 -2.277115 13.707238 10.234742
6.262903 6.867714 4.521235 19.130184 -14.089585 15.160068 -0.670682 30.828892 -3.107089 -4.902837 -1.586542 -4.430980 8.652732 -11.601968 -5.999246 -3.315052 4.609692 1.722934 -7.238286 -1.148442 23.516445 19.301844 -18.848093 16.216808 -17.968977 16.112408 -10.210685 -4.599750 15.989090 7.702549
5.034180 7.372625 4.469751 19.428652 -12.667299 14.209377 0.029426 29.996971 -3.500197 -5.194173 -1.690077 -3.640860 8.336856 -11.775049 -6.470627 -3.594748 4.671570 1.815938 -7.032753 -1.053030 22.992407 17.680836 -17.514393 15.828165 -17.361689 16.922689 -11.231849 -4.409583 14.970327 8.868009
4.132562 8.422709 3.008608 19.554983 -10.119871 11.945065 -0.001629 28.967875 -4.080375 -5.495687 -1.460390 -2.384445 7.716775 -11.936835 -6.387034 -3.466681 4.172517 2.363989 -6.577948 -0.277030 22.712435 17.403688 -16.736319 14.365518 -15.732185 19.336067 -9.761596 -3.289172 12.221936 8.442489
4.535864 8.589316 2.031576 20.132969 -9.287198 10.190212 -0.361366 28.577635 -4.810478 -5.404860 -1.563786 -2.094104 7.703985 -12.102786 -6.326411 -3.530157 4.054850 2.595284 -6.326778 0.338285 22.570602 15.709591 -15.900444 12.859448 -14.572218 20.655638 -6.484133 -2.064056 11.667762 6.658032
3.400920 9.435459 6.860814 19.106630 -10.519152 12.327294 1.254875 30.123461 -4.993574 -2.618176 -1.768939 -2.260034 5.923222 -12.609558 -7.438969 -3.313444 4.030341 1.145221 -6.522017 -0.419943 22.542048 13.145630 -19.338171 13.075231 -15.843973 19.489202 -8.893551 -1.981851 13.553804 7.166350
4.000206 9.897551 8.866146 18.697687 -11.839158 11.859772 -0.543072 30.559280 -4.393428 -1.176447 -2.039664 -1.886914 5.668992 -12.653219 -8.164354 -3.438925 4.588362 1.130920 -6.462824 -0.435179 21.764072 12.027783 -19.379700 13.616034 -16.394564 18.661673 -9.360476 -0.698967 15.472472 9.943627
4.471943 10.518064 10.237352 18.186182 -13.078702 12.336486 -2.156122 30.968422 -3.814213 -0.186062 -2.440835 -1.904709 4.907297 -12.705848 -8.668262 -4.009517 4.643750 0.651713 -6.149835 -0.940086 21.529108 11.657295 -20.298550 14.295446 -16.416830 17.547762 -9.835601 -0.124459 16.449734 11.135640
4.651460 10.569804 9.698524 18.296122 -12.897196 12.263159 -1.925363 30.959276 -3.659819 -0.149651 -2.402899 -1.892229 5.218861 -12.768112 -8.556647 -3.853130 4.542138 0.723615 -6.102720 -0.762870 21.495756 11.923338 -20.198301 14.211432 -16.495787 17.815132 -9.725360 -0.188713 16.235956 10.908524
