1.045788 27.059994 -17.307127 16.381998 2.574482 11.379026 -4.792414 9.689012 -3.386282 5.076808 -4.832913 10.584517 3.837183 -7.566945 5.748632 -5.057960 -0.579239 0.808369 -3.076519 -7.490113 1.854288 15.459414 -12.197314 0.093525 -29.611822 6.213512 12.099069 -16.325256 2.371446 9.248541
1.017925 27.068785 -17.362238 16.459450 2.606163 11.396603 -4.744489 9.612761 -3.428342 5.049599 -4.853268 10.637629 3.824664 -7.552105 5.753020 -5.038237 -0.602655 0.781251 -3.112707 -7.451221 1.893780 15.527340 -12.177562 0.006998 -29.703453 6.137473 12.026273 -16.360792 2.368824 9.161155
2.514593 27.200199 -18.313511 10.890339 2.001162 12.677337 -3.323141 6.324299 -5.443596 3.744754 -3.827221 11.944500 2.056484 -4.498391 6.207643 -6.709448 -3.477477 0.418804 -2.997663 -8.122522 0.416417 12.660503 -11.455430 -0.293969 -26.715582 4.371451 16.958933 -14.416816 -2.662872 6.628297
1.942321 28.052404 -18.680275 7.961190 2.121067 12.020579 -3.471274 4.850981 -6.693385 3.958491 -3.210682 13.182535 0.909824 -3.690858 6.352817 -6.756514 -4.462326 0.652670 -2.968086 -8.342864 -1.991151 11.745180 -11.921712 -0.927073 -24.956793 3.399949 19.325029 -13.906272 -6.215055 7.199764
1.428031 29.429888 -18.722469 4.665794 2.630448 9.971152 -4.680051 4.304151 -7.103844 4.177722 -3.264846 12.396229 0.133291 -3.631828 5.575207 -7.381463 -4.260840 0.408813 -3.551208 -8.887029 -4.676898 11.171858 -12.103897 -2.211007 -23.858665 4.062061 21.311796 -13.505821 -6.998229 8.418754
1.795940 29.852287 -19.078575 2.089186 2.528049 8.894477 -4.773490 3.103660 -7.206670 4.124781 -3.734447 11.157320 -0.496534 -3.481834 5.108960 -8.477229 -4.172615 0.386430 -3.669791 -9.853395 -6.570493 12.154587 -12.435583 -1.373174 -21.783308 5.962497 21.344301 -12.437755 -8.330218 7.769310
1.807652 29.312576 -20.343779 1.265103 3.587001 8.213563 -2.498030 1.378402 -8.100632 4.045929 -3.842095 11.172268 -0.510758 -2.962109 5.466942 -8.613426 -4.742744 0.963850 -3.615157 -9.853371 -9.435563 13.439071 -12.919316 -1.085218 -19.831270 7.230359 21.377737 -12.582259 -10.467274 5.360213
1.009021 29.302277 -20.409624 0.295629 4.650753 8.158792 -1.060471 0.653490 -8.725312 3.621451 -3.565699 11.834726 -0.198202 -2.442081 6.083740 -7.781046 -5.064553 1.721534 -3.802747 -9.671476 -10.793208 14.478458 -12.933028 -2.159785 -18.960928 8.075219 21.890741 -11.555313 -12.342568 3.701762
0.396523 29.558834 -20.799412 -0.026113 4.586283 8.227921 -0.898981 0.191237 -9.179032 4.000453 -3.591582 11.590992 -0.113660 -2.041742 6.395368 -7.767679 -4.790724 1.837545 -4.025422 -10.317687 -11.589836 15.129372 -12.950412 -2.447037 -18.965342 8.248755 21.505804 -11.752532 -12.811800 2.520632
0.328681 29.530287 -20.624966 -0.491355 4.853948 8.016137 -0.844149 0.053257 -9.329038 3.986481 -3.550088 11.408987 -0.171386 -1.814664 6.515739 -7.796359 -4.496969 1.914756 -4.261894 -10.849018 -12.877826 15.198461 -13.200038 -2.649186 -18.802092 8.497036 21.466175 -12.762407 -12.609377 1.492799
-0.118394 29.980253 -20.459265 -1.199975 4.500191 7.659612 -1.155183 -0.122060 -9.997464 4.566404 -3.599776 11.078049 -0.324279 -1.682264 6.601134 -7.957428 -4.287721 2.219018 -4.343139 -11.130033 -13.138612 15.087471 -13.243377 -2.248388 -18.389429 8.879223 21.428570 -13.350855 -12.036081 0.700490
-0.427108 30.209497 -20.427391 -1.488750 4.773960 6.881557 -1.069430 0.221610 -10.748330 5.005818 -3.728012 10.766844 -0.422529 -1.689208 6.641322 -8.174405 -4.311175 2.364870 -4.244537 -11.221312 -13.139718 14.829101 -13.053630 -2.103699 -18.275846 8.887302 21.437071 -13.702806 -11.723400 0.015690
-0.570861 30.266270 -20.534739 -1.593553 5.516456 6.200658 -0.564721 0.064249 -11.232564 5.026937 -3.799708 10.775270 -0.286619 -1.719662 6.902678 -8.077041 -4.462882 2.705008 -4.123427 -11.028868 -13.041748 14.110504 -12.721496 -2.402367 -18.796354 8.321671 21.747774 -14.575341 -11.193062 -0.471234
-0.259324 30.957191 -20.516640 -1.852331 5.674994 6.126314 0.304381 -0.686684 -11.667571 5.066908 -3.841198 10.464388 0.129962 -1.451403 7.317490 -7.934877 -4.348314 2.891719 -4.163670 -11.225405 -13.494192 15.186491 -12.853373 -2.572611 -18.982347 8.300320 21.004356 -14.936002 -11.630798 -0.870489
0.291209 31.608898 -20.839018 -2.391113 5.602461 5.352183 0.162537 -1.437074 -11.783120 5.607607 -3.991746 9.944171 0.267972 -1.157960 7.911489 -8.014118 -3.869181 3.281938 -4.273530 -11.825163 -13.872660 17.037542 -12.890488 -3.537584 -19.477312 8.102336 20.050543 -14.712379 -12.509358 -1.249502
0.462402 31.693283 -21.215916 -2.919968 5.711031 4.600115 -0.033254 -1.874883 -11.813827 5.883420 -4.021852 9.942414 0.210763 -1.044633 8.044175 -7.973474 -3.696264 3.448157 -4.328316 -12.005541 -14.495740 18.225851 -12.810978 -4.365952 -19.793215 8.023078 19.707487 -14.623344 -13.166071 -1.572216
0.412994 31.654198 -21.352678 -2.819357 5.523951 4.720839 -0.166931 -1.840211 -11.759536 5.948413 -4.031336 9.944777 0.231015 -1.039054 8.083588 -7.947261 -3.624547 3.453109 -4.354891 -12.059544 -14.444661 18.027582 -12.858121 -4.239985 -19.657211 8.061934 19.781122 -14.593299 -13.056026 -1.494565
0.313100 31.666460 -21.445925 -2.654074 5.587094 4.897714 -0.119703 -1.884781 -11.663743 5.899887 -4.029263 9.849222 0.250123 -0.969365 8.078062 -8.005599 -3.625760 3.451191 -4.415291 -12.035651 -14.445011 17.763386 -12.820491 -4.051568 -19.652445 7.996655 19.786493 -14.823898 -12.884154 -1.497538
0.060424 31.622328 -21.193956 -2.616510 5.628483 5.109010 0.027842 -1.703092 -11.838326 5.757387 -4.011861 9.948431 0.218570 -1.068247 8.021737 -8.008195 -3.687715 3.359050 -4.317120 -11.933723 -14.604923 17.115257 -12.767207 -3.622158 -19.329828 8.237730 20.004293 -15.039760 -12.702850 -1.518153
-0.269265 31.484543 -20.954521 -2.672527 5.501026 5.453810 0.117574 -1.444170 -12.066741 5.630446 -3.981116 10.046782 0.194021 -1.213927 7.966417 -8.041080 -3.765363 3.281597 -4.227869 -11.775414 -14.442292 16.718611 -12.746500 -3.552879 -19.347296 8.165240 20.289728 -15.046327 -12.618801 -1.385920
-0.254445 31.453432 -20.860033 -2.748518 5.400289 5.578238 0.187612 -1.393956 -12.150552 5.544457 -4.005958 9.934998 0.228135 -1.195672 7.973899 -8.099531 -3.748341 3.285124 -4.239791 -11.773437 -14.551854 16.760103 -12.720611 -3.439534 -19.228655 8.276078 20.244352 -15.060831 -12.690496 -1.449208
0.939624 32.719078 -19.315660 -6.524777 2.461523 6.718970 0.852000 -1.819812 -14.838032 5.457008 -4.379684 7.574886 1.691626 -0.872397 8.223619 -8.984651 -3.622856 3.085185 -4.469981 -11.593222 -13.035110 17.894453 -12.635819 -0.478320 -19.209230 8.881768 15.716077 -17.847378 -11.083077 -3.903634
0.891703 32.266113 -17.448702 -7.418250 -0.287497 10.343471 1.630938 -0.620580 -14.732094 3.637185 -4.496860 6.340695 2.191006 -1.841402 7.280896 -9.299648 -3.410131 3.091882 -5.095782 -10.720293 -11.026170 15.578788 -10.287012 1.024384 -20.000404 9.737993 14.877438 -20.054037 -7.590209 -5.941344
0.780075 31.530602 -17.377686 -7.159297 -0.972111 11.174790 1.035765 -0.212137 -14.434562 3.395682 -4.342341 5.852861 2.580735 -1.900004 7.112231 -9.456422 -3.164080 2.507200 -5.438836 -10.755531 -9.579125 14.694137 -9.745233 0.786662 -20.527863 10.117859 15.199357 -20.488192 -6.022470 -6.821421
0.574511 31.646936 -17.418804 -6.993934 -1.074252 11.190628 0.953356 -0.336722 -14.325658 3.518290 -4.387888 6.021630 2.438191 -2.019846 7.016457 -9.450815 -3.217308 2.564936 -5.367191 -10.704239 -9.610009 14.013514 -9.621680 0.579548 -20.529320 10.001331 15.673224 -20.441061 -5.895918 -6.757722
0.389479 31.943966 -17.546026 -7.024785 -1.025691 10.997931 1.004391 -0.511748 -14.464585 3.805586 -4.363951 6.083006 2.315150 -1.913151 7.062011 -9.517310 -3.210593 2.691625 -5.379939 -10.758753 -9.788046 13.866514 -9.719543 0.634242 -20.340033 10.031383 15.786283 -20.449574 -5.883093 -6.576069
0.597606 31.810465 -17.495741 -7.057233 -0.874867 10.993066 1.038825 -0.318365 -14.374935 3.515860 -4.423048 6.022430 2.280740 -1.888880 6.995357 -9.634847 -3.205769 2.468765 -5.308418 -10.807254 -9.837415 13.898002 -9.682567 0.735780 -20.348604 10.133388 15.664084 -20.586067 -5.725408 -6.480987
0.626535 31.586109 -17.532846 -7.188265 -1.051861 11.290208 1.128638 -0.224962 -14.416986 3.375850 -4.397506 6.015078 2.413449 -1.882972 6.931350 -9.540443 -3.157517 2.538614 -5.452265 -10.698816 -9.760936 13.608034 -9.437956 1.244299 -20.177616 10.530390 15.099017 -21.548937 -5.296225 -7.718265
0.738920 31.544748 -17.570835 -7.327284 -1.170331 11.266896 0.910094 -0.199115 -14.307502 3.366519 -4.359772 5.932387 2.536878 -1.847912 7.007927 -9.527452 -3.118145 2.527925 -5.485569 -10.689889 -9.536099 13.933742 -9.640067 1.141653 -20.222548 10.526830 15.095654 -21.059452 -5.444390 -7.486662
0.776881 31.250504 -17.577162 -7.316133 -1.265077 11.304840 0.468925 0.006992 -14.175060 3.276319 -4.288040 5.803028 2.773843 -1.833817 7.107004 -9.494482 -3.111967 2.539269 -5.567010 -10.683189 -9.257864 14.159371 -9.560266 1.160815 -20.559502 10.595301 14.750054 -21.272146 -5.107272 -7.826631
0.782814 31.277657 -17.490576 -7.359792 -1.323931 11.418954 0.584095 -0.090313 -14.255744 3.307084 -4.253118 5.815551 2.824454 -1.832219 7.107831 -9.417409 -3.122206 2.459235 -5.603732 -10.615111 -9.148174 14.166803 -9.597136 1.179442 -20.586382 10.692234 14.809838 -21.307806 -5.073834 -7.892707
0.786027 31.268312 -17.486555 -7.337102 -1.323847 11.429791 0.587383 -0.082303 -14.247647 3.300609 -4.240356 5.815070 2.826619 -1.835033 7.107937 -9.414695 -3.130154 2.460379 -5.617582 -10.608080 -9.111382 14.188321 -9.625960 1.178248 -20.579201 10.703773 14.836906 -21.231035 -5.091667 -7.838782
0.668750 31.515467 -17.705622 -7.125485 -1.028950 11.108567 0.467847 -0.308595 -13.962626 3.383931 -4.126157 6.276320 2.685386 -1.726626 7.020194 -9.372988 -3.367102 2.308116 -5.564987 -10.616319 -9.130401 13.557825 -9.563972 0.429181 -20.688032 10.371746 15.982308 -20.486168 -5.356391 -7.422688
0.575067 32.087624 -18.064495 -6.169709 -1.040756 11.177159 0.714487 -0.479538 -13.798212 3.830615 -4.125128 6.547276 2.574676 -1.760681 7.127792 -9.191979 -3.553425 2.335297 -5.378411 -10.609035 -8.868087 13.606820 -9.806483 -0.111172 -20.679602 9.795311 16.896570 -19.054886 -6.198905 -6.400072
0.413140 31.181610 -17.816271 -6.597252 -1.321534 10.991583 -0.752546 0.345721 -13.073521 3.387900 -4.015702 6.830177 2.397435 -1.749395 6.719271 -9.310715 -3.825356 1.704129 -5.328999 -10.558889 -8.021726 12.558356 -9.884924 -0.528217 -20.136015 9.966366 18.771917 -17.556791 -6.390007 -6.209706
0.429647 30.580162 -17.868687 -5.991349 -1.331592 10.941096 -2.112941 1.146525 -12.267525 3.229917 -3.965664 7.304620 2.060992 -1.705787 6.577515 -9.328654 -4.119955 1.478768 -5.136899 -10.523861 -7.316190 11.085451 -10.279477 -0.698645 -19.800177 9.927153 20.728922 -15.763482 -6.551877 -4.757228
0.300348 30.416542 -18.114311 -5.819747 -1.205034 10.412884 -2.906550 1.605263 -11.576712 3.235704 -3.996680 7.245177 1.666476 -1.542142 6.577221 -9.723281 -4.319768 1.128878 -4.871753 -10.550188 -7.652389 10.080583 -10.653478 -0.922587 -19.364271 9.448114 21.968920 -14.911866 -7.179991 -3.558000
0.404839 30.338499 -18.173861 -6.021491 -0.930708 9.753505 -3.710879 2.025617 -11.177195 3.150697 -3.956028 7.508082 1.607162 -1.504066 6.517207 -9.662354 -4.513278 1.164978 -4.769269 -10.436928 -7.621726 9.534122 -10.608747 -0.726900 -18.612797 9.499257 22.437674 -14.050374 -8.078403 -3.615391
0.477732 30.112667 -18.322254 -6.147389 -0.899279 9.367085 -4.343160 2.377692 -10.895650 2.960598 -3.973206 7.290449 1.584478 -1.444309 6.420766 -9.898223 -4.685462 1.021998 -4.721800 -10.315351 -7.475084 9.579372 -10.819869 -0.580775 -18.523691 9.325835 22.484276 -13.696223 -8.362636 -3.267093
0.575678 30.028711 -18.412561 -6.122214 -0.591055 9.272899 -5.092428 2.985335 -10.492057 2.663542 -4.317102 7.002330 0.702853 -1.976713 5.670514 -10.752500 -4.957367 0.644709 -4.155350 -10.606229 -7.492902 8.840248 -11.052431 -0.246126 -17.799604 8.625986 23.356741 -12.480013 -9.912329 -1.644498
1.963223 31.545368 -16.263132 -5.652430 1.535509 8.336825 -3.659036 3.748937 -9.567262 1.643784 -4.428880 6.788970 0.067148 -2.544017 4.367105 -11.462814 -4.879269 -0.320686 -4.479578 -10.436821 -5.910637 9.845268 -10.400729 0.550173 -14.736340 11.222453 23.706831 -6.990652 -13.662787 -0.440429
3.291147 31.529564 -15.844995 -4.094495 3.169075 7.526404 -3.287068 4.319111 -8.760983 1.372442 -4.189575 8.148803 0.085003 -2.780138 3.310155 -11.233804 -4.539187 -0.857350 -4.972876 -10.282677 -5.082280 9.208347 -10.463452 2.031438 -13.622993 10.459959 24.924644 -4.540865 -13.721669 6.049294
3.889485 30.444412 -16.180651 -2.025629 3.420573 7.799190 -3.914233 5.044519 -7.604296 1.192387 -4.124470 9.013577 -0.018550 -3.181222 2.987590 -10.619805 -4.597820 -1.010043 -4.895732 -9.749126 -4.316188 8.330780 -11.366555 2.425892 -13.954754 9.604582 26.083588 -3.731947 -13.194534 8.589978
3.623026 29.644920 -16.991819 0.479607 3.925496 7.998662 -3.916585 5.008152 -7.159049 1.820027 -3.986069 8.996307 -0.403661 -2.896783 3.578943 -10.376182 -4.626306 -1.222316 -4.689926 -10.213329 -4.194717 7.945853 -12.615529 2.877906 -13.880651 9.753846 26.562620 -3.666245 -12.738056 9.614579
3.407790 29.395847 -17.300898 0.582098 3.869892 7.882603 -4.206297 4.953977 -7.048300 2.030192 -4.081941 9.003372 -0.452607 -3.019557 3.597213 -10.357160 -4.554234 -1.161397 -4.564817 -10.211571 -4.359886 7.725297 -12.594562 2.968820 -13.752991 9.613401 26.582582 -3.824448 -12.672035 9.827977
4.042868 28.902634 -17.080017 0.514078 4.283284 9.510776 -3.197767 4.791305 -6.697068 0.584983 -3.451170 9.185311 1.163114 -1.981850 3.200452 -10.751063 -3.537861 -2.856177 -5.407753 -11.063805 -2.467147 6.821090 -9.253421 4.675742 -12.234869 9.817430 24.246042 -2.350467 -12.981368 12.837199
4.565808 27.446560 -18.004686 3.487867 3.938821 11.012603 -1.986830 4.850022 -6.338935 0.439976 -3.244994 9.485801 2.140433 -1.634307 4.015577 -10.322413 -2.825790 -3.687097 -5.126090 -11.838946 -1.249151 8.260469 -10.335191 6.663971 -11.679480 11.078207 23.819391 -0.272801 -13.695415 13.192603
4.428604 25.722897 -20.408560 5.907485 5.575377 10.719653 -0.600966 3.916209 -5.161345 0.080070 -2.897905 8.389677 3.711506 -1.763302 5.484583 -9.380315 -2.296818 -4.928855 -5.186561 -12.288616 0.156763 9.286070 -13.561469 10.802857 -10.343070 12.950777 22.848963 1.246749 -13.906693 12.881063
4.181290 24.822815 -21.271082 6.873307 5.869606 11.101900 -0.087339 3.790389 -4.652901 -0.106825 -2.796338 8.602079 4.496277 -1.713821 5.952610 -9.243911 -1.877403 -5.669985 -4.839730 -12.307339 -0.179935 8.881266 -14.171056 12.883310 -9.266505 13.686501 22.577158 1.336579 -14.355553 13.648785
4.063010 24.455933 -21.366140 6.807550 5.880119 11.036576 -0.307254 3.886075 -4.643271 -0.205159 -2.863342 8.524154 4.627425 -1.736770 6.037313 -9.271058 -1.875738 -5.725022 -4.716528 -12.231750 -0.347460 9.025516 -14.612292 13.552171 -9.040665 13.926022 22.109072 1.105636 -14.186396 13.529243
