1.313586 25.594494 -10.500141 2.996876 4.024345 -4.871553 11.767980 14.096190 20.800558 -3.917618 -3.510160 6.369583 -0.570051 -9.690891 9.824760 0.047861 -1.808465 -0.114133 -4.957833 -6.163887 8.836514 6.019017 10.221242 -13.551735 -12.081463 10.943727 0.797642 -27.193266 -2.127396 20.658447
-9.844993 22.443722 2.909001 1.358413 11.828257 3.887924 14.178187 12.559194 25.159206 -3.087573 1.828191 7.253638 -3.884159 -9.501270 4.916909 1.319292 3.034703 0.071370 -4.522482 -4.868492 0.607645 0.670687 3.390691 -12.436185 -15.050259 6.049287 -10.379497 -21.974619 -7.049181 23.284943
-10.274051 22.790558 6.167777 1.427066 11.741682 3.294408 13.575456 12.985421 26.066042 -2.262702 1.194317 7.912643 -4.775652 -9.489424 4.700112 1.623768 4.232970 0.511784 -4.652335 -4.129982 1.551954 -0.530704 1.721290 -14.885360 -15.071489 5.693578 -11.312977 -19.578981 -6.859227 25.950996
-11.585358 22.003212 8.932483 2.317512 13.235994 2.762367 13.399621 14.008375 26.291178 -1.309786 1.159024 8.698351 -5.841825 -9.125708 5.122984 2.267005 5.182819 1.212934 -5.269248 -3.423285 1.970435 -1.605288 -0.253176 -15.531484 -14.901705 5.103480 -12.372354 -17.624142 -6.758722 28.040295
-13.509216 21.263731 11.483388 1.892784 13.171893 2.024609 13.105582 14.127460 25.469213 -0.202003 0.956359 8.527027 -6.749942 -8.533821 5.252889 1.992863 6.053920 1.833501 -5.407983 -3.212306 3.197251 -3.765161 -2.477472 -15.248416 -13.930698 3.786869 -14.292974 -16.290674 -6.845618 29.062584
-15.021201 21.713711 13.253809 -0.325370 12.544160 2.084422 9.336985 13.628966 22.199507 2.846621 -0.480579 8.471401 -8.163260 -7.657684 6.488639 1.025244 6.929174 2.008508 -5.870382 -2.343646 2.826625 -7.968286 -4.333834 -14.196170 -10.566525 3.821082 -14.638680 -16.124550 -7.020721 30.078629
-16.937962 22.487484 14.744579 -2.182101 10.302641 2.746346 5.472641 13.779182 19.891539 6.273070 -1.939118 7.612280 -10.320747 -7.136476 7.438493 -0.064722 7.516163 2.559750 -5.670549 -1.853285 2.759853 -11.202356 -5.992595 -13.694423 -6.524372 5.201591 -13.772847 -13.967772 -6.884148 30.703465
-18.474266 23.052818 16.108894 -3.803653 8.703541 0.175718 1.651681 14.674663 16.726824 10.606199 -2.564069 6.357499 -10.680398 -6.425717 7.609829 -0.999517 8.533823 3.402236 -5.560549 -0.830214 0.567253 -13.285581 -9.086137 -14.040170 -4.780684 5.963448 -13.637235 -11.177087 -7.506495 30.666325
-16.427189 21.984829 17.315123 -2.011194 7.988687 -1.126018 -0.133798 16.237566 15.562514 10.693868 -3.580946 6.034139 -10.450454 -6.494572 7.148973 -1.882504 9.143574 3.245502 -5.070997 -0.227618 1.522308 -12.834132 -10.549682 -16.332775 -4.289394 7.032084 -14.195714 -8.580653 -7.935391 30.474117
-13.357665 20.473030 18.771852 0.738669 8.235712 0.436321 -0.487599 18.386883 14.704877 9.321776 -3.899142 7.035535 -9.355668 -6.817228 7.056006 -0.987265 10.205221 2.559671 -5.991488 0.921511 5.572567 -11.698317 -11.278475 -16.476967 -4.291516 6.366528 -14.811746 -6.078608 -7.791143 30.951344
-11.028376 19.692274 20.844534 1.062199 8.945374 2.062412 0.886777 20.440840 14.158919 6.299592 -3.750895 7.682178 -8.081455 -6.555722 6.749867 -0.314246 10.983881 2.208190 -7.205259 1.715255 9.706707 -10.138085 -12.301585 -18.571835 -5.897637 4.906453 -17.049467 -7.210734 -6.295278 31.184628
-11.507773 17.760342 23.563307 -0.019359 8.545950 4.806008 2.408548 22.219564 13.513139 2.792001 -3.946290 8.467514 -5.395478 -6.786915 6.740544 0.775311 11.612894 1.919413 -8.456883 2.978585 13.492496 -5.935660 -14.054887 -18.253193 -7.606385 4.505963 -19.717039 -9.049779 -5.901866 30.090345
-11.447995 16.821829 24.044409 0.202309 8.673323 5.748294 3.260563 22.644571 13.648780 1.379728 -3.696998 8.860998 -4.530423 -6.838375 6.618853 1.196751 11.694704 2.032316 -8.647174 3.427896 15.420120 -4.701874 -14.572104 -19.030025 -8.732483 3.741779 -20.301538 -9.711448 -5.583457 29.461922
-11.580522 16.539219 24.189045 -0.069076 8.819511 5.857096 3.454552 22.731958 13.535254 0.844859 -3.604721 8.814226 -4.316217 -6.839211 6.639673 1.313338 11.749903 2.067930 -8.710143 3.495951 15.443208 -4.249970 -14.802870 -18.704851 -9.072954 3.765582 -20.640732 -10.153603 -5.486640 29.095739
-11.552462 16.405075 24.230045 -0.009833 8.834217 5.857067 3.579459 22.828178 13.617596 0.801581 -3.598926 8.815565 -4.290599 -6.842597 6.649146 1.339080 11.769686 2.042034 -8.716687 3.565864 15.453266 -4.321048 -14.843274 -18.699301 -9.036580 3.823899 -20.670076 -10.255114 -5.342889 28.993635
-11.594428 16.423790 24.238329 -0.045291 8.729090 5.855289 3.638517 22.837561 13.622226 0.812515 -3.591690 8.814068 -4.273703 -6.828719 6.669563 1.347963 11.760777 2.054760 -8.734264 3.562826 15.438032 -4.300589 -14.815750 -18.699520 -9.014147 3.841541 -20.742407 -10.243413 -5.394691 28.991283
-11.643632 16.435112 24.219900 -0.060934 8.769710 5.828358 3.631565 22.787481 13.609767 0.809028 -3.570266 8.809946 -4.304023 -6.794802 6.684084 1.334914 11.765690 2.092744 -8.754716 3.512128 15.432574 -4.273646 -14.801100 -18.716629 -8.990119 3.831681 -20.738514 -10.151635 -5.520126 29.034458
-11.657223 16.466045 24.260614 -0.096801 8.753462 5.851508 3.616893 22.804581 13.566051 0.819701 -3.561885 8.800849 -4.299702 -6.794545 6.685965 1.333556 11.768373 2.105099 -8.756255 3.509130 15.433872 -4.261288 -14.864135 -18.700653 -8.987082 3.838521 -20.715578 -10.160431 -5.502285 29.044970
-11.660574 16.474630 24.253969 -0.107016 8.776038 5.826949 3.624095 22.788933 13.563333 0.827287 -3.566995 8.802982 -4.306024 -6.799992 6.681037 1.328593 11.763752 2.104352 -8.753287 3.495171 15.425515 -4.257893 -14.868257 -18.674437 -8.964273 3.864047 -20.725008 -10.148488 -5.507101 29.045637
-11.733758 16.422127 24.211348 -0.072521 8.772200 5.738797 3.778554 22.747271 13.684115 0.806686 -3.564808 8.782114 -4.276934 -6.788013 6.701129 1.353480 11.773636 2.096824 -8.779283 3.511626 15.412433 -4.273679 -14.839612 -18.696384 -9.001162 3.838052 -20.714106 -10.139656 -5.520053 29.033585
-11.696404 16.479790 24.283564 -0.131172 8.776462 5.764583 3.643543 22.801825 13.608102 0.822873 -3.563668 8.775949 -4.283060 -6.809756 6.689944 1.367658 11.786310 2.109187 -8.768397 3.520653 15.430493 -4.192776 -14.902566 -18.682796 -9.057374 3.855610 -20.767010 -10.151030 -5.522295 29.020372
-11.681980 16.515366 24.304571 -0.163397 8.779961 5.773905 3.575490 22.804295 13.573766 0.844933 -3.565856 8.791918 -4.300747 -6.815859 6.670528 1.336267 11.775854 2.115185 -8.736189 3.517763 15.447786 -4.255263 -14.873157 -18.690723 -9.009422 3.838656 -20.730499 -10.161229 -5.497355 29.044525
-12.660973 6.735358 21.074469 3.230908 14.449129 -1.340961 6.309386 21.187536 13.712264 -0.384159 -2.418303 8.689740 -4.309024 -3.428245 7.292004 0.498395 12.395721 0.583274 -9.540428 6.153358 14.995610 -7.794055 -13.571782 -23.364407 -7.112682 5.811878 -21.413755 -10.606564 -3.949082 16.686954
-11.907493 -0.699565 13.937243 7.158747 12.694880 -6.129015 -1.037349 24.682943 13.215175 3.699064 -0.348073 7.605945 -6.299786 -1.822718 4.863776 -1.040957 13.057350 -1.594589 -8.973153 6.210328 9.151023 -8.245347 -12.794417 -17.518192 -6.543983 13.657055 -21.085318 -4.023119 -2.394678 8.358350
-11.893044 -0.979113 13.966099 6.032775 11.271000 -4.993038 -5.268230 25.627625 12.850264 4.028089 -0.025119 6.920309 -6.499167 -1.652361 4.739013 -1.391436 13.207382 -1.432320 -8.872202 5.966369 8.077558 -8.809414 -12.592282 -15.970910 -7.542266 13.939654 -20.811216 -3.435942 -1.651687 7.846641
-13.226441 -0.118175 14.454579 5.875287 11.175920 -5.521631 -4.902608 25.173733 12.827397 5.066636 -0.101909 6.616088 -6.394873 -1.799838 4.887482 -1.500123 13.260475 -0.733783 -8.397826 5.588423 7.224739 -9.573215 -13.679866 -14.963931 -7.312419 13.567343 -19.983116 -2.898420 -1.696557 8.325570
-13.449372 0.142165 14.285028 6.180589 11.694412 -5.740472 -4.534367 25.033405 12.919273 5.326752 -0.128978 6.574775 -6.346796 -1.736972 4.834194 -1.642394 13.294640 -0.824531 -8.397073 5.633700 7.347444 -9.440814 -13.611672 -15.202305 -7.411146 13.602847 -20.135607 -2.817938 -1.893444 8.011655
-14.505923 1.130538 14.284516 5.404841 11.681385 -5.579459 -4.268724 23.680101 12.761797 6.095572 0.017888 5.654199 -6.174669 -1.648032 5.189376 -1.929927 13.214136 0.086872 -8.302027 5.181398 6.478048 -10.612112 -13.648240 -13.709025 -6.928657 13.137830 -20.480728 -3.424081 -1.663715 9.263637
-16.677486 1.364442 14.631412 4.483729 10.730329 -5.883128 -3.944065 22.641691 12.963602 6.718492 0.071698 5.062620 -6.215038 -1.536732 5.158337 -2.506905 13.273808 1.128374 -7.578767 4.563498 5.962423 -11.858067 -14.915196 -11.569257 -7.009691 11.749927 -18.925262 -2.958353 -1.572152 10.254455
-16.760208 0.820221 14.724346 4.587750 10.390739 -6.002406 -2.669032 22.565722 12.950067 6.276883 0.113115 5.272532 -6.063961 -1.405829 5.191235 -2.337459 13.426611 1.351617 -7.683834 4.668410 6.136028 -11.708067 -15.012912 -11.373998 -7.117559 11.959805 -18.836172 -3.086417 -1.195224 10.434646
-18.633076 1.792246 15.740180 3.458888 9.621029 -5.385483 -1.691585 21.345631 12.539250 6.699319 0.674703 4.426107 -5.832048 -1.442831 5.123495 -2.474653 13.548273 2.013837 -7.315605 4.166343 5.403581 -12.064707 -15.426115 -9.794644 -7.862434 11.372033 -18.625490 -2.558153 -1.699680 10.763688
-18.455437 1.204367 15.421906 3.514147 9.365620 -5.380184 -1.234121 21.457037 12.788805 6.390884 0.388451 4.661087 -5.870641 -1.464098 5.068649 -2.601740 13.641167 1.619929 -7.309339 4.438613 5.794154 -11.677107 -15.650710 -10.158767 -7.836792 11.433952 -18.704950 -2.481362 -1.708578 10.377851
-20.013748 1.916766 16.082083 2.617086 8.828601 -5.334865 -0.955065 20.239542 12.908347 7.179306 0.555364 4.052948 -5.594848 -1.358070 5.184508 -2.930845 13.720585 2.634516 -6.939517 3.910981 5.465471 -12.587123 -16.196314 -8.772912 -7.669550 10.799992 -17.963045 -2.199409 -1.762706 11.021806
-19.324358 0.968817 16.440626 2.367415 8.386065 -5.119576 -0.525245 21.115355 12.930099 6.346924 0.514911 4.175349 -5.657121 -1.507526 5.165071 -2.662351 13.743874 2.295598 -7.075202 4.160253 5.662914 -12.123346 -16.118990 -9.230659 -7.965244 11.086947 -18.490248 -2.427348 -1.456423 10.519606
-20.771927 1.177404 17.056328 1.737239 7.514153 -4.714223 -1.191688 20.851515 13.207344 6.695354 0.802743 3.486617 -5.460240 -1.350933 5.254076 -2.797717 13.597879 2.691885 -6.807455 3.681306 5.356282 -13.076625 -15.964555 -7.628032 -7.740741 10.277799 -18.160692 -2.477877 -1.284312 11.525661
-19.578754 0.274837 17.379646 2.229120 7.708230 -4.479491 -0.463572 21.710253 13.192014 5.550440 0.680234 4.217010 -5.587910 -1.336851 5.130731 -2.440702 13.789495 2.246998 -7.239692 4.224583 5.721031 -12.280865 -16.027319 -9.019200 -7.965023 10.990915 -18.617830 -2.895888 -1.022539 10.596900
-21.189476 1.217130 17.718916 1.846396 6.920386 -3.965573 -0.249228 20.560078 13.206873 6.729988 0.709951 3.461113 -5.720826 -1.408316 5.134581 -3.056232 13.469013 2.895455 -6.610283 3.606654 5.182902 -13.470336 -16.564861 -7.321817 -7.468375 10.196491 -17.673122 -2.586460 -1.263273 11.651799
-21.665241 1.678132 18.091516 1.256386 6.376435 -3.297696 -0.421866 20.192257 12.899176 7.030646 0.919093 3.118583 -5.509768 -1.426602 5.193555 -3.122649 13.437635 3.310270 -6.277669 3.257952 5.061736 -14.169603 -17.103121 -6.216265 -7.714511 9.667412 -17.272516 -2.163902 -0.850044 12.389949
-21.373535 1.366191 18.009398 1.833968 6.849312 -3.592628 0.039674 20.341398 12.979052 6.816215 0.710899 3.476722 -5.675223 -1.348000 5.183090 -3.105591 13.509426 2.851689 -6.599965 3.563210 5.288658 -13.493647 -16.620779 -7.245948 -7.568554 10.131802 -17.613583 -2.396830 -1.284071 11.746484
-21.757500 1.734264 18.314550 1.196620 6.320032 -3.101413 -0.449284 20.115667 12.703768 7.029586 0.904286 3.162682 -5.425996 -1.378011 5.212441 -3.093002 13.504524 3.267795 -6.254004 3.144872 5.086106 -14.223002 -16.982656 -6.175496 -7.744791 9.557848 -17.307520 -2.191707 -0.869347 12.544535
