-13.183059 24.916418 -20.265718 21.055410 -9.941715 -4.389723 0.671248 0.984085 4.858194 -8.288116 -3.516828 6.318091 -0.527127 -9.688206 9.827695 0.042593 -1.834094 -0.150359 -4.958003 -6.153812 1.829293 15.032589 -10.192283 -0.046284 -29.339453 6.417444 11.378549 -16.468153 2.266787 9.833200
-13.727120 24.858021 -20.515663 21.193823 -10.444297 -5.021680 1.323400 0.752594 5.427276 -8.568764 -3.578376 6.389091 -0.536554 -9.660722 9.843089 0.042408 -1.837831 -0.212983 -5.010042 -6.098004 1.893546 15.227895 -10.571282 -0.037166 -29.534376 6.310061 11.415236 -16.408422 2.243356 9.619156
-13.510924 5.934497 -22.596094 13.145269 -14.800924 7.564129 0.005102 3.539797 8.336137 -22.155260 -0.198467 7.587202 3.091048 -5.740798 10.548397 0.088337 -4.621513 -3.536186 -6.033981 0.018173 16.282473 12.341227 -8.928744 5.032318 -23.331850 -3.742783 15.344634 -3.817316 -12.971426 5.692693
-14.595338 -0.726828 -17.288036 9.872277 -5.755997 17.018732 1.582619 5.489957 13.106962 -18.285585 5.340483 7.250788 1.962000 -5.399025 5.897704 0.620303 -3.327296 -3.732453 -4.758832 2.067358 14.335004 8.241823 -12.276425 5.742076 -19.146454 -6.297721 6.045604 -0.394426 -19.752657 3.840006
-12.571183 0.239743 -19.229624 8.910654 -7.366913 14.173437 -0.204842 6.332171 13.629439 -18.628065 4.310959 6.816948 2.168828 -5.289853 6.961553 -0.053476 -4.590597 -3.493736 -4.937167 0.922014 14.923742 10.888809 -11.583174 4.874867 -20.848372 -6.048648 8.707255 -1.392275 -19.024294 2.520557
-13.404087 1.386441 -24.111025 9.326470 -10.633357 7.136299 -2.965740 3.325009 11.631248 -21.194944 1.848072 6.672563 2.318647 -4.374672 8.975772 -1.040263 -6.013891 -4.037280 -5.839304 0.287676 15.387972 12.143840 -10.504554 4.014111 -22.246172 -6.076066 14.937175 -3.846963 -16.840261 0.015932
-13.736670 1.936793 -26.099863 8.297758 -11.038722 3.243620 -5.145653 2.228014 11.166185 -22.550787 0.595907 6.251257 2.244127 -3.670899 9.928352 -2.092746 -6.626388 -4.411271 -6.397354 -0.275444 14.216990 11.998920 -9.556575 2.908088 -21.962234 -5.801152 17.567644 -5.497772 -16.023378 -1.274835
-13.156768 2.206880 -27.277487 7.257787 -11.022400 0.954454 -7.639496 1.672314 10.515075 -23.082991 0.139145 5.892924 2.167882 -3.129011 10.097140 -2.694550 -7.072494 -4.357380 -6.711062 -0.490350 13.251815 10.988770 -7.219087 3.129721 -21.802610 -5.715764 18.085726 -7.051945 -15.661843 -2.249269
-12.786300 2.012788 -28.329107 6.259665 -10.288943 -0.092766 -9.815417 1.677542 10.696335 -22.876850 0.021392 5.897039 1.939800 -2.799468 9.946232 -3.151680 -7.534003 -4.190688 -6.529087 -0.984696 12.270024 10.984518 -6.254400 2.622669 -21.755857 -5.660497 18.317276 -7.715442 -15.767462 -2.910092
-12.182025 1.745519 -29.803686 5.568372 -8.933380 -1.190852 -11.795609 1.718109 10.100934 -22.591875 -0.186173 5.787813 1.948866 -2.274239 9.629273 -3.842934 -7.893994 -4.383918 -6.522112 -1.548110 11.954932 10.843555 -4.128432 2.112030 -21.576147 -6.021873 17.361200 -9.052794 -15.646092 -4.472057
-11.597984 1.267558 -30.196741 5.326962 -6.408026 -2.773319 -13.634887 1.878500 9.668290 -22.601240 -0.051451 6.038475 1.606323 -1.591935 9.147216 -4.235703 -8.078218 -4.536688 -6.913360 -2.259195 11.153087 11.243395 -1.790125 1.102486 -21.487602 -5.751447 16.425421 -10.397717 -15.803064 -6.785061
-12.198739 1.063314 -30.274139 5.105809 -4.568028 -4.975829 -14.907763 2.428689 9.904645 -22.197302 0.173666 6.250660 1.744409 -1.060204 8.918642 -4.406473 -7.850741 -4.539884 -7.176668 -2.833409 9.258703 11.320956 -1.067548 1.087122 -20.908361 -5.453875 15.684768 -12.098487 -16.013016 -8.162588
-12.727843 1.795851 -29.494171 4.257327 -3.198215 -6.277173 -16.157749 3.029673 8.991557 -21.858431 0.365546 5.959754 2.297950 -0.326341 9.115223 -4.471900 -7.319740 -4.257261 -7.856706 -3.181996 7.032432 10.564716 -1.019283 2.635422 -20.005480 -5.330358 14.888575 -14.044509 -15.663526 -8.228932
-12.953811 3.220978 -29.057306 4.016416 -1.610252 -6.731937 -17.467693 3.176978 7.719724 -21.131124 0.571717 5.739092 3.207099 0.069706 9.484126 -4.129001 -6.773305 -3.977496 -8.427836 -3.189046 4.403176 9.354796 -0.893548 4.061066 -19.588507 -5.279129 15.052926 -15.959079 -15.045967 -7.114365
-13.056661 4.931694 -28.318085 3.551123 -1.953629 -7.321403 -18.854000 3.923056 7.118667 -20.219152 0.782487 5.713645 4.885600 0.299432 9.890653 -3.237204 -5.982306 -3.333892 -9.193540 -3.000466 2.634162 7.673871 0.148544 4.611533 -19.394712 -3.992022 14.862926 -17.912252 -13.364799 -6.401791
-13.098081 7.488274 -27.513987 3.691713 -2.114132 -6.995353 -20.871082 4.817725 6.695035 -19.347967 1.100196 5.865128 6.264632 0.284257 10.097960 -1.827975 -5.284908 -3.218502 -10.078626 -2.532786 1.890793 5.213349 0.939661 5.141857 -19.230642 -2.780252 14.350635 -19.714945 -11.204722 -6.815158
-12.897424 9.788691 -25.872854 3.184618 -2.813204 -5.985651 -22.570646 5.511068 5.864818 -18.347900 1.107547 5.510906 7.235271 -0.030252 10.405392 -0.821117 -4.730885 -3.035507 -10.525109 -1.920490 1.190918 3.026078 1.729746 5.335544 -19.768183 -1.779813 12.935175 -22.700693 -8.562118 -7.863216
-13.106154 9.947787 -25.494352 3.352345 -3.279730 -6.372723 -21.824505 6.214309 5.210817 -18.138807 0.991909 5.226502 7.800152 -0.109913 10.592049 -0.780516 -4.577977 -2.819923 -10.563859 -1.704892 1.962971 2.360677 1.273474 5.138680 -20.443090 -2.287060 13.629924 -22.690912 -7.964219 -6.772887
-13.331207 9.328165 -25.429735 3.179074 -3.633635 -6.607711 -21.330597 6.823531 4.926301 -18.181496 0.906768 5.195702 7.901362 -0.138016 10.516283 -0.975814 -4.649848 -2.802969 -10.541494 -1.796431 2.088059 2.348217 1.104288 5.031038 -20.407503 -2.454846 14.386746 -22.000111 -8.111465 -5.684043
-13.957597 8.907202 -25.335699 2.874808 -3.964921 -7.471843 -21.132143 7.062325 5.096184 -18.372137 0.855058 5.096216 7.988952 -0.158288 10.625110 -0.966579 -4.625188 -2.772372 -10.565173 -1.767430 2.405359 2.198582 0.284361 5.257442 -20.531719 -2.754069 14.908356 -21.597099 -8.150517 -5.200609
-14.065984 8.497581 -25.238745 2.681019 -4.008500 -7.705605 -20.958782 7.455767 5.156194 -18.294569 0.782283 4.964859 8.016075 -0.166328 10.786757 -1.032004 -4.681561 -2.760046 -10.531104 -1.748623 2.817525 2.267226 -0.094998 5.364650 -20.549566 -3.008614 15.295376 -21.339426 -8.162903 -5.018869
-14.490849 7.887869 -25.103033 2.539058 -4.175586 -8.128587 -20.833643 7.672033 5.340209 -18.405909 0.716364 4.875356 7.992676 -0.251440 10.838486 -1.093679 -4.678564 -2.791586 -10.463504 -1.682871 3.003937 2.401027 -0.786939 5.459541 -20.550890 -3.149335 15.378516 -21.272797 -8.235474 -5.121249
-15.664245 4.721421 -25.744684 2.711380 -3.685439 -9.095233 -19.554882 6.733500 6.486463 -19.268223 0.923848 5.003041 6.139533 -0.153278 11.055256 -1.369903 -5.047479 -3.059525 -9.978957 -1.972377 4.062572 3.372470 -2.247712 5.274512 -19.814825 -3.707240 15.153596 -18.199684 -10.595058 -6.841123
-18.394438 -2.542372 -17.206146 4.730898 6.211352 6.839987 -14.074988 5.152692 16.420559 -17.790001 7.345828 6.377394 1.331678 -0.874934 5.338355 -0.455051 -2.692577 -4.364459 -7.715285 -0.388470 -0.391979 6.031112 -6.019166 3.837005 -16.435654 -2.542510 0.394851 -6.715022 -22.519234 -3.905429
-16.888084 -0.901583 -20.572479 4.487376 4.640730 2.986516 -14.565596 5.232277 15.043735 -17.575855 6.153118 5.751574 2.155441 -0.983866 6.282761 -0.962328 -3.946852 -3.686098 -7.542964 -1.217999 0.569247 7.179975 -3.853749 2.428465 -17.930716 -3.268910 3.239997 -10.140419 -20.557291 -5.225556
-17.056965 -3.141097 -19.569441 5.976400 5.888145 6.703648 -13.143449 4.191780 16.118305 -17.940050 7.138284 6.664105 0.562108 -1.000229 5.157111 -0.893817 -3.725049 -4.267450 -7.368602 -0.733416 -1.550420 7.609774 -4.506057 1.688394 -16.345549 -1.887463 1.755139 -6.403687 -24.398191 -3.669502
-15.580182 -4.255245 -19.927200 3.948062 4.747602 7.672325 -12.732412 6.737194 17.171797 -18.478323 6.938645 5.389561 0.864199 -1.498079 4.992922 -1.966334 -4.188623 -4.714347 -6.721398 -0.676639 2.426728 8.903344 -3.712538 2.205968 -16.453075 -2.803367 0.229601 -7.181417 -23.858223 -5.736347
-14.198680 -4.779351 -20.291664 4.234076 5.191582 8.516816 -12.602641 7.010945 16.283411 -18.541349 6.665239 5.163263 0.474665 -1.778147 4.701413 -2.508317 -4.704497 -4.954783 -6.166175 -0.538337 4.253718 10.023703 -2.342479 0.966818 -16.605894 -2.791842 -0.287237 -5.549243 -24.842806 -6.110375
-12.753797 -5.598548 -21.810902 5.637780 4.760354 8.976692 -12.226786 6.427454 15.324531 -19.121178 6.192675 5.279772 -0.211310 -2.127851 4.403418 -2.974358 -5.254285 -5.340172 -5.818223 -0.547743 5.658235 9.877397 -0.172606 -0.146987 -16.596750 -2.742936 0.134933 -4.449684 -24.998501 -5.587988
-14.767450 -9.718245 -9.471169 5.940151 9.694577 25.076954 -9.361260 9.002688 15.618077 -16.256311 9.086062 5.476292 -2.838494 -3.175262 3.133719 -0.632932 -0.959967 -5.560311 -5.071058 0.931258 2.807699 0.679240 -1.164626 9.534869 -12.892958 -3.079999 -8.203612 3.224479 -26.549337 4.116871
-10.646229 -7.463426 -17.775942 7.961565 5.704872 17.503225 -11.035709 6.918907 12.725403 -19.273235 7.080795 4.860750 -0.999588 -3.456336 4.281638 -1.399947 -4.326890 -5.960345 -5.337424 0.881464 7.890510 6.263582 0.985719 2.566668 -15.105976 -2.952024 -2.083154 1.468428 -26.312487 0.785379
-12.131244 -8.983465 -11.017885 10.777182 8.178289 25.995962 -9.168639 6.821599 10.888013 -18.248909 9.101836 6.505446 -2.434517 -3.911037 4.438372 1.735057 -1.813855 -5.785419 -5.971000 1.868283 4.792121 -0.620351 -0.655868 6.251029 -14.844692 -2.639972 -2.897726 5.843716 -25.721098 7.714146
-7.218871 -7.352310 -19.558168 13.048258 3.852011 18.455832 -10.245688 6.902003 7.399539 -20.359848 6.155925 4.903509 -1.101643 -4.640925 6.787552 0.787432 -5.729787 -4.617023 -5.583091 1.139414 10.228517 3.056736 2.627131 0.665692 -16.917618 -2.885211 5.263646 3.310589 -23.445364 5.941336
-2.894748 -5.088377 -23.259071 13.939516 1.819323 15.893631 -9.843812 8.627978 3.079698 -19.158152 4.464561 3.886341 -0.026111 -4.848395 9.042701 0.642630 -7.007751 -3.723448 -5.681431 0.295943 14.176095 3.286149 7.153551 0.304996 -18.591787 -3.366412 10.020209 1.441997 -20.188620 6.218582
-0.073974 -1.084662 -24.330551 17.601595 1.758869 14.698768 -11.051663 6.413784 -5.237485 -22.560026 1.602512 4.336684 0.059697 -5.117394 12.103063 1.308119 -7.596194 -4.589384 -6.884002 0.959510 17.932959 2.506082 11.442938 1.497292 -19.757921 -4.800787 13.340530 0.548478 -16.708984 7.695733
1.799932 0.879791 -22.807499 18.582388 1.694267 16.371717 -11.428806 6.764535 -10.075833 -23.375992 0.914533 3.914593 0.017820 -5.703890 13.005467 1.916710 -7.498007 -4.817497 -7.034635 1.256579 19.988173 0.960843 14.501826 4.107474 -19.117105 -4.211759 13.337754 0.456904 -13.843373 9.622602
3.984142 3.267632 -21.829721 18.386667 2.148926 18.293898 -11.892185 7.063254 -14.282799 -22.972086 0.542732 3.538390 0.528612 -6.539637 13.453800 2.343738 -7.199007 -5.325365 -6.667817 1.596675 20.028635 -0.632934 16.925907 4.319138 -19.826067 -3.693891 11.491211 -0.737897 -11.810562 10.064621
4.728675 7.077544 -21.674246 18.179703 2.738365 20.855255 -10.401870 5.214991 -20.128103 -19.958166 0.758389 3.734930 1.229732 -7.092698 14.898443 3.441888 -6.710063 -6.601048 -5.796618 1.726793 20.375017 -2.130310 20.674669 0.458558 -22.586887 -4.048211 10.249009 -1.311746 -10.570166 9.330551
4.381030 7.975210 -21.313681 16.687105 2.368716 20.876123 -9.516443 5.007476 -21.453775 -19.226549 0.879634 3.980633 1.651541 -7.091145 15.235514 3.742489 -6.192201 -7.034501 -5.609251 1.701838 20.007601 -3.188962 22.068678 -1.500881 -23.462538 -4.696200 9.937651 -1.635617 -10.474442 9.054158
4.216660 8.292834 -21.242214 16.220846 2.376072 20.813486 -9.577759 4.861863 -21.959364 -18.796463 0.976534 4.109649 1.791203 -7.032189 15.167200 3.652958 -6.112329 -7.068329 -5.463471 1.656230 19.910585 -3.684392 22.766340 -2.203266 -23.662487 -5.088465 9.837117 -1.784753 -10.420937 9.198068
