9.086780 28.125742 -7.898995 4.223694 11.857970 2.793721 3.220903 15.615106 7.691143 -3.662009 2.251244 3.321555 4.473995 -9.062408 -3.805190 -5.643983 -3.941791 8.735798 -2.784174 -7.136674 4.172114 6.293046 7.577170 1.659013 2.356023 23.671055 -0.454035 -24.478703 -4.148589 20.026825
9.109773 28.140778 -7.915375 4.256011 11.874044 2.892239 3.243490 15.639548 7.700953 -3.651013 2.293025 3.344463 4.490182 -9.032894 -3.849827 -5.669953 -3.927700 8.737213 -2.745753 -7.155889 4.682467 6.312993 7.483696 1.033945 3.056072 23.948545 -0.460827 -24.815241 -4.291761 20.209925
4.172324 14.863634 -0.261727 7.813240 17.041632 -1.500153 15.193376 23.186956 4.296646 -3.993619 3.428603 3.634821 2.032564 -12.147954 -10.582334 -6.559880 -1.794752 3.949914 0.425764 -1.311235 7.686205 1.645368 3.386531 -6.926171 2.329949 27.575521 -15.592851 -17.751966 -4.322885 5.638361
6.537103 16.880175 -2.602797 8.891129 16.484076 -4.628279 12.899753 22.596956 3.768557 -3.962570 2.580653 3.499113 2.109854 -12.111620 -9.745401 -6.972776 -2.737182 4.215581 0.426325 -1.539720 8.199771 3.863830 5.189595 -6.823932 2.208774 28.532394 -13.149764 -16.697273 -4.432732 6.479376
7.003794 17.636183 -2.313253 10.426744 17.068899 -5.204280 12.176710 21.841339 4.756492 -3.630085 2.110884 3.611413 2.174314 -12.394762 -9.288824 -6.897297 -3.083912 4.542808 0.610754 -1.440396 8.019404 4.289889 5.870028 -8.465689 2.602236 29.724134 -10.643660 -15.494678 -4.312074 8.177314
8.001376 18.662037 -1.832583 11.317024 16.554783 -5.824458 10.810304 21.692131 5.336756 -2.713620 1.430098 3.308452 2.500043 -12.487787 -8.708710 -6.941717 -2.856039 4.781047 0.460860 -1.233204 8.188683 3.888452 6.038606 -8.717003 2.356565 29.897001 -8.961099 -14.441150 -3.455011 9.959817
8.130521 19.473236 -1.074749 10.986378 15.856134 -6.221773 10.116945 21.926311 5.457401 -1.959573 1.080653 2.847405 2.417871 -12.553086 -8.455961 -6.979491 -2.132221 5.284037 0.427958 -1.112983 8.958043 3.168907 6.004835 -8.292304 2.371961 29.399698 -7.892383 -14.385729 -1.948216 10.857493
8.255776 20.416523 -0.785430 10.092518 14.687825 -6.651148 9.364658 22.004747 5.184849 -1.744180 0.470693 2.117594 2.550880 -12.336847 -7.951057 -7.547594 -1.589515 5.285678 0.195980 -1.045647 9.881935 2.097420 6.037163 -7.624624 2.036292 28.967840 -6.849414 -13.899987 -0.323627 11.859237
8.210742 21.114883 -0.488924 8.755504 13.241006 -7.797001 8.300646 22.606443 3.978871 -2.080555 -0.021993 1.397241 2.911131 -12.150625 -7.619848 -8.173515 -1.328065 5.041770 0.113606 -1.338378 10.080003 0.684402 6.065635 -6.547349 1.495170 28.403448 -6.423067 -14.036285 1.002321 12.843534
8.597639 21.247849 0.027464 7.309960 11.916612 -8.302488 7.734603 23.365461 3.317196 -1.698585 -0.650735 0.353746 3.062137 -12.248363 -7.430272 -8.747530 -0.781968 5.074301 0.201626 -1.601116 10.517975 -1.017122 6.606279 -5.540283 1.393731 27.708895 -4.728242 -13.456477 2.633255 14.682950
8.790794 21.677555 0.441955 6.397205 10.896806 -8.724530 6.253702 23.434900 3.080323 -1.421578 -0.920629 -0.169695 3.356011 -12.297695 -7.143009 -8.717277 -0.705724 5.193344 0.225879 -1.521850 10.311969 -2.329430 6.735068 -4.170487 0.800409 26.732994 -3.402450 -13.038707 3.680946 15.919456
9.791497 21.895416 0.261519 5.571726 9.740688 -9.159604 4.603756 24.121805 2.884526 -1.324900 -1.191484 -0.809981 3.651868 -12.577721 -6.586563 -8.556770 -0.752654 5.873122 0.529471 -1.469079 10.636812 -2.798249 7.541363 -3.388144 0.078321 26.775309 -1.229910 -12.336272 4.767368 16.006596
10.835614 21.225821 -1.225105 6.268490 8.920468 -10.466563 2.738485 24.016195 2.311680 -2.534461 -1.929678 -0.765321 4.434104 -12.698050 -5.892277 -8.376464 -1.077185 5.838201 0.523248 -0.782038 11.450066 -1.760951 8.637980 -2.201593 -1.004435 26.641726 1.217756 -10.305843 5.304918 15.644847
12.640971 20.646418 -2.253995 7.601955 7.045322 -12.031135 0.968824 24.760912 2.609499 -3.252029 -2.637620 -0.923408 5.833507 -12.913085 -4.689964 -7.513609 -1.065450 6.755339 0.246717 0.299990 11.762120 -0.361480 9.988393 -1.016913 -2.342052 26.641365 3.781740 -8.534675 5.922090 16.342865
12.625825 20.832043 -2.262316 7.656811 7.136837 -12.005313 0.953670 24.701296 2.577039 -3.192423 -2.691748 -0.937155 5.821824 -12.903216 -4.668472 -7.504372 -1.043939 6.783609 0.252877 0.308863 11.659733 -0.296627 9.983985 -1.002453 -2.378146 26.672171 3.774108 -8.446890 5.841242 16.412888
12.717479 20.723146 -2.162921 7.721519 7.014551 -12.026069 0.947688 24.823223 2.621233 -3.124747 -2.678022 -0.952814 5.914833 -12.907674 -4.607078 -7.486579 -1.077286 6.830467 0.225707 0.346823 11.547317 -0.149238 9.990541 -0.937871 -2.521339 26.659536 3.804995 -8.386065 5.925853 16.362663
12.640688 20.626026 -2.111928 7.683228 6.951450 -12.074843 0.983930 24.846144 2.495716 -3.201431 -2.696616 -0.960375 5.885981 -12.919495 -4.645256 -7.533954 -1.073503 6.787397 0.226671 0.285215 11.531488 -0.102818 10.040992 -0.790337 -2.682258 26.624964 3.745699 -8.313302 5.972766 16.346298
12.655137 20.671337 -2.118929 7.657987 6.963327 -12.055418 1.034235 24.852190 2.407946 -3.171108 -2.591300 -1.234800 5.628909 -13.095913 -4.456026 -7.202756 -1.199523 6.690582 0.162950 0.331967 11.607329 -0.148879 10.134558 -0.746146 -2.667310 26.519653 3.620940 -8.250460 5.922480 16.536118
12.730437 20.673058 -2.135552 7.718816 7.007504 -12.006737 0.999631 24.854574 2.480741 -3.172406 -2.564409 -1.218837 5.648076 -13.058308 -4.371815 -7.145863 -1.136731 6.807595 0.090467 0.405112 11.707097 -0.328873 10.126370 -0.863561 -2.509004 26.597336 3.750430 -8.410778 6.027894 16.506353
12.648465 20.847685 -2.279621 7.766302 7.085616 -11.991336 0.907866 24.683840 2.532325 -3.258996 -2.573581 -1.199111 5.618789 -13.033611 -4.387718 -7.156088 -1.128813 6.751753 0.140701 0.396147 11.660522 -0.097416 10.154263 -0.929133 -2.500936 26.670347 3.696959 -8.379727 5.801045 16.517685
12.730206 20.753712 -2.211542 7.744808 7.080612 -12.037673 1.026400 24.854517 2.465162 -3.072654 -2.642114 -1.148676 5.652064 -13.110081 -4.429014 -7.199258 -1.281711 6.644052 0.191080 0.407788 11.812928 -0.061597 10.218820 -0.938627 -2.395324 26.673319 3.815465 -8.364147 5.886787 16.473768
12.698967 20.748693 -2.246255 7.751874 7.058272 -12.011558 1.045208 24.765669 2.498169 -3.261186 -2.538880 -1.238926 5.705964 -13.023273 -4.349709 -7.131137 -1.156132 6.827693 0.107875 0.381821 11.748252 -0.157052 10.215827 -0.880234 -2.402965 26.672798 3.857886 -8.393844 5.882573 16.626827
10.305408 21.618208 3.404824 6.310884 3.986795 -2.771869 -4.024818 23.705669 7.606722 -4.398505 -0.670854 0.460011 5.053090 -11.329967 -4.204010 -4.327497 1.578119 8.509221 -2.945731 1.170647 10.637677 -0.920948 7.396123 6.049168 -4.225973 20.708784 0.555697 -5.856478 3.850980 26.016666
1.495901 24.521118 12.421722 1.848962 6.650551 5.704930 -4.811206 20.417734 8.631814 -4.379153 -0.050141 1.729012 0.708076 -9.548507 -5.225510 -5.302411 4.214317 7.816132 -4.771656 -1.401734 2.829522 -3.429219 0.662174 9.279712 -6.568512 15.600318 -10.170661 -8.403824 -1.840018 28.242683
-4.118268 24.867702 14.683759 1.792859 11.003867 6.422121 -2.935857 16.375908 9.945846 -4.221094 0.699084 3.072751 -1.214904 -8.244777 -4.878279 -4.799482 4.993258 8.465904 -6.467344 -1.632060 3.299521 -8.594095 -2.002813 12.888453 -7.792586 11.739213 -12.183820 -9.086753 2.357705 30.635242
-2.746845 21.964182 15.773353 3.007116 7.575673 7.811132 -3.592338 18.771997 9.143807 -6.047497 0.585945 3.686095 0.521882 -8.079810 -4.628306 -4.199563 5.273188 8.152578 -7.097873 -0.324515 5.704540 -4.495785 -5.556382 12.606593 -9.343230 13.236318 -10.171756 -5.405709 3.177635 30.240709
-2.796224 21.303053 15.805108 3.113928 7.756759 7.983107 -3.406489 19.135546 8.943088 -6.602219 0.809593 3.904260 0.812143 -7.944702 -4.666399 -4.039007 5.299781 7.972975 -7.265730 -0.146258 6.080354 -4.019040 -5.845181 12.780493 -9.136038 13.343561 -10.286148 -5.395733 3.125233 29.921303
-2.647786 20.950420 15.902963 3.061774 7.169376 8.221429 -3.614362 19.554867 8.955321 -6.862475 0.844018 3.903294 1.025033 -7.903533 -4.574770 -3.966280 5.266089 7.961120 -7.298247 -0.147021 6.459091 -3.769697 -5.941785 12.743184 -9.063086 13.489445 -10.411706 -5.205376 3.351874 29.924793
-2.610139 19.959644 15.899907 3.328500 6.865277 8.893011 -2.847100 19.934530 8.900999 -7.707969 1.091088 4.089149 1.578853 -7.820509 -4.473735 -3.660927 5.449083 7.759258 -7.633432 0.298038 7.328381 -3.644898 -5.999028 12.953433 -9.010796 13.599041 -10.951657 -4.968793 3.821742 29.561069
-2.617586 19.870134 15.959294 3.400177 6.877345 8.995040 -2.819016 19.988241 8.879375 -7.787132 1.101489 4.083596 1.612472 -7.810871 -4.485878 -3.667560 5.448261 7.730818 -7.638413 0.299650 7.282129 -3.509105 -6.101364 12.928927 -9.052243 13.616833 -10.901633 -4.914670 3.854819 29.464342
-2.690114 20.093063 15.951444 3.376935 7.031098 8.740765 -2.868713 19.763224 8.958022 -7.595497 1.044401 4.055701 1.603837 -7.816066 -4.530127 -3.701719 5.488951 7.792458 -7.586016 0.303113 7.137789 -3.648148 -6.045756 12.816941 -9.075996 13.560785 -10.977137 -4.742736 3.617458 29.686180
-2.512242 20.011593 15.913386 3.340267 6.869475 8.930605 -2.884978 19.970203 8.919169 -7.626693 1.077937 4.090393 1.576818 -7.825933 -4.549532 -3.656941 5.514968 7.778612 -7.620756 0.267484 7.309470 -3.633546 -5.986165 12.910238 -9.139730 13.560669 -10.979403 -4.848769 3.841788 29.583967
-2.666302 19.990841 15.942784 3.371563 6.986053 8.801552 -2.861680 19.808159 9.055768 -7.510718 1.051908 4.057636 1.654392 -7.859930 -4.549828 -3.675598 5.428139 7.785698 -7.585827 0.235529 7.393603 -3.574084 -6.012094 12.958692 -9.074398 13.456030 -11.026355 -4.916886 3.734954 29.806396
-2.598865 19.755182 16.146814 3.386993 6.729251 9.106233 -2.747225 20.248507 8.886456 -7.723336 1.099610 4.074117 1.695249 -7.802106 -4.522050 -3.680180 5.497732 7.696351 -7.658318 0.312896 7.338271 -3.534103 -5.938681 12.855495 -9.164045 13.561725 -10.922158 -4.853454 3.932393 29.518742
-2.581474 19.864668 15.909852 3.379524 6.851692 8.861459 -2.905791 19.995636 8.892183 -7.765755 1.051516 4.091002 1.643480 -7.844427 -4.522039 -3.738721 5.420115 7.714361 -7.578448 0.320570 7.218906 -3.652441 -5.896780 12.675099 -9.016705 13.696435 -10.787291 -4.834558 3.826537 29.599014
-2.599699 19.738186 16.126348 3.360686 6.649907 9.179798 -2.797781 20.276922 8.936296 -7.732794 1.096407 4.076081 1.788677 -7.806034 -4.514867 -3.645646 5.513619 7.673758 -7.699739 0.346326 7.287436 -3.501055 -5.907953 12.771693 -9.137115 13.614063 -10.864105 -4.881003 3.903394 29.489784
-2.525281 19.810709 16.033651 3.332348 6.594665 9.013818 -2.977984 20.272127 8.953664 -7.678098 1.085911 4.062387 1.789129 -7.813173 -4.540584 -3.664270 5.493662 7.651337 -7.678791 0.305223 7.243310 -3.550130 -5.880932 12.744258 -9.136441 13.563251 -10.811462 -4.842809 3.876347 29.558483
-2.490395 19.739763 16.034647 3.384053 6.587204 9.088449 -3.000990 20.289976 8.963420 -7.704432 1.090077 4.059009 1.837660 -7.809075 -4.540780 -3.649610 5.492669 7.630221 -7.703881 0.315169 7.411079 -3.489974 -5.893759 12.768268 -9.133387 13.490109 -10.912612 -4.916636 3.939583 29.659588
-2.655534 19.758297 16.095203 3.460441 6.748258 9.153980 -2.771578 20.129728 8.917235 -7.839916 1.129105 4.082026 1.702768 -7.809831 -4.520586 -3.657055 5.513896 7.704540 -7.648443 0.316001 7.371356 -3.556713 -5.937358 12.744632 -9.155713 13.548523 -10.955678 -4.850656 3.894389 29.583504
-2.513300 20.049404 16.050238 3.319181 6.536866 8.823688 -3.042908 20.131754 8.992946 -7.470694 1.026989 4.011017 1.783796 -7.881964 -4.555150 -3.622481 5.485536 7.775753 -7.612541 0.287282 7.415194 -3.714247 -5.896155 12.942718 -9.080837 13.452415 -10.886691 -5.023465 3.989847 29.882931
