5.911490 30.835758 -5.874571 12.767093 11.970053 -1.705149 -6.440399 7.185828 -7.219329 -20.314045 3.193646 7.914330 4.851949 -9.157661 1.139036 -3.068282 -0.531034 5.196824 1.680161 -10.321514 6.363508 13.472776 -17.950045 2.223641 0.543433 22.475895 9.503705 -21.794605 -3.659922 12.230205
6.030815 30.888037 -5.689262 12.656137 12.154654 -1.712829 -6.372325 7.244247 -7.168355 -20.534761 3.213090 7.971163 4.824380 -9.145670 1.138633 -3.038340 -0.546481 5.192012 1.680135 -10.313324 6.317590 13.503575 -17.950930 2.192685 0.529856 22.502844 9.433745 -21.825560 -3.658226 12.176233
6.428581 31.035257 -9.560284 6.519199 15.792056 -5.248607 -3.672559 2.818071 -9.970654 -21.118462 4.084386 9.495648 2.041394 -5.371130 3.362086 -4.922816 -3.873419 5.924941 3.144150 -11.767502 -0.366407 9.212038 -16.769705 -0.588684 4.663255 23.209673 16.604609 -22.636402 -8.148227 7.905632
6.534657 30.539310 -8.448713 6.781370 14.816321 -3.676922 -2.632831 2.103670 -10.128400 -21.671713 4.238882 9.740024 2.370387 -5.181446 3.077579 -4.593383 -3.557441 5.790526 2.634022 -11.585819 0.316768 9.524736 -17.313877 -0.576636 4.845864 22.134657 16.024242 -21.892313 -8.465572 8.927516
6.377633 31.413164 -7.621921 5.885348 13.777663 -2.104577 -2.611799 1.612232 -10.319352 -22.108629 4.681807 10.361324 2.015620 -5.082589 2.325279 -4.399103 -3.691890 5.334105 2.023678 -11.752062 0.488142 8.925350 -17.812445 -0.378353 4.976640 20.708883 16.550838 -21.884445 -9.479994 9.829792
6.109329 31.801062 -7.758445 5.267818 12.263216 -1.544413 -4.080054 1.963040 -10.568263 -21.521284 4.907784 10.880546 1.718717 -5.484357 1.699199 -4.258416 -3.846563 5.127693 1.862852 -11.465112 1.901843 9.489006 -17.905016 0.069641 4.554559 19.276232 16.681154 -21.298361 -10.663978 11.340241
5.816692 32.343594 -7.800100 4.632757 11.585003 -1.590918 -4.742476 1.881995 -10.850556 -20.919241 4.922640 10.847467 1.464667 -5.706266 1.341644 -4.451915 -3.966153 5.018520 1.841561 -11.400210 1.776435 9.701290 -17.785292 -0.322455 4.279094 19.049232 17.103106 -21.022179 -11.047586 11.799033
6.108771 32.841709 -7.710375 4.321850 9.426840 -0.316697 -4.623079 1.852862 -11.618039 -20.450666 4.694012 9.991456 1.336819 -5.943876 0.991671 -4.974542 -3.888221 4.930566 1.716315 -11.508442 2.696834 10.587860 -17.407095 -1.022952 3.480075 19.538336 16.955999 -20.470505 -10.857783 11.398183
6.713883 32.604004 -8.296692 4.446528 7.184981 1.401997 -4.479082 1.450459 -11.948909 -20.372843 4.355972 8.717347 1.897830 -6.082085 0.880086 -5.305289 -3.893778 4.736124 1.474418 -11.731763 3.683552 11.355584 -16.583471 -2.753359 2.253055 20.220633 16.894997 -19.650894 -10.142399 9.909902
6.213877 32.129265 -8.524348 4.360595 6.497150 2.471720 -3.946141 0.990068 -12.388663 -20.399605 4.272114 8.191298 2.748288 -5.884432 0.793030 -5.200622 -4.010909 4.543867 1.018909 -11.377629 4.163487 11.934564 -16.357138 -3.109996 2.164650 20.348890 16.640850 -19.595728 -10.002898 8.175383
5.930196 31.699717 -8.887511 4.977400 5.623756 4.286690 -3.393165 0.327528 -12.634408 -20.307808 4.503324 8.224941 3.182977 -5.586193 1.094047 -5.015898 -4.170620 4.602124 0.839532 -11.159775 4.514523 11.600142 -15.887820 -3.484708 2.479044 19.908514 17.083700 -19.338326 -10.908536 6.620715
4.704574 31.588081 -8.773799 4.412272 4.689167 5.300701 -3.071407 0.638389 -13.834334 -19.998472 4.850879 7.851143 3.861103 -5.115196 1.390512 -4.745214 -4.150144 4.575634 0.142831 -11.047282 4.732135 12.564739 -15.752099 -3.628716 2.473875 19.759634 16.795219 -18.944447 -11.630003 6.068922
3.144404 31.649807 -9.216399 3.888065 4.736296 4.782472 -3.433159 0.874836 -14.800649 -19.208012 4.957485 7.588841 3.835368 -4.837357 1.506032 -4.695026 -4.116810 5.007866 -0.265604 -11.039888 5.197721 13.994958 -16.069237 -3.948649 2.006315 18.676174 16.038309 -18.463974 -12.570264 6.459507
2.334659 32.142105 -10.407277 4.182423 3.802893 5.485250 -3.325481 -0.409576 -15.672997 -17.910677 4.899405 7.064550 3.832068 -4.753304 1.258845 -5.064088 -4.185047 5.123409 -0.559803 -11.085352 5.248962 15.062137 -15.839086 -5.211012 0.793747 17.798464 15.815811 -18.572062 -12.826015 7.032721
2.281299 32.081314 -10.369390 4.042621 3.168570 6.015421 -3.190233 -0.627358 -15.971749 -17.795927 4.903745 6.896537 3.879681 -4.713812 1.211178 -5.088209 -4.159895 5.152408 -0.690512 -11.107769 5.064006 15.506670 -15.858979 -5.540040 0.719630 17.644657 15.803077 -18.234179 -13.420952 7.045640
2.306245 32.110977 -10.535959 4.151723 2.893712 6.231299 -3.191029 -0.803441 -16.059759 -17.643450 4.907443 6.896637 3.833224 -4.729486 1.189675 -5.103488 -4.189265 5.146870 -0.676167 -11.116959 5.055652 15.240104 -15.818751 -5.477118 0.816992 17.720058 15.855647 -18.378180 -13.288195 7.030203
2.262438 32.109436 -10.542202 4.155083 2.917212 6.226319 -3.224457 -0.795647 -16.030251 -17.599138 4.873136 6.838345 3.837468 -4.743116 1.163098 -5.138799 -4.182189 5.128514 -0.695540 -11.130761 5.005092 15.302395 -15.842065 -5.494603 0.721695 17.648352 15.881473 -18.347466 -13.329329 7.062849
2.269278 32.152473 -10.743637 4.260783 2.799060 6.327552 -3.256979 -0.936717 -16.038460 -17.518173 4.868314 6.734591 3.820143 -4.740644 1.127128 -5.209730 -4.196149 5.105509 -0.697519 -11.135620 5.219559 15.057779 -15.800303 -5.529377 0.733318 17.572390 16.017111 -18.418596 -13.159289 7.085356
2.322922 32.088787 -10.650036 4.280573 2.960575 6.195743 -3.308672 -0.814786 -15.922960 -17.580433 4.857460 6.658022 3.869963 -4.718630 1.128411 -5.230564 -4.202453 5.117093 -0.746826 -11.095661 5.089578 15.079016 -15.797107 -5.551322 0.650610 17.583292 16.030752 -18.418825 -13.159803 7.077096
2.229028 31.765438 -10.647740 4.168962 2.981992 6.034031 -3.579927 -0.605320 -15.837078 -17.652021 4.984572 6.646238 3.714988 -4.714500 1.327176 -4.990141 -4.295123 5.103145 -0.788996 -10.987649 5.046279 15.065672 -16.237923 -5.385147 0.708415 17.701189 16.108898 -18.367010 -13.122566 6.867896
2.216195 31.894070 -10.561915 4.144692 3.049292 6.067847 -3.293819 -0.671918 -15.965657 -17.704596 4.991097 6.649744 3.740037 -4.762090 1.337964 -4.942869 -4.230759 5.114487 -0.802325 -11.011215 5.096610 15.248701 -16.240362 -5.544539 0.694478 17.621897 16.016546 -18.300943 -13.266768 6.798045
-1.126920 27.206680 -9.538339 -3.315628 -5.065933 5.698186 -16.445913 4.478455 -13.952668 -18.770561 4.381872 2.804549 6.847123 -5.030429 1.038132 -6.848938 -3.508051 2.986911 -0.778069 -9.777672 11.935823 15.299013 -14.876878 -2.423863 0.270494 15.409687 11.475873 -17.986616 -13.134377 4.610964
-1.764532 22.094837 -11.596683 -0.734658 -5.056707 7.123785 -19.887640 7.043489 -10.199122 -20.841051 4.600319 1.423954 9.309747 -4.753954 1.220192 -7.298714 -3.371849 2.208041 -1.022327 -7.593522 16.093779 15.283783 -13.791942 -1.005488 0.192763 12.434811 9.618829 -17.164715 -15.022759 3.495842
-1.163553 19.459980 -12.810176 0.865477 -5.816971 8.858271 -21.033077 7.945771 -8.651746 -21.908224 4.837913 1.380985 9.840327 -4.444031 1.411005 -7.111147 -3.428761 2.487254 -1.410595 -7.147464 17.651369 15.010348 -13.297224 -0.459306 -0.439254 11.385359 9.053683 -17.652620 -14.643924 2.983249
-1.432418 19.248173 -13.005595 0.908908 -5.251005 8.976888 -20.788429 7.852653 -8.859183 -21.950670 4.890130 1.447938 9.912877 -4.434153 1.430839 -6.931497 -3.456620 2.600235 -1.502370 -6.970838 17.777590 15.406933 -13.375164 -0.588061 -0.426796 11.264846 8.811499 -17.448584 -15.122702 2.735694
-1.451265 19.388924 -13.061419 0.806727 -5.496675 8.855023 -21.069378 7.888634 -8.965590 -21.728390 4.881569 1.413058 9.874885 -4.590931 1.312580 -6.911937 -3.431598 2.364950 -1.433523 -7.011769 17.672657 15.453138 -13.439857 -0.562406 -0.343779 11.400372 8.764800 -17.612974 -15.003197 2.514677
-1.503260 18.985153 -13.024911 1.342105 -5.000762 9.015382 -20.842663 7.996776 -8.718223 -22.002832 4.900559 1.550195 9.780870 -4.510317 1.360261 -6.927719 -3.484232 2.566039 -1.474567 -6.762557 18.028418 15.269848 -13.418115 -0.762718 -0.566339 11.038507 8.919011 -17.115129 -15.165434 3.056613
-1.785665 19.187069 -13.498323 0.447661 -4.723261 8.853938 -20.459595 7.583498 -8.882081 -22.077307 5.037361 1.398464 9.968020 -4.172297 1.652011 -6.823634 -3.532119 2.826483 -1.643569 -7.058846 17.219454 16.317236 -13.376863 -0.708979 -0.185065 10.878316 8.412859 -17.654520 -15.978473 2.024581
-1.891746 19.307570 -13.560761 -0.427598 -4.634544 8.453914 -20.094700 7.234444 -9.389804 -22.045786 5.141368 1.436386 9.822030 -3.959588 1.787019 -6.674587 -3.430150 3.077428 -1.772762 -7.255156 16.502836 16.514254 -12.583512 -1.373133 -0.199172 10.910772 8.242846 -18.330379 -16.323690 0.716420
-1.765206 19.258751 -13.656225 -0.943918 -4.418032 8.325767 -20.002367 6.962354 -9.879226 -22.034904 5.258609 1.292531 9.702439 -3.716742 1.964052 -6.624140 -3.427044 3.145169 -1.985399 -7.269831 15.309175 16.489691 -12.326814 -1.624395 0.484033 11.148302 8.636484 -18.869745 -16.756857 -0.247390
-1.719836 18.149734 -13.817037 -0.954495 -3.852416 8.362634 -18.767456 6.966477 -9.932570 -22.728344 5.500160 1.758442 9.464061 -3.265762 2.184836 -6.249719 -3.474525 3.746353 -2.319989 -7.426301 14.610934 16.657587 -11.911822 -2.159134 0.780546 11.091378 8.782083 -18.817682 -17.400333 -0.687304
-1.628897 18.344418 -13.680959 -1.326480 -3.886550 8.286192 -18.441137 7.082800 -10.421124 -22.798658 5.518134 1.658770 9.617892 -3.204384 2.301647 -6.263180 -3.426733 3.866416 -2.362521 -7.466850 14.143994 16.704844 -11.769324 -2.365574 0.943456 11.255352 8.844302 -19.167158 -17.508570 -1.305887
-1.321038 17.092199 -13.709265 -1.150530 -4.316233 8.393673 -18.798626 7.946956 -10.660910 -23.165655 5.625550 1.771365 9.485716 -3.095231 2.341183 -6.036048 -3.497443 3.943972 -2.552921 -7.530123 14.116047 16.392044 -12.063248 -2.679275 0.959467 11.234003 9.418083 -18.979166 -17.496376 -1.453914
-0.890360 16.956507 -13.918019 -1.316593 -4.445978 8.579726 -18.240303 7.795514 -11.754119 -23.136843 5.765673 2.001460 9.422502 -2.698647 2.355190 -5.895739 -3.572031 4.097675 -2.873889 -7.717651 13.332718 16.337145 -12.128949 -2.954295 1.011992 11.487979 9.714005 -20.029882 -17.278631 -2.812789
-1.170781 16.976109 -13.900467 -1.456197 -4.354585 8.234095 -18.293877 7.726732 -11.364120 -23.127916 5.731375 1.776767 9.538400 -2.772364 2.475320 -5.917379 -3.484688 4.066564 -2.862817 -7.646625 13.671218 16.549902 -12.114272 -2.859552 0.985337 11.404306 9.602809 -19.667908 -17.517691 -2.627675
-1.002712 16.783625 -13.818641 -1.350270 -4.219264 8.472991 -18.269724 7.819693 -11.415807 -23.276649 5.744545 1.868715 9.521426 -2.788931 2.451921 -5.867347 -3.507859 4.126576 -2.852869 -7.634460 13.680837 16.323687 -12.084287 -2.999036 0.962990 11.300297 9.729871 -19.619204 -17.513681 -2.696036
-1.134094 17.006138 -13.728598 -1.457467 -4.464154 8.468312 -18.385208 7.953312 -11.478974 -23.210453 5.755344 1.823759 9.553958 -2.788879 2.454012 -5.920416 -3.471770 4.082042 -2.843318 -7.626560 13.443385 16.397181 -12.178669 -3.045300 0.971966 11.416357 9.725434 -19.712637 -17.488441 -2.545458
-1.116319 16.831190 -13.807224 -1.380629 -4.112008 8.373324 -18.114208 7.824120 -11.493114 -23.262949 5.734390 1.875550 9.513642 -2.785097 2.448702 -5.913326 -3.526184 4.112446 -2.815319 -7.632883 13.620143 16.349415 -12.162817 -2.972884 0.966971 11.250408 9.713077 -19.711630 -17.454298 -2.725764
-0.990414 16.747272 -13.815288 -1.164366 -3.948268 8.520144 -18.194153 8.002901 -11.475069 -23.401600 5.765525 1.973748 9.412675 -2.756433 2.488396 -5.804171 -3.549430 4.260378 -2.838814 -7.582161 13.414384 16.581884 -12.119840 -3.065080 1.139124 11.224891 9.586951 -19.526196 -17.790703 -2.487293
-1.111014 16.757599 -13.799335 -1.287151 -4.020456 8.380372 -18.154827 7.914217 -11.374963 -23.354055 5.736326 1.902887 9.470922 -2.846603 2.455111 -5.853975 -3.536493 4.180753 -2.828207 -7.641916 13.594251 16.519835 -12.135772 -3.066098 0.940311 11.261353 9.593064 -19.680799 -17.665426 -2.828808
