-5.187488 23.965775 -18.130480 9.813973 -4.127428 0.362837 9.369283 10.898202 17.585318 4.778247 -5.660312 5.644996 3.059868 -7.647197 1.208359 -7.170987 -4.148430 4.241684 -7.734753 -4.218177 4.127403 6.314557 7.529639 1.549226 2.275088 23.671064 -0.620378 -24.311209 -4.280303 20.010874
-5.164483 23.966068 -18.140751 9.866370 -4.105428 0.393506 9.405827 10.894763 17.565763 4.724667 -5.690516 5.657450 3.036073 -7.631289 1.197955 -7.191787 -4.178341 4.213659 -7.783545 -4.179365 4.441280 6.355347 7.513818 1.132570 2.753628 23.871161 -0.558349 -24.600370 -4.353137 20.128519
-9.600734 8.634381 -7.928743 17.889500 2.408450 -1.726862 20.895395 19.364214 16.351950 5.120993 -6.805162 7.524797 0.536894 -10.393273 -4.623201 -6.962102 -1.220532 -2.110287 -7.231493 3.265208 8.002108 4.207415 1.677449 -9.073812 3.205459 28.713079 -17.187319 -13.638938 -6.742037 9.620227
-9.709114 6.851591 -6.951774 17.857998 2.741815 -0.696697 20.524464 19.668062 18.414557 4.929623 -6.613880 8.061279 1.171301 -10.688770 -5.064003 -6.603759 -1.210999 -2.731744 -7.457596 3.795104 8.292192 5.743561 1.705800 -10.625703 3.590415 29.060366 -16.685431 -11.144073 -9.213379 10.102774
-10.882931 6.949098 -5.938186 19.005896 4.326439 0.085746 18.921640 18.824282 20.864450 5.529336 -6.037075 8.725727 1.002458 -10.026230 -5.732950 -6.445532 -0.575856 -3.604106 -8.607846 3.784514 8.521419 8.092722 1.125274 -11.914703 3.768124 29.834702 -16.020069 -7.744666 -11.234519 12.462674
-11.502069 7.431511 -5.309760 19.697180 4.965090 0.081935 17.939510 18.306170 21.568289 5.906559 -5.768871 8.973009 0.670637 -9.825525 -6.224114 -6.374417 0.020162 -3.852170 -8.948727 3.781143 8.205155 9.068303 0.280613 -12.577276 3.566551 30.422394 -16.786921 -5.460333 -11.858140 14.584071
-11.878797 7.525431 -4.819048 19.934196 5.162105 0.108804 17.403990 18.119688 21.910786 6.152656 -5.848180 9.110918 0.559053 -9.747732 -6.280268 -6.264658 0.405942 -4.052820 -9.194996 3.915843 7.965797 8.865250 -0.095437 -12.634929 3.544308 30.404602 -17.196245 -5.078318 -11.603829 15.423505
-12.032073 7.618121 -4.750211 20.122204 5.465443 0.138645 17.576447 17.963861 22.003393 6.187358 -5.922633 9.130152 0.545420 -9.780531 -6.294659 -6.271097 0.424118 -4.075940 -9.218967 3.981974 7.971443 8.867195 -0.139038 -12.765147 3.611194 30.527836 -17.237448 -4.927734 -11.642399 15.321795
-12.005795 7.550434 -4.805541 20.114689 5.448244 0.121758 17.503361 18.001633 22.049082 6.153425 -5.913499 9.123619 0.548434 -9.778198 -6.333641 -6.255738 0.452313 -4.071301 -9.228011 4.001891 8.014344 8.922911 -0.097150 -12.721837 3.573116 30.518450 -17.211590 -4.890685 -11.665364 15.355151
-12.173721 7.622093 -4.712211 20.197996 5.553628 0.185765 17.419754 17.841776 22.160303 6.204892 -5.905960 9.140520 0.544326 -9.746889 -6.337541 -6.243190 0.481220 -4.083732 -9.256430 4.001366 7.926060 8.907353 -0.242195 -12.741981 3.645643 30.491533 -17.304590 -4.788660 -11.681194 15.609573
-12.141773 7.616853 -4.732697 20.192661 5.521692 0.157480 17.366270 17.826422 22.183516 6.165573 -5.905641 9.138233 0.549504 -9.746165 -6.339769 -6.243001 0.485936 -4.085095 -9.267158 4.007214 7.963745 8.908817 -0.238541 -12.713489 3.612317 30.461344 -17.337244 -4.816127 -11.661159 15.613179
-12.146913 7.627146 -4.732422 20.183050 5.527208 0.126629 17.368206 17.832705 22.171608 6.167773 -5.906192 9.134982 0.549882 -9.741180 -6.332112 -6.244990 0.478038 -4.076994 -9.257218 4.001919 7.939311 8.877851 -0.251877 -12.706978 3.636258 30.460222 -17.322834 -4.808003 -11.665562 15.626822
-12.138371 7.609777 -4.731335 20.190605 5.513246 0.152080 17.370096 17.841360 22.179914 6.152873 -5.903011 9.128283 0.542455 -9.733088 -6.327014 -6.251491 0.485569 -4.074643 -9.251367 3.988384 7.935264 8.870350 -0.247515 -12.732884 3.613851 30.478827 -17.330305 -4.810245 -11.641995 15.645729
-12.124365 7.627469 -4.713106 20.158724 5.493212 0.169776 17.380671 17.831221 22.154030 6.165792 -5.919415 9.141435 0.541802 -9.725170 -6.324767 -6.266115 0.487114 -4.093785 -9.243223 3.975626 7.932552 8.882612 -0.234893 -12.722252 3.627502 30.449884 -17.272013 -4.784288 -11.681246 15.637460
-12.110845 7.600977 -4.730926 20.106827 5.419854 0.162107 17.368876 17.869352 22.113577 6.154741 -5.912809 9.137466 0.539103 -9.738996 -6.336934 -6.257164 0.468427 -4.084464 -9.251267 3.986690 7.907070 8.851707 -0.234680 -12.768540 3.602272 30.454058 -17.285089 -4.824977 -11.675917 15.575868
-12.120714 7.589611 -4.711773 20.110294 5.410350 0.169358 17.337021 17.894545 22.136005 6.161727 -5.916456 9.134239 0.545921 -9.756289 -6.344647 -6.246220 0.453263 -4.073263 -9.258088 4.001357 7.898407 8.827577 -0.305374 -12.742806 3.571623 30.431604 -17.295187 -4.842233 -11.643022 15.592711
-12.103959 7.605942 -4.734313 20.096071 5.423780 0.138729 17.385874 17.878643 22.098841 6.177577 -5.913764 9.137996 0.547785 -9.739204 -6.332261 -6.252905 0.459917 -4.080700 -9.247046 3.988546 7.902020 8.868233 -0.222348 -12.755656 3.619094 30.481125 -17.262951 -4.809032 -11.673429 15.571583
-12.162586 7.602655 -4.716055 20.118248 5.474736 0.183792 17.413582 17.842878 22.119349 6.188181 -5.908135 9.146101 0.547603 -9.732782 -6.337489 -6.251984 0.456685 -4.090419 -9.259595 3.999339 7.920339 8.871463 -0.213489 -12.770396 3.591965 30.463923 -17.258144 -4.822091 -11.668552 15.567181
-12.139196 7.603593 -4.724075 20.122938 5.457136 0.182858 17.404499 17.858213 22.105843 6.176492 -5.906072 9.138106 0.541335 -9.743496 -6.342832 -6.255136 0.455897 -4.081496 -9.249290 3.985606 7.919783 8.912009 -0.263491 -12.788552 3.597841 30.475010 -17.247478 -4.794045 -11.710884 15.593862
-12.127711 7.612159 -4.733302 20.141146 5.461493 0.156910 17.422661 17.883558 22.085228 6.192070 -5.907144 9.135988 0.546121 -9.752335 -6.335241 -6.237488 0.452281 -4.071351 -9.256597 4.016802 7.877846 8.842260 -0.270332 -12.773452 3.595115 30.485796 -17.240519 -4.822197 -11.637138 15.591984
-12.187973 7.612991 -4.719001 20.143730 5.525350 0.174998 17.424898 17.821623 22.118443 6.211802 -5.903331 9.132672 0.552169 -9.756485 -6.341047 -6.233468 0.454701 -4.069747 -9.251147 4.019463 7.882823 8.831749 -0.287729 -12.745147 3.589989 30.444944 -17.259167 -4.835597 -11.630266 15.568172
-11.250704 -10.784187 -5.435001 11.032707 -0.607881 17.029562 13.605789 22.459963 21.099024 -6.551801 2.919333 8.078346 5.208839 -6.945516 -5.429074 -4.546348 -2.080842 -5.931876 -6.907961 8.190721 17.561459 6.578892 2.245421 1.035505 1.423231 17.211117 -15.400655 9.228552 -24.609900 8.273600
-11.507782 -14.301842 -7.179501 8.889805 0.398938 18.863012 14.356169 21.634188 21.097193 -8.159207 3.825433 7.342657 4.867210 -5.988801 -5.408290 -5.311123 -2.973696 -6.024751 -6.352110 9.469842 17.847033 3.607527 2.894191 3.217610 1.974863 14.558451 -14.581643 9.455050 -25.844019 4.012634
-12.048533 -15.445049 -8.382915 6.070308 0.975662 18.977257 13.439898 20.832413 20.233622 -8.262089 4.613669 6.810573 4.539466 -5.337207 -5.053446 -5.250262 -3.244849 -6.128164 -6.156296 9.291151 17.381929 2.495364 2.714007 4.227355 2.721061 13.336198 -14.909690 9.099954 -26.795290 1.205374
-12.587810 -16.649895 -10.483706 5.563032 3.240262 13.507642 13.221334 18.562294 21.831942 -8.305557 4.142524 7.610937 4.920031 -4.599066 -5.739320 -5.914550 -4.242149 -6.244009 -6.576602 9.861372 16.628477 2.013677 1.537014 3.564078 4.720534 13.798279 -11.584146 9.968249 -28.047009 0.800995
-12.892535 -17.773266 -11.530717 4.751489 5.242086 14.553719 14.488801 17.250891 21.214369 -8.487837 4.963534 6.990681 4.750243 -4.066900 -5.176895 -5.773032 -4.452978 -6.370678 -6.190404 10.042099 15.549698 0.480380 1.058770 4.101486 4.909993 12.654421 -10.952413 9.827441 -28.388485 -1.076188
-12.534108 -19.217575 -12.425474 2.694171 5.107733 16.218925 16.021149 17.362940 18.034407 -9.060832 6.168799 6.029333 3.931093 -3.967026 -3.995056 -5.278137 -4.002300 -6.123725 -4.665315 9.996090 15.757533 -2.175607 0.472824 5.953974 3.784288 9.638061 -11.531365 8.962986 -27.991234 -3.464219
-12.631984 -20.611904 -13.330732 1.114465 5.282241 16.405516 16.829823 17.289459 14.517758 -8.723702 6.796366 4.977688 3.241405 -3.609651 -2.970879 -5.410481 -3.325066 -6.147948 -3.317083 10.163377 14.622607 -4.685918 0.834206 8.342705 2.290582 7.335541 -12.637883 8.826964 -27.570412 -6.053280
-12.707307 -21.279810 -15.173090 -0.881031 5.101093 16.814331 16.856800 17.135014 9.372113 -7.831920 7.195850 3.574243 3.378330 -3.532207 -1.692093 -6.154799 -3.020284 -6.773014 -1.091133 10.365346 13.729015 -7.773550 1.774649 11.008346 1.469301 5.856383 -13.725044 6.995014 -25.473778 -9.633277
-10.996568 -20.355562 -18.513645 -3.434664 3.478364 14.386262 15.353471 17.569731 3.626221 -6.185246 7.084870 1.932442 3.954844 -3.520824 0.360704 -6.847821 -2.832455 -7.033465 1.620655 9.865652 13.439253 -9.013424 4.591101 14.281381 0.262015 6.513977 -13.354477 4.719095 -22.680786 -15.165341
-9.320629 -18.828751 -22.409529 -4.565895 1.008281 11.482793 13.650905 17.950043 0.489755 -2.902920 6.749492 -0.162876 5.263514 -3.607762 2.348417 -7.527890 -3.528689 -6.532709 3.774041 8.533562 13.184558 -9.236441 7.982767 16.562187 -0.558978 7.445006 -11.048375 2.894890 -20.674889 -18.124699
-5.582437 -14.735672 -27.047651 -6.038595 -1.603486 8.516164 7.526753 18.291218 -4.027362 -0.296408 6.293630 -2.777125 7.167360 -3.465404 5.574920 -7.574102 -4.326832 -5.756958 5.284813 5.997425 12.568099 -9.235582 13.231439 19.210962 -0.742815 9.162724 -6.253223 0.342599 -18.268801 -19.215174
-2.031085 -10.438016 -30.273508 -6.463781 -3.223013 6.575202 2.682374 17.966211 -6.723599 1.265563 6.187082 -5.737103 8.852044 -2.953731 8.589376 -7.106738 -4.885925 -5.146067 5.872766 3.358210 14.143710 -9.387286 16.259211 23.208960 -0.565240 9.829731 -0.940583 -0.646363 -14.634844 -17.866318
-0.621658 -8.716839 -30.076582 -7.181259 -2.655979 7.163169 -0.243466 17.763014 -7.744984 1.187683 6.070174 -6.215612 9.295289 -2.638182 9.575836 -6.770146 -4.462221 -5.011184 5.748018 2.480189 14.694763 -9.268190 16.227873 24.446192 -0.349921 9.937891 0.460394 -0.736992 -13.372183 -16.538933
-0.524824 -8.580744 -30.006861 -6.978691 -2.519542 7.382994 -1.475999 17.773581 -7.801610 1.113080 6.155101 -6.248501 9.168763 -2.351521 9.996851 -6.507704 -4.337343 -4.893400 5.402528 2.091483 14.660137 -9.378387 16.124720 25.181934 -0.660115 9.629450 0.882536 -0.827354 -12.706675 -15.479696
-0.341340 -8.266416 -29.737078 -6.757988 -2.683954 7.647964 -2.134197 17.747492 -7.706096 1.075482 6.385420 -6.286431 9.241200 -2.333963 10.092023 -6.215467 -4.132292 -4.589429 5.232349 1.756637 15.027043 -9.487661 15.935102 25.741312 -0.627491 9.374327 1.279442 -0.721261 -12.315919 -14.768546
-0.407821 -8.573629 -30.082140 -7.077108 -2.518536 7.188865 -1.102211 17.956472 -8.088452 1.174132 6.169407 -6.260776 9.248939 -2.415350 9.990393 -6.501875 -4.406081 -4.855465 5.515121 2.232674 14.835111 -9.486704 16.188307 24.997520 -0.621637 9.495212 0.580442 -0.800676 -12.767157 -15.842080
-0.429130 -8.574888 -30.050043 -6.981780 -2.527464 7.322344 -1.176528 17.888166 -7.969532 1.211341 6.182509 -6.194106 9.215846 -2.372051 10.001978 -6.433093 -4.317740 -4.843978 5.395401 2.167734 14.833400 -9.453015 16.149446 25.089790 -0.682377 9.519905 0.705845 -0.820238 -12.736004 -15.763089
-0.598188 -8.365489 -30.009230 -7.051218 -2.521165 7.280794 -1.552872 17.733149 -7.870636 1.154920 6.104940 -6.143139 9.225852 -2.370626 9.989464 -6.509430 -4.271920 -4.763165 5.404073 1.929463 14.703019 -9.467332 16.037870 25.225788 -0.536672 9.631121 0.988246 -0.850184 -12.615347 -15.315631
-0.494047 -8.281405 -29.804472 -7.012107 -2.514970 7.354645 -1.594877 17.732466 -7.663868 0.946800 6.139029 -6.224976 9.305797 -2.339535 10.189498 -6.469698 -4.316078 -4.551309 5.354262 1.722679 14.756490 -9.458814 16.089584 25.394098 -0.604695 9.583740 1.142358 -0.888188 -12.520040 -15.188262
-0.451667 -8.380127 -29.709345 -6.848966 -2.669947 7.714099 -1.909999 17.805738 -7.675745 1.006964 6.211858 -6.254042 9.183583 -2.357502 10.060479 -6.384686 -4.252822 -4.727697 5.284904 1.760812 14.630014 -9.573961 16.142757 25.435013 -0.497783 9.662622 1.373991 -0.881529 -12.368784 -15.006617
-0.411189 -8.278129 -29.611864 -6.635150 -2.614634 7.605803 -2.211777 17.748209 -7.542983 0.952260 6.411299 -6.294802 9.222798 -2.306497 10.148811 -6.178602 -4.129786 -4.534667 5.179048 1.760815 14.919314 -9.579805 15.872365 25.910275 -0.776820 9.124550 1.334129 -0.877318 -12.238392 -14.676972
-3.390623 -9.921461 -31.202990 -7.072343 -2.178620 5.439479 4.858982 16.039146 -6.722029 2.484541 6.200736 -5.231835 7.865027 -2.921030 8.720667 -7.161315 -5.442132 -4.354653 6.458831 3.683877 11.662736 -10.926641 15.515176 20.894655 -0.285845 9.209091 0.974860 -1.275666 -15.064548 -18.310127
-7.416367 -12.196485 -29.159372 -7.722195 0.599123 5.205832 11.142417 13.860146 -5.086851 2.302898 6.318626 -2.127141 5.576392 -3.171774 6.911224 -7.170142 -6.025628 -3.664459 6.744650 6.059069 8.241570 -12.090790 12.756356 17.412926 -0.288477 8.335732 -2.362809 -1.213558 -18.213326 -20.529299
-10.185073 -15.006984 -26.058008 -7.133548 4.381176 7.253503 16.966789 12.332051 -2.959767 0.803088 6.200196 0.243367 3.137090 -2.722163 4.929233 -7.738750 -5.783631 -3.868778 6.248186 8.029592 7.390974 -13.934633 8.812428 14.063953 0.086230 6.553490 -3.697214 0.847415 -20.765917 -21.388771
-10.922742 -14.644623 -25.081301 -7.158692 5.908623 7.600420 18.294222 11.270451 -2.699959 0.823591 6.368608 1.299073 2.106328 -2.678694 4.458240 -7.738476 -5.591413 -3.816954 6.281045 8.191980 6.966174 -14.268267 7.137923 13.431666 0.497217 6.647129 -2.930892 2.004771 -21.320227 -21.119234
-9.256238 -12.057306 -26.969999 -7.920683 4.408368 5.599889 15.140541 11.310176 -4.158200 2.029804 6.200630 0.029065 2.678935 -2.707347 5.898174 -7.544934 -5.984802 -3.165701 6.637439 6.540070 6.072374 -14.007585 9.626922 14.018911 0.906354 7.879214 -0.511508 0.826431 -20.668745 -20.515682
-10.646155 -11.417658 -26.651312 -8.266006 5.966052 4.938529 16.119801 9.974636 -4.905022 2.169040 6.079901 0.608384 1.581356 -2.580379 5.532719 -8.112327 -6.248180 -2.990129 6.866117 6.594207 5.148654 -15.389437 8.447881 13.403953 1.558506 7.257046 0.720852 1.172433 -20.845079 -19.934330
-13.666547 -12.226694 -24.265039 -9.672003 7.521482 5.655978 19.485575 9.268932 -3.265152 2.805259 6.282464 2.226141 0.311768 -2.202196 4.884161 -7.918957 -5.691625 -2.166584 6.271974 8.010008 4.735667 -17.895681 5.388905 11.626675 1.731157 5.068385 1.107759 2.905212 -21.944117 -18.641083
-16.533791 -11.239302 -22.287998 -11.213867 9.027219 6.282367 21.846478 8.148965 -2.963089 3.210621 6.422585 3.462232 -0.507314 -2.120385 4.538927 -7.159829 -4.735521 -1.241392 5.742313 8.560067 5.389699 -20.505524 2.751876 11.412425 2.702895 4.449768 1.727887 3.149481 -20.542679 -17.117355
-19.306870 -10.237654 -18.202196 -12.915886 10.513963 8.147220 23.308296 8.094680 -1.626603 2.235638 6.325912 4.837804 -0.987872 -1.921542 4.202605 -6.006183 -3.332695 0.407898 4.122948 10.012145 5.555370 -22.198503 0.177854 10.266494 2.890523 3.344263 -0.495524 2.024019 -20.248821 -15.407945
-20.615837 -9.896643 -15.114808 -13.061523 10.155642 10.136081 24.594116 9.257913 -0.777687 2.346658 6.390480 5.243329 -0.505651 -1.843063 3.787440 -5.620070 -3.182898 1.486174 3.241395 10.864244 5.557058 -21.850653 -1.294304 10.413459 3.183464 4.262520 -2.306394 1.828606 -20.024246 -13.352626
-21.068174 -8.716166 -14.897553 -13.044612 8.511389 11.236535 23.571621 10.005153 -1.642669 2.976717 6.546196 4.944205 0.277600 -2.136401 4.258136 -5.007842 -2.503754 1.359935 3.377672 11.007272 5.700004 -21.534170 -1.214264 11.950379 2.968045 4.874090 -2.896467 1.016500 -18.587114 -12.322362
-21.116779 -7.826490 -13.006989 -13.380318 7.036404 12.604508 23.286324 11.412724 -1.786801 2.792224 6.391102 4.705572 0.729859 -2.081079 3.979977 -4.706538 -1.764808 1.940409 2.210941 11.492983 6.530704 -22.371365 -2.291287 12.533719 3.417242 4.321568 -3.536074 0.418720 -17.704130 -9.240366
-20.438387 -8.243034 -11.930255 -12.961872 5.541245 13.892756 22.749001 12.945359 -1.836105 1.642972 6.090364 4.027368 1.404707 -2.487085 4.281428 -4.659950 -1.357663 2.049615 2.351465 11.204721 8.223804 -21.730804 -2.585309 13.561457 2.883310 3.699737 -3.704018 0.738655 -17.301334 -8.339547
-19.604195 -7.959548 -10.122137 -11.752604 4.081207 15.236328 22.599707 14.333364 -1.695636 0.178411 5.477397 3.503208 2.559517 -2.515195 4.463088 -4.794981 -0.735971 2.014653 1.677444 11.129200 11.245957 -21.707586 -3.180735 14.453244 3.361192 2.937500 -4.596172 0.362483 -16.395020 -6.828575
-19.429081 -7.947937 -7.661355 -10.217561 2.962757 16.626442 23.472319 16.014349 -0.772637 -1.347242 4.834248 3.314304 4.119776 -2.546428 3.486383 -5.272182 0.106129 2.298804 0.753438 11.737303 15.698274 -20.802416 -3.321706 15.645701 4.143401 2.338088 -5.456561 0.741079 -15.288847 -4.232594
-18.724239 -9.263083 -7.274612 -8.563765 0.877479 17.558451 22.534180 18.120729 -1.136447 -2.747320 4.834781 2.423306 5.266239 -2.967139 2.981061 -5.473411 0.718467 1.432806 0.786125 12.047579 18.246222 -19.284105 -3.480587 18.394764 2.961796 1.543767 -8.465765 -0.298695 -13.279441 -4.723802
-18.176094 -9.831971 -8.809580 -9.023096 -0.662129 17.630346 21.403671 19.148891 -2.254389 -2.100570 5.300086 1.586656 5.360142 -3.097685 3.776404 -5.127322 0.899520 0.760549 1.181492 11.353100 18.470491 -19.028154 -2.617490 20.112526 2.068742 1.808552 -9.090278 -0.317683 -12.966877 -6.072806
-17.996983 -9.916275 -9.206214 -9.063024 -0.763918 17.611525 21.733997 19.306925 -2.104570 -1.865276 5.262542 1.654327 5.286156 -3.161241 3.841198 -5.080606 0.926377 0.666869 1.289396 11.399623 17.977854 -18.933271 -2.402940 20.122765 1.879408 1.850282 -8.942994 -0.468581 -13.122164 -6.352936
-17.841927 -9.747884 -9.241701 -8.906420 -0.720315 17.485460 21.558985 19.291048 -2.259833 -1.823314 5.248572 1.729696 5.280174 -3.252673 3.956455 -4.951177 0.926674 0.560001 1.481111 11.363586 18.280035 -18.972496 -2.212733 20.328857 1.743531 1.984566 -8.873084 -0.489816 -12.707219 -6.526355
-17.847576 -9.777386 -9.372970 -8.925819 -0.847338 17.506042 21.339912 19.253492 -2.226704 -1.749480 5.239695 1.777716 5.212099 -3.299786 3.974173 -4.969961 0.933586 0.563868 1.543687 11.316469 18.367485 -18.962263 -2.089980 20.328278 1.615155 1.750217 -8.962174 -0.633551 -12.776335 -6.730933
-26.544224 -2.249426 -0.293740 -12.184139 -2.257661 8.386015 28.766851 14.239469 -5.876396 1.407901 0.009052 5.394679 -1.583337 -2.843242 3.998774 -8.479617 1.462525 4.706780 1.781824 10.303984 16.358755 -24.164186 0.204461 7.445125 7.731080 11.182961 -4.710553 0.069627 -7.849182 -4.948942
-25.052010 -2.452968 -3.361455 -13.235561 -3.568791 8.557755 27.181017 15.361047 -7.506302 1.929634 2.176649 2.293397 -0.550467 -6.169958 1.555854 -8.601273 -0.697365 3.798186 7.051034 10.787729 15.426959 -23.283573 2.298401 17.010334 -1.901787 8.609499 0.063161 6.826817 -3.475193 -9.626933
-23.888773 -3.162934 -4.775663 -13.071961 -4.206804 8.478603 26.649981 16.328119 -8.777885 1.834966 3.565750 3.409300 -0.024256 -5.471760 3.070474 -7.015312 -0.781823 5.053576 5.541789 9.972072 14.322438 -20.491531 0.528322 15.555052 0.022852 8.865379 -4.800101 4.338532 -8.210539 -10.760894
-23.896450 -3.414754 -4.945919 -13.186642 -4.011568 8.600435 26.552467 16.365417 -8.650265 1.998127 3.992257 3.235951 0.692185 -4.830131 3.645684 -6.405773 0.356209 4.957344 4.875705 10.235160 12.971525 -21.579386 0.765942 16.668669 -0.979794 7.857812 -5.793870 2.236649 -8.070619 -11.020610
-23.898220 -3.405022 -5.092793 -13.216110 -4.074256 8.528188 26.608982 16.368555 -8.675580 2.085508 4.023001 3.149451 0.750275 -4.867565 3.734825 -6.333615 0.417628 5.024033 4.864281 10.184080 12.937984 -21.618925 0.886078 16.835258 -0.972143 7.812311 -5.739960 2.147112 -8.088889 -10.954301
-23.817616 -3.288604 -5.254940 -13.375353 -4.131032 8.444085 26.543602 16.431229 -8.726409 2.135782 3.983216 3.083979 0.771734 -4.882737 3.740283 -6.379856 0.399857 4.972413 4.940192 10.171158 12.934003 -21.662493 0.840102 16.917566 -0.959413 7.874845 -5.777960 2.122529 -8.055506 -11.053761
-23.819536 -3.284712 -5.256160 -13.194804 -4.039936 8.454940 26.419901 16.343636 -8.551946 2.165683 3.976703 3.143834 0.779159 -4.858473 3.771874 -6.290593 0.475500 5.032044 4.975568 10.097347 13.016389 -21.677284 0.877669 16.979265 -0.872484 7.970116 -5.720835 1.952072 -7.937613 -11.079816
-23.762989 -3.226692 -5.296365 -13.286299 -4.107244 8.345654 26.232189 16.372187 -8.694448 2.130607 3.947068 3.182326 0.797242 -4.868476 3.865250 -6.294172 0.480042 4.999590 5.076281 10.102068 13.038383 -21.785234 0.840749 17.028902 -0.785718 7.938864 -5.575627 1.940225 -7.940151 -11.053239
-23.810955 -3.230426 -5.299541 -13.291442 -4.187857 8.428012 26.249378 16.302094 -8.726011 2.172464 3.987251 3.155367 0.827003 -4.845842 3.880979 -6.309433 0.428977 4.946273 5.094103 10.048477 13.007994 -21.783857 0.898750 17.154865 -0.872279 7.886763 -5.474706 1.963240 -7.883100 -11.081150
-23.694962 -3.141733 -5.503830 -13.399793 -4.312052 8.395736 26.231020 16.287333 -8.717862 2.361569 3.983586 3.212222 0.791858 -4.862527 3.990765 -6.314008 0.458232 4.884438 5.225589 10.056274 12.983674 -21.645048 0.913591 17.149715 -0.945433 7.902188 -5.540735 1.950973 -7.933310 -11.190295
-23.762440 -2.962939 -5.649912 -13.396707 -4.471437 8.390053 26.136713 16.208157 -8.856396 2.582781 4.016882 3.205431 0.803542 -4.870696 4.123424 -6.234660 0.467787 4.926262 5.227227 10.074022 12.961495 -21.639799 0.979317 17.190783 -0.891570 7.908927 -5.466376 1.940381 -7.923533 -11.093543
-23.744017 -2.931639 -5.757699 -13.484442 -4.585284 8.468199 26.326515 16.388828 -8.881347 2.740369 4.122036 3.224745 0.809292 -4.897862 4.159732 -6.162674 0.470980 4.839354 5.273994 10.029524 12.965006 -21.553080 0.866491 17.300703 -0.968044 7.901130 -5.495315 2.047403 -8.004437 -11.208758
-23.604565 -2.972987 -5.925475 -13.480173 -4.530592 8.332650 26.226427 16.294210 -8.870213 2.793688 4.118809 3.207451 0.872037 -4.895956 4.228639 -6.137777 0.561497 4.853998 5.342922 10.008810 13.004182 -21.596218 1.028105 17.522285 -0.853886 7.942286 -5.468918 2.092430 -8.040265 -11.303497
-23.506447 -2.970232 -5.973388 -13.449072 -4.470337 8.261577 26.220778 16.323181 -8.980107 2.717699 4.100388 3.188732 0.890140 -4.910489 4.286416 -6.113121 0.534465 4.864825 5.378575 10.024696 13.074941 -21.649113 1.065922 17.506672 -0.780726 7.964603 -5.325045 2.045567 -7.933984 -11.276467
-23.517036 -2.968951 -6.117472 -13.604384 -4.686124 8.319934 25.917921 16.433496 -9.115776 2.949265 4.094021 3.130259 0.848236 -4.932071 4.372333 -6.059612 0.533433 4.777012 5.396323 9.959118 13.027342 -21.530050 0.984667 17.547277 -0.820669 8.056374 -5.311707 2.088340 -7.980627 -11.303378
-23.376104 -2.995801 -6.172130 -13.755622 -4.856681 8.321876 25.747341 16.463570 -9.180392 3.021695 4.116402 3.096903 0.867986 -4.895514 4.383283 -6.034164 0.535697 4.720146 5.380609 9.934289 13.037702 -21.505680 1.037341 17.624626 -0.909180 8.048834 -5.161882 2.107857 -7.957313 -11.353480
-23.433901 -2.985194 -6.305761 -13.666343 -4.640482 8.376426 25.837564 16.387110 -9.126517 2.996701 4.121062 3.113843 0.792639 -4.921137 4.365880 -6.016783 0.459076 4.710029 5.378307 9.949711 12.960000 -21.559114 1.169717 17.685022 -1.012320 8.038884 -5.047371 2.176317 -7.939770 -11.277755
-23.312281 -2.899296 -6.418986 -13.617523 -4.607011 8.210255 25.776230 16.376129 -9.213089 2.994773 4.103484 3.096540 0.782585 -4.930813 4.381124 -6.008215 0.446246 4.721227 5.368594 9.937464 12.953194 -21.672369 1.170698 17.684093 -0.959804 8.069250 -4.975990 2.152646 -7.902237 -11.270750
-22.494846 -2.536286 -8.171058 -13.864315 -4.979356 7.776494 24.332954 16.325659 -9.885112 3.758331 4.082071 2.644115 0.995542 -4.772274 5.371745 -6.010751 0.216820 4.316241 5.819228 9.606784 12.907866 -21.244444 1.443537 18.155186 -0.963538 8.117854 -4.143221 1.654551 -7.997887 -11.621565
-20.932083 -1.941472 -11.760940 -13.902868 -5.412271 6.921120 22.734131 16.433933 -10.634547 5.600714 3.827102 1.553246 1.686879 -4.723382 6.676177 -6.211137 -0.301944 4.146100 6.613843 8.658405 12.356097 -21.106003 2.950152 19.174726 -0.743606 8.126930 -1.749426 1.104480 -8.032296 -12.175037
-19.668592 -1.056767 -14.597689 -14.181599 -6.207410 5.892334 19.958002 16.379072 -10.939830 7.465539 3.633672 0.387722 2.153995 -4.614348 7.524638 -6.572475 -1.073662 3.929285 7.018317 8.093556 11.675524 -21.240358 3.941414 19.406160 -0.622114 7.971405 1.051855 0.833676 -7.863730 -12.233941
-18.195555 -0.417869 -16.679060 -13.870790 -6.898555 5.903922 17.534773 16.050411 -11.422786 8.300341 3.534145 -0.283591 2.063917 -4.489732 8.323387 -6.700021 -1.797852 3.709905 7.519232 6.911751 10.649439 -21.300222 4.667328 19.851120 -0.137440 8.753496 2.145226 0.551890 -7.932242 -12.204998
-17.660381 -0.190479 -17.134398 -13.712079 -6.772923 5.897226 16.730705 16.124559 -11.498837 8.131059 3.479070 -0.412120 2.077580 -4.500202 8.498356 -6.825563 -2.139659 3.526679 7.682108 6.831115 10.328533 -21.590733 4.856521 20.020466 -0.008179 8.738274 2.559584 0.384785 -7.864109 -12.066135
