3.192722 29.978392 -6.830565 12.438341 9.121443 -4.436588 -3.449641 6.559568 -2.848774 -20.434984 -4.848757 10.601965 3.851290 -7.551149 5.765868 -5.052459 -0.600615 0.806699 -3.107000 -7.484327 -4.910042 8.665489 10.613063 14.659305 -13.404749 20.097906 0.477183 -15.794019 -0.574987 16.533480
3.189245 30.020161 -6.775701 12.510607 9.172466 -4.511334 -3.491940 6.480253 -3.028608 -20.738951 -4.873822 10.645638 3.836221 -7.533894 5.778779 -5.041613 -0.615117 0.778388 -3.132550 -7.456607 -4.922493 8.703944 10.604798 14.644922 -13.396570 20.119699 0.447484 -15.811479 -0.567323 16.496490
-3.741074 15.214493 3.964996 22.992144 15.436911 -8.908658 7.112318 12.503068 -6.865610 -25.562429 -5.977671 12.756645 1.228272 -10.283939 0.154000 -4.749539 2.470456 -5.570448 -2.297512 -0.299001 -3.105467 7.516428 5.326406 7.585751 -16.574274 24.013132 -16.079014 -2.218358 -2.458099 5.324691
-3.792900 13.994951 5.065711 23.714899 15.406992 -9.488271 6.244211 12.024403 -6.125412 -27.155100 -5.782784 13.337798 1.858805 -10.573484 -0.293140 -4.370545 2.478638 -6.206813 -2.538105 0.274794 -3.136133 8.869650 5.436161 6.029793 -16.427553 24.297556 -15.089680 0.145315 -4.869954 6.135402
-4.948109 13.798036 6.200308 24.463326 16.542521 -8.202060 4.662565 11.321141 -3.413358 -26.607023 -5.199820 14.002778 1.693033 -9.911808 -0.987459 -4.218451 3.086362 -7.088734 -3.708040 0.298946 -2.429417 11.468737 4.910108 4.683464 -16.144287 24.952555 -14.891403 3.614731 -7.066519 7.998158
-5.760987 14.168445 6.983426 24.900314 17.284388 -7.795721 3.734549 10.997831 -2.213315 -25.869244 -4.938402 14.236571 1.344048 -9.743144 -1.474675 -4.146462 3.682892 -7.316675 -4.005915 0.295519 -2.843481 12.113283 3.920893 3.746168 -16.176960 25.717882 -15.681106 5.674272 -7.571209 10.053575
-6.197003 14.215457 7.436125 25.044842 17.565737 -7.589588 3.230379 10.760711 -1.726266 -25.515091 -5.011016 14.395411 1.240154 -9.651955 -1.551711 -4.032205 4.062871 -7.533360 -4.287498 0.463508 -3.039061 12.038916 3.636169 3.607174 -16.080799 25.805134 -15.835644 5.969554 -7.230133 10.916114
-6.250785 14.390776 7.424748 25.213644 17.760515 -7.622535 3.380632 10.603485 -1.616665 -25.511923 -5.092560 14.407961 1.228013 -9.672895 -1.548560 -4.041758 4.088489 -7.556203 -4.312495 0.501032 -3.058264 12.039651 3.569703 3.456623 -16.023355 25.937017 -15.880089 6.034074 -7.286980 10.858600
-6.333957 14.361151 7.421727 25.249887 17.788702 -7.495188 3.249568 10.567540 -1.457915 -25.426100 -5.062992 14.401112 1.222883 -9.662016 -1.594662 -4.034081 4.120559 -7.561224 -4.301926 0.503846 -3.071915 12.072167 3.504071 3.397115 -16.028336 25.924778 -15.949517 6.142028 -7.313413 11.009382
-6.319671 14.391155 7.406073 25.261965 17.783535 -7.539136 3.186260 10.476781 -1.491262 -25.484081 -5.073557 14.408340 1.239860 -9.635468 -1.581018 -4.029130 4.139695 -7.573283 -4.341787 0.517200 -3.135110 12.025982 3.492916 3.436954 -16.039328 25.888857 -15.932942 6.129781 -7.291139 11.108030
-6.336607 14.400744 7.383757 25.258326 17.808521 -7.576219 3.190738 10.454350 -1.496711 -25.466002 -5.062597 14.409275 1.232971 -9.654585 -1.578970 -4.013082 4.147851 -7.564329 -4.336958 0.528982 -3.140968 12.010903 3.486411 3.461549 -16.025955 25.889326 -15.947884 6.110139 -7.291375 11.095372
-6.361917 14.385301 7.419543 25.255981 17.841017 -7.533039 3.229403 10.499874 -1.465115 -25.416639 -5.082325 14.413149 1.244811 -9.659549 -1.567765 -4.005082 4.141587 -7.567255 -4.339564 0.536835 -3.140487 12.009426 3.500345 3.463429 -16.030029 25.902416 -15.918208 6.120758 -7.272104 11.092071
-6.377905 14.382786 7.403531 25.252542 17.870905 -7.529380 3.246382 10.480940 -1.454674 -25.412603 -5.069592 14.415453 1.240332 -9.651127 -1.575812 -4.004657 4.149644 -7.570140 -4.344031 0.543386 -3.138974 11.999260 3.485168 3.476192 -16.024168 25.880756 -15.930532 6.133188 -7.277256 11.088016
-6.375488 14.364772 7.411201 25.258005 17.871302 -7.507776 3.259768 10.485937 -1.451882 -25.425533 -5.067254 14.415551 1.231253 -9.647171 -1.575330 -4.012353 4.139766 -7.565131 -4.331988 0.527021 -3.148138 12.028491 3.486064 3.477611 -16.019651 25.883566 -15.912601 6.141188 -7.302798 11.101531
-6.335533 14.390941 7.386708 25.248156 17.811522 -7.524235 3.205792 10.437661 -1.488578 -25.496515 -5.072613 14.404706 1.244777 -9.644563 -1.568682 -4.010823 4.141024 -7.550347 -4.332381 0.518642 -3.142699 12.042353 3.474618 3.483111 -16.004925 25.864336 -15.956120 6.111824 -7.321082 11.089062
-6.342741 14.392676 7.399489 25.253820 17.801762 -7.518919 3.176985 10.449536 -1.487749 -25.495626 -5.080095 14.406397 1.243099 -9.649551 -1.561385 -4.008476 4.136076 -7.558322 -4.330294 0.526440 -3.127260 12.073605 3.457150 3.444982 -15.949525 25.913343 -15.996449 6.117447 -7.405092 11.086211
-6.386119 14.381577 7.421512 25.264696 17.834621 -7.493362 3.173849 10.423759 -1.456255 -25.494051 -5.077766 14.402266 1.240369 -9.651720 -1.566148 -4.007186 4.143260 -7.556781 -4.329372 0.534012 -3.152120 12.055455 3.443565 3.449203 -15.959189 25.900145 -15.998459 6.113176 -7.401935 11.108747
-6.370194 14.383384 7.411713 25.261528 17.822454 -7.501463 3.174144 10.430537 -1.467875 -25.500006 -5.083830 14.403467 1.245248 -9.653442 -1.560422 -4.007303 4.136550 -7.555334 -4.327304 0.529566 -3.153413 12.050866 3.450474 3.451529 -15.955805 25.895849 -15.985373 6.097471 -7.406964 11.091338
-6.343512 14.379100 7.398010 25.264959 17.795231 -7.512701 3.179769 10.458178 -1.480517 -25.499546 -5.081115 14.403011 1.247566 -9.648437 -1.562245 -4.008711 4.146723 -7.563742 -4.332928 0.528120 -3.128648 12.068646 3.478907 3.466251 -15.970634 25.905003 -15.980522 6.108052 -7.381281 11.083507
-6.329783 14.385315 7.390288 25.255964 17.799166 -7.529540 3.196218 10.465387 -1.494750 -25.492481 -5.085218 14.407063 1.249862 -9.642022 -1.556733 -4.010226 4.137541 -7.565604 -4.339962 0.531728 -3.134486 12.068827 3.465736 3.456020 -15.961830 25.904907 -15.993508 6.109264 -7.391304 11.083854
-6.334476 14.375047 7.393316 25.259424 17.794680 -7.522221 3.184893 10.465792 -1.508525 -25.511255 -5.084899 14.405948 1.240385 -9.649691 -1.563804 -4.009560 4.135763 -7.560414 -4.329307 0.528638 -3.122952 12.087725 3.494219 3.456377 -15.956547 25.921099 -15.958812 6.120946 -7.393118 11.092893
-6.341266 14.355368 7.402849 25.259758 17.818914 -7.512287 3.190460 10.484487 -1.510079 -25.503599 -5.081608 14.409781 1.242137 -9.649561 -1.565421 -4.005985 4.139130 -7.564667 -4.331382 0.532740 -3.136796 12.071075 3.455180 3.470022 -15.968464 25.918909 -15.889487 6.120373 -7.365951 11.093759
-6.863345 -6.738184 1.871712 12.674447 6.012229 16.648546 3.719009 18.795530 3.095044 -27.063150 4.261026 11.294117 5.530092 -6.820902 -1.192136 -2.444884 0.786281 -8.233089 -2.661396 5.153984 10.508991 7.731085 4.796554 11.222292 -10.855502 13.353680 -15.405364 14.497272 -21.133097 4.593599
-6.867302 -10.079273 1.149122 10.537751 8.508560 16.568827 5.157853 17.969070 4.619180 -29.075218 5.131413 11.291675 5.262771 -6.234555 -1.546231 -2.505551 -0.250671 -8.194910 -2.310606 6.540143 11.767764 4.588817 5.116462 12.320579 -8.733100 11.422236 -15.028259 14.214522 -22.773893 0.857775
-7.551068 -12.355352 -0.204720 7.056889 8.140461 17.319159 4.722626 18.428415 5.074255 -28.500689 5.823089 10.788460 4.810515 -5.435668 -0.978850 -2.843825 -0.077930 -8.620934 -2.007286 6.484521 11.492249 2.774388 4.091825 13.059491 -7.755884 10.105391 -14.775048 13.880932 -23.920601 -1.594076
-7.493264 -13.158336 -1.977168 6.727228 10.771550 15.212864 4.233527 16.645269 5.525489 -28.159010 6.069934 11.042276 4.869142 -4.836212 -0.870649 -3.161191 -0.621916 -9.391932 -1.765631 6.599050 10.689723 2.069916 2.995074 13.159356 -6.420341 9.698997 -12.775787 14.000231 -24.603378 -2.930928
-7.351077 -13.772750 -3.083042 7.443594 14.498657 12.120838 4.876171 14.422940 5.535726 -29.001474 5.921118 12.114792 5.087305 -4.033259 -0.900768 -3.617193 -1.261698 -9.690440 -1.432540 6.628357 9.902987 1.505800 2.772635 12.028235 -5.039621 10.372984 -9.916255 15.207357 -25.420771 -3.691168
-8.272727 -16.176662 -5.070005 4.410560 13.104929 15.688930 6.921583 14.459058 4.216211 -26.901354 7.136047 10.654557 4.454106 -3.785898 0.356056 -3.129910 -0.718155 -9.359815 -0.171150 6.908022 10.276136 -1.316296 2.565429 13.587500 -5.444110 7.501659 -11.067130 13.821342 -25.272926 -5.765343
-9.240567 -19.341532 -6.441672 0.364517 10.854233 18.220430 8.513799 15.140132 2.171661 -25.234913 7.583586 9.205910 4.073645 -3.443004 1.703248 -3.329796 -0.083243 -9.522747 1.288717 6.746780 9.926314 -3.947598 2.736016 15.451071 -5.476890 5.509182 -11.928343 13.001729 -25.049976 -7.889087
-10.230220 -21.388359 -9.551089 -3.356136 7.066751 18.868204 8.690639 14.920815 -1.671556 -21.423159 7.971764 8.127250 4.035352 -3.429433 2.520362 -4.098476 0.108936 -10.032024 3.484596 7.000421 9.278370 -6.916962 3.770736 16.745581 -5.349902 4.778790 -12.274400 10.469205 -22.742979 -11.094083
-11.459607 -21.930698 -14.668582 -4.765178 2.083318 18.118170 8.395425 13.661290 -6.048823 -15.765165 7.892558 6.452533 4.673558 -3.212134 3.807386 -4.952517 -0.046764 -9.969395 5.190853 7.065938 9.561423 -8.587670 5.267367 18.671272 -5.620669 4.519344 -12.300601 8.437725 -21.581474 -15.919328
-11.085024 -20.652277 -22.427862 -3.172600 -4.680774 17.141027 5.814013 12.938132 -11.857144 -8.340967 7.382362 3.765926 6.015194 -3.356427 5.802092 -5.869842 -1.043653 -9.526472 7.377569 5.970439 9.806415 -8.660041 8.775662 20.429104 -5.418814 6.093805 -9.984203 5.714243 -19.294102 -18.983912
-9.829443 -17.066011 -29.192986 0.284671 -8.068293 15.273181 4.052234 11.929003 -16.363752 -1.823096 6.844883 0.904624 7.722341 -3.405192 8.201285 -6.099177 -2.201973 -8.258238 8.288107 4.617270 10.009605 -8.740234 12.697161 22.170765 -4.946521 7.618997 -6.076583 3.297979 -17.657705 -20.160107
-9.409925 -14.933252 -31.420818 0.107207 -8.110473 13.692744 4.305148 11.103784 -17.914154 0.064252 6.822370 0.054434 7.745490 -3.384554 9.127923 -6.091447 -3.088193 -7.465042 8.752914 4.297228 9.123214 -9.623777 13.647262 21.896574 -4.975994 7.625504 -4.025508 2.293212 -17.125887 -20.927883
-8.447872 -12.719524 -32.147076 0.706672 -7.618176 12.849647 3.452670 10.577653 -18.822014 0.801638 6.704144 -0.864202 7.969028 -3.229362 9.853945 -6.061038 -3.581263 -7.026496 8.889463 3.746172 8.768018 -10.045704 14.808957 22.496624 -4.643856 8.162242 -2.914622 1.578369 -16.610722 -20.778839
-8.138902 -12.504578 -32.373997 0.902495 -7.676586 12.682312 3.508097 10.624577 -18.805376 1.095238 6.786389 -1.086322 8.072644 -3.211119 9.848362 -6.056444 -3.564822 -6.985718 8.964776 3.506292 9.029859 -9.823273 15.132386 22.597569 -4.520485 8.460238 -2.461555 1.790541 -16.277285 -20.757324
-8.108434 -12.153567 -32.501179 0.998442 -7.803908 12.579521 3.499502 10.513104 -18.901098 1.214140 6.706143 -1.385283 8.258427 -3.169095 10.058971 -5.992774 -3.643716 -6.881598 8.903560 3.317024 9.095065 -9.804188 15.152572 22.813354 -4.380978 8.514677 -2.265736 1.831246 -16.357679 -20.598379
-7.883338 -11.801783 -32.637352 1.360069 -8.061110 12.592108 3.433211 10.381631 -18.726559 1.150551 6.692340 -1.490949 8.377593 -3.173964 10.049545 -6.031519 -3.577917 -6.884037 8.912660 3.213964 9.510351 -9.642306 15.219769 23.174868 -4.440631 8.474139 -1.922653 1.824180 -16.083183 -20.272848
-7.114221 -11.134682 -32.790302 1.415330 -8.000378 12.557673 2.919739 10.542591 -19.053854 1.518509 6.745477 -1.844856 8.586139 -3.078687 10.310697 -5.899125 -3.395920 -6.796114 8.760097 2.883348 9.738457 -9.577668 15.639343 23.202251 -4.510289 8.756051 -1.524799 1.945178 -15.598661 -19.934496
-6.540378 -10.286946 -32.868023 1.641102 -8.070820 12.216837 2.325267 10.751202 -18.608572 1.771030 6.789850 -2.460466 8.817861 -3.006724 10.371522 -5.913846 -3.474803 -6.712279 8.388774 2.657256 9.902805 -9.322810 16.333807 23.630436 -4.617155 8.801215 -1.129525 1.680867 -15.144594 -19.827833
-6.825523 -10.607279 -32.944561 1.685844 -8.064674 12.301003 2.430723 10.732939 -18.720566 1.798505 6.728443 -2.420143 8.704954 -3.081164 10.289856 -5.951240 -3.455310 -6.699289 8.497414 2.701807 9.745499 -9.428269 16.013403 23.346897 -4.594207 8.694842 -1.381011 1.620347 -15.512694 -19.713268
-5.983686 -9.575457 -33.037769 1.378720 -8.282694 12.064415 2.138829 11.147095 -18.852030 2.139853 6.669522 -2.742858 8.961786 -2.997192 10.614594 -5.808199 -3.427083 -6.548223 8.313447 2.347349 10.090190 -9.051117 16.339157 24.369869 -4.397821 9.153905 -0.893035 1.593411 -14.691399 -19.820518
-9.633024 -11.674688 -32.536900 0.111710 -6.955956 11.939825 4.974429 8.823248 -18.664341 1.615140 6.882646 -0.705207 6.999968 -3.047288 10.024463 -5.872532 -3.933252 -6.121253 9.115895 3.720329 6.814795 -10.578114 14.255457 21.624626 -4.238469 8.284890 -1.175702 2.036672 -16.577404 -19.844713
-12.465758 -14.696796 -29.830645 -2.105407 -5.184460 12.767355 7.611850 7.338100 -17.558371 -0.585074 6.824304 2.321348 5.006469 -2.824540 8.661619 -6.056782 -3.775674 -6.171268 9.347173 5.251370 5.509621 -11.744953 10.903327 19.433315 -4.245318 6.895903 -2.194569 2.797236 -18.266092 -20.952736
-13.752824 -15.965900 -26.759251 -4.624942 -2.355277 12.163518 9.729230 6.704925 -15.836865 -3.001683 6.763618 3.993449 3.253911 -2.682799 7.689287 -6.363016 -3.531175 -6.206779 9.412572 5.847593 4.130328 -12.847254 8.659829 17.252270 -4.572546 5.617499 -2.385218 4.626134 -19.379913 -21.054966
-14.903218 -15.929493 -25.078337 -5.680268 0.016149 11.436200 12.002171 5.520875 -14.936439 -4.020337 6.810916 5.409335 2.130904 -2.496712 7.374043 -6.330277 -3.118160 -6.158134 9.484637 6.100037 3.731872 -13.978357 7.339771 16.695652 -3.884890 5.330617 -1.397421 6.120959 -20.280558 -20.632748
-15.822794 -15.334970 -23.382441 -7.577224 2.058366 11.441094 12.997256 4.749144 -14.501906 -4.775631 6.974045 6.422826 1.057270 -2.162181 6.765952 -6.519334 -3.134687 -5.752761 9.341390 6.289847 2.820690 -16.109520 6.236605 16.090069 -3.049632 4.820004 -0.222363 6.462166 -20.434504 -19.953226
-16.974232 -14.670017 -21.255926 -8.917782 4.129378 11.357307 13.734450 3.826855 -13.851906 -5.533684 7.037297 7.276305 0.269958 -1.871740 7.059536 -6.177661 -2.740072 -5.176240 8.960270 6.377447 2.441165 -17.710180 4.856821 14.523210 -2.905833 3.480054 0.868096 7.090081 -20.946077 -19.054146
-19.069117 -13.921496 -16.483286 -11.026203 8.556076 11.754136 16.480949 3.397159 -12.329719 -8.188480 6.969716 9.027171 -0.889364 -1.589267 6.584699 -5.499529 -1.555484 -3.694039 7.820207 7.173320 2.152646 -19.579714 2.661976 13.659648 -2.303861 2.933167 0.080653 7.965333 -20.090551 -16.628830
-20.667805 -11.307362 -11.574529 -13.340430 12.377960 11.000731 18.591042 3.374147 -11.501615 -11.182703 6.889944 10.610332 -0.534688 -1.252496 6.563982 -4.754412 -0.363199 -2.257759 7.171534 7.728656 1.857381 -21.036129 0.306340 12.864338 -2.362151 2.435373 -0.703692 7.554974 -19.459890 -14.134282
-21.326336 -10.607305 -10.891817 -14.252831 10.335046 11.407053 17.623184 4.875270 -11.982783 -9.768867 7.074854 10.200756 -0.102906 -1.427206 7.237644 -3.987298 -0.119200 -1.790233 7.111105 8.060608 2.387645 -20.739763 -0.279215 14.390721 -2.086167 3.031352 -1.748200 6.202543 -18.560297 -13.258817
-21.174335 -9.733396 -9.245541 -15.065083 9.789268 11.968202 17.117432 6.350243 -11.790606 -10.251926 7.048607 10.312440 0.552282 -1.604450 7.111478 -3.558347 0.330135 -1.271284 6.742855 8.426216 2.225241 -20.953520 -0.859362 15.710590 -2.046918 3.478978 -2.647838 5.202754 -17.481087 -12.254761
-21.233156 -8.444657 -7.612922 -15.273556 8.592435 13.716426 16.880398 7.077714 -11.462218 -10.366089 7.019114 9.997274 1.123619 -1.697847 7.188438 -3.135982 1.046650 -1.063077 6.234413 8.464660 2.722960 -21.553118 -1.487903 16.636086 -2.054291 3.029857 -2.717970 4.447072 -16.744358 -10.036819
-20.377371 -7.892987 -5.619241 -15.047756 7.633929 13.947215 16.186508 8.968472 -11.231688 -11.432484 6.582909 9.615417 1.889185 -1.700004 7.384544 -3.044869 1.578387 -0.754733 5.724878 8.550361 4.635571 -21.169718 -2.038558 17.244404 -2.189499 2.154742 -2.882160 4.444772 -16.077541 -7.777298
-19.102695 -5.650075 -0.609205 -12.307953 8.076871 14.437629 16.068775 9.672513 -10.625402 -16.061588 5.418451 10.026367 3.034693 -1.668432 7.117914 -3.353237 2.645158 -0.359343 4.797912 8.270446 7.399043 -20.143711 -2.836643 17.036152 -1.937196 2.472982 -3.810176 5.573898 -15.772322 -4.906458
-18.888893 -6.962858 -2.143240 -11.628300 3.656047 16.316927 15.292344 11.736188 -11.653296 -14.809246 5.215269 8.539810 4.306139 -1.997630 7.752011 -3.618872 3.197148 -1.060460 5.113054 8.468991 10.425115 -20.127733 -2.264485 19.484919 -1.984155 1.567486 -4.692687 4.770470 -14.984789 -5.633530
-18.867102 -8.141626 -2.868596 -10.644238 -0.777429 17.977041 14.377517 13.927897 -12.412028 -14.189621 5.160973 7.724483 5.244817 -2.241667 7.844095 -3.596200 3.833523 -1.981616 5.217448 8.352239 12.463754 -19.153664 -2.133390 20.692888 -2.306984 1.214229 -6.403364 3.574517 -13.685269 -6.020702
-18.400066 -10.026845 -4.779417 -9.899311 -3.872508 19.063749 13.370877 15.544240 -12.765809 -12.808231 5.468023 6.705004 5.791013 -2.731687 8.355801 -3.343613 4.192355 -2.637701 5.485582 8.276457 13.750400 -18.203558 -1.937754 22.260107 -2.979966 0.767523 -8.043736 2.534626 -13.094447 -6.761187
-17.620340 -10.305260 -3.029740 -10.213949 -2.720721 18.867622 14.219735 16.454813 -12.140628 -14.805564 5.294134 7.107654 5.994573 -2.553782 7.510182 -3.810061 4.396352 -2.521560 5.217576 8.472940 14.298044 -18.223980 -2.472305 22.967842 -2.735692 1.166321 -8.677548 3.512622 -13.269597 -6.273466
-17.614517 -10.492752 -3.530455 -10.330175 -2.977846 18.770180 14.257016 16.656572 -12.320642 -14.563980 5.368755 6.996380 5.837530 -2.677626 7.685811 -3.683509 4.414283 -2.598051 5.323484 8.366299 14.506989 -18.434490 -2.659845 23.192488 -2.648550 1.238421 -8.901267 3.565412 -13.171196 -6.277018
-17.531006 -10.536230 -4.077607 -10.520910 -3.637310 18.699789 13.730556 16.751328 -12.604571 -14.084658 5.422273 6.761742 5.869241 -2.826435 7.930571 -3.652161 4.383359 -2.732978 5.465302 8.301178 14.419548 -18.300074 -2.372919 23.366188 -2.755122 1.296548 -8.674198 3.220235 -13.058980 -6.663606
-17.608887 -10.656641 -4.645640 -10.408991 -4.351876 18.684298 13.487463 16.650587 -12.779757 -13.532847 5.574774 6.487164 5.787113 -2.782307 8.176348 -3.472398 4.362643 -2.676832 5.442489 8.213403 14.816371 -18.131483 -1.995697 23.787251 -2.866990 1.328305 -8.839194 3.078408 -12.648366 -7.229991
-23.096447 0.723341 8.449420 -9.980057 -1.226774 5.814336 15.354604 8.865905 -22.157602 -19.098066 -0.399518 11.814175 -0.687515 -3.150725 7.342968 -5.422728 4.030259 0.386935 4.695822 8.326922 11.586749 -20.728693 1.354426 12.003333 0.579377 9.113555 -6.296557 4.813495 -10.302279 -5.414230
-23.902628 0.975710 6.908588 -14.696767 -1.867487 5.951817 15.293202 12.150797 -21.472647 -9.548832 1.211446 9.538557 -1.616917 -2.318079 7.294289 -6.703451 4.934086 1.620145 6.268402 6.530737 11.534669 -21.670330 0.883652 12.319191 1.073672 9.051654 -5.545431 3.733883 -8.855444 -6.662770
-23.406384 0.228003 4.866207 -15.629839 -5.976782 8.447668 15.705382 14.029553 -20.370224 -2.740047 1.650077 7.602104 -2.318002 -2.582774 7.441911 -7.518891 4.339401 1.070180 7.571677 5.982701 11.100335 -22.129988 1.069525 12.635943 0.791984 9.261770 -4.699801 3.266086 -8.015656 -7.172396
-26.265079 -0.440460 1.522223 -14.577465 -7.770939 10.396871 13.845405 12.891143 -21.788465 -0.172518 1.886202 7.542656 -2.594578 -2.521724 8.627398 -7.054800 3.951344 1.236658 7.976367 5.929974 10.516990 -21.792173 1.304064 13.217801 0.962753 9.687319 -3.958175 2.798843 -8.323780 -8.365504
-25.869116 -1.107843 -6.713985 -14.429657 -11.290424 8.320382 11.863973 11.940581 -25.569311 -0.316527 1.579867 5.640901 -0.032590 -2.382654 11.109742 -6.528386 3.563990 0.774327 7.218025 6.626612 10.800232 -23.105690 2.536753 16.794552 0.753135 8.941030 -1.611341 0.184251 -7.721522 -11.111514
-24.566494 0.259750 -11.978489 -14.142414 -13.128882 5.901146 8.452791 10.429181 -27.268164 0.826033 1.145474 4.241800 1.780574 -2.080628 12.951990 -6.388923 2.519283 0.590199 6.925772 6.246091 10.515897 -22.977642 3.903028 18.362886 0.616033 8.116253 1.451247 -1.567501 -7.582752 -10.836059
-24.300674 1.254491 -15.108443 -12.459446 -13.891117 4.699325 6.792188 9.028358 -28.272692 2.567015 0.973334 3.188840 2.290554 -1.794726 13.892279 -6.380125 2.017437 0.487535 6.518276 5.996463 9.631057 -22.832226 4.699628 19.030579 0.998939 8.655743 2.800050 -2.267907 -7.820119 -10.934402
-23.828896 1.603353 -16.959070 -11.497315 -13.934542 4.274323 5.575211 8.604795 -28.301199 3.284317 0.878266 2.426328 2.411929 -1.790325 14.512972 -6.275657 1.618266 0.634324 6.308101 5.517508 9.204542 -22.887541 5.316154 19.651615 1.222960 8.825687 3.802688 -2.835915 -7.739158 -10.679197
-23.753735 1.780256 -17.482428 -11.318017 -13.744976 3.744419 5.318231 8.269018 -28.391350 3.559700 0.936692 2.442539 2.548542 -1.656168 14.758256 -6.112521 1.620842 0.751191 6.216068 5.340345 9.339999 -22.738333 5.808992 19.986946 1.277540 8.813220 4.019583 -2.906978 -7.767860 -10.743382
-23.680916 2.023282 -17.764488 -11.427694 -13.584337 3.454819 4.909647 7.897818 -28.365812 3.713984 0.905600 2.350527 2.532906 -1.702223 14.860664 -5.962643 1.620446 0.667999 6.179149 5.386190 9.264836 -22.724138 6.045580 20.100231 1.363804 8.756937 4.341583 -2.994514 -7.710909 -10.451369
-23.985071 1.497308 -16.217585 -12.273421 -13.935816 4.394722 5.666734 8.990797 -28.532541 2.843803 0.839318 2.624103 2.463557 -1.647120 14.494950 -6.343186 1.612737 0.633246 6.383847 5.674601 9.357411 -23.028151 5.261437 19.588493 1.214565 8.638917 3.481619 -2.809053 -7.782798 -10.767733
-24.017937 1.707780 -17.052261 -11.724941 -13.849605 3.999906 5.468408 8.548713 -28.373016 3.454574 0.916446 2.477448 2.493136 -1.714691 14.472310 -6.249249 1.584020 0.630337 6.295137 5.524276 9.249638 -22.944212 5.332026 19.543415 1.291391 8.821115 3.870349 -2.957640 -7.801077 -10.780210
-23.718575 1.738499 -17.379875 -11.306304 -13.692492 3.822266 5.399780 8.359826 -28.267328 3.504869 0.934392 2.391699 2.554436 -1.661080 14.699472 -6.136230 1.610859 0.717214 6.197245 5.367455 9.387084 -22.752501 5.771014 19.773037 1.288480 8.782158 4.042819 -2.942381 -7.734807 -10.667571
-24.013180 1.401771 -15.822525 -12.627475 -13.948382 4.460487 5.929899 9.050397 -28.693548 2.461375 0.940364 3.098893 2.489906 -1.753921 14.182993 -6.266428 1.773833 0.647773 6.502339 5.958052 9.466971 -23.188208 4.921082 19.304991 1.152298 8.626030 3.344085 -2.501822 -7.713197 -10.778485
-24.017694 1.443052 -16.228479 -12.257496 -13.957090 4.422438 5.729560 8.995339 -28.514446 2.785483 0.850106 2.635134 2.457827 -1.647210 14.500029 -6.315591 1.617413 0.641261 6.360555 5.699351 9.398828 -23.020247 5.259387 19.568796 1.252501 8.632387 3.498319 -2.831970 -7.780235 -10.718032
-23.948479 1.794528 -17.115807 -11.798410 -13.835909 4.047999 5.413675 8.496540 -28.392406 3.546531 0.921567 2.484523 2.392015 -1.706336 14.460415 -6.219448 1.551185 0.638090 6.281533 5.388131 9.385720 -22.889727 5.526341 19.705929 1.282840 8.807532 3.993449 -2.907031 -7.719232 -10.740487
-23.663912 1.810441 -17.451754 -11.337297 -13.716276 3.800796 5.308904 8.306584 -28.206226 3.621652 0.954392 2.438013 2.510285 -1.691164 14.677860 -6.091419 1.611156 0.723579 6.244264 5.341043 9.407838 -22.749220 5.837697 19.984489 1.291099 8.806493 4.025679 -2.868960 -7.761333 -10.676138
-23.935177 1.374633 -15.926234 -12.635155 -13.952723 4.419104 5.888196 9.136313 -28.692293 2.611783 0.938778 3.036322 2.408864 -1.781033 14.141532 -6.362232 1.725957 0.630673 6.543207 5.891216 9.374938 -23.255516 4.895984 19.429794 1.152828 8.627644 3.332217 -2.482426 -7.712868 -10.803497
-23.946028 1.544583 -16.516682 -11.887989 -13.945018 4.363748 5.778140 8.873482 -28.431906 3.126242 0.882721 2.610557 2.401709 -1.711519 14.369713 -6.378046 1.599103 0.557673 6.424299 5.618810 9.469031 -22.857012 5.220577 19.658833 1.205967 8.654735 3.658952 -2.740944 -7.734624 -10.790554
-23.953703 1.840232 -17.125975 -11.835699 -13.783254 4.115787 5.396646 8.487070 -28.404619 3.470464 0.918740 2.469836 2.316418 -1.717361 14.441988 -6.278413 1.525680 0.610975 6.272270 5.442245 9.414397 -22.811737 5.420576 19.691116 1.278780 8.769745 4.018736 -2.911489 -7.752443 -10.694932
-23.578043 1.806854 -17.420879 -11.294786 -13.662050 3.826388 5.194259 8.291737 -28.160685 3.536285 0.940654 2.374165 2.496027 -1.665473 14.695372 -6.137548 1.609396 0.747677 6.183125 5.326527 9.349893 -22.707355 5.805749 19.850767 1.327920 8.828169 4.157209 -2.987979 -7.722481 -10.692058
-23.608498 1.776359 -17.409361 -11.316648 -13.663383 3.850307 5.202602 8.288062 -28.143995 3.533357 0.981628 2.421713 2.495844 -1.626845 14.686990 -6.106440 1.612225 0.729199 6.153630 5.331145 9.428795 -22.785467 5.763130 19.937822 1.292026 8.782833 4.208572 -2.920704 -7.730003 -10.639706
-23.748543 1.342085 -15.815007 -12.575809 -13.922674 4.530352 5.773085 9.206923 -28.664623 2.494533 0.949308 3.040927 2.510798 -1.709300 14.212461 -6.265335 1.754391 0.661238 6.416363 5.962022 9.472767 -23.222670 4.978076 19.424870 1.152973 8.595993 3.335330 -2.542604 -7.669021 -10.765058
