1.467237 25.659172 -10.615997 2.927393 3.944003 -4.885646 11.594879 14.137608 20.579126 -3.907256 3.072264 8.301243 5.248718 -8.973358 0.692849 -3.557055 -0.387067 5.290292 1.837044 -10.412032 4.379583 6.343766 7.546978 1.430032 2.503370 23.749952 -0.474007 -24.454857 -4.211365 20.114649
1.550564 25.683552 -10.575744 2.957855 4.063277 -4.835198 11.684257 14.167774 20.570726 -3.980582 3.136215 8.337157 5.245680 -8.966442 0.649037 -3.518996 -0.402909 5.302077 1.849956 -10.404724 4.746765 6.356902 7.516609 0.971281 3.013162 23.963369 -0.450061 -24.769449 -4.270572 20.206146
0.608337 6.563445 -14.574682 -3.429443 -2.673082 8.714854 9.264353 16.598768 23.022486 -15.217798 6.371929 9.784764 9.049562 -4.945032 1.214908 -3.771381 -3.156540 2.078823 0.975921 -4.334824 19.489285 3.306583 8.366552 6.670669 9.669350 14.224316 3.300537 -11.762695 -19.334742 16.238712
-3.448639 0.159474 -10.789145 -4.616596 3.591049 12.993262 8.433907 15.020844 23.892338 -17.692932 8.237035 9.582575 6.548676 -4.363930 0.552892 -2.649365 -2.854607 -0.393661 -0.255417 -0.896600 14.239015 1.826553 4.801478 10.407437 5.075044 9.271761 -1.626663 -5.861863 -23.871325 11.673874
-1.771142 0.997286 -14.140073 -5.149994 0.726333 9.213387 7.737824 15.399850 24.485312 -16.812943 7.438777 9.056816 7.411609 -4.265158 0.820090 -3.727900 -3.794871 0.488939 0.219341 -2.180699 15.403599 3.054062 5.815918 10.137448 5.646487 10.192225 0.979329 -7.722132 -23.044132 10.985501
0.562069 2.354186 -17.073301 -6.279477 0.430614 5.868433 5.704351 15.409654 24.324377 -16.383808 7.097448 8.311942 7.642956 -3.810059 1.343460 -4.508605 -5.120525 0.712762 0.445182 -3.477149 17.392679 3.826006 6.158322 6.845490 9.096817 11.452812 3.666263 -11.098321 -22.860643 10.063058
0.515949 2.395998 -18.837006 -7.531154 0.449006 4.177942 3.847435 14.988004 24.949821 -16.344698 6.979832 7.658082 7.353305 -3.272655 1.534178 -5.191300 -5.461794 0.705373 0.205496 -4.237075 16.819605 2.825034 6.374319 4.075685 10.547970 11.651312 5.746454 -13.739137 -22.157749 8.874950
0.729500 2.536725 -19.675236 -8.152550 0.773480 3.013340 2.331270 14.873689 24.833511 -15.993647 6.817367 7.301303 7.452525 -2.837381 1.562694 -5.796992 -5.783411 0.902536 0.227050 -4.504335 16.290983 2.583705 6.289685 3.102156 10.251988 11.290190 6.704466 -14.620440 -22.235418 7.343920
1.080161 2.278646 -20.671629 -9.198848 1.447204 2.055251 -0.199822 14.624111 25.150545 -15.879447 6.749782 6.893151 7.007232 -2.749548 1.603009 -5.918932 -6.333229 1.133253 0.092643 -4.712174 15.864747 2.720126 6.857524 2.157882 9.609291 10.708689 7.179454 -15.144272 -22.155790 6.598104
1.835424 2.093398 -21.919514 -10.275332 2.493115 1.098391 -2.417501 14.892209 24.840254 -15.804676 6.800851 6.389797 6.510597 -2.456477 1.688582 -6.006046 -6.875247 0.919235 -0.127618 -5.338803 15.576119 3.766758 6.327322 1.241742 9.353149 10.082072 7.644701 -15.911051 -22.283422 4.002546
2.049684 1.392310 -23.065592 -10.196389 4.331839 -0.083533 -3.952410 14.660957 24.366117 -15.353816 7.049785 6.079796 5.811368 -2.094929 1.720033 -5.832725 -7.348670 0.582485 -0.601923 -5.777531 15.134595 4.866374 5.908978 -0.112990 9.034193 9.740386 7.876277 -16.794088 -22.359383 2.007910
1.145249 0.791887 -23.696768 -9.816628 6.106661 -1.809915 -5.327746 15.036211 24.195704 -14.840412 7.274508 5.898597 5.513850 -1.582637 1.723017 -5.842100 -7.231952 0.285550 -1.044630 -6.164723 14.007121 5.673965 5.719945 -0.696366 8.826817 9.504359 7.793642 -18.094210 -22.777906 0.432753
-0.013200 1.325714 -23.797045 -10.134325 6.643777 -3.009342 -6.625605 15.397187 22.947035 -13.698167 7.620652 5.343499 5.571629 -0.892829 2.296072 -5.373101 -6.783075 0.717440 -1.916940 -6.421036 11.730412 5.012176 5.590736 -1.212184 8.586023 9.089571 7.880736 -19.935839 -22.315701 -0.284423
-0.749807 2.678485 -23.352285 -10.476540 8.082781 -4.233171 -7.577956 15.549632 21.580145 -12.707438 7.975077 4.785906 6.258391 -0.393706 3.098425 -4.632080 -6.276116 1.134008 -2.794373 -6.654014 9.258965 4.054775 5.285734 -0.799269 8.382795 9.047889 8.760427 -22.003855 -21.516228 0.363278
-1.043248 4.424530 -22.813189 -11.148783 8.230092 -4.668632 -10.049167 16.072321 21.066603 -11.720170 8.248649 4.431003 7.210310 -0.509226 3.639565 -3.638760 -5.644979 1.439165 -3.504116 -6.459273 7.798830 2.764144 3.686823 -0.211158 7.748230 9.368885 9.420627 -24.266596 -19.877390 -0.310292
-1.053217 6.617770 -21.499605 -11.519126 8.267893 -4.797050 -12.374002 16.986849 20.799616 -10.998338 8.628154 4.593391 8.377490 -0.748095 4.016483 -1.833326 -4.982908 1.592524 -4.502983 -6.068681 7.584682 1.395006 3.324751 0.725480 7.358574 10.120724 9.173259 -26.562414 -17.501007 -1.266810
-0.717100 9.266126 -19.975409 -11.925316 8.259031 -4.778620 -14.058566 17.851219 20.447214 -10.529413 8.853880 4.473130 9.469249 -0.987177 4.161347 -0.532980 -4.540219 1.608616 -5.284989 -5.287656 7.239419 -0.814098 3.324001 1.540485 7.194736 10.683754 8.389962 -28.890047 -14.838972 -2.085528
-0.216927 10.172761 -18.533306 -11.834792 8.079273 -5.042542 -13.824939 19.026529 19.833445 -10.888746 8.811880 4.194919 10.028590 -1.242614 4.341515 -0.207547 -4.254329 1.835056 -5.352764 -5.025011 7.420816 -1.770579 2.947546 2.041166 6.867516 10.663513 8.585298 -29.516649 -13.862141 -1.225602
-0.291305 9.373659 -18.025444 -12.412290 7.995537 -5.777546 -13.178525 19.900541 19.789480 -11.710012 8.770007 4.190263 10.173056 -1.301135 4.317473 -0.386667 -4.311694 1.935043 -5.211227 -5.145080 7.559418 -2.022842 2.429848 2.469230 7.178983 10.619854 9.441756 -28.588011 -14.088889 0.290787
-0.666361 9.001839 -17.731676 -12.886454 7.839330 -6.418781 -12.975399 20.210566 19.826817 -12.087706 8.744505 4.141363 10.441827 -1.225183 4.358343 -0.506878 -4.253321 2.049597 -5.156387 -5.206634 7.651321 -2.293591 2.547399 2.563629 7.042665 10.544352 9.470037 -28.354799 -14.101955 0.742106
-0.860804 8.695954 -17.694006 -13.122400 7.776337 -6.848984 -12.934627 20.456350 19.899439 -12.118214 8.696145 4.001709 10.449053 -1.182815 4.311749 -0.717989 -4.226964 2.151610 -4.975492 -5.233448 7.748397 -2.468033 2.625770 2.618059 7.182366 10.450409 9.657382 -28.123125 -14.174214 1.221670
-2.591359 5.480376 -18.806219 -13.244560 8.084712 -7.970422 -11.398379 19.192039 20.875946 -12.210354 8.487279 4.540194 9.634908 -0.646771 4.172444 -1.926060 -4.417458 2.165044 -4.144920 -5.653399 8.048857 -2.238100 4.297627 2.068641 7.929862 10.234531 8.849669 -25.940111 -16.574070 0.758740
-12.528453 -5.316752 -11.447125 -9.586064 8.223557 14.599285 -9.134170 14.335546 25.927614 -11.074668 10.658084 6.149940 3.270103 -1.308524 0.169522 -3.106211 -1.433820 -2.805076 -3.756056 -1.696536 1.359857 1.995698 1.534040 6.236041 -1.156158 3.743980 -8.773398 -10.477509 -26.070461 0.727848
-7.225992 -1.712122 -16.189373 -7.563877 10.617529 3.383475 -8.712910 15.628534 24.708782 -12.701843 9.870850 5.750827 5.529079 -1.011022 1.895592 -2.595677 -3.579677 -0.334921 -3.361854 -3.471188 3.678019 1.586694 3.320984 3.740467 2.332300 7.183959 -0.888577 -16.226824 -22.943785 -0.877084
-9.154128 -4.851914 -14.109456 -7.343843 9.302588 9.871942 -8.013374 15.294252 25.575983 -13.299765 10.034104 6.225014 3.500404 -1.240119 0.415887 -3.591850 -2.913270 -2.503811 -3.549389 -2.259070 3.404593 3.598196 3.336669 5.440364 -0.417695 4.833665 -5.684052 -12.624741 -25.765839 -1.372467
-5.891000 -3.634558 -17.316086 -5.402293 12.414270 6.857131 -6.619008 14.602500 24.265646 -13.773931 10.156403 6.508812 3.324126 -1.348879 1.132309 -2.806280 -4.467301 -1.510549 -3.531408 -2.749740 4.717321 3.631372 3.649971 2.363225 2.014463 6.353404 -0.916156 -12.999802 -25.956251 -0.162776
-5.753630 -5.280137 -17.306684 -5.096523 11.584091 9.423175 -6.694150 14.603019 25.014101 -14.247793 9.841704 6.469067 2.215971 -1.796035 0.602762 -3.406194 -4.467597 -2.043644 -3.090146 -2.432549 6.121624 4.967808 3.935706 3.475510 1.182688 5.462134 -3.018275 -11.080291 -26.731415 -0.494837
-9.474345 -10.641846 -8.305243 -5.268517 8.105444 28.422066 -8.024270 12.907399 23.356579 -10.863677 11.389258 6.496589 -1.309847 -3.274427 -0.408671 -2.178129 -1.470410 -3.396949 -1.591864 -0.526242 2.797289 1.054995 2.419671 6.678229 -2.343905 2.759939 -12.478816 -2.788268 -29.636404 6.358748
-3.205657 -7.896677 -14.868487 -2.081434 11.695955 17.595976 -5.122278 13.639831 22.778698 -14.136601 9.915423 6.212142 0.274362 -3.364174 0.140535 -3.179979 -4.432734 -3.250066 -1.704372 -0.916754 7.214225 3.774770 5.174467 3.762660 0.088464 4.932417 -6.492321 -6.261475 -28.389732 2.350521
-0.090373 -6.845981 -15.968723 -1.061607 11.883362 14.658334 -4.312311 14.824827 21.755072 -16.216177 9.104697 6.060605 0.787728 -4.006587 0.787545 -3.337800 -5.495947 -2.081110 -0.775560 -1.161536 9.450997 3.664832 7.312409 2.987316 1.532350 6.485827 -4.008494 -6.855504 -27.025930 2.945064
3.946298 -6.322515 -15.023757 -0.332600 12.678234 13.175061 -2.449646 16.811226 20.607775 -18.578077 8.447347 6.022975 0.358028 -4.684091 2.033484 -2.966352 -6.308911 -0.758262 0.028632 -1.661855 11.590346 3.003983 9.282403 2.882389 2.896354 8.194114 -1.037109 -6.403268 -26.186796 5.167778
7.760084 -4.145217 -17.207685 1.236800 12.139289 11.923602 -1.523501 17.498423 17.412994 -17.608976 7.722225 5.210009 0.657678 -5.382670 3.501042 -2.478838 -7.333601 1.009586 0.976010 -2.681971 13.741081 1.672283 11.264947 2.924231 4.494266 10.050056 3.936239 -7.616550 -23.916542 6.972141
9.960574 -2.270965 -17.068697 2.558731 12.194279 11.511526 1.255065 18.312496 15.120510 -17.609751 7.657648 5.128075 0.617916 -6.144859 4.476881 -1.320425 -7.498753 1.504592 1.225153 -2.574884 17.682035 0.380036 12.044070 2.480402 8.948347 11.616540 6.021364 -10.084651 -23.022387 9.868638
12.340432 -0.412880 -16.101889 3.985397 12.619112 15.264833 0.528571 18.646774 9.743412 -16.674509 8.029564 3.989411 -0.652528 -7.559754 6.518914 1.541465 -7.806080 1.051941 0.391515 -1.266897 19.842134 -0.911756 13.818722 3.966416 10.167587 11.206788 6.457723 -10.903087 -21.532667 11.746385
14.252735 0.711437 -15.233577 5.354705 12.699053 17.680960 0.911360 19.439692 7.009303 -16.650431 8.186228 3.327831 -0.925280 -8.381136 7.687215 3.150766 -7.738407 1.027711 0.269454 -1.162694 21.623743 -1.721214 14.414597 6.233280 10.506388 11.122172 5.587462 -11.400356 -19.902988 13.403495
15.864238 1.951624 -14.023795 4.381969 12.819567 18.428238 1.019955 20.191463 4.535617 -16.806305 8.336158 3.099076 -0.637379 -9.265778 8.636610 4.397607 -7.442567 0.373787 0.419358 -1.008831 21.912397 -3.083075 15.925097 7.982300 11.057258 12.558540 3.714025 -11.654977 -18.600149 13.817099
17.876925 3.489268 -12.020199 1.853370 14.186249 19.060923 2.116511 19.707378 2.602575 -17.907881 8.843053 3.177350 -0.234687 -9.684946 10.118704 5.801500 -6.883514 -1.329951 0.813173 -0.768638 20.531454 -3.619098 17.545950 8.358428 12.683102 15.238155 3.092970 -11.694290 -17.999783 12.929654
18.197475 4.604388 -11.071605 0.313086 14.969377 18.551762 2.506128 19.369608 1.644090 -18.196547 9.013453 3.114673 -0.005856 -9.762521 10.423012 6.270023 -6.696184 -1.490547 0.624765 -0.602292 20.353436 -4.143886 17.411983 8.477147 13.112098 15.474277 3.238705 -11.590710 -17.765060 13.123442
18.274448 4.590174 -10.709394 0.436692 15.204308 18.914789 2.590586 19.451689 1.382827 -18.256931 8.958126 2.721358 -0.170898 -9.826065 10.727858 6.419173 -6.780790 -1.688069 0.660097 -0.662149 20.531734 -3.989039 17.461527 8.849757 13.179435 15.547894 3.025310 -11.542575 -17.723547 13.161650
18.518774 4.587671 -10.594650 1.004596 15.750998 19.148756 2.939625 19.504164 1.155353 -18.315920 8.885039 2.893659 -0.218791 -9.750021 10.544199 6.293098 -6.688179 -1.662599 0.712362 -0.463916 20.506752 -3.808449 17.419088 8.748717 13.176361 15.723763 3.077506 -11.466022 -17.712091 13.003268
