-13.889476 24.895626 -20.440643 21.167288 -10.371353 -4.884778 1.657238 0.730720 5.770000 -8.345570 3.708842 -1.297888 -0.272451 -11.334961 0.647832 -0.088716 -5.322269 7.678327 -4.921792 -5.617697 1.956150 15.460625 -12.171683 0.075170 -29.645578 6.168784 12.061389 -16.338087 2.397032 9.240619
-13.979168 24.840099 -20.512995 21.282125 -10.427299 -4.878185 1.839413 0.639253 5.880180 -8.416662 3.732032 -1.347152 -0.287129 -11.352777 0.567193 -0.086958 -5.394057 7.692127 -5.007802 -5.502678 2.066253 15.636137 -12.554946 -0.044185 -29.868498 5.990092 12.074392 -16.377609 2.389284 9.008050
-13.884122 24.893404 -24.606211 14.946245 -7.506532 -8.436991 4.267106 -4.035441 2.522945 -8.287997 4.396731 -0.095219 -2.861050 -7.323108 1.652472 -2.371907 -9.048553 9.187572 -4.421451 -6.693604 -3.412880 11.587023 -10.351850 -6.639411 -29.623075 2.639766 19.492491 -17.457182 -2.732530 4.306935
-13.842003 24.572075 -23.036640 14.559382 -9.184699 -6.030183 5.124624 -4.971004 1.977384 -8.816245 4.906387 0.552363 -2.669770 -7.195560 1.282259 -1.711029 -8.871199 8.643530 -5.081756 -6.480886 -2.515082 11.911017 -11.106290 -5.030157 -28.328409 2.323857 19.099594 -16.172300 -3.833059 5.214384
-14.205701 25.595516 -22.457842 13.002180 -10.495300 -5.057165 4.025264 -4.965551 2.188120 -9.032850 5.351099 0.993639 -3.311560 -7.614534 0.484111 -1.785279 -8.591228 7.662358 -5.356804 -6.730672 -2.387565 12.112423 -11.943006 -2.562167 -26.544960 1.955716 19.127966 -15.361588 -5.676767 7.322473
-13.880185 25.913525 -22.028061 12.801119 -11.799764 -4.387767 3.671861 -4.395947 2.196856 -9.033351 5.365595 0.823127 -3.470635 -7.928087 0.341226 -2.071195 -8.502954 7.257041 -5.179329 -6.731037 -1.960242 12.293159 -11.769156 -2.142930 -26.084280 2.686435 19.453571 -14.287680 -5.745930 7.810333
-13.259900 26.172802 -21.993361 11.837997 -12.981604 -3.953148 3.539932 -4.147331 1.936778 -9.384773 5.007269 0.054366 -3.611005 -8.144447 0.072333 -2.824201 -8.078806 6.753023 -5.050449 -7.507118 -1.691477 12.750513 -11.478803 -2.240542 -25.835369 3.921159 19.518478 -13.521119 -5.519373 7.337327
-12.931480 25.791449 -21.985678 11.592921 -14.537314 -2.807730 4.152548 -4.446507 1.660029 -9.617359 4.882707 -0.772985 -2.521392 -8.098283 0.384677 -2.803324 -7.607579 6.101871 -5.139368 -7.817499 -1.340012 13.757625 -11.178638 -2.414391 -25.889278 5.542852 19.138412 -12.960769 -4.790561 6.072077
-13.111762 25.835573 -22.198891 10.747548 -14.739254 -2.157493 4.969042 -5.318282 1.034764 -9.712420 5.165366 -1.006736 -1.581478 -7.662479 0.592496 -2.879740 -7.343999 4.983390 -5.273767 -8.002823 -1.104902 13.776407 -10.701989 -1.634110 -24.792028 6.375100 19.241705 -12.426066 -5.236554 4.265973
-12.826531 26.145962 -21.552982 9.452236 -15.514947 -0.769347 5.292906 -5.591633 0.681072 -10.379869 5.507633 -0.652416 -1.176889 -7.302366 1.086238 -2.562029 -7.284531 4.783141 -5.301349 -8.013672 -1.280487 13.749826 -10.599322 -1.275113 -23.901360 6.742104 19.311800 -12.215800 -6.032592 3.237003
-12.800576 26.628042 -20.742544 9.124567 -15.371624 -0.019417 6.207754 -5.375663 0.309267 -10.935187 5.781146 0.220857 -0.799536 -7.015235 1.627860 -2.100399 -7.006059 4.800385 -5.008358 -7.932155 -0.881635 15.577787 -10.738700 -0.139085 -23.396120 6.768260 17.896078 -11.482942 -7.318426 3.119827
-12.829364 27.546038 -19.775120 7.591908 -14.652714 -0.223361 6.976671 -5.480801 -0.237836 -11.608448 5.805548 1.007795 -0.881693 -6.965694 2.267309 -1.673885 -7.157785 5.315094 -4.408882 -7.796896 -1.506929 17.032141 -10.843192 0.294458 -23.042233 7.191127 16.899185 -11.434861 -8.128556 2.755238
-12.750235 28.277760 -19.247484 5.826483 -14.390841 -0.828981 7.068000 -5.921695 -0.589161 -12.016241 5.850910 1.158375 -0.793908 -6.883420 2.958803 -1.479346 -6.861470 5.155476 -4.042433 -8.317569 -2.477638 17.122549 -11.231045 0.969591 -21.691118 8.417310 17.299776 -11.194434 -8.533803 2.701752
-12.824383 28.175941 -18.998165 5.828351 -14.383354 -0.745356 7.170290 -5.754697 -0.704808 -12.129010 5.844784 1.091557 -0.774679 -6.846802 3.024894 -1.509840 -6.835925 5.174681 -4.016907 -8.346489 -2.507530 17.136686 -11.239223 0.936079 -21.609781 8.530724 17.300215 -10.868245 -8.811958 2.740920
-12.901380 28.047001 -18.961756 6.119257 -14.327718 -0.864629 7.204496 -5.710944 -0.326346 -12.263007 5.831458 1.118281 -0.800850 -6.852549 2.986450 -1.515993 -6.863740 5.184252 -3.988736 -8.305524 -2.581886 17.264994 -11.659490 1.139798 -21.609034 8.503593 17.352331 -10.957856 -8.808290 2.735867
-12.855474 28.112045 -18.962711 5.830218 -14.299058 -0.940350 7.209862 -5.718913 -0.514683 -12.346710 5.840589 1.059462 -0.723047 -6.865305 3.042279 -1.468465 -6.824466 5.181470 -4.010670 -8.322855 -2.587072 17.558565 -11.651109 1.049525 -21.658804 8.548799 17.227182 -10.899237 -8.889952 2.612732
-12.831500 28.174038 -18.974977 5.810754 -14.317579 -0.822276 7.114862 -5.749472 -0.650024 -12.150579 5.836162 1.070968 -0.747820 -6.856133 2.989495 -1.519616 -6.835792 5.162644 -4.029232 -8.321661 -2.520080 17.349474 -11.196236 0.947491 -21.747879 8.484600 17.150145 -10.967414 -8.816758 2.735608
-12.647340 28.099373 -18.963579 5.767457 -14.214375 -0.896274 7.064542 -5.685016 -0.567561 -12.289596 5.828296 1.032014 -0.617690 -6.859550 3.082202 -1.470820 -6.814793 5.137638 -3.999972 -8.348886 -2.476857 17.340076 -11.232141 1.116001 -21.521290 8.622798 17.183512 -10.938630 -8.785816 2.719084
-12.801594 28.183392 -18.939367 6.197017 -14.335379 -0.708627 7.179765 -5.678866 -0.460157 -12.083076 5.821519 1.074660 -0.758301 -6.858386 2.925797 -1.542443 -6.899182 5.190812 -4.046030 -8.230947 -2.534447 17.182180 -11.221046 1.045927 -21.635519 8.418604 17.254536 -11.003190 -8.871111 2.989379
-12.842307 28.064909 -18.856207 5.756971 -14.395513 -0.841619 7.193488 -5.686551 -0.571672 -12.355196 5.827904 1.091197 -0.737140 -6.863278 3.059389 -1.483204 -6.805695 5.167577 -3.986811 -8.352516 -2.562249 17.593058 -11.639591 1.096997 -21.563192 8.673038 17.186289 -10.854205 -8.919847 2.586016
-12.928651 28.119526 -18.904758 5.837574 -14.490973 -0.774889 7.247845 -5.735796 -0.622271 -12.238739 5.828961 1.042635 -0.713425 -6.851819 3.049397 -1.485831 -6.834515 5.176871 -4.018748 -8.323187 -2.472714 17.492842 -11.605972 1.144849 -21.610907 8.604156 17.191120 -10.879262 -8.872143 2.564188
-12.786168 27.999245 -18.885731 6.307514 -14.192893 -0.939566 7.198525 -5.571231 -0.158198 -12.317958 5.810307 1.140141 -0.872331 -6.883011 2.883323 -1.543429 -6.905916 5.250825 -4.033101 -8.240387 -2.563218 17.294180 -11.703673 1.207024 -21.541092 8.569405 17.332951 -10.869678 -8.858891 2.912590
-11.633573 21.896629 -15.609737 0.234094 -18.563971 -0.965392 -3.004424 2.018505 3.553127 -18.286562 5.442213 -3.858986 3.938637 -6.250102 4.136881 -3.281430 -5.477983 1.113050 -3.945138 -7.825167 3.453830 12.715500 -8.489692 8.329856 -18.109179 9.113882 13.323937 -12.276282 -6.789303 -2.069841
-11.172795 16.677067 -16.622610 0.141945 -19.653976 0.298023 -6.803933 5.305580 7.444487 -22.172455 6.373646 -5.226284 7.871395 -5.848470 5.348009 -2.245484 -3.670229 0.462882 -5.045208 -5.042408 7.857759 16.111797 -7.813245 11.669999 -17.940434 6.993744 6.856632 -15.143982 -7.960407 -10.091199
-10.732949 19.390083 -14.555477 -2.274684 -19.777826 0.184795 -6.497891 4.402269 3.029938 -20.576677 6.018884 -3.212010 8.371662 -5.785517 4.717382 -2.674337 -3.575548 1.646788 -4.164585 -7.249230 3.898855 15.871789 -3.542916 13.782185 -16.561331 7.164432 4.372674 -17.599876 -8.274988 -5.434328
-10.867971 17.710175 -15.339891 -1.927383 -18.329592 0.825232 -7.402578 4.917603 3.773452 -21.747669 6.398362 -2.528582 8.312030 -5.270419 4.827897 -2.577764 -3.744276 2.079191 -4.278433 -6.884166 4.359389 15.320618 -3.523815 14.311122 -16.424070 5.861653 4.681089 -17.003286 -9.819893 -3.848727
-11.009273 16.461128 -16.074444 -1.790416 -17.130165 0.975567 -6.775528 4.611033 4.626463 -22.664503 6.535533 -2.249182 8.184592 -4.982162 5.131081 -2.185838 -3.749900 2.653928 -4.407078 -6.662060 4.350133 16.204203 -3.478160 13.810288 -16.464445 5.285641 4.520192 -16.329199 -11.429098 -4.215657
-11.159625 16.227615 -16.305565 -2.212301 -16.788050 0.729712 -6.458891 4.340656 4.388470 -22.626112 6.585987 -2.134475 7.958870 -4.730075 5.238733 -2.149390 -3.786861 2.863605 -4.443050 -6.706045 3.897824 16.461281 -3.571803 13.482624 -16.101439 5.556086 4.995582 -16.019840 -11.822118 -4.766195
-10.851119 15.154690 -16.709150 -1.988162 -14.990146 0.676528 -5.360466 4.011154 4.603755 -23.313616 6.772660 -1.693376 7.635346 -4.462149 5.559631 -1.809698 -3.868693 3.466088 -4.582905 -6.621663 3.317926 16.756458 -3.871855 13.008596 -15.766245 5.488577 5.276762 -15.568195 -13.170630 -4.914910
-10.979279 15.097691 -16.913960 -2.266467 -14.853042 0.357463 -5.382298 3.926524 4.597203 -23.291330 6.859656 -1.592927 7.527220 -4.412575 5.613855 -1.751436 -3.927296 3.519783 -4.618841 -6.588119 2.991921 16.712816 -3.892619 12.601600 -15.763460 5.441427 5.576730 -15.492209 -13.387607 -4.996339
-10.813369 14.490471 -17.188992 -2.041016 -14.276136 0.493302 -5.296927 3.971069 4.811294 -23.571871 6.888741 -1.470147 7.384079 -4.290230 5.597341 -1.704238 -4.002913 3.638853 -4.634178 -6.475678 3.388990 16.758795 -3.831509 12.644280 -15.749516 5.101868 5.682465 -15.198478 -13.759130 -5.053063
-10.836091 14.759249 -16.997725 -2.196423 -14.715309 0.502639 -5.205879 3.935726 4.525010 -23.398113 6.832170 -1.486000 7.396410 -4.361731 5.583025 -1.752381 -3.986557 3.621138 -4.570003 -6.561211 3.243837 16.834616 -4.010145 12.735074 -15.756741 5.259422 5.512083 -15.359071 -13.570190 -5.024257
-10.810634 14.945318 -16.888042 -2.263207 -14.907810 0.712439 -5.354879 4.038641 4.609557 -23.497263 6.791703 -1.684790 7.570057 -4.378671 5.554749 -1.856138 -3.902927 3.483350 -4.574979 -6.592187 3.487573 17.026373 -3.906034 12.783605 -15.883245 5.211105 5.387269 -15.376942 -13.458883 -5.097640
-10.782052 15.250936 -16.640871 -2.098310 -15.135769 0.586002 -5.465148 3.946681 4.459073 -23.139942 6.775093 -1.742324 7.634338 -4.438196 5.533674 -1.857233 -3.881453 3.388629 -4.600502 -6.676943 3.204406 16.660469 -4.022386 12.837668 -15.778097 5.430760 5.517498 -15.491680 -13.159224 -4.830974
-10.938258 15.125462 -16.685986 -2.182700 -14.807176 0.591756 -5.351264 4.001081 4.620478 -23.362434 6.808742 -1.724594 7.599382 -4.411730 5.553575 -1.799490 -3.891288 3.447652 -4.630199 -6.553253 3.451585 16.866539 -3.875432 12.942229 -15.867149 5.374683 5.295503 -15.522948 -13.160074 -5.008668
-10.716446 14.930581 -16.755104 -2.256814 -14.554674 0.749684 -5.319965 3.945319 4.487576 -23.489134 6.849315 -1.540064 7.459755 -4.348338 5.561877 -1.800320 -3.988170 3.514537 -4.579876 -6.469843 3.474212 16.939568 -3.956322 12.808266 -15.756935 5.187737 5.480888 -15.346179 -13.596876 -4.937750
-10.890685 14.839383 -16.941717 -2.171489 -14.867798 0.755301 -5.273273 3.904616 4.559147 -23.414473 6.820478 -1.658451 7.533663 -4.346038 5.609109 -1.815217 -3.917695 3.457523 -4.560056 -6.526535 3.264519 17.008615 -3.884238 12.622445 -15.766434 5.304141 5.554458 -15.324652 -13.533772 -5.145234
-10.862758 15.164262 -16.799799 -2.331051 -14.945560 0.693375 -5.388135 4.006007 4.519186 -23.389589 6.804321 -1.702123 7.561930 -4.392564 5.596518 -1.790008 -3.934511 3.454057 -4.589534 -6.607890 3.356132 17.124243 -3.891780 12.724359 -15.926420 5.369038 5.418681 -15.455388 -13.338308 -5.186403
-11.000831 14.792913 -17.040030 -2.199971 -14.908546 0.262356 -5.176985 3.884180 4.694554 -23.317255 6.848896 -1.628619 7.454043 -4.348866 5.620024 -1.712138 -3.934210 3.495020 -4.645108 -6.637402 3.173908 16.805861 -3.868461 12.695294 -15.735395 5.318949 5.450920 -15.395879 -13.499075 -5.086850
-10.893275 14.737172 -17.066879 -2.077839 -14.777883 0.338490 -5.149117 3.893037 4.821645 -23.434378 6.875937 -1.648502 7.506358 -4.335987 5.646531 -1.724964 -3.967211 3.585850 -4.670600 -6.672863 2.977551 16.677448 -3.835800 12.712561 -15.662893 5.337510 5.515500 -15.500459 -13.455347 -4.972762
