-0.677804 29.136169 -13.385954 19.681913 3.904538 3.645900 -8.766946 3.955082 -10.340759 -11.506338 3.731989 -1.313558 -0.288351 -11.343210 0.670867 -0.067363 -5.328930 7.699913 -4.917202 -5.630568 6.170286 13.473617 -18.058140 2.272760 0.420023 22.407015 9.310205 -21.667238 -3.766667 12.163703
-0.672510 29.144899 -13.394849 19.750202 3.938663 3.675721 -8.718299 3.948553 -10.349977 -11.539764 3.752438 -1.349871 -0.281062 -11.358922 0.571379 -0.079685 -5.398726 7.709836 -5.008162 -5.501396 6.133173 13.473204 -18.062399 2.268939 0.406108 22.453274 9.237462 -21.698423 -3.729701 12.135955
-9.190128 26.381096 -1.683376 16.380106 11.752941 12.736019 -4.339931 4.651453 -3.722332 -5.706118 5.329321 0.805593 -3.483718 -10.801352 -2.454711 0.400375 -1.465288 5.793555 -6.598559 -2.180057 -0.974349 8.557317 -24.586639 3.623155 -2.256338 17.622084 -0.757200 -16.966209 -8.351895 14.282856
-10.958646 26.043547 1.801236 15.661067 11.555779 12.796828 -4.713181 5.204809 -2.784113 -4.354181 4.717084 0.919681 -4.907897 -10.465502 -2.450557 0.201358 0.268143 6.187196 -6.975926 -2.233305 -1.864954 6.860785 -26.691771 2.726511 -2.450450 17.622360 -1.870445 -15.030784 -7.929218 16.701660
-12.486056 25.713951 4.058183 16.900253 11.975407 12.508005 -4.973662 4.640030 -2.061247 -4.866094 4.849317 1.506623 -5.705069 -10.403872 -2.360503 0.953112 1.106667 7.006732 -7.143601 -1.516440 -1.429459 6.571981 -28.594133 1.603353 -2.165190 17.702406 -2.778180 -12.386960 -8.258083 18.539585
-13.626063 24.788166 6.317649 17.625841 12.425594 12.172166 -5.265933 5.399690 -2.494518 -4.035809 5.236601 1.597665 -6.386366 -10.040268 -2.337915 1.252737 2.008488 8.035687 -7.287036 -1.320138 -0.239716 4.606797 -30.187056 1.313508 -1.802427 16.351614 -4.419444 -10.496767 -8.263767 20.113884
-16.019333 24.291555 8.867297 16.438963 11.357432 10.489509 -6.939472 4.026278 -4.455052 -4.728374 5.269323 1.586445 -7.354822 -9.397600 -2.369662 0.864189 3.036645 8.772960 -6.940813 -0.971934 1.025769 2.212349 -32.525158 0.969966 -0.392516 15.138371 -5.646073 -10.381322 -8.354682 20.654833
-20.137444 25.950449 12.045577 15.360483 9.112305 7.249725 -10.030505 1.680143 -7.403769 -5.944463 5.626220 0.741321 -9.305028 -9.146610 -2.264639 0.669848 3.884157 10.021863 -5.998652 -0.938638 2.517651 -1.570050 -35.445736 -2.179269 2.619663 14.287135 -4.897916 -10.293242 -8.271061 21.631859
-22.109100 27.387112 14.144996 14.775211 7.685304 1.791460 -12.866218 1.776579 -9.370504 -5.964993 4.982903 -0.371801 -10.124816 -9.020979 -1.828754 -0.111844 5.131614 11.008367 -4.874824 -0.646085 1.780775 -5.980063 -32.233448 -5.692885 4.194616 13.661972 -6.898006 -9.361716 -8.409292 24.822777
-21.528511 26.463417 15.882971 13.307574 5.956767 -0.276058 -13.527961 4.282573 -8.780536 -3.566102 4.626006 -0.409880 -9.937919 -8.401733 -1.267796 -1.117187 6.428695 10.529436 -3.341756 -0.871449 0.928193 -7.558146 -30.546188 -6.833860 3.413932 13.555811 -8.624956 -5.744083 -9.051571 25.357063
-21.078089 24.685760 16.704437 13.711634 4.170661 -1.266989 -13.868953 5.684657 -8.152077 -3.676722 4.891950 -0.075495 -9.206021 -8.252317 -1.457634 -0.702620 7.549793 10.054319 -3.574495 -0.105872 2.714418 -8.096830 -28.489967 -6.775959 3.138747 13.821901 -8.526968 -2.915987 -8.300352 25.958305
-21.940334 22.796986 17.490244 15.829149 1.372199 -0.102539 -12.838069 6.644277 -8.270207 -6.903680 5.478328 0.618220 -7.777646 -8.393266 -2.068974 0.278287 8.189833 10.004370 -4.434031 0.753473 6.510204 -7.356223 -26.270426 -6.179606 3.470324 13.424414 -12.382628 -2.608053 -7.811942 27.331640
-22.775673 20.115604 18.748526 17.070297 -0.026698 1.932315 -11.500504 7.730402 -8.066041 -11.532448 5.396743 0.349401 -5.146926 -8.791409 -3.139777 0.966267 8.440845 10.640055 -6.300996 2.465216 10.259861 -4.206109 -24.568598 -5.991876 2.542161 13.554119 -17.269020 -5.246799 -7.449073 27.100643
-23.351452 18.841228 19.289242 17.552849 0.038877 2.896031 -10.391306 7.621957 -7.983881 -13.694185 5.642267 0.497600 -3.995464 -8.944134 -3.530391 1.399795 8.444139 10.751639 -6.837591 3.258563 12.312619 -2.384707 -24.722399 -5.906672 2.751592 14.000978 -18.844185 -6.263424 -7.363515 26.165953
-23.640543 18.468203 19.285740 17.588522 0.032130 3.003232 -10.237631 7.488491 -8.269821 -14.528678 5.687585 0.467739 -3.749828 -8.974010 -3.499082 1.542090 8.445318 10.818109 -6.934584 3.314184 12.392338 -2.027236 -24.857769 -5.685358 2.682081 14.128089 -19.144358 -6.807449 -7.219854 26.011368
-23.642315 18.389170 19.334137 17.607893 -0.032682 2.996629 -10.182178 7.536999 -8.155819 -14.602903 5.709366 0.427249 -3.728225 -8.962490 -3.527519 1.516380 8.454962 10.771687 -6.922888 3.362449 12.433155 -2.068894 -25.110910 -5.761734 2.699185 14.148619 -19.064299 -6.880415 -7.051392 25.852451
-23.583969 18.413013 19.368305 17.564547 -0.050729 3.017743 -10.214780 7.591831 -8.181420 -14.574455 5.731412 0.423961 -3.704262 -8.947833 -3.503512 1.543446 8.474348 10.791677 -6.960049 3.342580 12.444791 -1.983794 -25.320162 -5.789165 2.712566 14.148741 -18.989357 -6.777831 -7.082220 25.794861
-23.608145 18.413300 19.342451 17.562405 0.004626 3.004874 -10.199904 7.576500 -8.194186 -14.582731 5.749052 0.437542 -3.725085 -8.931561 -3.483572 1.551731 8.480841 10.802769 -6.968787 3.338391 12.455226 -1.981718 -25.216295 -5.824369 2.702088 14.155468 -19.061487 -6.686892 -7.184999 25.848700
-23.622246 18.402405 19.325987 17.549925 -0.006747 3.015364 -10.214267 7.565916 -8.194266 -14.578327 5.751484 0.439792 -3.725793 -8.929215 -3.490375 1.551850 8.469660 10.804293 -6.969606 3.340895 12.450556 -1.967288 -25.210966 -5.819534 2.707066 14.163294 -19.062563 -6.678402 -7.196583 25.842335
-23.642088 18.391039 19.325491 17.547983 -0.022301 3.006070 -10.218399 7.568534 -8.160997 -14.588794 5.743484 0.427887 -3.708641 -8.922552 -3.493155 1.534787 8.484179 10.797117 -6.962667 3.336006 12.424453 -1.948337 -25.399021 -5.811116 2.707254 14.172369 -18.976097 -6.692076 -7.153709 25.823105
-23.643684 18.387970 19.320936 17.541027 -0.002322 2.988793 -10.216293 7.561812 -8.170753 -14.587169 5.751810 0.433046 -3.694759 -8.915437 -3.492438 1.544080 8.487604 10.803900 -6.970717 3.337711 12.426599 -1.926315 -25.462027 -5.812566 2.706715 14.167349 -18.960592 -6.680168 -7.146088 25.769844
-23.628002 18.405552 19.321695 17.548185 -0.018591 2.958138 -10.250504 7.570884 -8.167319 -14.559656 5.747201 0.425179 -3.735363 -8.932236 -3.508482 1.537251 8.469803 10.800995 -6.940266 3.345161 12.449250 -1.906175 -25.424078 -5.819366 2.698531 14.171247 -18.968878 -6.650476 -7.185554 25.837452
-24.673080 9.344445 16.462999 20.590942 5.435723 -4.531979 -9.539157 5.718622 -8.817316 -17.807768 7.028735 -0.377877 -3.343548 -5.733323 -3.000334 0.465067 9.251944 9.973207 -7.405980 5.529602 11.590343 -5.760242 -22.182077 -9.805622 4.060452 15.705301 -20.672380 -8.610895 -5.253479 14.704417
-22.771103 4.541610 14.020122 20.394205 7.449024 -7.744027 -9.122813 10.480652 -4.703346 -11.901896 8.314189 0.716686 -4.695575 -4.086709 -2.669405 0.131159 10.956829 7.512179 -6.152490 4.489264 7.962508 -7.696230 -18.579863 -6.793655 0.548723 18.373592 -23.105503 -7.852480 -1.970279 5.882537
-23.984715 3.181531 13.540017 17.728315 6.964949 -8.121900 -9.434825 11.619458 -1.839014 -8.125899 8.198993 0.671748 -5.031075 -3.242409 -2.359477 -0.797962 11.469727 7.034400 -5.831671 3.936356 5.904783 -9.857190 -16.020416 -3.824307 -0.986353 17.956976 -22.858755 -6.116911 -1.318131 4.546036
-23.904350 2.312472 13.092066 17.604870 6.481504 -8.372345 -10.054707 12.045858 -1.526840 -7.959949 8.162158 0.577884 -4.878194 -3.146211 -2.209029 -0.955674 11.562735 6.714928 -5.629622 3.781632 5.836079 -10.692923 -14.638826 -4.573671 -0.822171 18.072651 -22.534958 -5.636420 -1.500843 4.615770
-24.576571 2.884119 13.889846 15.747975 5.888202 -7.173478 -10.531343 12.121242 -1.134057 -6.556917 7.793378 0.302141 -5.021190 -3.221849 -1.820278 -1.371785 11.639620 7.175450 -5.211894 3.520168 5.881945 -11.769684 -13.762862 -3.783450 -1.194241 17.223419 -21.372726 -4.424500 -1.707831 6.043440
-24.811384 3.284771 14.184368 14.401367 5.629298 -6.530351 -10.812001 12.388624 -0.569867 -5.884856 7.521591 0.065553 -4.939660 -3.088513 -1.513895 -1.747794 11.751749 7.335136 -4.939420 3.222980 5.803498 -12.551126 -13.441115 -3.029954 -1.741037 16.343241 -21.046572 -4.320147 -1.707506 6.568732
-25.441622 3.700814 14.541971 13.153154 5.210104 -5.821638 -10.676576 12.473033 -0.147238 -4.281850 7.432517 -0.021166 -4.662294 -2.971103 -1.061885 -1.908739 12.028011 7.777278 -4.665785 2.679259 4.792786 -12.748645 -15.017968 -1.342860 -2.410960 15.622208 -21.185770 -4.799478 -1.330681 6.230451
-25.143665 3.489283 14.153581 13.950203 5.512442 -6.385484 -10.228549 12.033898 -0.712334 -5.136619 7.561392 0.152355 -4.706000 -2.896043 -1.391388 -1.623801 11.849600 7.411751 -5.101714 3.074616 4.842824 -11.551434 -15.280430 -1.465893 -2.147074 15.866621 -21.888987 -5.912484 -1.238630 5.114905
-25.839994 4.633999 15.337712 12.245646 5.848079 -5.809698 -9.523232 12.058932 0.226148 -3.560049 7.210186 -0.379521 -4.790899 -2.636639 -0.911103 -2.172415 11.889841 7.818543 -4.782333 2.451683 2.968372 -11.598255 -17.588068 0.830824 -2.688164 14.314631 -21.451025 -6.657257 -0.530838 5.889846
-25.480701 4.799608 15.309509 12.498169 6.249431 -5.943171 -9.440932 11.643556 0.075819 -3.905589 7.238886 -0.303090 -4.939198 -2.633128 -0.943201 -2.133387 11.969427 7.846706 -4.732985 2.546357 2.993681 -11.225620 -18.836645 0.592247 -2.684209 14.309856 -21.386198 -6.872300 -0.587861 6.051154
-25.334110 5.108701 15.580052 12.189296 6.381996 -5.941965 -9.898742 11.766031 -0.023165 -3.646160 7.140420 -0.416474 -4.942200 -2.643681 -0.583744 -2.227886 12.021639 7.879655 -4.551619 2.566900 2.932081 -11.461154 -19.774302 0.799440 -2.958837 13.953872 -20.785475 -6.205703 -0.382380 6.913050
-25.325525 5.376108 15.697727 11.056584 5.675261 -5.251890 -9.893842 12.027870 0.333592 -2.455228 6.843144 -0.442491 -4.626699 -2.524558 -0.199970 -2.401770 12.058685 7.912115 -4.412028 2.386534 3.500777 -12.463747 -19.978773 1.907301 -2.724967 13.679983 -19.856756 -5.195720 -0.355551 7.932337
-25.390953 5.071242 15.644791 12.112686 6.160449 -5.865028 -9.944603 11.804513 0.159920 -3.643823 7.120330 -0.381588 -4.865541 -2.662559 -0.650938 -2.281905 11.993931 7.977535 -4.491636 2.589247 3.137434 -11.712484 -19.213896 0.688532 -2.840826 14.407331 -20.556395 -5.719914 -0.510855 7.067568
-25.217239 5.413664 15.783608 10.807303 5.618036 -5.170201 -9.776658 12.005391 0.410018 -2.436812 6.811963 -0.558250 -4.571673 -2.551254 -0.204725 -2.435776 12.055403 7.909353 -4.361474 2.255198 3.239569 -12.481861 -20.854218 2.099778 -3.008171 13.155560 -19.823286 -5.403681 -0.257073 8.198612
-25.739479 5.690701 15.930436 10.174744 5.299676 -5.103390 -9.743659 12.047080 0.455821 -1.734457 6.691663 -0.766613 -4.500130 -2.448809 0.204749 -2.488762 12.263693 8.093261 -4.338317 1.989310 2.994115 -12.516113 -20.748695 2.722840 -3.344344 12.634945 -19.155352 -5.243693 -0.190889 8.579381
-25.314465 5.346568 15.696820 11.048557 5.681596 -5.285750 -9.803086 12.000846 0.381237 -2.488620 6.803217 -0.461755 -4.673296 -2.535125 -0.254273 -2.467263 12.014992 7.918221 -4.364318 2.339175 3.247097 -12.134039 -20.210506 2.049405 -2.841898 13.394577 -20.267982 -5.791055 -0.197490 7.611869
-25.546333 5.439862 15.800794 10.454098 5.683843 -5.068827 -9.810935 11.972859 0.449829 -2.048099 6.764144 -0.674468 -4.540473 -2.426796 0.024484 -2.425125 12.185680 7.949507 -4.461267 2.162218 2.895111 -12.430803 -20.680965 2.436164 -3.202586 12.687974 -19.506689 -5.573948 -0.307538 8.250054
-25.728638 5.721937 16.090698 10.042503 5.328676 -5.145845 -9.837025 12.162616 0.528868 -1.441286 6.568436 -0.940947 -4.508881 -2.501448 0.133343 -2.699983 12.275810 7.956456 -4.268370 2.020802 2.822914 -12.493217 -20.865953 3.154624 -3.439805 12.259487 -19.137789 -5.552732 -0.091836 8.702050
