-13.942563 24.752258 -20.319286 21.054895 -10.269251 -4.774583 1.740197 0.828418 5.977841 -8.157447 2.384511 2.963806 4.054896 -9.210236 -3.380883 -5.188652 -4.091199 8.675259 -2.993824 -7.051077 8.761422 6.050211 10.224909 -13.488700 -12.159891 10.875952 0.867627 -27.130262 -2.160833 20.605715
-13.933231 24.758730 -20.356167 21.088678 -10.255685 -4.759964 1.759873 0.807532 5.954710 -8.165132 2.401944 2.934070 4.048053 -9.222941 -3.472506 -5.199085 -4.152989 8.688331 -3.073623 -6.939713 8.850149 6.069047 10.226413 -13.648672 -12.340931 10.724836 0.790913 -27.169886 -2.150004 20.583088
-25.681799 22.337879 -3.323968 19.102488 -1.223903 4.756128 5.404784 0.823353 12.797715 -1.825809 4.038413 5.086349 -1.318921 -8.179928 -6.550416 -4.073581 2.291177 7.924723 -5.269894 -3.559919 1.915745 -0.306040 0.856812 -15.196140 -14.549327 5.723024 -12.250107 -19.188957 -7.450058 26.762321
-27.845600 21.584843 0.400924 20.765425 -0.714245 3.770727 4.482741 0.739742 11.754992 -2.108314 4.519059 4.990556 -2.725421 -7.989193 -6.461488 -3.474013 3.398386 9.212214 -5.302189 -3.141038 2.555100 -2.562956 -1.996571 -16.818432 -13.662844 5.048079 -14.128598 -17.263237 -7.496841 28.814295
-30.044353 21.380783 2.641361 19.331059 -0.787407 1.276104 2.705775 -0.649182 9.015631 -2.463473 4.653593 4.924988 -3.936651 -7.623484 -6.412941 -3.316516 4.350689 9.782254 -4.990568 -2.140624 3.014309 -6.180187 -4.393364 -17.918468 -11.183047 3.694898 -14.938897 -17.612932 -7.872051 29.810005
-32.432896 22.630154 5.630486 17.514177 -2.807591 -1.519168 -0.714554 -1.745777 5.042362 -3.608366 4.481356 4.646864 -5.462510 -6.963102 -5.966405 -4.436697 5.185969 11.230679 -3.860445 -2.433362 3.510303 -10.553596 -5.236896 -19.486629 -8.533924 3.679458 -13.915441 -16.775059 -7.078575 29.434673
-32.567451 24.355492 8.621463 15.885372 -2.939776 -4.829095 -5.704636 -0.950914 1.554153 -3.032808 4.090826 3.792554 -5.906161 -7.109288 -6.010425 -5.022433 5.914240 11.923660 -2.905283 -1.953897 4.256498 -12.217592 -7.288688 -20.269342 -6.510334 4.159747 -14.456888 -15.234789 -6.452181 30.176952
-30.875618 23.712286 10.205918 14.315985 -2.466125 -5.446823 -8.091278 1.171784 0.214457 -0.786988 4.023896 3.243549 -6.235795 -6.577032 -4.661136 -5.223881 7.029011 11.208231 -1.640663 -1.787810 1.181395 -12.084144 -10.378860 -16.402637 -4.561247 6.447109 -14.650938 -10.676517 -8.182594 29.343260
-28.766134 23.550755 10.946605 17.959188 -3.079155 -5.846845 -8.531280 1.844681 -0.943530 -2.843270 3.314019 2.362899 -6.053402 -7.528122 -6.036847 -5.191140 7.251057 11.454174 -2.463859 -0.661371 6.394536 -12.264930 -10.407310 -21.826021 -5.617336 4.671653 -14.211514 -9.847429 -7.848868 32.074055
-26.814739 22.279242 12.164882 19.633352 -2.833060 -4.156041 -10.234288 3.026712 -2.426011 -4.086717 3.984294 1.800666 -6.428905 -8.281942 -5.484910 -3.244845 7.441007 11.069496 -3.903307 0.132930 9.399051 -11.131518 -10.310937 -22.121262 -6.438219 3.988158 -15.000211 -8.371377 -7.108767 32.054424
-26.618116 21.186211 13.452507 20.182766 -3.489735 -2.423398 -10.456391 4.183054 -3.435302 -5.924878 4.523670 1.794622 -5.724480 -8.065210 -5.225527 -2.256841 8.021498 11.279025 -4.832714 0.866250 11.055648 -10.136788 -11.383231 -21.736210 -7.476551 3.159209 -16.464464 -7.943979 -6.344794 32.000645
-27.200554 18.952499 15.395059 19.351467 -4.624961 0.657932 -9.717636 5.648242 -4.825243 -9.333849 4.875980 1.785576 -3.960781 -7.898293 -4.938969 -1.195124 8.450586 10.843245 -5.802908 2.088582 13.461507 -6.807446 -13.332574 -19.941391 -8.417588 3.501477 -19.297026 -9.211183 -5.683278 30.603537
-27.608799 17.676022 16.100843 19.260672 -4.894910 1.667514 -8.881103 6.181348 -4.726359 -11.050686 5.088195 1.834775 -2.726427 -8.137609 -4.994915 -0.545767 8.780876 10.874224 -6.211977 2.705348 15.135356 -4.756621 -14.579935 -18.991667 -8.818220 3.635766 -20.323656 -9.545479 -5.703114 29.692204
-27.673923 17.265825 16.188913 19.074476 -4.885493 2.119326 -8.405341 6.291216 -4.772111 -11.625530 5.136425 1.801501 -2.384246 -8.224148 -4.935391 -0.400062 8.849287 10.955749 -6.298779 2.768638 15.363085 -4.300664 -14.742579 -18.664064 -9.018373 3.780476 -20.620779 -10.214153 -5.397853 29.124960
-27.795746 17.311172 16.213545 19.045612 -4.873298 2.050871 -8.448495 6.284633 -4.890073 -11.704742 5.178150 1.765311 -2.388729 -8.233098 -4.927006 -0.358276 8.855890 10.947010 -6.306362 2.789484 15.413943 -4.273890 -14.832715 -18.661533 -8.977125 3.895185 -20.752691 -10.214501 -5.416364 29.043037
-27.768116 17.247389 16.201361 19.069590 -4.849445 2.059324 -8.414262 6.310501 -4.869647 -11.721237 5.195814 1.774780 -2.388074 -8.236397 -4.908012 -0.337712 8.846375 10.962446 -6.330782 2.776954 15.462299 -4.336938 -14.814864 -18.712677 -9.018230 3.821086 -20.738428 -10.171395 -5.424719 29.030743
-27.808430 17.288733 16.230921 19.048996 -4.897913 2.059516 -8.336032 6.307745 -4.870530 -11.705906 5.209054 1.799206 -2.372445 -8.211746 -4.901228 -0.306630 8.860916 10.984093 -6.366391 2.787490 15.461394 -4.335767 -14.812016 -18.726667 -9.019048 3.826674 -20.737740 -10.162561 -5.433892 29.023174
-27.807655 17.311850 16.226425 19.034096 -4.906397 2.045360 -8.341938 6.310481 -4.850060 -11.709902 5.213059 1.803741 -2.360284 -8.206121 -4.902977 -0.305478 8.855829 10.981903 -6.368928 2.790123 15.453466 -4.304771 -14.817466 -18.737253 -9.023848 3.819445 -20.736002 -10.156127 -5.476880 29.029087
-27.808992 17.309959 16.225651 19.037695 -4.927196 2.007278 -8.380843 6.310026 -4.840801 -11.691832 5.207982 1.805835 -2.385086 -8.220002 -4.922752 -0.313083 8.848845 10.986336 -6.341321 2.796554 15.460651 -4.277143 -14.833546 -18.731192 -9.027039 3.827435 -20.743238 -10.136581 -5.497857 29.028919
-27.831532 17.313450 16.232180 19.015320 -4.926539 1.998264 -8.383951 6.316272 -4.833454 -11.703675 5.202661 1.817947 -2.362227 -8.224860 -4.939276 -0.321753 8.857424 10.983732 -6.342118 2.799760 15.465588 -4.255940 -14.805285 -18.736279 -9.036137 3.833416 -20.765055 -10.142912 -5.511117 29.072395
-27.806904 17.308277 16.228689 19.037973 -4.912991 2.015137 -8.361106 6.315805 -4.843869 -11.701563 5.203517 1.815638 -2.373482 -8.232031 -4.936380 -0.316753 8.858528 10.985955 -6.343128 2.794694 15.465501 -4.283499 -14.781363 -18.741333 -9.024502 3.832568 -20.765020 -10.144108 -5.504122 29.073402
-27.806248 17.288528 16.222523 19.029779 -4.920472 2.042212 -8.353610 6.300091 -4.792356 -11.695658 5.195377 1.818053 -2.370725 -8.222045 -4.928193 -0.305194 8.847942 10.977051 -6.360638 2.838947 15.499006 -4.254548 -14.843131 -18.694958 -9.006408 3.838314 -20.760738 -10.130945 -5.512417 29.048504
-29.601620 6.978953 13.532197 22.140036 0.113971 -5.313202 -6.011693 4.701718 -4.628411 -15.205268 6.669195 1.248401 -1.676775 -4.483222 -4.012245 -1.333593 10.003887 10.172499 -6.653378 4.453310 14.068913 -8.107529 -14.157645 -21.248112 -6.443677 6.586607 -21.377790 -10.018793 -4.051861 17.042250
-28.919088 2.486236 12.155274 18.342100 1.096767 -7.173231 -6.839978 9.897830 0.234268 -7.665613 7.349898 1.342201 -2.582745 -3.005994 -3.171893 -2.359634 11.660519 8.098871 -5.139473 3.815829 7.838876 -9.911138 -14.587043 -13.819652 -6.957461 11.611766 -20.338264 -5.068722 -2.316104 11.040610
-28.901506 0.615110 11.721911 17.221392 0.731727 -7.948985 -8.258465 11.366296 1.517547 -6.125191 7.521599 0.776134 -2.807430 -2.568848 -2.547254 -2.416079 12.088772 7.480194 -4.913077 3.891640 6.822975 -10.906414 -14.726686 -12.039948 -7.234213 12.000305 -19.586555 -3.447335 -1.428797 9.738691
-30.033371 2.199226 13.401467 13.398702 0.561773 -6.120108 -7.511670 11.243806 3.076524 -3.107413 6.734302 0.368891 -2.773313 -2.446836 -1.698591 -3.410471 12.342108 8.358610 -4.031258 2.637538 5.380395 -12.862895 -16.390612 -8.439371 -7.936429 10.474385 -18.228933 -2.671103 -1.237771 11.595962
-29.714718 2.830980 13.552644 11.510508 0.108057 -6.015124 -6.715803 11.225051 3.467305 -1.247685 6.354405 0.276298 -2.581014 -1.990901 -1.071706 -4.017212 12.429325 8.260115 -3.731313 2.342422 5.135131 -14.050303 -16.966433 -6.216194 -7.733661 9.499973 -17.180241 -1.859579 -0.962745 12.664212
-29.789486 2.484967 13.448245 12.425385 0.460510 -6.406822 -7.355308 11.103440 2.928682 -2.495234 6.635540 0.334012 -2.784142 -2.147107 -1.457869 -3.821165 12.369030 8.193317 -3.832522 2.516562 5.137640 -13.352253 -16.298967 -7.547472 -7.728638 10.280432 -17.575697 -2.010115 -1.313329 12.038875
-29.748924 2.157606 13.027703 13.405276 0.779916 -6.706244 -7.430078 11.138778 2.842001 -3.241380 6.923815 0.466423 -2.976949 -2.262092 -1.772219 -3.355881 12.420124 8.082559 -4.108157 2.760077 5.509326 -12.660419 -15.986325 -8.641651 -7.837506 10.809327 -18.263903 -2.393149 -1.446325 11.261036
-30.044933 2.565004 13.547631 12.270722 0.471914 -6.371444 -6.973490 10.838616 3.203302 -2.298664 6.667467 0.415500 -2.856123 -2.127395 -1.429584 -3.817834 12.390356 8.197128 -3.759468 2.425849 5.244290 -13.501663 -16.583700 -7.109793 -7.530228 10.156840 -17.519201 -2.140268 -1.259819 12.166425
-29.609579 2.000482 12.927983 13.536720 0.579589 -6.507569 -7.590212 11.186940 2.767514 -3.232880 6.941293 0.510616 -2.851474 -2.276167 -1.770265 -3.295952 12.486479 8.102186 -4.126983 2.783161 5.470770 -12.603903 -16.003637 -8.700814 -7.855456 10.880656 -18.405760 -2.388542 -1.415232 11.220454
-29.991571 2.502987 13.565084 12.176242 0.422523 -6.092789 -7.017250 11.026673 3.180097 -1.990068 6.595942 0.382266 -2.750876 -2.095756 -1.309777 -3.743488 12.423754 8.242386 -3.864494 2.442797 5.139602 -13.557083 -16.551594 -6.706408 -7.670932 10.145461 -17.518267 -2.155872 -1.014681 12.166327
-29.997585 2.751189 13.753995 11.195056 0.259208 -5.891818 -6.600669 11.279005 3.677334 -1.124789 6.297612 0.275167 -2.605261 -2.014080 -1.087236 -3.993113 12.435104 8.215277 -3.760549 2.174882 4.737983 -14.460818 -17.063084 -5.843874 -7.762707 9.595595 -16.806734 -1.840144 -0.940268 12.765366
-30.004080 2.678362 13.506663 12.174055 0.337267 -6.146663 -6.997645 11.055082 3.235192 -1.826030 6.530120 0.339577 -2.690945 -2.107685 -1.316860 -3.841391 12.366499 8.194462 -3.810003 2.397470 5.201205 -13.698328 -16.675104 -6.652107 -7.557957 10.057796 -17.423883 -2.125375 -0.994477 12.178014
-29.929775 2.760120 13.764729 11.099154 0.142404 -5.820147 -6.684689 11.320569 3.691762 -1.124496 6.274048 0.272421 -2.586179 -1.969818 -1.068007 -4.017207 12.432325 8.245510 -3.783684 2.149825 4.722930 -14.492836 -17.038971 -5.809237 -7.722466 9.571918 -16.754547 -1.844370 -0.965484 12.777507
-30.469692 3.103083 14.022009 10.674146 0.083842 -5.906854 -6.726126 11.264507 3.700364 -0.281682 6.134942 0.001540 -2.578367 -1.965732 -0.760116 -4.256856 12.660938 8.449074 -3.654015 1.863131 4.506559 -14.676461 -17.285051 -4.775711 -7.771796 9.284727 -16.196888 -1.694873 -0.787629 13.286337
-29.758003 2.932966 13.593396 11.439250 0.162336 -6.005316 -6.716487 11.203515 3.451530 -1.243919 6.349282 0.346627 -2.673655 -1.998567 -1.225749 -4.054247 12.376719 8.169940 -3.709475 2.282000 5.040282 -14.267416 -17.060991 -6.160187 -7.686878 9.639818 -17.154154 -1.841292 -0.937536 12.787217
-30.177511 3.041960 14.014842 10.738375 0.076106 -5.821443 -6.650532 11.382585 3.699295 -0.442055 6.132782 0.117519 -2.629656 -1.966536 -0.802419 -4.167044 12.591230 8.410564 -3.703406 1.864507 4.668021 -14.567380 -17.182865 -5.205442 -7.874948 9.098515 -16.360365 -1.704703 -0.849949 13.245111
-30.402189 3.237262 14.253125 10.132018 0.213524 -5.726343 -6.586533 11.283965 3.591254 -0.256891 6.049310 0.032282 -2.501623 -1.815884 -0.615258 -4.222682 12.681828 8.502784 -3.807738 1.686634 4.146734 -14.856077 -17.362677 -4.237463 -8.054937 9.084842 -16.172436 -1.660138 -0.603316 13.335965
-30.560562 3.192826 14.432077 9.956907 0.054677 -5.275830 -6.324133 11.271314 4.010088 0.121901 5.982104 -0.009639 -2.581568 -1.766745 -0.388050 -4.318748 12.819338 8.534647 -3.733627 1.520197 3.946867 -15.174812 -17.736845 -3.629338 -7.968820 8.853540 -15.954364 -1.480311 -0.450298 13.357718
