-0.189725 25.893759 -10.161702 4.783344 3.560327 -6.399337 10.285968 12.048125 18.690485 -7.547703 -4.750416 10.593168 3.802293 -7.570252 5.668227 -5.052273 -0.582894 0.841209 -3.024875 -7.483321 -4.963757 8.745367 10.409385 14.711973 -13.371940 20.060772 0.264402 -15.599414 -0.774443 16.510483
-0.065792 25.908939 -10.005269 4.714357 3.747361 -6.424293 10.357396 12.109958 18.717070 -7.782334 -4.723176 10.651629 3.796685 -7.561874 5.663846 -5.011946 -0.594647 0.826630 -3.033242 -7.452893 -5.022350 8.720835 10.399496 14.693600 -13.344699 20.098509 0.267081 -15.602021 -0.775216 16.525337
-12.317737 22.990931 7.217838 4.017100 12.661020 2.574703 13.347566 10.737211 25.062071 -4.445262 -0.098582 12.241861 -1.091328 -7.094770 1.092499 -2.981758 5.915029 1.643175 -3.452380 -5.374583 -10.751124 1.843890 0.535367 11.041322 -12.333313 16.212885 -13.207443 -8.645380 -7.089394 22.803028
-14.049150 22.209381 10.981889 4.278625 13.434695 1.640933 13.055135 12.218755 24.650795 -2.626914 -0.479890 12.622820 -2.746410 -6.701473 1.700265 -2.615568 6.903067 2.378984 -3.978980 -4.648056 -9.274780 -0.712102 -2.089077 9.446429 -11.492247 15.827471 -14.806766 -6.459376 -6.592059 25.369930
-16.269398 21.589121 13.112350 2.416006 13.644782 -0.272839 12.118178 11.332266 22.879007 -1.266641 -1.434252 12.690512 -4.100631 -6.241624 2.472229 -2.735101 7.775845 2.360366 -4.371040 -3.164895 -10.039900 -4.544511 -4.039394 9.349376 -10.752623 13.737395 -15.165051 -6.464137 -6.186831 26.017830
-17.513514 22.790306 15.553589 -0.373786 11.857605 -1.516989 9.746755 11.601108 20.445326 0.791948 -2.801555 12.329586 -5.845236 -5.564358 3.744227 -3.673330 8.409134 3.266333 -4.377345 -2.853871 -10.000859 -8.242466 -4.924542 8.996345 -10.795088 12.070333 -14.566207 -4.957056 -4.694152 25.713490
-17.797920 23.652248 17.928305 -2.021508 11.225946 -2.824177 4.321709 12.972257 17.006523 3.699150 -4.224991 11.713888 -6.344989 -5.058408 3.813820 -5.233447 8.878220 3.503843 -3.949498 -2.079199 -9.008052 -9.654850 -6.341197 7.109881 -10.524492 11.197521 -14.515737 -2.750167 -4.315935 26.516670
-18.132679 23.089687 17.276823 -0.864146 8.513354 -2.958795 1.023545 13.752629 14.803716 6.290141 -5.170667 10.743507 -6.452599 -4.913124 4.252128 -5.601429 9.584965 3.310232 -4.144386 -0.979767 -9.061753 -9.232177 -8.379595 5.753284 -10.841072 11.538628 -14.048855 0.460032 -5.385149 26.559875
-15.122947 22.940937 19.594366 0.246151 9.303430 -4.833445 1.866537 15.528237 15.566590 4.581689 -5.675583 10.960463 -6.133519 -5.537665 4.141438 -5.090669 10.454163 3.035630 -4.553391 0.107911 -6.909414 -9.476715 -8.792964 4.532640 -11.198521 11.738790 -14.292873 2.691389 -4.833110 28.054205
-12.037733 21.699162 21.301216 1.880824 10.397051 -2.542784 -0.510559 17.222536 13.308198 2.942323 -5.034457 10.086413 -6.796646 -6.336575 4.749519 -3.192720 10.756128 2.619978 -5.561944 0.454979 -4.913087 -9.270525 -9.142848 5.290738 -11.477032 11.455808 -14.796574 4.419129 -4.105165 28.361116
-11.899809 21.179245 22.130907 2.169657 9.672746 -1.363656 -0.282224 18.267742 12.663143 2.096254 -4.735905 10.297916 -6.024997 -5.872081 4.852664 -2.678508 11.350035 2.687134 -6.250202 0.962041 -3.653822 -7.880837 -10.431722 6.410172 -12.501162 10.603477 -15.866759 5.537414 -3.800820 28.006727
-12.348984 18.857143 23.966986 1.658783 8.411268 2.363123 0.406237 19.927738 11.255218 -0.861422 -4.174797 9.955686 -4.621579 -5.835637 5.311521 -1.249665 11.692190 2.308534 -7.477217 2.224301 -1.462958 -4.509963 -12.426949 7.814018 -14.139435 10.329470 -19.076941 3.796967 -3.017842 26.213253
-12.665711 17.305397 24.414003 1.598738 8.159927 3.604805 1.261911 20.581518 11.103665 -2.400476 -4.121188 10.057154 -3.371185 -6.166835 5.306894 -0.554608 12.068285 2.309972 -7.989257 2.989090 0.145978 -1.845691 -13.681224 8.803586 -15.225758 10.594702 -20.367350 3.352951 -2.916087 24.983154
-12.794579 16.824556 24.483786 1.501489 8.029189 4.139316 1.814010 20.716562 11.003537 -2.918612 -4.044973 9.953054 -3.016992 -6.264207 5.385725 -0.322108 12.118586 2.355394 -8.126444 3.087571 0.461426 -1.259030 -13.889001 8.964802 -15.436731 10.749929 -20.732195 2.680485 -2.839441 24.512739
-12.851761 16.882015 24.500334 1.396000 8.039679 4.150352 1.725204 20.736395 10.938630 -2.978818 -4.023366 10.010899 -2.926450 -6.205449 5.381879 -0.350595 12.126055 2.358068 -8.162767 3.091045 0.444806 -1.222133 -14.075253 8.892219 -15.431093 10.786263 -20.768946 2.699375 -2.888522 24.447269
-12.896768 16.899738 24.528385 1.393667 7.937942 4.191566 1.829660 20.727633 10.942174 -2.956810 -4.042337 10.035840 -2.910207 -6.197185 5.380967 -0.372737 12.139614 2.401618 -8.151867 3.110323 0.489448 -1.287852 -13.951240 8.894383 -15.405929 10.762960 -20.807554 2.729320 -2.911990 24.449909
-12.905627 16.892197 24.530947 1.379140 7.922179 4.201203 1.827672 20.745214 10.954576 -2.963128 -4.046706 10.030176 -2.895806 -6.195030 5.382644 -0.374928 12.143499 2.400724 -8.149606 3.115233 0.498526 -1.245197 -13.994794 8.892158 -15.433257 10.769310 -20.803774 2.727127 -2.900356 24.451111
-12.930060 16.878296 24.542341 1.400298 7.922988 4.202034 1.832012 20.734205 10.968926 -2.955186 -4.041054 10.017460 -2.913902 -6.215577 5.357301 -0.375963 12.143957 2.411910 -8.118962 3.095968 0.461004 -1.195712 -13.921311 8.885102 -15.461277 10.789911 -20.822439 2.761326 -2.991404 24.473591
-12.892447 16.818829 24.508383 1.442739 7.992272 4.204969 1.798633 20.745607 11.013869 -2.981188 -4.056324 10.022838 -2.923219 -6.239560 5.346591 -0.395132 12.133270 2.384303 -8.094825 3.101016 0.472286 -1.182073 -13.912815 8.907401 -15.446496 10.772605 -20.827055 2.766654 -3.021150 24.483944
-12.879132 16.826920 24.495394 1.454571 7.990992 4.200605 1.789675 20.733519 10.996232 -2.971484 -4.051558 10.022333 -2.929509 -6.236883 5.354493 -0.390673 12.132730 2.388896 -8.099723 3.094942 0.460617 -1.206085 -13.894300 8.910947 -15.437285 10.771081 -20.799652 2.774622 -3.014530 24.475672
-12.890372 16.813450 24.497232 1.447857 7.978267 4.190232 1.784476 20.740026 11.018966 -2.972799 -4.050225 10.018907 -2.928912 -6.232626 5.365858 -0.382210 12.133928 2.397023 -8.101525 3.096913 0.482884 -1.197206 -13.916177 8.931794 -15.439174 10.761789 -20.792452 2.755119 -2.991187 24.452772
-12.890966 16.812630 24.491209 1.460525 7.978479 4.183076 1.779269 20.728331 11.010016 -2.986881 -4.050419 10.018336 -2.928641 -6.233314 5.366054 -0.380795 12.134323 2.396115 -8.102452 3.096576 0.484976 -1.192065 -13.913602 8.930089 -15.436911 10.760563 -20.795097 2.755474 -2.999782 24.451885
-14.600036 5.506850 20.538237 6.060913 13.777920 -4.337068 4.866841 18.866316 10.601911 -5.506927 -2.572253 10.346164 -2.493818 -2.140164 5.818918 -1.302076 12.979162 0.464442 -9.334496 5.756941 -0.238936 -5.404667 -12.201928 3.667660 -14.589867 13.420177 -21.650402 2.390521 -0.383487 10.751973
-13.659271 -1.725948 14.653802 8.629642 10.635349 -7.634695 -2.555417 22.937178 9.614388 -3.393959 -1.435750 7.450383 -3.737412 -0.839458 4.925952 -2.425905 13.149363 -1.970465 -9.378064 7.099040 -0.461163 -4.167034 -11.103809 0.913332 -14.513360 17.267595 -21.309668 4.885857 -0.250354 3.405379
-14.052012 -0.522993 15.851677 6.664260 8.639449 -6.400311 -6.513566 23.463339 8.938863 -2.580658 -0.871512 5.739249 -3.865781 -1.454777 5.213260 -2.479494 12.934397 -1.149883 -8.614425 6.918874 -0.642505 -5.907498 -11.912229 2.104290 -13.252928 16.156565 -20.955894 4.046798 -0.234598 5.887253
-15.585431 -0.528178 15.493042 7.278933 8.692575 -7.834455 -6.019351 22.769083 9.413363 -1.317604 -0.523064 5.504198 -4.012847 -1.402576 4.912745 -2.612227 13.513838 -0.838779 -8.183532 6.383547 -0.993401 -6.858803 -12.446389 1.906620 -12.371561 16.682381 -20.426413 4.571267 -0.362215 5.466828
-17.000399 0.332283 15.603050 5.456016 7.684378 -7.767763 -5.342287 21.541807 8.650065 -0.123954 -0.431351 4.873980 -3.802338 -1.308532 5.055786 -2.986202 13.688370 0.096535 -7.846332 5.794225 -1.006852 -8.204806 -13.296319 3.001209 -11.338676 16.024614 -19.864929 4.372788 -0.554258 6.949163
-18.927910 1.170710 16.195225 4.976770 7.336872 -7.503885 -5.855320 20.245771 8.657937 0.801175 -0.275486 4.481946 -3.814311 -1.155189 5.080687 -3.360923 13.699697 1.044167 -7.272614 5.018713 -1.005623 -9.850922 -14.353389 3.756372 -10.916627 14.552813 -18.471590 4.373561 -0.446784 8.033148
-18.716576 1.084880 16.063833 5.003136 7.533263 -7.908820 -5.773250 20.355776 8.636439 0.600209 -0.326508 4.582050 -3.947114 -1.110606 5.052680 -3.440006 13.753572 0.840177 -7.256492 5.167701 -1.060158 -9.870341 -14.347709 3.464088 -10.771902 14.576300 -18.529970 4.186381 -0.534777 7.987240
-20.067642 1.424870 16.483179 4.308482 7.162284 -7.367990 -5.692244 19.789953 8.748907 0.931845 0.303385 4.105584 -3.612977 -1.197410 4.930395 -3.385320 13.978527 1.929080 -6.698939 4.549671 -0.916455 -10.826300 -15.303765 4.329117 -10.630306 13.901993 -18.175463 4.159257 -0.373767 8.798885
-19.447659 1.758940 16.389318 4.277149 7.201612 -7.481714 -5.943791 19.943171 8.601642 0.948569 0.177412 4.273198 -3.725465 -1.156320 4.886893 -3.395822 13.825068 1.437158 -6.862706 4.783551 -0.989547 -10.465031 -14.799602 4.107240 -10.710092 14.157713 -18.334566 4.114302 -0.469605 8.511173
-20.883070 2.119046 16.633051 3.578987 6.674681 -7.271041 -5.901355 19.223114 8.894321 1.809972 0.300737 3.967887 -3.708660 -1.098444 5.014691 -3.625117 13.925854 2.312343 -6.512852 4.293781 -0.892446 -10.861629 -15.616313 4.458698 -10.478703 13.554884 -18.067915 4.202896 -0.573177 9.053279
-20.244694 1.554864 16.543318 4.063238 7.064363 -7.333585 -5.824554 19.750891 8.819011 1.084000 0.304165 4.083849 -3.611040 -1.255379 4.848951 -3.430140 13.946667 2.086668 -6.641057 4.537564 -0.918205 -10.823124 -15.488992 4.281002 -10.640268 13.792715 -18.226896 4.118073 -0.373351 8.785577
-21.325275 2.346863 16.741732 3.499789 6.474642 -6.993439 -6.052305 19.145979 9.183871 2.255759 0.448879 3.698184 -3.590776 -1.190907 5.010565 -3.749892 13.870686 2.531685 -6.150197 3.933647 -1.005073 -11.640871 -15.483557 4.791211 -10.246191 13.119068 -18.110315 3.788928 -0.501703 9.433058
-21.075321 2.140331 16.614510 3.530816 6.639300 -7.175200 -6.172556 19.293676 9.151511 2.032482 0.403164 3.859560 -3.614554 -1.128108 5.034068 -3.614231 13.931435 2.439878 -6.432845 4.224344 -0.971037 -11.275507 -15.543269 4.691612 -10.401055 13.293367 -18.031395 3.923321 -0.503103 9.167518
-21.344522 2.375901 16.731575 3.507303 6.489054 -7.089085 -5.859581 19.056200 9.303494 2.310986 0.401007 3.602372 -3.653758 -1.226523 4.927877 -3.887917 13.780190 2.566740 -6.090636 3.923082 -1.017898 -11.630262 -15.624785 4.663027 -10.305426 13.030455 -17.921759 3.862674 -0.527059 9.427309
-21.851841 2.765051 16.784246 2.874418 6.175035 -6.562592 -6.072020 18.513020 9.126660 2.613685 0.521995 3.456663 -3.524362 -1.266605 4.939836 -3.924495 13.750187 2.917889 -5.871020 3.583481 -0.675604 -12.210479 -15.764684 5.467811 -9.775398 12.634443 -17.561497 4.054573 -0.604677 10.452434
-21.052460 2.132924 16.614729 3.550071 6.646694 -7.158670 -6.171294 19.296728 9.140413 2.028313 0.402324 3.847168 -3.639435 -1.149686 5.036266 -3.623160 13.929981 2.436756 -6.400105 4.247444 -0.971634 -11.271044 -15.556743 4.719794 -10.409765 13.289730 -18.041683 3.873460 -0.478079 9.148742
-22.081450 2.840120 16.905869 2.616493 5.796107 -6.560263 -6.000431 18.467243 9.187527 2.690682 0.627769 3.337031 -3.382088 -1.260583 4.995926 -3.948677 13.805025 3.074329 -5.759181 3.565791 -0.418971 -12.330711 -15.846324 5.544219 -9.713049 12.426762 -17.616148 4.255010 -0.675918 10.532125
-22.633526 3.129879 16.913961 2.218841 5.137791 -6.224838 -5.812943 17.874422 9.024029 3.155854 0.702503 3.265090 -3.362030 -1.274390 4.644784 -4.132969 13.692371 3.365044 -5.567111 3.502023 -0.459812 -12.737242 -16.027969 5.811854 -9.686395 12.094587 -17.216272 4.231454 -0.709314 10.904981
