5.823586 30.956465 -5.885457 12.757151 11.971503 -1.740782 -6.425836 7.047381 -7.265666 -20.274601 -4.817138 10.592493 3.831564 -7.575667 5.734294 -5.039938 -0.581910 0.810953 -3.091981 -7.479935 -2.881316 15.750816 -15.035409 15.261024 -15.268927 18.883228 10.583512 -13.280190 0.144527 8.705252
5.808132 31.024349 -5.823009 12.899809 11.965692 -1.861863 -6.496984 6.939289 -7.508627 -20.686289 -4.848618 10.645458 3.810129 -7.546202 5.761964 -5.042230 -0.605839 0.785574 -3.113760 -7.481540 -2.906807 15.789791 -15.020453 15.244476 -15.279067 18.921627 10.564973 -13.293967 0.167014 8.713737
-1.206065 16.100161 4.754388 23.419680 17.987225 -6.532733 4.294701 12.903718 -11.081277 -25.501635 -5.983920 12.770209 1.222188 -10.283205 0.156961 -4.738834 2.498002 -5.573103 -2.313758 -0.266367 -1.187525 14.373143 -19.963947 8.204105 -18.419071 22.935125 -5.867395 0.007635 -1.551563 -2.077470
-1.374973 14.827552 5.882031 24.190508 17.935558 -6.992097 3.579245 12.395959 -10.075313 -27.075726 -5.769918 13.333939 1.862362 -10.567137 -0.310685 -4.369857 2.503132 -6.229413 -2.552573 0.277321 -1.328194 15.848953 -19.923817 6.644267 -18.335247 23.235405 -4.888930 2.458186 -4.009388 -1.395823
-2.531389 14.668925 6.983138 24.913244 19.103552 -5.775179 2.041461 11.696917 -7.295054 -26.464891 -5.194392 14.006256 1.696790 -9.913212 -0.990144 -4.209130 3.115345 -7.103401 -3.722806 0.309646 -0.701020 18.439671 -20.527811 5.384054 -18.023964 23.822870 -4.804391 5.881702 -6.191498 0.527140
-3.339400 15.028172 7.695628 25.349966 19.880838 -5.399451 1.157855 11.368329 -6.070498 -25.731367 -4.946929 14.229527 1.350271 -9.749439 -1.458485 -4.140375 3.692515 -7.306334 -4.007582 0.297506 -1.054778 19.058680 -21.500072 4.454962 -18.017202 24.577608 -5.554538 7.993821 -6.724638 2.566585
-3.761489 15.097109 8.167771 25.468393 20.126940 -5.173736 0.629810 11.128369 -5.588470 -25.358191 -5.016820 14.395914 1.242123 -9.659685 -1.541303 -4.021482 4.075994 -7.525806 -4.284394 0.474559 -1.280823 18.976294 -21.777845 4.329473 -17.925360 24.648016 -5.741285 8.239580 -6.398653 3.400652
-3.826773 15.222547 8.182382 25.617767 20.317467 -5.134187 0.752346 11.041242 -5.462026 -25.319130 -5.093349 14.398812 1.242057 -9.681025 -1.539033 -4.029531 4.093626 -7.536457 -4.303413 0.506559 -1.281526 18.997866 -21.835714 4.208088 -17.908190 24.740234 -5.804814 8.321500 -6.429862 3.372307
-3.847783 15.199839 8.129229 25.643644 20.347734 -5.157460 0.658086 10.971816 -5.416081 -25.313969 -5.068086 14.396307 1.234203 -9.662971 -1.584689 -4.019578 4.140960 -7.556170 -4.305808 0.527243 -1.344432 18.947741 -21.908709 4.178148 -17.852798 24.723814 -5.853476 8.400119 -6.493299 3.448684
-3.912331 15.277792 8.162024 25.678057 20.426657 -5.089844 0.611263 10.867455 -5.318536 -25.256933 -5.075621 14.409718 1.230295 -9.646658 -1.578806 -4.014390 4.159787 -7.561485 -4.340283 0.533053 -1.386808 18.997869 -21.928194 4.154990 -17.878914 24.731707 -5.870941 8.416569 -6.492835 3.639216
-3.914279 15.274186 8.148608 25.675283 20.394350 -5.127873 0.587968 10.839772 -5.371156 -25.322077 -5.076428 14.412658 1.236159 -9.650186 -1.573196 -4.012532 4.145994 -7.556104 -4.334374 0.524428 -1.374533 19.001463 -21.930161 4.187259 -17.853094 24.695812 -5.862331 8.408095 -6.530104 3.604467
-3.916955 15.280213 8.137855 25.666601 20.402178 -5.133552 0.608174 10.834439 -5.377369 -25.317633 -5.074853 14.410828 1.239294 -9.648432 -1.570954 -4.013146 4.141780 -7.558096 -4.333405 0.525514 -1.387418 18.974163 -21.927992 4.189885 -17.861544 24.694555 -5.857488 8.406528 -6.502770 3.589692
-3.943045 15.274037 8.168528 25.681879 20.467426 -5.127722 0.613955 10.807257 -5.328732 -25.317068 -5.062795 14.408461 1.222242 -9.654377 -1.586990 -4.009885 4.160413 -7.552824 -4.332232 0.529631 -1.407420 18.945492 -21.937387 4.193784 -17.883934 24.700535 -5.855614 8.415378 -6.462216 3.648230
-3.955841 15.251264 8.174953 25.668766 20.455484 -5.125003 0.627240 10.824107 -5.357971 -25.340067 -5.080582 14.411313 1.234803 -9.662183 -1.576873 -4.004703 4.146440 -7.550272 -4.328067 0.530377 -1.418166 18.946814 -21.907202 4.212931 -17.870291 24.685667 -5.801752 8.379898 -6.481026 3.621878
-3.943612 15.251126 8.182389 25.675648 20.434397 -5.083255 0.609842 10.807347 -5.335729 -25.347486 -5.080301 14.400961 1.235776 -9.653768 -1.582683 -4.010219 4.158703 -7.555462 -4.340662 0.531794 -1.380987 18.989801 -21.907103 4.202196 -17.901987 24.689474 -5.844826 8.382995 -6.437006 3.623495
-3.948738 15.251831 8.183963 25.666567 20.423040 -5.091562 0.607854 10.833281 -5.340783 -25.342268 -5.076591 14.402663 1.237912 -9.654419 -1.578865 -4.007775 4.154866 -7.556115 -4.339500 0.524154 -1.385293 18.980146 -21.911541 4.222153 -17.888866 24.686087 -5.833052 8.392684 -6.465351 3.635452
-3.948418 15.246586 8.177574 25.668497 20.430035 -5.090918 0.617638 10.836834 -5.346845 -25.346426 -5.072777 14.403710 1.238608 -9.653469 -1.586223 -4.008589 4.151853 -7.559496 -4.343110 0.530136 -1.383160 18.993227 -21.895048 4.213050 -17.887278 24.697187 -5.813958 8.388468 -6.467302 3.616323
-3.969931 15.246409 8.185515 25.675478 20.405172 -5.071635 0.550780 10.802455 -5.340066 -25.349569 -5.088197 14.405298 1.243761 -9.649780 -1.571557 -4.002075 4.156881 -7.559033 -4.344859 0.544599 -1.353693 19.031546 -21.923746 4.180873 -17.833187 24.721109 -5.887271 8.389711 -6.552118 3.601724
-3.952689 15.267972 8.167197 25.660555 20.416870 -5.108089 0.556743 10.787284 -5.343967 -25.347986 -5.088686 14.402974 1.239417 -9.655590 -1.573614 -4.002437 4.157764 -7.556553 -4.339284 0.542739 -1.360960 19.036371 -21.927225 4.170826 -17.806452 24.740803 -5.892001 8.395871 -6.562094 3.591420
-3.935235 15.256465 8.175681 25.668074 20.384474 -5.061768 0.554602 10.823401 -5.351061 -25.353228 -5.088259 14.406366 1.233276 -9.629499 -1.576849 -4.029961 4.127041 -7.564295 -4.329370 0.517767 -1.347962 19.076323 -21.922249 4.157635 -17.800999 24.734175 -5.868225 8.429984 -6.614602 3.594556
-4.037429 15.220930 8.039330 25.798801 20.306576 -5.050861 0.541009 10.748641 -5.382916 -25.211365 -5.087744 14.389197 1.229348 -9.644478 -1.581744 -4.027257 4.147700 -7.565149 -4.337178 0.534036 -1.364056 19.018082 -21.913029 4.167260 -17.813982 24.749454 -5.859132 8.396304 -6.564462 3.605471
-6.980443 9.531534 5.000054 24.348475 13.635872 0.457413 -3.013639 10.472713 -5.420677 -24.998047 -3.817527 14.636688 2.687999 -7.770807 -1.097164 -4.307065 3.037849 -9.098182 -4.578514 1.653975 1.622863 17.657696 -22.290873 6.027983 -14.906786 22.420584 -2.694583 13.695212 -12.012467 2.624697
-7.339131 6.330733 5.083177 23.130648 11.755922 3.531535 -3.627311 11.279868 -5.280819 -27.348543 -3.049463 14.248918 4.270276 -6.875857 -0.841740 -4.464561 2.625941 -9.832449 -5.185520 3.208331 5.071668 17.660612 -21.830908 6.138435 -14.558007 20.139973 -2.073140 16.837172 -14.827988 2.441767
-6.943295 2.778193 5.564801 21.111296 11.040691 6.344778 -3.938118 12.325782 -5.144739 -30.483608 -2.584407 14.770434 4.911882 -6.230607 -0.877842 -4.576339 2.268246 -10.057425 -5.253331 4.212465 7.828045 17.657995 -21.742579 7.388402 -13.947491 18.113256 -1.961185 18.258940 -16.791285 2.151360
-5.794737 0.416241 4.830802 20.268950 12.486866 6.932861 -4.529975 12.912952 -4.130425 -32.580669 -2.147380 15.833163 4.682077 -5.859606 -0.814915 -4.309946 1.725387 -10.392313 -4.941134 4.969852 9.328412 16.204926 -21.108538 8.828021 -11.961973 17.200296 -1.689655 19.624043 -19.156853 0.509405
-3.462555 -3.300127 4.028915 16.021299 13.481857 11.288154 -1.473517 17.452847 0.349597 -29.104403 1.964922 13.730460 4.854418 -6.541845 -1.556512 -2.694861 0.769675 -9.319354 -3.383394 5.113716 11.370767 14.527460 -19.157749 9.772115 -11.317769 14.717695 -3.312344 18.724197 -20.843634 -1.805018
-3.710203 -5.857535 2.908368 14.164185 13.513897 13.496796 -0.634144 17.344614 1.060806 -29.547831 2.831939 13.283865 5.401469 -6.075672 -1.629689 -3.066615 0.000462 -9.364293 -2.795300 5.368006 12.247134 13.440399 -18.415979 10.599877 -10.501133 13.427248 -3.466826 18.750093 -22.340284 -3.767770
-4.243001 -8.246561 1.032207 11.463517 13.538723 14.298804 -0.395625 16.800203 1.319747 -29.046034 4.130749 12.355421 5.558390 -5.409749 -1.411419 -3.237120 -0.568909 -9.288767 -2.320804 5.606354 12.353862 11.405109 -17.235144 11.223513 -9.621102 11.462019 -4.040589 17.784483 -23.679285 -5.873838
-3.637991 -10.276755 -0.086205 8.992690 14.469490 14.974480 0.759153 17.605263 1.433878 -29.515778 4.941497 11.836712 5.406335 -5.090243 -1.243186 -3.489248 -0.779296 -9.256418 -2.010701 6.126245 11.993539 9.535582 -15.198936 12.604516 -8.357244 10.683928 -4.882325 16.594519 -24.208899 -7.047287
-4.547107 -12.128376 -1.098392 8.266456 15.439672 15.024179 1.568208 16.253620 1.362788 -29.528725 5.624907 11.660686 5.141367 -4.563218 -1.162825 -3.439585 -0.994571 -9.510874 -1.930243 6.738812 11.915051 7.087329 -13.426242 12.395101 -7.402858 9.789419 -4.717174 16.479280 -24.628357 -7.854281
-4.574480 -12.280284 -2.433685 7.437139 17.137884 13.013452 1.971722 14.695607 1.638534 -29.520412 5.437197 12.232107 5.381416 -3.939130 -0.978937 -3.780619 -1.390106 -9.670233 -1.534528 6.584718 11.771076 6.794094 -14.848809 12.698850 -6.083015 9.735266 -2.268749 17.762190 -25.617777 -8.286305
-5.780507 -14.714792 -4.378063 4.913170 16.072231 16.512877 4.598346 14.513558 1.442402 -26.989414 6.840119 11.087708 4.286961 -3.835320 -0.216815 -3.245026 -0.920161 -9.532460 -0.531412 6.642865 12.229674 4.186323 -12.968652 13.364747 -6.269231 7.076101 -4.594190 15.843952 -26.230545 -9.999308
-7.570063 -18.244085 -5.769136 1.239130 13.062103 19.239191 6.381418 15.185164 -0.225894 -25.076784 7.618392 9.677773 4.054980 -3.354909 1.285179 -3.390431 -0.104766 -9.725071 1.073278 6.671646 11.074648 -0.274317 -7.832676 15.271991 -6.850836 4.806329 -8.090615 13.960410 -25.037458 -11.700532
-8.658656 -20.438425 -8.296327 -2.805686 9.487370 19.496946 7.525645 14.968822 -3.122881 -22.333904 7.992373 8.385970 4.089877 -3.470776 2.276232 -4.096227 0.001013 -10.236517 3.216546 7.255630 10.728509 -3.796234 -5.260633 16.944180 -6.346963 4.039628 -9.458833 11.390994 -22.948332 -14.466302
-10.322299 -21.381298 -13.461739 -4.740251 3.002339 19.612751 7.035963 14.065930 -7.779902 -15.653849 7.958836 6.723334 4.613235 -3.287580 3.791425 -4.816741 -0.001772 -9.978433 5.150890 7.104034 10.578583 -5.565160 -2.942346 18.996880 -6.557969 4.033762 -10.006499 8.838012 -21.209463 -19.063053
-9.866095 -20.175995 -21.143448 -3.414542 -3.327611 18.226368 5.141188 13.403039 -13.276617 -8.663971 7.358809 3.954548 5.726002 -3.362145 5.472149 -5.911843 -0.942697 -9.630537 7.226145 6.090931 10.944127 -6.287838 1.334638 20.659693 -6.627747 5.527344 -8.607409 5.570279 -19.057877 -23.487631
-8.855180 -16.772102 -27.971258 -0.035551 -7.115249 16.681046 3.261595 12.190511 -17.884935 -2.067761 6.794953 1.188932 7.483815 -3.408835 7.861278 -6.105886 -2.035044 -8.564800 8.128883 4.771890 10.632822 -6.544501 6.177297 23.129971 -5.311328 7.746840 -5.044869 2.731148 -17.216173 -24.033594
-6.446822 -12.061322 -31.651505 1.757263 -7.425025 14.524789 2.106189 11.454758 -20.360003 0.887490 6.707540 -1.413602 8.429899 -3.200652 9.782443 -6.048176 -3.262741 -7.340390 8.668471 3.103974 10.501103 -6.991334 10.570655 23.332649 -5.447308 8.721605 -1.497161 0.845846 -15.541571 -24.144230
-4.562935 -9.089403 -32.684448 1.934649 -8.001582 13.349446 1.260019 11.791293 -20.240284 2.061474 6.593213 -2.893721 9.160713 -2.859680 10.619307 -5.952584 -3.250351 -6.718338 8.230496 2.120916 10.666780 -6.637493 12.918684 24.493113 -5.708226 9.560050 0.186073 0.001916 -13.758384 -23.812906
-4.084418 -7.692061 -32.441021 1.801312 -7.616173 12.975634 0.694252 11.741422 -19.772921 2.630532 6.537008 -3.435043 9.083421 -2.812136 10.877806 -5.778864 -3.308241 -6.649322 7.896683 1.528283 10.635098 -6.338881 14.053323 24.098429 -5.681569 9.958177 0.696429 -0.457785 -13.415670 -22.882969
-3.611963 -6.665639 -32.293819 1.083260 -7.862992 12.823293 0.359587 12.004653 -19.439283 3.245912 6.526650 -3.612431 9.232856 -2.726819 11.085732 -5.622597 -3.252412 -6.438890 7.754508 1.253596 10.586257 -6.086306 14.373405 23.967567 -5.595299 10.213988 0.953232 -0.759256 -13.085426 -22.504925
-4.700508 -8.675611 -32.593616 1.678499 -7.827209 13.044314 1.551966 11.518861 -20.106718 2.403751 6.578757 -2.923916 9.087658 -2.850667 10.694473 -5.888025 -3.323639 -6.506052 8.234802 2.163678 10.418729 -6.888266 12.913018 24.246281 -5.567811 9.434811 0.442601 -0.083934 -13.754002 -23.572233
-8.249537 -11.073861 -31.681196 0.102303 -5.920526 13.320218 3.874912 9.310862 -21.020956 1.490919 6.892431 -0.699957 6.952585 -3.022900 10.033272 -5.847370 -3.937983 -6.059462 9.070667 3.664572 7.406566 -8.539898 9.901935 21.764668 -5.395854 8.158621 0.036800 0.621049 -15.712421 -24.056519
-9.642377 -10.773499 -30.217743 -0.362711 -4.132144 13.884274 5.625826 7.420679 -20.396490 2.416090 7.414451 1.272573 5.207112 -2.934212 9.832181 -5.205598 -4.044311 -5.164082 9.420277 4.011929 4.864680 -10.037299 8.514632 20.648399 -5.075839 8.025207 0.754166 0.773117 -16.236410 -23.539524
-11.704223 -14.026950 -27.968676 -2.962627 -2.702848 13.429923 7.461774 6.977518 -18.925379 -0.871400 6.808604 3.070690 4.055752 -2.793481 8.400022 -5.929278 -3.542147 -5.932695 9.377660 5.441248 4.690275 -10.189312 5.417366 18.252895 -4.978168 6.319673 -0.117149 2.861223 -18.409756 -24.108967
-12.674739 -14.350884 -27.235094 -3.713777 -1.553691 12.901235 8.695004 5.806471 -18.296862 -1.215096 6.591098 3.724511 3.161620 -2.583586 8.159740 -6.230196 -3.534127 -5.959191 9.531776 5.572012 4.133977 -11.108030 4.920841 17.843697 -4.719474 6.142056 0.748028 3.771866 -18.985815 -23.851768
-14.039426 -14.966365 -23.195457 -6.761365 2.672463 12.915277 11.759778 5.177119 -16.983934 -4.436175 7.007049 6.213516 1.324874 -2.246073 6.982872 -6.324866 -3.123443 -5.877212 9.267649 6.197825 3.451769 -13.008463 1.455596 16.073019 -4.454720 4.710454 0.625878 5.900001 -20.456408 -23.292793
-15.941863 -14.754619 -19.820772 -8.612858 6.233855 12.720528 13.330338 4.179786 -15.155152 -6.006686 7.087579 7.635754 0.164772 -1.840956 6.721118 -6.255373 -2.621439 -5.341743 8.943284 6.566643 2.508939 -15.029448 -0.536065 14.703932 -3.787846 3.519724 1.527398 7.447712 -21.149405 -21.988050
-17.264748 -13.590902 -18.504189 -10.064304 7.866873 12.930852 14.415318 3.256586 -15.391257 -6.308102 7.120859 8.052063 -0.376070 -1.634076 6.767185 -5.804183 -2.180749 -3.962921 8.174277 6.893956 1.918800 -16.757128 -1.934545 14.475789 -3.184864 2.701784 2.329613 6.733798 -20.135559 -20.661924
-19.285570 -11.832761 -15.352435 -12.233101 9.646986 13.094028 15.662451 3.440894 -15.195497 -7.416698 7.096503 9.385605 -0.705217 -1.596895 7.091982 -4.734606 -0.864291 -2.669985 7.670252 7.344428 2.565876 -18.607901 -5.199750 14.792373 -2.818686 2.324639 2.491434 7.276119 -18.926682 -18.723372
-20.267349 -10.384501 -12.516899 -14.333036 9.754578 12.743773 15.178727 4.851829 -14.868436 -7.993302 7.156371 9.736981 -0.140898 -1.512973 7.466454 -4.048585 -0.293164 -1.798935 7.287798 7.767305 2.557515 -18.866148 -6.533458 14.794686 -3.283025 2.489913 1.423214 6.084807 -18.231516 -17.230799
-20.680412 -9.708824 -11.482060 -14.968225 8.185093 13.250932 14.659959 6.257294 -14.824780 -7.278607 7.222623 9.493472 0.426199 -1.635535 7.644623 -3.611264 -0.035320 -1.474144 7.098777 8.217535 2.837838 -19.104074 -7.080286 16.242538 -2.962590 2.929992 0.450330 5.029350 -17.327509 -15.980361
-20.165464 -9.179677 -10.768499 -14.943950 6.579565 14.970819 14.640582 7.284694 -15.004627 -7.286633 7.202897 9.042824 1.077045 -1.915475 7.771575 -3.123626 0.626021 -1.321837 6.704525 8.384476 3.256873 -19.464975 -7.320999 17.656559 -3.351197 2.860750 0.041049 4.116759 -16.339155 -15.031249
-19.793671 -8.030205 -7.895835 -15.619984 6.323653 14.899714 14.361835 8.825627 -13.777026 -8.662672 6.953597 8.994318 1.546513 -1.918463 7.963059 -2.866174 1.386841 -1.098056 6.250370 8.345449 4.399093 -19.702108 -8.384126 18.120266 -2.963193 1.928550 -0.636011 4.505354 -16.001726 -11.786268
-18.879032 -7.237649 -6.404711 -13.713575 4.553426 15.864509 14.067430 9.371648 -14.963023 -10.350782 6.165839 8.653590 2.411380 -1.982302 8.157513 -2.926133 2.137206 -1.082433 5.769437 8.153728 7.052982 -19.312984 -8.223445 19.138512 -2.954237 1.503701 -1.238782 4.501155 -15.129024 -10.246332
-18.120760 -7.510670 -5.263256 -12.452576 1.301998 17.510826 13.326628 12.040491 -15.110593 -10.819780 5.708793 7.714010 3.766179 -2.177207 8.404416 -3.151791 2.990169 -1.035959 5.429812 8.180634 10.444723 -18.608721 -8.878650 20.861765 -2.843337 1.058007 -2.380877 4.318117 -14.802912 -9.168510
-16.988043 -8.324759 -4.197595 -11.414303 -0.768828 18.573629 12.582583 14.698077 -15.405850 -13.508369 5.441123 7.302584 5.518193 -2.340553 8.378592 -3.243258 3.878488 -1.816097 5.306306 8.283460 13.014845 -17.123720 -8.589767 21.528690 -3.128993 0.589514 -4.528688 3.557496 -13.666860 -9.022775
-16.100014 -9.451348 -2.664983 -10.358857 -1.602761 19.521929 12.659275 16.791140 -14.565045 -14.383400 5.518047 7.174057 6.156143 -2.523288 7.801368 -3.393703 4.503183 -2.283577 5.079996 8.463161 15.113134 -16.159601 -9.743044 22.741173 -3.498854 0.505013 -6.242777 3.818072 -13.213946 -8.761878
-16.515896 -10.193182 -4.658724 -10.645588 -3.412373 20.406271 12.062611 16.740833 -14.758907 -12.363690 5.781204 6.159452 5.882906 -2.723654 8.114501 -3.430657 4.291633 -2.452845 5.500504 7.970276 15.267667 -16.350023 -8.420117 24.057716 -3.939291 0.538049 -6.778805 3.188530 -12.487158 -9.607562
-16.513157 -10.454365 -5.275991 -10.532337 -3.961262 20.162317 12.038346 16.852575 -14.899872 -11.886390 5.812210 6.150961 5.979326 -2.836149 8.185819 -3.336977 4.345810 -2.395738 5.526216 7.949453 15.288911 -16.265516 -8.036199 24.095787 -4.059805 0.703033 -6.736477 3.030881 -12.394294 -9.858265
-16.425243 -10.466288 -5.587180 -10.675223 -4.135231 20.075327 11.980985 16.992929 -15.237008 -11.566994 5.805353 6.012458 6.035987 -2.826742 8.296874 -3.291179 4.423162 -2.414838 5.488593 8.071650 15.169935 -16.281981 -8.030013 24.244556 -4.069591 0.764072 -6.735310 2.850719 -12.334637 -9.810983
-21.176975 -1.899824 0.934366 -11.029711 -5.118049 9.099231 11.148850 10.685056 -28.059528 -17.720156 -0.556958 9.293898 1.540683 -3.821236 10.483353 -5.513903 3.733388 -1.104143 5.828420 9.521286 14.435527 -19.003317 -10.681509 17.464592 -1.448710 6.829267 -1.612626 2.230298 -7.893781 -13.485621
-21.582453 -1.402992 -1.243588 -15.684074 -7.262396 8.895900 12.005933 14.392798 -27.234743 -5.649213 1.519030 6.373512 0.829193 -2.723387 10.295668 -6.567455 4.306520 0.624020 7.078747 7.403650 13.270579 -21.340040 -8.320691 16.986507 -0.708228 7.271349 0.058114 0.763083 -6.076676 -14.023622
-18.077244 -2.288342 -0.295382 -18.341494 -8.100043 9.787082 15.060628 18.736643 -25.546919 -0.012199 1.891213 4.462002 1.065748 -3.670516 8.528710 -7.305220 4.619799 -0.027068 8.774774 6.940710 14.302848 -20.750463 -8.618018 17.684053 -1.240801 7.085180 0.211825 1.657800 -5.670488 -14.523518
-17.680008 -2.446398 -0.213084 -18.385290 -7.736565 9.832080 15.630933 18.838282 -24.933424 0.719135 1.876524 4.253509 1.288735 -3.830393 8.325022 -7.173717 4.561028 0.072076 9.000711 6.781397 14.240857 -20.614668 -8.621640 17.665947 -1.313608 7.095674 0.194728 1.690988 -5.509940 -14.597519
-17.697950 -2.486562 -0.087570 -18.287052 -7.815279 9.785537 15.741618 18.853384 -25.008871 0.650834 1.820076 4.145868 1.343697 -3.851468 8.363256 -7.231443 4.538799 0.035131 9.053233 6.803126 14.185378 -20.674112 -8.700517 17.640404 -1.242785 7.123247 0.158578 1.564126 -5.487393 -14.622130
-17.691647 -2.490231 -0.102433 -18.262997 -8.005375 9.801270 15.580369 18.904089 -25.140516 0.492785 1.813531 4.234313 1.300255 -3.883570 8.335979 -7.222948 4.523046 0.008858 9.079852 6.872018 14.261481 -20.685829 -8.623363 17.629181 -1.272612 7.145293 0.230119 1.692538 -5.501574 -14.690299
-17.782799 -2.498633 -0.436683 -18.250036 -8.262033 9.805648 15.288392 18.935511 -25.197073 0.772145 1.893775 4.160514 1.336630 -3.826915 8.435163 -7.203737 4.438743 -0.049172 9.025537 6.892654 14.132198 -20.736010 -8.355755 17.773312 -1.082137 7.308513 0.144517 1.532491 -5.636073 -14.726675
-17.716446 -2.500446 -0.536490 -18.172235 -8.248225 9.928309 15.305513 18.843748 -25.181190 0.713356 1.893557 4.163953 1.319802 -3.856795 8.557518 -7.082426 4.445539 0.015348 9.047723 6.884980 13.963571 -20.788422 -8.270841 17.874519 -1.075344 7.324762 0.123111 1.277656 -5.608045 -14.844348
-17.601173 -2.434000 -0.563745 -18.264215 -8.206169 10.032008 15.123431 18.846859 -25.267488 0.683354 1.927829 4.184294 1.320715 -3.885572 8.555229 -7.068718 4.444353 0.057233 9.063590 6.862831 13.896232 -20.857548 -8.222002 17.859146 -1.124209 7.309309 0.176475 1.242188 -5.609288 -14.839146
-17.679855 -2.413515 -0.632724 -18.349791 -8.216850 10.097020 15.072085 18.807268 -25.264452 0.675237 1.948595 4.142381 1.344811 -3.812976 8.583728 -7.092211 4.468095 0.052985 8.986114 6.911611 13.861918 -20.849503 -8.144670 17.947559 -1.228940 7.270396 0.040569 1.250534 -5.616777 -14.878335
-17.635757 -2.448054 -0.794156 -18.334972 -8.314308 10.067105 15.080534 18.836849 -25.346838 0.763408 1.953234 4.130294 1.325708 -3.773540 8.622241 -7.115316 4.471049 0.055335 8.984749 6.952383 13.796338 -20.905424 -7.927764 17.964401 -1.192527 7.297341 0.102288 1.180649 -5.629024 -14.925364
-17.604156 -2.438445 -0.866794 -18.294142 -8.295745 10.068534 15.005209 18.815008 -25.337416 0.755365 1.959476 4.146970 1.350796 -3.771894 8.615983 -7.089261 4.438603 0.065435 8.976396 6.926742 13.868112 -20.867590 -8.074718 17.864767 -1.232195 7.221027 0.152656 1.159831 -5.612026 -14.951056
-18.661030 -1.228101 -6.005051 -17.034307 -10.454482 9.988334 12.969258 16.615694 -26.242228 3.474254 2.053627 3.516714 1.618948 -3.499712 9.761665 -6.962196 3.989879 -0.136242 8.869479 6.770374 12.935374 -21.168562 -5.428121 19.001976 -1.078123 7.081856 1.157895 0.136408 -6.116491 -15.122684
-19.372892 -0.461122 -10.533494 -15.793449 -11.659747 9.859935 11.270596 14.231818 -26.784222 5.455201 1.691360 2.697394 2.102393 -2.924785 11.194704 -6.800452 3.378079 0.238492 8.517016 6.137738 11.577687 -20.904562 -3.051181 19.427483 -0.928767 7.366640 3.459808 -1.151561 -6.140378 -14.804173
-19.734085 0.294814 -13.468249 -14.714151 -12.708682 9.606182 8.927037 13.145694 -27.088312 7.171805 1.670350 1.608045 2.420324 -2.634894 11.954631 -6.887528 2.742141 0.186883 8.149194 5.547862 10.938113 -21.233908 -1.624790 20.191090 -0.866921 7.454375 4.501608 -1.903139 -6.169455 -14.818977
-19.646076 0.741567 -14.848769 -13.696733 -12.947002 8.974068 8.087150 12.576881 -27.548971 7.989533 1.626142 1.449412 2.713777 -2.380285 12.284112 -6.843606 2.559541 0.272423 8.087107 5.412438 10.340057 -21.081392 -0.813635 20.268440 -0.710923 7.739512 5.141510 -2.526730 -6.293526 -14.723985
-19.329561 1.116174 -15.829549 -12.702503 -13.076157 8.527240 7.577930 12.372983 -27.685373 8.175383 1.474691 0.636932 2.872051 -2.311339 12.823119 -6.810304 2.119644 0.019970 7.876142 5.167044 9.994508 -21.056456 0.590701 20.325287 -0.565749 7.951732 5.526474 -3.254601 -6.328714 -14.468698
-19.524509 1.478639 -17.061319 -12.005966 -12.989874 7.848927 7.033330 11.561246 -27.413233 8.731243 1.577157 0.588313 3.082174 -2.254227 13.217472 -6.505908 1.982168 0.203579 7.820806 5.059496 9.674577 -20.857531 1.393825 20.468548 -0.372029 8.200069 5.480836 -3.540409 -6.445395 -14.278556
-19.576635 1.730934 -17.259031 -12.152152 -12.823626 7.642881 6.799911 11.368298 -27.600952 8.576943 1.696254 0.609159 2.971868 -2.277245 13.307184 -6.327953 1.989234 0.271777 7.770669 5.035784 9.671365 -20.922171 1.850276 20.425070 -0.236947 8.148909 5.736466 -3.800385 -6.534778 -13.980920
-19.502644 1.380960 -16.797039 -12.162994 -12.944267 8.052029 7.199594 11.828042 -27.768572 8.651853 1.505681 0.653323 2.838586 -2.350486 13.029730 -6.583021 2.002121 0.106362 7.826149 5.079097 9.551167 -21.042662 1.239931 20.271849 -0.369702 8.282472 5.706195 -3.643186 -6.441946 -14.290648
-19.371117 1.029359 -15.747949 -12.883250 -13.075834 8.556912 7.410870 12.422147 -27.715883 7.963398 1.443586 0.714349 2.849960 -2.218134 12.851925 -6.880271 2.118697 0.012498 7.848559 5.188740 10.020741 -21.066788 0.441274 20.220375 -0.543932 7.881954 5.440953 -3.037373 -6.436835 -14.361539
-19.287888 1.492833 -16.778296 -12.475403 -13.052090 8.151715 6.899239 11.838723 -27.753109 8.589366 1.523711 0.764180 2.768266 -2.313515 12.912384 -6.651095 2.002043 0.068636 7.848909 5.130179 9.709250 -21.093458 1.083572 20.271782 -0.392432 8.127940 5.805564 -3.491246 -6.526916 -14.344017
-19.348248 1.353270 -16.873718 -12.026958 -12.939293 7.896893 7.053770 11.795946 -27.489874 8.558125 1.500374 0.594418 2.943845 -2.295761 13.113461 -6.598718 1.988433 0.159605 7.809907 5.090552 9.732026 -20.993580 1.328955 20.213127 -0.351064 8.180098 5.712552 -3.518092 -6.416972 -14.198688
-19.550207 1.451671 -17.103424 -11.969181 -12.983225 7.830330 7.007874 11.530521 -27.484447 8.554411 1.636742 0.643151 2.961126 -2.268830 13.217613 -6.444979 1.959515 0.220855 7.803384 5.038939 9.743777 -20.877993 1.468822 20.403681 -0.337119 8.135221 5.474026 -3.550733 -6.516458 -14.135144
