-5.159258 23.968506 -18.144712 9.796178 -4.151603 0.354188 9.360368 10.913648 17.553320 4.753738 -4.343157 1.323532 -1.291328 -9.785892 5.281349 -2.059236 -5.382923 3.251458 -9.654245 -2.829494 4.182410 6.301796 7.504162 1.453144 2.311926 23.668810 -0.682769 -24.363436 -4.290603 19.994013
-5.140038 23.977062 -18.161831 9.862978 -4.128386 0.381881 9.397721 10.919003 17.521555 4.710598 -4.374440 1.325275 -1.315458 -9.770063 5.275733 -2.081866 -5.416614 3.233251 -9.691947 -2.796349 4.463631 6.331459 7.476403 1.045201 2.823549 23.879450 -0.600169 -24.650148 -4.364007 20.126972
-10.476249 9.927430 -8.018506 16.345007 2.736257 -1.237395 21.917028 19.044531 15.589372 4.750181 -5.367447 2.961972 -4.280964 -12.432132 -0.466204 -2.425836 -2.253439 -2.417151 -8.527940 4.204109 7.479351 1.914306 1.776624 -8.258498 2.750049 27.929251 -16.848433 -15.319615 -5.442153 8.469596
-10.390246 7.931999 -6.703323 16.664145 2.937596 -0.201510 22.245804 19.456156 17.268713 5.120122 -5.502540 3.694135 -3.626858 -12.824137 -0.831633 -1.644781 -2.309776 -3.086166 -9.162618 4.996157 8.196234 4.038461 1.436103 -10.091834 3.621036 28.224470 -16.786308 -12.468488 -8.268074 10.182031
-10.980505 6.940681 -5.924594 17.151644 3.520679 1.392072 20.643772 19.147505 19.640779 5.095191 -5.069795 4.109613 -3.397892 -12.396343 -1.307131 -1.657556 -2.074182 -4.057793 -9.932182 5.184184 8.514156 6.133226 1.237608 -11.334586 3.564794 29.102861 -16.250685 -9.730744 -9.943312 10.677848
-11.609027 7.533242 -5.188858 19.711546 4.922918 0.365127 18.248331 18.338171 21.492125 5.818304 -4.540954 4.639388 -3.558094 -12.048740 -2.139956 -1.386851 -1.379207 -4.850268 -10.701385 5.223595 8.151380 8.884277 0.468868 -12.541608 3.493206 30.382381 -16.449469 -6.125330 -11.705957 14.135325
-12.161550 7.724826 -4.720384 19.888912 5.382790 0.367797 17.584267 17.811808 22.038240 6.050223 -4.637981 4.818138 -3.700012 -11.899023 -2.250105 -1.260860 -0.910742 -5.098551 -11.068070 5.511423 7.910248 8.742701 -0.183024 -12.754136 3.610295 30.454466 -17.275072 -5.061026 -11.663380 15.374084
-12.063311 7.606103 -4.814949 20.103325 5.473775 0.010006 17.390621 17.815207 22.068375 6.190988 -4.662931 4.825333 -3.729294 -11.871224 -2.316865 -1.245965 -0.772978 -5.130510 -11.134096 5.602349 7.969996 8.966703 -0.178738 -12.779637 3.626017 30.529181 -17.304354 -4.830972 -11.686928 15.437663
-12.123076 7.648427 -4.775687 20.075979 5.467443 0.086323 17.309935 17.819208 22.143187 6.204455 -4.682425 4.841247 -3.736507 -11.870790 -2.316121 -1.237555 -0.766447 -5.143023 -11.139980 5.605093 7.897731 8.933979 -0.244145 -12.699718 3.664350 30.474783 -17.331484 -4.849494 -11.725656 15.568037
-12.139684 7.658281 -4.767934 20.087795 5.470626 0.119844 17.327431 17.768480 22.135315 6.169252 -4.682561 4.854995 -3.734768 -11.875103 -2.306942 -1.217967 -0.764567 -5.150434 -11.149848 5.583402 7.939583 8.921597 -0.221222 -12.766739 3.634324 30.487234 -17.309355 -4.827986 -11.709733 15.531469
-12.134979 7.640445 -4.763287 20.104511 5.489657 0.088749 17.352364 17.779882 22.120819 6.172260 -4.674292 4.853353 -3.747105 -11.875163 -2.321495 -1.220807 -0.768768 -5.146082 -11.156749 5.594474 7.929093 8.886583 -0.228793 -12.773692 3.636179 30.484741 -17.300491 -4.807971 -11.682723 15.564027
-12.125700 7.647985 -4.755674 20.085199 5.471740 0.106491 17.356966 17.781652 22.094736 6.176808 -4.680451 4.851583 -3.755310 -11.880705 -2.314354 -1.220902 -0.753466 -5.144050 -11.142043 5.580815 7.907599 8.874784 -0.241894 -12.780730 3.665830 30.492573 -17.292379 -4.795900 -11.697957 15.565495
-12.086646 7.648861 -4.758018 20.102150 5.427011 0.121580 17.395760 17.823133 22.057699 6.191399 -4.676628 4.858220 -3.745043 -11.891279 -2.319254 -1.219923 -0.779580 -5.153366 -11.138748 5.575039 7.919780 8.871264 -0.227435 -12.781160 3.602899 30.459499 -17.283051 -4.826659 -11.648148 15.550469
-12.140889 7.639638 -4.755591 20.089117 5.457025 0.142175 17.347908 17.775713 22.110064 6.172581 -4.678724 4.859002 -3.757096 -11.880535 -2.312494 -1.221621 -0.756363 -5.152013 -11.143222 5.573791 7.909559 8.879450 -0.233248 -12.759212 3.657709 30.467907 -17.281748 -4.816029 -11.697807 15.537925
-12.155129 7.647215 -4.752454 20.095381 5.499959 0.146954 17.369289 17.747450 22.113293 6.185148 -4.668817 4.860181 -3.755663 -11.880363 -2.322592 -1.215208 -0.756860 -5.143838 -11.145960 5.584455 7.931566 8.883160 -0.224369 -12.774674 3.617093 30.465990 -17.287458 -4.818946 -11.663805 15.544800
-12.141795 7.652761 -4.751731 20.094002 5.459659 0.180701 17.328228 17.746035 22.119677 6.179162 -4.688660 4.858953 -3.740942 -11.876379 -2.304628 -1.209976 -0.756738 -5.152947 -11.155269 5.599751 7.956873 8.957174 -0.210855 -12.812551 3.658912 30.507666 -17.309351 -4.801516 -11.746720 15.554138
-12.117534 7.651070 -4.757329 20.117960 5.475194 0.146221 17.325607 17.794508 22.145086 6.165833 -4.701660 4.849489 -3.733935 -11.873120 -2.294304 -1.211165 -0.767035 -5.147612 -11.154809 5.603906 7.969082 8.992627 -0.210064 -12.812875 3.719571 30.555174 -17.311058 -4.748806 -11.803915 15.585145
-12.173203 7.638346 -4.717987 20.106081 5.468606 0.224541 17.342197 17.790918 22.138771 6.200095 -4.687206 4.857475 -3.734636 -11.876515 -2.308729 -1.212083 -0.762764 -5.153040 -11.148871 5.595605 7.961140 8.973031 -0.204668 -12.844707 3.655946 30.525602 -17.295795 -4.774112 -11.768501 15.603499
-12.176202 7.633601 -4.730901 20.118166 5.516890 0.173008 17.351772 17.804386 22.158215 6.191045 -4.684815 4.859737 -3.740941 -11.875010 -2.309309 -1.209536 -0.770633 -5.150270 -11.147976 5.607682 7.938845 8.953365 -0.206004 -12.806380 3.695137 30.531679 -17.277288 -4.762442 -11.779011 15.594167
-12.153285 7.618957 -4.734960 20.153980 5.506937 0.214428 17.358019 17.802755 22.182110 6.180680 -4.688794 4.856543 -3.743565 -11.877019 -2.306470 -1.211764 -0.753240 -5.141910 -11.141124 5.610651 7.958806 8.984295 -0.205222 -12.793857 3.663450 30.547905 -17.325663 -4.767766 -11.746359 15.610073
-12.146235 7.636066 -4.741429 20.127764 5.492696 0.190312 17.351814 17.804419 22.159006 6.185300 -4.702532 4.862273 -3.738062 -11.874325 -2.292706 -1.214252 -0.771237 -5.140164 -11.141709 5.615173 7.939467 8.979304 -0.211356 -12.797208 3.686188 30.543449 -17.308004 -4.765735 -11.773567 15.608694
-12.169947 7.645852 -4.732775 20.119675 5.493961 0.220976 17.365505 17.773121 22.144873 6.189507 -4.702059 4.869584 -3.728567 -11.870219 -2.296631 -1.217244 -0.764119 -5.149431 -11.146186 5.607314 7.928742 9.002626 -0.243837 -12.802573 3.676407 30.549501 -17.264091 -4.774223 -11.770683 15.576069
-13.170802 -4.913780 -5.099451 12.433622 -1.125534 9.115043 13.807010 20.466286 24.503885 -2.308700 -1.895972 6.323207 0.035473 -8.822278 -0.092888 -0.689483 -1.567816 -8.785454 -10.875799 8.635474 17.961584 7.569016 0.465515 -9.958713 7.706235 23.110249 -13.584619 5.450789 -23.008326 13.912843
-12.800736 -8.087123 -6.725752 12.611489 -0.868989 10.915624 13.065544 20.399437 24.261938 -3.501813 -1.030722 6.320809 0.078704 -8.300482 -1.044551 -1.071285 -2.636261 -8.462326 -10.807033 9.506404 19.441744 6.096585 0.850954 -6.731806 8.222111 21.214819 -13.863013 7.115136 -24.493624 12.573067
-12.546546 -11.086759 -7.688050 11.394226 -1.203675 12.587721 13.637422 21.177061 25.306404 -5.481623 1.967050 5.205685 0.623127 -8.473404 -2.865623 -0.815439 -3.517708 -6.998236 -9.324680 9.838196 18.361076 5.298838 1.320601 -3.668074 5.500450 18.955938 -12.254941 8.949529 -25.214674 9.487212
-12.360665 -12.984623 -8.521070 10.000406 -0.154483 14.369471 12.586409 21.160297 23.757849 -6.533741 3.378384 4.779814 1.216796 -7.703181 -2.877509 -1.241136 -4.556082 -6.934766 -8.825328 10.372174 17.343430 4.086486 1.398741 -0.779063 4.605076 17.001253 -12.050218 9.158761 -26.195204 6.842256
-12.065957 -14.711449 -9.238305 8.406555 1.263152 15.617740 12.645736 20.615770 22.872889 -7.090823 4.580394 4.643033 1.440898 -7.072797 -2.918496 -1.616404 -4.913290 -7.005772 -8.068398 10.357775 17.141756 3.297849 1.684945 1.125605 3.722954 14.866985 -11.764857 9.861705 -26.849800 3.890819
-12.282933 -16.296484 -9.916720 6.450062 2.978638 14.477164 12.976979 19.723591 22.177786 -8.015671 4.767489 4.640989 1.793764 -6.374820 -3.072431 -2.065750 -5.251004 -6.932562 -7.938037 10.835018 17.018312 1.750324 1.583699 2.550499 4.925894 14.380523 -11.095197 9.927160 -27.267254 2.136353
-12.528708 -16.944736 -11.019245 5.188220 4.003415 14.685969 14.542176 18.435472 21.372028 -8.043844 5.448759 4.544166 1.992320 -5.623665 -2.883773 -2.575277 -5.172909 -7.063722 -7.186036 10.827378 16.128429 0.926275 1.450029 4.037799 4.616125 13.267068 -11.580186 9.741683 -27.751907 -0.363736
-12.794924 -18.218826 -12.027635 4.647238 5.288230 14.800822 15.975360 17.103216 20.605940 -8.665533 5.992774 4.514075 1.763201 -5.034803 -2.518901 -2.719193 -5.102648 -6.733640 -6.702324 10.672469 15.523190 -0.884292 0.505421 4.247213 4.759183 11.977336 -10.592360 9.848384 -28.188471 -1.493055
-12.523217 -19.331509 -12.638010 2.179663 5.128310 16.338827 16.054821 17.194468 16.956600 -8.736122 7.127775 3.686949 1.503246 -4.889391 -1.605610 -2.453362 -4.513464 -6.467241 -5.331008 10.613899 15.530703 -2.767853 0.817941 6.238814 3.158541 9.046469 -11.951550 9.039837 -28.148157 -4.225910
-13.017341 -20.996738 -13.875858 0.645345 5.135411 16.888702 16.796923 17.270510 13.419233 -8.551462 7.607327 2.634329 1.191114 -4.842997 -0.610626 -2.899121 -4.086036 -6.596790 -3.590302 10.907951 14.378515 -5.140598 0.881030 9.249269 2.074679 7.170760 -13.431001 8.777742 -27.553137 -6.790733
-12.189361 -21.253120 -15.939250 -1.562588 4.680551 16.164909 16.911743 17.392790 7.816876 -7.769479 7.857349 1.030458 1.446791 -4.668821 0.571482 -3.850401 -3.746856 -7.295988 -1.220134 11.118279 13.420319 -8.129883 2.704310 11.969230 1.257525 5.825668 -14.328290 6.282964 -25.025499 -11.197182
-12.161357 -20.240067 -17.993286 -3.030017 4.891349 14.352122 17.781630 16.450300 4.634265 -6.162414 7.701871 0.275221 1.465949 -4.600288 1.695510 -4.437128 -3.838419 -7.002636 0.479321 10.962822 13.301977 -9.540770 4.187395 13.301240 0.523401 5.892865 -13.471924 4.922137 -23.732939 -15.506637
-10.095893 -19.435946 -21.981171 -4.351664 2.047669 11.910168 15.373352 17.555811 0.298800 -3.256213 7.468776 -1.712544 2.850482 -4.556124 3.768806 -5.124545 -4.362994 -7.125092 2.727554 9.808093 12.916896 -9.691879 7.330133 15.536115 -0.410483 7.201663 -11.344185 3.099728 -21.189486 -18.815489
-8.537551 -16.762093 -25.846792 -5.463291 -0.240760 9.540348 13.671441 17.170759 -3.063827 -0.388792 7.009623 -3.790034 4.137564 -4.439330 6.314664 -5.238049 -5.469143 -6.557535 4.232183 8.679432 11.901273 -10.215008 11.274024 17.424738 -0.486624 8.806820 -8.630821 0.879460 -19.476309 -20.756443
-7.800358 -15.120827 -27.792704 -6.249980 -0.332180 8.365314 12.629796 16.517853 -4.482747 0.639985 6.922677 -4.330453 4.181540 -4.470587 7.729724 -5.015996 -5.939860 -5.709008 5.008938 8.062130 11.005939 -11.296829 12.501887 17.318314 -0.330060 8.883758 -5.605551 -0.168720 -18.980871 -20.855247
-6.345977 -13.820360 -29.129244 -6.675544 -1.322418 7.407894 10.000189 16.766727 -5.541979 1.341780 7.083323 -5.110823 4.651066 -4.554055 8.815573 -4.802375 -6.204081 -5.285494 5.529256 7.302886 11.148203 -10.973830 13.804074 18.464760 -0.627415 9.103393 -4.259889 -0.668661 -18.115499 -20.692640
-5.384121 -12.252176 -29.697752 -7.466476 -2.193549 6.382832 7.579744 17.129278 -6.396137 1.717084 7.020823 -6.215462 5.289100 -4.507374 9.154284 -4.870008 -6.275394 -5.445813 5.657889 6.280488 11.563346 -10.722606 15.100032 19.786873 -0.471531 9.494892 -2.839821 -1.117289 -17.145134 -20.375948
-5.402117 -12.877405 -29.618948 -7.339599 -1.992142 6.768400 8.538665 17.115458 -6.287658 1.596913 6.931832 -5.857579 5.002552 -4.581743 9.146204 -4.896976 -6.277978 -5.336423 5.613294 6.583806 11.537224 -10.906888 14.621398 19.184616 -0.480034 9.275731 -3.582515 -1.007983 -17.711126 -20.382648
-5.393632 -12.318171 -29.661362 -7.410496 -2.259056 6.384147 7.657156 17.113390 -6.284409 1.682241 7.038407 -6.201188 5.282047 -4.527510 9.151201 -4.853072 -6.277026 -5.454704 5.656221 6.267821 11.608651 -10.687388 15.105439 19.797445 -0.497961 9.489235 -2.849996 -1.082855 -17.141397 -20.333368
-4.922390 -11.781392 -30.143545 -7.034549 -2.452099 6.422120 6.849073 16.807989 -6.369668 1.849737 6.924259 -6.549828 5.624882 -4.365399 9.467231 -4.789881 -6.191590 -5.264639 5.619541 5.863339 12.167068 -10.625505 15.324396 20.352972 -0.260436 9.557000 -2.165207 -1.172124 -16.811728 -19.860367
-7.025283 -12.286720 -29.403479 -7.582863 -0.453167 5.909677 10.748543 14.955088 -5.688210 2.384515 7.098321 -4.763910 4.096233 -4.322322 9.221199 -4.641713 -6.377648 -4.581394 5.848939 6.737032 9.070678 -11.964562 13.449563 17.927891 -0.314137 9.063630 -2.571408 -1.031590 -17.920853 -20.514116
-9.051951 -14.456668 -27.185286 -7.229645 2.650805 6.759997 15.049405 13.444741 -3.876624 1.531093 7.081966 -2.652591 1.974154 -3.999034 7.707352 -5.023379 -6.550186 -4.227472 5.630065 8.308771 8.315748 -13.182362 10.356313 15.628879 0.227970 7.970427 -4.208413 -0.077929 -19.755016 -21.191620
-11.783196 -16.221935 -24.110868 -7.141726 6.047230 7.868168 19.893257 12.247506 -1.396262 0.102031 7.082048 -0.298831 -0.203935 -3.455859 5.638738 -5.535448 -5.985160 -4.315208 4.912699 9.591845 7.783795 -15.017266 6.065035 12.875508 0.830756 5.896128 -3.847764 2.761482 -21.851999 -20.666378
-13.282856 -16.220221 -22.078642 -7.164732 8.598187 8.800012 22.818804 10.517758 0.001731 -0.768606 7.161698 1.438922 -1.792827 -3.360458 4.901776 -5.339550 -5.875267 -3.931373 4.353096 10.346108 7.331971 -16.303305 3.565176 11.047948 2.065461 5.291642 -3.466831 4.454585 -22.892927 -19.068514
-15.341994 -15.488845 -20.462900 -7.538601 10.575430 9.150373 24.528282 8.807726 0.804874 -0.868333 6.908246 2.565062 -2.859335 -3.199718 4.281383 -5.181335 -5.628806 -3.400002 3.660301 11.000557 6.697824 -17.932333 2.702467 9.067800 2.865822 4.773094 -2.579037 5.243261 -23.984276 -17.895699
-17.829500 -14.255130 -18.130140 -8.519769 12.774308 9.624275 26.337914 7.193962 2.309047 -0.365493 6.811481 3.104580 -3.717332 -2.816206 3.785932 -4.965398 -5.451528 -1.950894 2.420314 11.578531 6.027162 -19.810324 0.985248 7.347595 4.325645 4.227133 -2.020873 5.661333 -24.332376 -14.475209
-20.373890 -13.287794 -15.568307 -8.943291 13.723749 10.448999 28.446411 6.110705 3.107291 -0.093565 6.507228 3.800475 -4.233729 -2.447918 3.649733 -4.624231 -4.918406 -0.297902 1.642312 11.576041 6.168915 -21.171824 0.334027 6.029167 5.116593 4.216398 -1.789238 5.698103 -23.450062 -12.491180
-20.803020 -11.405713 -15.516561 -11.023466 13.085847 10.470216 27.498400 6.790085 1.528870 0.740577 6.809978 3.814002 -3.709275 -2.479181 4.387491 -4.178305 -4.203805 0.341117 1.949330 11.694254 5.893887 -21.875452 -1.157661 7.504834 4.157788 3.627257 -1.525394 3.671291 -21.692442 -13.055844
-21.691193 -10.725270 -13.464793 -11.674528 12.233984 11.038452 27.022709 7.991839 0.995355 1.254736 6.839586 3.930645 -3.136675 -2.544014 4.655007 -3.435946 -3.897576 1.313396 1.385271 12.301654 5.816754 -21.913725 -2.212258 7.857800 4.699002 4.248654 -2.598269 3.092766 -21.261633 -11.031192
-21.803757 -9.372084 -12.912575 -13.052706 10.788855 11.399177 25.683529 9.371425 0.741341 2.165956 7.028995 3.220407 -2.536430 -2.903806 5.247788 -2.828645 -3.442979 1.409191 1.426720 12.475819 5.539704 -21.596092 -2.441746 9.971602 4.341090 4.886777 -3.356044 1.877743 -19.836370 -10.858113
-21.936100 -8.296519 -11.890111 -12.828070 9.592657 12.832688 25.840509 9.866080 -0.402313 1.927235 6.803599 3.065768 -1.741854 -2.853657 5.452124 -2.297530 -2.789165 2.038233 0.618099 12.753944 6.116240 -22.252653 -2.874118 10.796437 4.508184 4.703854 -3.725020 1.268719 -19.359079 -8.185887
-21.598188 -7.290502 -10.757411 -13.009367 7.836270 13.405571 24.231537 11.271637 -0.785395 1.620654 6.558614 2.676854 -1.343869 -3.085019 5.433321 -2.260187 -2.157713 2.242221 0.418544 12.470682 7.747149 -22.097683 -3.463431 11.525923 4.034218 3.852227 -3.640795 1.050559 -18.262392 -6.578671
-20.177454 -6.098564 -6.970954 -11.401733 7.460824 14.642744 24.409836 12.616319 -0.204635 0.104854 5.286523 2.085557 -0.444925 -3.095263 5.321399 -2.657425 -1.450016 2.282768 -0.782753 12.495430 11.529328 -21.748669 -3.806015 11.208248 5.040197 3.854870 -3.687263 1.685236 -16.875769 -3.251310
-19.955561 -7.242463 -6.609957 -10.193075 5.480638 16.287260 24.315689 14.770169 0.044101 -0.975955 5.211169 1.106842 0.676924 -3.431778 5.656449 -2.535623 -1.024940 1.858107 -0.853840 12.762699 14.395886 -21.042400 -3.712161 13.462986 4.911240 3.081258 -4.638274 1.684106 -16.068983 -3.166656
-18.963739 -7.675316 -6.180780 -9.318684 3.003072 17.295744 22.831999 16.661423 -1.114878 -1.647730 5.209148 0.514405 1.623002 -3.716666 5.673246 -2.441243 -0.582542 1.169692 -0.583354 12.781932 16.887367 -20.725521 -3.275653 15.395488 4.315752 2.538537 -5.981017 0.738030 -14.283343 -3.589086
-18.365303 -9.471744 -8.637223 -9.094896 -0.283884 17.318758 21.736176 18.711712 -2.009475 -1.841380 5.692871 -0.229462 2.525946 -4.068876 5.801601 -2.404838 0.208930 0.420685 0.030392 12.248331 18.111570 -19.179430 -3.055260 18.604996 2.709706 1.657089 -8.573581 -0.929054 -13.093269 -5.586021
-18.579138 -9.884283 -7.107431 -8.092661 0.441130 17.740774 22.651936 18.749796 -1.172057 -3.017535 5.373378 -0.314989 2.643795 -4.053412 5.391462 -2.439909 0.174891 0.469275 -0.734235 12.785343 19.322891 -19.604280 -3.842685 18.768322 3.750860 2.229246 -9.432517 0.220060 -13.346786 -3.553212
-18.896656 -9.975828 -7.338002 -7.901892 0.385972 17.717304 22.610836 18.577599 -1.202653 -2.961840 5.493007 -0.402403 2.610039 -4.051293 5.441146 -2.566960 0.256365 0.489368 -0.546929 12.661877 19.232315 -19.657764 -3.601548 18.956173 3.485113 2.061146 -9.249998 0.140236 -13.563862 -4.215525
-18.736317 -10.006407 -7.518943 -8.180834 0.324909 17.881311 22.537512 18.795481 -1.118360 -2.932337 5.553947 -0.410649 2.601465 -4.113462 5.442441 -2.544421 0.292560 0.509051 -0.436981 12.631174 19.086248 -19.664629 -3.607110 19.140678 3.129643 1.988955 -9.316094 -0.018820 -13.575823 -4.352608
-18.672478 -10.026642 -7.985710 -8.300709 0.084443 17.408152 22.301727 18.839388 -1.522539 -2.840173 5.548939 -0.529571 2.631530 -4.181702 5.537731 -2.605828 0.201254 0.443228 -0.235544 12.543139 18.997124 -19.569544 -3.578651 19.193178 3.044851 2.098493 -9.258715 -0.011812 -13.305904 -4.584458
-27.765364 -2.060059 1.650350 -9.841551 0.056989 8.400811 29.337717 12.190976 -3.719050 -0.074281 0.358209 2.405986 -4.681835 -4.565427 5.978748 -3.886547 0.593093 3.677699 -1.063029 11.516521 17.489941 -23.847429 -0.182585 5.547249 8.936064 11.102060 -4.904055 2.584996 -9.145179 -1.370913
-27.007832 -1.943278 1.627581 -11.029007 -0.288528 9.183676 28.989653 13.843925 -3.504197 0.940912 0.703205 -1.227549 -2.732614 -4.988576 5.516395 -5.455662 1.565386 3.409949 0.952142 11.730970 19.590670 -25.754583 1.296176 10.677098 5.555771 9.315208 -1.349318 2.515032 -2.021314 -4.368025
-25.788563 -2.663061 -1.807709 -12.545252 -2.280229 9.339401 27.816416 15.355794 -6.292173 2.077802 1.392861 -2.592746 -1.511242 -5.556962 6.532173 -5.376310 1.197941 2.549723 2.559934 12.403984 19.939756 -25.999029 1.558206 14.445405 3.710314 7.940825 1.109955 2.117374 -0.630902 -7.264651
-24.635124 -2.661994 -4.067858 -13.965933 -3.358617 8.979622 26.772114 16.017071 -7.884947 2.991899 1.330488 -2.165067 -0.987751 -5.267138 7.491496 -5.362329 1.203539 2.324580 2.968345 11.913296 19.761547 -26.451668 1.567755 14.312976 4.152808 8.105370 1.220937 0.267633 -0.655302 -8.687744
-24.489788 -2.416268 -4.292233 -14.125562 -3.572591 8.900853 26.469326 16.006056 -7.862676 3.274181 1.312776 -1.954335 -1.104129 -5.155532 7.679487 -5.213811 1.272554 2.390708 3.023003 11.751501 19.597277 -26.461275 1.475723 14.470269 4.254072 8.050393 1.181175 -0.061233 -0.792735 -8.623871
-24.419847 -2.401156 -4.479229 -14.154563 -3.617282 8.850490 26.441019 15.922933 -7.830520 3.373690 1.308049 -1.950594 -1.061623 -5.115750 7.759638 -5.372970 1.302418 2.302790 3.218034 11.698792 19.502344 -26.422688 1.518108 14.413075 4.227503 8.078306 1.102443 -0.086899 -0.932404 -8.774477
-24.396191 -2.098069 -4.799347 -14.206581 -3.830483 8.740925 26.199913 15.833445 -8.028594 3.620659 1.323119 -1.854601 -1.015885 -5.092227 7.781144 -5.341384 1.328938 2.276193 3.206789 11.694392 19.494373 -26.465733 1.593379 14.454724 4.254770 8.101233 1.185526 -0.145246 -0.880548 -8.790236
-24.522007 -2.086960 -4.901990 -14.222878 -3.953079 8.786448 26.263807 15.896720 -8.141547 3.643803 1.299910 -1.725995 -1.011455 -5.143595 7.797775 -5.266625 1.334175 2.226810 3.220271 11.622485 19.483749 -26.417574 1.428164 14.479959 4.352623 8.114322 1.196666 -0.281234 -0.941321 -8.692498
-24.345497 -2.159252 -4.951111 -14.205982 -3.913996 8.732966 26.368542 15.925879 -8.117232 3.761595 1.328800 -1.739474 -1.151229 -5.160079 7.798186 -5.276196 1.351979 2.184162 3.317711 11.569206 19.499039 -26.397358 1.500034 14.592754 4.457349 8.134543 1.103265 -0.213024 -1.055902 -8.788337
-24.192432 -2.049761 -5.121022 -14.420803 -3.984630 8.704501 26.296860 15.942672 -8.107984 3.872482 1.367094 -1.726093 -0.962011 -5.216739 7.920115 -5.175074 1.339434 2.220558 3.405955 11.591637 19.487291 -26.442398 1.540294 14.603525 4.426562 8.201548 1.287210 -0.149503 -1.020712 -8.792642
-24.134346 -2.090653 -5.227451 -14.444349 -4.129493 8.713083 26.033943 16.116690 -8.349936 4.096972 1.353252 -1.713874 -0.952272 -5.201771 8.018790 -5.039433 1.289317 2.189433 3.368721 11.552471 19.519043 -26.481785 1.466053 14.550891 4.490520 8.300693 1.173268 -0.190010 -1.000408 -8.844221
-23.931419 -2.168391 -5.428980 -14.614196 -4.283437 8.762001 25.615213 16.162905 -8.506525 4.092090 1.339800 -1.748822 -0.921011 -5.160152 8.092622 -5.021043 1.276989 2.128251 3.367931 11.542101 19.548197 -26.394001 1.506496 14.485150 4.529516 8.407135 1.324815 -0.227269 -1.022152 -8.968261
-23.987099 -2.056387 -5.490105 -14.618342 -4.122530 8.709006 25.822954 16.121439 -8.421724 4.241097 1.348894 -1.704615 -0.922125 -5.154509 8.117541 -4.959969 1.238479 2.156127 3.326498 11.559920 19.542360 -26.535337 1.611602 14.533855 4.519551 8.421127 1.393505 -0.248062 -0.906389 -8.859091
-23.896790 -2.207740 -5.638498 -14.468235 -4.040752 8.629278 25.840557 16.129137 -8.418235 4.165243 1.361725 -1.712382 -0.831346 -5.095890 8.218573 -4.937984 1.283931 2.146160 3.282674 11.480055 19.560923 -26.505224 1.624125 14.425200 4.571711 8.459585 1.448024 -0.244529 -0.896439 -8.800193
-23.899170 -2.199759 -5.528269 -14.611413 -3.950125 8.763971 25.631172 16.164314 -8.510683 4.102552 1.315502 -1.682804 -0.828076 -5.074219 8.252346 -4.971460 1.292538 2.121592 3.252637 11.518554 19.476967 -26.455261 1.585374 14.400146 4.599279 8.435814 1.484362 -0.275328 -0.914755 -8.929450
-23.770481 -2.315368 -5.704351 -14.545467 -3.991624 8.755189 25.605377 16.203394 -8.476002 4.072754 1.350991 -1.625145 -0.838478 -5.032290 8.285013 -4.908512 1.275181 2.051167 3.256934 11.396212 19.470549 -26.467287 1.553749 14.443596 4.607625 8.463612 1.521588 -0.217675 -1.055286 -9.060168
-23.853306 -2.269677 -5.790978 -14.592121 -3.922930 8.662051 25.592438 16.111782 -8.331206 4.232512 1.329819 -1.661118 -0.829777 -5.070199 8.265306 -4.989268 1.231183 1.966817 3.296652 11.419310 19.431353 -26.482420 1.673376 14.540889 4.681917 8.460117 1.568370 -0.350195 -0.975570 -9.022012
-23.892445 -2.185370 -5.801539 -14.533063 -3.969752 8.662366 25.573383 16.089809 -8.446031 4.266037 1.264643 -1.687508 -0.773094 -5.076060 8.282518 -5.058500 1.234554 1.922328 3.326845 11.450058 19.415976 -26.517092 1.675821 14.515188 4.796919 8.570925 1.681357 -0.394943 -0.897984 -9.027432
-23.016785 -1.943562 -7.463439 -14.780505 -4.633697 8.136606 24.710312 16.115820 -8.977694 4.888629 1.420303 -1.344847 -0.892119 -4.759156 8.818272 -4.926452 1.108193 1.716564 3.563058 10.768497 18.875437 -26.163313 1.828980 14.198715 4.780599 8.582588 2.093789 -0.944885 -1.380246 -9.338710
-21.290075 -1.337948 -11.216646 -14.944937 -4.929680 7.302114 22.680302 16.333025 -9.829232 6.922556 1.194318 -1.753009 -0.096939 -4.138854 9.944640 -5.181345 0.966039 1.459366 3.604475 9.981640 18.056023 -26.306211 2.551565 14.437486 6.020094 9.085245 4.299528 -2.460596 -1.936203 -9.443061
-20.389809 -0.651175 -13.791694 -14.913170 -5.767983 6.435750 20.357716 16.239677 -10.351935 8.180540 1.306356 -2.426697 0.773530 -3.795775 11.099168 -5.141956 0.580562 1.817633 3.719094 9.630920 17.726849 -26.242722 3.431358 14.410203 6.767995 8.959612 6.560246 -3.473058 -2.312984 -9.409698
-18.635986 -0.092653 -16.219835 -14.910379 -6.445975 6.194655 18.225470 16.348543 -10.829556 9.308560 1.266815 -2.673468 1.595483 -3.466207 11.880536 -5.119013 0.223291 1.800167 3.988948 8.955841 17.237360 -26.285177 4.230787 13.992002 8.064555 9.923134 7.941241 -4.463845 -2.748701 -9.368527
-18.039974 0.270008 -16.653692 -14.947094 -6.262032 6.381760 17.467770 16.467867 -10.879853 9.394329 1.376201 -2.950452 1.680312 -3.277901 12.264852 -5.031797 0.140783 1.821175 3.875843 8.851370 16.838154 -26.297596 4.411847 13.974593 8.204962 10.022201 7.874417 -4.812381 -2.857823 -9.216325
