9.053711 28.197397 -7.855576 4.218628 11.888205 2.849813 3.311442 15.552737 7.738699 -3.555424 3.080826 8.280409 5.214330 -8.997294 0.724275 -3.521650 -0.389910 5.302507 1.842303 -10.432580 4.317809 6.304815 7.497189 1.428021 2.550609 23.744505 -0.572492 -24.506990 -4.278243 20.061983
9.123855 28.211803 -7.833195 4.256155 11.962097 2.849026 3.362107 15.569632 7.723959 -3.683117 3.104213 8.344995 5.219999 -8.975721 0.679584 -3.529880 -0.400998 5.302080 1.848817 -10.421387 4.629005 6.315019 7.478871 1.010185 3.012871 23.951445 -0.497498 -24.795752 -4.323761 20.198471
9.101800 27.859272 -11.197682 0.462846 6.563959 7.946576 3.379329 10.922935 5.159434 -2.505886 4.349328 9.525253 3.835117 -5.699104 1.238896 -5.328110 -3.450372 4.564685 1.899237 -10.777310 3.435355 2.337538 7.373302 0.308197 5.984057 20.761114 5.866533 -22.434336 -10.255858 18.236063
8.607781 29.735046 -11.110717 -4.344926 10.266200 3.579082 3.790313 9.773307 3.997915 -3.279280 4.754459 10.610080 2.060427 -5.189792 0.963468 -5.329730 -4.117332 5.103908 1.704881 -11.467276 -0.410881 1.373222 7.093184 -2.172866 6.420530 19.822594 8.096087 -23.374281 -12.311780 19.372131
8.130998 31.218185 -11.650456 -6.596875 10.479675 1.583696 2.919506 8.724240 3.761033 -2.175482 4.248640 9.566847 0.692264 -5.022504 0.273478 -6.684038 -3.854278 4.979133 1.747453 -12.740791 -2.094598 0.943059 7.358755 -4.639871 6.209785 19.568777 10.298697 -22.831026 -12.719861 19.970474
8.288336 31.371004 -12.608907 -7.956538 10.819145 0.357558 3.961832 7.390337 2.491720 -1.500343 4.079735 9.088743 0.299642 -4.602146 0.361083 -7.247059 -4.311546 5.371333 1.688721 -13.074488 -3.212070 1.948232 8.117731 -6.638761 5.790773 20.097893 11.038225 -23.070587 -12.891126 17.312630
7.643881 30.101627 -13.897349 -8.505352 12.051672 0.248874 4.885393 6.667324 2.272593 -2.216864 4.074347 9.362127 0.523256 -4.293134 0.845377 -6.862748 -4.927547 6.223270 1.688330 -12.826910 -4.860671 3.799525 8.499063 -8.674689 5.731621 21.229927 11.050179 -22.445169 -14.001632 15.864670
7.046847 29.793438 -14.107764 -8.886443 12.574562 0.678362 5.918313 6.148416 2.013054 -2.687486 4.241472 9.473377 0.936660 -3.950498 1.195744 -6.406953 -4.911944 6.497125 1.367513 -12.990454 -5.479351 4.373208 8.475106 -9.364825 5.622945 21.395050 10.839259 -22.741819 -14.365440 14.782622
6.508410 30.353430 -14.071484 -9.473721 12.183432 0.578470 6.116803 5.636173 1.248393 -2.153735 4.171771 9.183362 0.978681 -3.590452 1.409581 -6.485351 -4.579198 6.525236 1.160847 -13.653903 -5.882358 4.713377 8.521385 -10.069161 5.311990 21.155140 10.774304 -22.777365 -14.762574 13.768472
6.180296 30.343643 -14.337382 -9.811842 11.737814 0.823306 6.086489 5.128201 0.696559 -1.617305 4.113583 8.785983 0.917930 -3.445880 1.403829 -6.640738 -4.402725 6.681007 1.019372 -14.033719 -6.486132 4.530066 8.566419 -10.046963 5.393684 21.339029 10.947514 -23.452873 -14.472527 13.021142
5.952103 30.634886 -14.066384 -10.669601 11.512535 0.279145 5.702996 5.133680 0.049349 -1.114743 4.042603 8.646038 0.550547 -3.331120 1.419261 -6.861903 -4.190008 6.930583 0.973237 -14.376624 -6.601739 4.063508 8.763910 -9.956831 5.288997 21.333588 10.997098 -24.628180 -13.444902 11.568873
5.582069 30.461626 -13.820131 -11.215503 11.579729 0.284384 5.826088 5.316527 -0.358555 -1.178997 3.998784 8.445399 0.576530 -3.282189 1.558540 -6.821467 -4.251484 7.232295 0.904608 -14.323185 -6.595481 3.789725 8.915364 -9.611357 5.494126 21.597933 11.056064 -24.928946 -13.213995 10.673793
5.675315 30.898901 -13.584287 -11.381159 12.615232 -0.686502 6.631259 5.280626 -0.807103 -1.230601 3.906676 8.436365 0.728201 -3.326425 1.782405 -6.699204 -4.445773 7.532506 1.059448 -14.183410 -7.453939 3.829651 8.839919 -9.192147 5.966842 22.220850 10.920142 -25.304512 -13.430216 10.311297
5.656192 31.919186 -13.741487 -11.642029 12.107466 -0.573063 7.498163 4.210514 -1.795721 -0.477475 3.817348 7.976670 1.197873 -3.078609 2.241262 -6.634480 -4.230063 7.705366 1.018746 -14.408628 -7.625535 5.170859 8.626976 -9.022169 6.219924 22.184809 9.961564 -25.416409 -14.384539 9.769539
4.827348 32.098434 -15.522958 -10.646152 10.608629 -0.448882 6.938347 2.929587 -2.510778 1.705115 3.817631 7.714570 1.430981 -2.743393 2.880230 -6.534742 -3.774343 7.999294 0.897247 -14.919148 -8.493303 7.492747 8.193324 -9.236529 6.420581 22.409842 8.879966 -24.855734 -15.865416 9.687224
5.110225 32.104141 -15.919317 -10.877268 10.672449 -1.003947 6.561846 2.847208 -2.488744 1.977163 3.812754 7.939755 1.211818 -2.666777 2.847459 -6.396102 -3.730959 8.210470 0.800359 -14.918213 -9.076129 8.367639 8.054694 -9.414272 6.454292 22.650496 8.456124 -24.812704 -16.139185 9.539401
5.173611 32.049438 -15.853879 -10.936302 10.611738 -0.969358 6.495975 2.756177 -2.374540 1.919100 3.760659 7.778622 1.230815 -2.633040 2.946054 -6.474809 -3.603016 8.217301 0.821384 -15.029086 -9.128727 8.405082 8.032517 -9.569694 6.510352 22.636459 8.383060 -24.694944 -16.303324 9.488027
5.163566 32.044388 -15.843649 -10.776100 10.806061 -1.101787 6.688106 2.683122 -2.346566 1.867299 3.749225 7.627769 1.304625 -2.649363 2.942652 -6.555797 -3.555151 8.141937 0.793366 -15.068426 -9.073981 8.178012 8.071008 -9.761979 6.521605 22.364651 8.412509 -24.668364 -16.468565 9.421238
4.838578 32.112190 -16.120173 -10.549968 10.241789 -0.375045 6.812325 2.368216 -2.667244 2.165854 3.788364 7.607608 1.362562 -2.610343 2.894069 -6.512001 -3.591242 8.104888 0.707473 -15.005754 -9.026946 7.940075 8.151601 -9.778354 6.390365 22.208355 8.264788 -24.945448 -16.493374 9.044423
4.672990 32.105705 -15.654645 -10.820572 10.419409 -0.088163 6.982239 2.637840 -2.652876 1.732037 3.826261 7.273913 1.064614 -2.901800 3.095186 -6.277474 -3.744310 7.980783 0.679918 -14.842519 -8.869085 7.382131 8.241260 -9.553283 6.348656 22.246824 8.533120 -25.159494 -16.110989 9.142234
4.527018 32.083084 -15.419886 -10.812239 10.531339 -0.140517 7.066251 2.981887 -2.774210 1.603233 3.825012 7.328410 1.016376 -2.928843 3.036163 -6.346266 -3.781747 7.911672 0.750287 -14.740185 -8.582406 6.939020 8.303382 -9.495313 6.348302 22.011135 8.699872 -25.193861 -16.032877 9.130335
4.505564 32.032146 -15.454741 -10.710148 10.454466 -0.025287 7.046472 2.992909 -2.826457 1.648407 3.827305 7.290216 1.056743 -2.938973 3.012992 -6.348354 -3.805858 7.903969 0.725333 -14.703165 -8.506572 6.847896 8.267615 -9.376522 6.471076 22.134171 8.733143 -25.113468 -16.060598 9.088960
4.718299 32.659088 -14.335365 -14.414568 6.113193 2.007504 6.752956 2.111047 -5.213641 2.238769 3.481991 5.000326 2.571104 -2.598862 3.329735 -7.307925 -3.661718 7.613526 0.578054 -14.462560 -6.361126 8.311363 8.782834 -9.205868 3.751006 20.266895 4.431027 -28.912167 -14.159976 6.178524
3.817633 32.198792 -13.491199 -15.050472 2.255333 5.957618 7.366203 3.054981 -5.996306 1.467486 3.508873 3.968823 3.108126 -3.472015 2.473392 -7.473820 -3.470179 7.573502 -0.113078 -13.539833 -4.099339 5.680680 10.055999 -9.283535 2.088042 19.114634 4.614922 -30.971785 -11.538029 4.129945
3.783946 31.461823 -13.534542 -14.982871 1.969740 6.544991 6.859518 3.688691 -5.663142 0.960927 3.752376 3.555917 3.698865 -3.511747 2.429562 -7.332371 -3.261874 7.164792 -0.625543 -13.479696 -3.129442 4.991820 10.583674 -9.196273 1.945911 18.949541 4.434001 -31.009733 -11.530963 3.583347
3.730085 31.405418 -13.475497 -15.131379 1.635336 7.083264 6.636339 3.628590 -5.517854 0.857544 3.735898 3.507897 3.829584 -3.461205 2.418324 -7.305533 -3.229398 7.177072 -0.684158 -13.406260 -2.810212 4.684280 10.666836 -9.151775 1.778344 18.644657 4.496826 -31.175087 -11.401636 3.486475
3.660759 31.373821 -13.440158 -15.226645 1.663922 7.030866 6.513869 3.671171 -5.473051 0.816445 3.694513 3.372088 3.835863 -3.459412 2.414157 -7.432240 -3.219841 7.150339 -0.664567 -13.462966 -2.739236 4.727997 10.706227 -9.093781 1.874003 18.814951 4.477407 -31.067289 -11.433293 3.455547
3.642171 31.382557 -13.402575 -15.309902 1.646750 6.968317 6.467518 3.665222 -5.450361 0.811593 3.700391 3.347354 3.814142 -3.473626 2.430571 -7.454118 -3.208421 7.125226 -0.652714 -13.470388 -2.799145 4.717117 10.692396 -8.988246 1.970804 18.861912 4.452981 -31.166395 -11.339336 3.349800
3.659023 31.453526 -13.304098 -15.348886 1.700216 6.986261 6.435596 3.694170 -5.497836 0.802593 3.701574 3.343156 3.809194 -3.475015 2.413877 -7.478423 -3.204813 7.087245 -0.649183 -13.491636 -2.818304 4.632783 10.752074 -8.996224 1.977013 18.890741 4.484112 -31.160446 -11.327949 3.350395
3.605255 31.440483 -13.364499 -15.235477 1.715019 7.029579 6.451066 3.679671 -5.494918 0.856011 3.732825 3.373250 3.854356 -3.460864 2.432905 -7.403948 -3.208891 7.110239 -0.692646 -13.460434 -2.774490 4.655748 10.745569 -8.982573 1.934369 18.894382 4.416386 -31.196251 -11.278898 3.345575
3.587738 31.394760 -13.425137 -15.212545 1.716823 7.058280 6.426964 3.634542 -5.491448 0.885276 3.717865 3.368612 3.840000 -3.450405 2.429642 -7.434862 -3.199878 7.111060 -0.672866 -13.472933 -2.749585 4.711867 10.748553 -9.001183 1.952040 18.905436 4.412907 -31.133574 -11.329495 3.339191
3.636761 31.392326 -13.374394 -15.318331 1.766230 6.971246 6.424872 3.669359 -5.459604 0.808067 3.703382 3.345066 3.817441 -3.469658 2.428477 -7.459245 -3.197611 7.141474 -0.661702 -13.473514 -2.744777 4.663434 10.732734 -8.925987 1.989483 18.887197 4.419202 -31.171282 -11.297060 3.298868
3.376217 31.052132 -13.863926 -14.001278 1.429834 7.539936 5.950313 3.611074 -4.797412 1.046641 3.685141 3.739180 3.615411 -3.496634 2.265634 -7.444838 -3.487690 6.873367 -0.481152 -13.456383 -2.289770 4.183650 10.618744 -9.304200 2.242984 18.441187 5.478603 -29.816744 -11.588782 3.976824
3.508004 30.965122 -14.811896 -11.013628 0.981672 8.638235 5.116789 3.116791 -3.608701 1.795682 4.044975 4.516032 3.288388 -3.267488 2.028434 -7.539137 -3.813358 5.860935 -0.343927 -13.545312 -1.495150 3.767214 10.486312 -9.456056 3.163960 19.001547 7.782169 -26.372831 -12.756360 6.436848
3.606203 31.221426 -15.006656 -10.806345 1.144167 8.270941 4.340632 3.284701 -2.798348 1.814572 4.120542 4.932737 2.947191 -3.247757 2.001125 -7.457669 -3.947603 5.692846 -0.185688 -13.554895 -1.360964 3.236600 10.413461 -9.690081 3.263452 18.928421 8.453643 -25.687969 -13.090878 6.976991
3.938154 31.285751 -15.006017 -9.545851 1.055362 9.224478 3.993974 3.235992 -1.938954 1.810791 4.083163 5.093738 2.651164 -3.376852 1.795009 -7.668362 -4.167495 5.398326 0.199961 -13.561649 -1.929869 3.001293 9.939721 -9.213635 3.832044 19.116823 8.925953 -24.823154 -13.799112 8.721282
3.914850 31.210009 -15.370675 -9.310396 1.206287 9.079738 3.803906 3.178843 -1.810372 1.917741 4.045849 5.356976 2.445333 -3.469433 1.798119 -7.683666 -4.278888 5.448747 0.456613 -13.660830 -2.234338 3.002438 9.772325 -9.324965 3.696739 19.063301 8.964719 -25.070234 -13.647691 8.871700
3.900940 31.012161 -15.158172 -9.336628 1.263081 9.556920 3.318236 3.516409 -1.342465 1.526390 3.950007 5.356029 2.273936 -3.655787 1.530144 -7.830359 -4.408285 5.370006 0.610036 -13.494685 -2.351030 2.843478 9.790076 -9.075650 3.734101 18.982660 8.686355 -25.196569 -13.653296 9.357841
3.759176 30.911386 -15.345187 -9.210817 0.671969 9.943086 2.865614 3.292478 -1.444812 1.902008 3.864289 5.275860 1.981417 -3.754296 1.458554 -8.010255 -4.403430 5.441760 0.748560 -13.630938 -2.601066 2.929687 9.508741 -8.979881 3.530094 18.842604 8.408774 -25.663404 -13.427683 9.594349
5.978860 27.039940 -17.682474 -7.724720 -4.437096 14.623870 -1.438472 3.335130 0.415520 1.897661 3.544762 4.492188 0.745004 -4.228099 -0.331513 -9.535083 -4.954878 4.476614 0.536661 -13.448181 -1.063653 3.106103 8.997619 -10.701787 2.551983 16.563036 9.698659 -23.346838 -14.271610 12.954785
6.817655 24.027081 -18.757135 -6.085595 -6.075012 14.736659 -3.713828 5.005162 1.840517 1.734558 3.606149 5.472798 0.654376 -4.530447 -1.221964 -9.641095 -4.653375 4.009844 0.356463 -13.257299 0.200854 3.308659 8.238301 -11.005536 1.824782 16.282265 11.289462 -22.082720 -13.180566 17.100769
8.148378 22.422522 -20.058050 -3.786864 -6.508441 15.521016 -3.825588 6.228406 2.709296 1.193583 3.948541 6.167048 0.913425 -4.715610 -1.770930 -9.042670 -4.538437 3.346665 -0.059073 -12.861519 1.464130 2.544508 7.805872 -10.012522 2.201079 15.632586 12.082553 -20.513287 -13.675298 20.070900
7.646734 20.721386 -20.550154 -2.956897 -7.785472 17.652397 -4.353573 6.729254 2.150718 1.029395 4.342374 6.521813 1.677933 -3.960172 -1.788835 -9.280250 -4.089101 1.982350 -0.107424 -13.664024 1.795117 0.973067 7.210279 -8.518228 3.380452 15.327474 12.794236 -19.833038 -14.468895 21.315834
4.897343 18.360382 -23.272043 0.549884 -11.624866 19.658930 -5.070058 7.410469 0.807781 3.717599 5.100374 6.300787 2.905461 -3.273184 -0.406266 -8.126747 -3.062142 0.432376 -0.692189 -14.469042 1.405896 1.337401 6.511889 -6.348826 6.422831 16.701807 13.286164 -17.782690 -16.825283 19.749001
0.552112 18.828363 -26.459002 5.186259 -14.543278 20.474339 -5.413517 6.739048 -0.931348 8.688969 5.142095 5.521462 4.558717 -3.171284 0.426829 -7.975907 -2.217267 -0.562768 -0.640875 -15.180651 2.141463 0.736919 6.936342 -5.172800 8.028687 19.209696 13.706574 -15.774250 -16.909220 17.456722
-2.757513 18.873680 -28.201283 8.444420 -15.187982 21.098867 -5.103999 6.095525 -2.506181 12.110667 5.127110 5.556018 6.095683 -3.022508 0.819538 -8.156585 -1.562056 -1.647962 -0.102142 -15.576247 2.223814 0.020128 8.321761 -3.988664 9.496620 21.409815 13.958588 -14.469746 -17.324512 17.267582
-3.778907 18.743954 -28.294550 8.345977 -15.111400 20.756012 -5.720093 6.332272 -2.673054 12.592121 5.048232 5.663627 6.102063 -3.313601 0.710285 -8.212842 -1.396984 -1.893867 0.139922 -15.654487 2.448284 0.046734 8.278101 -3.861328 9.694272 21.851391 14.287371 -13.948199 -17.329746 17.489250
-3.841798 18.542379 -28.330225 8.667505 -14.919927 20.852533 -5.730784 6.430155 -2.724937 12.577526 5.051901 5.621839 6.095592 -3.342746 0.698570 -8.271148 -1.388915 -1.957577 0.154659 -15.601845 2.407294 0.007055 8.217725 -3.841658 9.720353 21.923029 14.431520 -13.830920 -17.414993 17.427841
-3.899118 18.485941 -28.125723 8.522227 -14.964031 20.897966 -5.770252 6.537045 -2.800795 12.533663 5.040649 5.678212 6.081830 -3.370191 0.711687 -8.252128 -1.352886 -1.968804 0.206728 -15.643208 2.386678 -0.005851 8.249514 -3.806042 9.767966 21.987514 14.347340 -13.860402 -17.340094 17.395071
-3.894603 18.447651 -28.296110 8.767314 -14.667645 20.805929 -5.765783 6.454011 -2.660337 12.505800 5.021824 5.621937 6.105213 -3.358144 0.750291 -8.225552 -1.373048 -1.890438 0.217354 -15.571496 2.403347 0.066396 8.295927 -3.851945 9.722126 21.958403 14.304982 -13.909614 -17.376055 17.346951
