9.084968 28.141624 -7.919078 4.242659 11.894964 2.830478 3.264113 15.578918 7.694901 -3.567743 2.284467 3.309663 4.496520 -9.059990 -3.831950 -5.649385 -3.935682 8.726965 -2.757377 -7.138790 4.369464 6.301703 7.496280 1.413861 2.593180 23.705730 -0.545989 -24.555607 -4.278632 19.958857
9.169949 28.132389 -7.864401 4.271760 11.966396 2.863006 3.315895 15.629137 7.689534 -3.706788 2.315881 3.334766 4.486059 -9.034456 -3.910370 -5.689181 -3.972956 8.740818 -2.769052 -7.120320 4.667643 6.328774 7.470748 1.005277 3.095143 23.943001 -0.447635 -24.819241 -4.327469 20.154329
6.295475 14.892208 -0.524488 11.018630 17.578810 -6.806885 12.567935 23.734474 5.112549 -2.932704 0.720237 4.002101 1.496785 -12.936277 -10.184982 -7.732815 -2.283528 2.983045 1.142318 0.314444 9.439031 2.519726 5.322999 -10.814334 2.410361 30.852716 -8.603070 -10.879069 -2.577921 9.422170
7.536105 12.735205 0.181584 11.748098 17.441154 -8.045979 12.312000 25.951805 5.549634 -1.961076 0.141245 3.421083 1.826210 -13.545599 -10.272357 -7.668557 -1.406473 3.200273 1.547909 2.156586 12.089291 1.024779 5.264062 -11.380393 2.795748 31.167765 -7.437634 -8.198070 -0.459642 10.042829
8.133538 12.614904 1.635408 12.482941 16.772793 -9.261615 11.439224 26.958454 5.777942 -0.531365 0.114429 3.037207 2.353597 -13.633774 -10.308273 -7.389621 -0.795383 3.401155 1.537023 2.899980 13.732581 0.165431 5.712165 -11.075274 2.538214 31.244553 -7.712807 -6.526456 0.932843 9.756568
8.804239 11.897495 2.303702 13.147380 16.446323 -10.180050 11.123723 27.220535 6.252822 -0.059306 0.023201 2.661422 2.915208 -13.744398 -10.426425 -6.953630 -0.098583 3.167355 1.340887 3.586021 15.619762 -0.181247 5.977389 -11.780756 3.370676 31.462534 -7.211827 -5.003276 1.504875 9.313529
9.570146 11.579765 2.748260 13.155247 16.108681 -10.763352 10.186279 27.777895 6.679208 1.276254 -0.048690 2.314980 2.972624 -13.713943 -10.660924 -6.718968 0.476333 3.090527 1.115075 3.889671 15.874040 -0.304474 5.638281 -13.119864 3.861807 31.641254 -6.956935 -3.262133 1.297129 10.139264
9.539323 11.499043 3.180640 13.289802 15.763519 -11.211958 9.237032 27.782448 6.867127 1.508140 -0.099618 2.165352 3.291958 -13.792381 -10.810017 -6.553974 0.618557 2.990368 1.059440 4.148709 16.932020 0.070866 5.215939 -13.619901 4.223660 31.638937 -6.850212 -2.439390 1.612288 10.690860
9.494725 11.206326 3.784829 13.444948 15.453106 -11.594329 8.654630 28.028648 7.310981 1.837903 -0.062533 1.956127 3.569660 -13.814411 -10.959986 -6.390626 0.783156 2.902596 0.938974 4.411445 17.373768 0.112185 4.852644 -14.026660 4.465307 31.848890 -6.213120 -0.960964 1.460833 11.747281
9.387319 10.945198 4.452591 13.582093 14.827263 -11.617120 8.166132 28.124008 7.729521 2.128471 -0.071527 1.789294 3.979503 -13.868480 -11.043604 -6.184921 0.960739 2.795326 0.844667 4.705450 17.771133 -0.000151 4.788163 -13.861397 4.252588 31.621660 -5.831370 0.340756 1.484860 13.414029
9.526069 10.371483 4.835517 13.781061 14.128347 -11.316136 7.275456 28.593807 8.392342 1.930190 0.014646 1.642516 4.403670 -13.764530 -11.036308 -5.864525 1.385108 2.643823 0.578544 4.971341 18.109873 0.371325 4.408854 -13.475942 4.019629 30.955639 -5.847543 1.592145 1.290581 15.417738
9.221829 9.532360 5.439788 14.411837 13.228369 -11.357846 6.243752 29.098015 8.590825 1.362874 0.141316 1.407699 4.832905 -13.702305 -10.928965 -5.408206 1.897516 2.696842 0.143952 5.027896 18.417156 0.898092 4.056786 -13.053134 3.397592 30.866423 -6.024003 2.834451 1.670978 16.925083
9.531417 8.815221 5.721573 14.601988 12.213761 -10.701491 5.656579 29.363108 9.340444 1.010067 0.289038 1.067852 5.189936 -13.655836 -11.000710 -5.245691 2.395534 2.580433 -0.158244 5.008978 18.866041 0.979909 3.804251 -12.926225 3.549426 30.169060 -5.772681 3.650153 1.594244 18.171539
9.744190 8.209666 6.353208 14.788408 10.936014 -10.293593 4.977717 29.965609 9.807963 0.801159 0.491970 0.741922 5.367239 -13.546670 -11.162448 -5.279312 2.863016 2.352024 -0.401475 4.884039 19.667772 0.842775 3.381719 -12.487437 3.462784 29.364275 -5.967653 4.244395 1.865949 19.084131
9.782613 7.369298 7.152749 14.237713 9.802224 -9.475859 4.391997 30.721247 10.400522 0.957002 0.686775 0.158101 6.221435 -13.172796 -11.203751 -5.285378 3.506496 1.934385 -1.032171 4.920211 21.518192 0.271791 2.766963 -12.057988 3.789742 28.499949 -7.131021 4.734841 2.124058 19.789684
9.759082 6.199666 8.225720 14.056447 8.945078 -7.871084 3.596654 31.836084 11.162950 0.767457 0.755504 0.187660 6.758152 -13.039878 -11.277239 -4.904512 3.996211 1.814452 -1.578511 5.144475 22.876686 0.258657 1.900516 -11.491760 3.904071 28.063440 -8.688441 5.345703 1.993755 20.368174
9.593955 5.868685 8.571336 14.209310 8.802277 -7.974431 3.392438 31.956083 11.265832 0.365039 0.907741 0.017047 7.070796 -12.977198 -11.319151 -4.863580 4.242565 1.745809 -1.798320 5.215729 23.726171 0.750075 1.682555 -10.928559 3.883255 27.818787 -9.331536 5.761813 2.073933 20.683985
9.412618 5.745924 8.886158 14.273008 8.452551 -7.831105 3.100522 32.160366 11.310422 0.116768 0.973175 -0.042672 7.124409 -12.919168 -11.320344 -4.780914 4.404842 1.729042 -1.972594 5.149052 24.387115 0.807885 1.557494 -10.657000 3.918380 27.680529 -9.473627 5.903448 2.371595 20.603434
9.371736 5.687023 9.004308 14.314242 8.154407 -7.729636 3.011005 32.286736 11.360297 -0.080724 0.980289 -0.186254 7.306423 -12.943987 -11.291208 -4.690431 4.474429 1.727777 -2.055948 5.125568 24.845692 0.875777 1.547933 -10.453441 3.924259 27.552259 -9.543321 6.096586 2.594198 20.642950
9.434943 5.583654 9.258512 14.367289 7.721339 -7.621251 2.937336 32.544670 11.410890 -0.119917 0.936973 -0.360224 7.501076 -12.943034 -11.236803 -4.703497 4.564991 1.663244 -2.123297 5.125254 24.767996 0.982137 1.486764 -10.268023 3.830999 27.527031 -9.732870 6.127159 2.521235 20.598503
9.530271 5.585740 9.333098 14.352982 7.444738 -7.445913 3.093977 32.646072 11.451213 -0.091963 0.889542 -0.480337 7.691569 -12.925552 -11.235372 -4.718813 4.617959 1.575716 -2.214514 5.068077 24.664291 1.229988 1.534533 -10.398532 3.919255 27.594851 -9.824700 6.086890 2.341912 20.352432
9.611279 5.145399 9.546889 14.391375 6.990011 -6.808661 3.252445 33.057068 11.554898 -0.182913 1.122788 -0.854448 7.526872 -13.049051 -11.077625 -4.275876 4.611533 1.451580 -2.435271 5.071570 24.837648 1.181467 1.544615 -10.166579 3.731189 27.497515 -10.098369 6.322928 2.542308 20.647070
11.805172 5.599714 8.757693 13.689487 4.532393 -8.815717 2.335425 34.189148 9.402229 -0.809278 0.193542 -1.382047 8.174292 -13.065364 -9.949842 -4.371085 4.333079 1.445238 -2.648055 5.140373 24.533613 0.816657 3.240218 -7.776037 2.128729 27.325945 -7.797946 6.458934 4.324284 18.637527
13.238401 5.330354 8.387304 13.566678 1.549467 -9.896196 2.176796 35.675926 7.150514 -2.645533 -0.088515 -1.835318 9.186523 -12.962433 -9.190813 -4.344555 4.175562 1.728262 -2.806277 5.132369 25.845827 2.600613 4.527164 -3.724042 -0.129170 26.214108 -7.793786 4.202378 7.931818 16.152899
14.563783 5.755039 6.977118 12.825305 0.008833 -10.776042 1.966641 36.562134 4.796040 -3.710672 -0.906282 -2.380679 9.643273 -13.204465 -8.400686 -4.889961 3.521058 1.728863 -2.327806 5.171036 26.171682 3.005220 6.604200 -1.767835 -1.937493 26.586359 -6.137738 3.519850 10.661671 15.212089
16.192562 7.854371 5.082819 11.983868 -2.224183 -11.633426 1.968683 36.812187 2.185967 -4.526640 -2.408545 -2.905847 10.196724 -13.603282 -7.110213 -4.843895 2.834113 2.504097 -1.845990 4.802568 26.823296 3.014728 8.394252 -0.172390 -2.288474 26.534651 -3.242579 1.029990 13.567265 14.619538
17.079651 8.638590 3.723094 10.942093 -3.436307 -11.331876 2.202831 36.559921 1.091918 -5.202708 -2.660898 -2.975727 10.427205 -13.826931 -6.463023 -4.891425 2.328975 3.102905 -1.588086 4.756258 27.113665 3.182619 9.142333 1.186826 -2.654675 26.100546 -2.205474 -0.612783 14.433614 14.029870
17.155386 9.039743 3.553771 10.779902 -3.888094 -10.998555 2.156569 36.345177 0.869250 -5.538769 -2.719213 -2.895283 10.573062 -13.914059 -6.345312 -4.833125 2.161654 3.243169 -1.507603 4.827437 26.869223 3.498338 9.367887 1.492174 -2.994759 26.222860 -2.062478 -0.992694 14.519154 14.081635
17.152685 9.091660 3.600517 10.792581 -4.012312 -10.989263 2.085191 36.382767 0.872580 -5.610319 -2.751888 -2.953541 10.592090 -13.888733 -6.283318 -4.863940 2.152544 3.285738 -1.535587 4.732038 26.961164 3.411659 9.345577 1.434168 -2.853074 26.179724 -1.976039 -1.045767 14.544324 14.098384
17.158022 9.267248 3.479091 10.604867 -3.943702 -10.965611 2.324493 36.329681 1.103135 -5.381747 -2.812885 -2.993841 10.403621 -13.878087 -6.224163 -5.133934 2.111209 3.322242 -1.407939 4.622436 27.243162 3.030712 9.433299 1.379630 -2.551299 26.111446 -1.636817 -1.293933 14.606588 13.984601
17.150265 9.245550 3.467050 10.604254 -3.952769 -11.010482 2.326882 36.326836 1.049792 -5.448092 -2.795500 -2.934697 10.401170 -13.852568 -6.213831 -5.062964 2.157628 3.329030 -1.501871 4.635497 27.298035 2.954053 9.465427 1.473877 -2.633386 26.124790 -1.692508 -1.273877 14.718561 13.681148
17.142256 9.254848 3.459412 10.566692 -3.968204 -11.015112 2.357121 36.321903 1.056326 -5.431733 -2.819303 -2.935944 10.414740 -13.857648 -6.198622 -5.079430 2.155759 3.322738 -1.499709 4.648255 27.349247 2.922453 9.476193 1.469441 -2.594477 26.132252 -1.666489 -1.318000 14.743214 13.618085
17.149586 9.208106 3.464245 10.631247 -3.975299 -10.987964 2.354247 36.339264 1.093693 -5.444862 -2.821739 -2.939781 10.394933 -13.865883 -6.206472 -5.092873 2.152637 3.323052 -1.481360 4.649206 27.316599 2.936560 9.482553 1.465266 -2.653136 26.110855 -1.659279 -1.270949 14.716679 13.669048
17.111240 9.197728 3.457847 10.635748 -3.911208 -10.989333 2.336315 36.315861 1.101902 -5.437291 -2.833767 -2.940512 10.394975 -13.871565 -6.198641 -5.092536 2.146214 3.341286 -1.459510 4.658075 27.257391 2.895121 9.485244 1.406993 -2.632902 26.135431 -1.603537 -1.285456 14.709657 13.673474
17.145161 9.197995 3.447890 10.669771 -3.923386 -10.986756 2.391846 36.305614 1.093518 -5.458182 -2.806594 -2.943732 10.410861 -13.865704 -6.200907 -5.085910 2.159918 3.334153 -1.486372 4.660784 27.248327 2.875569 9.466647 1.524002 -2.702756 26.084938 -1.688389 -1.243012 14.741388 13.606605
17.152786 9.204656 3.449826 10.635290 -3.901030 -11.009906 2.343214 36.315559 1.092566 -5.437149 -2.912795 -2.677009 10.651677 -13.728073 -6.453935 -5.431719 2.226524 3.382586 -1.348191 4.584825 27.199331 2.918762 9.349832 1.493998 -2.684938 26.117331 -1.604600 -1.215837 14.730764 13.600354
17.158407 9.213032 3.462699 10.612144 -3.944296 -11.008876 2.330834 36.336418 1.092948 -5.437165 -2.920341 -2.679174 10.641737 -13.722492 -6.453278 -5.437901 2.226654 3.375080 -1.352483 4.576944 27.269026 2.941459 9.349441 1.458479 -2.614227 26.137682 -1.591089 -1.256803 14.719588 13.651573
17.118008 9.215109 3.454345 10.610895 -3.920100 -11.036115 2.309552 36.310413 1.084961 -5.424921 -2.951372 -2.648560 10.648984 -13.739372 -6.451068 -5.412571 2.201214 3.366278 -1.348122 4.582578 27.286461 2.912193 9.350121 1.385730 -2.598954 26.184008 -1.529993 -1.279650 14.728765 13.708935
17.116625 9.264362 3.433775 10.570318 -3.936677 -11.061580 2.321421 36.293625 1.058878 -5.429222 -2.931020 -2.670761 10.658256 -13.736848 -6.455293 -5.419000 2.232476 3.387748 -1.352124 4.561685 27.261061 2.850189 9.341677 1.253861 -2.481786 26.194881 -1.436137 -1.296507 14.652964 13.766527
17.114506 9.261099 3.427312 10.566360 -3.927368 -11.065917 2.330169 36.288490 1.072971 -5.438716 -2.931949 -2.673092 10.665677 -13.736895 -6.456335 -5.418246 2.233384 3.385850 -1.351879 4.572001 27.253805 2.835480 9.334916 1.267350 -2.461393 26.195189 -1.433094 -1.293415 14.659943 13.767272
17.149937 9.262075 3.425766 10.569993 -4.013461 -11.042094 2.347660 36.309132 1.067985 -5.450153 -2.926621 -2.669793 10.662151 -13.731264 -6.463453 -5.420448 2.233993 3.366543 -1.366514 4.560142 27.327936 2.901929 9.315428 1.299754 -2.513960 26.181005 -1.495365 -1.275926 14.679436 13.755276
13.501122 11.542942 3.469048 10.087629 1.939408 -11.603856 4.344716 32.040901 1.622709 -4.166502 -2.583902 -1.454373 7.708467 -13.711212 -7.162277 -6.328341 1.502033 4.047814 -0.169206 4.229248 22.669729 -2.489542 8.397023 -0.750132 -1.358366 25.632549 1.760379 -0.903972 11.894878 15.657180
12.127051 13.674462 3.851385 9.885471 4.831605 -11.466732 3.807622 30.690426 2.266884 -2.544223 -2.545123 -0.680016 5.796550 -13.778368 -7.746441 -7.239599 1.109572 4.046338 0.453524 3.849255 18.505472 -5.803470 7.490233 -0.947522 -2.443744 24.664419 2.853452 -0.071206 10.791048 17.961411
11.596260 15.265667 3.401758 10.155763 6.893518 -12.103000 4.534443 29.873789 2.251515 -1.970762 -2.501673 -0.868033 4.524467 -13.991940 -7.477900 -7.520815 0.381410 3.894167 0.798449 3.602992 15.911634 -6.510365 7.243536 -1.258471 -3.375405 25.243029 1.923034 0.521368 9.075954 17.949455
11.294967 16.332203 2.108435 10.817908 9.314035 -12.981572 5.325675 28.498896 1.830267 -2.411336 -3.072562 -0.514937 3.578728 -14.006521 -7.659466 -8.597611 -0.329033 3.391865 1.287348 2.828683 12.698771 -6.828382 7.553936 -0.633904 -5.403074 25.143400 2.290608 0.106446 9.006707 17.625666
9.883133 16.716036 0.974337 10.165697 11.705708 -14.207289 4.805862 26.602219 1.524751 -2.919113 -3.900284 -0.434964 3.111628 -13.830482 -7.970665 -10.087750 -0.893350 2.792742 1.785947 1.410802 9.708664 -6.973109 7.939158 -1.121060 -5.692740 25.197979 2.221822 -1.179738 8.253776 16.782064
8.631051 17.169617 1.011504 10.778476 13.441885 -13.005035 6.090775 25.190523 1.179496 -3.546535 -4.327788 -0.628948 1.793732 -13.756563 -8.112435 -10.913290 -1.177823 2.373897 1.955638 0.291889 6.071223 -7.505006 8.319160 -1.428052 -6.560445 25.087486 3.448798 -1.696627 7.497645 17.118256
6.991593 17.610128 1.391420 10.641981 14.256415 -11.259122 7.456462 24.242903 1.538106 -3.993370 -4.095109 -0.813162 0.632892 -13.757332 -8.583535 -11.527054 -1.108625 2.429618 2.248385 -0.608749 2.913222 -7.730603 7.813332 -0.942917 -8.162027 24.663475 2.972882 -1.926606 7.293520 16.859375
5.863180 18.329571 2.720379 9.658889 14.631021 -9.359872 8.802363 23.645514 1.526108 -3.369192 -3.266899 -0.618563 0.016373 -13.496683 -9.206531 -11.425672 -0.883324 2.483062 1.999138 -1.528017 0.838913 -6.788508 7.581658 -0.045566 -9.671801 24.262186 1.349185 -3.227109 7.901618 15.741078
5.302748 18.965225 3.938965 8.312730 15.222778 -7.361481 10.051507 23.700979 1.793374 -1.965936 -2.416919 -0.844733 0.291438 -13.164660 -9.424555 -11.206347 -0.195148 3.045235 1.729245 -1.812962 -1.614379 -6.450938 6.878846 0.950862 -11.018652 23.778913 -0.266298 -4.121140 8.015339 13.934245
4.710014 19.912649 5.175054 6.622359 16.680574 -5.760472 11.042985 23.656525 2.697912 0.806675 -1.183199 -1.136928 -0.197614 -13.086926 -9.643389 -10.827692 0.238124 4.099201 2.114902 -2.274785 -4.032967 -6.976764 6.618707 3.391853 -13.124240 22.532990 -0.904281 -3.352407 7.258084 14.290128
4.486691 20.311169 5.236265 6.593580 17.197384 -5.622549 11.369893 23.401449 3.107079 1.535013 -0.656968 -1.215153 -0.201751 -13.072849 -9.425014 -10.519967 0.176348 4.886205 2.283247 -2.509021 -5.150246 -6.668999 6.513752 4.747595 -14.274115 21.775776 -1.790832 -2.761350 6.498803 14.306645
4.500219 20.441216 5.226536 6.559313 17.307596 -5.512675 11.465339 23.141560 3.135185 1.603516 -0.630989 -1.156004 -0.197167 -13.093283 -9.540474 -10.501905 0.284370 4.850379 2.290893 -2.413203 -5.101886 -6.730027 6.426688 4.757113 -14.265984 21.723257 -1.815301 -2.856582 6.485458 14.256040
4.516781 20.428265 5.241106 6.535265 17.395418 -5.548277 11.460912 23.198423 3.161677 1.617762 -0.427853 -1.413897 -0.472307 -13.197360 -9.331518 -10.144411 0.232917 4.887043 2.159371 -2.399457 -5.250555 -6.730882 6.448093 4.785325 -14.331770 21.771749 -1.829970 -2.797077 6.297662 14.328123
4.536245 20.454382 5.249920 6.525981 17.377584 -5.520086 11.429772 23.190737 3.186258 1.641017 -0.503575 -1.162386 -0.251248 -13.091559 -9.585731 -10.464103 0.300301 4.942369 2.310841 -2.441268 -5.258633 -6.779743 6.513263 4.794887 -14.319400 21.770493 -1.858688 -2.796184 6.303766 14.311194
4.500112 20.419930 5.225498 6.491139 17.242632 -5.532559 11.513923 23.219896 3.217035 1.619940 -0.522743 -1.106583 -0.268280 -13.085867 -9.627205 -10.489774 0.327934 4.952119 2.329364 -2.412495 -5.201308 -6.774534 6.505267 4.633595 -14.218098 21.863592 -1.781416 -2.761052 6.220773 14.290526
4.544232 20.438448 5.251815 6.477693 17.293062 -5.497047 11.445906 23.242653 3.099675 1.610634 -0.509246 -1.143485 -0.310265 -13.118168 -9.609551 -10.453389 0.332392 4.950856 2.316061 -2.416221 -5.213684 -6.748781 6.471671 4.662213 -14.224052 21.865450 -1.807848 -2.755005 6.187740 14.236665
4.553833 20.435204 5.251968 6.467458 17.316149 -5.500662 11.446448 23.269648 3.071793 1.620513 -0.433047 -1.402430 -0.544352 -13.232721 -9.361821 -10.132185 0.272377 4.904467 2.165890 -2.380013 -5.209501 -6.716855 6.424757 4.659704 -14.226339 21.873716 -1.781663 -2.729707 6.192403 14.259624
4.554727 20.423573 5.238546 6.487550 17.305153 -5.492623 11.450982 23.267529 3.090452 1.619408 -0.490754 -1.188366 -0.347594 -13.138267 -9.590526 -10.412452 0.307480 4.934070 2.305202 -2.439795 -5.218706 -6.753959 6.540586 4.652251 -14.216186 21.880640 -1.810668 -2.748392 6.207943 14.268970
4.461082 20.406303 5.260797 6.453801 17.255653 -5.512822 11.536912 23.244959 3.181134 1.649888 -0.469830 -1.169973 -0.296360 -13.097445 -9.683071 -10.521644 0.330878 4.954429 2.378844 -2.514382 -5.241457 -6.870037 6.489485 4.686490 -14.199949 21.788698 -1.667462 -2.805103 6.234525 14.454237
