-14.076085 24.727165 -20.289261 21.326647 -10.268405 -4.681827 1.973675 0.637815 6.011490 -8.416470 2.627499 2.629758 3.669444 -9.422718 -3.292266 -4.787452 -4.229535 8.697444 -3.210809 -6.765540 9.015182 6.089877 10.241590 -13.951976 -12.447283 10.578732 0.605330 -27.131601 -2.168010 20.556992
-14.125491 24.763451 -20.299728 21.403364 -10.299772 -4.791600 1.872153 0.550884 5.865214 -8.628654 2.653614 2.585200 3.674750 -9.448724 -3.396771 -4.799476 -4.297321 8.758400 -3.299347 -6.648108 9.597834 6.181825 10.336167 -14.783618 -12.400575 10.291832 0.662325 -27.512571 -2.199986 20.653666
-15.808039 23.758999 -18.105555 21.189730 -8.421884 -2.866004 3.111075 0.609836 7.687986 -7.379840 2.886849 3.041582 3.361584 -9.322222 -4.100554 -4.823513 -3.607918 8.333169 -3.453561 -6.034503 7.656689 5.937752 9.281949 -14.543147 -13.694614 9.659488 -1.704917 -25.293940 -3.580882 21.262794
-16.092413 22.609705 -16.760023 22.378468 -7.309434 -2.548532 4.563141 1.255928 8.513373 -6.561649 3.153126 3.213753 3.182906 -9.596961 -4.419829 -4.229714 -3.115566 8.693806 -3.417225 -5.514268 7.381400 5.533338 8.705206 -15.005668 -14.279706 9.912728 -2.754010 -23.352619 -3.921836 21.916220
-17.083851 21.143410 -14.663918 22.701120 -5.739443 -1.573122 6.246633 2.371328 9.882421 -5.121250 3.464313 3.451656 2.744092 -9.783268 -4.801225 -3.834959 -2.558604 8.716501 -3.448097 -4.932971 6.392212 4.915836 7.748000 -15.776355 -15.072409 9.923368 -4.484256 -21.220209 -4.624414 22.396067
-17.544960 19.884335 -13.117623 23.648308 -4.721197 -1.481314 7.319531 3.260853 10.434336 -4.632823 3.685016 3.496059 2.388682 -9.998417 -5.247997 -3.588550 -1.910897 8.798308 -3.430014 -4.529774 6.437223 4.918000 7.292762 -16.395695 -15.364553 10.123178 -5.475731 -19.807291 -4.804017 22.215595
-17.830942 19.113111 -12.407238 24.730417 -4.047069 -1.813501 8.021195 3.606046 10.461015 -4.607207 3.927751 3.591840 2.197622 -10.098937 -5.493013 -3.181381 -1.355975 9.035331 -3.533074 -4.323098 6.426593 4.636969 6.806056 -17.479574 -15.004753 10.382401 -6.194607 -19.322769 -5.514663 22.369101
-18.166992 18.401543 -11.474051 25.472925 -3.607268 -1.930935 8.476522 3.966905 10.385745 -4.804957 4.076807 3.329702 2.067405 -10.177945 -5.699889 -3.073673 -0.973649 9.326463 -3.345948 -4.318385 6.490341 4.488293 6.617989 -18.377329 -14.622761 10.758907 -6.607574 -18.885363 -5.760960 22.254726
-18.553772 18.056885 -10.976394 26.094954 -3.096979 -2.247160 8.931489 3.941977 10.393065 -4.673222 3.881266 3.172683 1.897051 -10.300730 -5.743150 -3.158235 -0.697040 9.485588 -3.275269 -4.434482 6.302404 3.988796 6.204889 -18.949863 -14.419967 10.800423 -7.101202 -18.931772 -5.799967 22.372021
-18.961390 18.065008 -10.543824 26.646292 -2.950130 -3.023546 8.658255 3.747994 9.915667 -5.073572 4.056976 3.216089 1.622670 -10.432196 -6.046433 -3.145260 -0.610767 9.523700 -3.142272 -4.370581 6.516673 3.421332 5.833611 -20.008850 -13.757643 10.970823 -7.361531 -18.565332 -6.140930 22.860941
-19.664898 18.335159 -9.756574 26.899542 -2.729829 -3.621493 8.519835 3.363376 9.389208 -5.269501 4.142691 3.234149 1.227673 -10.521470 -6.268076 -3.169036 -0.585245 9.545950 -2.992851 -4.406142 6.573931 2.977413 5.231304 -21.376133 -12.812511 11.209514 -8.031270 -18.910288 -6.534152 22.705763
-20.619175 19.169264 -9.104028 27.052376 -2.732654 -4.198366 8.282995 2.560699 8.282914 -5.887162 4.202303 3.236083 0.498639 -10.782425 -6.541051 -3.146887 -0.535557 9.305660 -2.847812 -4.217515 6.228966 2.605771 4.832204 -22.321720 -12.308828 11.428620 -8.543187 -19.234880 -6.812385 22.641991
-21.367550 20.001173 -8.735599 26.897921 -2.814018 -5.081340 7.741194 1.903174 7.023992 -6.485337 4.344996 3.337072 0.220719 -10.892826 -6.850477 -3.209898 -0.596401 9.061825 -2.688334 -4.114439 5.994460 2.477678 4.415247 -22.667370 -12.121178 11.400940 -9.365965 -19.550032 -7.006823 22.038347
-22.093353 21.120806 -8.226026 26.316660 -2.856089 -5.120708 7.496751 1.115812 6.159770 -6.701575 4.295108 3.416457 -0.552142 -11.096107 -7.143822 -3.431287 -0.709850 8.650248 -2.484498 -3.978235 5.822211 2.023182 4.029468 -22.710417 -11.927180 11.247005 -9.936906 -20.447121 -6.763867 21.412754
-22.716644 22.423668 -7.904974 25.523373 -3.250724 -5.370712 7.137167 0.202099 4.955272 -7.111308 4.548808 3.498621 -0.827530 -11.092010 -7.452162 -3.623839 -0.944241 8.416542 -2.224162 -3.813855 5.840663 1.512191 3.655764 -22.337309 -11.621668 10.763192 -10.714543 -21.690033 -6.408124 20.901512
-22.884369 23.255745 -7.591256 24.741316 -3.863687 -5.005166 7.039741 -0.278541 4.624195 -7.219131 4.602942 3.809813 -0.962404 -10.923706 -7.830102 -4.147629 -1.237922 8.028236 -2.008578 -3.828087 5.889733 0.957067 3.303603 -22.067440 -11.164837 10.337133 -10.905948 -23.232866 -6.266873 20.594622
-22.872639 24.840048 -7.578827 23.696716 -4.364838 -4.995200 6.551152 -0.720190 3.922349 -7.063573 4.662873 3.746217 -1.458710 -10.846449 -7.965371 -4.729718 -1.645174 7.786481 -1.626996 -4.012354 6.347626 0.398423 3.278102 -21.292027 -10.793401 9.680653 -11.355812 -25.041391 -5.745595 19.767807
-22.933311 25.990799 -7.797194 22.963335 -4.712370 -4.855093 6.320158 -1.420461 3.487637 -7.120224 4.860274 3.744301 -1.634049 -10.674335 -7.963629 -5.011367 -1.927191 7.697861 -1.452706 -4.307177 6.244174 -0.542808 3.260494 -20.695312 -10.192233 9.088114 -11.199557 -26.884031 -5.291958 19.883459
-22.903654 26.734470 -8.348887 22.310194 -4.961377 -4.548770 5.910702 -1.904583 3.451157 -7.138762 5.239242 3.530110 -1.695499 -10.430327 -8.036872 -5.338504 -2.162854 7.652663 -1.235664 -4.719559 6.447383 -0.974771 3.479905 -19.755459 -9.769475 8.496891 -10.789821 -28.186497 -4.862346 20.237492
-22.533600 27.802338 -8.931015 21.980135 -5.241122 -4.188877 5.353395 -2.484432 3.099570 -7.196174 5.556288 3.317652 -1.769459 -10.344961 -7.848347 -5.358573 -2.414958 7.577667 -1.217476 -4.834383 6.538574 -1.124119 3.606783 -19.354416 -9.305202 8.286509 -10.730224 -29.123396 -4.834726 20.568459
-22.707260 27.658901 -8.845499 21.986639 -5.085617 -4.075799 5.360807 -2.563186 3.144521 -7.317582 5.531795 3.342984 -1.748845 -10.327885 -7.792225 -5.342923 -2.428189 7.587716 -1.236235 -4.830821 6.488635 -1.151828 3.553164 -19.621515 -9.096515 8.382902 -10.777329 -29.288496 -4.776731 20.526299
-22.721975 27.661884 -8.847092 21.976530 -5.071445 -4.056245 5.355310 -2.585150 3.150090 -7.315421 5.562060 3.329040 -1.746698 -10.282949 -7.775683 -5.355892 -2.407793 7.580640 -1.251459 -4.870734 6.516637 -1.120595 3.605007 -19.612772 -9.100107 8.409395 -10.737685 -29.258099 -4.779274 20.502716
-21.070093 26.196043 -7.636691 23.932722 -5.805043 -7.784853 7.203708 0.350481 1.328560 -5.604193 4.057145 2.999410 -1.512640 -11.701574 -8.140193 -5.130687 -1.510549 7.302593 -0.677071 -2.834649 7.255824 -1.234896 3.722870 -21.549397 -11.544687 10.013082 -11.508960 -24.088209 -4.410046 17.539528
-19.200405 22.012154 -8.114222 26.224741 -4.556039 -8.528880 8.385148 3.502247 3.921803 -3.645915 2.878793 2.535531 -1.112931 -12.414985 -7.649430 -4.892429 -0.954751 7.845665 -0.389830 -2.008207 8.404702 -1.476588 5.164787 -22.714592 -13.098023 11.623356 -9.317808 -19.638758 -2.220634 17.860249
-18.044209 20.567982 -7.850196 24.188059 -5.765934 -8.016776 8.305453 6.076548 4.968374 -2.066275 2.009311 1.837142 -0.504475 -12.498533 -6.850004 -5.180524 -0.680181 7.989089 -0.367382 -1.699830 9.587717 -1.798144 5.869084 -21.245218 -13.994970 11.496470 -7.921157 -18.375803 -0.404201 18.407101
-17.274155 19.864456 -7.402571 20.254622 -7.615368 -7.640150 8.106763 9.033962 4.591310 -0.926856 1.175918 0.785366 0.090246 -12.189849 -6.119801 -6.046902 -0.476965 7.659176 -0.540102 -1.657870 10.413483 -2.087062 7.086551 -19.455048 -15.225826 11.002957 -6.700299 -17.858343 0.907656 17.596159
-16.462286 20.720278 -7.418143 16.750488 -10.226833 -4.270289 4.381199 9.760848 5.941098 -0.435797 1.088492 1.490818 -0.133373 -11.363920 -4.797949 -5.621597 -0.690823 8.494902 -1.639431 -2.367456 10.945220 -1.640409 7.078968 -16.295092 -15.049265 9.121077 -4.946454 -18.537809 1.508194 21.220806
-14.222309 21.222822 -9.042470 15.882368 -11.127932 -7.117581 2.493941 11.388783 6.242665 2.057797 -0.349453 0.720706 -0.012301 -12.008591 -4.340921 -6.339777 -1.210751 8.154621 -1.097173 -2.185013 10.786720 -2.487239 8.325925 -15.737657 -16.829424 9.669944 -2.661988 -17.143793 3.879313 20.084003
-11.598677 21.780159 -11.248143 16.054510 -11.435173 -10.022319 1.564295 12.740561 6.961486 4.339137 -1.383924 0.149273 0.367518 -12.597797 -4.108418 -6.689022 -1.719706 7.975398 -0.589129 -2.423610 10.112983 -2.857494 10.310818 -16.089607 -18.790476 11.093424 0.859029 -15.590063 5.608950 18.584135
-11.567595 21.794357 -11.400887 16.034159 -11.310856 -10.322332 1.641324 12.810788 6.923900 4.396803 -1.427276 0.118529 0.355021 -12.629181 -4.152071 -6.756382 -1.759907 7.876402 -0.544965 -2.439364 10.195038 -2.729080 10.566752 -16.171429 -18.927593 11.410787 1.222530 -15.558562 5.852214 18.376751
-11.607686 21.740833 -11.311186 16.005047 -11.215447 -10.251109 1.832017 12.855708 6.893803 4.487710 -1.524756 0.033971 0.294719 -12.636715 -4.161175 -6.841565 -1.737616 7.791657 -0.553434 -2.523309 10.022285 -2.761431 10.531772 -16.187218 -19.065762 11.371279 1.253621 -15.386045 5.793111 18.458210
-11.586984 21.789911 -11.406995 15.991779 -11.146255 -10.337941 1.867554 12.849136 6.824422 4.446795 -1.502313 0.087736 0.277872 -12.688634 -4.274626 -6.878973 -1.812808 7.712395 -0.474970 -2.521871 9.970267 -2.743252 10.508677 -16.276266 -19.060442 11.475189 0.989932 -15.506495 5.665844 18.068974
-11.778709 21.761980 -11.301755 16.086439 -11.052877 -10.375752 1.988742 12.704669 6.776665 4.327512 -1.532356 0.151260 0.212380 -12.675024 -4.270870 -6.880452 -1.772460 7.707773 -0.506306 -2.490006 10.119131 -2.868885 10.430411 -16.258148 -18.913420 11.343542 0.951231 -15.674354 5.726922 18.086597
-11.731046 21.819355 -11.399620 16.003576 -11.098780 -10.376539 1.894905 12.690415 6.784476 4.297268 -1.542852 0.158119 0.174881 -12.689449 -4.324293 -6.940001 -1.817533 7.658721 -0.476107 -2.492226 10.191375 -2.968548 10.476332 -16.224176 -18.899658 11.343133 1.042784 -15.668918 5.751842 18.114979
-11.772635 21.790165 -11.345824 16.057367 -11.041503 -10.364759 1.958056 12.652567 6.792121 4.280225 -1.501686 0.141897 0.248405 -12.678392 -4.298283 -6.888431 -1.786649 7.712035 -0.497190 -2.441229 10.198954 -2.983405 10.390739 -16.227757 -18.882776 11.269991 0.921870 -15.595984 5.695243 18.229942
-11.935664 21.634987 -11.114341 16.065672 -11.003487 -10.461736 2.022731 12.673957 6.674441 4.208162 -1.479667 0.209456 0.153567 -12.661459 -4.389941 -6.908140 -1.711935 7.621689 -0.520903 -2.382319 10.219927 -2.962024 10.380139 -16.420994 -18.871145 11.371628 0.711513 -15.497530 5.633513 18.057962
-11.503425 21.678326 -11.482931 15.951221 -11.059978 -10.266943 1.917307 12.921173 7.063878 4.590679 -1.619207 -0.023339 0.323237 -12.684738 -4.169290 -6.951353 -1.808639 7.715908 -0.455015 -2.507671 9.937692 -2.812679 10.634000 -15.977622 -19.328039 11.367792 1.264024 -15.262284 5.912350 18.158218
-11.638140 21.788584 -11.355034 16.097679 -11.203032 -10.457400 1.923507 12.834512 6.913699 4.402705 -1.574183 0.232924 0.387699 -12.570847 -4.354333 -7.005957 -1.683332 7.734570 -0.483466 -2.501925 10.067388 -2.735121 10.389626 -16.387806 -18.890907 11.447319 1.152365 -15.498446 5.659882 18.249294
-11.605035 21.752590 -11.424499 15.927851 -11.184683 -10.513377 1.907894 12.875224 6.892523 4.450890 -1.626093 0.201350 0.387728 -12.613743 -4.373165 -7.087615 -1.765648 7.696861 -0.425710 -2.545759 10.028669 -2.813000 10.431228 -16.308437 -19.069315 11.476116 1.124472 -15.495262 5.749089 17.945848
-11.771175 21.838982 -11.335456 15.989226 -11.096520 -10.502963 1.997657 12.721606 6.884767 4.327255 -1.610541 0.232649 0.340965 -12.613644 -4.404832 -7.113801 -1.754603 7.705003 -0.415736 -2.532126 10.198708 -2.943910 10.382210 -16.304516 -18.892143 11.369337 1.079336 -15.632251 5.744610 18.003464
-11.766993 21.785576 -11.418498 15.897828 -11.202229 -10.521869 1.981463 12.751302 6.928322 4.417829 -1.686886 0.365973 0.462759 -12.497517 -4.551270 -7.333506 -1.689921 7.701861 -0.364345 -2.565178 10.183151 -2.973084 10.360530 -16.247030 -18.932640 11.338370 1.088692 -15.582112 5.742933 18.064302
-11.080390 21.720156 -11.287794 16.001898 -10.886392 -9.873975 1.126974 13.018382 6.144494 4.551244 -1.661138 0.262087 0.584472 -12.494238 -4.389613 -7.197711 -1.684599 7.815629 -0.416256 -2.575821 10.038785 -2.732342 10.390634 -16.242880 -19.051105 11.406343 1.220427 -15.408414 5.689312 18.311064
-9.498721 19.776142 -12.486687 16.210487 -12.070141 -9.632646 1.290501 14.426674 8.221561 5.688017 -2.233615 -0.847463 1.720614 -12.577925 -3.327461 -6.706524 -1.296519 7.857590 -0.676474 -1.225214 10.739525 -1.208518 11.746018 -14.468938 -21.025303 11.309082 2.819196 -12.472489 6.589750 18.053013
-7.363075 17.970564 -12.329530 16.617760 -14.758517 -8.547565 0.857386 16.838099 10.212466 6.116210 -2.495201 -1.356779 3.355357 -12.340555 -2.571003 -6.487312 -0.812202 8.060108 -1.159078 0.484784 13.093148 0.286744 12.767686 -13.075648 -21.992579 10.986183 3.067233 -8.764999 6.155710 19.127140
-5.399868 17.912369 -11.093976 16.896053 -16.346191 -7.427366 -0.982996 18.531244 9.211626 6.264736 -2.404037 -0.994316 4.685507 -11.978979 -3.289503 -6.644361 0.290673 8.195128 -1.475915 1.346792 15.677388 0.949740 12.578908 -10.684472 -22.462372 9.858930 2.469491 -5.292567 6.399806 22.651279
-5.772964 16.890667 -8.750141 17.424417 -16.921432 -6.059347 -0.381480 18.911051 9.432173 6.241029 -2.126830 -1.908026 4.938104 -12.041258 -3.051237 -5.889063 1.306781 8.344061 -1.820796 1.894096 17.260042 0.038320 11.790160 -8.969793 -22.116236 8.834200 1.452468 -3.976667 7.841741 24.970839
-6.141332 14.557978 -7.359907 17.764585 -18.219110 -5.167710 0.146729 19.285791 10.010427 5.311851 -2.016908 -2.249010 5.591046 -12.016838 -2.952543 -5.049404 2.455360 8.351183 -2.502153 2.457760 19.134377 -0.947017 11.229724 -7.049384 -21.580801 7.948943 0.417347 -4.630628 10.164207 25.842155
-5.207427 12.429530 -7.342656 17.793003 -20.047178 -4.252862 0.385267 20.735292 9.346341 3.486395 -1.824752 -2.265099 7.048109 -11.515048 -3.239992 -4.547154 3.083680 7.728524 -3.420990 2.197249 21.747129 -0.984586 11.540199 -5.265518 -20.974842 7.282877 -0.839570 -6.817222 12.565739 23.647490
-3.980814 10.176944 -7.845572 17.574903 -22.323734 -3.211231 0.054611 22.611801 8.700097 1.625231 -1.368581 -2.507737 8.552946 -11.228655 -3.539453 -4.076845 3.071310 6.605244 -4.625358 1.975043 24.805363 0.949447 12.302323 -3.167090 -21.454914 6.859062 -3.112287 -8.129774 14.519858 21.736530
-3.743053 7.526649 -6.882083 18.187435 -23.853559 -1.056855 0.591603 24.874315 8.393353 -0.520261 -1.032140 -2.821553 9.857692 -10.935043 -4.058471 -3.590259 3.276140 5.026145 -5.764424 1.661172 27.346951 6.249028 13.043529 -2.306620 -22.651724 7.327095 -6.911244 -8.707927 14.417874 19.296158
-3.373468 5.643331 -4.832119 18.320972 -24.957535 2.591162 1.778653 26.815229 8.840490 -2.607210 -0.998379 -3.198622 10.143580 -10.792244 -4.943168 -3.543576 3.590865 2.971988 -6.902891 0.290862 28.562561 9.095128 12.014352 -1.020606 -24.327875 7.132262 -12.089322 -8.448703 14.527937 18.448690
-3.705066 4.458274 -1.927601 18.512003 -25.382116 6.678655 4.585866 27.960266 9.471369 -2.876543 -1.196310 -4.063883 9.265678 -11.023472 -5.845302 -3.889428 4.017251 1.535629 -7.217476 -1.012977 28.334490 11.110906 10.290959 1.138013 -26.144354 6.289275 -17.541857 -9.441239 15.770452 17.757019
-4.873190 3.781712 -0.089760 19.454847 -25.351110 8.048222 8.381664 28.258429 10.094871 -3.088489 -1.478264 -4.445828 8.348552 -11.476534 -6.440262 -4.038346 4.325012 0.739920 -7.281272 -1.426083 27.167955 11.104115 9.489829 1.921121 -27.150215 6.226579 -19.802301 -10.267986 17.436865 16.319473
-5.401955 4.521649 -0.477931 19.925039 -23.020763 7.256090 8.411881 27.376646 8.977298 -2.929364 -1.488286 -3.412338 8.071555 -11.581532 -6.938690 -4.256990 4.286249 0.867630 -7.025751 -1.273642 26.789629 9.541719 9.387414 0.673174 -26.725990 6.914403 -19.241064 -10.310280 16.076925 16.736523
-6.402473 5.746195 -2.694968 20.624891 -21.390776 4.794316 7.665669 26.264183 8.226804 -2.697120 -1.364753 -1.771803 7.467368 -11.846410 -6.668317 -3.800830 3.544155 1.871423 -6.422430 -0.222719 26.927055 8.670858 10.617004 -1.599437 -25.655041 8.258369 -16.856815 -9.683673 14.229787 16.072912
-7.189707 5.536477 -1.838434 20.849413 -20.514502 4.871148 8.879315 26.333757 7.459852 -2.267050 -1.424056 -1.217547 6.591880 -12.154696 -7.211468 -3.853102 3.515383 1.649437 -6.249911 0.099450 26.446125 7.186425 9.942667 -2.193551 -25.965204 8.312625 -17.426840 -9.365233 14.416528 15.706101
-7.360641 6.578345 0.637107 20.316786 -20.450533 4.947443 9.202110 27.173346 7.079015 -0.338040 -1.533074 -1.582929 5.426228 -12.525106 -7.778785 -3.839156 3.607849 0.721043 -6.458540 -0.353067 26.349140 5.249726 8.847449 -1.478679 -26.551462 8.121354 -18.430346 -8.693940 15.667072 16.054667
-7.127609 7.012581 2.595896 19.692518 -21.607740 4.884670 8.491454 27.666914 7.741361 1.078702 -1.707416 -1.532026 5.282660 -12.490934 -8.557261 -4.248641 3.967443 0.419851 -6.327937 -0.975856 26.242720 3.498540 8.254950 -1.268492 -26.496046 7.789050 -17.520971 -7.786656 17.502789 16.545401
-6.781399 7.420877 5.204439 18.776260 -24.074526 6.244545 6.300911 28.042028 9.174184 2.426227 -2.241950 -1.929982 4.378791 -12.503838 -9.242715 -4.758948 4.543458 -0.184872 -6.024810 -1.514810 24.959181 2.916409 6.869834 -0.868220 -26.791470 5.907395 -18.377012 -7.305302 18.769093 18.689465
-6.627929 7.497102 5.027533 18.839756 -23.910995 6.154518 6.262332 28.013554 9.264514 2.561987 -2.282475 -1.943595 4.383951 -12.512671 -9.310019 -4.785010 4.528059 -0.298334 -5.989029 -1.465332 25.339973 2.985753 6.785873 -0.650809 -26.820219 5.749235 -18.421240 -7.150010 18.929348 18.816730
