-13.904347 24.876942 -20.390764 21.038258 -10.361962 -4.922153 1.588771 0.745338 5.821882 -8.342987 3.204965 7.920177 4.850342 -9.179782 1.129914 -3.044645 -0.528680 5.214911 1.625435 -10.300037 8.878529 5.907877 10.363399 -13.638002 -11.962510 11.029484 0.993360 -27.455168 -1.958152 20.617676
-13.955943 24.929043 -20.425592 21.204233 -10.411171 -5.063055 1.497005 0.607693 5.577311 -8.638538 3.250391 7.964408 4.837429 -9.176033 1.100640 -3.005960 -0.545432 5.226521 1.628011 -10.287575 9.370215 5.940655 10.344687 -14.239551 -11.419064 11.169417 1.007535 -27.879911 -2.039959 20.735456
-12.541667 25.160807 -21.461527 14.978433 -11.736219 -3.426996 2.730744 -2.921031 3.705381 -9.721682 4.323283 9.256726 3.233312 -6.165311 1.585882 -4.655914 -3.378896 4.774118 1.757764 -10.793907 7.734341 3.005037 10.661821 -13.623769 -7.730979 9.537626 6.070099 -25.386381 -7.803563 17.979002
-13.045831 25.545519 -21.868528 11.114981 -12.193249 -4.391270 2.035224 -3.971655 2.801005 -10.209480 4.912539 9.815837 2.264281 -5.480931 1.361723 -4.873709 -4.336070 4.907814 1.377644 -10.914521 5.715630 2.441018 9.829682 -14.614530 -5.519117 8.752670 8.883014 -23.786860 -11.879054 19.022961
-14.073735 27.665363 -22.445147 7.860031 -11.487288 -7.221757 0.874830 -5.476301 1.865827 -8.772917 4.354420 9.064743 0.425066 -5.410804 0.670277 -6.125774 -4.073628 4.946411 1.573658 -12.307127 2.965792 1.446603 10.297650 -17.689110 -6.206039 8.605811 11.037829 -24.919243 -11.390829 19.575478
-13.885837 28.103476 -23.824541 7.213264 -10.640507 -8.304959 2.785597 -7.178269 0.825681 -7.797296 4.183877 8.550665 0.164818 -5.013539 0.660722 -6.681013 -4.459342 5.311101 1.443752 -12.654794 1.239609 2.381799 10.711005 -18.874432 -6.108271 9.736580 11.783116 -24.921019 -11.591186 17.740892
-14.699552 27.676861 -24.905645 6.805051 -9.573478 -8.201621 4.595977 -8.710437 0.065489 -7.948068 4.209167 8.959158 0.247597 -4.533089 1.116774 -6.291993 -5.029927 6.106333 1.406521 -12.595606 -0.812884 3.170230 10.973632 -20.615376 -6.270799 10.513176 12.009500 -25.366110 -12.258993 15.901788
-15.073889 27.579571 -24.938166 5.745572 -8.574072 -8.215976 5.405809 -9.185010 0.165845 -8.846477 4.361238 8.998701 0.503008 -4.070151 1.625847 -5.954389 -4.975158 6.412059 1.173950 -13.140520 -1.677285 3.768814 11.104895 -21.952742 -6.327383 10.769875 12.230850 -24.697552 -13.243629 14.804347
-15.085104 27.211182 -24.669296 4.972894 -8.757032 -8.031798 5.507025 -9.020703 -0.194573 -9.203223 4.319497 8.610634 0.540930 -3.636982 1.823135 -6.149364 -4.642564 6.415677 0.913190 -13.756751 -2.461807 3.840367 11.045201 -22.135864 -5.963857 11.147831 12.272415 -25.107002 -13.330910 13.287726
-15.130307 27.396339 -24.260710 4.345378 -8.464108 -8.354110 5.649845 -9.233339 -0.445640 -9.245856 4.335000 8.601185 0.341929 -3.622255 1.808473 -6.138690 -4.466408 6.618394 0.846237 -13.981300 -2.626359 3.846346 11.189746 -21.896822 -5.782978 11.368462 12.298562 -26.041136 -12.685691 12.089793
-15.567708 27.815392 -23.934511 3.378513 -8.835693 -8.803557 5.277913 -8.992093 -1.278575 -8.745564 4.245972 8.380514 0.076550 -3.564727 1.878003 -6.292568 -4.298623 6.914231 0.795549 -14.227527 -2.837360 3.395472 11.343413 -21.550148 -5.686377 11.570332 12.338214 -26.921968 -11.986897 11.055941
-15.955458 27.933540 -24.104223 3.387824 -8.271503 -9.525515 5.430453 -8.928573 -1.774847 -8.424244 4.135925 8.122319 0.283490 -3.501607 2.040594 -6.262272 -4.483664 7.206051 0.791442 -14.122677 -2.891218 3.632746 11.596370 -21.852139 -6.107937 11.381262 11.961099 -27.461817 -11.599064 10.558811
-16.025169 28.504217 -24.284872 3.727172 -7.848607 -9.798776 6.289699 -9.543525 -2.308547 -8.082571 4.063059 8.026203 0.504538 -3.445035 2.351196 -6.120441 -4.519590 7.522452 0.855592 -14.097580 -3.269007 4.316614 11.567485 -22.262194 -6.496649 11.140914 11.184755 -27.958460 -11.896793 10.051687
-15.472908 29.312025 -24.137241 2.806569 -7.931184 -10.070624 6.939013 -10.307530 -2.859182 -8.030256 3.970045 7.653801 0.839405 -3.274403 2.738880 -6.047239 -4.307925 7.689269 0.823684 -14.312457 -3.191150 5.964730 11.359627 -22.557131 -6.784315 10.972982 10.282434 -27.927851 -12.559315 9.912414
-14.910562 29.655127 -24.777849 2.565747 -7.464134 -11.478122 6.460461 -10.764100 -2.579389 -7.519636 3.992780 7.538844 0.881042 -3.021705 3.162331 -5.931080 -3.967778 7.945446 0.706433 -14.681852 -5.442037 8.778290 10.311228 -21.359104 -5.174509 11.950303 8.852143 -27.475946 -14.321249 9.941936
-14.932302 29.522264 -25.112196 2.378189 -7.565948 -11.754501 6.286949 -11.020900 -2.572202 -7.287873 3.945993 7.615105 0.706642 -2.889700 3.202716 -5.960242 -3.847929 8.172718 0.649897 -14.872187 -5.894665 9.309264 10.002943 -21.091135 -4.596114 12.028701 8.564342 -27.055830 -15.185770 9.593077
-14.988602 29.532742 -25.154345 2.444931 -7.645615 -11.666151 6.257810 -11.098433 -2.526252 -7.219121 3.948323 7.609204 0.759830 -2.862611 3.304100 -5.912336 -3.789798 8.171401 0.666802 -14.892311 -5.873969 9.177745 9.974316 -21.200453 -4.625326 11.970661 8.732715 -26.904665 -15.243896 9.657458
-14.925643 29.772493 -24.904444 2.168535 -7.673429 -11.524809 6.493567 -11.149944 -2.707478 -7.346448 3.927806 7.345264 0.932362 -2.878315 3.464420 -5.928821 -3.593652 8.191761 0.620939 -14.992033 -5.901516 9.612124 9.980079 -21.278147 -4.676797 11.993374 8.445380 -26.839361 -15.479636 9.595339
-15.066385 29.785322 -25.033846 2.497468 -7.710076 -11.297822 6.404033 -11.193200 -2.535415 -7.320983 3.919543 7.193318 0.985752 -2.851871 3.438376 -6.078152 -3.626948 8.113714 0.600645 -14.971460 -6.068335 9.022873 10.017383 -20.973648 -4.453109 12.011537 8.708330 -27.125492 -15.271896 9.548820
-15.371758 29.699713 -24.849621 2.709179 -7.631027 -11.072883 6.487707 -11.095070 -2.484702 -7.466960 3.917953 7.190503 0.932577 -2.848555 3.328004 -6.114371 -3.695511 8.061876 0.589700 -14.920254 -6.318499 8.609354 10.097182 -20.365602 -4.066161 12.338638 8.592872 -27.397917 -15.087168 9.376583
-15.622127 29.551205 -24.436260 2.521193 -7.786253 -10.681853 6.653643 -10.749149 -2.871631 -7.668701 3.963147 7.310539 0.927341 -2.972845 3.297071 -6.112992 -3.754279 7.955844 0.678824 -14.783607 -6.024813 8.139166 10.198113 -20.473293 -4.316669 12.157045 8.806631 -27.646040 -14.866658 9.126531
-15.743278 29.366013 -24.269398 2.388093 -8.031164 -10.583074 6.588870 -10.471373 -3.052735 -7.769405 3.965223 7.224673 0.953295 -2.925980 3.196966 -6.193869 -3.792663 7.889093 0.615398 -14.674145 -5.637896 7.705174 10.050517 -20.412893 -4.258702 12.146820 9.436418 -27.286652 -14.737947 9.433517
-14.042663 29.887461 -20.770948 -2.766262 -13.980923 -6.077262 7.881755 -9.340566 -5.614657 -9.885921 3.513071 3.423758 3.140856 -3.348426 2.728014 -7.485727 -3.269860 7.731310 -0.267722 -13.576214 -3.003991 7.744477 10.804776 -13.587009 -2.545202 14.428946 3.446634 -31.821844 -12.338793 3.682279
-14.414567 29.845436 -20.975471 -1.878236 -14.362150 -5.519145 7.237551 -9.654751 -4.784250 -9.636134 3.767818 3.803383 3.222778 -3.565850 2.535153 -7.172331 -3.418144 7.252725 -0.425447 -13.535147 -1.592976 6.304699 11.044825 -13.976195 -2.588217 14.127135 4.781503 -30.686638 -12.063128 4.126108
-14.564423 29.959629 -21.024317 -2.486070 -14.487485 -5.355020 7.450381 -9.690490 -5.420403 -9.597847 3.747456 3.509948 3.352953 -3.372497 2.697787 -7.347981 -3.351280 7.487495 -0.551164 -13.552834 -2.359555 6.497375 11.026721 -13.821949 -2.287820 14.220763 4.412086 -31.185017 -12.307020 3.782714
-14.419772 29.874704 -20.890478 -2.319861 -14.330485 -5.212675 7.394774 -9.561111 -5.428598 -9.739372 3.773265 3.657634 3.379378 -3.367710 2.657198 -7.239698 -3.327061 7.338489 -0.576561 -13.494328 -2.130410 6.150007 11.032504 -13.665421 -2.341484 14.104635 4.482412 -31.280413 -12.138842 3.792964
-14.224099 29.963858 -20.918371 -2.611266 -14.130877 -5.173021 7.628959 -9.754230 -5.579775 -9.801898 3.746296 3.459465 3.432192 -3.228513 2.731203 -7.412867 -3.298751 7.421776 -0.628371 -13.581159 -2.556513 6.393867 11.184192 -13.903708 -2.306191 14.293890 4.288081 -31.304081 -12.331680 3.703223
-14.358965 29.785515 -20.841410 -2.281586 -14.424145 -5.023618 7.137012 -9.537354 -5.201835 -9.830400 3.797277 3.572901 3.393810 -3.403993 2.631151 -7.316022 -3.302243 7.225204 -0.566913 -13.516306 -2.100109 5.787069 11.270175 -13.947437 -2.550683 14.031336 4.728061 -31.402658 -11.824594 3.873574
-14.353090 29.631361 -20.902494 -2.364131 -14.350447 -5.026770 7.126362 -9.540524 -5.153494 -9.872156 3.775799 3.603726 3.345693 -3.413569 2.576421 -7.305067 -3.298252 7.276813 -0.589832 -13.507481 -2.105010 6.086842 11.248374 -13.808931 -2.485624 14.169070 4.430941 -31.439562 -11.755259 3.812541
-14.307288 29.771591 -20.808695 -2.489297 -14.417082 -5.056882 7.218333 -9.624741 -5.197361 -9.853621 3.827021 3.550535 3.476845 -3.378041 2.671446 -7.300044 -3.309661 7.401453 -0.676549 -13.451202 -2.208946 6.194071 11.309955 -13.872191 -2.433503 14.344140 4.327046 -31.427448 -11.743810 3.821862
-14.367544 29.746893 -20.899698 -2.418394 -14.446413 -4.965058 7.215581 -9.631695 -5.245645 -9.811851 3.841466 3.616861 3.505027 -3.413132 2.666502 -7.243393 -3.282391 7.314213 -0.660096 -13.448576 -2.183389 6.161193 11.284583 -13.819648 -2.462194 14.392315 4.370553 -31.573915 -11.590467 3.687280
-14.274602 29.976887 -21.090126 -2.371581 -14.021212 -5.610095 7.323191 -9.943342 -5.018029 -9.786586 3.862669 3.534060 3.425080 -3.240654 2.637802 -7.398856 -3.405881 7.180355 -0.650776 -13.516659 -2.015780 5.646562 11.334622 -14.077676 -2.625840 14.186023 4.931578 -31.308432 -11.555519 3.820738
-14.337669 29.533058 -21.646034 -0.230899 -13.618919 -5.796572 6.470698 -9.354360 -3.571401 -9.698732 4.275630 4.648674 3.396234 -3.229316 2.499966 -6.905037 -3.700895 6.324975 -0.558863 -13.544847 -0.816142 4.840933 10.968553 -14.977496 -2.287176 14.077413 7.656914 -28.039225 -12.093856 6.236459
-14.247725 29.681797 -21.409128 -0.418558 -14.037610 -5.480091 6.091271 -9.311398 -3.237741 -9.921173 4.347462 4.664009 3.476148 -3.289246 2.402915 -6.837862 -3.730031 6.197536 -0.652185 -13.459723 -0.474075 4.643000 11.155330 -14.740273 -2.242008 14.145518 7.464528 -27.974781 -12.101341 5.797091
-14.350218 29.440094 -21.461332 0.477832 -14.021799 -5.300611 4.903735 -8.330472 -2.518266 -9.997925 4.399055 5.323191 2.887303 -3.343910 2.244156 -6.934622 -3.934048 5.632221 -0.293032 -13.523520 -0.059940 3.024323 10.728775 -15.063294 -1.900545 13.731500 9.640014 -26.226427 -12.353754 8.020792
-14.578750 29.362480 -22.680426 2.086091 -14.583902 -5.258410 3.232944 -7.999753 -2.407850 -8.623711 4.251904 5.755623 2.119455 -3.568976 1.978344 -7.302203 -4.370939 5.347398 0.524324 -13.615213 0.065108 2.035792 9.784928 -14.739222 -0.899635 13.637877 10.897784 -24.278658 -13.943875 9.777444
-13.821437 27.611248 -20.769518 -1.339267 -13.381024 -6.930125 0.801543 -5.499344 -1.817931 -11.227720 3.511657 4.528701 0.905228 -4.166440 0.689216 -8.916055 -4.922394 5.312704 0.929174 -13.443847 0.631829 -2.539446 10.084498 -14.521472 1.496173 13.749975 14.901021 -22.528111 -14.731671 10.198522
-12.665874 26.678499 -19.287928 -0.219089 -12.324944 -7.151730 1.681943 -4.794417 -0.126212 -12.457319 3.587302 4.793472 0.402219 -4.567562 -0.213413 -9.135117 -4.812710 4.436718 0.626255 -13.291199 1.189926 -4.365325 9.197184 -13.770910 3.585582 13.945597 17.709555 -19.734493 -16.147577 12.674750
-11.770411 25.918566 -18.815395 0.996682 -11.657389 -7.973452 1.523709 -3.762421 1.027559 -12.809702 3.773358 5.518785 0.606925 -4.852599 -0.845390 -8.544681 -5.030308 3.955284 0.331926 -12.701828 1.756321 -5.562367 7.863327 -13.450757 3.651477 12.850904 19.469120 -18.094976 -16.069588 15.955447
-10.591071 26.166588 -19.365164 2.921668 -10.762035 -8.046495 2.356595 -3.530419 2.099090 -13.103607 4.312901 5.480711 1.368668 -4.544228 -1.327219 -8.436217 -4.740746 2.532939 -0.490064 -12.654639 2.772016 -5.806311 5.552507 -11.624412 4.778823 12.141685 19.950706 -15.852085 -17.227133 19.164370
-10.598508 25.845715 -19.995478 4.498883 -11.096677 -6.730935 2.862888 -3.450773 2.587878 -13.127298 4.674202 5.721443 2.330759 -3.843912 -0.750830 -8.546349 -3.787267 1.235343 -0.323260 -13.764297 2.897636 -5.031444 4.354608 -9.542234 6.161552 12.580999 19.679335 -14.329651 -17.761353 21.978651
-9.369465 25.703421 -20.869196 6.414912 -9.799238 -5.440133 2.660144 -3.474486 1.763799 -13.088615 4.712764 6.054880 3.118262 -3.390238 -0.501984 -8.956831 -3.178334 0.607413 0.079764 -14.501713 3.187163 -4.360940 3.953218 -8.015500 7.569328 13.427561 19.029387 -12.440861 -19.036097 23.600555
-9.722566 23.708952 -21.933138 8.864909 -9.211048 -5.429650 2.240649 -3.272923 3.079994 -13.195410 4.758298 5.098005 4.581106 -3.372827 -0.363996 -8.876523 -2.361088 -0.435662 -0.222965 -14.939095 5.421419 -3.699339 5.110445 -5.243446 9.328661 15.895672 18.528708 -8.523856 -20.564943 23.927956
-10.141984 22.287659 -23.063368 10.157249 -9.451077 -5.021204 3.107558 -3.353717 4.408998 -13.810772 4.942324 4.679380 5.281391 -3.902486 0.715272 -8.058962 -2.060122 -1.440372 0.069966 -15.099876 6.418839 -2.513718 5.700535 -2.992675 10.507601 17.206472 17.067841 -7.733139 -20.720694 23.820696
-9.638535 22.473354 -22.807659 10.252414 -8.996426 -4.454937 2.326689 -2.971368 3.764642 -13.874918 4.904386 4.684959 5.338115 -3.993992 0.819909 -8.003486 -2.013612 -1.570685 0.129226 -15.226501 6.697266 -2.441946 5.833079 -2.939803 10.393873 17.331909 17.012217 -7.432606 -20.822941 24.076952
-9.388528 22.411037 -22.826441 10.366093 -8.811082 -4.099274 1.965409 -2.769719 3.398270 -13.760607 4.800301 5.032302 5.845822 -3.755922 0.512003 -8.475460 -1.834411 -1.501532 0.340932 -15.296093 6.695485 -2.678051 6.131072 -2.768683 10.511477 17.353727 16.796381 -7.478210 -20.817688 24.002251
-9.517194 22.346928 -22.850573 10.406713 -8.648277 -4.294463 2.245058 -2.939378 3.504353 -13.885225 4.794055 5.009395 5.762074 -3.870041 0.510709 -8.389909 -1.911353 -1.512442 0.340842 -15.213651 6.734039 -2.272456 6.038898 -2.565238 10.641935 17.499453 16.574324 -7.573037 -20.888617 23.547920
-9.722135 22.462526 -22.735487 10.473562 -8.908624 -4.299065 2.495315 -3.081110 3.709836 -13.862142 4.936716 4.756850 5.420900 -4.051220 0.898110 -7.883750 -2.071144 -1.522571 0.183709 -15.053854 6.658938 -2.417627 6.093188 -2.374026 10.809256 17.701082 16.506075 -7.588438 -20.702814 23.551996
-9.679668 22.451416 -22.693960 10.315752 -8.925686 -4.299928 2.419073 -3.094365 3.553588 -13.860938 4.840245 5.015008 5.619197 -3.977254 0.599178 -8.183989 -2.045188 -1.423147 0.323472 -15.046722 6.610898 -2.426324 6.126291 -2.394500 10.819064 17.657562 16.424726 -7.698859 -20.684368 23.499222
-9.751547 22.414791 -22.722628 10.394601 -8.984520 -4.242477 2.381249 -3.084774 3.546769 -13.811580 4.871140 5.076614 5.606386 -3.948932 0.616111 -8.147099 -2.042266 -1.394237 0.303262 -15.015099 6.593492 -2.484861 6.230710 -2.389218 10.866405 17.766773 16.418936 -7.643245 -20.626011 23.400978
