1.050889 27.047937 -17.298115 16.429977 2.565673 11.409192 -4.764927 9.692006 -3.367731 5.068237 -4.824105 10.574572 3.837814 -7.575861 5.735135 -5.069697 -0.578769 0.767252 -3.073253 -7.508129 1.867831 15.466825 -12.221337 0.223149 -29.490137 6.270618 12.111742 -16.232733 2.288443 9.246369
1.042948 27.067394 -17.353153 16.523264 2.585259 11.422675 -4.718598 9.624089 -3.419055 5.054006 -4.858271 10.612997 3.811857 -7.567662 5.749701 -5.067188 -0.583156 0.745360 -3.092602 -7.492289 1.911320 15.534651 -12.199094 0.120217 -29.597128 6.178406 12.046567 -16.270496 2.286900 9.182832
-4.184471 11.618053 -7.260411 24.682463 9.002155 9.277013 7.529256 17.609980 -4.125139 5.008905 -5.955257 12.726669 1.228677 -10.310032 0.126088 -4.765586 2.493127 -5.608280 -2.280290 -0.284650 3.964075 14.246346 -17.126963 -7.620230 -33.359356 9.493061 -4.362452 -3.042486 0.567535 -1.476900
-4.440642 9.703828 -6.048181 24.948109 9.272079 10.009684 7.510199 17.754747 -2.284891 4.486054 -5.792711 13.320882 1.838414 -10.600398 -0.309847 -4.401269 2.502422 -6.253787 -2.504574 0.293698 3.961069 15.726764 -17.020872 -9.335741 -33.400776 9.689299 -3.391479 -0.678116 -1.866283 -0.901915
-5.315172 9.795064 -5.225272 25.896269 10.635752 10.693822 5.881649 17.010923 0.364947 5.022937 -5.207080 13.958024 1.693578 -9.915186 -0.997273 -4.249219 3.104366 -7.125147 -3.724577 0.283894 4.619021 18.337366 -17.632605 -10.542115 -33.097515 10.230486 -3.301148 2.797638 -4.057789 1.088898
-5.991470 10.334984 -4.593161 26.585125 11.313139 10.625010 4.922507 16.487951 1.232096 5.488433 -4.959772 14.218811 1.349299 -9.743949 -1.456541 -4.162409 3.702449 -7.357257 -4.010890 0.279926 4.237366 18.969633 -18.604475 -11.513878 -33.133957 10.922501 -4.038333 4.867016 -4.603371 3.167521
-6.501809 10.354748 -4.036753 26.843702 11.595584 10.740294 4.409494 16.268877 1.596380 5.685148 -5.034383 14.357418 1.250390 -9.659731 -1.546935 -4.052778 4.073771 -7.571898 -4.302288 0.452938 3.992830 18.907606 -18.861185 -11.636472 -33.043205 11.078096 -4.185666 5.168828 -4.248110 4.059052
-6.622317 10.532368 -3.979906 26.919773 11.782480 10.710122 4.470124 16.025124 1.747793 5.685582 -5.091670 14.375065 1.222305 -9.659142 -1.560544 -4.075235 4.099492 -7.583587 -4.302733 0.469725 3.995616 18.909595 -18.954376 -11.774278 -32.970463 11.146223 -4.292608 5.239028 -4.343235 3.960076
-6.576389 10.547467 -4.100800 26.950266 11.748981 10.608335 4.483514 16.045759 1.658765 5.694285 -5.090713 14.391492 1.239248 -9.666959 -1.543448 -4.054262 4.098720 -7.586089 -4.307969 0.498602 3.992618 18.869492 -18.944521 -11.771590 -32.978397 11.156769 -4.280930 5.233141 -4.277267 3.945345
-6.652071 10.537592 -4.025907 26.983133 11.769287 10.664962 4.341942 15.972224 1.742570 5.685149 -5.070714 14.399012 1.217039 -9.663118 -1.584205 -4.052911 4.121189 -7.589536 -4.309505 0.494330 3.980286 18.897272 -18.981163 -11.809459 -33.006035 11.121721 -4.357388 5.262146 -4.304689 4.085062
-6.641911 10.537170 -4.029465 26.974955 11.783412 10.661235 4.378926 15.966228 1.719175 5.681758 -5.084488 14.389214 1.230394 -9.644043 -1.562678 -4.069864 4.099233 -7.587952 -4.306391 0.468578 3.923736 18.909365 -18.991808 -11.800172 -32.935047 11.129615 -4.279872 5.281619 -4.376100 4.078174
-6.657609 10.544775 -4.029670 26.988039 11.780432 10.660490 4.370588 15.971889 1.719349 5.692060 -5.074394 14.394943 1.231155 -9.659187 -1.569628 -4.054913 4.114152 -7.592664 -4.311388 0.480490 3.937298 18.884287 -18.970469 -11.828946 -32.991631 11.112192 -4.285428 5.252625 -4.335495 4.072552
-6.641697 10.560409 -4.062257 26.997562 11.776878 10.661528 4.370900 15.958476 1.700452 5.709235 -5.053171 14.372615 1.237616 -9.661589 -1.595407 -4.048454 4.126683 -7.584553 -4.292595 0.475715 3.922307 18.866346 -19.000555 -11.816155 -32.948734 11.097553 -4.304661 5.284319 -4.368779 4.062022
-6.607947 10.551033 -4.052764 26.990072 11.759573 10.637883 4.373785 16.009628 1.698950 5.677054 -5.068944 14.372408 1.244073 -9.667976 -1.572495 -4.042194 4.127126 -7.586533 -4.295290 0.483686 3.910872 18.851233 -18.996174 -11.831950 -32.951496 11.122906 -4.302456 5.256150 -4.371558 4.071129
-6.671969 10.572896 -4.015052 26.998037 11.772506 10.683224 4.299459 15.992812 1.746619 5.719748 -5.068913 14.395205 1.236920 -9.652564 -1.581805 -4.039437 4.125595 -7.596276 -4.319351 0.489892 3.902546 18.831743 -19.005716 -11.770971 -32.984123 11.088772 -4.301224 5.296767 -4.338675 4.188855
-6.701911 10.554777 -3.998935 27.016058 11.843133 10.722322 4.351958 15.935038 1.750246 5.698045 -5.078122 14.378035 1.251810 -9.633390 -1.572415 -4.057178 4.125582 -7.597272 -4.313914 0.470149 3.869178 18.876993 -19.021694 -11.811894 -32.947765 11.092177 -4.291360 5.309995 -4.399423 4.212252
-6.670972 10.580055 -4.044363 26.997078 11.768660 10.675469 4.314031 15.935225 1.706125 5.671190 -5.064321 14.382373 1.245270 -9.645202 -1.575335 -4.050722 4.126108 -7.600566 -4.316630 0.470923 3.863657 18.835966 -19.011293 -11.823269 -32.988552 11.071599 -4.306357 5.267180 -4.361320 4.179618
-6.663328 10.584651 -4.038992 26.985014 11.775658 10.640882 4.323233 15.951916 1.700310 5.673682 -5.065129 14.381954 1.239551 -9.657583 -1.577444 -4.043249 4.121778 -7.589638 -4.306434 0.469223 3.855408 18.838980 -19.019848 -11.789952 -32.963169 11.087263 -4.297523 5.283337 -4.381980 4.191509
-6.676992 10.564268 -4.040930 27.014090 11.755423 10.679715 4.340535 15.949143 1.703456 5.678930 -5.059525 14.370699 1.241668 -9.662544 -1.584812 -4.049134 4.120482 -7.588753 -4.294448 0.470141 3.832995 18.816355 -19.020361 -11.809297 -32.994732 11.069513 -4.291451 5.260815 -4.351133 4.205621
-6.701959 10.554570 -4.028131 26.991014 11.778265 10.694423 4.322062 15.933252 1.745171 5.667233 -5.063054 14.380854 1.245458 -9.646034 -1.580375 -4.044275 4.132368 -7.591647 -4.312609 0.478690 3.836568 18.822359 -19.033640 -11.782519 -32.967873 11.060820 -4.312833 5.272728 -4.379353 4.193311
-6.669237 10.564589 -4.045176 26.985981 11.740945 10.669475 4.282907 15.927379 1.726079 5.664306 -5.081996 14.381124 1.251867 -9.642420 -1.568192 -4.041126 4.137994 -7.602985 -4.321975 0.495848 3.896546 18.887995 -19.033644 -11.831764 -32.898129 11.142948 -4.372113 5.300108 -4.459358 4.146206
-5.337805 -7.620993 -5.252758 17.620008 6.105302 24.355742 1.209160 20.684052 4.399170 -7.396472 2.394664 13.637724 5.340200 -6.682621 -1.792575 -2.488694 0.725123 -8.945267 -3.445061 5.593554 17.917963 15.750088 -17.068428 -2.683429 -24.551575 1.947384 -3.485795 15.963059 -19.738623 -1.744557
-7.589537 -12.988777 -7.233911 11.046620 4.855902 27.371088 5.379954 19.942053 2.986770 -9.174908 6.241163 10.379254 4.808238 -5.990739 -1.190161 -2.551680 -0.171128 -8.522207 -1.616219 6.927672 18.335024 6.936727 -11.000005 2.812667 -20.047983 -1.914583 -8.954368 12.192234 -22.736391 -6.914123
-8.323253 -13.139153 -9.583524 9.992971 7.165970 24.569111 3.330344 17.317343 3.427145 -7.562267 6.085201 11.204004 4.959847 -4.748240 -0.646919 -2.999649 -0.341477 -9.215169 -1.694808 6.449675 17.431520 6.211488 -11.433404 1.081622 -19.994911 -2.493253 -5.660607 13.018559 -22.950590 -6.787837
-8.164886 -14.385063 -11.244456 10.438169 10.529716 22.434713 3.133614 15.502052 2.763756 -7.543866 6.022977 11.868264 5.047407 -4.116075 -0.766412 -3.630410 -1.144233 -9.558670 -1.457234 6.400441 16.667530 5.744228 -11.025960 -1.804959 -20.135050 -3.102775 -2.766216 13.944105 -24.079016 -7.737279
-8.276396 -15.699005 -11.693980 8.120464 10.760301 22.198397 5.841009 15.438066 2.664439 -8.354172 7.311731 10.832084 4.600027 -3.860482 0.244596 -3.100594 -0.644767 -9.154596 -0.237518 6.904199 15.604087 3.384722 -10.352073 2.097791 -18.519793 -4.249632 -5.762999 12.150247 -24.614931 -9.743234
-8.638206 -17.080517 -12.976061 7.198258 11.166307 21.602797 9.149137 15.607629 1.583686 -8.706180 7.762729 9.352180 3.998255 -3.440160 1.496255 -3.485779 -0.122087 -9.586792 1.489229 6.683090 14.498713 -0.815408 -5.868574 4.755721 -17.376451 -4.476562 -7.517794 11.146459 -23.413996 -11.528105
-8.127769 -17.616314 -14.933720 4.981890 11.113430 19.061537 11.669599 16.158201 -2.187556 -8.210448 8.022262 7.902472 4.003619 -3.516451 2.531894 -4.153886 0.021671 -10.121415 3.724770 6.954667 13.915276 -4.109728 -2.933504 8.270647 -16.106005 -4.451344 -9.813590 7.988191 -21.523344 -15.823895
-7.732077 -17.236982 -16.622400 2.845118 10.824785 17.573877 13.357459 15.672133 -4.777081 -6.853049 7.831302 7.330996 4.594872 -3.196429 3.753901 -4.935268 -0.101498 -10.013616 5.397683 7.201017 13.491055 -6.223383 -1.374795 9.539989 -15.515236 -3.902678 -9.054246 6.841146 -21.091311 -19.807224
-5.380733 -15.218065 -20.165930 0.368908 7.288166 14.363400 11.930568 16.622110 -9.168998 -4.189950 7.421467 3.966311 6.091298 -3.308591 5.619573 -5.999423 -0.932361 -9.708902 7.408381 6.066139 13.061258 -6.370817 2.789219 14.037695 -13.235139 -0.413404 -8.003345 3.801888 -18.651125 -23.808006
-3.486061 -12.811588 -23.318468 -1.060290 5.101595 12.863665 10.193130 16.435329 -12.095724 -1.719987 6.749669 1.629599 7.177610 -3.381411 7.824762 -6.296531 -2.337331 -8.366697 8.458481 5.091600 12.349172 -7.153485 7.071477 15.821887 -11.962411 1.809524 -4.827143 1.535885 -17.261030 -25.457993
-2.842051 -11.052204 -24.793716 -2.086062 4.956685 11.614120 9.562493 15.736554 -13.608925 -0.837379 6.807485 0.730633 7.473669 -3.296324 9.038068 -6.062183 -3.135325 -7.322048 8.803692 4.700906 11.395159 -8.013101 8.913976 16.219479 -11.036396 2.901487 -2.401394 0.688746 -16.325605 -24.921528
-2.199084 -10.192213 -25.673170 -2.257853 4.352684 11.188878 8.872544 15.757487 -13.845864 -0.247522 6.716889 -0.167277 7.675052 -3.285258 9.475523 -5.948831 -3.562626 -6.934797 8.873948 4.090003 11.176606 -8.008139 9.940129 17.104843 -10.664959 3.452966 -1.333387 0.233637 -15.599226 -24.398586
-1.601166 -9.665884 -26.101734 -2.266398 3.981193 10.919742 8.350545 15.841372 -14.141131 -0.106238 6.723509 -0.512067 7.731807 -3.273017 9.704437 -6.003969 -3.618969 -6.811564 8.947421 3.843125 11.196436 -8.011909 10.306022 17.370575 -10.391045 3.538983 -0.881546 0.124101 -15.682106 -24.232910
-1.637061 -9.336647 -26.096613 -1.995404 3.833562 10.851694 8.133506 15.630318 -14.068718 -0.193969 6.678715 -1.018456 7.935847 -3.247900 9.873014 -6.049273 -3.552415 -6.910820 8.938154 3.743299 11.350027 -7.639782 11.093935 17.664192 -10.461793 3.851551 -0.843655 -0.345147 -15.152470 -24.616318
-1.306967 -8.742016 -26.551901 -1.939930 3.750448 10.568176 7.840592 15.487666 -14.236285 0.079592 6.743136 -1.205803 8.179166 -3.138392 10.020328 -5.998670 -3.587045 -6.901705 8.913222 3.380478 11.515429 -7.583067 11.569715 17.997612 -10.327414 4.127072 -0.367638 -0.301289 -14.847538 -24.519449
-1.308363 -8.681952 -26.576197 -1.929582 3.579759 10.473542 7.753010 15.404386 -14.022793 0.062235 6.681054 -1.533588 8.413331 -3.187981 10.098888 -6.027715 -3.664418 -6.902997 8.891392 3.374412 11.593499 -7.693637 11.629554 18.251078 -10.277082 3.935491 -0.111382 -0.317783 -14.776431 -24.216816
-0.755395 -8.072103 -26.879999 -1.742847 2.970814 10.204846 7.090732 15.380241 -13.466940 0.164327 6.671211 -2.279550 8.729133 -3.097857 10.259838 -6.011254 -3.451506 -6.708335 8.601502 2.828619 11.697481 -7.037130 12.618290 18.883087 -10.105593 4.958665 0.316043 -0.439838 -14.162496 -23.848293
-1.111349 -8.297121 -26.896479 -2.127788 3.201883 10.105126 7.425674 15.313278 -13.788745 0.034267 6.682887 -1.709659 8.401831 -3.173523 10.230156 -5.961137 -3.610720 -6.768536 8.819583 2.979353 11.754883 -7.353797 12.321975 18.843428 -10.225380 4.526622 0.457334 -0.526506 -14.315060 -24.124043
-1.120368 -8.205223 -26.781513 -2.181469 3.273140 10.069791 7.381840 15.260333 -13.793195 0.000016 6.739525 -1.653931 8.453201 -3.153245 10.249334 -5.869443 -3.561523 -6.751051 8.826236 2.984982 11.808940 -7.289171 12.301355 18.835625 -10.233632 4.565734 0.204359 -0.485190 -14.368930 -24.138611
-1.273414 -8.545557 -26.634909 -2.016822 3.215675 10.281493 7.472405 15.327504 -13.982055 -0.065113 6.643029 -1.526662 8.329409 -3.124718 10.152244 -6.019626 -3.536279 -6.831187 8.852042 3.163562 11.879755 -7.546546 12.022719 18.755016 -10.156347 4.276215 0.415715 -0.657909 -14.363880 -24.102852
-1.192260 -8.540243 -26.734564 -1.947478 3.273638 10.275964 7.450382 15.356343 -13.782290 -0.075595 6.713708 -1.495537 8.319986 -3.202228 10.157089 -5.935088 -3.576704 -6.834190 8.843321 3.116058 11.867902 -7.357954 12.112646 18.722061 -10.146330 4.392500 0.379292 -0.422540 -14.508732 -24.036303
-2.814327 -8.715755 -26.204630 -3.209213 5.397641 9.635168 9.617380 13.922866 -13.912818 0.548372 6.822580 -0.060916 6.855358 -3.095914 9.997712 -5.834304 -3.946593 -6.018848 9.141328 3.974660 8.865552 -8.990054 10.005685 16.491375 -10.253953 3.239357 0.187062 -0.221396 -15.747840 -23.898140
-5.555718 -11.559832 -24.091772 -3.174942 8.197995 9.904839 13.051452 12.732420 -12.114998 -0.548711 6.793392 2.412742 4.705102 -2.933252 8.759737 -6.003497 -3.744134 -5.901925 9.431176 5.370831 7.591195 -10.337631 7.194024 13.882051 -11.159686 1.407119 -0.460049 0.794514 -17.058525 -25.066223
-6.929063 -12.410790 -22.449545 -2.711410 11.205245 10.391639 15.364907 11.883502 -11.161303 -1.398208 6.878818 4.539967 3.234563 -2.651069 7.489422 -6.165329 -3.048092 -6.498136 9.316150 6.249616 7.224950 -11.323213 4.368091 11.674958 -11.672983 -0.354970 -0.695438 2.856406 -18.161358 -24.410000
-8.886593 -12.893837 -20.750246 -2.369429 13.787303 10.742330 17.867622 10.297631 -10.071357 -2.030094 7.051506 6.671353 1.974062 -2.323133 6.755699 -6.019952 -2.494056 -6.327218 9.102637 6.666297 7.275021 -12.649428 2.302652 9.242694 -11.989339 -1.891567 -0.883355 5.008867 -19.744284 -23.748983
-10.898886 -12.430241 -18.531616 -2.262230 17.159822 12.123971 20.485783 8.215556 -8.604695 -2.859225 6.982685 8.474081 0.154430 -1.849342 5.695197 -6.273651 -2.274206 -5.802217 8.222239 7.288338 6.312384 -13.673553 -0.764737 6.755213 -12.831052 -3.623514 0.180949 7.119984 -20.926497 -21.798359
-13.045668 -11.356786 -17.080132 -2.961753 18.012434 12.640677 21.270267 6.800290 -8.459279 -2.089090 6.965744 9.311377 -0.381680 -1.594758 5.581910 -5.984329 -2.139773 -5.104414 7.664445 7.509809 6.190742 -15.310071 -2.496097 4.682713 -12.766916 -5.415416 1.944126 7.929488 -21.093601 -20.021976
-14.579600 -10.639852 -16.269594 -3.144077 19.118753 12.960288 22.155190 5.706737 -7.750025 -1.404397 6.930143 10.135834 -0.938650 -1.205231 5.626771 -5.815304 -1.513813 -4.005429 7.229428 7.577517 6.005645 -16.344587 -3.936449 3.165467 -12.744431 -6.031404 2.925770 7.973285 -20.253801 -18.636709
-16.696209 -9.365247 -14.557770 -3.917526 19.562429 13.647008 22.682674 5.280031 -8.554766 -0.372487 6.703592 11.125240 -0.827871 -1.153150 5.950370 -5.140990 -0.699644 -2.975072 7.050293 7.794774 6.264835 -17.097414 -5.906452 2.360229 -13.236129 -6.937464 3.180808 7.863154 -19.060713 -16.425436
-17.353697 -7.847089 -13.548628 -6.064542 18.229294 13.689898 21.937645 6.382153 -9.296841 0.372016 6.922220 10.881335 -0.613666 -1.207503 6.617214 -4.448315 -0.035669 -1.799394 7.042527 7.747007 6.410047 -18.443958 -6.699691 3.923618 -12.775365 -6.588936 2.965030 6.092301 -17.848774 -16.147892
-18.510899 -7.161419 -12.130513 -7.120780 17.120310 14.153422 21.240372 7.702563 -9.394303 0.840434 6.863703 10.842690 0.143183 -1.291392 6.892907 -3.957555 0.050935 -1.146042 6.586059 8.363815 6.052445 -18.859884 -7.275375 3.879667 -13.309025 -7.091396 1.905523 4.445749 -17.388922 -14.710772
-18.515621 -6.216733 -13.061419 -8.305490 14.629559 13.592555 20.456764 9.156477 -9.936946 1.457643 7.086269 9.482483 0.791823 -1.688586 7.622739 -3.350533 0.547004 -1.338301 6.704832 8.345787 6.307419 -19.457361 -5.722081 7.081210 -12.506333 -5.929425 1.163534 2.541586 -15.976131 -14.806583
-18.862297 -5.640434 -11.838071 -8.614051 12.968489 15.302589 20.279274 10.358842 -9.870409 1.421124 6.928675 9.462698 1.244067 -1.943111 7.529875 -2.866392 1.233654 -1.158019 6.288128 8.443653 6.919681 -20.021503 -6.967297 7.169540 -12.776597 -6.590186 0.828997 2.491711 -15.214503 -12.234359
-18.322102 -5.567336 -10.123237 -7.985939 11.568123 16.695080 19.903465 11.872746 -9.478342 0.765657 6.593874 9.301316 1.986206 -1.841874 7.406664 -3.080886 1.747508 -0.884914 5.900831 8.368398 9.067532 -19.568476 -7.180509 7.861511 -12.852242 -7.072447 0.459013 2.769792 -14.458765 -10.371863
-17.459263 -4.510720 -6.927883 -6.760710 9.991853 18.262428 18.993015 13.202134 -9.870406 -0.493694 5.302777 9.565924 3.239737 -1.783438 7.262350 -3.399876 2.827187 -0.475424 4.787826 8.462775 12.380029 -18.025564 -9.099114 6.706174 -13.699273 -7.850796 0.453011 4.202275 -13.933688 -7.150545
-16.937105 -4.736612 -8.198391 -6.082192 8.238781 19.245461 18.884438 14.720860 -9.981293 -0.361521 5.349044 7.856974 3.836640 -2.359842 8.197874 -3.259294 3.104266 -1.030673 5.605904 8.031245 13.669266 -18.100210 -7.298505 10.597523 -11.671108 -6.033551 -0.895539 3.564789 -13.585221 -7.325416
-16.093328 -6.585073 -7.937934 -4.772993 5.988914 19.995010 18.301907 17.209654 -10.417503 -2.215695 5.474964 6.894867 5.396752 -2.551536 8.510874 -3.079882 3.967170 -2.292419 5.441371 8.342814 16.124716 -17.246290 -6.236572 13.365546 -11.351146 -6.098132 -3.943246 2.125818 -12.369289 -7.800346
-15.244758 -7.452695 -8.204629 -4.194946 4.918833 19.952696 17.552547 18.253759 -10.513843 -2.805199 5.679961 6.530649 5.830232 -2.776694 8.310333 -3.321669 4.280549 -2.599555 5.486103 8.185375 17.812895 -16.729082 -6.469639 14.681141 -12.079882 -6.691738 -5.479187 1.205998 -11.531584 -9.127187
-15.233745 -7.839875 -8.577283 -4.259910 4.442312 20.136082 17.514771 18.368979 -10.322118 -2.957000 5.661337 6.383375 5.990966 -2.814075 8.274476 -3.395853 4.232486 -2.635383 5.441421 8.199443 18.104591 -16.270796 -6.591157 15.210946 -12.243153 -6.686480 -5.954729 1.282113 -11.824244 -9.681897
-14.982769 -7.782993 -8.663405 -4.516145 4.345337 20.131624 17.610970 18.604910 -10.488382 -2.867055 5.673657 6.169095 6.076060 -2.810830 8.335299 -3.420903 4.240202 -2.514660 5.440128 8.213689 17.880060 -16.338655 -6.483534 15.584823 -12.394925 -6.556658 -5.900168 1.194580 -11.785329 -9.856606
-15.047147 -7.520090 -8.829171 -4.530019 4.032563 19.938391 17.207327 18.510178 -10.619680 -2.810709 5.640862 5.948731 5.946949 -2.982089 8.404971 -3.339016 4.212151 -2.631819 5.678348 8.058474 17.691362 -16.487680 -6.269902 16.133526 -11.971321 -6.228653 -5.736674 0.831862 -11.556931 -9.885528
-18.686079 -0.675927 -3.706130 -7.842610 4.463775 13.992249 20.005234 16.096926 -17.879593 1.492095 1.671288 9.749258 2.529171 -3.914804 8.854768 -4.534074 2.963301 -0.392047 6.356060 9.006229 17.976454 -18.933882 -9.124728 6.437173 -12.327201 -2.392565 -0.251098 1.571748 -7.018445 -13.163407
-19.009398 -0.233512 -4.470398 -8.239721 4.153187 13.594709 20.324333 15.289479 -19.041153 1.682630 0.882605 9.421546 1.802963 -4.169060 9.671013 -4.525942 2.689399 -0.421607 6.194366 9.225960 17.670649 -18.852346 -8.294309 7.416070 -11.486486 -1.303773 0.061160 1.089316 -6.578648 -14.241931
-18.817982 -0.288149 -4.900734 -8.388725 4.096301 13.277640 20.465750 15.314721 -19.251099 1.711338 0.910423 9.276005 1.894146 -4.184240 9.865767 -4.511462 2.647172 -0.439049 6.320928 9.219240 17.381998 -18.807386 -8.081120 7.550753 -11.281635 -1.046253 0.153501 0.767551 -6.510473 -14.226106
-18.778360 -0.146139 -4.855678 -8.422603 3.999906 13.304294 20.213120 15.304038 -19.416052 1.776302 0.917664 9.156809 1.906931 -4.216089 9.776037 -4.462589 2.574028 -0.357531 6.312713 9.109363 17.408457 -18.982477 -8.033832 8.060153 -10.932418 -0.714846 0.298413 0.473151 -6.352939 -14.465470
-18.670094 0.168308 -5.335216 -8.596704 3.730782 13.274673 20.075199 15.279787 -19.448298 2.295927 0.905708 9.060043 1.927666 -4.189094 9.921655 -4.444980 2.500807 -0.393313 6.358835 9.034831 17.223375 -18.974646 -7.703078 8.521227 -10.707571 -0.415879 0.196067 0.506457 -6.409870 -14.552176
-18.426102 0.179293 -5.378725 -8.667955 3.547991 13.277690 20.092651 15.414565 -19.529125 2.424195 0.943183 9.039311 1.922014 -4.251492 9.987448 -4.370294 2.501054 -0.354855 6.376997 9.135611 17.175718 -18.959198 -7.626505 8.712501 -10.664822 -0.318790 0.098211 0.441455 -6.325583 -14.562410
-18.472572 0.103572 -5.513175 -8.778708 3.538717 13.156524 20.100449 15.347311 -19.452852 2.436517 0.959529 9.056135 1.867372 -4.219594 10.087310 -4.269073 2.568461 -0.393084 6.371312 9.115829 17.172714 -19.195108 -7.299629 8.802091 -10.563547 -0.331794 0.077174 0.366583 -6.353522 -14.526845
-18.409691 0.074824 -5.637104 -8.886711 3.497136 13.191944 20.040897 15.365357 -19.350351 2.458422 1.007859 9.037081 1.822245 -4.229164 10.138720 -4.248419 2.501684 -0.454903 6.407496 9.074221 17.040705 -19.178909 -7.256095 8.948601 -10.587070 -0.280311 -0.012920 0.196705 -6.338559 -14.708295
-18.347595 0.100688 -5.644591 -8.953886 3.480382 13.421881 19.959772 15.490831 -19.476095 2.508521 0.987519 9.035258 1.757779 -4.240147 10.144668 -4.277963 2.418942 -0.507226 6.412257 9.072490 16.955488 -19.049238 -7.088816 8.849624 -10.618320 -0.238497 0.060546 0.352979 -6.517056 -14.621881
-18.266045 0.068890 -5.769090 -8.965729 3.528404 13.178473 19.915745 15.485777 -19.572302 2.432052 1.000639 8.984001 1.784467 -4.192469 10.197060 -4.257530 2.421615 -0.531466 6.396289 9.027388 16.875528 -19.086748 -6.861329 8.960334 -10.571367 -0.176006 0.061642 0.262972 -6.469616 -14.620254
-18.293453 -0.061072 -5.795219 -8.844923 3.558158 13.056920 19.921104 15.395331 -19.296644 2.308481 0.980626 8.878832 1.842125 -4.220345 10.283783 -4.196636 2.418996 -0.560983 6.333055 9.029455 16.905287 -19.196825 -6.760458 9.119840 -10.587456 -0.237627 0.002739 0.180634 -6.377689 -14.561048
-18.193308 -0.111827 -5.887094 -8.797260 3.636672 12.979054 19.964409 15.424884 -19.197538 2.345350 0.959315 8.763656 1.800711 -4.257722 10.440875 -4.194149 2.340247 -0.525480 6.376998 9.046027 16.752176 -19.327600 -6.573034 9.274365 -10.424387 -0.104340 -0.003219 0.094484 -6.448094 -14.882829
-18.260365 -0.155333 -6.019190 -8.820269 3.581650 12.916966 19.967953 15.383735 -19.177130 2.326792 1.073511 8.642803 1.884044 -4.225051 10.387400 -4.217997 2.325101 -0.525265 6.468632 9.015463 16.618689 -19.395788 -6.203176 9.301394 -10.320807 -0.026170 -0.050956 -0.017734 -6.444706 -14.812840
-18.342407 -0.183215 -5.952693 -8.878971 3.511243 12.856692 19.914547 15.413732 -19.162817 2.375839 1.070017 8.574541 1.858950 -4.249729 10.414923 -4.239845 2.264169 -0.593045 6.520444 9.018024 16.636395 -19.371019 -6.106698 9.220262 -10.252644 0.003650 -0.089225 -0.092057 -6.434837 -14.785310
-18.230818 -0.142163 -6.091801 -8.869921 3.493797 12.766585 19.796488 15.414484 -19.254202 2.369589 1.068462 8.522476 1.902198 -4.225513 10.479136 -4.239993 2.296724 -0.578388 6.522197 8.978180 16.549589 -19.317936 -6.158566 9.404754 -10.305597 -0.045348 -0.178115 -0.233866 -6.409285 -14.777674
-18.158813 -0.175797 -6.089992 -8.849626 3.542519 12.758874 19.818504 15.464805 -19.290064 2.371533 1.131123 8.526770 1.923408 -4.230114 10.438837 -4.185574 2.307275 -0.599370 6.493320 8.949119 16.596010 -19.368464 -6.111386 9.504911 -10.340677 -0.063119 -0.206634 -0.266947 -6.304809 -14.869673
-18.066406 -0.173231 -6.137555 -8.869163 3.524148 12.893128 19.699356 15.521010 -19.296627 2.348891 1.127340 8.509884 1.964937 -4.224714 10.410125 -4.193524 2.337503 -0.665475 6.500157 9.024139 16.509386 -19.327929 -6.042620 9.465508 -10.289500 0.000247 -0.291835 -0.273064 -6.345991 -14.826524
-18.083878 -0.111327 -6.105182 -8.926010 3.548706 12.895755 19.708368 15.451856 -19.350731 2.318127 1.128468 8.475051 2.004773 -4.187508 10.446824 -4.167245 2.339390 -0.622028 6.430319 9.025712 16.543154 -19.356108 -5.939644 9.499028 -10.290437 -0.022361 -0.302089 -0.362202 -6.305504 -14.803555
-17.940620 -0.153230 -6.182596 -9.011968 3.513139 12.903583 19.752041 15.588897 -19.299868 2.445891 1.136758 8.476606 2.028037 -4.118032 10.466374 -4.152573 2.348393 -0.624990 6.408695 9.027284 16.602295 -19.454386 -5.893147 9.538004 -10.280534 -0.066922 -0.305763 -0.384421 -6.269045 -14.862670
-16.635677 0.539383 -8.891698 -9.929488 2.270413 11.544460 18.420088 15.422942 -19.103861 3.621815 1.554456 7.352178 2.865761 -4.056201 11.416002 -4.143624 1.634072 -0.491655 6.908245 8.730984 15.753375 -19.718178 -3.355362 11.547773 -9.047366 0.654224 0.923423 -1.515347 -6.557099 -15.257475
-15.751416 1.243860 -12.060555 -10.658388 1.454490 10.155210 16.853060 14.967639 -18.910709 5.343335 1.797903 6.202677 3.343875 -3.642379 12.225931 -4.349787 0.783782 -0.355451 7.115572 8.039773 14.180575 -19.870096 -1.291083 12.741506 -8.250404 1.582802 2.779195 -2.645507 -6.507866 -15.403765
-14.810539 1.984064 -13.771966 -10.479309 0.500087 9.899699 15.041720 14.762212 -18.880743 6.155294 2.176255 4.939785 3.812667 -3.521283 12.833010 -4.339078 0.087980 -0.189016 7.198816 7.479515 13.084064 -19.795025 0.669773 14.496795 -7.743454 2.158492 3.644315 -3.663577 -6.581713 -15.252942
-14.243427 2.124052 -14.520659 -10.484056 -0.005115 9.591550 14.311370 15.001136 -18.904785 6.758114 2.311523 4.611097 3.967432 -3.406472 13.162800 -4.324339 -0.214515 -0.045762 7.344618 7.232559 12.682603 -19.900110 1.295099 14.974240 -7.526515 2.281178 3.937240 -3.969778 -6.715256 -15.202262
