-14.057359 24.744944 -20.321478 21.323599 -10.281616 -4.721922 2.021246 0.669809 6.107543 -8.349373 2.558273 2.769654 3.862501 -9.318975 -3.415252 -4.979453 -4.177346 8.712245 -3.168954 -6.813880 -0.041145 8.423909 13.280465 -0.863310 -28.051737 7.068715 1.756689 -18.662107 1.560676 17.129570
-14.108416 24.791067 -20.304911 21.405790 -10.291208 -4.813743 1.886418 0.563160 5.864660 -8.625449 2.653162 2.583090 3.691047 -9.454392 -3.395857 -4.802121 -4.289326 8.749739 -3.297044 -6.644574 0.224014 8.508217 13.413589 -1.306286 -28.497952 6.584731 1.712251 -18.747084 1.604786 17.047237
-15.705641 23.850132 -18.286644 21.293585 -8.539553 -3.070535 3.037134 0.531838 7.498355 -7.574164 2.889036 3.007741 3.397556 -9.328660 -4.093794 -4.860242 -3.670695 8.347664 -3.398811 -6.110943 -0.898405 7.972905 12.014107 -1.981699 -28.603395 6.198321 -0.739905 -17.190182 -0.001369 17.743904
-16.028793 22.655041 -16.798807 22.414682 -7.366406 -2.643462 4.555370 1.257052 8.449068 -6.577909 3.188568 3.203239 3.164834 -9.618491 -4.461068 -4.226034 -3.073194 8.686857 -3.405723 -5.503954 -1.038941 7.642300 11.334369 -2.735663 -28.901190 6.615016 -1.804784 -15.495593 -0.300160 18.286617
-17.101032 21.201916 -14.669778 22.699518 -5.682047 -1.588280 6.278075 2.357896 9.898996 -5.089075 3.449099 3.454984 2.743993 -9.791803 -4.780046 -3.834678 -2.535745 8.721285 -3.464859 -4.938171 -1.975267 7.232865 10.416382 -3.379436 -29.782555 6.617670 -3.425000 -13.019019 -1.010627 18.986412
-17.561714 19.890018 -13.035192 23.662018 -4.680879 -1.445399 7.347101 3.294477 10.484797 -4.604170 3.677359 3.502056 2.390390 -10.010963 -5.254801 -3.599920 -1.896087 8.773207 -3.435452 -4.521946 -2.098817 7.231893 10.039470 -3.891259 -30.274538 6.719853 -4.476772 -11.399715 -1.320419 18.826601
-17.871983 19.135925 -12.301970 24.758734 -3.959460 -1.732698 8.136706 3.617408 10.564527 -4.528353 3.917873 3.607084 2.188540 -10.096140 -5.465934 -3.178729 -1.343505 9.042687 -3.551300 -4.341862 -2.786612 6.904423 9.736121 -4.271642 -30.709547 6.720949 -4.934602 -10.566911 -1.655723 19.177494
-18.140068 18.406597 -11.489873 25.482391 -3.603576 -1.913375 8.514544 3.977268 10.413682 -4.810295 4.079677 3.336301 2.053193 -10.198327 -5.729855 -3.075469 -0.942627 9.308809 -3.323712 -4.322457 -2.923210 6.567601 9.584128 -4.553170 -30.742731 6.700404 -5.285865 -10.087938 -1.621529 19.053953
-18.448030 18.120668 -11.074491 26.061745 -3.158850 -2.278935 8.900020 3.967854 10.379803 -4.651802 3.883163 3.187650 1.923690 -10.316340 -5.757604 -3.160394 -0.726695 9.459298 -3.261356 -4.454830 -3.117292 6.144607 9.235509 -5.035340 -30.801855 6.783014 -5.652612 -9.573282 -1.620923 19.274105
-18.963894 18.085701 -10.565466 26.663279 -2.941632 -3.056226 8.691729 3.714962 9.897167 -5.113040 4.070256 3.208945 1.637068 -10.436386 -6.041503 -3.149947 -0.629104 9.527424 -3.128804 -4.402219 -3.498650 5.801120 9.032688 -5.480579 -31.211519 7.076294 -6.011347 -8.557983 -1.857315 19.197344
-19.694500 18.315548 -9.691306 26.905138 -2.727292 -3.661633 8.559510 3.396555 9.394320 -5.258957 4.138305 3.240733 1.224870 -10.527958 -6.271326 -3.167883 -0.557205 9.523222 -3.001608 -4.388498 -3.996285 5.597329 8.611299 -6.096773 -31.266684 7.247549 -6.698568 -8.225188 -2.233747 18.829731
-20.611624 19.210289 -9.206927 27.074575 -2.793247 -4.285155 8.293674 2.488737 8.296995 -5.984570 4.130275 3.368893 0.683280 -10.675258 -6.660346 -3.353268 -0.483772 9.306033 -2.799582 -4.268538 -4.646005 5.302901 8.288968 -6.797928 -31.108709 7.452432 -7.202243 -8.409887 -2.484365 18.519295
-21.320969 20.065655 -8.795907 26.891436 -2.826910 -5.061086 7.754879 1.906821 7.069930 -6.470263 4.356203 3.328972 0.233737 -10.900064 -6.875555 -3.204932 -0.546818 9.039925 -2.678585 -4.090488 -5.126149 5.052860 7.962994 -6.901206 -31.134666 7.254819 -7.961771 -8.769048 -2.463091 17.886366
-22.137154 21.226265 -8.147603 26.237827 -2.850947 -5.104266 7.617414 1.152501 6.293457 -6.560875 4.278252 3.503533 -0.422260 -10.984562 -7.247303 -3.607021 -0.665327 8.703001 -2.417121 -4.112353 -5.681990 4.785159 7.596452 -6.633956 -31.310869 6.988485 -8.593566 -9.600100 -2.326216 17.068340
-22.704395 22.449558 -7.925466 25.540154 -3.234897 -5.405016 7.163201 0.208958 4.967675 -7.114613 4.553776 3.496814 -0.824542 -11.103908 -7.443343 -3.607569 -0.916618 8.420444 -2.228265 -3.815431 -5.889894 4.421501 7.436200 -5.941588 -31.321264 6.453572 -9.315433 -10.742309 -2.095929 16.446316
-22.917568 23.318823 -7.481917 24.712008 -3.838187 -5.015108 7.107187 -0.261324 4.602075 -7.164601 4.619378 3.804416 -0.981848 -10.929333 -7.838670 -4.164518 -1.233767 8.033554 -1.982062 -3.851330 -6.143205 4.020895 7.274932 -5.010701 -31.510141 5.715579 -9.350905 -11.890703 -1.796095 16.087152
-22.894463 24.896194 -7.561027 23.757059 -4.335440 -5.000915 6.620450 -0.780396 3.968604 -7.060654 4.669160 3.779503 -1.456722 -10.850306 -7.965930 -4.680594 -1.622959 7.764216 -1.650506 -3.993975 -6.098404 3.355272 7.491845 -3.360854 -32.196823 4.759118 -9.666900 -12.959445 -0.922924 15.293561
-22.941841 25.979286 -7.791000 23.022717 -4.712361 -4.882451 6.334452 -1.426144 3.480419 -7.178060 4.867170 3.751086 -1.637484 -10.684958 -7.960963 -4.997241 -1.908511 7.683743 -1.454055 -4.288403 -6.686181 2.419989 7.604028 -2.445147 -32.095737 4.117016 -9.582079 -14.474262 -0.408295 15.279035
-22.936193 26.731205 -8.348836 22.327978 -4.907668 -4.581923 5.942710 -1.921139 3.469194 -7.134586 5.275616 3.514576 -1.685348 -10.427250 -8.035862 -5.348525 -2.169430 7.648979 -1.213412 -4.749397 -6.871520 1.928154 8.193239 -0.916048 -32.356480 3.391715 -8.748633 -15.574426 0.475255 15.509682
-22.726093 27.734028 -8.698182 21.929485 -4.947574 -4.054868 5.575530 -2.434830 3.334980 -7.029166 5.581866 3.353194 -1.821069 -10.373303 -7.927319 -5.314041 -2.310358 7.490358 -1.222946 -4.697739 -7.248765 1.772786 8.479355 0.186898 -32.564808 2.902179 -8.635493 -16.277796 0.759931 15.770339
-22.676579 27.603104 -8.885064 22.038157 -5.065261 -4.114476 5.394394 -2.546824 3.160744 -7.330290 5.550616 3.344049 -1.722535 -10.329468 -7.806632 -5.335973 -2.430189 7.554981 -1.229453 -4.830338 -7.512697 1.853408 8.538391 0.173371 -32.560436 2.972270 -8.541865 -16.473379 0.784615 15.782826
-22.719919 27.652048 -8.849608 22.030466 -5.052223 -4.097511 5.386810 -2.603357 3.152415 -7.334895 5.579092 3.329665 -1.720739 -10.286814 -7.780875 -5.348944 -2.401538 7.571236 -1.247632 -4.870169 -7.519445 1.835922 8.551071 0.160293 -32.561031 2.983473 -8.545252 -16.453577 0.778584 15.782090
-21.140215 26.132534 -7.600483 23.931498 -5.673843 -7.749476 7.337407 0.358489 1.429637 -5.536847 4.018136 3.032851 -1.529980 -11.721616 -8.118465 -5.153442 -1.560334 7.284566 -0.661189 -2.804716 -4.125692 1.498604 7.851824 -4.148109 -31.922247 5.202640 -9.854634 -12.590942 0.715720 13.034253
-19.232222 22.042444 -8.105454 26.240555 -4.507289 -8.560352 8.423923 3.484885 3.896104 -3.644867 2.891585 2.539472 -1.113455 -12.426811 -7.649638 -4.875217 -0.940717 7.846556 -0.397404 -2.000098 -1.700033 1.645129 8.590966 -7.373003 -30.960529 7.375963 -8.507414 -9.671910 1.520732 13.301694
-18.045757 20.583975 -7.853112 24.215097 -5.742064 -8.001034 8.374022 6.063014 4.948008 -2.082771 2.028081 1.816068 -0.465614 -12.505820 -6.821269 -5.156938 -0.674683 8.024081 -0.380469 -1.729084 0.267347 0.615180 9.214890 -7.057470 -30.559452 7.531990 -6.839698 -9.169528 3.119136 14.450158
-17.305372 19.991833 -7.546010 20.416960 -7.544922 -7.556553 8.092288 8.733937 4.590076 -1.120857 1.258748 0.905443 0.071512 -12.186008 -6.180822 -5.971434 -0.500513 7.657326 -0.578122 -1.721599 1.952865 0.117119 9.785151 -6.895683 -29.997822 7.505222 -5.531747 -9.576026 4.345427 14.805577
-16.478870 20.489267 -7.790569 17.631208 -9.948496 -6.002527 5.621729 9.741315 5.177747 -0.703072 1.052800 1.178518 -0.007240 -11.729715 -5.125030 -5.930901 -0.844216 8.187119 -1.099970 -2.252869 3.403416 -0.603479 9.607637 -5.694458 -28.755581 6.702713 -4.518493 -10.685424 5.062474 17.180988
-14.632129 20.857647 -9.125692 16.321478 -10.703203 -7.329561 3.342639 10.980060 6.019004 1.600599 0.049630 0.809780 -0.022469 -11.918857 -4.575969 -6.385182 -1.217006 8.066045 -1.035829 -2.221635 4.791785 -0.831107 10.426204 -7.311796 -27.497107 7.544952 -1.989661 -11.347193 6.171596 17.036518
-12.811458 21.495420 -9.651803 15.777982 -11.695337 -7.271559 1.464148 12.024512 7.274680 3.148993 -0.721219 0.747108 0.422355 -12.083462 -4.062445 -5.949312 -1.252442 8.268755 -1.271773 -2.167743 5.313409 -1.269513 10.804267 -8.286874 -26.602610 8.158014 -0.184898 -11.114747 6.836458 17.875294
-11.828858 21.942354 -11.190808 16.018974 -11.423578 -10.000378 1.675716 12.434291 6.751382 4.047074 -1.275834 0.317291 0.229015 -12.529943 -4.228102 -6.694220 -1.734342 7.895380 -0.641430 -2.523412 5.342153 -1.516260 11.740105 -9.986415 -26.388330 9.495784 1.358227 -11.587232 7.265275 16.333931
-11.969661 21.930061 -11.267059 16.043760 -11.102446 -10.406856 1.976005 12.507876 6.576489 4.099670 -1.375753 0.331626 0.147652 -12.630206 -4.315087 -6.819713 -1.833571 7.771129 -0.532108 -2.592427 5.398455 -1.696536 11.777823 -10.218834 -26.388887 9.710785 1.309934 -11.643721 7.428675 15.785245
-11.932343 21.877953 -11.290298 16.175444 -10.950260 -10.390511 2.073802 12.503245 6.672789 4.124965 -1.380449 0.281752 0.080308 -12.637226 -4.329143 -6.837334 -1.770407 7.770721 -0.540865 -2.585787 5.403742 -1.685696 11.796500 -10.180776 -26.532560 9.644560 1.386666 -11.488073 7.486300 15.941600
-11.957168 21.918989 -11.263631 16.183289 -10.979771 -10.362388 2.025807 12.471054 6.676654 4.093563 -1.375794 0.286178 0.068167 -12.636873 -4.347099 -6.833412 -1.750008 7.765799 -0.553682 -2.579453 5.417191 -1.694204 11.782121 -10.164887 -26.521566 9.599276 1.434821 -11.437161 7.437823 16.009268
-12.007593 21.966827 -11.325215 16.261711 -10.918805 -10.431133 2.098866 12.406243 6.633358 4.031128 -1.353615 0.318953 0.092563 -12.661463 -4.364594 -6.811707 -1.790550 7.735541 -0.524801 -2.584023 5.374536 -1.663066 11.799624 -10.189147 -26.509129 9.635496 1.473469 -11.490746 7.424418 15.991626
-12.047571 21.994530 -11.298759 16.252396 -10.926918 -10.401885 2.108546 12.375186 6.632241 4.013966 -1.368134 0.326910 0.042784 -12.649631 -4.375580 -6.823887 -1.761882 7.712457 -0.546304 -2.592706 5.400834 -1.620801 11.794282 -10.207322 -26.453922 9.614801 1.428715 -11.549402 7.372406 16.018202
-12.011515 21.970638 -11.307176 16.260710 -10.920542 -10.343548 2.163645 12.382529 6.662482 4.051789 -1.340519 0.329513 0.101696 -12.667774 -4.359995 -6.792427 -1.773648 7.731084 -0.531406 -2.551879 5.347073 -1.618497 11.754558 -10.265568 -26.450806 9.615379 1.407112 -11.541565 7.322225 16.025963
-11.953114 22.045219 -11.242664 16.201674 -10.877722 -10.336942 2.195430 12.444462 6.701102 4.097616 -1.346190 0.311129 0.159205 -12.671750 -4.332094 -6.791352 -1.791582 7.764622 -0.512028 -2.560915 5.354498 -1.642994 11.738145 -10.323951 -26.409748 9.638962 1.362422 -11.644283 7.349718 15.909521
-11.972707 22.022392 -11.274122 16.162027 -10.979048 -10.440527 2.212782 12.445717 6.733450 4.096139 -1.402752 0.431232 0.303930 -12.571547 -4.426829 -6.958001 -1.746202 7.804794 -0.468157 -2.616482 5.359225 -1.589996 11.688169 -10.340421 -26.410616 9.663493 1.454742 -11.613248 7.354887 15.861121
-11.978312 22.029379 -11.255141 16.170883 -11.064454 -10.363825 2.173620 12.438422 6.727273 4.026125 -1.401925 0.435635 0.299711 -12.575556 -4.421286 -6.951872 -1.755932 7.810035 -0.463039 -2.613036 5.318383 -1.585995 11.673642 -10.282000 -26.381170 9.658577 1.422149 -11.656549 7.345413 15.887198
-11.946729 22.036232 -11.234179 16.137522 -11.046978 -10.351921 2.182343 12.457511 6.764402 4.057163 -1.399317 0.438543 0.311358 -12.564760 -4.413223 -6.944585 -1.751062 7.820998 -0.472077 -2.619808 5.329981 -1.599768 11.665904 -10.286404 -26.390368 9.640653 1.433757 -11.633322 7.368827 15.903878
-11.998061 21.975922 -11.261800 16.165426 -11.118536 -10.355108 2.252435 12.453849 6.751448 4.080976 -1.459608 0.570000 0.461258 -12.465243 -4.540053 -7.134894 -1.700418 7.838194 -0.426285 -2.655111 5.343947 -1.622228 11.694243 -10.232276 -26.442381 9.636346 1.466469 -11.632394 7.386257 15.908715
-11.377660 21.991781 -11.209767 16.161095 -10.802782 -9.760242 1.368296 12.595370 5.990956 4.154134 -1.477399 0.508327 0.448216 -12.485429 -4.500872 -7.128934 -1.727634 7.835631 -0.426556 -2.682154 5.367123 -1.616658 11.707707 -10.151642 -26.462736 9.666503 1.558358 -11.605390 7.429107 15.902513
-9.562392 20.157249 -12.457063 16.088936 -11.982317 -9.500720 1.189204 14.288243 8.152616 5.615369 -2.061061 -0.594883 1.546128 -12.616283 -3.451038 -6.530845 -1.309360 7.899545 -0.667473 -1.319664 7.812275 -1.098305 12.131385 -10.803591 -25.457163 10.007268 2.948208 -10.387160 7.841482 16.921326
-7.600146 18.157188 -12.378839 16.854658 -14.418393 -8.640794 0.987781 16.475931 9.978400 5.908469 -2.402738 -1.205063 3.175777 -12.294541 -2.512103 -6.403576 -0.928112 8.097981 -1.158422 0.253988 10.775922 0.533560 12.782666 -11.818353 -23.727255 10.570337 3.948919 -8.998929 7.559186 18.362190
-5.623158 18.017899 -11.209664 16.984495 -16.008331 -7.294057 -0.922258 18.269531 9.331286 6.210524 -2.405773 -0.917171 4.482320 -11.946141 -3.289303 -6.742660 0.158233 8.199934 -1.453199 1.169272 13.154845 1.298665 12.882061 -10.527479 -23.774076 9.829453 3.845972 -6.268094 7.025415 20.798609
-5.767900 17.073498 -9.081826 17.477987 -16.688780 -6.091053 -0.337537 18.702024 9.498160 6.305955 -2.194189 -1.726367 4.761945 -11.934925 -3.045272 -5.873842 1.162791 8.190818 -2.018579 1.628644 14.835694 0.761673 12.176797 -8.899507 -23.858681 9.113186 3.438065 -3.415774 7.688033 23.366503
-6.316256 14.658836 -7.615101 17.940279 -17.880478 -5.022589 0.092875 18.981945 10.169052 5.478528 -2.123009 -2.191552 5.345675 -12.004735 -3.014670 -5.218637 2.349759 8.356043 -2.383482 2.288597 16.691206 -0.969055 11.400205 -7.031989 -23.615755 7.916218 2.013255 -2.845383 9.611890 24.593843
-5.391087 12.628033 -7.335236 17.708448 -19.617796 -4.222996 0.579085 20.404428 9.579986 3.858600 -1.932549 -2.092579 6.729583 -11.546986 -3.168417 -4.661156 3.007594 7.845021 -3.300100 2.231495 19.323778 -1.164917 11.159323 -5.173980 -22.538118 7.027969 -0.214724 -5.006735 12.271023 24.037762
-4.257593 10.390178 -8.300878 17.940077 -21.588884 -3.487069 0.198771 21.933733 9.025964 1.868006 -1.405026 -2.302294 8.126763 -11.326405 -3.543552 -4.146047 2.993011 6.737541 -4.325617 2.094013 22.456491 0.261401 11.972555 -2.813877 -22.476723 6.315164 -1.698167 -7.132124 14.597062 21.915211
-3.905031 7.583546 -7.422509 18.326906 -23.369019 -1.241779 0.680264 24.399679 8.398500 -0.451463 -1.074400 -2.683085 9.777976 -10.961528 -3.889044 -3.439556 3.322399 5.211699 -5.855325 1.679474 25.570467 6.282669 13.788949 -1.762921 -24.334949 7.490707 -5.405441 -7.061642 14.353457 18.418381
-3.346804 5.736670 -5.077131 18.352571 -24.816450 2.173437 1.654856 26.659937 9.038470 -2.437526 -0.992792 -2.847794 10.010207 -10.917202 -4.922646 -3.450778 3.327317 3.176896 -6.640225 0.592813 26.814032 9.825870 12.419861 -1.164951 -25.649752 7.343427 -11.369574 -6.617757 13.258484 18.135258
-3.703007 4.591192 -2.352275 18.767561 -24.885492 6.218298 4.623416 27.792032 9.683701 -2.822681 -1.162046 -3.702683 9.304368 -10.931425 -5.966327 -3.973399 3.990758 1.652741 -7.139711 -0.956071 26.941813 11.710749 10.631357 1.558443 -27.375071 6.405813 -16.739336 -7.662045 14.948341 18.280247
-4.821160 3.899621 -0.256866 19.459314 -25.109179 7.824205 8.393762 28.255220 10.091313 -2.932854 -1.435052 -4.274950 8.386046 -11.535055 -6.478387 -3.997116 4.189971 0.717540 -7.236889 -1.343136 25.827436 11.717054 9.717321 2.396667 -28.389997 6.444427 -19.695269 -9.681975 16.989902 15.890256
-5.512354 4.768643 -0.636709 19.890179 -22.853003 6.997962 8.427093 27.262972 8.917212 -2.920457 -1.356782 -3.335082 8.119305 -11.542793 -6.916964 -4.183280 4.256514 0.893599 -7.044137 -1.168692 25.679670 10.486324 9.553683 1.140876 -27.966490 6.941733 -19.238516 -9.012843 15.510377 17.012669
-6.685291 6.088326 -2.055423 20.271425 -21.505163 5.053811 8.087687 26.215963 7.672062 -2.653983 -1.387787 -1.748658 7.358764 -11.885097 -6.712910 -3.791987 3.639041 1.832304 -6.457554 -0.230823 25.873199 9.195505 10.735942 -1.558910 -26.684477 8.559832 -17.041260 -8.279171 13.463705 15.979278
-7.561502 6.387499 -0.970149 20.369429 -20.548006 5.083393 8.837674 26.424990 7.020755 -2.044186 -1.433255 -1.029373 6.314002 -12.187057 -7.258558 -3.880697 3.606414 1.557539 -6.390121 -0.146875 24.845238 7.211663 9.993744 -1.952976 -27.000105 8.603886 -17.379274 -8.278982 13.265841 15.507672
-7.581471 6.961210 1.881190 19.820843 -20.954971 5.033707 9.140626 27.571692 7.060750 0.030165 -1.544159 -1.487973 5.152688 -12.582114 -7.997647 -3.941914 3.675455 0.508051 -6.445449 -0.521429 24.558846 4.843668 9.034374 -2.049828 -27.253317 8.735898 -17.232496 -7.011595 15.002671 15.698823
-7.259665 7.496164 5.010740 18.441439 -23.659863 5.649026 6.647451 28.258013 8.833918 2.226111 -2.140732 -1.570430 4.287244 -12.585505 -9.296757 -4.770544 4.347634 -0.355652 -6.194468 -1.437201 23.687399 3.497848 7.313943 -0.677312 -27.932419 6.549257 -17.794199 -6.142902 17.540556 18.830526
-6.978667 7.416636 5.257915 18.358320 -24.263311 6.334055 6.635531 28.323694 9.036130 2.250908 -2.181707 -1.823277 4.319408 -12.554401 -9.235186 -4.728417 4.557308 -0.148115 -6.170006 -1.547581 23.396898 3.232940 7.007765 -0.776127 -27.912241 6.259856 -17.941458 -6.054174 17.619474 18.834599
-6.721764 7.391099 5.339267 18.547405 -24.557619 6.232862 6.269832 28.425169 9.134788 2.325359 -2.189101 -2.023492 4.429123 -12.466161 -9.277327 -4.819031 4.596076 -0.226070 -6.088781 -1.624372 23.641235 3.396415 6.960974 -0.422408 -27.918646 5.915765 -17.991934 -6.370829 18.174673 19.206146
