3.182807 30.090189 -6.818192 12.468757 9.188807 -4.585276 -3.427593 6.492445 -2.923979 -20.473539 2.414657 2.966459 4.099255 -9.248371 -3.422168 -5.147171 -4.063216 8.649554 -2.991818 -7.040989 4.314624 6.276927 7.514237 1.465910 2.607005 23.718630 -0.613844 -24.499653 -4.344097 20.000101
3.184743 30.112862 -6.766018 12.550408 9.213758 -4.633383 -3.487286 6.432533 -3.088534 -20.787615 2.446994 2.965299 4.075515 -9.258612 -3.479842 -5.142459 -4.092454 8.665070 -3.011613 -7.009471 4.641772 6.290686 7.505342 1.039313 3.060869 23.919641 -0.553633 -24.797018 -4.383438 20.146568
3.154176 29.708927 -10.150645 8.727774 3.750540 0.423762 -3.532509 1.819912 -5.595066 -19.649321 3.780126 4.348886 4.021138 -5.871381 -2.141271 -6.102396 -6.833373 7.154925 -2.382824 -7.930511 3.455756 2.338896 7.409676 0.284550 5.985292 20.741261 5.783939 -22.443945 -10.287807 18.197388
2.669244 31.243595 -9.802039 4.632077 7.669597 -3.708589 -2.722025 0.635761 -6.702192 -20.343235 4.200345 5.228842 1.289404 -5.241461 -2.903353 -6.794774 -7.438058 8.105291 -3.121257 -8.493564 -0.548037 1.430184 7.233320 -2.161001 6.358671 20.031672 7.787424 -23.600889 -12.132996 18.910347
2.157775 33.092705 -10.511607 2.039071 8.085655 -5.747114 -3.585435 -0.416321 -7.120554 -19.400799 3.798012 4.320700 -0.232476 -5.245879 -3.691169 -8.207660 -7.082494 7.759677 -3.128037 -9.628194 -1.978868 0.840367 7.490973 -4.508377 6.067510 19.769665 10.111001 -23.058771 -12.507584 19.587872
2.192256 33.390244 -11.438754 0.573969 7.556334 -6.623790 -3.145794 -1.727208 -8.198923 -18.440907 3.579153 3.945327 -0.669673 -4.863137 -3.425196 -8.930822 -7.012466 7.539009 -2.934385 -10.597292 -3.094810 1.725153 7.939750 -6.351510 5.766953 19.661329 10.965205 -22.995466 -13.012169 17.962975
1.890251 32.094765 -12.467714 -0.203236 8.808659 -7.038671 -2.324952 -2.224225 -8.524647 -19.243322 3.604077 4.437671 -0.409521 -4.453233 -2.486413 -8.309713 -7.437578 8.427179 -2.685236 -10.676821 -4.380540 3.453198 8.559778 -8.194531 5.668618 20.955889 10.859027 -22.652426 -13.662613 16.030527
1.243283 31.299305 -12.843883 -0.475818 9.789927 -6.908921 -1.387913 -2.644512 -8.564453 -19.889002 3.749746 4.827167 0.008152 -4.160834 -2.217444 -7.782058 -7.745954 8.777996 -2.750900 -10.441149 -5.383418 4.153531 8.567941 -9.136226 5.753973 21.733633 10.863938 -22.551191 -14.118807 15.078502
0.616753 31.893303 -12.792993 -1.449526 9.745694 -6.942410 -0.855901 -3.056210 -9.261847 -19.821272 3.803396 4.673067 0.187019 -3.948270 -2.106151 -7.778266 -7.554910 8.637370 -2.884633 -10.761066 -6.006090 4.463218 8.625211 -9.641753 5.759688 21.655043 10.903716 -22.595381 -14.816978 13.993806
0.257332 32.067787 -12.659835 -1.483040 9.543909 -6.848219 -0.645332 -3.364686 -9.702775 -19.479910 3.885177 4.598040 0.199740 -3.610514 -1.949399 -7.950440 -7.322270 8.464646 -3.020947 -11.198057 -6.384727 4.552646 8.501219 -9.956977 5.510328 21.268242 10.682920 -23.171093 -14.995249 13.166032
-0.152857 32.307693 -12.951243 -1.877795 9.001474 -6.853657 -0.921544 -3.752619 -10.396559 -18.693514 3.928715 4.451538 0.082628 -3.384842 -1.799283 -8.032732 -7.086304 8.732802 -3.075077 -11.431238 -6.876489 4.293961 8.577252 -9.743282 5.543815 21.553984 10.489093 -24.082808 -14.479221 12.120815
-0.508747 32.539040 -12.965943 -2.246986 9.086567 -7.285221 -1.097076 -3.917776 -10.887107 -18.163153 3.784004 4.186637 -0.203960 -3.382171 -1.738075 -8.216436 -6.895648 9.046226 -3.067040 -11.664951 -6.845377 4.248908 8.848229 -10.007785 5.381081 21.570387 10.745243 -24.470865 -13.877029 11.383481
-0.750538 32.407463 -12.786554 -2.720000 9.382622 -7.643687 -0.947544 -3.780664 -11.289138 -18.199129 3.678863 3.994037 -0.162581 -3.424317 -1.532419 -8.155559 -6.891051 9.338839 -3.000442 -11.665560 -6.939957 3.719947 9.002141 -9.524606 5.593647 22.038115 10.909094 -24.973475 -13.274817 10.586362
-0.506941 32.971329 -12.408442 -2.988141 9.622492 -7.927723 -0.042186 -4.041722 -11.829869 -18.263163 3.524344 3.731653 0.206335 -3.341532 -1.167008 -8.087357 -6.821396 9.424869 -2.754077 -11.730074 -7.353051 4.091501 8.913070 -9.083205 5.973026 22.453272 10.433092 -25.277594 -13.582825 9.824620
-0.478738 34.108589 -12.470315 -3.452518 9.193876 -8.040851 0.551190 -4.974571 -12.872890 -17.354973 3.382976 3.436862 0.021113 -3.236834 -0.872765 -8.157139 -6.615669 9.799459 -2.712413 -12.139959 -7.899267 5.893957 8.644189 -9.282554 5.966835 22.107737 9.321920 -25.446438 -14.816599 9.270511
-0.230301 34.258930 -14.018060 -3.088777 8.741578 -8.772149 0.128118 -6.118263 -12.944880 -15.940964 3.354685 3.236803 0.010515 -3.018067 -0.530763 -8.032269 -6.330796 10.274332 -2.933985 -12.529284 -9.014344 8.037471 8.223939 -9.531470 6.405057 22.418121 8.327514 -24.888693 -16.110186 9.318646
-0.252336 34.438255 -14.161156 -3.243825 8.752850 -8.895387 0.211253 -6.328337 -13.050607 -15.737805 3.325104 3.242007 -0.019854 -2.963216 -0.507602 -8.056514 -6.266669 10.241277 -2.912578 -12.613433 -9.130427 8.287445 8.155576 -9.474105 6.551063 22.522627 8.242280 -24.780100 -16.282087 9.307590
-0.420085 34.281338 -14.313417 -3.213113 8.697644 -8.831103 0.233124 -6.555951 -13.110436 -15.657341 3.336989 3.172491 0.079515 -2.887681 -0.421556 -8.047483 -6.202987 10.265932 -2.976488 -12.653424 -9.139420 8.388106 8.147429 -9.594909 6.588976 22.424849 8.154346 -24.729815 -16.442087 9.228800
-0.365848 34.358044 -14.350203 -2.975819 9.042798 -8.775239 0.434206 -6.541755 -12.927608 -15.876411 3.341317 3.199763 0.052872 -2.960024 -0.474744 -8.015892 -6.289093 10.328037 -2.965253 -12.586609 -9.208283 8.245945 8.182296 -9.659329 6.609848 22.361172 8.155529 -24.812847 -16.546690 9.206977
-0.464582 34.162933 -14.114202 -3.036206 10.222019 -9.439128 0.439767 -5.895018 -12.308173 -16.531437 3.444090 3.419758 -0.134570 -2.981640 -0.872806 -7.946748 -6.688953 10.349831 -3.137724 -12.185006 -9.531756 6.890239 8.098493 -8.741767 7.049512 22.864546 9.257864 -25.093527 -16.056286 9.897635
-0.736595 33.799065 -13.539241 -2.900488 10.642075 -9.462798 0.058815 -5.047573 -12.028716 -17.069929 3.552975 3.761678 -0.243735 -3.057888 -1.177252 -7.881862 -6.955251 10.179688 -3.120450 -11.945427 -9.006928 5.064317 8.218822 -8.365005 7.149725 22.688595 10.220032 -25.460175 -15.260592 10.085656
-0.802514 34.207153 -13.536716 -2.928555 9.187860 -8.125726 0.640987 -5.761071 -13.010770 -16.519934 3.371374 3.291283 -0.068398 -3.035709 -0.692104 -8.135678 -6.555112 10.088030 -2.789027 -12.373461 -8.792239 6.144486 8.361779 -9.109756 6.572657 22.161226 8.979449 -25.695807 -15.532681 8.978392
-0.629674 34.412392 -12.682777 -5.943727 3.923070 -5.374299 0.157559 -6.382402 -15.559719 -15.620664 3.062481 1.388239 1.602055 -2.825178 0.563453 -8.982244 -5.214664 8.933897 -2.088529 -13.148031 -5.881979 7.298437 9.093181 -8.720340 3.813910 20.191111 5.015577 -29.152754 -13.390402 6.134830
-1.799788 33.632843 -12.305911 -6.348179 -0.253979 -1.192854 0.325619 -5.783312 -16.090784 -16.245733 3.325681 1.743362 2.704658 -3.600466 0.676092 -8.512046 -4.287986 7.748679 -1.692707 -12.922073 -3.705816 4.743785 10.368214 -9.040267 2.142803 19.274340 5.088887 -30.896044 -11.109172 4.070650
-2.009282 32.729542 -12.603567 -6.090886 -1.454162 0.023417 -1.027531 -5.381817 -16.005468 -16.105358 3.718453 1.599091 3.460303 -3.372292 0.685747 -8.276712 -4.078949 7.110275 -2.258173 -12.887533 -2.661916 5.135057 10.214985 -9.057682 2.041756 18.678270 4.956401 -29.941490 -11.734449 4.501271
-2.022526 32.896626 -12.269408 -6.600386 -1.360221 -0.129941 -0.706071 -5.287553 -16.149916 -16.353584 3.573858 1.060364 3.668272 -3.378790 0.879087 -8.458665 -3.866887 7.183412 -2.254966 -12.970542 -2.576651 5.019060 10.588265 -8.880923 2.029211 18.771832 4.651851 -30.545656 -11.462011 3.797103
-2.121193 33.156376 -12.156373 -7.276483 -1.222669 -0.385190 -0.519757 -5.356125 -16.386705 -16.410824 3.503421 1.002518 3.574963 -3.375383 1.038912 -8.601794 -3.771628 7.175207 -2.133737 -13.138762 -2.771041 4.587854 10.637746 -9.024238 1.850816 18.763903 4.416797 -31.117617 -11.202702 3.462801
-2.265414 33.376350 -12.183779 -7.212372 -1.102025 -0.305924 -0.230765 -5.458315 -16.579372 -16.324255 3.468531 0.878002 3.505464 -3.348653 1.098217 -8.717394 -3.782043 7.136177 -2.004129 -13.180009 -2.909530 4.258214 10.578334 -9.087686 1.925555 18.764650 4.854927 -31.145689 -10.880005 3.575622
-2.275127 33.795280 -12.033514 -7.350204 -1.203267 -0.118042 -0.003263 -5.662529 -16.708170 -16.188454 3.358331 0.788914 3.368080 -3.353571 1.080679 -8.856041 -3.775033 7.238763 -1.914365 -13.275134 -2.940902 4.345829 10.389213 -9.045236 1.988916 18.695181 4.875675 -31.088957 -11.008642 3.636723
-2.217181 33.771641 -12.020572 -7.275015 -1.102330 -0.103091 0.095336 -5.638217 -16.717964 -16.242908 3.337463 0.770557 3.373106 -3.353373 1.087220 -8.854085 -3.770359 7.223617 -1.913542 -13.293247 -2.978702 4.444171 10.368611 -9.109800 1.931999 18.645643 4.807491 -31.115713 -10.998302 3.721337
-2.317580 33.613777 -12.064079 -7.316580 -1.091573 -0.310119 -0.108317 -5.450090 -16.572620 -16.325554 3.361853 0.750900 3.375999 -3.421153 1.074332 -8.824271 -3.779178 7.327631 -1.956555 -13.214972 -2.945765 4.275187 10.478685 -8.974034 1.921894 18.696772 4.700428 -31.415216 -10.832291 3.393580
-2.226584 33.320953 -12.083734 -7.423434 -1.019527 -0.518523 -0.451834 -5.246571 -16.465750 -16.468969 3.386732 0.718674 3.507035 -3.439750 1.033575 -8.717597 -3.844929 7.339082 -2.068602 -13.156375 -2.835871 4.302217 10.631385 -8.820502 1.980106 18.877497 4.574660 -31.400246 -10.814281 3.172088
-2.331186 33.001884 -12.471164 -5.556650 -1.189176 -0.131066 -1.062178 -5.120982 -15.548169 -16.234035 3.858044 1.550418 3.559565 -3.296176 0.551070 -8.352061 -4.176824 6.800077 -2.450173 -12.729823 -2.326043 4.260599 10.401652 -9.051471 2.571070 18.747530 6.014558 -29.135221 -11.982168 4.707938
-2.527253 32.676224 -12.772113 -4.708477 -0.931002 -0.551328 -2.020593 -4.425948 -14.707512 -16.251169 4.126999 1.967633 3.389894 -3.149417 0.288028 -8.313382 -4.425406 6.491773 -2.594977 -12.505577 -1.917563 3.483139 10.658949 -8.647745 3.169770 19.063446 6.678212 -28.264574 -12.127747 4.741425
-2.090509 32.728989 -13.133046 -2.341807 -1.156283 0.901868 -3.182216 -4.894604 -12.830821 -16.022093 4.240901 2.030424 2.575819 -2.986357 -0.706611 -9.278127 -5.086302 5.384204 -2.659743 -12.377418 -1.805714 3.259787 9.777570 -9.026894 3.880915 18.875116 8.601032 -24.792686 -13.789881 8.767068
-2.151760 32.642120 -14.234877 -0.233849 -2.239293 4.076867 -4.178260 -6.551780 -11.824112 -14.953677 4.902029 2.548308 1.960622 -2.688461 -1.203272 -10.291491 -4.509845 2.844517 -2.459387 -13.280872 -2.405321 2.057992 9.539621 -9.899825 3.380840 17.976135 9.499103 -24.830626 -13.551033 10.615680
-1.292166 30.870388 -14.794205 1.895920 -4.581331 7.118650 -5.488284 -6.536530 -10.822351 -15.099274 5.558691 4.345355 2.206861 -2.825698 -1.456497 -9.382473 -4.217359 1.688238 -2.410470 -12.889913 -1.567407 2.653140 9.615255 -11.000360 1.781026 17.757170 9.447556 -24.493408 -12.197666 13.362968
0.369350 29.340643 -15.306685 3.665572 -6.863261 8.640086 -5.735457 -5.430139 -10.696347 -15.316137 5.762830 5.394949 2.729861 -3.334817 -2.106431 -8.040645 -4.595069 1.103580 -2.790677 -12.302946 -0.464967 3.531291 8.958392 -10.674031 1.147299 17.640036 10.059865 -23.409369 -11.659611 16.346905
1.281337 27.940241 -16.106436 5.084923 -8.672655 10.025775 -7.443733 -4.456912 -9.741929 -15.382493 6.001328 6.579271 2.918656 -3.629135 -2.767740 -7.144732 -4.897790 0.554285 -2.818151 -11.687801 0.313482 2.492903 8.537685 -10.303167 1.490707 16.601749 11.732352 -21.743773 -12.532574 20.031649
1.689102 26.345606 -16.808287 6.020996 -10.167311 11.105508 -8.454164 -3.209386 -9.236108 -15.770705 6.003218 6.597783 3.212540 -3.682921 -2.803259 -7.311677 -4.730761 -0.182596 -2.533416 -11.888853 0.556034 2.203455 7.536777 -9.363738 2.478643 15.712111 12.356724 -20.548969 -14.068096 22.230621
1.881628 23.405762 -17.958937 7.036385 -11.740704 12.470247 -8.668624 -2.387199 -8.988115 -16.224573 6.223067 6.885401 3.779311 -3.831649 -2.656603 -7.116680 -4.471238 -1.059500 -2.344003 -11.721786 0.911191 2.125902 6.446316 -7.258421 4.727957 16.345966 12.836146 -18.571943 -15.384511 22.557501
0.340559 20.368357 -22.382578 11.057733 -12.229276 12.193928 -9.440742 -2.520741 -8.773765 -13.899351 5.917028 6.993614 5.090331 -3.782776 -2.395077 -7.658864 -3.907801 -2.027828 -1.287564 -12.049092 1.861921 2.203623 6.987861 -5.486200 6.861702 18.725382 12.993493 -16.361403 -17.100798 20.168503
-2.875122 19.202639 -25.204344 14.251566 -14.457856 13.674504 -9.660231 -3.330947 -10.583255 -10.594319 5.558746 6.146809 6.308397 -4.233594 -2.084538 -8.572494 -2.598814 -3.868036 -0.295751 -13.121881 2.034621 1.668787 7.754499 -4.270564 8.087204 20.803572 12.814639 -15.570636 -16.763075 18.984272
-5.437066 19.344467 -27.307028 16.604057 -14.976147 13.288251 -9.894660 -3.851095 -11.042562 -8.014632 5.639756 5.395328 6.936960 -4.484064 -1.227256 -8.179332 -1.838884 -4.673126 -0.047559 -13.272821 2.645279 1.438982 7.856023 -3.416500 8.973708 21.416719 13.184510 -14.518989 -17.252497 18.758629
-5.900930 19.325699 -27.341501 16.746317 -15.328170 13.418924 -9.908195 -3.774317 -11.289554 -7.768720 5.637624 5.349036 7.141248 -4.474903 -1.099613 -8.069963 -1.627804 -4.738257 -0.036840 -13.342956 2.658035 1.275075 7.836530 -3.387717 9.166647 21.557919 13.375369 -14.337289 -17.306082 18.630207
-6.121168 19.338396 -27.389765 16.869839 -15.475267 13.524865 -9.840611 -3.771654 -11.398829 -7.579971 5.515227 5.510425 7.513274 -4.283093 -1.310978 -8.482594 -1.473856 -4.646957 0.130463 -13.444609 2.674242 1.205931 8.113971 -3.347733 9.149394 21.574160 13.174075 -14.462966 -17.201378 18.538754
-6.086228 19.255993 -27.303045 16.829458 -15.644470 13.630793 -9.993916 -3.646575 -11.490993 -7.628824 5.524079 5.516273 7.395483 -4.392123 -1.318473 -8.423167 -1.514371 -4.688827 0.133482 -13.412952 2.699010 1.335662 7.973461 -3.421006 9.133350 21.643904 13.317904 -14.333246 -17.278221 18.591501
-6.053317 19.257530 -27.345751 16.882233 -15.566047 13.626165 -10.014491 -3.677886 -11.472562 -7.611300 5.557956 5.454137 7.336323 -4.460856 -1.296281 -8.360600 -1.549918 -4.716676 0.116935 -13.374981 2.693166 1.358261 7.912452 -3.431627 9.154213 21.636534 13.413207 -14.237653 -17.378275 18.593397
-6.065195 19.261019 -27.354227 16.793383 -15.688669 13.648923 -10.116343 -3.650555 -11.536262 -7.568545 5.554955 5.454296 7.287360 -4.492368 -1.345526 -8.386448 -1.550338 -4.740621 0.098949 -13.411095 2.473119 1.266442 7.873822 -3.346572 9.233515 21.709841 13.383924 -14.414121 -17.331345 18.591869
-5.930591 19.239916 -27.335464 16.843660 -15.515511 13.660192 -10.070374 -3.632478 -11.435438 -7.695534 5.546686 5.486943 7.236362 -4.497056 -1.367781 -8.378970 -1.584080 -4.727810 0.097852 -13.432953 2.486082 1.190302 7.847187 -3.238509 9.310325 21.748446 13.373814 -14.409572 -17.262627 18.570721
