11.781978 29.035400 -6.289375 4.653058 15.183209 5.636095 0.657320 16.133116 3.498769 -3.947786 3.487273 7.577084 4.327708 -9.398461 1.492292 -2.453776 -0.663905 5.152613 1.491769 -10.097439 11.176960 13.762236 -16.947515 -13.028378 -14.649015 9.197568 11.280248 -24.527079 -1.407992 11.982430
11.936992 29.080441 -6.103525 4.413501 15.361663 5.474148 0.698940 16.248434 3.576467 -4.209377 3.454238 7.744072 4.477355 -9.333433 1.383697 -2.567124 -0.608030 5.199402 1.538167 -10.142574 11.729448 13.740135 -16.384342 -13.893705 -14.598972 8.936098 11.159636 -24.909468 -1.463200 12.223666
10.213612 28.190994 -4.063254 4.676626 16.882002 6.958194 1.267602 15.868719 4.610008 -4.137164 3.733366 8.183158 4.156125 -9.216085 0.648156 -2.607979 0.078051 4.788515 1.411671 -9.576265 9.733708 13.224360 -16.554403 -13.923504 -15.688883 8.425407 8.330971 -22.748663 -2.963181 13.138972
9.655742 27.105007 -2.460437 6.050073 18.024769 7.270812 2.424052 16.151123 5.431893 -3.783150 3.992752 8.370178 3.973206 -9.493862 0.340356 -1.987195 0.575108 5.163652 1.435228 -9.042771 9.569828 12.774687 -17.015615 -14.338515 -16.250250 8.670353 7.397719 -20.823015 -3.201590 13.863454
8.488297 25.619770 -0.623713 6.948694 19.341908 7.434746 3.670202 16.557047 6.038135 -3.690387 4.288273 8.620916 3.506528 -9.689110 -0.036059 -1.588297 1.161550 5.196877 1.390524 -8.444366 8.530503 12.109598 -18.000654 -15.011756 -17.043348 8.600469 5.613714 -18.836729 -3.924665 14.422753
7.846440 23.981464 1.061052 8.127722 20.404057 7.550972 4.794842 17.333195 6.658078 -3.635394 4.565896 8.663968 3.137383 -9.915916 -0.539619 -1.332788 1.817818 5.275796 1.433329 -8.040263 8.642238 12.206486 -18.365610 -15.714305 -17.314917 8.830045 4.671623 -17.394743 -4.149592 14.175681
7.713127 22.967361 1.856943 9.104596 20.854319 7.434509 5.630989 17.962378 6.901714 -3.494171 4.815666 8.613108 2.796022 -10.115512 -0.580933 -0.728363 2.304352 5.494982 1.263349 -7.834597 8.582587 12.175495 -19.713289 -16.620102 -17.111712 9.004196 4.289517 -16.885466 -4.818564 14.053108
7.580637 22.143913 2.641417 9.662722 21.176552 7.260067 6.237072 18.576250 6.984170 -3.355913 4.963229 8.352938 2.666758 -10.207478 -0.830509 -0.626683 2.695147 5.769989 1.465157 -7.807386 8.694833 11.946603 -19.928858 -17.509750 -16.698256 9.359080 3.829743 -16.473051 -5.003300 13.981461
7.461798 21.989754 3.020653 9.962965 21.545141 7.030148 6.703758 18.681501 7.064579 -2.990667 4.788791 8.203041 2.530107 -10.323914 -0.869328 -0.715075 2.962032 5.914735 1.530416 -7.923693 8.565863 11.349077 -20.370127 -18.094378 -16.520338 9.357597 3.404814 -16.392572 -5.004436 14.180483
7.111797 22.242451 3.671432 9.798443 21.923267 6.708055 6.996720 18.774809 6.977532 -2.447100 4.942513 8.248627 2.254113 -10.454358 -1.133680 -0.702654 3.022151 5.960666 1.680987 -7.859003 8.740504 10.805677 -20.772409 -19.130024 -15.796074 9.550035 3.078938 -16.193506 -5.393325 14.609498
6.786517 22.430485 4.414656 9.498561 22.287062 6.444467 7.171454 18.846779 6.870429 -1.718151 5.049061 8.309422 1.852570 -10.550553 -1.366637 -0.690677 3.089220 5.981274 1.820774 -7.854376 8.828240 10.312757 -21.395597 -20.508736 -14.902145 9.753736 2.435831 -16.455488 -5.816173 14.472764
6.147160 23.328588 5.091855 9.041924 22.555498 6.242096 7.367697 18.427931 6.416438 -1.267537 5.038475 8.450083 1.307631 -10.692398 -1.750258 -0.861598 3.164029 5.770830 2.002453 -7.741015 8.535554 9.965006 -21.880907 -21.435724 -14.404009 9.976547 2.030437 -16.726040 -6.074999 14.438203
5.741791 24.258179 5.394928 8.466186 22.725126 5.992550 7.321102 18.149269 5.949426 -0.838491 5.218080 8.566748 1.001481 -10.810666 -2.109830 -0.914382 3.130047 5.499874 2.185865 -7.572962 8.228653 9.775850 -22.321045 -21.718464 -14.262788 9.905360 1.240170 -17.077099 -6.233754 13.871619
5.166139 25.293392 5.857909 7.773868 22.949968 6.186829 7.632910 17.529907 5.725103 -0.377564 5.203812 8.668221 0.177968 -10.988588 -2.382055 -1.140606 3.001594 5.130379 2.378128 -7.501122 8.019722 9.415047 -23.315859 -21.716656 -14.057123 9.728271 0.914156 -18.000845 -5.964303 13.112782
5.005403 26.297770 5.993190 6.970395 22.600508 6.279896 7.447640 16.961607 5.089092 -0.249002 5.409270 8.732977 -0.050676 -10.997028 -2.676504 -1.334034 2.755834 4.878888 2.623313 -7.301047 8.076262 9.013782 -23.697916 -21.305584 -13.717790 9.280899 0.198493 -19.224167 -5.650244 12.580379
4.738180 26.924398 6.268573 6.165480 22.007204 6.897140 7.630499 16.623732 4.937556 -0.054056 5.477630 9.068485 -0.212255 -10.824535 -3.057973 -1.869471 2.440612 4.502844 2.863798 -7.336248 8.091920 8.384660 -23.535347 -21.053497 -13.230299 8.876284 -0.159772 -20.817881 -5.573392 12.419336
4.661918 28.244726 6.111342 5.353031 21.649338 6.944293 7.432715 16.191254 4.500704 0.222337 5.545207 9.015358 -0.684205 -10.744408 -3.186947 -2.405570 2.054980 4.265196 3.222333 -7.521557 8.547952 7.818202 -23.619892 -20.316250 -12.861256 8.222217 -0.572759 -22.606798 -5.016177 11.618623
4.712030 29.182934 5.845776 4.643359 21.152014 7.217989 7.499787 15.881789 4.124857 0.645460 5.714083 8.988817 -0.878525 -10.575604 -3.202530 -2.746361 1.771872 4.166069 3.416063 -7.797896 8.446067 6.840991 -23.694799 -19.686106 -12.212210 7.600929 -0.455578 -24.601601 -4.564963 11.734240
4.885784 29.783806 5.362315 4.058005 20.746374 7.667204 7.104854 15.661689 3.945691 0.685754 6.111515 8.763740 -0.925166 -10.329900 -3.279059 -3.084303 1.535176 4.123290 3.644085 -8.208961 8.700190 6.607449 -23.481367 -18.797993 -11.865538 7.065116 -0.131235 -25.758478 -4.157782 11.823810
4.921912 30.623920 4.953300 3.692505 20.499224 8.014716 6.672955 15.163462 3.823089 0.733245 6.451592 8.586155 -1.020026 -10.242428 -3.135410 -3.083719 1.304031 4.008701 3.653195 -8.254508 8.830461 6.591376 -23.926908 -18.396072 -11.474003 6.828681 0.031064 -26.601038 -4.074623 11.952029
4.793616 30.603317 4.926500 3.731442 20.565619 8.069037 6.575953 15.021560 3.714638 0.576370 6.385622 8.583298 -0.972709 -10.225682 -3.043586 -3.090416 1.271296 4.045140 3.634755 -8.308239 8.825271 6.611476 -24.024981 -18.643698 -11.236172 6.943912 0.034363 -26.796425 -4.033533 11.996667
6.182967 29.516384 5.833521 5.688507 20.267441 3.787802 7.875866 16.965578 1.395460 1.114278 4.875645 8.269958 -0.771487 -11.610775 -3.356539 -2.884588 2.133008 3.748746 4.202159 -6.287168 9.423669 6.252533 -23.776882 -20.578850 -13.679913 8.510216 -0.531238 -21.664564 -3.616666 9.241977
7.465779 26.303038 5.212975 8.728683 20.870045 1.421679 7.250931 18.994061 1.966980 0.373296 3.753341 7.745418 -0.341858 -12.316891 -2.883689 -2.614887 2.755037 4.310072 4.452121 -5.505939 10.632369 6.017776 -22.299046 -21.717903 -15.179495 10.134154 1.696154 -17.174648 -1.432788 9.584824
7.396560 25.134996 5.843379 7.729273 18.942690 1.040623 6.754490 20.428732 1.774343 -0.378067 2.881746 7.001141 0.308200 -12.414347 -2.088714 -2.895624 3.020358 4.490819 4.478838 -5.182704 11.928319 5.794313 -21.581879 -20.287485 -15.982894 10.043472 3.025461 -15.949344 0.295999 10.176602
7.638919 24.212990 6.289548 5.245983 16.390913 0.792617 5.747099 22.436644 0.349737 -1.305947 2.087230 6.033318 0.812136 -12.079334 -1.445824 -3.775883 3.170119 4.136155 4.277162 -5.240012 12.536466 5.544878 -20.327517 -18.539574 -17.290228 9.573674 4.306801 -15.347652 1.595282 9.558467
8.153568 24.470116 6.381969 3.674131 13.746496 2.245414 2.967943 22.745764 0.302886 -2.399855 1.962553 6.341023 0.654252 -11.596987 -0.395738 -3.545820 3.035124 4.792665 3.679088 -5.787613 13.387048 5.555852 -20.272707 -16.134045 -17.002880 8.535469 5.107467 -15.900749 2.277725 12.198054
8.413201 25.579910 5.012648 3.298329 13.489511 -1.556094 0.810624 22.214035 -0.489328 -2.296313 0.592872 5.740860 0.533658 -12.024850 -0.077851 -4.577474 2.436870 4.149164 4.141113 -5.684541 12.967513 4.809083 -18.200661 -16.115250 -18.939482 9.100279 7.935269 -14.905323 4.417185 10.437040
10.391420 26.817173 2.694386 3.781657 11.548148 -4.919095 -2.565806 22.777994 -0.612929 -2.178637 -0.666259 5.317335 0.910849 -12.545317 0.501055 -4.646499 1.889147 4.213811 4.357136 -6.038810 12.055619 4.577405 -16.294613 -15.246572 -20.880011 9.941435 11.656874 -13.345210 6.470941 10.133873
10.389309 26.688955 2.796608 3.932564 11.668858 -5.053374 -2.438292 22.830194 -0.715428 -2.208416 -0.678437 5.246685 1.008958 -12.561602 0.468740 -4.636298 1.941852 4.152820 4.365165 -6.006371 12.088599 4.612634 -16.312593 -15.462340 -20.904444 10.083408 11.525224 -13.244823 6.361521 9.892978
10.313066 26.688208 2.799170 3.861344 11.689245 -5.097652 -2.396888 22.842873 -0.774551 -2.268769 -0.736089 5.201301 1.020769 -12.599668 0.481223 -4.729025 1.893634 4.161524 4.409946 -6.005201 12.166183 4.499499 -16.219038 -15.319476 -20.987646 10.056361 11.618713 -13.220014 6.421591 9.731847
10.304122 26.680937 2.801857 3.827490 11.700720 -5.088757 -2.339392 22.839394 -0.778000 -2.245793 -0.745874 5.227442 0.963890 -12.595771 0.462325 -4.739649 1.893170 4.137156 4.405494 -6.004614 12.133744 4.476341 -16.239443 -15.325238 -21.007158 10.044916 11.620592 -13.231826 6.461159 9.739951
10.455470 26.512579 2.783430 4.060808 11.624392 -4.987790 -2.732362 22.918280 -0.503971 -2.302221 -0.791994 5.145860 1.224010 -12.572983 0.645728 -4.637156 1.896591 4.231778 4.363922 -5.927177 11.996723 4.536681 -16.100294 -15.087775 -21.380375 9.933161 12.078094 -12.790768 6.675143 10.021934
10.418921 26.588268 2.797501 4.039901 11.618782 -4.983324 -2.713676 22.897703 -0.569811 -2.308813 -0.795348 5.127768 1.175712 -12.579243 0.649919 -4.680886 1.846277 4.221943 4.397655 -5.991499 11.927370 4.588210 -16.075361 -15.082831 -21.358381 9.990955 11.979079 -12.886161 6.636658 9.994338
10.471524 26.393696 2.688541 4.170992 11.706219 -5.030047 -2.667145 22.926222 -0.507046 -2.354370 -0.820773 5.151091 1.253927 -12.578918 0.639941 -4.665712 1.837452 4.172584 4.388367 -5.928807 12.110001 4.734871 -15.984410 -15.174087 -21.300238 10.088789 12.045442 -12.767450 6.539536 9.827947
10.543624 26.419384 2.590904 4.095012 11.581068 -5.056496 -2.716453 22.917204 -0.483935 -2.345052 -0.801289 5.162872 1.222198 -12.557566 0.637535 -4.648240 1.869107 4.190967 4.368185 -5.916708 12.182209 4.608534 -16.088678 -15.215237 -21.135965 10.043660 11.992595 -12.952796 6.584248 9.899299
10.629349 26.451494 2.516205 4.106250 11.588884 -5.122328 -2.599764 22.914700 -0.558886 -2.339953 -0.840587 5.145436 1.173201 -12.549786 0.612615 -4.718848 1.849582 4.138463 4.372210 -5.998306 12.146152 4.658195 -16.058519 -15.198073 -21.144169 10.036427 11.986115 -12.992997 6.538446 9.882180
10.557858 26.438850 2.676049 4.053174 11.600072 -5.152537 -2.537073 22.923477 -0.694095 -2.334647 -0.830396 5.182227 1.136944 -12.567043 0.562225 -4.696154 1.904590 4.155595 4.349717 -5.945219 12.040248 4.669996 -16.067554 -15.158333 -21.338898 10.017734 12.083207 -12.724051 6.564106 9.905740
10.550152 26.411232 2.736466 4.222975 11.629944 -5.049700 -2.837867 22.949299 -0.455775 -2.313014 -0.819481 5.272468 1.407996 -12.465607 0.554392 -4.707467 2.021410 4.290354 4.355847 -5.891036 11.843049 4.714126 -15.574710 -15.041436 -21.411737 10.054907 11.814885 -12.837754 6.583410 10.204980
10.505624 26.441891 2.723253 4.119759 11.617199 -5.026778 -2.787413 22.989685 -0.418203 -2.291541 -0.865193 5.248338 1.364100 -12.499314 0.492401 -4.822614 1.943035 4.196799 4.406818 -5.964823 12.110772 4.561741 -15.578499 -15.205609 -21.255527 10.083704 11.852540 -12.828448 6.590116 10.154715
10.496522 26.435511 2.671126 4.095873 11.646326 -5.104407 -2.664648 22.957342 -0.504120 -2.347456 -0.886058 5.225786 1.383559 -12.489297 0.535118 -4.842452 1.893705 4.235674 4.427912 -5.981041 12.060674 4.592371 -15.567937 -15.197885 -21.272100 10.081373 11.890540 -12.822553 6.541046 10.037263
10.541075 26.403706 2.584947 4.098022 11.528639 -5.073071 -2.732770 22.898478 -0.431746 -2.374896 -0.912141 5.401870 1.573144 -12.363527 0.402909 -4.997728 1.951877 4.250384 4.457879 -6.046926 12.009982 4.380929 -14.646094 -15.240869 -21.230280 10.198790 11.620693 -12.828981 6.539143 10.287290
10.640208 26.395485 2.497196 4.019653 11.489523 -5.150599 -2.690956 22.924650 -0.497113 -2.382510 -0.930996 5.344903 1.468200 -12.381727 0.380260 -5.055593 1.936960 4.201428 4.475395 -6.101303 11.957249 4.237598 -14.257333 -15.273970 -21.126802 10.149014 11.402575 -12.979089 6.494395 10.487438
11.526612 24.672817 2.284469 6.079696 10.604607 -5.847703 -3.915257 22.982080 -0.223078 -3.987016 -1.468421 4.415555 2.587427 -12.526258 1.387781 -4.495485 2.197756 4.151229 4.253055 -4.644698 12.795485 6.257571 -14.629128 -13.860509 -22.778582 10.141907 13.077799 -10.204511 7.124417 9.805040
12.671897 22.672337 1.883365 7.900127 9.429201 -6.512477 -5.544851 23.705145 0.530189 -5.575376 -1.669223 3.826143 4.127991 -12.246547 2.214162 -4.205472 2.956166 4.613317 3.729276 -2.969606 14.870040 8.003540 -13.665305 -11.955353 -24.480925 9.778507 13.666673 -6.026246 6.834682 10.599918
13.886849 22.665848 2.226239 8.155149 7.852609 -6.817139 -6.312920 24.774366 0.208267 -5.244170 -1.558759 4.123435 5.538870 -11.921265 1.501508 -4.394355 3.988375 4.619062 3.482408 -2.124218 17.383684 7.016424 -9.739080 -10.195811 -24.083881 8.798225 11.995110 -2.990720 7.108252 15.780228
14.004628 22.054329 4.307463 8.699820 6.380476 -5.510206 -5.863968 25.366392 0.193887 -5.164052 -1.323382 3.231717 5.878252 -11.965542 1.728639 -3.602587 5.153337 4.807293 3.027730 -1.365265 19.381586 6.199317 -12.332529 -8.108838 -23.621384 7.561718 11.495616 -1.419370 8.665130 18.043573
13.566100 20.040127 5.970051 8.920392 4.570496 -4.342523 -5.404790 25.919470 0.527581 -5.753623 -1.184467 2.738481 6.459725 -11.966872 1.777069 -2.902406 6.211279 4.785857 2.394429 -0.818253 20.985016 5.489946 -14.100076 -6.451628 -23.114546 6.746967 10.878044 -2.238340 10.917923 17.788250
14.173066 16.984692 5.657878 9.501655 1.976153 -3.210476 -5.714904 27.626606 -0.046187 -7.702072 -1.010854 2.694690 7.891734 -11.444672 1.379753 -2.389431 6.793003 3.965240 1.233560 -1.394161 24.085501 6.005382 -12.972129 -3.876366 -23.031324 5.850619 8.462331 -4.677658 13.609831 16.205450
15.256343 13.963265 4.470871 10.212654 -0.517246 -2.156593 -5.352426 28.966248 -0.071426 -10.096107 -0.574759 2.549916 9.305434 -11.176040 1.134563 -1.852825 6.649434 2.975994 0.132948 -1.443463 26.300526 7.667731 -12.421300 -2.422567 -23.529345 5.628571 7.130163 -5.433206 14.871635 13.803889
15.221051 11.034933 4.903158 11.442289 -2.748058 -0.079006 -4.720162 31.034126 0.336397 -12.144329 -0.234076 2.129592 10.694066 -10.745393 0.478367 -1.367965 6.792606 1.346921 -1.272257 -1.710978 29.204266 13.810005 -11.634597 -1.490084 -24.786589 6.212660 2.247406 -6.095332 14.960601 11.658020
14.178729 9.167508 6.712930 11.840678 -3.359034 4.208229 -3.234689 32.104862 1.638146 -12.547743 -0.107273 1.621750 10.608484 -10.766602 -0.388029 -1.147072 7.035872 -0.543587 -2.439073 -2.993273 30.580734 16.651075 -13.224129 -0.368770 -26.418516 6.073440 -2.394139 -5.725677 15.017397 10.716110
13.031924 7.755342 9.536237 12.766945 -5.040495 9.467032 -0.403603 33.083344 1.872876 -13.026280 -0.374684 0.795592 9.802052 -10.958831 -1.478527 -1.677342 7.456870 -1.914695 -2.737651 -4.211561 30.116318 18.451294 -15.017013 2.119927 -28.123421 5.169308 -7.742832 -7.053084 16.678408 9.746146
12.524356 7.188630 10.826549 13.982663 -4.804797 10.750751 2.632901 33.154881 1.361777 -13.332181 -0.546106 0.408380 9.115650 -11.375067 -2.131910 -1.877781 7.698765 -2.837005 -2.746957 -4.567855 29.250906 18.642233 -16.500128 2.785751 -29.205576 5.106414 -9.504542 -7.706589 18.182215 8.123221
11.585615 8.013997 10.813062 13.957534 -2.908352 9.307853 3.125167 32.498074 1.287620 -13.434982 -0.488493 1.480324 8.895748 -11.400234 -2.478806 -2.088364 7.652938 -2.669009 -2.642938 -4.500739 28.757771 16.744680 -14.925819 1.479080 -28.663975 5.914953 -9.753907 -7.933868 16.876268 9.090284
12.199617 8.666398 8.594968 13.874454 -0.629847 4.902304 1.683422 32.132759 0.089883 -13.985147 -0.383745 2.947761 8.878514 -11.666136 -2.009626 -1.520357 6.924891 -1.739859 -1.846710 -3.138432 29.987667 16.235384 -13.337427 -1.257400 -27.235588 7.444774 -6.261436 -6.670454 15.226747 8.024063
12.894530 10.145985 7.085992 12.719936 0.541449 0.944350 0.184545 31.895555 -1.159838 -13.948200 -0.605020 3.314918 8.744763 -11.743624 -1.446522 -1.756335 6.593355 -0.828744 -0.891073 -2.461621 29.724920 15.469353 -12.768511 -2.246130 -26.630342 7.932115 -4.096571 -6.064599 14.592504 7.608172
12.669741 10.995816 6.616193 12.187208 0.821914 1.688282 -0.913678 31.137026 -0.620401 -13.869070 -0.485781 3.359255 8.315104 -11.619600 -0.606934 -1.119859 6.616156 0.015547 -1.197722 -2.545517 29.141169 15.557852 -13.954671 -1.519872 -26.778711 7.316173 -3.548991 -6.094932 14.249199 8.264525
12.134940 10.797251 7.055372 12.132486 0.727162 2.640658 -0.938467 30.815844 0.048788 -13.939413 -0.379687 3.706935 8.554206 -11.300972 -0.851325 -1.336177 6.711086 0.018906 -1.402411 -2.862482 28.987686 15.486570 -12.781560 -1.341905 -26.431103 7.077596 -4.594088 -6.652740 13.667084 9.443335
11.953219 10.580897 7.328812 12.278321 0.474264 3.162311 -0.621488 30.922602 0.022356 -14.133970 -0.428926 3.777561 8.430109 -11.397771 -0.948090 -1.325683 6.656682 -0.089828 -1.364884 -2.932525 28.936592 15.612667 -12.854881 -0.999452 -26.755362 7.078356 -5.200357 -6.911270 13.785549 9.201044
11.850331 10.239658 7.894598 12.772444 0.425851 3.677417 0.497717 31.400126 0.021572 -14.049082 -0.339492 3.811429 8.303834 -11.558218 -1.582810 -1.383248 6.683195 -0.781438 -1.564663 -3.055710 29.041105 15.686062 -13.025006 -0.768677 -27.246695 7.124978 -5.995622 -7.578625 14.570507 8.634119
