5.904890 30.929932 -5.929807 12.749508 11.931572 -1.783248 -6.447024 7.162029 -7.320126 -20.296534 -3.546513 6.320325 -0.531926 -9.668487 9.821387 0.031877 -1.838441 -0.169691 -5.018253 -6.122907 1.797102 15.047362 -10.146489 -0.016612 -29.424971 6.386034 11.367509 -16.445120 2.278483 9.780473
5.891091 30.951220 -5.868786 12.853626 11.966928 -1.842343 -6.496305 7.081964 -7.480327 -20.629690 -3.572212 6.380325 -0.546233 -9.650208 9.819992 0.029110 -1.854465 -0.204021 -5.035824 -6.102488 1.869917 15.216240 -10.537548 -0.056311 -29.578054 6.292683 11.419160 -16.422279 2.269150 9.588135
5.192410 12.199379 -9.609912 6.382701 5.548692 12.149607 -9.263013 9.430724 -5.677700 -31.834299 -0.151756 7.569172 3.095468 -5.764292 10.482165 0.096095 -4.642008 -3.491138 -6.004444 -0.002808 16.384283 12.300549 -8.899259 5.012871 -23.300909 -3.741068 15.391006 -3.857714 -12.945530 5.700414
0.119154 4.516891 -6.143619 3.652568 11.781336 20.433733 -4.632976 9.908231 2.075740 -26.684584 5.332458 7.249699 1.974153 -5.399857 5.919405 0.591917 -3.317404 -3.758756 -4.728301 2.056493 14.348722 8.271626 -12.296815 5.801733 -19.139410 -6.303160 6.035875 -0.393614 -19.774588 3.882401
1.997774 4.784861 -7.289086 2.158915 11.421903 17.788286 -6.941730 11.127480 2.384413 -27.019411 4.816164 6.999226 2.181967 -5.128962 6.558069 0.055574 -4.346932 -3.767326 -4.973516 1.461553 14.823550 10.175636 -11.892662 4.899378 -20.398994 -6.490861 8.697970 -0.863647 -19.650278 2.615065
-5.026673 0.569421 -3.345588 5.491887 10.583969 27.123533 -5.532936 9.356916 3.859450 -23.856140 7.451939 7.378664 0.807805 -4.941775 4.212204 0.824727 -1.506781 -4.767207 -5.042135 2.766298 10.663325 6.261665 -9.340425 8.383704 -16.543974 -4.431646 -2.882263 1.874388 -23.873827 3.315340
-0.957507 2.641540 -9.217067 2.391150 11.728899 18.388418 -9.029843 9.288478 4.741663 -25.920877 5.678436 6.629935 1.244942 -4.147346 5.610438 -0.848888 -3.662547 -4.353062 -5.090421 1.313603 11.487255 8.704844 -10.732102 4.829455 -18.186537 -5.546173 5.889758 -0.855005 -21.180716 1.321673
1.567424 3.941765 -10.698600 -0.597572 12.374977 14.242097 -11.825122 10.172122 4.055793 -26.472834 4.807082 5.963614 1.197074 -3.818995 6.447431 -1.634575 -5.128332 -4.039166 -5.125220 0.207155 11.174024 9.699254 -10.142039 3.397725 -19.533052 -5.757410 10.036809 -3.329819 -20.256361 -0.934930
4.144613 5.428504 -15.081012 -2.081357 10.624643 8.147876 -15.788445 9.251039 2.567847 -27.638594 2.767515 5.165438 1.466640 -3.227865 7.918774 -2.691020 -6.941389 -3.443954 -5.235953 -1.296015 11.804904 11.189314 -8.694290 3.376338 -21.138796 -5.784023 15.862838 -6.128792 -17.451506 -3.513727
4.157005 5.675222 -18.031834 -1.533917 9.769415 2.317146 -18.406887 7.632303 1.066733 -30.864359 0.455593 5.830724 1.555435 -2.309986 9.025440 -3.836957 -7.980089 -4.119856 -6.159786 -2.041711 11.809030 11.672630 -5.076564 1.904814 -21.723955 -5.911851 16.905249 -8.856225 -16.225054 -5.917076
2.849491 5.384911 -19.483742 -0.879255 10.231369 -1.272197 -19.345505 6.988735 1.202094 -31.535372 0.038411 6.039248 1.660565 -1.439000 9.047954 -4.292486 -8.049686 -4.595608 -6.980783 -2.321890 10.853710 11.716627 -1.797173 1.370565 -21.267170 -5.493008 15.983491 -10.627159 -16.038198 -7.384350
1.124459 5.249920 -20.219221 -0.305274 10.928667 -3.606237 -19.663631 7.162370 2.031004 -31.039049 0.121819 6.051485 1.909157 -0.849922 8.936848 -4.614854 -7.758598 -4.540933 -7.344194 -2.748517 9.063952 11.283340 -0.206030 1.385409 -20.630077 -5.153908 14.974963 -12.046438 -16.181507 -8.218728
-0.427479 5.903274 -20.343178 -0.441502 11.019234 -5.124918 -19.839413 7.159441 1.589608 -29.770250 0.370455 5.866150 2.563458 -0.227213 9.202073 -4.456141 -7.188625 -4.234827 -7.930811 -3.129372 6.056283 10.023901 -0.293362 2.726954 -19.729891 -5.274772 14.945930 -14.376893 -15.591227 -7.713310
-1.706888 7.328183 -20.255835 -0.841130 11.426952 -6.519707 -20.689194 7.184126 1.831466 -28.743139 0.679956 5.798284 3.692836 0.238802 9.656284 -3.857179 -6.537121 -3.773132 -8.736856 -3.132663 3.579503 8.658526 -0.055860 4.169067 -19.399960 -4.792116 15.168593 -16.384157 -14.685404 -6.397068
-2.471462 8.313694 -19.008574 -2.177969 10.345076 -7.364470 -22.786688 8.420678 2.338222 -28.198938 0.896946 5.728099 5.204999 0.428403 10.014735 -2.838233 -5.765552 -3.249892 -9.558677 -3.007872 2.133090 7.068026 0.699204 4.715405 -19.090309 -3.420881 14.594974 -18.061327 -12.840128 -6.101737
-2.775007 11.107278 -18.142290 -2.429278 10.041370 -8.198907 -23.956203 8.903964 2.731502 -27.088106 1.043173 5.741194 6.512381 0.145631 10.121172 -1.616616 -5.193862 -3.220984 -10.125203 -2.295040 1.750355 4.357095 1.325665 5.184015 -19.369396 -2.422229 14.161127 -20.309874 -10.372255 -7.070350
-2.813651 12.794289 -16.230091 -2.924935 9.189139 -8.065954 -23.953842 10.075994 2.731581 -27.037020 0.983756 5.277061 7.356982 -0.045814 10.407845 -0.858009 -4.660383 -2.965343 -10.566234 -1.877288 1.440439 2.750309 2.086133 5.560434 -19.854761 -1.595560 12.550159 -22.853609 -8.099696 -7.415796
-2.321561 12.417886 -15.464790 -3.603878 9.372747 -8.872454 -23.719439 11.351676 2.383089 -27.833693 0.917422 5.170142 7.794831 -0.105551 10.564054 -0.899769 -4.606268 -2.808775 -10.610253 -1.775952 1.993423 2.274224 1.419901 5.124486 -20.530624 -2.330256 14.069900 -22.450109 -7.903482 -6.167624
-2.226283 11.912567 -15.195790 -3.842880 9.342669 -9.034289 -23.561001 11.850692 2.097822 -28.214064 0.889969 5.160187 7.984067 -0.128864 10.565626 -0.923681 -4.580479 -2.791113 -10.601699 -1.790047 2.169879 2.080718 0.816899 5.107920 -20.434832 -2.575688 14.657708 -21.932386 -8.011025 -5.431223
-2.107756 11.458438 -15.097580 -3.966543 9.450981 -9.305541 -23.716423 12.300159 1.878240 -28.375046 0.851132 5.058639 7.914077 -0.204620 10.685965 -0.938036 -4.640625 -2.755600 -10.555716 -1.715940 2.658664 2.278047 0.047659 5.304627 -20.599485 -2.919760 15.291617 -21.545515 -8.056712 -5.103635
-2.322791 11.097161 -14.877951 -4.221349 9.436920 -9.463035 -23.739162 12.610496 1.783684 -28.474195 0.773398 4.943766 7.973431 -0.235959 10.752832 -1.071393 -4.703297 -2.824893 -10.476903 -1.742522 2.906769 2.414104 -0.450925 5.460486 -20.581522 -3.067789 15.459901 -21.337482 -8.159645 -5.107921
-2.493174 8.927409 -16.087530 -3.368831 10.688819 -9.417928 -23.495159 11.209826 1.227708 -28.360254 0.903622 5.017446 6.124286 -0.164530 11.039858 -1.406226 -5.050424 -3.041918 -9.932254 -1.972214 3.844992 3.266788 -1.993854 5.361712 -19.804316 -3.710471 15.110138 -18.440781 -10.556476 -6.644118
-10.643750 -1.854975 -8.542090 -3.267927 13.114410 15.418491 -19.208841 9.686646 9.756692 -20.537338 8.243968 5.150813 1.240807 -1.452192 3.860470 -1.522856 -2.038873 -5.025060 -6.801441 0.107166 0.652703 6.055885 -7.162494 6.519998 -15.474943 -4.023120 -4.021716 -6.241304 -23.593851 -5.026769
-5.436699 1.558794 -13.673266 -2.328154 14.759031 4.492253 -18.794582 10.588646 8.084277 -23.125462 5.761660 4.930367 2.772829 -0.919164 6.961094 -1.380041 -4.176583 -3.467536 -7.310464 -1.372830 1.675114 7.397124 -3.617952 3.042853 -17.257311 -3.308005 4.201890 -11.534129 -19.788519 -5.940177
-8.402350 -1.245657 -11.545618 -0.956533 15.123791 12.433624 -17.631310 8.450992 9.473184 -22.634857 7.532290 5.948532 0.358626 -1.461616 4.438035 -1.522482 -3.687115 -4.967518 -6.826350 -0.374488 0.767476 8.381646 -4.822997 2.612726 -16.252554 -2.419883 -1.363607 -5.843451 -25.225508 -5.171546
-7.375399 -2.141523 -11.448098 -1.529869 14.082088 14.983966 -16.556164 10.092746 8.906793 -21.685061 7.427739 4.993795 0.342574 -2.003119 4.101952 -2.232202 -3.781508 -5.224026 -6.241957 -0.008939 3.490391 8.755329 -3.829353 3.746710 -15.292246 -2.975745 -3.614736 -5.569537 -25.006790 -6.172767
-4.048339 -0.642506 -15.243062 -0.872097 14.434774 8.500113 -16.162872 9.397935 8.877453 -24.307913 5.947164 5.322058 0.532854 -1.647211 5.031571 -2.804319 -5.366968 -4.887199 -6.229123 -0.841615 4.849486 10.328043 -0.904377 -0.233685 -16.792049 -2.593817 1.946916 -5.785097 -24.182432 -6.031033
-3.122612 -0.607509 -15.538207 -0.696075 14.025016 9.500496 -15.605966 8.977738 9.288479 -24.447248 5.794955 5.129768 -0.001811 -2.127164 4.905974 -2.874039 -5.714331 -5.363166 -5.861391 -0.697418 6.628158 10.189803 0.855191 -1.313671 -16.764830 -2.626168 1.578449 -4.108416 -24.924810 -5.637383
1.753991 2.025876 -18.345957 -2.757847 11.844790 3.605889 -15.560361 9.231448 7.577471 -26.152966 3.707634 4.184847 0.748380 -2.332644 7.186096 -3.097807 -7.639000 -4.553310 -5.735077 -1.732712 10.880677 11.839996 4.632754 -3.436680 -19.338224 -2.518813 7.305934 -4.264021 -21.904394 -6.595562
-2.400253 0.102575 -13.626283 0.951222 12.503157 14.176337 -12.663778 8.173096 9.707557 -25.070547 6.007487 4.338761 -1.014982 -3.789877 5.265303 -1.423477 -5.404700 -5.458138 -5.487672 0.525090 9.912727 7.829517 2.303238 -0.025127 -16.355724 -2.783484 0.921985 1.033816 -25.250460 0.359888
1.706737 2.196365 -14.337812 -0.473517 10.672413 10.258441 -11.111125 9.802891 9.136381 -26.629892 4.774004 4.159733 -0.299602 -4.245753 7.595523 -0.615602 -6.870746 -4.578994 -5.736510 0.422926 12.391801 7.417054 3.611309 -1.687370 -18.184607 -3.015957 6.913729 1.582288 -22.984562 2.115161
3.442924 4.928095 -16.759125 2.482383 7.905943 5.978135 -11.304976 7.793468 4.020481 -30.542856 2.391345 4.325195 -0.246794 -4.381485 10.109901 -0.013669 -7.669427 -4.583618 -6.884524 0.393074 14.909473 6.162493 6.315418 -1.140442 -19.217890 -1.990823 13.060489 2.001011 -19.251886 3.440031
4.600202 6.358244 -16.586405 4.085478 7.302002 5.983972 -9.502167 7.784128 1.035383 -31.873732 1.305928 4.425811 -0.403309 -4.844145 11.751978 0.778287 -7.829062 -4.745377 -7.321690 0.754053 17.264774 5.061711 7.253712 0.373419 -19.514284 -3.219517 14.880772 1.964083 -17.449196 5.632527
4.887517 7.286145 -15.970002 6.596282 6.673120 7.237755 -7.044872 7.501261 -1.111153 -32.184807 1.174517 4.084701 -0.350511 -5.570116 12.794394 1.951182 -7.731798 -4.795806 -7.335128 1.192459 20.100849 2.970549 11.616485 2.397390 -19.152922 -4.160807 14.677595 1.761362 -14.775306 7.844460
5.813074 8.017040 -15.292167 8.137167 6.946782 8.925035 -5.419893 7.992238 -3.006324 -32.463982 0.965981 3.994997 0.005575 -6.434830 13.123026 2.535774 -7.468853 -4.994651 -6.974469 1.422407 21.106012 1.978917 12.845568 3.533930 -19.598305 -4.405921 13.296993 0.892013 -12.827332 9.627267
7.922230 9.085787 -14.262874 8.608795 7.413462 9.525256 -3.533152 8.176660 -4.573161 -32.889866 0.883169 3.817979 0.814222 -7.112676 14.187061 3.408369 -6.972394 -5.811630 -6.243013 1.720597 21.054831 0.443591 14.306758 2.781991 -21.999609 -5.457993 10.820729 -1.004192 -11.648845 9.706454
8.731806 9.996605 -12.401346 6.855672 8.480301 9.189284 -0.619421 7.930943 -5.068738 -34.385345 1.086114 4.175200 1.466464 -7.063427 15.025099 3.786622 -6.368597 -6.790226 -5.728892 1.741382 21.226664 -0.365982 18.270300 -0.420863 -24.281534 -5.417111 10.312726 -1.699354 -10.721316 8.185102
8.788823 10.136965 -12.144362 6.622154 8.742921 9.007983 -0.413806 7.774009 -5.263130 -34.415688 1.105955 4.252786 1.643296 -7.022475 15.163034 3.881927 -6.091871 -6.826997 -5.551544 1.697509 21.304918 -0.146021 18.775726 -1.622937 -24.866566 -5.882367 9.950874 -1.898875 -10.690652 7.392332
8.981962 9.991369 -12.068702 6.711795 8.687767 9.069175 -0.406697 7.942193 -5.470544 -34.628567 1.058439 4.198826 1.614205 -7.005731 15.245441 3.896994 -6.130901 -6.887638 -5.579646 1.756398 21.339834 -0.252471 18.868500 -1.715930 -25.000872 -5.896885 9.930951 -1.731060 -10.635607 7.582669
8.805092 10.081298 -11.855868 6.489179 8.731964 8.855670 -0.439398 7.883903 -5.406656 -34.600803 1.029828 4.201156 1.642031 -7.023692 15.223793 3.876706 -6.134938 -6.874829 -5.558095 1.767244 21.510868 -0.034657 19.010931 -1.777200 -25.072680 -5.714808 9.791154 -1.581878 -10.452845 7.324870
