-8.630767 23.565149 -21.043867 14.644178 -7.564152 1.593540 5.809114 7.890450 13.169404 4.855522 -4.988136 10.931267 4.246996 -7.358702 5.374751 -5.562052 -0.469566 0.871852 -2.888060 -7.593081 -0.192790 8.271643 13.390756 -0.503444 -27.716780 7.394338 2.101475 -18.843849 1.715810 17.128223
-9.141091 23.467670 -21.238592 14.709643 -8.017815 1.071585 6.563561 7.741189 13.892112 4.789319 -5.019548 10.993196 4.250663 -7.326046 5.363717 -5.585621 -0.470968 0.844462 -2.904309 -7.578775 -0.134414 8.346265 13.414781 -0.578378 -27.814596 7.335255 2.038475 -18.872435 1.729956 17.082764
-9.299941 21.615984 -20.893955 11.992748 -9.419401 2.314054 5.580946 7.712932 14.343642 3.146643 -4.571291 11.061010 4.585468 -6.588157 5.586781 -5.879625 -0.884187 0.341329 -2.931792 -7.222841 0.724116 8.621641 13.053288 1.757759 -25.448839 7.370813 2.477972 -16.693195 -0.843806 16.598770
-8.955965 22.232685 -20.732206 13.105653 -9.426733 2.799468 6.417818 7.872998 13.976533 3.326286 -4.687823 11.136333 4.423051 -6.788699 5.538804 -5.731226 -0.815514 0.523390 -2.947775 -7.482975 0.834734 9.051726 13.411489 0.049250 -27.142157 6.673274 2.081141 -17.712477 0.124195 16.885330
-8.580525 21.601196 -20.208891 11.485454 -10.788389 4.661347 6.876504 7.975029 13.659967 1.922127 -4.370061 11.342815 4.740904 -6.388053 5.757699 -5.565482 -1.107764 0.217773 -3.087553 -7.319150 1.784959 10.387774 13.282516 1.124447 -26.267149 6.389001 1.616112 -16.564783 -1.804506 16.530266
-8.543717 20.545204 -20.037523 10.332500 -11.878181 6.294848 7.231072 8.092612 13.378494 0.755037 -3.954597 11.878444 5.172752 -5.791043 6.325716 -5.119370 -1.418532 0.229810 -3.091247 -6.892310 2.601816 11.379473 13.319602 1.378563 -26.154024 5.710696 1.188028 -16.046185 -3.089132 16.068686
-8.559203 19.974718 -19.885321 9.893128 -12.489417 7.523034 7.637861 8.079973 13.267957 0.078900 -3.639303 12.259683 5.403584 -5.481136 6.532086 -4.755599 -1.680567 0.294665 -3.248003 -6.556150 3.339234 12.539795 13.255102 1.533689 -26.141361 5.169064 0.445738 -15.849715 -4.062591 15.317766
-8.298806 19.546886 -19.768356 9.784038 -12.858048 8.658551 8.744884 7.755930 12.819972 -0.528085 -3.421427 12.626510 5.388968 -5.183199 6.881500 -4.552553 -1.848298 0.512183 -3.221905 -6.507685 3.734064 13.396107 13.182643 1.672751 -25.957006 4.837465 -0.078738 -15.466157 -5.064167 14.555844
-8.015951 18.864498 -19.859575 10.003345 -13.504801 9.846295 9.485928 7.655832 12.821522 -1.132454 -3.236250 12.854315 5.381707 -4.864703 7.195193 -4.496611 -2.030883 0.573260 -3.169095 -6.540509 4.590788 13.465755 13.301704 1.746047 -25.894775 4.013035 -0.187952 -15.084067 -5.936124 14.049945
-7.780890 18.238062 -20.367167 11.019713 -13.595592 10.582774 10.264756 7.533802 13.082404 -1.412856 -3.108384 13.355759 5.163327 -4.794111 7.358684 -4.573505 -2.147564 0.237860 -2.775057 -6.719791 5.251966 13.161036 13.527624 1.507038 -25.826426 3.421106 0.292143 -14.428294 -6.605503 13.892085
-7.393753 17.326540 -21.184355 12.037307 -13.290264 11.230773 10.812314 7.218445 13.624784 -1.778857 -3.010044 13.703815 4.918329 -4.724550 7.425245 -4.871033 -2.230292 -0.425871 -2.330408 -6.871586 6.207720 11.995531 13.745035 0.628623 -26.450094 1.720893 1.252840 -14.026422 -7.108485 14.289315
-7.215650 16.669853 -21.974327 12.831043 -12.558861 10.989123 11.135169 6.688170 14.293057 -1.975388 -2.951820 13.956160 4.812940 -4.653454 7.391355 -5.099035 -2.259017 -1.122124 -2.035263 -7.129059 7.143496 10.458551 13.700983 0.557652 -26.581858 0.602074 2.428846 -13.499870 -7.236725 15.061811
-7.254632 15.616670 -22.595270 13.635048 -12.009835 10.689327 10.991339 6.610408 14.898735 -2.032537 -2.902002 14.164454 5.124918 -4.665356 7.459617 -5.110302 -2.290033 -1.822001 -1.738219 -7.078388 7.866058 9.304249 13.917418 -0.122077 -27.172310 -0.428173 3.493899 -13.159282 -7.189607 15.776113
-7.200493 14.531841 -23.425198 14.688408 -10.978972 9.820277 10.548097 6.676162 15.796704 -2.093801 -2.830516 14.293585 5.384598 -4.625912 7.456246 -5.131945 -2.176747 -2.461721 -1.544137 -7.075007 8.701650 8.035692 13.796363 -0.680378 -27.365940 -1.239126 4.754244 -12.457911 -7.168015 16.146200
-7.467986 14.095059 -23.889103 15.030338 -9.917521 8.695751 9.694758 6.730070 16.411722 -1.888011 -2.744856 14.270031 5.881176 -4.663383 7.463205 -5.210714 -1.894090 -3.181351 -1.364533 -6.999228 9.544493 7.052643 14.025277 -1.294856 -27.519598 -1.887798 5.867872 -11.680821 -7.290593 16.317627
-7.608020 13.833003 -24.065365 14.848909 -9.094287 7.414932 8.901841 7.211579 16.959114 -1.811879 -2.735698 13.943089 6.624113 -4.733425 7.545959 -5.162366 -1.645802 -3.466962 -1.420301 -6.644705 10.291798 6.679001 14.092896 -2.102727 -28.075064 -2.637459 6.696026 -11.153750 -7.542295 16.376438
-8.151373 13.657888 -24.504719 14.415110 -8.644389 6.350743 7.720186 7.477457 17.151201 -1.321492 -2.737973 13.554996 7.424028 -4.744163 7.693513 -5.134010 -1.354476 -3.652857 -1.473864 -6.290248 10.612773 5.995144 14.216666 -3.161530 -28.440924 -3.097537 8.026724 -10.508272 -7.725681 16.382984
-8.608504 14.004925 -24.754850 13.815392 -7.842578 4.941482 6.988398 7.687360 17.522665 -1.020511 -2.823509 13.126984 8.120893 -4.842169 7.831609 -5.081204 -1.057211 -3.431026 -1.609636 -5.884824 10.958902 5.119009 14.736065 -4.776271 -29.209978 -4.009348 9.041335 -10.022628 -7.953996 16.278818
-9.316681 14.324347 -24.739679 13.492874 -7.048184 4.039453 6.667462 7.758996 17.383156 -0.683238 -2.856459 12.845810 8.818278 -4.872694 7.849851 -5.017838 -0.764443 -3.269279 -1.723785 -5.377223 10.679963 4.179060 14.939030 -5.784242 -29.300772 -4.539401 10.101550 -10.012156 -8.150719 15.912431
-9.987158 14.785373 -24.583193 13.558444 -6.120566 2.987713 6.379907 7.938438 17.650881 -0.376911 -2.930756 12.281902 8.842303 -5.211194 8.185657 -4.669339 -0.754676 -2.967802 -1.841776 -4.854735 10.568293 3.153324 15.087070 -6.353563 -29.328215 -5.216425 10.916155 -9.922681 -8.426841 15.785989
-10.158768 14.831571 -24.336489 13.101225 -6.085849 2.838157 6.369647 7.920075 17.356165 -0.353539 -2.864560 12.249094 8.956174 -5.164992 8.241921 -4.618675 -0.725744 -2.915456 -1.949185 -4.643689 10.400707 2.578207 15.223927 -6.951910 -29.477722 -5.662498 11.128462 -9.997829 -8.377550 15.629530
-10.242280 14.903476 -24.299299 13.028017 -5.931999 2.738458 6.392184 7.900854 17.276403 -0.291366 -2.876176 12.275957 8.894513 -5.209174 8.249735 -4.553201 -0.686471 -2.827778 -1.966708 -4.660754 10.299285 2.434278 15.118227 -6.958999 -29.380819 -5.778909 11.272226 -10.006947 -8.429876 15.617680
-8.509027 14.044580 -25.507227 13.093262 -8.892250 4.889503 6.933265 6.648259 17.260948 -0.337945 -2.878344 12.515192 7.428978 -4.715147 7.618542 -5.418849 -1.478577 -3.404866 -1.950799 -6.277571 9.015516 4.941092 14.558196 -4.235155 -27.448002 -2.236227 9.871408 -9.667023 -8.204226 16.195997
-6.486634 17.096176 -25.390518 10.246219 -11.705808 5.943110 7.518007 5.487685 15.141795 0.059812 -2.983306 12.419296 4.733753 -4.249497 6.839128 -6.325982 -3.433778 -2.444870 -2.460153 -7.524804 5.015655 7.372468 14.256375 -2.100074 -24.753874 2.727331 8.025279 -10.135141 -8.242983 15.365835
-6.054595 18.903564 -24.954811 8.195334 -12.848392 5.499082 6.203925 6.047020 14.403495 0.229550 -2.916692 11.695872 4.939094 -3.977880 6.745718 -6.504464 -3.660266 -2.132858 -2.951593 -7.272374 3.814344 7.940796 14.790184 -1.820218 -24.173765 4.432392 7.851876 -10.496456 -8.266537 14.528295
-5.528926 19.901167 -24.493658 6.282765 -14.193057 5.431024 4.514394 6.825586 14.143624 0.054647 -2.846159 11.278522 4.839407 -3.789560 6.232752 -6.674155 -3.989019 -1.940564 -3.683237 -6.872610 2.963747 7.782593 14.751218 -1.106230 -23.134836 5.754207 7.550923 -10.771245 -8.365303 12.920525
-5.520784 20.540255 -23.668776 5.124034 -14.647635 5.014400 3.383175 6.816175 13.806329 0.319826 -2.838580 10.947233 4.898535 -3.725884 5.990098 -6.779171 -3.963605 -1.770421 -3.995923 -6.536879 2.270078 7.853842 14.081653 0.181733 -22.074266 6.528401 7.431447 -11.054016 -8.051320 12.815123
-5.674148 21.621504 -21.871376 2.743482 -15.239557 4.881730 2.534889 6.518551 13.229460 0.353720 -2.872324 10.802135 4.275259 -3.748502 5.197652 -7.183476 -3.995787 -1.825091 -4.409485 -6.643548 1.303338 7.355270 13.259606 1.193915 -20.907181 6.742160 8.147950 -11.328944 -8.131464 13.183997
-5.928101 23.654716 -19.944265 -0.154105 -16.589466 6.252530 2.671872 5.741035 11.915450 0.308932 -2.919258 11.111868 3.248362 -4.342742 4.063546 -7.297671 -4.230478 -1.769626 -4.742292 -6.576935 0.423367 4.813299 12.704316 3.246665 -19.136227 7.452952 9.684508 -11.318636 -8.130949 15.054658
-5.831320 24.481987 -19.043289 -1.604559 -17.045835 6.401511 2.861849 5.988608 11.019617 -0.040225 -3.065899 10.875218 2.992118 -4.335827 3.816577 -7.531072 -4.265730 -1.593885 -4.861349 -6.601410 -0.215160 3.820349 12.940902 4.202843 -18.115126 8.242903 9.745812 -11.474896 -8.284638 15.170893
-5.750848 24.339003 -19.080233 -1.707264 -16.975683 6.232912 2.480343 6.068421 11.084645 -0.034406 -3.059809 10.866615 3.016889 -4.349341 3.801626 -7.531884 -4.280461 -1.642643 -4.863364 -6.590766 -0.248969 3.789802 12.896703 4.111121 -18.059422 8.191833 9.856702 -11.407418 -8.387025 15.126262
-5.819850 24.286144 -19.099771 -1.609655 -16.968592 6.321783 2.581549 6.084739 11.084369 -0.065227 -3.072805 10.865570 2.984457 -4.373007 3.783124 -7.530140 -4.274937 -1.641789 -4.862817 -6.619895 -0.266939 3.653167 12.896819 4.030030 -18.097567 8.110996 10.022380 -11.406497 -8.359403 15.171310
-5.814879 24.390646 -19.157833 -1.497309 -16.947561 6.218971 2.703267 6.013080 11.185218 0.008600 -3.057454 10.877213 3.041392 -4.364639 3.852636 -7.484962 -4.303443 -1.638299 -4.845725 -6.581043 -0.182123 3.827100 12.888600 4.055228 -18.207094 8.032978 9.770802 -11.495405 -8.321091 15.168403
-5.865894 24.367645 -19.279947 -1.430553 -17.051167 6.366621 2.581793 5.938357 11.206598 0.095481 -3.049286 10.908136 3.022971 -4.361374 3.848350 -7.496387 -4.296518 -1.696728 -4.824431 -6.614335 -0.136260 3.780095 12.907426 4.001569 -18.307467 7.983355 9.818955 -11.540618 -8.229774 15.187455
-5.779075 24.389706 -19.311157 -1.221768 -17.066904 6.460129 2.642284 5.899585 11.326793 0.101508 -3.033510 10.944480 3.019941 -4.358780 3.864453 -7.431240 -4.325247 -1.670663 -4.843391 -6.594032 -0.076207 3.770317 12.803739 3.958692 -18.373690 7.857490 10.089873 -11.440835 -8.275008 15.318487
-5.787407 24.375324 -19.345892 -1.089994 -16.892063 6.383129 2.790254 5.895008 11.283112 0.146888 -2.999622 11.014509 3.060298 -4.390150 3.839198 -7.389468 -4.295971 -1.726148 -4.843625 -6.568252 0.018733 3.964433 12.776805 3.988764 -18.481918 7.836196 9.951499 -11.464738 -8.242716 15.358432
-5.737923 24.371071 -19.413088 -0.814340 -16.628035 6.291202 2.953951 5.805504 11.359389 0.183696 -3.011626 10.987658 3.041808 -4.321054 3.856066 -7.444588 -4.303936 -1.712627 -4.846306 -6.586343 -0.090828 3.941879 12.753186 3.804059 -18.544977 7.772211 10.032963 -11.497132 -8.291514 15.356420
-5.753085 24.217777 -19.504919 -0.869957 -16.688387 6.333638 2.887763 5.757684 11.445712 0.146443 -2.981834 10.987572 3.112752 -4.372033 3.879833 -7.412107 -4.287802 -1.769882 -4.821249 -6.570507 -0.089275 3.997935 12.625754 3.704532 -18.596376 7.730133 10.136670 -11.382451 -8.336673 15.411894
-5.657213 24.089893 -19.600712 -0.800188 -16.704176 6.369697 2.872017 5.687953 11.545911 0.101273 -3.003063 11.012537 3.083049 -4.394666 3.955145 -7.408882 -4.298619 -1.734173 -4.762175 -6.595788 0.054629 4.090822 12.585931 3.644948 -18.640028 7.650021 10.129538 -11.311532 -8.339495 15.389198
-5.730209 24.421066 -19.388346 -0.881647 -16.698843 6.356459 2.830257 5.840988 11.267349 0.209234 -3.108981 11.249855 3.269933 -4.228667 3.649301 -7.720347 -4.216856 -1.618840 -4.719765 -6.639531 -0.062658 3.915914 12.767629 3.820398 -18.563877 7.735687 9.994243 -11.529840 -8.268632 15.387135
-5.726230 24.382675 -19.180239 -1.525581 -16.902742 6.241822 2.503758 6.033398 11.097576 0.002319 -3.134501 11.095228 3.261441 -4.241683 3.621197 -7.811536 -4.206856 -1.601434 -4.746801 -6.662659 -0.175212 3.955282 12.871716 4.105009 -18.208082 8.129629 9.754107 -11.426751 -8.330300 15.167024
-5.116178 24.488832 -19.107126 -1.251379 -16.350029 6.875869 1.714528 6.143225 10.382260 0.090558 -3.148378 11.205776 3.275395 -4.226069 3.624465 -7.780096 -4.204761 -1.565809 -4.719744 -6.709525 -0.228150 3.765496 12.862427 4.105297 -18.208944 8.078445 9.854392 -11.514552 -8.233980 15.204648
-4.971611 24.244041 -18.301970 -2.747054 -15.152651 6.205959 2.952255 6.085097 9.954677 -1.010958 -3.385575 9.782670 3.699915 -3.614586 3.664910 -8.510224 -4.290329 -1.529012 -5.096223 -6.820027 -1.010045 5.724196 12.487626 5.072225 -16.760496 8.765282 8.611098 -11.553607 -9.755293 12.919217
-5.436928 23.550348 -17.472546 -3.643706 -13.345400 5.124305 6.184984 6.044932 9.781186 -2.644802 -3.459543 8.152573 4.020404 -3.370877 4.604695 -8.284982 -4.758847 -1.127448 -5.542107 -6.784499 -2.793838 9.322648 12.464038 5.838947 -15.603500 10.027136 5.531600 -12.309055 -11.505688 9.999490
-6.220019 23.649563 -16.994606 -4.962372 -11.129785 5.118669 6.375255 5.750691 7.945708 -2.990165 -3.578334 7.433716 4.482134 -2.764503 4.697082 -8.729906 -4.451540 -0.941209 -5.870313 -7.450109 -3.898482 8.362625 13.638665 5.865211 -14.702011 11.490664 5.432757 -12.850789 -11.508416 7.095350
-6.185347 23.877247 -17.284586 -7.797379 -10.214085 4.701339 3.626302 6.354490 6.065333 -3.322141 -3.762182 6.633603 5.158185 -1.929433 4.777509 -10.222198 -4.099315 -1.185643 -5.726055 -8.407723 -4.590204 8.137666 14.910589 4.341363 -14.946709 11.838114 6.140567 -13.037930 -11.477386 5.004530
-6.730088 23.535358 -18.183069 -10.318027 -9.971237 3.595933 3.643233 5.270456 5.497721 -3.427888 -3.893432 5.384165 5.033631 -1.556100 5.513491 -10.778971 -4.049908 -0.890222 -5.670444 -8.759907 -5.515024 9.536786 14.304310 3.461615 -14.713350 11.929886 6.554559 -12.999850 -12.366358 3.585208
-7.280568 22.545803 -19.026573 -12.940147 -11.130566 2.275962 3.187958 4.648077 5.772461 -3.464629 -3.990852 4.470162 5.694721 -0.848794 6.203327 -10.706691 -3.945622 -0.630031 -6.047632 -9.013670 -5.584482 11.462610 13.935178 3.071874 -15.375000 11.784063 5.455694 -13.563897 -12.776724 1.745971
-7.035421 22.714458 -19.747169 -14.034683 -11.072058 1.528596 4.352005 3.734051 5.036253 -3.411751 -3.799467 4.178895 6.117814 -0.330388 6.525743 -10.462974 -3.697582 0.033397 -6.710964 -9.298810 -6.272889 12.687093 14.062500 3.294629 -15.486155 12.191528 3.858350 -15.610543 -12.910681 -1.239352
-6.828982 23.308813 -20.732294 -14.361824 -11.649307 0.897645 6.342126 2.114718 4.574992 -2.547719 -3.876606 3.853476 5.843224 0.050477 7.051628 -10.494004 -3.026390 1.098537 -6.898722 -9.658171 -7.661366 13.016260 14.063523 2.616497 -15.655211 12.634307 2.856030 -17.751451 -12.666542 -3.617476
-5.972666 23.973370 -20.577574 -15.200823 -11.504715 -0.115836 7.148091 1.081921 3.949793 -2.146004 -4.019451 3.500363 5.524853 0.472332 7.328411 -10.936917 -2.889974 1.630141 -6.788568 -9.954095 -9.069495 13.343920 14.058545 2.721692 -15.438681 13.206482 2.285188 -19.320387 -12.447523 -4.768785
-6.051307 24.786579 -21.132002 -16.252981 -11.678394 -0.368064 7.529680 -0.233252 3.520075 -1.632616 -3.877637 3.560041 5.276120 0.947473 7.778526 -10.747556 -3.208001 2.604808 -6.948677 -9.951706 -10.396829 14.942612 13.800466 3.070050 -15.074653 12.794106 0.797625 -20.369970 -13.197411 -6.060542
-6.342379 25.209328 -21.190681 -16.879683 -11.477900 0.092780 10.413837 -2.228460 3.383352 -1.562264 -3.807474 4.273645 4.919190 0.928012 8.054646 -9.808591 -3.272404 3.347507 -6.952823 -9.864218 -11.075734 15.747463 14.049207 4.662673 -14.467916 12.071901 0.868896 -21.908180 -12.828843 -6.356704
-6.270798 25.027534 -21.246496 -17.184675 -8.675713 -1.191389 11.286552 -3.321917 3.321585 -1.428295 -3.572821 4.990626 4.597801 0.796589 8.348918 -8.483307 -3.226394 4.349258 -7.431458 -9.786369 -10.924817 15.020660 14.336656 7.148847 -13.593506 12.137653 2.282629 -23.772549 -10.022386 -5.681887
-6.420097 24.977381 -22.661383 -17.885023 -7.354299 -3.468432 9.895734 -4.144799 3.807542 -0.499737 -3.790923 5.450324 4.267482 1.346277 8.426373 -8.620874 -3.515244 4.965477 -7.260174 -10.094145 -10.679758 16.598936 14.047214 9.078312 -13.075008 13.151894 0.602716 -23.856092 -9.416678 -5.303761
-6.565102 24.571239 -23.967340 -18.691116 -6.394205 -5.092625 8.485188 -5.401586 3.388968 0.810572 -3.882692 4.771780 4.038363 2.313783 8.560530 -9.472752 -4.121565 5.171733 -7.245781 -10.529803 -10.802629 20.726954 12.719432 9.728530 -12.568184 13.415184 -2.277843 -23.266596 -11.202616 -5.843443
-6.560856 24.469700 -24.390770 -18.623871 -6.355753 -5.362063 8.240157 -5.634971 3.618543 0.955609 -3.833066 4.628825 4.234766 2.446470 8.766216 -9.455853 -4.251318 5.214396 -7.245302 -10.415448 -10.631825 21.376898 12.712977 10.116248 -12.364393 13.732883 -2.761394 -23.233328 -11.300970 -6.229259
-6.666290 24.604660 -24.615396 -17.959105 -5.587071 -5.152501 8.279392 -5.260707 4.426151 0.210950 -3.811692 4.584757 4.248208 2.043766 8.770704 -8.993709 -4.635069 5.130898 -7.140684 -9.799859 -10.511577 19.841928 13.251010 10.201241 -12.410333 14.408634 -1.808729 -23.575037 -10.819672 -7.123467
-6.615315 23.455652 -26.146582 -17.584988 -4.165044 -6.675647 7.320769 -6.014442 4.040679 0.783261 -4.031998 3.909871 4.446383 2.821201 9.055595 -9.816988 -4.766687 5.115661 -6.886002 -10.325562 -10.624547 21.599241 12.655229 11.520129 -10.992316 14.984638 -4.711899 -23.123861 -11.846684 -7.471523
-6.757992 23.468182 -26.169846 -17.214144 -3.591584 -7.333309 7.496725 -5.955314 4.695016 0.857037 -4.075478 3.748295 4.357278 2.971200 9.101389 -10.117570 -4.896513 4.889025 -6.678265 -10.506608 -11.285464 22.033464 12.480312 11.518342 -10.641005 14.909639 -5.093565 -23.600416 -12.243246 -7.543651
