10.372647 29.535126 -6.609634 6.456157 14.106024 4.037407 -1.269112 14.116693 0.986949 -7.249897 -3.557137 6.335041 -0.530590 -9.684586 9.822658 0.030848 -1.821283 -0.175825 -5.007188 -6.123616 1.816517 15.123945 -10.604980 -0.016076 -29.503981 6.359102 11.451022 -16.367586 2.232378 9.693824
10.409445 29.565975 -6.551207 6.488402 14.164837 4.067815 -1.206905 14.096515 0.955057 -7.362260 -3.583590 6.370413 -0.542154 -9.652502 9.837576 0.031286 -1.844261 -0.207072 -5.034884 -6.109000 1.817113 15.213041 -10.582727 -0.089821 -29.563654 6.319266 11.392438 -16.402145 2.219465 9.614805
9.292014 27.081028 -7.652236 5.949342 11.190845 7.029450 -2.714057 14.116856 1.145667 -7.707713 -3.124426 6.378677 -0.260794 -8.968861 10.108252 -0.185920 -2.281555 -0.724822 -5.079031 -5.723615 2.712758 15.505886 -10.898477 2.259563 -27.143522 6.342381 11.851775 -14.147690 -0.434270 9.115622
10.019324 28.137499 -6.767891 6.072411 12.247372 6.360648 -1.564891 14.342762 1.080235 -8.095060 -3.246947 6.539632 -0.329715 -9.120386 10.011337 -0.111112 -2.194786 -0.544689 -5.055390 -5.990442 2.853890 15.875616 -10.575254 0.502694 -28.915407 5.608730 11.521269 -15.168251 0.595555 9.473610
9.814293 27.338587 -7.092737 5.317089 10.390359 8.781278 -1.217581 13.889508 0.527359 -8.622871 -2.935649 6.857966 0.040668 -8.658304 10.165552 -0.014113 -2.467649 -0.862517 -5.172611 -5.871265 3.760547 17.194227 -10.718007 1.514729 -28.023426 5.329120 11.142629 -14.033143 -1.293520 9.068305
9.607116 26.282444 -7.378622 4.814522 8.942271 10.473201 -1.121968 13.932277 0.103994 -9.206383 -2.515487 7.450606 0.554284 -7.996953 10.667858 0.366950 -2.792530 -0.875835 -5.148233 -5.434960 4.662008 18.194965 -10.560319 1.812330 -27.928595 4.629654 10.650821 -13.577424 -2.552488 8.598072
9.448795 25.699619 -7.428324 4.504220 7.989882 11.935283 -0.689666 13.777531 -0.262239 -9.649862 -2.222802 7.814520 0.815335 -7.630459 10.828003 0.660141 -3.048352 -0.778963 -5.349366 -5.119995 5.323170 19.334297 -10.543071 1.932936 -27.949697 4.088659 9.993916 -13.312507 -3.576595 7.942620
9.828263 25.209871 -7.311449 4.525126 7.706666 13.243178 0.337298 13.679402 -0.577341 -10.452744 -2.023645 8.174069 0.761721 -7.318913 11.142814 0.839839 -3.210882 -0.521513 -5.330720 -5.084538 5.735402 20.311537 -10.543830 2.304189 -27.611120 3.971215 9.364425 -12.891852 -4.571169 7.159207
10.381820 24.614784 -7.336979 4.767125 7.422698 14.299060 1.237218 13.650115 -0.671516 -11.186430 -1.853199 8.402134 0.789676 -7.021913 11.450773 0.879019 -3.369235 -0.508132 -5.261618 -5.124994 6.627520 20.352846 -10.334678 2.167618 -27.736673 2.995402 9.263747 -12.603479 -5.384274 6.686842
10.882421 23.991207 -7.307155 4.871422 7.406178 14.920251 1.928610 13.592130 -0.512545 -11.901827 -1.708929 8.939070 0.480497 -6.978301 11.645664 0.864445 -3.496567 -0.814722 -4.870855 -5.282513 7.182401 20.054552 -10.033919 2.028514 -27.642786 2.491385 9.678571 -11.981751 -6.033985 6.565246
11.857722 23.242064 -7.375837 5.195534 7.651324 15.721646 2.543124 13.525982 -0.004216 -12.838411 -1.595204 9.224565 0.206888 -6.911917 11.753490 0.615526 -3.623671 -1.504150 -4.454795 -5.388716 8.076457 18.865957 -9.783983 1.160562 -28.213884 0.851739 10.661521 -11.612496 -6.530322 6.987423
12.351638 22.406418 -7.731228 5.576981 8.601755 15.368398 2.660328 13.406100 0.826368 -13.472803 -1.548908 9.380641 0.124036 -6.858835 11.776832 0.398567 -3.615404 -2.216442 -4.158104 -5.694632 9.040152 17.260944 -9.745515 1.026790 -28.431416 -0.371871 11.796436 -11.153425 -6.618849 7.812154
13.086638 21.413906 -7.966119 5.897525 9.629407 14.662356 2.296977 13.632037 1.955110 -14.215611 -1.452335 9.600483 0.384258 -6.896156 11.857700 0.477153 -3.673760 -2.848772 -3.875706 -5.619177 9.802079 16.068521 -9.490352 0.272650 -28.999104 -1.384200 12.969032 -10.794564 -6.562293 8.443426
13.572526 20.624714 -8.211028 6.077157 11.215490 13.275380 1.873200 13.869637 3.030803 -14.866004 -1.390325 9.778226 0.728531 -6.833482 11.900172 0.457248 -3.541689 -3.506212 -3.648837 -5.564048 10.566161 14.817941 -9.383611 -0.305887 -29.203772 -2.091919 14.227415 -10.103153 -6.598680 8.871470
13.739362 20.237404 -8.203998 5.804890 12.703972 11.847711 1.295775 14.057915 3.783931 -15.299567 -1.312397 9.679198 1.183491 -6.892280 11.925110 0.425008 -3.277840 -4.235750 -3.515934 -5.492952 11.418298 13.979463 -9.058541 -0.884443 -29.390068 -2.679446 15.146741 -9.360734 -6.751328 8.982029
13.745348 20.118677 -8.076527 5.344626 13.940195 10.238832 0.550742 14.669555 4.402912 -15.530598 -1.294323 9.282753 1.886362 -7.010285 12.066225 0.544231 -3.018112 -4.532905 -3.596166 -5.126062 12.178775 13.469954 -8.803157 -1.738253 -29.943480 -3.446467 15.927382 -8.817432 -6.992682 9.120982
13.625451 19.988544 -8.270057 4.739069 14.580065 8.910655 -0.413781 15.093940 4.890833 -15.469889 -1.278102 8.872127 2.583297 -7.056009 12.246629 0.655310 -2.752060 -4.739283 -3.666293 -4.768994 12.407145 12.734589 -8.523971 -2.766842 -30.181431 -3.841182 17.216133 -8.143950 -7.261197 9.121367
13.196751 20.331438 -8.481496 4.386105 15.629742 7.463725 -1.039317 15.403619 5.263918 -15.270070 -1.292304 8.342467 3.225671 -7.225827 12.443246 0.835847 -2.482216 -4.549986 -3.855574 -4.312270 12.891683 12.277985 -9.561634 -4.177164 -31.059046 -4.797847 18.844580 -7.479571 -7.372819 8.685612
12.417964 20.618069 -8.417106 4.097537 16.767832 6.118533 -1.265570 15.506560 5.362688 -15.004530 -1.313548 7.995387 3.841335 -7.296353 12.565142 0.980022 -2.191050 -4.446752 -3.955222 -3.757105 12.671693 11.176540 -9.536403 -5.169822 -31.197435 -5.583524 20.085627 -7.442382 -7.535393 8.249125
11.566863 21.080521 -8.253289 4.040437 17.621107 4.968686 -1.788489 15.586768 5.522858 -14.478921 -1.463414 7.743580 4.109027 -7.452311 12.624638 1.011311 -2.087646 -4.038824 -4.022693 -3.333701 12.516531 10.249325 -9.765271 -5.756137 -31.277899 -6.299277 20.977560 -7.387070 -7.712054 8.137753
11.283008 21.214144 -8.127636 3.769712 17.763548 4.721176 -1.754849 15.416447 5.209525 -14.332909 -1.398224 7.744779 4.286758 -7.400301 12.623194 1.030699 -2.026143 -4.004512 -4.129686 -3.122259 12.408189 9.718902 -10.105215 -6.271413 -31.400362 -6.795289 21.421877 -7.366846 -7.707471 7.779649
12.019993 24.945824 -8.895820 2.613047 13.674890 9.082500 2.795296 10.545465 1.062622 -12.042843 -1.615999 9.912035 -0.720043 -6.455544 11.564653 -0.265251 -3.504136 -3.597142 -3.377861 -7.030886 5.025876 13.027010 -11.099299 -3.923107 -28.954033 -1.816840 19.079195 -11.376307 -6.292115 8.461577
12.748072 22.861160 -9.555883 3.407358 12.844915 9.309686 1.833374 11.783536 2.179933 -12.604469 -1.449429 9.469810 0.146744 -6.686472 11.650822 -0.179591 -3.570457 -3.879176 -3.572952 -6.404186 6.963203 13.045295 -10.340800 -3.997085 -28.753134 -1.375853 18.982553 -9.211198 -7.232174 8.445419
13.395008 23.102709 -11.381583 2.741217 9.794338 9.521762 -0.820744 11.897763 1.613211 -11.304504 -1.692263 8.031834 0.106223 -6.372187 10.818041 -1.372872 -4.900648 -3.302738 -4.447903 -6.006320 6.587296 14.598354 -9.973725 -2.083543 -26.759092 2.128385 18.341997 -7.522124 -7.781723 7.331203
12.941838 24.635771 -11.526309 1.359973 7.129346 9.979476 -3.085863 12.423186 0.854094 -10.100306 -1.660000 7.517462 0.304956 -6.035575 10.768230 -1.481555 -5.043213 -3.117231 -4.935631 -5.921814 5.575946 14.823580 -9.773673 -1.384710 -26.015213 4.002709 17.933464 -7.886468 -7.554293 6.211997
11.444495 25.633970 -12.047412 0.201118 4.806971 9.744289 -5.415249 12.687724 0.188618 -8.578592 -1.567864 6.816628 0.291782 -5.838034 10.086164 -1.621668 -5.341518 -2.631624 -5.922618 -5.274915 4.072175 14.595254 -10.077304 0.680576 -23.965124 5.397492 17.361679 -8.693825 -7.615502 5.373237
9.942860 26.408596 -11.407678 -1.379847 3.027525 9.764401 -7.767446 12.605942 -0.630706 -7.165325 -1.614264 6.443710 -0.366469 -5.919689 9.174176 -2.117033 -5.345080 -2.704507 -6.462181 -5.297431 3.245584 13.914463 -10.210803 2.112001 -22.437567 5.874288 17.655903 -8.944956 -7.638061 5.899468
9.516444 28.066383 -11.421621 -2.061074 0.230633 12.924195 -6.652939 10.331314 -2.369534 -5.878722 -1.673708 6.906447 -1.305238 -6.394651 8.083576 -2.266455 -5.567486 -2.620196 -6.693443 -5.298837 2.086038 11.065529 -11.292021 4.029822 -20.821562 6.537680 19.594370 -9.094930 -7.486748 7.999458
9.236626 28.448269 -11.293487 -2.709141 -1.192148 13.889777 -6.739563 9.898949 -3.189152 -5.384912 -1.746350 6.664755 -1.432493 -6.409252 7.883429 -2.452894 -5.561273 -2.581092 -6.812260 -5.329263 1.737163 10.929726 -11.419557 4.683536 -20.006044 7.245784 19.596130 -8.893430 -7.794316 7.464170
9.225993 28.295113 -11.287066 -2.640737 -1.186384 13.912330 -6.808444 9.990219 -3.084579 -5.465539 -1.752887 6.668997 -1.431758 -6.409922 7.866567 -2.451230 -5.562204 -2.592385 -6.812191 -5.346103 1.858298 10.872082 -11.385751 4.589355 -20.085716 7.144643 19.674143 -8.739568 -7.819666 7.604497
9.149066 28.453186 -11.306236 -2.613366 -0.944669 13.706626 -6.719064 9.934653 -3.022293 -5.414363 -1.740781 6.714309 -1.419816 -6.404024 7.912275 -2.419525 -5.563985 -2.591993 -6.779187 -5.326677 1.792212 10.836624 -11.446338 4.591616 -20.066439 7.118951 19.693010 -8.797664 -7.827145 7.663816
9.349051 28.484901 -11.249587 -2.427291 -0.837934 13.878115 -6.415806 9.950210 -2.967661 -5.583571 -1.729549 6.704386 -1.417307 -6.405097 7.952020 -2.383650 -5.589930 -2.608150 -6.780947 -5.310340 1.926969 10.856890 -11.423743 4.593338 -20.295900 6.939431 19.528112 -9.021379 -7.645276 7.613076
9.324534 28.455997 -11.307664 -2.352983 -0.735257 13.833699 -6.509525 9.997144 -2.841953 -5.589571 -1.721614 6.753917 -1.410036 -6.430843 7.958230 -2.318936 -5.595751 -2.578749 -6.778401 -5.282308 1.887945 10.761134 -11.397200 4.515759 -20.322464 6.873734 19.744429 -9.020265 -7.611936 7.774606
9.389991 28.412024 -11.232753 -2.244038 -0.689113 13.862313 -6.450641 10.070644 -2.932079 -5.608157 -1.696062 6.807532 -1.387268 -6.446090 7.896439 -2.298413 -5.559398 -2.639005 -6.814389 -5.332769 2.026925 10.997713 -11.372573 4.541854 -20.397657 6.897810 19.601101 -8.970079 -7.683773 7.783576
9.405930 28.698040 -11.213910 -2.093686 -0.531708 13.771075 -6.194476 9.954478 -2.960744 -5.486746 -1.708175 6.805997 -1.380177 -6.425028 7.942570 -2.312304 -5.574839 -2.627755 -6.780299 -5.318321 1.838598 10.901924 -11.450860 4.450682 -20.360277 6.891098 19.657969 -9.097445 -7.705710 7.728536
9.465505 28.650486 -11.157300 -2.151233 -0.564571 13.778013 -6.331147 10.058782 -2.906021 -5.569555 -1.706077 6.823089 -1.405178 -6.441990 7.937634 -2.265988 -5.554928 -2.569074 -6.797319 -5.301655 1.907591 10.815140 -11.426655 4.442389 -20.405573 6.816350 19.722408 -9.020990 -7.683568 7.894011
9.348428 28.406967 -11.311761 -2.361528 -0.785746 13.819180 -6.613217 10.026538 -2.809993 -5.601744 -1.716511 6.756788 -1.419649 -6.437029 7.930696 -2.334576 -5.597013 -2.597961 -6.785346 -5.290687 1.978920 10.837910 -11.372529 4.520420 -20.354406 6.890114 19.706558 -8.974197 -7.595776 7.764352
9.349484 28.334356 -11.279370 -2.386101 -0.646923 13.779258 -6.519255 10.086053 -2.860865 -5.681648 -1.697985 6.823211 -1.397042 -6.416724 7.944994 -2.284889 -5.590422 -2.596767 -6.794739 -5.308807 2.008525 10.942310 -11.346499 4.540363 -20.415815 6.831060 19.622692 -9.047901 -7.598820 7.775362
9.398494 28.368973 -11.261716 -2.336537 -0.519288 13.708727 -6.466094 10.086161 -2.829485 -5.692924 -1.708615 6.844259 -1.443842 -6.429232 7.919540 -2.301872 -5.580598 -2.583673 -6.784060 -5.334959 2.004081 10.887970 -11.340230 4.539316 -20.382708 6.865899 19.652807 -9.013300 -7.610112 7.780965
9.353576 28.280491 -11.238366 -2.449399 -0.553293 13.692758 -6.565252 10.113009 -2.883338 -5.710168 -1.711823 6.799918 -1.418220 -6.401245 7.950023 -2.316243 -5.580322 -2.587193 -6.786549 -5.315996 1.965531 10.918167 -11.368004 4.468199 -20.385263 6.837909 19.695116 -8.983288 -7.660399 7.790951
9.363477 28.307972 -11.255012 -2.432323 -0.485894 13.651925 -6.542418 10.106668 -2.874620 -5.699387 -1.717911 6.753493 -1.450322 -6.379244 7.914045 -2.365971 -5.577489 -2.608290 -6.800220 -5.347936 1.858679 10.639664 -10.031604 4.222081 -20.252344 6.937804 19.184378 -9.033238 -7.886322 8.042879
9.367155 28.314362 -11.275016 -2.477403 -0.520385 13.668452 -6.559768 10.098565 -2.945567 -5.674473 -1.708773 6.735006 -1.389596 -6.371565 7.982894 -2.329701 -5.564713 -2.616266 -6.793519 -5.345487 1.828378 10.576935 -9.598437 4.170289 -20.270735 6.949020 19.035269 -9.099935 -7.851739 8.187223
7.704403 28.154762 -11.484855 -4.038638 -2.417963 14.354959 -6.693654 9.452544 -4.918888 -4.480673 -1.953272 5.297888 -1.092031 -5.838425 8.001991 -3.075736 -5.668140 -2.577719 -7.137314 -5.383236 1.070406 11.762602 -9.494705 5.644003 -18.607162 7.650268 17.622244 -9.488017 -9.006737 6.192130
5.337794 27.062355 -11.164796 -6.296394 -2.772716 15.034399 -5.399703 9.174268 -6.872021 -5.125502 -2.170341 3.934610 -0.294286 -5.337749 8.451622 -3.420599 -5.877877 -2.226841 -7.513657 -5.560922 -0.471837 15.565409 -11.152815 6.671649 -17.405979 8.899854 15.259898 -9.985533 -10.566344 3.087313
3.838863 27.309610 -11.382377 -7.377969 -1.926700 14.254725 -4.904417 8.703223 -7.869092 -4.910681 -2.270581 3.262414 0.132881 -4.755467 8.734768 -3.799831 -5.710357 -1.940950 -7.744416 -6.119703 -1.838235 15.100212 -9.317627 6.287627 -16.618395 10.274809 14.807887 -10.566871 -10.997343 0.459203
3.151785 26.775234 -12.623210 -8.639710 -0.954433 12.870982 -5.872339 8.702406 -8.501276 -4.716011 -2.301222 2.593385 0.337002 -4.262325 8.973746 -4.581712 -5.559217 -2.051781 -7.746408 -6.887335 -3.141979 14.152706 -4.628838 4.382776 -16.191402 11.158579 13.616006 -11.035808 -11.527763 -0.817405
2.747918 25.987541 -13.866857 -10.793947 -0.238276 11.163127 -6.075929 7.805202 -9.173903 -4.604276 -2.577203 1.347214 0.429576 -3.751415 9.542671 -5.626741 -5.401864 -1.889472 -7.482628 -7.356938 -3.823081 15.432766 -6.021703 3.709913 -16.532080 10.997959 14.585889 -11.097323 -11.835091 -2.615864
2.549021 26.302172 -14.428575 -12.910402 -0.737520 10.896642 -6.127586 7.173907 -9.853675 -4.428956 -2.577200 0.302666 1.182812 -3.037620 10.203117 -5.449887 -5.319571 -1.665565 -8.073524 -7.597750 -3.984472 17.063082 -6.044331 3.532604 -16.882664 11.084286 13.429626 -11.855248 -12.158857 -4.721848
2.585520 26.434879 -15.028094 -14.083604 -1.400537 11.034204 -5.544388 6.615765 -10.398341 -4.213319 -2.344086 0.158987 1.622182 -2.458296 10.610475 -5.052262 -5.020020 -0.852307 -8.822803 -7.905699 -4.535042 18.464647 -5.756422 3.750298 -17.215740 11.337626 11.531689 -13.875910 -12.267218 -7.583256
2.963717 26.104816 -16.319798 -15.050323 -1.231936 9.837358 -5.002507 5.651447 -10.979556 -3.928070 -2.301902 -0.099423 1.570864 -1.976545 11.100491 -5.173315 -4.399107 0.180228 -9.115757 -8.254055 -5.828054 19.204645 -5.914768 3.291884 -16.887609 11.936515 11.004918 -15.053600 -12.710551 -9.433623
3.679743 26.477472 -16.310997 -16.036314 -1.207982 8.244131 -4.563463 4.881699 -11.436308 -3.531189 -2.524459 -0.620192 1.233709 -1.602361 11.511363 -5.574645 -4.102192 0.732492 -8.895873 -8.629942 -7.596056 19.119801 -5.740484 2.976449 -16.911041 12.506815 10.247690 -17.574688 -12.005411 -11.549125
3.991855 27.679577 -16.946321 -16.820477 -1.774025 8.411931 -3.996457 3.310092 -11.818435 -2.766441 -2.528507 -0.301399 0.961020 -1.138038 11.622261 -5.590490 -4.500967 1.539644 -8.884689 -8.649725 -8.797194 20.487036 -5.604875 3.455059 -16.448029 12.410013 8.543932 -18.387197 -12.860285 -12.406934
4.156326 28.107971 -16.882380 -17.933678 -1.763355 9.159389 -2.362313 1.687276 -12.912513 -2.684698 -2.455016 0.199383 0.708339 -1.001464 11.890308 -5.024542 -4.631341 2.451381 -8.843156 -8.464689 -9.498495 21.789701 -5.511462 4.771520 -16.088408 11.557417 8.253530 -19.612246 -12.791266 -12.416155
4.057331 28.107861 -17.156460 -17.718660 0.630696 8.265204 -1.093333 0.112265 -13.157146 -2.396283 -2.322567 1.241240 0.438190 -1.069201 12.007994 -3.748689 -4.433271 3.322351 -9.188785 -8.489498 -9.157397 20.976772 -6.395976 7.568355 -15.139406 11.456556 10.155725 -21.721794 -9.705233 -12.584567
3.672046 28.242813 -18.635851 -17.478537 2.716038 5.830109 -1.512328 -1.181475 -12.384017 -1.466673 -2.520326 1.518335 -0.044831 -0.631270 12.212467 -3.760789 -4.802959 3.889751 -9.026599 -8.815571 -9.129031 22.324875 -5.555133 9.724335 -14.590099 12.463128 8.149605 -22.372093 -8.746323 -11.578885
3.707600 28.029591 -19.536497 -18.972567 4.195600 4.101731 -2.735331 -2.481145 -12.286513 -0.577034 -2.572233 0.709066 -0.147285 0.301613 12.454547 -4.524895 -5.326125 4.177928 -9.078685 -9.222742 -9.286439 26.285179 -5.680596 9.866671 -14.310288 12.932091 4.867168 -21.470430 -10.585798 -11.713923
3.638098 27.570002 -20.255302 -19.178085 4.933897 3.276614 -3.296384 -2.766026 -11.935340 -0.624399 -2.560588 0.529559 0.001254 0.467446 12.628831 -4.509395 -5.518429 4.218924 -9.116208 -9.087147 -9.082017 27.388948 -7.034960 10.498197 -13.906521 13.200222 4.555633 -21.008614 -10.933510 -12.237773
3.433229 27.444901 -20.715450 -18.271971 5.362500 3.564641 -3.248082 -2.522253 -11.225817 -1.125490 -2.624712 0.849843 0.313042 0.197359 12.445140 -4.269997 -5.874535 4.169206 -8.814425 -8.453140 -8.801212 26.243372 -7.856847 11.047076 -13.993004 13.700136 6.119690 -21.700888 -10.116701 -13.627357
3.382686 27.010321 -22.037180 -18.428171 6.766957 1.597023 -3.654439 -3.418222 -10.871173 -0.857589 -2.813773 0.156533 0.362235 0.811396 12.709182 -4.970550 -6.125859 4.148880 -8.599489 -8.884743 -8.723400 27.023748 -6.671103 12.165452 -12.464984 14.225372 3.353797 -21.190557 -11.326498 -13.442222
3.360932 26.859055 -22.366451 -18.767874 6.846520 1.203486 -3.946002 -3.621314 -11.019988 -0.693943 -2.814673 0.136681 0.263786 0.870609 12.756234 -5.066629 -6.113107 4.049168 -8.525477 -8.968812 -9.185816 27.176321 -6.132861 12.064272 -12.355097 14.299847 2.947392 -21.365164 -11.517636 -13.090228
