-0.782948 29.132973 -13.234559 19.836824 4.070332 3.726064 -8.607474 3.916435 -10.312764 -11.605316 2.589818 2.629178 3.665750 -9.430466 -3.278964 -4.806863 -4.219068 8.672314 -3.210706 -6.760454 -2.829613 16.164928 -16.570648 15.340740 -15.318480 18.834019 10.595240 -12.945231 -0.071741 8.185311
-0.853729 29.137568 -13.224555 19.889942 4.011392 3.625892 -8.725509 3.855329 -10.447671 -11.844492 2.621148 2.589014 3.673518 -9.451788 -3.381676 -4.811102 -4.290182 8.731318 -3.302790 -6.634970 -2.831466 16.191259 -16.556437 15.368512 -15.296576 18.845671 10.575060 -12.952815 -0.080488 8.136255
-2.360271 28.176086 -11.217597 19.721338 5.739035 5.418223 -7.556224 3.881594 -8.755214 -10.775518 2.884327 3.022311 3.382073 -9.338455 -4.095095 -4.829545 -3.638498 8.348648 -3.412152 -6.074109 -4.043622 15.449298 -16.899174 14.657552 -15.464391 18.531935 7.776292 -11.427262 -1.638001 9.054788
-2.709999 27.009117 -9.697427 20.877577 6.934487 5.824873 -5.978121 4.549206 -7.742282 -9.770386 3.181494 3.203080 3.164834 -9.615328 -4.451616 -4.227615 -3.079952 8.682761 -3.403336 -5.503871 -4.187359 15.038288 -17.458948 13.892550 -15.762419 18.960062 6.830244 -9.722553 -1.880252 9.730409
-3.721601 25.544502 -7.611666 21.192293 8.605624 6.885188 -4.228482 5.660557 -6.228354 -8.240639 3.441186 3.454193 2.742183 -9.787266 -4.764729 -3.839849 -2.541481 8.730010 -3.465138 -4.944286 -5.167564 14.652794 -18.352095 13.227716 -16.599594 18.990803 5.242618 -7.397182 -2.599461 10.427483
-4.181462 24.166321 -6.232188 22.271341 9.486765 6.899624 -3.193238 6.432231 -5.652007 -8.037230 3.720895 3.482785 2.409125 -10.005875 -5.255146 -3.603130 -1.931048 8.810914 -3.399846 -4.565920 -5.233178 14.727606 -18.718828 12.792909 -17.034126 19.101831 4.228938 -5.848269 -2.872661 10.220513
-4.490950 23.270075 -5.479641 23.362574 10.137743 6.702643 -2.316166 6.758368 -5.347274 -7.964375 3.913936 3.581827 2.200321 -10.095533 -5.443399 -3.180964 -1.391606 9.073146 -3.512454 -4.382275 -5.877234 14.390718 -19.045767 12.421480 -17.351877 19.126566 3.822425 -5.052655 -3.224740 10.609386
-4.835899 22.398554 -4.532070 24.111103 10.538013 6.523699 -1.846598 7.221332 -5.369138 -8.202240 4.089459 3.335862 2.044381 -10.193838 -5.733542 -3.063163 -0.926036 9.315928 -3.328826 -4.316460 -6.052300 13.995832 -19.257963 12.118928 -17.439293 19.086790 3.412873 -4.447825 -3.261624 10.586580
-5.128814 22.067291 -4.027246 24.654335 10.944237 6.229791 -1.481385 7.314704 -5.409932 -8.062284 3.870797 3.167720 1.922642 -10.307423 -5.727377 -3.169877 -0.697673 9.490448 -3.264883 -4.457300 -6.276999 13.528811 -19.641249 11.686405 -17.493689 19.150299 3.030923 -3.916479 -3.297230 10.866032
-5.686861 22.152054 -3.485180 25.197969 11.210316 5.452160 -1.674948 7.038236 -5.971995 -8.562414 4.130263 3.064657 1.464303 -10.541219 -5.907375 -2.958023 -0.688502 9.508436 -3.175695 -4.366798 -6.553633 13.358704 -20.762781 11.330562 -17.866114 19.353888 3.025903 -2.947053 -3.470016 10.438831
-6.353777 22.401548 -2.673195 25.438097 11.433201 4.845816 -1.830427 6.739547 -6.466444 -8.715746 4.204221 3.094051 1.068256 -10.638878 -6.134398 -2.965985 -0.615007 9.521420 -3.042812 -4.373300 -7.124291 13.117262 -21.121622 10.732228 -17.961054 19.520433 2.420839 -2.620312 -3.816675 9.999721
-7.269160 23.456573 -2.109730 25.493153 11.392275 4.168287 -2.141582 5.916663 -7.640491 -9.260801 4.177649 3.238675 0.507664 -10.787960 -6.523563 -3.160947 -0.539322 9.289288 -2.845699 -4.229343 -7.808459 12.810283 -21.564997 10.059342 -17.802462 19.732048 1.894111 -2.773540 -4.048860 9.671582
-8.011607 24.350883 -1.795554 25.281563 11.301233 3.185410 -2.720611 5.310123 -8.868731 -9.755199 4.358983 3.335099 0.230903 -10.901363 -6.877900 -3.202303 -0.557067 9.041095 -2.674244 -4.097680 -8.278701 12.554741 -21.959480 10.037382 -17.773886 19.492159 1.212228 -3.240990 -3.993795 9.068199
-8.849790 25.482548 -1.217317 24.672174 11.301800 3.081175 -2.899148 4.615282 -9.536215 -9.763362 4.340494 3.400758 -0.551604 -11.083645 -7.150222 -3.433809 -0.719732 8.678040 -2.450655 -4.040820 -8.820064 12.442318 -22.887268 10.304374 -17.987432 19.130947 0.819339 -4.053122 -3.885300 8.173472
-9.355462 26.698513 -1.094327 23.997904 10.852203 2.791040 -3.385196 3.626906 -10.858969 -10.322811 4.541832 3.492480 -0.807296 -11.103049 -7.438920 -3.605154 -0.923358 8.418123 -2.230152 -3.822563 -9.025090 12.122059 -23.097195 10.974961 -18.066198 18.659365 0.240060 -5.128525 -3.549809 7.524669
-9.591239 27.507717 -0.747684 23.156652 10.156218 3.170477 -3.504615 3.198332 -11.174006 -10.351998 4.623600 3.823063 -1.007141 -10.938144 -7.865847 -4.169208 -1.217611 8.011722 -1.988882 -3.815771 -9.118585 11.647583 -22.811207 11.852691 -18.226313 17.961422 0.023649 -6.321296 -3.240954 7.430098
-9.637369 29.099548 -0.750622 22.187641 9.638817 3.255963 -3.934545 2.608602 -11.786099 -10.229939 4.664197 3.762363 -1.472095 -10.851887 -7.980848 -4.726979 -1.642579 7.750844 -1.630671 -4.023765 -9.043081 11.053038 -22.660921 13.502366 -18.917749 17.049429 -0.283778 -7.394779 -2.338340 6.607813
-9.728996 30.173912 -1.012066 21.442818 9.214526 3.333142 -4.201040 1.978889 -12.296748 -10.326243 4.854779 3.736073 -1.635560 -10.688454 -7.953703 -5.009572 -1.919736 7.679854 -1.453007 -4.302811 -9.624916 10.147766 -22.598425 14.440021 -18.952410 16.374496 -0.213708 -8.883241 -1.770994 6.632443
-9.755319 30.917082 -1.490093 20.658445 8.981161 3.681403 -4.614369 1.519413 -12.349504 -10.265013 5.262030 3.505593 -1.715087 -10.439824 -8.034702 -5.350132 -2.135113 7.667766 -1.220611 -4.745515 -9.667521 9.680510 -22.035215 15.797720 -19.238760 15.621483 0.531767 -9.968391 -0.865167 6.683393
-9.640208 31.844442 -1.879919 20.273844 8.845961 4.257305 -4.942962 0.966793 -12.313804 -10.197981 5.574313 3.350044 -1.827495 -10.379618 -7.926028 -5.316278 -2.306282 7.495357 -1.224555 -4.704733 -10.029674 9.670120 -22.300386 16.954685 -19.567297 15.036252 0.830480 -10.649927 -0.507740 6.670936
-9.628373 31.747158 -2.034357 20.387152 8.766630 4.251311 -5.078763 0.826721 -12.503730 -10.523283 5.551345 3.349226 -1.723675 -10.330515 -7.802408 -5.328923 -2.428915 7.558970 -1.235336 -4.832016 -10.264579 9.789345 -22.248060 16.861271 -19.546892 15.118572 0.925814 -10.821298 -0.538853 6.688823
-9.664723 31.806419 -2.005979 20.390406 8.795671 4.254291 -5.075086 0.762180 -12.511260 -10.521437 5.577558 3.328508 -1.723615 -10.291808 -7.781935 -5.348906 -2.400506 7.573341 -1.249646 -4.871425 -10.289876 9.748352 -22.244493 16.843370 -19.545465 15.129730 0.913863 -10.811093 -0.523732 6.698653
-7.922256 30.240665 -0.943560 22.383703 8.172604 0.329229 -3.259010 3.755101 -14.127772 -8.658567 4.008841 3.031890 -1.544043 -11.722321 -8.124774 -5.171893 -1.557063 7.277359 -0.658874 -2.802811 -7.057028 9.464189 -22.828045 12.842319 -18.806025 17.507292 -0.390766 -6.867534 -0.684841 4.055651
-5.927548 26.296076 -1.313084 24.809868 9.677948 -0.428464 -1.885630 6.763814 -11.803926 -6.894818 2.885415 2.530257 -1.124187 -12.427910 -7.647110 -4.884237 -0.933291 7.851837 -0.396277 -2.010039 -4.793442 9.369884 -22.075119 9.807248 -17.750816 19.533125 0.986609 -3.911944 -0.003927 4.384869
-4.797445 24.736443 -1.025900 22.825758 8.382778 0.134108 -1.743954 9.222196 -10.749947 -5.360320 2.023063 1.816361 -0.476018 -12.515726 -6.827384 -5.154834 -0.657884 8.025476 -0.375864 -1.705323 -2.700900 8.149208 -21.287645 9.998409 -17.441771 19.596018 2.748344 -3.386981 1.633885 5.649527
-4.101544 23.979443 -0.579632 18.894886 6.453181 0.626005 -1.735846 12.059601 -11.043614 -4.226225 1.190990 0.790115 0.062678 -12.197634 -6.146557 -6.060360 -0.450810 7.650091 -0.531846 -1.648894 -0.908970 7.541869 -20.635462 9.987288 -16.741385 19.592737 3.975986 -3.987541 2.802691 5.985567
-2.766681 24.445881 -1.507388 16.129204 4.149578 1.450992 -4.067995 13.494458 -10.232919 -3.118050 0.732953 0.820724 0.126948 -11.959370 -5.085024 -6.157053 -0.865614 8.051504 -0.915263 -2.033685 1.125525 6.980447 -20.281012 10.552699 -15.550764 19.260538 5.175807 -4.871049 3.908427 7.476427
-1.345829 25.110340 -3.236359 15.274387 3.692178 -0.692793 -5.662217 14.211530 -9.280507 -1.218215 -0.379140 0.697144 -0.249658 -12.314249 -4.929695 -6.766952 -1.372881 7.570570 -0.676786 -2.161347 1.814866 6.212331 -19.012228 8.631139 -14.380011 20.288191 7.894937 -5.789263 4.954950 7.403627
0.773742 25.770058 -4.674511 14.773223 2.548320 -2.742836 -7.511789 15.649166 -8.291086 0.826827 -1.373080 0.281295 0.206113 -12.636114 -4.300691 -6.811086 -1.808176 7.804281 -0.528358 -2.526382 2.434782 5.900074 -18.008913 6.642916 -13.241186 21.885279 10.461055 -5.901558 5.826868 7.023324
0.810553 25.720005 -4.738642 14.823065 2.639507 -2.860501 -7.409807 15.711182 -8.252725 0.896130 -1.398838 0.245745 0.100357 -12.646839 -4.365275 -6.910054 -1.799446 7.699842 -0.500163 -2.529748 2.433205 5.827806 -17.944370 6.657110 -13.339375 21.881266 10.559361 -5.786287 5.929893 7.117037
0.744105 25.636301 -4.646574 14.728428 2.631437 -2.860260 -7.416647 15.737894 -8.363462 0.901963 -1.473040 0.252748 0.057902 -12.659821 -4.420961 -6.927928 -1.737894 7.615642 -0.484545 -2.485036 2.489771 5.779754 -17.936016 6.442425 -13.286632 22.053080 10.441936 -5.653292 5.897595 6.882249
0.919779 25.689625 -4.744157 14.765368 2.614912 -2.686028 -7.425146 15.829468 -8.129312 0.993897 -1.476726 0.209075 0.196869 -12.644501 -4.311275 -6.883322 -1.776096 7.673534 -0.537924 -2.484758 2.515251 5.798816 -17.989010 6.604238 -13.297401 21.905338 10.654048 -5.697287 5.905287 7.243810
0.731630 25.536236 -4.664077 15.038857 2.789273 -2.803218 -7.300174 15.642705 -8.267130 0.773065 -1.439416 0.250485 0.127895 -12.659317 -4.374596 -6.897277 -1.767575 7.672843 -0.480095 -2.470122 2.497637 5.888769 -17.950424 6.375477 -13.241213 22.091867 10.473397 -5.673903 5.819474 6.991474
0.692580 25.642811 -4.661932 14.970948 2.736057 -2.807199 -7.353546 15.562247 -8.300278 0.748120 -1.428247 0.270696 0.106231 -12.669071 -4.397047 -6.905330 -1.809387 7.662251 -0.464581 -2.525411 2.429933 5.955983 -17.903971 6.488460 -13.336675 22.057383 10.512469 -5.696825 5.852143 6.952511
0.723459 25.640009 -4.661076 14.886095 2.764842 -2.833254 -7.339466 15.661878 -8.249774 0.883821 -1.396513 0.329984 0.062240 -12.659908 -4.423101 -6.879249 -1.808061 7.628575 -0.504520 -2.528722 2.398099 5.923703 -17.907055 6.497519 -13.391166 22.040415 10.472446 -5.625212 5.834778 6.955027
0.680886 25.690273 -4.609123 14.852450 2.722741 -2.884634 -7.358064 15.630009 -8.385702 0.835746 -1.423103 0.356417 0.035169 -12.650875 -4.423412 -6.906138 -1.815743 7.633966 -0.491688 -2.551524 2.347212 5.822474 -17.935251 6.476633 -13.314737 22.023031 10.410232 -5.789353 5.890990 6.880067
0.732326 25.727638 -4.641881 14.858120 2.749464 -2.855905 -7.315174 15.682950 -8.404516 0.827737 -1.434627 0.332296 0.052268 -12.646708 -4.404536 -6.914633 -1.802125 7.638463 -0.495471 -2.565542 2.421120 5.850098 -17.955082 6.390119 -13.279946 22.027664 10.412282 -5.850070 5.881368 6.919823
0.717637 25.770706 -4.731728 14.888381 2.801013 -2.906746 -7.237988 15.647313 -8.431705 0.782218 -1.461726 0.423327 0.175516 -12.561703 -4.513581 -7.078529 -1.752250 7.699178 -0.446009 -2.677612 2.324431 5.789877 -17.530357 6.471888 -13.296789 21.960535 10.185157 -5.954990 5.900808 7.154772
0.708377 25.662146 -4.621571 14.844246 2.793166 -2.872446 -7.268330 15.694198 -8.409115 0.805773 -1.453370 0.429338 0.203755 -12.541224 -4.508863 -7.047091 -1.697916 7.700634 -0.466229 -2.598005 2.330814 5.747242 -17.512842 6.303593 -13.259291 22.097261 10.090441 -5.874583 5.782860 6.988467
0.722815 25.711487 -4.529769 14.700321 2.658461 -2.782000 -7.328480 15.724631 -8.444419 0.843563 -1.466051 0.498510 0.118610 -12.562187 -4.611096 -7.056798 -1.665681 7.622295 -0.463289 -2.555564 2.339260 5.742308 -17.535982 6.468714 -13.350859 21.994978 10.119751 -5.739444 5.852854 7.163887
0.717363 25.661018 -4.681713 14.858009 2.785183 -2.881428 -7.286945 15.656812 -8.419595 0.776703 -1.527135 0.580984 0.326587 -12.459351 -4.656551 -7.274462 -1.700825 7.704147 -0.382007 -2.690846 2.239969 5.535177 -16.572721 6.265503 -13.146538 22.185087 9.863721 -5.984533 5.809402 7.296523
0.726092 25.610870 -4.593017 14.631510 2.481192 -2.793339 -7.405794 15.756438 -8.412384 0.797385 -1.506878 0.547577 0.280271 -12.473600 -4.670548 -7.226270 -1.644302 7.700092 -0.424591 -2.630857 2.190110 5.298198 -16.156633 6.349177 -13.123251 22.158916 9.659733 -5.896912 5.814712 7.595065
2.658943 24.474602 -5.687761 14.667676 1.790152 -2.334338 -8.170468 17.080238 -6.773558 2.047273 -2.098912 -0.633831 1.471256 -12.649744 -3.448229 -6.732901 -1.575733 7.877367 -0.535214 -1.637251 4.445895 5.885341 -17.211302 6.009980 -12.209769 22.306253 11.739738 -4.988841 6.316305 7.971220
5.080409 22.166000 -5.835565 15.297587 -0.064564 -0.877341 -8.239982 19.398466 -4.661295 2.677629 -2.476454 -1.113758 3.186727 -12.383738 -2.640219 -6.478075 -1.090824 7.907192 -1.067191 0.161528 7.298150 7.829213 -16.871374 4.999866 -10.616139 22.887291 12.941431 -3.592555 5.728254 9.119215
6.428043 21.733297 -4.924030 15.746791 -2.201593 -0.508357 -8.972610 21.201372 -4.399240 2.751935 -2.459390 -0.829200 4.390543 -11.948055 -3.242850 -6.756672 0.010312 8.187012 -1.421500 0.997732 9.476403 7.603584 -12.468043 5.850183 -10.181354 22.560587 11.491010 -1.438092 5.259525 12.753762
6.540369 20.932953 -2.630028 15.897325 -3.225616 0.582223 -8.736633 22.031801 -4.340925 3.021925 -2.273239 -1.840443 4.637077 -12.092846 -3.103544 -5.948108 1.235320 8.227236 -1.857283 1.756793 11.418889 7.547086 -14.692376 7.463453 -10.671356 21.416777 11.919820 1.855165 6.047447 15.331523
6.267695 18.614416 -1.545080 16.488480 -4.395476 1.669311 -8.245566 22.074724 -3.583675 2.418026 -2.075568 -2.162802 5.435318 -12.062203 -3.019459 -5.209323 2.183074 8.277736 -2.334758 2.324929 13.411532 6.250550 -16.562353 9.341622 -10.855635 20.095381 10.801253 2.759512 7.885014 15.778740
6.532673 16.186010 -1.094726 16.905224 -6.532682 2.877248 -7.877830 22.899191 -3.633626 0.826131 -1.944031 -2.093147 6.495239 -11.624620 -3.235540 -4.831009 2.880144 7.882609 -3.024914 2.248958 15.812185 5.667571 -16.107599 10.878648 -9.993268 19.026056 8.450588 0.558229 10.675830 15.864165
7.825616 13.566195 -2.193634 17.254620 -8.743723 3.356807 -7.621913 24.761328 -3.919118 -1.099021 -1.440699 -2.408863 8.115092 -11.320245 -3.574153 -4.282629 2.985016 6.696975 -4.213514 2.105236 18.797968 7.186034 -15.540930 12.726291 -10.247156 18.102325 6.740373 -1.565207 12.758739 13.604949
7.684834 11.003663 -1.683296 17.377207 -10.864697 4.878249 -7.271064 26.590483 -3.934566 -3.290949 -1.173961 -2.817408 9.771670 -11.052160 -3.889176 -3.453187 3.397570 5.279977 -5.800441 1.712210 22.716038 12.392958 -13.596173 13.905087 -11.998198 18.655962 3.947633 -2.090068 13.463448 10.789025
7.743916 8.944912 -0.513698 17.527048 -12.817368 8.505275 -6.595566 28.763365 -3.382808 -4.823554 -0.974202 -3.008001 9.884656 -10.943395 -4.562066 -3.204544 3.356746 3.456693 -6.723963 0.730953 23.865282 17.101696 -15.443553 14.100793 -13.814863 18.425428 -1.830407 -1.566995 12.021557 10.070489
6.761880 7.616417 2.228685 17.999626 -13.828146 12.443000 -4.170415 29.976229 -2.864968 -5.043501 -1.133766 -3.684860 9.191327 -11.046307 -5.688481 -3.685613 4.010226 1.852407 -7.156409 -0.764028 24.509642 18.934767 -17.061539 15.816551 -16.014975 17.070587 -7.498085 -2.219439 13.641366 10.649601
6.299742 6.724106 4.352086 19.218538 -14.195698 15.265041 -0.848923 30.809664 -2.788861 -4.955049 -1.476812 -4.595987 8.452636 -11.412949 -6.342545 -4.010106 4.320469 0.811354 -7.270295 -1.493666 23.668341 19.262739 -18.919905 16.190685 -17.733152 16.253141 -10.407325 -4.671976 15.977055 7.596146
5.896486 7.159494 3.760099 19.394289 -12.916566 13.715897 -0.477725 30.341761 -3.189155 -4.835703 -1.360186 -3.868600 8.638650 -11.316082 -6.642588 -4.203503 4.367897 1.002087 -7.130730 -1.178432 23.470278 18.334955 -17.022095 15.717641 -17.247610 17.109377 -10.093791 -3.814670 14.934121 8.747227
4.860921 7.781889 3.127860 19.756819 -11.059340 12.261001 -0.246216 29.610888 -3.770235 -5.147970 -1.343621 -2.629627 7.997186 -11.667639 -6.678689 -3.772781 4.013061 1.468062 -6.825392 -0.444349 22.798323 17.423815 -17.078264 14.608358 -16.003099 18.532820 -9.611728 -3.079692 13.146944 9.002984
4.814764 8.438786 1.664253 20.046591 -9.681782 10.146619 -0.963896 28.746098 -4.660716 -5.442534 -1.410231 -1.650733 7.824584 -11.865868 -6.456717 -3.751455 3.289226 1.925512 -6.245335 0.460260 22.548574 16.309916 -15.804379 12.949733 -14.371857 20.503515 -6.303370 -2.057415 11.420399 7.179103
4.535089 8.806293 1.682679 19.785297 -9.420485 10.274087 -1.039060 28.487305 -4.732652 -5.508508 -1.269858 -1.796631 7.397889 -12.099260 -6.146421 -3.440248 3.102139 2.266532 -6.126589 0.653737 23.133827 16.139044 -16.980597 13.183288 -13.909872 20.513475 -5.591107 -2.449201 11.562757 6.397790
4.348170 8.716990 2.171023 19.831642 -9.332861 10.690442 -0.398997 28.570684 -4.583280 -5.346869 -1.482652 -1.348003 7.270416 -12.055047 -6.653074 -3.795853 3.297854 2.024363 -6.142655 0.385009 22.501448 15.939299 -15.930908 12.903033 -14.436771 20.673292 -7.107001 -2.601587 11.548451 6.714147
3.065884 9.664988 5.963790 19.165709 -9.632397 11.862186 1.613953 29.735485 -5.020223 -3.032734 -1.646008 -1.073367 5.802694 -12.381205 -7.791874 -4.094855 3.575286 0.977402 -6.327748 -0.230259 21.808722 12.577552 -17.607250 12.909282 -15.616028 19.938694 -8.828032 -2.216208 12.920045 7.360620
3.661486 10.335674 9.823839 17.831583 -12.723110 12.632947 -0.812204 31.023380 -4.397877 -0.877665 -2.083031 -1.252941 4.525939 -12.664573 -8.920023 -4.572415 4.118854 0.143121 -6.136657 -0.962600 20.948938 10.826624 -19.692614 13.856630 -16.138454 18.374926 -8.976482 -0.967476 15.790128 10.787850
