10.393985 29.542587 -6.547277 6.484325 14.155620 4.022318 -1.292678 14.101941 0.998849 -7.289631 -4.340075 1.326901 -1.259457 -9.741911 5.305208 -2.089521 -5.402438 3.299706 -9.620048 -2.870663 -2.803900 15.729767 -15.064420 15.309021 -15.074140 18.881872 10.600116 -13.295211 0.028217 8.752244
10.518985 29.565329 -6.371035 6.401826 14.356415 4.008433 -1.243772 14.177251 1.029359 -7.537242 -4.314875 1.284941 -1.279089 -9.764061 5.217912 -2.081142 -5.467642 3.311923 -9.707870 -2.749038 -2.806481 15.896011 -15.442274 15.332474 -15.133151 18.886909 10.645255 -13.312140 0.029306 8.538594
10.926610 29.614103 -10.226644 0.212120 18.025295 0.583175 1.552593 9.869863 -1.604304 -7.966606 -3.702079 2.515910 -3.851073 -5.723653 6.316865 -4.388675 -9.105150 4.760251 -9.170402 -3.927632 -9.784593 11.499801 -13.840098 13.047435 -11.454935 19.459944 17.582706 -13.828012 -4.312331 4.358139
11.086535 29.151779 -9.157279 0.416229 17.005407 2.126313 2.561981 9.125831 -1.792688 -8.466054 -3.447208 2.896430 -3.522439 -5.697368 6.118793 -3.821423 -8.889111 4.468138 -9.613242 -3.628048 -9.015477 11.918262 -14.381803 13.011930 -11.377521 18.325254 16.924990 -13.109823 -4.573057 5.465226
10.928552 30.054724 -8.265834 -0.501262 15.957579 3.775762 2.586596 8.659406 -1.987420 -8.948160 -2.972551 3.436302 -3.945922 -5.681790 5.589371 -3.687939 -8.873203 3.762453 -10.014762 -3.916862 -8.882648 11.269180 -14.860892 13.206279 -11.192578 16.870615 17.567930 -13.008182 -5.746294 6.290069
10.649045 30.410822 -8.424794 -1.003127 14.455978 4.359908 1.184982 9.007357 -2.223059 -8.334711 -2.770154 3.588573 -4.275450 -6.070620 5.158921 -3.806960 -8.673853 3.223182 -10.081456 -3.949810 -7.550535 11.842703 -14.982968 13.581573 -11.606607 15.459957 17.651539 -12.455901 -6.963616 7.716926
10.383640 30.969978 -8.462342 -1.669781 13.704728 4.369511 0.496689 8.932403 -2.521489 -7.750649 -2.755083 3.478788 -4.609791 -6.286544 4.961310 -4.045149 -8.579834 2.982552 -9.983634 -4.044079 -7.618852 12.085217 -14.869034 13.192475 -11.898174 15.227939 18.058718 -12.113900 -7.299017 8.226223
10.705976 31.443859 -8.416136 -2.002624 11.625387 5.535253 0.564650 8.900815 -3.260718 -7.302062 -2.951928 2.917060 -4.581384 -6.455184 4.771925 -4.638194 -8.236288 2.433396 -9.802463 -4.534814 -6.816345 12.932178 -14.496755 12.463048 -12.633692 15.794360 17.952448 -11.601410 -7.093070 7.835232
11.255483 31.173374 -8.948313 -1.848745 9.383045 7.223351 0.678190 8.558055 -3.548866 -7.232551 -3.187381 1.954418 -3.845466 -6.501238 4.956675 -4.871211 -7.823854 1.846923 -9.833381 -5.009995 -5.812642 13.692795 -13.717548 10.798321 -13.802230 16.417797 17.912531 -10.758480 -6.423919 6.489203
10.755206 30.805927 -9.160107 -1.966672 8.699835 8.326077 1.268460 8.057816 -4.047959 -7.231469 -2.994240 1.613998 -2.756520 -6.159615 5.162097 -4.905996 -7.391755 0.722977 -9.987076 -5.225077 -5.321470 14.278807 -13.443530 10.339594 -13.967001 16.595736 17.615610 -10.753551 -6.252822 4.635475
10.435740 30.353777 -9.568851 -1.399230 7.779805 10.200259 1.779859 7.353101 -4.310408 -7.137586 -2.740606 1.840093 -2.423525 -5.885969 5.609004 -4.726165 -7.320850 0.574563 -9.915776 -5.251955 -4.906967 13.949844 -12.976489 10.019660 -13.650591 16.094143 18.058857 -10.504636 -7.168507 3.102872
9.231368 30.218796 -9.462755 -1.926861 6.903371 11.166581 2.143892 7.653698 -5.472816 -6.825036 -2.348640 2.464860 -1.752505 -5.389101 6.191825 -4.345346 -7.123968 0.245543 -9.844123 -5.307561 -4.756486 14.905424 -12.895198 9.851783 -13.655940 15.955089 17.691074 -10.054463 -7.943101 2.523547
7.679862 30.237568 -9.925284 -2.426728 6.924809 10.636092 1.762182 7.906943 -6.439533 -6.008390 -2.359054 3.502090 -1.968988 -5.424375 6.774817 -3.763080 -7.171834 0.906204 -9.198052 -5.038811 -4.292041 16.360762 -13.175389 9.496792 -14.148764 14.851174 16.983725 -9.627678 -8.866615 2.862949
6.876598 30.788456 -11.031560 -2.178210 5.979139 11.347325 1.915569 6.657244 -7.358696 -4.765308 -2.218395 3.869748 -1.765877 -5.274873 7.483896 -3.471437 -7.074543 0.848366 -8.840402 -5.320890 -4.297474 17.455517 -12.968282 8.283422 -15.309296 14.031892 16.729319 -9.703911 -9.161179 3.460266
6.838326 30.495951 -11.314361 -2.063754 5.455802 11.792808 1.716230 6.403437 -7.365243 -4.549095 -2.251602 3.739441 -1.840633 -5.256861 7.633717 -3.519866 -6.939126 0.790821 -8.748841 -5.523314 -4.385729 17.485723 -13.341735 8.112802 -15.276220 13.919216 17.006901 -9.479679 -9.561142 3.419024
6.744268 30.671497 -11.226808 -2.221653 5.212798 12.000159 1.961626 6.317557 -7.690641 -4.502304 -2.248782 3.715353 -1.750106 -5.258034 7.735283 -3.475746 -6.873724 0.775247 -8.718438 -5.562365 -4.324640 17.786179 -13.353388 7.923795 -15.457133 13.800920 16.931229 -9.422664 -9.585238 3.365429
6.620091 30.470734 -11.243833 -2.319998 5.093000 11.949000 1.854699 6.410108 -7.729723 -4.470261 -2.279896 3.758661 -1.721643 -5.220936 7.690153 -3.545324 -6.885383 0.772475 -8.653663 -5.551537 -4.408558 17.401678 -12.930582 7.905068 -15.369951 13.905832 16.976446 -9.526475 -9.472147 3.428892
6.682743 30.501833 -11.445090 -2.131894 4.975963 12.098454 1.790069 6.281708 -7.658643 -4.353649 -2.288591 3.767613 -1.796896 -5.236751 7.722769 -3.552240 -6.834170 0.786135 -8.612638 -5.666904 -4.452510 17.520548 -12.951583 7.827431 -15.455663 13.766781 16.889856 -9.676906 -9.527321 3.263442
6.643266 30.634823 -11.547547 -2.139345 4.889075 12.166771 1.795131 6.173137 -7.742600 -4.177732 -2.281266 3.804754 -1.742601 -5.215697 7.763523 -3.510122 -6.866465 0.712568 -8.654382 -5.631292 -4.307203 17.176691 -12.904775 7.985059 -15.431640 13.770457 17.079018 -9.635826 -9.279140 3.443064
6.672420 30.689495 -11.522527 -2.169064 4.917597 12.134290 1.845584 6.189476 -7.734519 -4.176904 -2.305845 3.748060 -1.803385 -5.260375 7.755157 -3.519396 -6.876545 0.718041 -8.703076 -5.647577 -4.290449 17.352108 -13.258462 8.000270 -15.530582 13.796738 17.102594 -9.625539 -9.261927 3.173216
6.674726 30.548269 -11.286275 -2.273853 5.040001 12.072700 1.818343 6.376867 -7.703476 -4.370815 -2.305770 3.801897 -1.803249 -5.191582 7.720271 -3.549284 -6.918831 0.722090 -8.724312 -5.547272 -4.452148 17.558512 -13.289058 8.057332 -15.451291 13.873137 16.996809 -9.480775 -9.541599 3.134294
6.684820 30.568817 -11.330400 -2.167114 5.028259 12.104076 1.824052 6.316957 -7.682194 -4.318809 -2.319741 3.814765 -1.791035 -5.215274 7.747958 -3.521811 -6.866401 0.717417 -8.703998 -5.576330 -4.452797 17.702335 -13.297075 7.961491 -15.463390 13.831294 16.967333 -9.435773 -9.631757 3.139500
3.379863 24.095892 -10.945179 -9.811744 -4.229061 12.264098 -12.878065 12.759158 -4.838115 -6.057761 -2.590678 -1.849766 3.639321 -4.638918 9.151051 -5.170149 -5.437971 -3.405608 -8.911521 -4.473693 3.666601 17.924408 -11.462384 11.054684 -15.636102 10.478720 11.603513 -8.197578 -10.886477 0.332397
3.820230 14.735899 -12.842428 -6.326611 -7.927531 14.908174 -16.929211 19.424543 -2.877519 -9.628237 -1.733744 -1.847576 7.674256 -3.928037 10.266951 -3.942560 -3.421259 -3.136039 -9.790944 -2.946396 7.269764 16.795774 -8.755744 12.060222 -16.900835 7.791429 9.830376 -10.544704 -10.287066 -2.942473
-0.351533 15.435544 -10.452329 -7.386913 -10.362696 16.894438 -10.304533 18.527678 -0.033507 -11.502308 -1.331038 1.029648 6.812314 -3.321655 9.466601 -3.989603 -3.917490 -2.051713 -9.502526 -4.472579 6.789468 17.443886 -7.956149 11.721530 -16.473494 7.704770 9.244391 -10.544465 -11.641024 -3.845472
-0.917123 15.557842 -10.839116 -7.685523 -8.968218 16.571480 -9.064288 17.306025 0.026822 -11.454544 -1.083201 2.144885 6.079295 -2.856816 9.028397 -3.946925 -4.232571 -1.953821 -9.628052 -4.586958 5.705832 17.300602 -7.936805 11.027392 -15.874147 7.348153 9.981404 -10.192965 -12.616264 -3.899261
-1.188798 15.265581 -10.969377 -8.045269 -8.186471 16.571894 -8.618489 17.099190 0.005104 -11.987024 -0.975338 2.110847 6.137204 -2.741922 9.230341 -3.795154 -4.200123 -1.771499 -9.741775 -4.696375 5.379035 17.453306 -7.805660 10.744609 -15.649197 7.306729 10.130182 -10.201875 -13.013110 -4.458879
-1.178437 14.581433 -11.442032 -8.202216 -7.108202 16.174822 -7.966349 16.635738 0.239550 -12.242255 -0.884656 2.447371 5.833511 -2.469647 9.432436 -3.571885 -4.256785 -1.336478 -9.746785 -4.448200 4.738209 17.588804 -7.611835 10.214025 -15.368914 7.002320 10.505086 -10.068402 -13.873504 -4.949659
-1.106636 14.699223 -11.321670 -8.604939 -7.392530 16.129185 -8.081916 16.943296 -0.179990 -12.354688 -0.795653 2.296060 6.106740 -2.394739 9.589926 -3.576032 -4.147995 -1.320612 -9.879953 -4.663245 4.132549 17.857721 -7.771164 10.034579 -15.339650 7.505167 10.345461 -10.452579 -13.853741 -5.501117
-1.207002 14.751877 -11.578651 -8.539410 -6.795772 15.685473 -7.500568 16.511992 -0.489311 -12.174099 -0.708515 2.455057 5.997831 -2.119029 9.665813 -3.574485 -4.318149 -1.007902 -9.992644 -4.761453 3.283973 17.772709 -7.649076 9.710016 -15.213670 7.878693 10.688690 -11.133521 -13.811741 -6.066819
-1.177130 14.558696 -11.478347 -8.687271 -7.037735 15.880741 -7.577406 16.627932 -0.436236 -12.366322 -0.704565 2.362517 6.073372 -2.181891 9.696917 -3.626894 -4.265109 -1.037892 -9.981151 -4.743128 3.316512 17.743876 -7.661474 9.679851 -15.267156 7.920505 10.710122 -11.100572 -13.779636 -6.132574
-1.194655 14.713696 -11.339152 -8.701490 -7.043407 16.007404 -7.588597 16.627762 -0.597665 -12.313587 -0.674414 2.411472 6.099598 -2.118903 9.728767 -3.556612 -4.267739 -0.987055 -10.035851 -4.781524 3.250118 17.738949 -7.730825 9.720897 -15.230671 7.903254 10.642696 -11.277488 -13.716618 -6.177130
-1.216299 14.806982 -11.580211 -8.819525 -6.990826 15.834816 -7.616351 16.432261 -0.564982 -12.187267 -0.661576 2.402760 6.167005 -2.114582 9.709034 -3.582948 -4.189550 -1.063270 -10.045050 -4.756316 3.351571 17.671251 -7.586150 9.602176 -15.221010 7.782988 10.716909 -11.013478 -13.925426 -6.108821
-1.346792 14.963139 -11.218041 -8.792994 -7.446751 15.985604 -7.669054 16.648169 -0.601137 -12.120068 -0.772229 2.387531 6.135561 -2.271702 9.651735 -3.641464 -4.128053 -1.063075 -9.889379 -4.799588 3.932490 17.620007 -7.568067 9.903176 -15.338637 7.830069 10.575109 -10.804731 -13.633521 -5.849278
-1.239347 14.527956 -11.394748 -8.609345 -6.708689 15.520533 -7.624561 16.700331 -0.351821 -12.219406 -0.718305 2.491949 6.096934 -2.094777 9.645260 -3.530651 -4.183892 -0.967918 -10.042290 -4.674653 3.731223 17.538603 -7.590255 9.642299 -15.224985 7.546800 10.713536 -10.551053 -14.066240 -5.732520
-1.284730 14.492150 -11.361278 -8.497803 -6.761488 15.730920 -7.568879 16.735859 -0.312867 -12.288382 -0.728074 2.455519 6.115736 -2.155287 9.632840 -3.547427 -4.157934 -1.016422 -10.021413 -4.691735 3.683578 17.559544 -7.591337 9.650827 -15.153749 7.622347 10.727408 -10.526749 -14.095892 -5.798557
-1.205963 14.586773 -11.418240 -8.489575 -6.760430 15.680037 -7.533646 16.725372 -0.334198 -12.226386 -0.713725 2.453535 6.136298 -2.132287 9.634916 -3.520063 -4.149010 -1.031067 -10.057870 -4.713754 3.709634 17.588163 -7.595289 9.654889 -15.189808 7.600274 10.740305 -10.536118 -14.075267 -5.813818
-1.140034 14.537363 -11.525862 -8.562972 -6.657320 15.659778 -7.487573 16.610083 -0.350085 -12.238810 -0.721284 2.520986 6.055276 -2.102962 9.638230 -3.548033 -4.236969 -0.955190 -10.013802 -4.744592 3.685140 17.664087 -7.630800 9.649726 -15.185120 7.563227 10.634441 -10.545303 -14.103931 -5.877366
-1.243077 14.670744 -11.457852 -8.649776 -6.805261 15.619699 -7.632147 16.642458 -0.348823 -12.198166 -0.709482 2.477160 6.120658 -2.158634 9.640169 -3.531184 -4.197896 -1.019463 -10.019883 -4.638410 3.628959 17.507639 -7.621989 9.589581 -15.195416 7.613042 10.812354 -10.584310 -13.998617 -5.788876
-1.252720 14.590768 -11.527995 -8.576026 -6.667715 15.557010 -7.487293 16.558893 -0.372172 -12.177979 -0.729270 2.496835 6.106199 -2.082798 9.633137 -3.539471 -4.188492 -1.024364 -10.026195 -4.670674 3.733853 17.678892 -7.600245 9.674823 -15.179813 7.431237 10.597814 -10.558463 -14.197643 -5.822359
