-0.644674 29.216408 -13.418896 19.694441 3.833911 3.583892 -8.862375 3.905102 -10.468104 -11.614192 -4.363240 1.352225 -1.303698 -9.711512 5.315930 -2.101613 -5.401879 3.274046 -9.651720 -2.861857 -2.860585 15.783710 -15.037606 15.375180 -15.187412 18.869184 10.567930 -13.170726 0.036907 8.749986
-0.639183 29.216106 -13.410770 19.719183 3.873793 3.638647 -8.831090 3.895902 -10.484263 -11.669678 -4.338274 1.313317 -1.316333 -9.730974 5.232649 -2.093808 -5.472939 3.284710 -9.741138 -2.742338 -2.856630 15.950178 -15.416883 15.390689 -15.235693 18.861422 10.611828 -13.178563 0.015759 8.507803
-3.295697 30.731131 -18.246397 9.820582 9.094320 -2.943068 -8.017011 -2.439109 -14.023850 -10.293183 -2.960018 3.051341 -4.559336 -4.454298 6.144594 -4.580775 -9.744385 5.044984 -10.157708 -3.821690 -13.820878 9.589901 -15.001876 14.107833 -8.068752 21.602341 20.528189 -13.641148 -5.193139 4.084678
-3.794292 30.978449 -18.299515 8.955233 10.168453 -3.999227 -7.723896 -3.814348 -13.745919 -10.555952 -2.832990 3.185044 -5.320310 -3.908993 5.910760 -4.779428 -9.757915 5.403315 -10.607215 -4.460421 -15.518405 10.331753 -15.384923 12.677602 -8.068116 21.251787 20.728807 -13.881262 -6.358025 3.987882
-3.954508 31.327127 -19.092314 8.523808 11.003553 -4.918740 -7.313169 -5.064619 -13.919974 -10.351025 -2.807869 3.388689 -6.036986 -3.529852 5.894798 -4.849628 -10.031065 5.843138 -10.672714 -5.011639 -17.107630 10.907494 -15.539616 11.409436 -8.315422 20.681250 21.224483 -14.333838 -7.167411 3.866192
-4.077991 31.512650 -19.375328 8.337333 11.457215 -5.254622 -7.262640 -5.521059 -14.008140 -10.205420 -2.840386 3.504696 -6.362687 -3.447274 5.924524 -4.912699 -10.112619 5.946847 -10.622820 -5.327799 -17.563707 10.789919 -15.633733 11.120501 -8.206312 20.629742 21.475084 -14.353017 -7.450904 4.035859
-4.227632 31.691055 -19.485430 8.225157 11.820682 -5.573462 -7.203164 -5.816169 -14.092848 -10.068165 -2.803157 3.567652 -6.431867 -3.417734 5.912237 -4.929299 -10.205360 5.934546 -10.561036 -5.315774 -17.770617 10.726810 -15.674695 10.961272 -8.196159 20.615198 21.594767 -14.343177 -7.586563 4.182298
-4.253498 31.680517 -19.537130 8.185372 11.886036 -5.623411 -7.210764 -5.859817 -14.098417 -10.077405 -2.812949 3.561693 -6.443995 -3.409262 5.915851 -4.938761 -10.189665 5.929803 -10.562739 -5.359379 -17.847570 10.702724 -15.675415 10.848496 -8.175850 20.524073 21.677877 -14.314782 -7.717277 4.185399
-4.242269 31.678295 -19.532293 8.190645 11.865110 -5.612741 -7.224413 -5.843701 -14.093299 -10.078930 -2.817552 3.563147 -6.448336 -3.410700 5.916731 -4.939393 -10.187498 5.933622 -10.561095 -5.361913 -17.824541 10.704409 -15.670266 10.855555 -8.179841 20.521738 21.673071 -14.308580 -7.711486 4.177058
-4.257753 31.682055 -19.543619 8.179519 11.894611 -5.630957 -7.210168 -5.865531 -14.099456 -10.077344 -2.814689 3.561760 -6.444582 -3.411699 5.914624 -4.937960 -10.185808 5.928831 -10.563315 -5.361679 -17.836647 10.697185 -15.670646 10.850772 -8.178495 20.522326 21.677866 -14.317674 -7.719419 4.178699
-4.253175 31.683823 -19.537725 8.183859 11.886177 -5.626032 -7.211507 -5.860025 -14.099676 -10.075547 -2.814843 3.562889 -6.445831 -3.411503 5.915165 -4.937562 -10.186214 5.929891 -10.562548 -5.362677 -17.836782 10.704376 -15.673518 10.849685 -8.175958 20.523088 21.675913 -14.308111 -7.721484 4.184497
-4.241770 31.679489 -19.531073 8.191607 11.864395 -5.612107 -7.224276 -5.843094 -14.093303 -10.078307 -2.817526 3.563626 -6.448486 -3.411519 5.916129 -4.938836 -10.187199 5.933136 -10.560861 -5.361873 -17.822283 10.704017 -15.670026 10.857917 -8.179840 20.521963 21.672270 -14.308971 -7.709631 4.176524
-4.280326 31.691607 -19.550531 8.159231 11.933806 -5.628704 -7.182807 -5.912649 -14.106030 -10.081258 -2.819394 3.569746 -6.459906 -3.417141 5.913992 -4.935370 -10.181732 5.937270 -10.556837 -5.370503 -17.800583 10.696494 -15.673955 10.879440 -8.159730 20.510059 21.669138 -14.302973 -7.744013 4.183910
-4.289217 31.694263 -19.559851 8.149393 11.951296 -5.641373 -7.177942 -5.927662 -14.109252 -10.080086 -2.816902 3.569552 -6.457965 -3.416752 5.913544 -4.934056 -10.181181 5.934456 -10.558162 -5.371766 -17.813925 10.697045 -15.677239 10.872966 -8.156337 20.512041 21.671797 -14.303038 -7.753034 4.191144
-4.279922 31.692366 -19.550159 8.159768 11.933588 -5.629215 -7.182755 -5.912052 -14.106269 -10.080613 -2.819303 3.569803 -6.459941 -3.417082 5.914001 -4.935396 -10.181770 5.937168 -10.556826 -5.370472 -17.800777 10.696638 -15.674069 10.879974 -8.159603 20.510387 21.668947 -14.303132 -7.743270 4.183991
-4.292988 31.699146 -19.557201 8.148287 11.965260 -5.632287 -7.189082 -5.929142 -14.110203 -10.078759 -2.813164 3.556093 -6.469703 -3.427306 5.924716 -4.919404 -10.185730 5.934405 -10.559995 -5.364973 -17.785387 10.827465 -16.072309 10.912980 -8.203446 20.480515 21.753599 -14.306672 -7.751503 3.991834
-4.279887 31.692835 -19.549784 8.159991 11.933675 -5.629359 -7.182318 -5.912182 -14.106555 -10.080227 -2.819264 3.570025 -6.460157 -3.417140 5.913899 -4.935218 -10.181793 5.937242 -10.556790 -5.370501 -17.800751 10.696550 -15.674151 10.880358 -8.159458 20.510588 21.668890 -14.303323 -7.743276 4.184039
-4.289771 31.694111 -19.559881 8.149063 11.951663 -5.642639 -7.176723 -5.928045 -14.109992 -10.080143 -2.817358 3.573139 -6.457472 -3.416921 5.910908 -4.935829 -10.180655 5.934503 -10.557305 -5.372921 -17.813391 10.696983 -15.677093 10.872752 -8.156169 20.511892 21.671888 -14.302630 -7.754738 4.190881
-4.290636 31.694546 -19.560740 8.148436 11.950214 -5.644269 -7.175611 -5.928149 -14.106870 -10.079030 -2.817081 3.571789 -6.458117 -3.417517 5.911836 -4.934764 -10.180719 5.934322 -10.557807 -5.371289 -17.813643 10.696880 -15.677164 10.872881 -8.155985 20.511911 21.672049 -14.302833 -7.754867 4.190871
-4.285380 31.696507 -19.548719 8.157089 11.945630 -5.623171 -7.192742 -5.912910 -14.103400 -10.078533 -2.815662 3.558755 -6.471568 -3.428318 5.923144 -4.921966 -10.185600 5.936973 -10.558419 -5.363602 -17.772772 10.827076 -16.069016 10.919158 -8.206238 20.478277 21.751293 -14.306310 -7.744053 3.984204
-4.285255 31.696432 -19.548286 8.156881 11.945538 -5.622542 -7.191432 -5.912893 -14.103620 -10.078852 -2.816099 3.558125 -6.471809 -3.428198 5.923661 -4.921508 -10.185701 5.936663 -10.558345 -5.364471 -17.773046 10.826633 -16.069002 10.918949 -8.206215 20.478188 21.751310 -14.306507 -7.744021 3.984188
-4.285255 31.696432 -19.548286 8.156881 11.945538 -5.622542 -7.191432 -5.912893 -14.103620 -10.078852 -2.816099 3.558125 -6.471809 -3.428198 5.923661 -4.921508 -10.185701 5.936663 -10.558345 -5.364471 -17.773046 10.826633 -16.069002 10.918949 -8.206215 20.478188 21.751310 -14.306507 -7.744021 3.984188
-18.117012 28.969818 -1.842849 7.216829 22.097057 3.292436 -2.391094 -6.637975 -6.636588 -3.432535 1.759411 5.033951 -10.893896 -3.124778 0.998849 -3.206604 -3.371564 6.583529 -11.034957 -3.749725 -24.028341 4.294113 -27.495115 8.059120 -7.719245 16.342016 7.207169 -7.289745 -13.688737 9.338444
-20.620506 30.702751 0.038522 9.258983 22.888292 1.429797 -3.022611 -9.025443 -7.869454 -4.347947 0.625928 5.734952 -12.042287 -2.774199 1.418585 -3.330857 -2.569277 6.502637 -11.645804 -2.944574 -24.245640 2.545981 -29.287508 6.584488 -7.683450 16.590693 6.415046 -5.629275 -13.266142 11.228215
-23.086269 30.668438 2.446888 8.237906 22.581264 -0.162633 -4.170414 -8.716419 -9.006934 -1.614800 0.496223 6.392646 -13.629292 -2.125863 2.834812 -3.827992 -0.478661 6.334437 -10.032462 -3.563836 -24.779228 -2.670342 -25.343889 4.721567 -6.458494 15.860496 4.028126 -6.187889 -11.963666 13.365790
-24.287891 30.832397 4.188157 7.676782 21.854548 -2.441709 -5.152347 -9.444134 -10.634070 -1.201148 -0.169341 6.274916 -14.587586 -1.771672 3.082335 -4.205904 0.498595 6.245080 -10.148887 -2.838565 -24.722389 -4.528797 -27.335726 4.485191 -6.974331 14.823929 3.220892 -5.677799 -10.126799 13.113888
-25.379190 29.774307 6.170106 6.728584 21.358477 -4.617774 -5.218616 -9.036244 -11.206307 -0.626600 -0.448511 5.373559 -14.800418 -0.937762 3.669632 -4.721649 1.656906 6.440554 -10.177478 -2.626957 -24.151693 -7.154038 -26.848534 2.757437 -6.620372 14.148603 2.193586 -4.623309 -9.142076 12.949492
-26.683100 27.966143 7.158373 5.941130 21.516493 -5.705367 -5.981940 -7.898038 -11.064521 1.680697 -0.102720 4.393276 -14.550298 -0.089594 3.813784 -5.287818 2.993963 6.697149 -9.561515 -2.808991 -23.895140 -9.960058 -24.939938 1.466415 -6.064079 13.851891 1.823334 -3.669021 -8.061071 13.290946
-26.948004 26.828465 8.108786 4.239497 21.437460 -6.761304 -7.270936 -6.529737 -11.890257 4.383831 -0.018981 3.251297 -14.419035 0.957510 4.812330 -5.765853 4.377074 7.398036 -9.109620 -3.066690 -23.504498 -12.989766 -23.310873 1.288295 -4.962059 14.011090 0.954128 -3.488519 -6.532151 13.030087
-27.804056 24.711159 9.109225 3.165433 20.737841 -7.676843 -7.420131 -4.844148 -12.153254 7.960096 0.603045 2.067920 -13.710900 1.653157 5.375453 -6.268613 5.997097 8.351589 -7.243923 -4.059009 -23.399420 -16.114258 -19.603189 1.230293 -3.820536 14.559908 -0.564024 -2.661007 -5.132679 14.003205
-28.634628 23.202091 10.263537 1.001818 18.843203 -8.044299 -9.521096 -2.748126 -14.586890 11.414882 0.877813 0.504995 -12.968173 2.404145 5.809748 -7.059013 7.069984 8.402795 -5.440769 -4.050351 -22.433493 -19.473970 -17.864372 2.496560 -1.889438 15.768387 -2.046284 -1.721574 -3.185738 13.703341
-30.133118 19.324621 11.248720 0.690074 15.104527 -8.284947 -10.543186 -1.565356 -17.042143 13.244732 0.551242 -0.836818 -12.090335 3.130587 6.497858 -7.900516 7.975241 7.366236 -4.193127 -3.282781 -20.866179 -22.112093 -14.844499 4.368977 -0.663617 16.359072 -2.146827 -0.333518 -0.278471 13.612468
-29.559460 14.924331 13.032395 2.399347 12.033957 -8.429401 -10.796145 1.087853 -20.069885 15.122362 0.713740 -2.042582 -11.179238 3.859303 6.916805 -8.579493 9.206457 6.160772 -2.839021 -2.248426 -17.528299 -24.078564 -14.102815 6.100662 -0.438144 17.174873 -1.999014 2.301471 3.653650 12.081656
-27.471821 11.351080 14.457025 3.733756 7.877770 -7.789907 -9.369272 4.689261 -22.140242 18.594282 0.816165 -3.004230 -10.439664 3.521229 7.112186 -8.591056 10.420170 5.910794 -1.368835 -0.851364 -14.015496 -24.227192 -12.305575 8.170671 -1.266682 17.949697 -1.659767 4.953590 7.686124 10.945617
-25.154593 9.533499 15.182833 5.513827 5.494351 -7.780172 -9.093387 7.334976 -24.273479 20.384089 0.599197 -3.667520 -9.925926 3.245715 7.346114 -8.663434 11.112583 5.413107 -0.367754 0.489960 -11.184096 -24.269701 -9.535806 9.330770 -2.300382 19.377504 -2.186467 8.710967 10.664894 10.901578
-21.320328 6.432986 17.037867 7.466805 0.475401 -5.229112 -7.105573 12.275249 -25.018927 21.944605 0.272759 -5.531013 -8.452124 2.198986 7.358805 -9.378997 11.878014 4.202490 2.079837 2.334673 -5.731937 -23.661295 -6.484693 12.713830 -4.355381 18.989580 -4.223166 11.553662 13.475561 10.009378
-18.193445 5.197276 17.727045 6.753665 -2.528913 -2.939944 -5.865545 15.815357 -24.984749 23.115549 0.712371 -6.695433 -6.611945 1.456521 7.051078 -9.445065 12.324947 3.759919 3.109943 3.189024 -2.544945 -23.447147 -4.971551 13.908006 -5.117370 18.588783 -6.262516 12.578721 13.673216 9.398438
-19.116413 5.259727 16.566740 7.602571 -0.729498 -4.581232 -6.714336 14.330420 -25.619173 22.278002 0.453317 -5.760161 -8.042716 1.922393 7.047207 -9.456522 12.136087 3.814514 2.620373 2.901408 -4.122510 -24.022650 -5.187878 12.795403 -4.874849 18.914392 -5.125506 12.547465 13.708320 8.980462
-19.872559 5.553596 16.492533 8.181159 0.461911 -5.460022 -6.806674 13.324103 -25.891933 21.810230 0.288476 -5.421963 -8.421444 2.202484 7.008134 -9.466969 11.851999 3.877646 2.322284 2.953662 -5.059150 -23.932459 -5.932626 12.295114 -4.587790 19.282755 -4.614068 12.816714 13.430227 9.078204
-19.025961 5.450129 16.535219 7.515567 -0.641432 -4.853439 -6.898745 14.539676 -25.995359 22.729919 0.445681 -5.641788 -8.174231 1.914706 6.940483 -9.605111 11.954844 3.749395 2.748167 2.957590 -4.214245 -23.675852 -4.921496 12.512733 -5.046062 19.320597 -5.055386 12.764131 13.551860 8.753976
-18.513672 5.390268 17.083017 7.399607 -1.240297 -3.997732 -6.641623 15.134646 -25.569563 22.719690 0.641852 -6.153993 -7.598155 1.678879 6.861376 -9.522899 12.120148 3.775118 2.981894 3.143758 -3.520422 -23.568184 -5.021652 13.210614 -5.143285 18.980320 -5.693173 12.570428 13.841667 8.955379
-18.236351 5.246215 17.402514 7.430120 -1.636720 -3.552550 -6.030038 15.708393 -25.382622 22.914209 0.716907 -6.339875 -7.197601 1.568935 6.996178 -9.407702 12.252657 3.687647 2.992918 3.270913 -2.897897 -23.698593 -4.811768 13.679555 -5.115354 18.839237 -6.308198 12.532839 13.930305 9.010869
-19.978306 5.081334 13.868242 7.798410 3.268065 -9.313062 -6.528262 12.544499 -26.281118 21.492483 0.383271 -3.673781 -9.648938 2.864085 6.397774 -9.270864 11.445498 3.252256 1.759671 3.114096 -6.288311 -23.273914 -6.431850 8.943063 -4.070134 20.285425 -3.033526 14.052930 11.881513 7.202422
-18.312599 3.954424 12.727696 8.812876 3.576248 -10.061038 -5.653305 13.456156 -24.609894 20.738886 0.530025 -3.625070 -9.588681 2.778181 5.813489 -9.602469 11.483229 2.473799 2.075659 3.523016 -5.739607 -21.590719 -5.694935 8.417972 -4.496479 20.801546 -3.658607 14.204738 11.176786 5.308740
-0.440398 9.941637 0.064386 3.683181 4.243359 -9.457682 -5.359748 25.229921 -20.561747 28.952536 4.448020 -4.851419 -9.506839 -2.970009 1.119297 -9.122276 6.452576 1.207429 8.712199 5.196164 -0.262802 -17.039223 1.068164 9.447946 -3.631708 23.167837 -3.975555 16.253702 1.320116 0.843995
3.151607 7.456850 -4.903215 4.573464 3.509615 -7.135913 -4.099419 23.127207 -18.617178 29.030031 6.169790 -3.766385 -8.735467 -3.709969 0.850866 -8.179931 4.912482 0.599534 10.653551 4.762576 -0.933128 -15.240488 2.935694 9.345785 -1.988748 23.851948 -3.159989 19.353773 -0.126173 2.855818
-2.070410 9.804290 2.244564 4.336998 4.781138 -11.259571 -6.531806 26.413795 -22.843096 28.547686 3.523690 -4.650500 -10.094089 -2.032514 1.936048 -9.902650 7.702651 1.655902 7.912480 5.573955 -1.382315 -18.377256 0.900773 8.328294 -4.395809 22.509121 -3.109613 16.114786 1.634520 0.311482
-3.218810 8.263470 3.174204 4.905234 3.812925 -11.519517 -7.080319 27.023539 -21.761709 28.447105 3.575775 -4.793036 -9.509113 -1.712263 1.799311 -10.004859 8.265163 0.960864 7.729995 5.928541 -1.033355 -17.236919 0.333860 7.742663 -5.554177 23.460268 -4.400802 15.863712 2.859315 -0.219861
-0.262426 10.893547 -2.726044 3.744419 6.892860 -13.384514 -7.502611 24.417488 -22.085608 30.018307 4.628253 -3.744028 -11.136147 -2.129073 1.175550 -9.524887 5.941206 0.771019 8.281946 5.976945 -1.610595 -16.293552 0.861479 7.047761 -3.204139 25.809603 -2.270150 18.012648 0.134242 -1.924949
-1.304109 9.510791 -3.458005 5.773939 6.724364 -15.113105 -8.326269 23.537287 -20.240290 29.381544 4.655068 -3.232589 -11.558408 -1.821553 0.782920 -9.700355 5.814545 0.249189 7.536321 5.664176 -2.465329 -15.233466 0.370331 5.841442 -3.256980 26.997023 -2.208540 18.348536 -0.211042 -4.192900
-1.527015 6.359835 -4.654484 7.213287 6.921263 -16.256330 -7.720747 23.533148 -17.728209 26.840193 4.923741 -2.896204 -11.389365 -1.398394 0.968357 -9.384365 5.493730 -0.114331 7.143366 5.904179 -3.374983 -13.953920 -0.081160 4.435878 -3.223561 27.827795 -1.598621 18.697332 -1.097760 -6.575293
-3.057204 4.249285 -5.174702 8.391505 8.302206 -17.580313 -8.998736 23.302269 -16.702230 23.058636 5.097015 -2.515884 -11.663808 -0.747332 0.884668 -9.370947 4.849864 0.029309 5.932271 5.622512 -4.950969 -13.510487 -0.451520 3.015486 -3.421812 28.025358 -1.227857 18.205271 -1.593683 -8.119170
-8.665526 -1.200408 -1.303286 11.169512 7.917545 -18.067686 -8.214688 23.041004 -16.492430 19.114954 4.313305 -2.588018 -10.037797 1.468893 1.041143 -10.524317 6.355191 -1.149423 3.524473 5.176301 -6.766053 -15.320082 -2.642914 2.897325 -4.829543 27.442286 -5.403537 13.124556 2.448605 -10.886197
-12.977668 -4.846572 3.452698 11.862928 6.496778 -14.771087 -9.278552 22.722361 -18.348061 16.582630 3.743347 -3.544793 -8.294688 3.080419 2.425751 -10.808634 7.812274 -1.014954 1.814071 4.537623 -8.305848 -15.235819 -4.342368 4.230748 -6.385849 25.609854 -8.440392 8.161400 6.576329 -12.118192
-12.814850 -6.252597 4.959320 10.270408 3.663960 -11.826774 -8.741043 24.362478 -17.690332 16.162992 3.593632 -4.988465 -6.219627 2.820508 3.327605 -10.758565 8.185205 -0.750068 2.399933 4.680004 -7.060306 -15.826409 -4.295481 5.496681 -7.502347 23.987425 -10.856972 5.626458 7.364199 -12.555642
-17.644592 -8.641921 9.354608 8.538963 0.986462 -7.796015 -8.752767 21.553329 -20.478371 13.205801 3.111183 -5.715170 -4.604167 4.036465 5.042490 -10.125203 8.927479 0.831530 0.847341 4.298896 -6.971581 -16.073231 -5.388924 8.110730 -8.981174 21.581099 -15.236639 2.020385 11.484219 -13.192790
-19.109659 -8.561435 11.035838 6.467531 0.496519 -5.148914 -9.246018 20.683403 -20.672358 10.556078 2.924735 -6.124981 -3.212956 4.552841 6.038019 -9.566466 8.791225 1.957018 0.049448 3.801460 -7.487448 -18.217817 -7.166632 11.104079 -8.679980 18.868057 -15.376129 -1.170940 12.710447 -11.750934
-19.803862 -9.093317 11.791076 4.613393 2.636902 -4.190677 -7.904661 19.868704 -21.724327 9.248323 2.918731 -6.306592 -2.345576 5.237861 7.382787 -9.034562 8.249598 3.100506 -0.547448 3.382656 -8.628085 -20.647341 -8.295282 12.118559 -8.134494 16.221292 -14.611259 -3.906616 13.569327 -10.389094
-22.070549 -8.488992 12.657410 4.234497 3.902763 -3.336893 -6.909883 18.015516 -22.162199 9.370420 3.000481 -6.337514 -2.176955 5.798506 8.005222 -8.949910 8.084656 3.256566 -1.036432 2.999563 -9.538820 -22.825335 -9.260659 12.350771 -7.136079 15.390146 -14.424901 -4.472001 13.406475 -9.077679
-19.944160 -8.486245 12.303331 4.203793 1.955199 -2.726131 -6.652753 19.463118 -22.125845 9.963392 2.886323 -7.015866 -2.012234 5.141959 7.786578 -9.231822 8.192810 3.000236 -0.183877 3.090338 -8.271652 -21.308258 -8.463177 13.152317 -7.622007 15.786517 -14.797282 -3.562099 13.322702 -9.197325
-19.481308 -7.756654 12.757327 3.811065 1.287313 -2.487750 -6.529984 19.743246 -22.087725 10.403448 2.943306 -7.262676 -1.726074 4.942035 7.528825 -9.375633 8.338987 2.920366 0.124976 3.207617 -7.436626 -20.975355 -8.077067 13.586577 -8.086766 15.542914 -15.096170 -3.263087 13.688922 -8.724378
-18.220476 -20.712124 11.865187 5.989918 8.443906 -8.211925 -4.349937 23.639004 -22.945951 -0.045953 4.140091 -6.893770 -1.723682 6.738471 3.879309 -9.149424 4.707152 2.672076 -5.291351 7.960238 -4.448997 -24.540194 -9.324759 5.922403 -7.585268 12.571564 -13.354911 3.067744 11.322241 -12.982080
-15.780791 -22.354565 9.671290 3.317892 6.972735 -9.901608 -5.067092 24.316236 -23.447639 -1.784625 5.532102 -5.272782 0.201830 6.245504 3.622339 -8.068789 5.217502 0.027434 -5.748319 10.233427 -2.563743 -24.407194 -9.067758 3.844132 -8.447181 11.273309 -12.505490 5.731261 10.518061 -13.207228
-16.046431 -23.317787 9.363244 2.282815 6.430077 -10.278538 -5.457511 24.304258 -23.905787 -2.159847 6.004129 -4.116939 0.891180 6.705831 4.437845 -7.605984 5.691945 -0.822444 -5.254858 10.029486 -2.214038 -24.344858 -9.383664 2.935569 -8.611038 10.698554 -12.912282 5.981409 9.936167 -13.786402
-15.609651 -22.762856 10.930964 3.370677 6.028534 -9.479785 -4.928702 24.436838 -23.320677 -1.273357 5.581002 -4.772697 0.931351 6.188473 4.042761 -7.716598 5.982011 -0.742022 -5.058982 10.511265 -1.561974 -23.740345 -8.604570 3.830600 -9.173456 11.416964 -13.102239 6.534375 11.087954 -13.812755
-14.657862 -22.917847 12.523667 3.868923 5.275245 -8.671691 -4.832963 26.087662 -22.501432 -0.586441 5.271061 -5.784700 0.795231 5.564108 3.555003 -8.060678 6.062457 -0.762829 -4.840999 10.828806 -0.645840 -23.447729 -7.535622 4.814079 -10.110724 11.603025 -13.591346 6.684797 11.920712 -13.467389
-14.691709 -22.827904 12.678510 3.925924 5.183671 -8.502195 -4.985915 26.197744 -22.426222 -0.376377 5.267547 -5.895131 0.729002 5.430261 3.533935 -8.004066 5.996490 -0.760365 -4.814074 10.833729 -0.694154 -23.455606 -7.478261 4.821841 -10.110897 11.655207 -13.629466 6.600675 11.941527 -13.577929
-13.750758 -21.810345 13.151011 4.116076 3.920428 -7.755278 -4.935080 26.831453 -21.149084 0.491479 5.058925 -6.866517 0.827076 4.818666 3.241367 -8.258214 5.953759 -0.421189 -4.279019 11.210501 0.262541 -22.608986 -6.930984 6.129018 -10.737458 11.842867 -14.567146 6.356753 12.559425 -13.722321
-13.990309 -22.130474 13.082769 4.264784 4.313703 -7.847806 -4.622808 26.538706 -21.166700 0.092058 5.110323 -6.625999 0.655646 4.938999 3.217916 -8.212575 5.990959 -0.518304 -4.414752 11.106806 0.022861 -22.672018 -7.107620 5.889697 -10.531610 11.795152 -14.249743 6.624813 12.354239 -13.591538
-13.096648 -21.979527 14.077348 4.400549 3.158194 -7.209900 -4.969918 28.168406 -20.684830 0.849018 5.056747 -7.405753 0.509246 4.285401 2.856649 -8.414062 6.162742 -0.222480 -3.770621 11.374100 0.693589 -22.427792 -6.678178 7.050491 -10.729346 12.593732 -14.959646 6.275380 13.254824 -13.891570
-11.884176 -21.571102 14.332776 4.813827 2.964337 -7.037455 -5.093483 29.334902 -20.662020 1.563942 5.215711 -7.665036 0.553478 4.185129 2.782695 -8.273093 6.145249 -0.137242 -3.608602 11.635156 1.215731 -22.009899 -6.394353 7.018778 -11.111940 12.958757 -15.150977 6.761220 13.149112 -14.188360
-11.930478 -21.602776 14.562852 4.849196 2.631551 -6.887076 -4.993043 29.647690 -20.365126 1.847721 5.243129 -7.851836 0.677411 4.226403 2.741051 -8.327383 6.160629 0.036450 -3.632377 11.755872 1.405811 -21.555965 -6.234303 6.989947 -11.402819 12.957609 -15.642680 6.402362 13.284332 -14.400125
-11.900290 -21.280251 14.692587 4.762386 2.550197 -6.617102 -5.140844 29.389261 -20.277758 2.002775 5.219444 -7.887516 0.697692 4.242709 2.657409 -8.402091 6.184762 0.083448 -3.649708 11.737247 1.227488 -21.741184 -6.188435 7.171279 -11.336555 13.014013 -15.620549 6.317213 13.352066 -14.443785
-10.766999 -20.733276 15.548033 4.249773 1.904625 -6.442488 -5.545215 31.018053 -19.861229 3.226479 5.337779 -8.833645 0.834547 3.780275 2.338011 -8.427271 6.402560 0.306078 -3.139172 11.826488 1.701883 -21.203894 -5.611345 7.744191 -11.735044 13.394191 -16.029610 6.299501 13.385147 -14.440527
-9.902911 -20.623478 15.361819 4.369594 1.199650 -6.086581 -5.616249 32.040855 -19.329197 3.865762 5.284971 -9.144266 0.772611 3.396411 2.183465 -8.439029 6.415242 0.389639 -2.821204 11.943872 2.244743 -20.682325 -5.204757 7.563432 -12.006302 13.742250 -16.506826 6.329432 13.326021 -14.362691
-9.208830 -20.138132 15.867582 3.856668 0.186235 -5.216710 -5.593949 33.218174 -18.998114 4.917703 5.285703 -9.562995 0.616298 2.968648 1.949587 -8.337367 6.502284 0.619171 -2.500827 12.037151 2.280765 -19.810226 -4.861723 7.881545 -12.328142 14.443924 -17.342752 5.981216 13.179863 -14.881490
-8.696380 -19.785465 16.429216 3.558399 0.310725 -4.819337 -5.441676 33.408703 -18.623112 4.693835 5.136412 -9.834396 0.825056 2.873043 1.924927 -8.304481 6.316641 0.773066 -2.590055 12.158839 2.493976 -19.427513 -4.869763 7.850647 -12.375988 14.143679 -17.360418 6.021087 12.778271 -14.760220
-8.402335 -19.769312 16.482182 3.315268 0.011940 -4.735426 -5.687371 33.860409 -18.440397 4.909766 5.152637 -10.062172 0.861815 2.682304 1.852430 -8.280365 6.399042 0.872555 -2.371532 12.207672 2.470668 -19.577971 -4.853019 8.200296 -12.432735 14.452852 -17.788763 5.490909 13.067425 -15.022662
-8.489627 -20.004040 16.736792 3.281696 -0.343354 -4.624909 -5.578835 34.164677 -18.294987 4.906032 5.189703 -10.212346 1.034391 2.678705 1.671229 -8.318905 6.328318 0.950131 -2.359114 12.194929 2.535725 -19.597670 -4.780739 8.458193 -12.196647 14.698288 -17.952192 5.418164 12.956432 -14.995961
-8.194202 -19.873283 16.767706 3.400726 -0.358193 -4.215847 -5.640532 34.189487 -17.936522 4.933077 5.272613 -10.360388 0.998039 2.515156 1.568029 -8.172041 6.422047 0.949562 -2.349842 12.046989 2.852233 -19.144127 -4.715268 8.210593 -12.249996 14.704917 -18.110460 5.405287 12.621394 -15.050904
-7.308602 -18.961777 16.830404 3.264566 -1.049207 -3.598996 -5.716567 34.843391 -17.735750 5.639693 5.170471 -10.761355 0.966364 2.209415 1.365993 -8.217720 6.279339 0.889471 -2.187726 12.122053 3.046006 -18.310053 -4.362448 8.208341 -12.559783 15.030864 -18.535824 4.878310 12.471305 -15.543525
-6.662374 -18.735859 16.839743 2.906744 -1.170736 -3.441114 -5.552185 35.336617 -17.509150 6.044084 5.131373 -10.998008 1.054740 1.949568 1.184719 -8.204488 6.260320 0.891665 -1.902215 12.016803 2.918309 -18.240335 -4.274925 8.416475 -12.484522 15.146331 -18.612322 4.533776 12.358185 -15.565219
-6.640078 -18.762581 16.846855 3.010128 -1.131487 -3.291324 -5.487665 35.342049 -17.463171 5.992808 5.121223 -10.972093 0.975540 1.882881 1.123432 -8.183713 6.275464 0.837726 -1.920411 11.943936 2.985032 -18.113840 -4.213579 8.457637 -12.497966 15.266441 -18.708658 4.650182 12.303156 -15.555311
-6.417245 -18.596802 16.907110 2.847325 -1.098289 -3.309676 -5.482338 35.444286 -17.453390 6.245504 5.139014 -11.038393 1.000626 1.853435 1.124506 -8.155865 6.166921 0.892101 -1.873951 11.922390 3.013129 -18.089682 -4.262839 8.509097 -12.423128 15.245078 -18.816580 4.513084 12.252088 -15.452911
-6.270845 -18.722687 16.952539 2.788588 -1.176784 -3.345381 -5.352921 35.646988 -17.339384 6.211259 5.144012 -11.058128 1.005346 1.852873 1.111125 -8.139729 6.227942 0.878602 -1.896980 11.938580 3.067333 -18.152685 -4.205379 8.556626 -12.448107 15.281918 -18.804968 4.522573 12.358496 -15.522674
