1.961614 25.687340 -10.472314 2.921660 4.531625 -4.447379 10.930683 14.236647 19.836607 -3.881243 -3.573461 6.323181 -0.511338 -9.661867 9.838460 0.023418 -1.825608 -0.205673 -5.014903 -6.097778 6.278756 12.988037 -15.962613 1.834587 0.892037 22.710152 8.742838 -22.027559 -3.752023 12.681111
1.520488 25.603275 -10.574077 2.949304 4.155372 -4.929698 11.713109 14.148659 20.534811 -4.007402 -3.594584 6.385115 -0.525606 -9.650114 9.834459 0.030217 -1.838928 -0.232305 -5.033167 -6.075180 6.665314 13.098837 -16.405502 1.453261 1.339146 22.898222 8.947483 -22.286943 -3.820944 12.669345
-0.460831 10.020260 -15.054181 -2.101084 -5.764522 8.731055 7.133873 16.080624 22.748137 -11.909126 -0.537494 6.151447 2.840448 -6.063923 10.084122 -0.469138 -4.170848 -3.232260 -6.834111 -1.129924 18.579687 11.811260 -15.206002 3.579149 5.203482 13.348317 12.187969 -11.065093 -17.641855 9.861879
0.668902 5.220069 -16.022600 -1.974136 -1.667874 8.490543 5.826196 16.132355 23.317598 -14.154852 -0.370724 6.206082 2.564631 -5.531894 9.758175 -1.064023 -5.337789 -3.860390 -6.507598 -0.086565 20.210312 10.134962 -13.389812 4.823225 7.102424 11.798124 11.794909 -11.092954 -19.816927 6.302619
-0.312936 2.475322 -16.554537 -5.321476 0.205027 6.694758 3.712840 15.863715 25.300787 -15.847870 1.968830 6.143132 2.453638 -4.610262 8.651217 -1.315658 -5.569880 -3.935934 -5.773170 -0.100192 17.208483 10.278704 -15.604739 7.654727 5.510782 10.242182 11.558818 -8.694636 -21.558607 2.547959
-1.739181 -0.562040 -14.152251 -7.873882 5.813159 8.094391 2.737262 15.125537 25.093302 -17.999853 4.644461 6.304142 2.185261 -3.702781 7.248197 -1.610008 -5.005438 -4.331557 -4.802166 0.104421 13.675228 7.384521 -13.823121 8.370999 4.078259 8.215105 8.417495 -7.309792 -23.949350 0.764997
-3.149925 -0.951065 -14.694383 -10.328029 9.086033 6.036035 2.638531 13.446406 25.251036 -18.508493 5.058793 6.590729 1.747853 -2.810379 6.940213 -2.213178 -5.178700 -4.769110 -4.379215 -0.072587 12.325841 6.107812 -13.204019 8.218687 4.197329 7.422929 8.966819 -6.925229 -25.038143 -0.582206
-0.703914 -0.039229 -18.034407 -8.654171 4.567695 4.850953 0.500062 14.711481 25.870405 -16.849527 3.675719 5.346652 1.986147 -3.407863 7.643682 -2.343678 -6.205367 -3.574203 -4.855760 -0.873916 14.073101 8.558962 -13.536319 7.611830 3.113778 7.941782 11.673456 -9.458112 -22.386045 -1.511199
-3.771641 -2.276241 -15.968414 -10.065858 9.413712 6.449759 0.528637 13.265548 25.969652 -18.150579 5.170571 6.638783 1.198733 -2.466118 6.367075 -2.670143 -5.446684 -4.669053 -4.201970 -0.395000 10.868248 6.584608 -10.950919 7.030012 3.180946 7.131206 7.409847 -7.955697 -24.937906 -2.713849
-3.448222 -1.749550 -16.369678 -11.450572 12.735056 3.123370 0.138356 13.035144 25.417637 -18.014513 5.229844 7.224585 1.010441 -1.551112 6.373781 -3.095303 -5.343393 -4.766068 -4.207614 -1.312302 9.543976 5.963364 -9.951501 7.307573 4.135036 7.552933 7.287478 -9.111438 -25.277521 -3.519856
-2.759759 -0.494690 -17.132015 -12.569939 13.833452 0.074603 -1.723140 13.327134 23.797785 -16.579607 4.756095 7.259303 1.340128 -0.760645 7.161368 -3.087002 -5.512146 -3.873086 -4.741066 -2.458062 7.703334 4.444380 -7.637599 6.767625 5.079367 7.017148 8.307049 -12.835865 -24.374237 -4.757518
-1.276348 3.892248 -20.959703 -12.865987 13.403957 -3.953471 -5.490063 12.973430 20.990259 -13.464708 3.971616 6.535038 2.843208 0.358891 8.449032 -2.920400 -5.724187 -2.056523 -6.231911 -4.138036 4.348726 4.794055 -5.771868 5.692700 4.977718 7.461295 13.254179 -17.347322 -21.860394 -2.811152
-0.884526 6.221589 -21.463331 -12.773913 13.671124 -4.106878 -6.326252 12.299872 20.473833 -12.391607 4.120015 6.491898 3.435109 0.483657 8.680186 -2.443150 -5.520736 -1.666092 -6.868847 -4.639106 2.200735 5.054591 -4.557271 4.366377 4.485281 8.458694 13.816085 -18.449934 -21.615826 -1.829181
-1.223785 6.164671 -20.883936 -12.374636 13.892622 -3.183858 -6.371348 12.308406 20.884140 -12.281523 4.449694 6.389288 3.420915 0.356651 8.215715 -2.381108 -5.301425 -1.650809 -6.950809 -4.320359 1.679727 4.943759 -4.885817 4.540762 3.782911 8.186198 13.081527 -17.968370 -21.814211 -1.876190
-0.800433 6.365211 -21.183931 -12.579582 13.972085 -3.779284 -6.281020 12.343918 20.593775 -12.392815 4.221605 6.406585 3.496030 0.439357 8.456633 -2.449614 -5.442444 -1.684105 -6.942317 -4.516475 1.952271 4.909105 -4.581199 4.565328 4.047636 8.341915 13.555121 -18.217798 -21.459364 -1.819637
-0.140621 7.441829 -22.130739 -12.754494 13.441518 -4.627472 -6.582707 12.243903 19.831844 -11.946453 2.625258 6.999693 3.492874 0.917317 9.515257 -2.674088 -5.731209 -2.124850 -8.020918 -4.416840 2.603513 4.779263 -4.530726 2.775319 5.869573 9.131701 14.557652 -19.892614 -21.369656 -1.643312
-0.951023 6.285699 -20.986162 -12.505876 14.024458 -3.564850 -6.226805 12.363715 20.751959 -12.427890 4.274964 6.397524 3.479609 0.436521 8.459409 -2.432054 -5.428979 -1.690281 -6.934816 -4.455939 1.974555 4.887390 -4.668107 4.517382 4.062123 8.375652 13.490323 -18.172825 -21.446018 -1.908032
-0.488623 7.319704 -21.776896 -12.707994 13.669550 -4.242493 -6.490252 12.137023 20.071325 -12.045170 3.370296 6.682943 3.495662 0.673221 9.085323 -2.520360 -5.670447 -1.721213 -7.503008 -4.602160 2.204611 4.734233 -4.442157 3.215902 5.241380 9.037830 14.479358 -19.469725 -21.297071 -1.716426
0.839923 8.028054 -22.096441 -13.351157 13.425855 -5.774561 -6.464037 12.586432 19.575579 -12.280005 1.486674 7.107072 3.664726 0.918869 10.347309 -2.924028 -6.163047 -2.181538 -8.255755 -4.519403 3.819452 4.662266 -4.355463 1.789523 7.633073 9.854950 15.777508 -21.265764 -21.329901 -1.485961
0.923587 8.286582 -22.335466 -13.516718 13.324243 -6.108402 -6.662391 12.460929 19.417372 -12.357932 1.165680 7.244136 3.672065 0.970231 10.518272 -2.956996 -6.207363 -2.304475 -8.490075 -4.318413 4.788070 4.546325 -4.327920 1.071137 8.715770 10.313888 16.461946 -21.993952 -21.020166 -1.364323
1.046295 8.369373 -22.531183 -13.579065 13.315696 -6.166182 -6.794175 12.488500 19.375643 -12.366474 1.046101 7.344051 3.686435 1.027664 10.650871 -2.975299 -6.244767 -2.386196 -8.629035 -4.366943 4.933419 4.544501 -4.220201 0.925469 8.954915 10.461471 16.475508 -22.162363 -21.039206 -1.332167
1.060902 8.371704 -22.566315 -13.550481 13.313686 -6.226861 -6.740303 12.486138 19.392519 -12.369211 1.034509 7.337489 3.711326 1.014310 10.651093 -2.967422 -6.227945 -2.371507 -8.617907 -4.346557 4.962430 4.549383 -4.236044 0.916572 8.971003 10.477848 16.466478 -22.183172 -21.026079 -1.373522
-0.322188 8.278677 -19.516352 -20.225397 17.873934 -7.945628 -4.236723 10.276744 15.136208 -13.782711 0.904882 7.167875 2.497056 2.183335 13.081361 -2.940231 -6.348403 -0.531674 -7.367579 -3.404279 5.110411 -3.688269 -4.126997 3.190907 11.542448 9.499333 17.910669 -20.702890 -20.835457 -1.208387
-8.054003 6.974487 -14.886310 -21.832394 21.777903 -1.372943 -0.740669 6.382520 13.418822 -13.079104 5.601599 6.411779 1.320260 1.883706 10.759872 -1.897840 -4.393312 1.213973 -5.019718 -1.149204 -0.155921 -8.105640 -6.457232 7.273557 6.211741 5.028068 14.612024 -13.650373 -23.438196 -0.335784
-12.936963 5.181098 -13.218543 -21.893391 22.694773 3.644897 1.846749 3.810481 13.332279 -10.770097 7.342193 6.614463 0.550979 2.106173 9.941976 -1.748052 -3.008730 1.031830 -4.220185 0.369321 -1.044594 -11.228480 -6.706005 8.681133 4.118195 1.992629 11.549045 -10.579185 -24.893938 -0.576304
-14.427320 5.624603 -12.782041 -22.485130 22.833454 5.454685 3.068950 2.670986 12.167922 -9.611728 7.941949 7.303273 0.250100 2.291881 9.737509 -1.435841 -2.607597 0.835749 -4.115335 0.952137 -1.518926 -13.154463 -7.075889 8.822387 4.050141 0.350595 11.210739 -10.470199 -25.027430 0.260356
-14.997866 4.591817 -12.073705 -22.807241 22.719088 6.525167 3.565225 2.625413 12.863610 -10.253849 8.106829 7.265252 0.301537 2.372741 9.467918 -1.690115 -2.244259 0.468087 -3.928716 0.999522 -1.681317 -12.681801 -7.442183 7.949125 3.584322 -0.284272 9.934711 -10.452570 -25.376085 -0.407768
-15.836574 4.171498 -11.749006 -23.195574 22.244120 7.754584 2.931911 2.458235 13.282090 -10.187214 8.311894 7.257102 0.311414 2.540903 9.485288 -1.859372 -1.927961 0.183131 -3.769212 0.869517 -1.997353 -12.621273 -7.418518 8.179072 3.345743 -0.818040 9.142175 -10.748528 -25.644062 -0.479111
-16.584515 2.837119 -11.273562 -23.604574 21.645447 8.388597 2.177314 2.445884 14.152221 -10.291079 8.499193 7.007485 -0.111490 2.598395 9.145945 -2.184435 -1.716733 -0.199633 -3.806359 0.537574 -2.763625 -12.654011 -9.114850 8.026227 3.457043 -1.397157 8.567561 -10.655885 -26.377748 -0.367974
-16.784290 2.670517 -11.267759 -23.651377 21.311392 8.933830 1.506767 2.493439 14.266715 -9.846338 8.661133 7.079527 -0.208395 2.599346 9.067652 -2.202779 -1.495370 -0.168311 -3.743929 0.548549 -3.367430 -12.684585 -8.918875 8.155849 2.718727 -2.134074 8.235351 -10.941175 -26.517136 -0.466961
-17.112780 1.713260 -10.964194 -24.035604 21.085432 9.797645 1.098427 2.705423 14.644822 -9.801260 8.837775 7.102852 -0.271230 2.652768 8.746059 -2.304844 -1.342649 -0.671512 -3.707126 0.662871 -4.076983 -12.507220 -9.260239 8.242377 2.610743 -2.445167 7.235494 -11.215571 -26.716381 -0.475293
-17.735035 0.944090 -10.524298 -24.880953 20.837290 10.012729 0.452911 2.640079 15.309156 -10.265924 9.057251 7.038392 -0.394745 2.747007 8.623590 -2.431084 -0.986305 -0.908056 -3.689977 0.496568 -4.575358 -12.264544 -9.837262 8.616460 2.665361 -2.727872 6.461115 -11.535979 -26.817436 -0.749724
-17.836784 0.838061 -10.502311 -24.823660 20.672882 10.087297 0.514358 2.629123 15.259994 -10.219767 9.072642 7.044991 -0.342262 2.781250 8.615832 -2.481316 -1.019255 -0.921281 -3.678200 0.518818 -4.602101 -12.454576 -9.902434 8.589988 2.697038 -2.817331 6.489546 -11.520371 -26.898619 -0.706839
-17.714350 0.351282 -10.460061 -24.762676 20.337561 10.563439 0.619532 2.700056 15.599077 -10.283363 9.073632 7.121256 -0.477261 2.724348 8.531210 -2.417867 -0.911274 -0.976051 -3.648626 0.489222 -4.757271 -12.375064 -9.975034 8.363414 2.525037 -2.984267 6.404191 -11.482656 -26.932566 -0.624249
-17.871557 0.326759 -10.511376 -24.756598 20.220705 10.721547 0.460452 2.723757 15.680067 -10.223853 9.126718 7.119298 -0.499230 2.741630 8.476182 -2.500809 -0.824021 -1.137118 -3.534629 0.428964 -5.060092 -12.252213 -10.018245 8.493375 2.238229 -3.089467 6.132325 -11.428939 -27.077871 -0.802340
-18.049202 0.113383 -10.365203 -24.968349 20.118086 10.808996 0.391443 2.722756 15.770002 -10.405307 9.078971 6.996898 -0.410122 2.730482 8.448681 -2.647091 -0.880611 -1.175059 -3.503683 0.432845 -4.964971 -12.191235 -10.046056 8.432255 2.102113 -3.256877 6.082088 -11.409068 -27.200872 -0.835089
-18.155010 -0.088857 -10.322566 -24.855253 20.061995 10.826769 0.300012 2.736099 15.997004 -10.353805 9.127999 6.999530 -0.532689 2.727427 8.326876 -2.696216 -0.809803 -1.261000 -3.450157 0.287496 -5.373658 -12.122474 -10.452395 8.454967 2.038206 -3.276549 6.027711 -11.286090 -27.351477 -0.677400
-18.178453 -0.456775 -10.301447 -24.823294 19.972254 11.066400 0.061102 2.822362 15.992404 -10.383162 9.182359 7.085131 -0.557025 2.717492 8.278741 -2.687029 -0.663010 -1.437899 -3.422516 0.344618 -5.495648 -12.283943 -10.279057 8.526998 2.133439 -3.259684 5.762921 -11.474595 -27.217710 -0.666915
-18.276218 -0.532184 -10.288999 -24.869425 19.854017 11.150357 -0.186652 2.836795 15.901978 -10.349670 9.236770 7.028828 -0.547883 2.667832 8.309690 -2.677394 -0.696385 -1.456140 -3.335377 0.315143 -5.578744 -12.127892 -10.348542 8.600495 2.008398 -3.372197 5.435228 -11.375787 -27.506765 -0.882186
-18.480164 -0.645027 -10.442116 -24.703152 19.616793 11.573316 -0.360046 2.692423 15.744422 -10.185734 9.265859 7.126470 -0.606343 2.708141 8.298645 -2.599653 -0.618145 -1.416663 -3.330143 0.270994 -5.884965 -12.069980 -10.384728 8.572392 1.746265 -3.588258 5.203707 -11.427192 -27.509516 -1.053807
