-5.191556 23.983295 -18.138947 9.828830 -4.141292 0.392089 9.387311 10.914310 17.563141 4.793548 -5.664768 5.653065 3.055017 -7.600123 1.234731 -7.188000 -4.165293 4.238403 -7.718349 -4.230396 4.159340 6.367389 7.509676 1.647264 2.364679 23.647902 -0.642390 -24.245562 -4.394285 20.017241
-5.168267 23.989876 -18.153147 9.885261 -4.113596 0.412310 9.415996 10.919910 17.537264 4.745796 -5.696847 5.654297 3.036583 -7.593647 1.221084 -7.201229 -4.190039 4.215671 -7.776258 -4.182427 4.477028 6.375842 7.494142 1.234894 2.830216 23.851027 -0.590079 -24.544584 -4.443521 20.141922
-3.883037 23.475849 -19.527353 3.106912 -6.697578 2.543762 9.830084 7.671470 15.774335 3.208207 -4.301606 7.098001 3.006175 -4.176594 2.548908 -8.136494 -6.986811 2.735909 -7.211231 -5.032021 3.259171 2.357708 7.416008 0.435173 5.751991 20.691185 5.830800 -22.209490 -10.311975 18.177982
-5.169651 25.308327 -20.308088 -0.091992 -4.695189 -0.174860 10.363671 5.731606 14.126413 3.954647 -3.926332 7.790131 0.182140 -3.791728 1.646941 -8.984284 -7.410306 3.448564 -7.839776 -5.691263 -0.633997 1.469356 7.075024 -1.999342 6.212025 19.749708 7.965385 -23.183073 -12.341362 19.416332
-5.453658 26.203434 -20.669762 -2.324373 -4.404887 -2.098654 9.556443 4.864212 14.175659 4.647587 -4.376808 6.826377 -1.321849 -3.646372 0.730088 -10.526702 -7.117323 3.091793 -7.953616 -6.897666 -2.344137 0.987828 7.373717 -4.442319 5.980166 19.556986 10.178754 -22.674778 -12.718075 19.886955
-5.703700 26.358025 -22.134607 -3.333589 -4.148728 -2.926007 10.649998 3.065759 13.158751 5.510888 -4.545527 6.679504 -1.675218 -3.155687 1.474333 -10.900109 -7.119437 3.176280 -7.582157 -7.808558 -3.440000 1.980389 8.148561 -6.489452 5.530032 20.031748 10.966578 -22.882765 -12.921957 17.261753
-6.174872 26.183643 -23.350918 -4.006436 -3.299762 -3.108402 11.972888 1.879788 12.349876 5.422763 -4.518084 7.254927 -1.343633 -2.798333 2.275291 -10.113395 -7.669855 4.200553 -7.456162 -7.755078 -5.036963 3.818159 8.525920 -8.555034 5.510909 21.168386 10.942816 -22.262369 -14.032404 15.801112
-6.565893 26.077374 -23.164518 -4.756569 -2.601088 -2.595486 12.960427 1.304371 12.257257 4.717408 -4.336596 7.443013 -0.969153 -2.460957 2.544393 -9.761484 -7.777256 4.353837 -7.592220 -7.756988 -5.696636 4.434975 8.503226 -9.235007 5.398183 21.371843 10.718585 -22.550268 -14.368706 14.737234
-7.025311 26.141951 -23.266336 -5.382405 -3.084208 -2.520106 12.825019 1.117471 11.636266 5.044508 -4.324056 7.390202 -1.105225 -2.194926 2.679166 -9.929149 -7.506206 4.234835 -7.593649 -8.375422 -6.078346 4.677453 8.526896 -9.848879 5.140882 21.132685 10.674565 -22.629454 -14.757214 13.712568
-6.736527 26.026627 -22.776306 -6.113090 -2.606700 -2.775990 12.972412 1.086547 11.639526 4.577653 -4.241940 7.244015 -1.136873 -1.900932 2.776198 -10.128701 -7.200173 4.127093 -7.745280 -8.713694 -6.686114 4.473263 8.577380 -9.934138 5.165449 21.264727 10.920287 -23.256651 -14.495633 13.065771
-7.293221 26.449053 -22.464785 -6.882990 -2.808815 -3.310476 12.441120 1.217671 10.919370 5.216856 -4.281857 7.076481 -1.266856 -1.816355 2.859317 -10.193616 -7.034744 4.421165 -7.825770 -8.791767 -6.811992 4.119946 8.807179 -9.844981 5.045463 21.288233 10.911380 -24.413050 -13.520287 11.505180
-7.934339 26.418583 -22.493433 -7.317349 -2.980425 -3.445359 12.477092 1.340945 10.058966 5.636280 -4.390028 6.869444 -1.298387 -1.840551 3.016318 -10.120657 -7.003981 4.731849 -7.799921 -8.845446 -6.787896 3.776963 8.940913 -9.497667 5.267743 21.513559 11.005254 -24.717028 -13.270727 10.671469
-8.094310 26.757084 -22.888975 -6.932537 -2.366817 -4.006601 13.171674 0.805679 9.604321 6.005092 -4.571514 6.536495 -1.038937 -1.801452 3.263846 -10.112335 -7.050009 4.996217 -7.656504 -8.814841 -7.649890 3.838012 8.853429 -9.067431 5.740529 22.170635 10.845895 -25.087870 -13.471741 10.296617
-7.846171 27.452869 -22.971224 -7.376845 -2.618659 -4.061806 13.848665 0.022180 9.003987 6.262918 -4.633538 6.292733 -0.936309 -1.543739 3.722776 -10.109178 -6.764201 5.169655 -7.566327 -9.164299 -7.812766 5.223857 8.660267 -8.889834 5.969917 22.137815 9.908294 -25.201544 -14.418046 9.750132
-7.172665 28.354090 -23.402779 -7.288325 -2.496510 -5.049945 14.012836 -0.763840 8.865415 7.167301 -4.784201 5.996716 -1.016526 -1.461920 4.153210 -10.104259 -6.441072 5.624672 -7.538106 -9.676928 -8.665911 7.416375 8.340560 -9.116117 6.110095 22.357395 8.710702 -24.800728 -15.707534 9.534584
-7.091673 28.029818 -23.856617 -7.637660 -2.476090 -5.714725 13.599144 -0.869158 8.912951 7.347114 -4.754597 6.278518 -1.239027 -1.350629 4.155594 -10.028998 -6.364599 5.748489 -7.557635 -9.760897 -9.285907 8.308134 8.129571 -9.239716 6.258617 22.601332 8.410541 -24.615158 -16.075426 9.360669
-7.109037 28.122948 -23.868914 -7.568707 -2.572898 -5.682196 13.595047 -0.964484 8.863595 7.459274 -4.792226 6.073639 -1.145658 -1.279966 4.211344 -10.099763 -6.282691 5.688234 -7.580861 -9.891272 -9.324408 8.307853 8.202271 -9.461660 6.220376 22.581411 8.270796 -24.562403 -16.160551 9.315005
-7.192910 28.107418 -23.902918 -7.497657 -2.584274 -5.637947 13.544424 -0.923320 8.934074 7.450891 -4.845378 5.923186 -1.061441 -1.295203 4.302032 -10.163507 -6.236297 5.639910 -7.497198 -10.000957 -9.260991 8.273733 8.165672 -9.620933 6.194791 22.307472 8.190485 -24.545332 -16.359903 9.257968
-7.424933 28.176960 -23.842546 -7.442869 -2.752401 -5.159195 13.742107 -1.018455 8.802302 7.394219 -4.864483 5.907853 -1.087486 -1.266998 4.276586 -10.229844 -6.317832 5.652715 -7.478479 -9.960703 -9.237398 7.782169 8.252020 -9.585153 6.106335 22.199602 8.221913 -24.942638 -16.215376 8.784848
-7.678048 28.050991 -23.567959 -7.628303 -2.908284 -4.829775 13.752525 -0.776455 8.554383 7.211661 -4.789237 6.113519 -1.116869 -1.320823 4.302710 -10.190776 -6.283953 5.474362 -7.348400 -9.994983 -9.039977 7.340676 8.310996 -9.372488 6.080700 22.151144 8.404253 -25.048750 -15.991468 8.945981
-8.063142 27.770144 -23.116507 -7.872847 -2.889031 -4.688479 13.586242 -0.266628 8.490647 6.841650 -4.854743 5.900884 -1.123502 -1.345418 4.135032 -10.440251 -6.412051 5.403654 -7.311505 -9.875165 -8.833448 6.779603 8.353230 -9.221607 6.160514 22.075054 8.634713 -25.136131 -15.883026 8.928240
-8.015370 27.676769 -23.103937 -7.973026 -2.895359 -4.714216 13.539592 -0.139122 8.477569 6.741251 -4.822428 5.955580 -1.101262 -1.353530 4.121621 -10.378225 -6.394240 5.360877 -7.333999 -9.873305 -8.739413 6.753894 8.380308 -9.201039 6.166083 22.107401 8.644695 -25.106302 -15.841778 8.865385
-7.054613 29.148636 -22.064165 -11.412163 -6.021331 -3.865713 14.319871 -1.207342 5.556475 7.560318 -5.032942 4.430675 0.289266 -1.013670 5.420328 -11.052156 -5.258732 4.431872 -6.642610 -10.646688 -6.661205 8.121664 8.672206 -8.934580 3.523700 20.258825 4.340937 -28.759405 -13.939696 6.081375
-7.763662 28.394056 -20.782167 -11.736444 -9.690794 0.479270 14.968717 -0.202521 5.374777 6.264709 -4.949017 4.120970 1.434976 -1.881417 5.662731 -10.836873 -4.235436 3.588996 -6.271295 -10.493374 -4.383390 5.502297 9.999213 -9.193765 1.843076 18.952738 4.604682 -30.875223 -11.489389 3.922416
-7.449337 27.713102 -20.555920 -11.796560 -10.134264 1.352644 14.477805 0.384185 5.841963 5.515840 -4.618111 3.863384 2.101926 -1.868968 5.660944 -10.547122 -3.990628 3.000535 -6.791495 -10.447250 -3.297675 5.045860 10.494887 -9.189523 1.651659 18.656796 4.343421 -30.767889 -11.655569 3.542381
-7.326080 27.364731 -20.309549 -12.173120 -10.291004 1.421822 14.020223 0.801670 6.062780 5.171938 -4.524059 3.859105 2.344904 -1.802075 5.648262 -10.491152 -3.970248 2.929991 -6.960557 -10.286877 -3.083008 4.794268 10.559966 -9.026462 1.660430 18.608604 4.418623 -30.750057 -11.723518 3.494426
-7.304630 27.327175 -20.333372 -12.166184 -10.147073 1.423244 14.027432 0.753083 6.185647 5.046130 -4.533921 3.771569 2.413767 -1.748355 5.696967 -10.564425 -3.955143 2.817211 -6.945827 -10.313511 -2.985542 4.725429 10.624848 -9.090419 1.661670 18.629374 4.451182 -30.699423 -11.665584 3.454748
-7.291990 27.383636 -20.268866 -12.207833 -10.094148 1.416972 14.088756 0.764348 6.206728 4.999466 -4.515926 3.807971 2.462658 -1.746925 5.721824 -10.581169 -3.932962 2.799823 -6.922743 -10.288420 -3.009047 4.636798 10.668214 -9.113632 1.661021 18.660055 4.446934 -30.792980 -11.590174 3.381186
-7.350707 27.408318 -20.375345 -12.070976 -10.129850 1.435872 14.098288 0.671848 6.171769 5.140011 -4.557998 3.795122 2.415710 -1.765090 5.704910 -10.615613 -3.959741 2.816651 -6.885228 -10.297076 -3.006176 4.563210 10.734293 -9.018559 1.732689 18.697758 4.466273 -30.837687 -11.519269 3.312787
-7.355697 27.453136 -20.376957 -12.071685 -10.117910 1.461816 14.111053 0.642652 6.165185 5.136937 -4.611564 3.749709 2.404252 -1.790648 5.702762 -10.653153 -3.957437 2.871448 -6.852071 -10.290787 -2.982918 4.566994 10.734314 -8.973725 1.760734 18.737455 4.466826 -30.851034 -11.489660 3.268271
-7.469767 27.574821 -20.545691 -11.830348 -10.233025 1.643023 14.172344 0.408412 6.133709 5.374639 -4.656173 3.638575 2.466316 -1.813986 5.695719 -10.728065 -3.961451 2.885530 -6.840567 -10.247184 -2.961838 4.471500 10.765500 -8.911796 1.745636 18.745039 4.542177 -30.938223 -11.378560 3.216074
-7.485126 27.541111 -20.553308 -11.850278 -10.247700 1.652059 14.125924 0.424952 6.136842 5.370105 -4.652383 3.634737 2.485128 -1.810333 5.696720 -10.719049 -3.961948 2.884388 -6.849526 -10.235237 -2.974924 4.434824 10.774371 -8.864213 1.772568 18.762983 4.532285 -30.957201 -11.346314 3.242939
-7.324006 27.101360 -20.207321 -10.543341 -10.010748 1.374771 12.197484 1.464076 7.938946 4.930296 -3.995611 5.016187 2.136695 -1.650467 4.768176 -10.426560 -4.549569 1.902702 -7.291049 -9.686604 -1.841690 3.803340 10.493493 -8.833799 2.722142 18.557123 6.862342 -27.601248 -12.516459 5.427976
-7.166650 27.071724 -20.229523 -9.801220 -9.704281 1.663358 11.434041 1.609236 8.453768 4.966109 -3.878033 5.396975 1.544688 -1.441304 4.526093 -10.695008 -4.768819 1.484632 -7.188472 -9.696157 -1.649574 3.352182 10.410029 -9.195945 3.085637 18.758947 8.075639 -25.946335 -12.921795 6.960971
-7.402649 27.306084 -20.781103 -9.367441 -9.809790 1.582668 11.798740 1.368469 8.566900 5.247023 -3.872825 5.240956 1.532941 -1.339302 4.365843 -10.841542 -4.937999 1.473102 -7.333564 -9.654726 -1.726120 3.133139 10.542641 -9.065017 3.408373 19.016512 8.189869 -25.628752 -13.128381 6.944793
-7.374464 27.590408 -21.174086 -9.363743 -9.955589 1.720217 12.030354 1.002067 8.399774 5.444420 -3.770916 5.329665 1.634172 -1.262761 4.300534 -10.795196 -5.006479 1.463481 -7.420467 -9.642263 -1.863615 2.699099 10.616229 -9.212979 3.512772 18.969889 8.411098 -25.867125 -13.108862 6.268503
-7.251813 27.186188 -21.289476 -8.888943 -10.165972 1.865044 10.570025 1.579450 9.163345 5.402400 -3.789798 5.069788 1.516718 -1.210067 4.145768 -11.281076 -5.135045 0.995976 -7.306324 -9.565598 -2.041199 2.352075 10.295103 -8.931489 3.633332 19.113180 8.764090 -25.157328 -13.503868 7.591102
-7.410170 27.404791 -21.612289 -8.783388 -10.588289 2.102600 10.366755 1.435712 9.089477 5.756715 -3.682576 5.179751 1.460525 -1.201038 3.953471 -11.443415 -5.180758 0.601875 -7.339468 -9.648853 -2.105172 2.472054 10.170979 -8.911168 3.755025 19.078012 8.689548 -24.969614 -13.718304 8.011258
-6.795744 26.478703 -21.311211 -9.278035 -10.079657 1.698014 9.056097 2.526837 9.697960 4.875743 -2.877520 5.664960 1.123049 -0.400294 3.631691 -12.283513 -4.821023 -1.646849 -7.324689 -10.156146 -2.506576 2.121247 9.589944 -10.180133 2.895742 17.678450 9.768153 -24.499865 -13.952865 10.198239
-6.862800 26.230129 -20.830097 -8.686675 -10.028647 1.828772 8.657328 3.317412 9.757127 4.817300 -2.514393 6.827939 0.972016 -0.750531 3.248135 -11.771336 -4.576203 -2.762691 -7.177661 -10.140696 -2.665101 2.509618 9.383458 -10.523302 2.103165 17.621824 9.324298 -24.687052 -13.026848 12.280692
-6.107144 25.385788 -20.891500 -7.410707 -9.283401 0.616749 8.469747 4.229656 10.886593 4.587807 -2.123969 7.934292 1.448558 -1.266788 2.724672 -10.472687 -4.630664 -3.444120 -7.660811 -9.721720 -1.463949 3.654654 8.919139 -10.701770 1.302815 18.001791 9.845826 -23.546442 -12.080112 15.415120
-4.089520 25.591627 -20.076656 -5.537891 -6.535029 0.117802 9.021042 4.716997 11.714095 3.625571 -2.413537 8.667706 3.443247 -1.990189 1.483640 -9.699144 -4.944014 -5.057892 -7.417947 -9.184042 -0.030906 3.454354 7.648978 -10.236540 1.859065 15.750785 12.028056 -20.925737 -14.006893 19.747862
-4.152650 24.443508 -20.386164 -3.223207 -7.170869 1.657327 8.246113 5.496850 12.892497 3.481858 -2.514001 8.693567 3.879846 -2.487368 1.495389 -9.843015 -4.460705 -6.048999 -7.064813 -9.025602 1.450087 1.439474 7.407322 -8.885856 2.706007 14.943775 12.660822 -20.009563 -14.359057 21.202957
-4.783672 23.634777 -21.795694 -0.697714 -7.911954 2.473770 9.495530 5.010610 14.025417 4.060258 -2.579917 8.205870 4.090172 -2.610759 2.324134 -10.138000 -3.605202 -6.725889 -6.238901 -9.462374 0.893959 1.019837 6.713016 -7.148175 5.172226 16.289717 13.153975 -19.060465 -15.234900 20.224304
-3.690890 22.470285 -22.296408 0.131787 -6.741187 3.229059 9.349808 5.610987 13.929851 2.886485 -2.896662 7.522709 5.231004 -2.817415 2.603164 -10.740962 -2.249619 -7.524100 -5.529467 -9.982513 1.258086 1.229051 6.573763 -5.030253 7.683650 19.300900 13.264236 -16.684849 -16.505430 18.279673
-3.713475 21.350767 -23.956873 2.444986 -5.935624 4.013248 9.271370 5.127500 14.413156 3.122808 -3.005345 7.633452 6.355191 -2.923526 3.155789 -10.724848 -1.128103 -8.326431 -4.910367 -10.794971 1.763258 0.589581 8.091235 -3.815915 9.046236 21.190355 13.494775 -15.154304 -17.375214 17.799726
-3.891890 20.658165 -24.392433 3.133172 -5.630668 4.303448 9.576836 5.299378 14.779733 2.910278 -2.939827 7.169791 7.238777 -3.120169 3.601067 -10.434524 -0.291435 -8.733971 -4.769655 -10.857988 2.072600 0.466855 7.979877 -3.487979 9.488291 21.517550 13.795356 -14.447007 -17.666588 18.083513
-4.132107 20.570438 -24.459120 3.200717 -5.586215 4.223946 9.850224 5.307620 15.027966 2.861784 -2.864778 7.134242 6.951876 -3.160891 3.797411 -10.124352 -0.393768 -8.497362 -4.874023 -10.658389 2.201000 0.453043 7.889921 -3.483602 9.592000 21.571901 13.947360 -14.152555 -17.766808 18.039402
-4.100585 20.557663 -24.460649 3.310975 -5.543059 4.168740 9.839451 5.377173 15.040555 2.877464 -2.841989 7.232409 6.892871 -3.195085 3.809410 -10.047538 -0.410131 -8.457331 -4.859994 -10.601901 2.168644 0.410391 7.907152 -3.447233 9.621118 21.632387 13.883979 -14.197807 -17.697220 18.034895
-4.177848 20.603918 -24.412254 3.323114 -5.503956 4.200691 9.999915 5.353004 14.964438 2.867570 -2.801063 7.126814 7.126239 -3.218149 3.858764 -10.025647 -0.270605 -8.566118 -4.887590 -10.533798 2.053709 0.381068 7.928466 -3.471893 9.602572 21.784721 13.777238 -14.249255 -17.694868 17.918045
