-10.520876 25.778492 -17.029995 17.942793 -6.635833 -6.673761 1.686605 2.136683 6.065176 -12.087966 2.255105 3.300894 4.496029 -9.069950 -3.821814 -5.650450 -3.939974 8.729347 -2.775146 -7.134749 4.336644 6.290538 7.481959 1.416570 2.567216 23.742104 -0.603264 -24.538034 -4.263123 20.000481
-11.074451 25.711559 -17.210810 18.033827 -7.128284 -7.251613 2.326291 1.945966 6.648721 -12.375244 2.283622 3.320766 4.503377 -9.060568 -3.903306 -5.675779 -3.958861 8.739912 -2.797697 -7.098426 4.652467 6.308267 7.466410 0.997316 3.030278 23.952101 -0.555187 -24.822418 -4.321934 20.127211
-10.546956 8.743101 -19.257748 10.603227 -13.477564 5.102328 -0.916984 4.681266 9.159681 -23.680578 5.424293 5.564093 8.176969 -5.307895 -2.385880 -5.546278 -5.864810 4.948756 -2.703836 -2.492524 18.231581 3.955757 8.007051 5.085604 8.077318 13.837708 2.764063 -12.973915 -18.213905 16.770309
-10.994394 1.883709 -19.323872 6.250529 -7.725848 8.968160 0.687082 7.253579 15.303611 -19.714609 6.640568 4.385227 6.537391 -4.647831 -3.174280 -6.099962 -6.935246 3.233019 -3.697212 0.038387 14.544803 4.357253 5.922714 9.804660 4.485956 10.502497 0.664275 -8.664079 -22.389452 10.874311
-12.374293 -0.504696 -19.243605 3.640833 -4.288729 9.151416 -1.644105 5.880383 14.744135 -20.360176 7.455153 3.562105 5.844331 -3.543674 -3.349058 -6.222610 -6.995533 2.388103 -4.999487 1.393219 12.801269 2.832786 4.373775 8.921885 5.885447 9.639539 -0.413919 -7.984528 -24.871696 8.081234
-14.622804 -2.313664 -18.917509 1.992288 0.969580 9.176072 -1.256624 3.342042 14.477620 -20.272583 8.388922 4.508886 4.308078 -2.381658 -3.206176 -6.254090 -6.757326 1.422959 -4.966515 1.921809 8.943602 -0.697336 2.930453 8.843068 6.271418 7.569917 0.588055 -6.460990 -26.912382 6.928524
-14.201984 -1.994533 -20.050417 1.631846 1.576364 7.325258 -2.081430 3.553865 14.712603 -20.259069 8.142151 3.797011 4.560997 -2.242027 -3.228323 -6.635815 -6.981704 1.539405 -5.077159 1.750476 9.135482 -0.267973 2.847924 8.083629 5.831186 7.836170 1.526918 -7.033740 -26.503588 5.950748
-13.236941 -1.629023 -21.604458 0.211754 0.986263 5.422784 -3.485767 4.129243 14.278063 -20.330595 7.889707 3.147731 4.881807 -2.224727 -3.306853 -7.165541 -8.161587 2.212242 -4.897161 1.117648 10.173589 1.377871 3.650972 7.365044 6.196083 8.857287 2.864429 -7.416680 -26.301542 4.416260
-11.944667 -0.929595 -24.011850 -0.183855 1.289475 1.955537 -4.850612 3.928095 13.992375 -20.063601 7.464841 2.688375 4.738273 -2.102844 -2.881098 -7.624261 -9.301268 2.851959 -4.735400 -0.113706 10.649060 1.714278 4.350620 6.717526 6.598574 8.871106 5.165070 -10.024660 -24.837502 1.787762
-11.713433 1.073471 -27.162611 1.881707 1.072083 -4.090332 -7.519627 1.466104 10.204826 -22.976999 7.020034 1.742496 4.627133 -1.529784 -1.809623 -7.623974 -10.444633 4.280172 -4.861654 -1.861542 11.715511 1.992006 5.138995 3.797923 9.361977 10.459408 9.097217 -13.980708 -23.927847 0.376069
-11.490937 2.626306 -26.808544 0.746842 2.145859 -6.437538 -10.116393 1.424691 7.848941 -23.730019 6.789729 1.388337 4.854167 -0.451779 -1.184317 -7.574804 -10.299763 5.272614 -5.433975 -2.816317 9.983113 1.266290 5.112954 2.179153 10.941227 10.681364 10.222659 -18.448099 -23.083818 -0.299712
-11.104977 5.105140 -27.434660 0.228518 2.704807 -8.240073 -13.979209 1.387638 5.551566 -22.438110 7.356847 0.857727 4.972380 0.151924 0.176889 -6.150498 -9.628462 5.809903 -6.576061 -3.829271 6.974900 1.940979 3.675953 1.421520 10.636624 10.147855 11.123444 -21.658207 -22.076784 -0.214929
-10.635862 7.926593 -27.822792 0.270696 3.298044 -8.957711 -15.093843 0.854283 5.910739 -21.232864 7.921213 1.199791 5.184655 -0.139776 0.493888 -4.778027 -9.256212 5.874612 -7.504433 -4.154551 5.283965 2.650517 2.331165 0.766439 9.731436 10.512172 12.583806 -22.340061 -21.633085 -0.187706
-10.497251 8.863117 -28.044655 0.290562 3.586540 -9.110875 -15.362481 0.340144 5.588445 -21.123491 7.917944 1.187004 5.139734 -0.221397 0.495671 -4.644151 -9.206461 5.843685 -7.619035 -4.278003 4.909331 2.487593 2.143773 0.828673 9.800739 10.733688 13.028886 -22.731821 -21.447649 0.182528
-10.518859 9.032469 -27.992868 0.282545 3.573717 -8.940778 -15.412391 0.292871 5.596821 -21.129183 7.959221 1.231648 5.245167 -0.224145 0.493156 -4.581521 -9.138309 5.841200 -7.639439 -4.227443 4.850193 2.683266 2.045274 0.645316 9.692067 10.784239 13.153136 -22.670975 -21.518293 0.107965
-10.478203 9.095973 -27.985601 0.282531 3.589147 -8.914557 -15.433323 0.284650 5.593856 -21.136717 7.954444 1.243426 5.262451 -0.237439 0.491090 -4.579970 -9.136806 5.832906 -7.617020 -4.243626 4.838385 2.676188 2.034701 0.613793 9.726673 10.794983 13.216041 -22.685015 -21.531544 0.181366
-10.479556 9.082763 -28.001383 0.296183 3.593523 -8.925044 -15.453107 0.296865 5.612462 -21.139935 7.959699 1.250106 5.259520 -0.234192 0.486474 -4.580853 -9.134977 5.837278 -7.617850 -4.242836 4.832506 2.675095 2.030433 0.631436 9.744484 10.813597 13.210795 -22.687174 -21.521524 0.170748
-10.476984 9.087273 -27.999815 0.296194 3.594012 -8.921140 -15.456491 0.298131 5.612141 -21.138605 7.960426 1.251929 5.254872 -0.231055 0.486330 -4.583291 -9.135622 5.836555 -7.618029 -4.246687 4.843508 2.673951 2.021448 0.635783 9.738174 10.811886 13.209646 -22.688337 -21.518394 0.167537
-10.439843 9.033232 -28.037607 0.327124 3.591631 -8.983867 -15.475476 0.350529 5.613693 -21.116898 7.960334 1.234641 5.277312 -0.215028 0.490168 -4.606290 -9.118711 5.857910 -7.617113 -4.247844 4.828192 2.660728 2.026867 0.643667 9.730748 10.806986 13.177184 -22.698908 -21.525850 0.156459
-10.485621 9.069597 -28.013929 0.321172 3.596427 -8.960789 -15.445649 0.295600 5.622616 -21.141802 7.969398 1.247053 5.266571 -0.221578 0.478777 -4.582935 -9.127337 5.837476 -7.624513 -4.245051 4.816013 2.654079 1.994460 0.630196 9.742525 10.802436 13.187178 -22.717258 -21.518566 0.159869
-10.490257 9.067965 -28.021368 0.319632 3.609579 -8.959203 -15.444398 0.289728 5.629830 -21.148785 7.965727 1.248049 5.260225 -0.226174 0.472735 -4.584742 -9.129063 5.836612 -7.622859 -4.235989 4.831045 2.673366 2.001621 0.649390 9.739904 10.803623 13.191485 -22.719408 -21.529905 0.150704
-10.494483 9.092747 -27.994982 0.334035 3.667129 -8.927226 -15.413267 0.248315 5.615389 -21.193066 7.937464 1.239454 5.241827 -0.232665 0.458034 -4.606004 -9.139488 5.818843 -7.618860 -4.229181 4.813643 2.671509 2.021601 0.637181 9.741385 10.827435 13.221562 -22.721731 -21.522263 0.161028
-14.629758 6.889482 -23.395990 -10.072365 11.284330 -4.327577 -10.096029 -0.191061 4.590269 -15.015346 8.526647 1.083623 3.138927 1.641017 1.342188 -5.313217 -8.392696 8.734844 -6.744316 -1.081947 0.109186 -7.551714 1.795170 6.219030 8.003360 6.707878 12.784917 -17.406799 -22.514372 0.463970
-18.131077 8.926088 -18.044638 -13.824703 16.540537 0.294353 -9.652727 -1.895409 0.768073 -13.284767 8.728533 0.055132 1.228921 1.626257 3.144459 -5.292774 -6.183078 7.132113 -6.016695 0.794075 -1.559559 -10.317917 -0.557962 8.020902 6.198173 3.768583 9.727433 -14.153866 -24.306044 2.201875
-20.577652 8.595671 -15.385075 -14.238940 18.291670 3.639817 -5.171177 -3.234898 0.329471 -12.698411 9.406263 0.606905 1.417496 1.739799 3.461404 -4.749203 -5.203878 6.605274 -5.378553 1.771215 -1.640288 -12.792075 -1.491320 8.118685 4.861265 1.907643 7.787409 -11.833905 -25.649858 1.617555
-22.159359 7.963094 -14.632658 -14.491088 17.586838 5.289536 -2.954847 -3.810818 1.905885 -12.043445 9.885049 1.357891 1.719439 2.171895 3.410807 -4.700410 -4.731888 6.012533 -5.483520 2.360344 -1.865649 -13.990601 -1.999315 7.970291 4.205318 0.279517 6.820114 -11.492209 -25.581388 1.480694
-23.101192 6.883389 -14.460273 -14.885307 17.369131 6.527409 -3.238724 -3.892031 3.078308 -12.002352 9.721402 1.988690 1.433323 2.331611 3.238101 -4.870533 -4.017923 5.377993 -5.304932 2.016781 -2.775459 -14.338570 -2.546075 8.160244 3.862912 -0.830453 6.017321 -11.845187 -25.842165 1.839868
-23.726688 6.143061 -14.129360 -15.121678 17.392160 6.928583 -3.442974 -3.657647 3.677637 -11.965090 9.841759 2.183505 1.366261 2.397607 3.036057 -5.053274 -3.727177 4.964500 -5.194046 1.860312 -2.940012 -14.331030 -3.075603 8.033049 3.985130 -1.110140 5.421131 -11.760014 -26.232515 1.746100
-23.938137 5.813392 -13.742913 -15.322180 17.289520 7.438102 -4.053584 -3.371374 4.430501 -11.723907 10.162086 2.325401 1.318486 2.501565 3.009639 -5.003107 -3.376450 4.717630 -5.095953 1.742238 -3.559147 -14.373373 -3.469769 8.097363 3.327069 -2.147372 5.053248 -12.144852 -26.394669 1.986683
-24.576475 5.354107 -13.515258 -15.520492 17.053221 7.815376 -4.042918 -3.291548 5.084012 -11.371226 10.258343 2.386638 1.288939 2.591258 2.907914 -5.115379 -3.107124 4.451275 -5.101640 1.672350 -4.111389 -14.232666 -3.864985 8.223906 3.323575 -2.404809 4.182255 -12.125851 -26.544418 1.874426
-25.203846 4.952504 -13.156508 -16.076324 16.784304 7.820168 -4.253789 -3.175825 5.992346 -11.512764 10.404968 2.370288 1.366967 2.668941 2.887516 -5.101291 -2.860559 4.300764 -5.234784 1.812195 -4.503903 -14.197132 -4.030674 8.749046 3.280531 -2.616785 3.680648 -12.192744 -26.499285 1.807779
-25.253008 4.894826 -13.049553 -15.969343 16.823233 7.895010 -4.155785 -3.183475 6.164805 -11.554424 10.432402 2.422445 1.349417 2.701069 2.812259 -5.153669 -2.868822 4.154737 -5.236496 1.897701 -4.565197 -14.245756 -4.137730 8.652862 3.333317 -2.660468 3.795613 -12.253574 -26.548555 1.898135
-25.285324 4.902485 -13.077205 -16.104795 16.819925 7.900581 -4.208239 -3.173612 6.141442 -11.490717 10.449153 2.419481 1.312409 2.699384 2.831939 -5.165514 -2.868551 4.103776 -5.219481 1.885427 -4.588750 -14.347584 -4.159885 8.604701 3.324121 -2.694911 3.824468 -12.250540 -26.545773 1.895452
-25.264545 4.960018 -12.998538 -16.151846 16.740393 7.826530 -4.255278 -3.123356 6.228313 -11.451424 10.482512 2.478191 1.280282 2.708169 2.754476 -5.160035 -2.783169 4.107120 -5.213463 1.867262 -4.591659 -14.392525 -4.208370 8.325888 3.217463 -2.825948 3.801861 -12.268882 -26.518328 1.966421
-25.167847 4.881514 -13.194860 -16.240446 16.685345 7.836934 -4.204521 -3.019864 6.303991 -11.317777 10.472943 2.553291 1.298007 2.687607 2.704197 -5.165362 -2.793672 4.100385 -5.185843 1.880381 -4.594224 -14.372480 -4.116307 8.459445 3.134202 -2.885744 3.781938 -12.249054 -26.539782 1.955412
-25.206131 4.866659 -13.080441 -16.148987 16.639677 7.996728 -4.162434 -2.999042 6.291496 -11.230379 10.477561 2.588661 1.255468 2.698130 2.738309 -5.188678 -2.785882 4.078352 -5.137097 1.855249 -4.601679 -14.386568 -4.125881 8.555866 3.185624 -2.862554 3.754226 -12.256069 -26.497759 1.996883
-25.152493 4.750728 -13.142123 -16.057993 16.652746 8.007796 -4.105809 -2.980167 6.291368 -11.189714 10.484439 2.602766 1.209185 2.647224 2.725723 -5.185412 -2.767920 3.981228 -5.074845 1.909815 -4.681888 -14.325601 -4.215608 8.661773 3.179978 -2.922738 3.688549 -12.252165 -26.534086 1.967282
-25.262119 4.823347 -13.150068 -16.181147 16.688295 8.109959 -4.241887 -2.979850 6.218299 -11.109870 10.524459 2.582882 1.222360 2.674955 2.770055 -5.206975 -2.806693 4.030152 -5.039353 1.857590 -4.740512 -14.317854 -4.225873 8.713061 3.088217 -2.922391 3.676617 -12.304747 -26.502407 1.868181
-25.282570 4.804798 -13.152486 -16.174305 16.640242 8.178436 -4.212495 -2.969037 6.298917 -11.123091 10.515940 2.601695 1.179372 2.652889 2.724277 -5.203256 -2.763602 3.968550 -5.051792 1.914555 -4.721127 -14.360886 -4.160246 8.675314 3.098846 -2.917777 3.634160 -12.365777 -26.453650 1.849633
-25.343132 4.699799 -13.243819 -16.015440 16.657667 8.314515 -4.162290 -3.085078 6.430118 -11.126410 10.586102 2.650125 1.029454 2.612138 2.690481 -5.174581 -2.751111 3.973172 -4.994230 1.865810 -4.844050 -14.245778 -4.299238 8.693772 3.026673 -2.946385 3.493513 -12.217133 -26.604776 1.876752
