9.094188 28.113800 -7.924615 4.262569 11.855267 2.828781 3.225530 15.621367 7.717853 -3.626042 -4.989748 10.908072 4.259846 -7.376779 5.382206 -5.574158 -0.458941 0.875760 -2.849323 -7.607741 9.070633 5.934837 10.313035 -13.758595 -11.794710 11.052307 1.044316 -27.585932 -1.914608 20.660357
9.156233 28.136522 -7.879354 4.287711 11.948675 2.836369 3.286946 15.620451 7.695844 -3.737362 -5.018108 10.977960 4.270951 -7.342306 5.363286 -5.587821 -0.473919 0.848299 -2.883582 -7.575770 9.465501 5.989322 10.319972 -14.210699 -11.377243 11.185102 1.054411 -27.873554 -2.006088 20.743923
6.306448 14.855421 -0.553757 11.028594 17.548353 -6.787480 12.545576 23.756392 5.116053 -2.976462 -5.770017 10.788250 1.236093 -11.223028 -1.262122 -7.876926 1.457718 -4.519170 1.679958 -0.948083 14.428162 2.299515 8.237609 -26.411299 -12.378023 17.725058 -7.119279 -13.993540 -0.336038 10.058993
7.530851 12.704500 0.179679 11.749465 17.416307 -8.001273 12.328444 25.990887 5.529795 -1.974890 -6.249689 10.528753 1.506148 -11.755972 -1.400791 -7.640526 2.460242 -4.415040 2.014122 0.668964 17.256620 0.752688 8.194917 -27.347084 -12.325775 17.646646 -5.953928 -11.419747 1.884618 10.662071
8.105490 12.619566 1.621626 12.496996 16.764513 -9.218843 11.436322 26.888830 5.790572 -0.526501 -6.520976 10.259618 1.808618 -11.845994 -1.274087 -7.332628 3.115754 -4.202253 1.924375 1.566133 18.850861 -0.061692 8.640272 -26.995216 -12.519512 17.761192 -6.190794 -9.717330 3.236808 10.298734
8.803542 11.918457 2.304561 13.153148 16.457815 -10.172641 11.120131 27.207102 6.264083 -0.057778 -6.781338 9.985480 2.276475 -11.947144 -1.220778 -6.941232 3.670883 -4.453236 1.673111 2.298604 20.797403 -0.376837 8.934672 -27.733065 -11.749767 17.947796 -5.781598 -8.262925 3.816079 9.911176
9.569528 11.577623 2.749981 13.174532 16.167814 -10.787862 10.199101 27.773529 6.694960 1.271093 -7.013547 9.872256 2.379886 -11.997921 -1.436297 -6.696025 4.152405 -4.786016 1.355367 2.737335 21.030874 -0.532294 8.562012 -29.027397 -11.164795 18.183748 -5.505615 -6.471071 3.578200 10.731938
9.530325 11.504506 3.181252 13.299154 15.742314 -11.203423 9.210151 27.786055 6.863169 1.500614 -7.287864 9.829026 2.777073 -12.018906 -1.282354 -6.439697 4.297885 -4.900274 1.124117 3.154911 22.021255 -0.132324 8.087834 -29.340027 -10.604107 18.318424 -5.409828 -5.565750 3.800120 11.317609
9.460719 11.183752 3.758998 13.459236 15.400852 -11.516840 8.623856 28.029636 7.326141 1.830503 -7.495037 9.694427 3.029615 -12.015064 -1.214029 -6.271105 4.544907 -5.028695 0.916454 3.473755 22.425444 -0.051936 7.704176 -29.806622 -10.321629 18.594414 -4.775561 -4.061172 3.533801 12.362963
9.393910 10.928651 4.454793 13.602639 14.817011 -11.631991 8.149898 28.140368 7.724500 2.148621 -7.676713 9.611996 3.458020 -11.960099 -1.114283 -6.044032 4.780967 -5.182983 0.602520 3.920094 22.813629 -0.343742 7.689293 -29.415493 -10.454464 18.363899 -4.239321 -2.623770 3.665399 14.238198
9.514796 10.374895 4.840629 13.803001 14.095285 -11.311552 7.265596 28.598970 8.350831 1.929077 -7.699180 9.447378 3.896210 -11.936097 -1.023896 -5.739385 5.184918 -5.304582 0.229673 4.280879 23.093576 0.014687 7.310139 -29.017900 -10.616898 17.766218 -4.259172 -1.408769 3.410630 16.103592
9.237657 9.509045 5.439452 14.395038 13.204454 -11.317330 6.236925 29.116045 8.601945 1.366854 -7.469050 9.198550 4.350111 -11.899207 -1.089235 -5.334244 5.674906 -5.372781 -0.210252 4.286432 23.319849 0.472565 6.897299 -28.450550 -10.966436 17.792675 -4.410402 -0.102043 3.659970 17.573170
9.546336 8.744389 5.760229 14.619983 12.157421 -10.617597 5.606081 29.417925 9.343735 0.998141 -7.563396 9.030117 4.559375 -11.805434 -1.047710 -5.242231 6.135759 -5.524367 -0.667266 4.426000 23.658556 0.546099 6.553452 -28.054867 -10.661856 17.268450 -4.259075 0.721269 3.619010 18.782501
9.743974 8.238247 6.343918 14.848993 10.959944 -10.293678 5.003259 29.920835 9.769055 0.794581 -7.589922 8.814919 4.814547 -11.610573 -1.102617 -5.334745 6.519938 -5.991578 -1.180319 4.474599 24.562025 0.466790 6.136425 -27.351995 -10.536583 16.613028 -4.559712 1.406843 3.870966 19.619263
9.777544 7.356134 7.192550 14.238583 9.784788 -9.507617 4.376656 30.750454 10.405210 0.967290 -7.559059 8.363157 5.622956 -11.233969 -1.084427 -5.209718 7.206934 -6.386243 -2.017912 4.750804 26.252254 -0.228234 5.476270 -26.543289 -9.814384 15.982632 -5.744306 1.995972 4.032725 20.228079
9.771600 6.238389 8.179445 14.056137 8.940896 -7.923573 3.582651 31.823019 11.126664 0.752524 -7.569127 8.575863 6.145048 -11.095896 -1.070123 -4.668214 7.605793 -6.428109 -2.678188 5.031856 27.574865 -0.242877 4.691487 -25.824171 -9.582659 15.656289 -7.317195 2.510036 3.935632 20.778255
9.590641 5.870514 8.552503 14.208092 8.784161 -7.963652 3.378719 31.956160 11.263537 0.347687 -7.419893 8.429762 6.526248 -11.043994 -1.112173 -4.551774 7.809068 -6.521306 -2.911396 5.143420 28.451733 0.288133 4.483057 -25.280689 -9.609573 15.437426 -7.941162 2.899452 4.033582 21.052094
9.430845 5.742466 8.896831 14.258756 8.474792 -7.857171 3.102150 32.177231 11.312295 0.142011 -7.255446 8.314116 6.640383 -10.992925 -1.173883 -4.442256 8.020370 -6.513913 -3.077990 5.086253 29.051760 0.283973 4.415154 -25.091017 -9.563855 15.305561 -8.008915 2.975617 4.285099 20.967733
9.382337 5.706944 9.016438 14.301151 8.161589 -7.706795 3.039761 32.283257 11.350011 -0.096283 -7.153274 8.195763 6.752530 -11.015965 -1.209350 -4.405376 8.100216 -6.481028 -3.086891 5.043382 29.538391 0.422668 4.337359 -24.819592 -9.596321 15.086572 -8.217725 3.203711 4.469261 21.034582
9.418370 5.576046 9.267639 14.410582 7.734435 -7.607723 2.987624 32.557819 11.404235 -0.129082 -7.148265 7.716055 6.834060 -11.178105 -0.990036 -4.083743 8.080261 -6.639271 -3.230808 5.141709 29.558043 0.486999 4.381479 -24.648811 -9.740641 15.072191 -8.469049 3.235022 4.506926 21.015093
9.498073 5.385366 9.197421 14.352204 7.466232 -7.544821 3.172207 32.601772 11.444243 -0.214243 -7.175806 7.807821 6.876632 -11.061199 -0.949209 -4.015908 8.155325 -6.746670 -3.456487 5.073278 29.568426 0.946908 4.227932 -25.090199 -9.521702 15.319664 -8.804268 3.401118 4.067607 21.055813
9.812961 4.845331 9.301810 14.255472 6.827522 -6.733693 3.364255 33.184853 11.629552 -0.149716 -7.133304 7.697426 6.989928 -11.058746 -1.016933 -3.957288 8.188221 -6.839467 -3.539366 4.993694 29.602724 1.291089 4.215581 -24.762581 -9.601393 15.129074 -9.165839 3.400096 3.968834 21.058456
10.699746 5.486198 9.164430 13.892124 5.580078 -8.015052 2.664317 33.700203 10.451524 -0.327431 -6.726475 7.005600 7.280692 -11.477254 -1.135681 -4.034502 8.041365 -6.444243 -2.753380 4.692339 29.780697 0.437183 5.182444 -23.647053 -10.667206 14.983578 -7.304235 3.879520 5.665365 19.701294
12.709294 5.390853 8.770638 13.709388 2.257961 -9.708955 1.975648 35.168755 8.010039 -2.134812 -5.540970 5.691727 8.179914 -11.702646 -1.269881 -3.800992 7.683893 -5.314523 -1.681069 3.596327 30.279783 1.267439 6.828760 -19.922888 -13.185070 13.921247 -6.154479 2.475236 8.421746 17.999805
14.162677 5.589789 7.473412 12.999539 0.281639 -10.295166 1.849676 36.268822 5.845144 -3.327604 -4.143251 4.044787 9.454444 -12.147280 -1.753487 -3.557592 7.337943 -4.427118 -0.326231 2.778765 31.021275 2.838919 8.667104 -17.597849 -15.348022 13.932932 -5.148808 1.269447 11.591698 16.316727
15.773594 7.116479 5.857214 12.636280 -1.290243 -11.488982 2.215060 36.688541 3.135495 -4.360942 -4.266315 3.324176 10.171515 -12.706145 -1.139427 -3.411532 6.562642 -3.338485 0.929864 2.415741 31.361607 2.826080 10.478964 -15.720548 -16.436981 13.833506 -3.376411 -0.681343 14.777593 15.566126
17.015507 8.460940 4.061965 11.326069 -3.244229 -11.419505 2.130844 36.688225 1.394852 -4.964269 -4.583797 2.858003 10.644750 -13.253323 -0.308435 -3.327427 6.004122 -2.143546 1.535435 2.250150 32.202793 2.773469 11.779825 -14.308020 -16.506701 13.420822 -0.725823 -3.067186 16.218550 14.752595
17.117554 8.986322 3.620103 10.674562 -3.981186 -10.959357 2.370293 36.385571 0.877645 -5.563855 -4.478943 2.894614 10.768053 -13.307454 -0.144317 -3.234324 5.823047 -1.770005 1.680216 2.164741 31.777805 3.135776 12.068320 -13.504386 -17.136515 13.307533 -0.806813 -3.668770 16.450573 14.670535
17.088469 9.096912 3.554051 10.747774 -3.875477 -11.019321 2.193446 36.284241 0.870975 -5.538603 -4.517467 2.842329 10.758286 -13.330677 -0.057620 -3.286477 5.760791 -1.674277 1.790544 2.143375 31.711527 2.881388 12.062912 -13.570491 -17.049185 13.300259 -0.438871 -3.762783 16.593504 14.864934
17.160894 9.107130 3.500984 10.683631 -3.833843 -11.004012 2.195334 36.423622 0.999413 -5.333654 -4.584634 2.829652 10.817718 -13.309961 0.028196 -3.340307 5.749718 -1.664237 1.727985 2.072697 32.120228 2.789846 12.147964 -13.728023 -16.746637 13.389311 -0.102384 -3.945813 16.726568 14.650393
17.151768 9.224325 3.447598 10.601969 -3.993792 -10.926970 2.301714 36.357567 0.975406 -5.446606 -4.572403 2.874720 10.645570 -13.292826 0.020240 -3.466933 5.713048 -1.620060 1.767193 1.935767 32.213810 2.610297 12.208426 -13.562273 -16.750891 13.273105 -0.193529 -4.098592 16.801760 14.447576
17.112137 9.253324 3.455656 10.565930 -3.982395 -10.987181 2.371882 36.327789 0.983730 -5.477944 -4.572186 2.835849 10.712979 -13.295011 0.028142 -3.416608 5.745251 -1.559836 1.759062 1.905423 32.085007 2.420598 12.239873 -13.680570 -16.690939 13.323550 -0.000657 -4.115278 16.740139 14.339564
17.112049 9.201149 3.450090 10.618405 -3.955556 -10.979613 2.359928 36.350273 1.039611 -5.459591 -4.584285 2.826900 10.701914 -13.300372 0.028806 -3.436539 5.745380 -1.568237 1.783220 1.899068 32.047218 2.421047 12.230849 -13.713750 -16.669289 13.345221 0.037202 -4.078941 16.705168 14.385062
17.126537 9.266800 3.461137 10.580683 -3.878657 -11.079032 2.410463 36.319191 0.992927 -5.460912 -4.584298 2.831616 10.681328 -13.293616 0.013260 -3.457534 5.722784 -1.559807 1.774238 1.886847 32.088821 2.431374 12.231367 -13.608163 -16.674753 13.312737 0.036234 -4.089169 16.724585 14.320130
17.127228 9.280088 3.462289 10.551579 -3.892824 -11.100066 2.401499 36.314590 0.968528 -5.472336 -4.579338 2.844270 10.687299 -13.299783 0.026963 -3.446725 5.725138 -1.563777 1.790954 1.890572 32.104134 2.418701 12.234289 -13.655498 -16.692167 13.282721 0.037165 -4.100470 16.726397 14.285403
17.147327 9.244271 3.463359 10.615582 -3.864107 -11.053826 2.397531 36.327538 0.988475 -5.477801 -4.585934 2.862018 10.684079 -13.299767 0.027643 -3.424348 5.722902 -1.565065 1.780562 1.895184 32.118771 2.437092 12.229361 -13.637218 -16.709143 13.285201 0.022211 -4.102406 16.727295 14.262485
17.134499 9.228794 3.449026 10.661118 -3.796500 -11.056398 2.411124 36.299282 1.008134 -5.479250 -4.591588 2.843135 10.662951 -13.305155 0.014335 -3.472853 5.730253 -1.584130 1.801273 1.896170 32.079300 2.380434 12.193465 -13.700841 -16.670938 13.266573 -0.000524 -4.098349 16.687365 14.277190
17.132616 9.225004 3.438560 10.667273 -3.790918 -11.056057 2.413136 36.293381 1.024425 -5.469447 -4.620708 2.826499 10.663136 -13.308449 0.004717 -3.499269 5.737724 -1.598668 1.813109 1.900669 32.075233 2.354354 12.168593 -13.670726 -16.666845 13.260959 0.035477 -4.075949 16.703182 14.375684
17.121349 9.219714 3.440998 10.633177 -3.798875 -11.095377 2.395263 36.315254 1.049969 -5.437922 -4.600775 2.853302 10.663203 -13.308468 0.011206 -3.486012 5.713377 -1.591681 1.827798 1.928579 32.127274 2.329016 12.161542 -13.731231 -16.593798 13.277836 0.103275 -4.084484 16.729315 14.442602
17.117643 9.235236 3.433336 10.635813 -3.794823 -11.075076 2.411410 36.289932 1.042789 -5.451294 -4.619617 2.826192 10.663022 -13.305101 0.005170 -3.516698 5.733473 -1.613163 1.819310 1.906488 32.031620 2.345003 12.171960 -13.669177 -16.669905 13.263097 0.059534 -4.051507 16.703245 14.379703
17.126781 9.224058 3.436397 10.617430 -3.817468 -11.103920 2.355471 36.302299 1.037245 -5.451797 -4.671220 3.102339 10.934950 -13.164289 -0.246033 -3.778186 5.822103 -1.516718 1.906794 1.782746 32.008869 2.454292 12.070554 -13.593639 -16.776684 13.293412 0.064149 -4.033014 16.744173 14.179088
17.118803 9.222267 3.422320 10.631342 -3.825073 -11.117990 2.378344 36.306305 1.073987 -5.432395 -4.674908 3.072746 10.902011 -13.187037 -0.223168 -3.778065 5.807821 -1.516133 1.931938 1.789126 31.961420 2.399918 12.118389 -13.612559 -16.795172 13.255810 0.088253 -4.023015 16.738630 14.252242
13.448174 11.514496 3.546640 10.093143 1.784966 -11.576449 4.355965 32.001247 1.633770 -4.300291 -4.583729 4.660848 7.614494 -13.151100 -1.219937 -4.930205 4.756228 -1.418016 3.117744 1.185492 27.695070 -3.034964 11.072369 -15.826707 -15.705266 12.545445 3.375942 -3.674416 14.196638 16.384167
12.154029 13.730620 3.913177 9.711937 4.813917 -11.425372 3.725607 30.826044 2.050695 -2.464192 -3.521981 4.847823 5.352980 -13.281799 -1.188497 -4.996980 4.588805 -0.691928 3.709417 1.718341 23.855967 -5.794429 10.444638 -16.144016 -16.952269 11.480932 4.208993 -3.071198 12.670645 19.108192
11.628601 15.317536 3.468153 9.999815 6.728268 -12.186534 4.258700 30.036787 2.179294 -1.981238 -3.655489 4.715809 4.975560 -13.278206 -1.138276 -5.925642 4.541362 0.145484 4.614585 1.534381 20.913193 -6.639133 10.203313 -16.382881 -18.406313 11.933465 3.304012 -2.358305 11.065561 18.528870
11.369554 16.231697 2.115129 10.835352 9.165775 -12.894095 5.113348 28.668692 2.084768 -2.268347 -3.966564 4.690712 4.195804 -13.006405 -1.170500 -7.335735 4.240221 0.751003 5.559648 0.667889 18.103937 -6.710430 10.379560 -16.792942 -19.910385 12.062890 3.185061 -3.241902 10.795197 17.947407
9.867517 16.704569 0.985214 10.257342 11.727800 -14.053978 5.034215 26.493731 1.404611 -2.929275 -4.133474 4.503369 2.850637 -13.259293 -1.456130 -8.237327 3.852084 0.603772 6.235247 -0.286975 15.345098 -7.379289 10.733287 -17.466494 -20.240271 11.776170 3.331029 -4.664171 10.429945 17.622913
8.791708 17.266277 1.011073 10.856936 13.349384 -12.918796 5.933059 25.306631 1.456518 -3.405547 -4.547513 4.312429 1.588695 -13.129643 -1.900338 -9.675758 3.158946 -0.193559 6.782358 -1.506487 12.199580 -7.091368 10.846749 -17.121826 -21.540770 11.783285 2.866378 -5.871622 10.126050 16.419235
7.271975 17.742172 1.546103 10.565723 14.214034 -11.275429 7.455635 24.556391 1.800401 -3.523673 -4.214649 3.667750 0.577703 -13.013689 -2.297706 -10.402271 3.081516 -0.125207 7.109407 -2.814533 9.781628 -7.447975 10.439267 -16.669979 -23.077930 11.339050 2.963107 -6.004632 10.170139 16.115372
6.054215 18.241787 2.715913 9.749529 14.391338 -9.356309 8.505380 23.831032 1.732616 -3.321177 -3.676325 3.636252 -0.480221 -12.827487 -3.308661 -10.865125 3.245019 -0.521493 7.237786 -3.767548 7.307366 -6.948213 9.931424 -15.903022 -24.297581 10.859634 1.706131 -7.440022 10.494078 15.300075
5.097380 18.735937 3.960475 8.040449 15.033227 -7.383053 9.649561 23.627645 1.747983 -2.174558 -3.006397 2.831698 -1.156814 -12.395660 -4.120336 -11.758262 3.448658 -0.755670 7.563184 -5.447796 3.524459 -6.326742 9.088915 -15.340658 -25.429892 10.542925 -0.110902 -8.762941 10.069977 13.018737
4.915658 19.914705 5.137996 6.496649 16.320869 -6.130399 10.178428 23.748295 2.703837 0.775482 -2.043139 1.771149 -1.382053 -12.363987 -4.185340 -11.856471 3.549869 0.185509 8.036201 -6.804920 1.601071 -6.784853 9.070713 -12.579031 -27.608576 9.202314 -0.558448 -8.255105 10.083092 13.314469
4.708842 20.453285 5.098596 6.096970 17.033262 -5.745111 10.876189 23.624079 3.087386 1.827116 -1.043686 1.345956 -1.456901 -12.134672 -4.327339 -11.863585 3.262071 0.888283 8.481252 -7.859605 0.273812 -6.883323 8.959301 -10.605485 -29.406292 8.011362 -1.589541 -7.514959 9.803487 13.027997
4.664275 20.533943 5.120196 6.278740 17.292881 -5.611362 11.107991 23.232727 3.162001 1.795304 -0.561630 0.852477 -1.599152 -12.185543 -4.246043 -11.567060 3.136591 0.907634 8.503362 -8.021760 -0.458134 -6.922026 8.830722 -10.204793 -29.796618 7.898325 -1.535224 -7.380748 9.941285 13.293263
4.612179 20.542046 5.153696 6.198826 17.316046 -5.486397 11.117986 23.207949 3.186476 1.805251 -0.603312 1.194875 -1.478739 -12.039117 -4.467149 -11.864242 3.180152 1.070161 8.629026 -8.235844 -0.659321 -7.003631 8.900468 -9.964313 -29.947596 7.793927 -1.680662 -7.438481 9.842048 13.405445
4.625102 20.622204 5.088375 6.098038 17.168119 -5.586265 11.064735 23.239573 3.292227 1.871738 -0.642219 1.238320 -1.493576 -12.016769 -4.526409 -11.944844 3.168011 1.018919 8.644351 -8.244385 -0.664300 -7.036432 8.930609 -10.021866 -29.915133 7.819491 -1.645677 -7.429069 9.890135 13.409907
4.639188 20.640919 5.149331 6.177371 17.301720 -5.480708 11.077876 23.190035 3.186087 1.821094 -0.609440 1.210650 -1.489679 -12.022876 -4.466850 -11.870589 3.166674 1.036085 8.601117 -8.256538 -0.674539 -6.942252 8.904778 -9.925900 -30.006746 7.817809 -1.621262 -7.436264 9.859661 13.348360
4.644187 20.669632 5.127746 6.155522 17.311127 -5.467951 11.097935 23.167942 3.159835 1.830008 -0.462398 0.944639 -1.735229 -12.151054 -4.222737 -11.483621 3.087813 1.018160 8.456784 -8.206690 -0.743396 -6.975013 8.877378 -9.886825 -30.060097 7.828373 -1.543999 -7.428979 9.867975 13.442541
4.619978 20.619909 5.152676 6.224514 17.339375 -5.387565 11.113215 23.142134 3.228879 1.796077 -0.578446 1.282386 -1.554897 -12.050393 -4.378729 -11.680194 3.168988 1.130680 8.501504 -8.249447 -0.691268 -6.898182 9.036235 -9.931346 -30.037527 7.870466 -1.630758 -7.411991 9.791208 13.412986
4.574244 20.583187 5.105173 6.231118 17.308645 -5.436719 11.218729 23.141939 3.289665 1.795642 -0.635898 1.387998 -1.551966 -11.998926 -4.439816 -11.793496 3.153157 1.133842 8.525780 -8.309015 -0.660132 -6.935192 8.997239 -9.888980 -30.036507 7.795291 -1.670344 -7.408361 9.776413 13.383647
