-13.230989 24.841196 -20.238209 21.101698 -9.899864 -4.480104 0.676196 0.980757 4.836839 -8.338810 4.538379 3.666484 0.510321 -11.284556 5.168141 2.024679 -1.766234 4.227697 -0.232921 -8.903511 9.114260 5.933762 10.309909 -13.767030 -11.736474 11.072950 1.111069 -27.554731 -1.918967 20.644646
-13.748197 24.795057 -20.512781 21.196762 -10.417654 -5.058195 1.305932 0.769413 5.420363 -8.605707 4.583610 3.721230 0.500485 -11.273954 5.128109 2.042156 -1.786908 4.233988 -0.225400 -8.903180 9.570262 5.978879 10.318113 -14.301508 -11.299896 11.196311 1.090932 -27.882570 -1.997198 20.730022
-12.888547 12.404982 -19.914583 11.898303 -15.217920 3.854450 -1.368165 3.810235 8.560130 -19.992363 7.344787 2.949744 3.874883 -7.823827 5.484773 1.431319 -3.917511 1.455472 -2.089145 -4.432040 19.162912 5.845294 10.615733 -7.754905 -3.282012 6.752050 4.039470 -15.935812 -15.566553 18.057417
-12.361471 6.412305 -21.613783 12.605951 -13.485834 5.594384 -2.722229 3.945221 9.687808 -22.167494 7.773617 3.488217 3.627886 -7.323545 4.953946 1.021993 -4.966280 0.775548 -1.923863 -2.922117 22.656717 4.934859 9.796168 -7.887761 -3.644799 2.625777 4.596339 -15.955319 -17.566727 15.088387
-12.640941 0.841352 -20.518749 8.095424 -8.418961 11.760958 -2.042012 6.825994 14.960568 -18.047333 8.982525 4.183835 2.639578 -6.163857 4.051106 0.591959 -4.769976 -0.667332 -2.265304 -1.568402 18.323122 4.448056 8.144032 -3.981928 -8.276869 -1.449976 0.746519 -11.490921 -21.410818 10.733298
-13.797745 -0.374183 -24.016468 5.357491 -8.380840 7.357917 -3.620118 5.571267 15.558249 -17.294544 9.117274 4.124942 2.927274 -5.034970 4.818611 -0.113114 -5.245589 -0.849438 -1.932016 -2.253583 18.061491 2.957764 8.412606 -6.728148 -9.186532 -3.232560 3.425374 -12.505172 -21.689699 8.107941
-13.468354 -0.711400 -25.389856 3.431519 -4.674384 6.323685 -4.630077 4.190472 13.272655 -17.118496 9.271455 4.411176 2.934746 -3.858627 4.947295 -1.027808 -5.715895 -1.386477 -1.490563 -2.476989 16.764641 1.002592 8.167496 -9.232063 -10.093209 -4.627629 5.607454 -13.003351 -22.394758 6.052492
-14.969796 -2.446376 -24.293074 2.196359 -1.531999 6.856236 -5.703905 3.608876 14.074714 -17.668510 9.782422 5.317214 2.118882 -3.329036 4.166893 -1.336922 -5.309620 -2.181012 -1.361661 -2.019195 15.419705 1.224778 6.888596 -9.013318 -9.971341 -5.394008 3.966903 -11.541807 -23.735632 3.853248
-13.840964 -0.557482 -28.516352 2.407341 -1.224228 -0.000440 -6.291451 2.171034 12.200810 -16.946676 9.214963 5.177024 2.637868 -2.529027 5.052831 -2.020787 -6.568545 -1.022836 -0.993013 -4.439637 16.953524 1.925645 8.544919 -12.413819 -10.476578 -6.187478 9.481207 -15.960874 -21.288845 1.490834
-13.723657 1.195097 -29.176573 3.169446 -0.280872 -3.230028 -9.964339 0.784447 8.322469 -19.721302 8.908708 5.161714 2.777914 -1.842885 5.589497 -1.940131 -6.826240 -0.080102 -1.309654 -5.535357 16.350191 1.837735 8.730295 -14.945636 -8.985771 -5.456980 10.696842 -19.462729 -21.367146 0.043357
-13.439134 3.261635 -29.567820 2.080337 0.123071 -6.377568 -13.286686 0.553431 5.717525 -19.624249 8.791226 4.785725 3.355016 -0.991492 5.965553 -1.709536 -6.477818 1.180947 -2.386704 -6.465056 14.301862 1.294055 7.424765 -16.274467 -6.392727 -5.321158 12.269805 -24.269979 -19.835920 -0.027911
-12.923024 6.869551 -30.181721 2.543367 0.891967 -7.818148 -15.709643 -0.090401 5.135381 -19.002409 9.021050 4.668490 4.604839 -0.531141 6.019789 -1.253152 -6.253302 1.838048 -3.617644 -6.975937 11.093419 2.612999 5.918178 -16.189768 -6.154109 -3.757689 14.169162 -25.816648 -19.161772 0.397689
-12.621784 7.984457 -30.312685 2.442610 1.158074 -8.036866 -15.985065 -0.382187 5.089437 -18.821680 9.003427 4.582568 4.630374 -0.616628 6.066010 -1.095285 -6.248181 1.921064 -3.802568 -7.166449 10.408338 2.699625 5.222754 -15.781281 -6.027334 -3.365434 14.734674 -26.275614 -19.143482 0.565170
-12.502148 8.259541 -30.226976 2.300962 1.288563 -7.835670 -16.150574 -0.422153 4.945772 -18.836058 9.004062 4.573807 4.694187 -0.582994 6.077231 -1.074210 -6.191464 1.995967 -3.863381 -7.131770 10.358722 2.747273 5.146389 -15.811058 -6.057930 -3.298339 14.848551 -26.223413 -19.095079 0.605677
-12.485512 8.254899 -30.220541 2.334136 1.317024 -7.854989 -16.196035 -0.377040 5.003926 -18.833401 8.979585 4.551784 4.717813 -0.603294 6.076028 -1.075182 -6.179413 1.967257 -3.855748 -7.118583 10.366130 2.818633 5.140633 -15.760678 -6.015781 -3.268803 14.866311 -26.193171 -19.138811 0.642152
-12.498707 8.321354 -30.261074 2.304576 1.349378 -7.907302 -16.211538 -0.420725 5.014553 -18.839388 8.987619 4.562792 4.723495 -0.590993 6.073748 -1.066290 -6.185599 1.970253 -3.880933 -7.133259 10.337368 2.817178 5.140546 -15.781529 -6.026590 -3.265214 14.888062 -26.248659 -19.122078 0.621140
-12.463106 8.317169 -30.231457 2.280009 1.351376 -7.906014 -16.153246 -0.426471 5.004281 -18.888113 9.005614 4.553854 4.725540 -0.586027 6.065956 -1.070674 -6.184343 1.987025 -3.867994 -7.128044 10.407956 2.811647 5.102118 -15.832296 -5.955946 -3.261294 14.854981 -26.281998 -19.129292 0.587669
-12.467698 8.304006 -30.212931 2.290067 1.357923 -7.892552 -16.155952 -0.428186 5.001489 -18.894842 9.006112 4.557858 4.721292 -0.585678 6.060639 -1.069911 -6.180334 1.978767 -3.867159 -7.127457 10.392542 2.812009 5.140490 -15.841069 -5.965770 -3.250540 14.834195 -26.274569 -19.126032 0.614404
-12.479507 8.320720 -30.211504 2.309320 1.381086 -7.903347 -16.152901 -0.459466 5.014184 -18.892756 9.029473 4.563397 4.744446 -0.577304 6.064673 -1.038232 -6.163866 1.993098 -3.889357 -7.116802 10.416534 2.813749 5.169634 -15.838731 -5.955104 -3.242076 14.822503 -26.272661 -19.123011 0.613998
-12.470290 8.356333 -30.219204 2.287655 1.358128 -7.903710 -16.153240 -0.464427 4.989739 -18.894712 9.029578 4.572386 4.734984 -0.571360 6.075949 -1.031452 -6.171640 2.003765 -3.900830 -7.138258 10.383775 2.797765 5.205423 -15.821343 -5.976214 -3.248712 14.845122 -26.282969 -19.110022 0.661340
-12.494954 8.371284 -30.192282 2.283597 1.387635 -7.903198 -16.150818 -0.482606 4.989842 -18.886061 9.037762 4.578577 4.727700 -0.566582 6.070082 -1.028973 -6.173364 2.007533 -3.899860 -7.137060 10.399552 2.766427 5.214174 -15.837308 -5.946908 -3.261782 14.839106 -26.305925 -19.089930 0.666697
-12.492583 8.346733 -30.196617 2.293787 1.396457 -7.902241 -16.139029 -0.472944 4.990407 -18.887192 9.041544 4.578534 4.722451 -0.562569 6.073790 -1.029631 -6.170767 2.008390 -3.902551 -7.138144 10.369292 2.764488 5.196272 -15.859714 -5.963835 -3.262631 14.804089 -26.282228 -19.110918 0.647439
-16.265898 8.046757 -29.168901 -4.440208 6.170285 -7.893012 -12.614262 -4.683246 -1.967496 -17.900904 9.212434 4.042390 3.043736 0.672656 8.959171 -0.766038 -6.468492 5.012957 -2.141718 -5.133367 10.967792 -8.648031 7.185627 -19.005409 -6.906692 -8.946820 19.544817 -26.121866 -18.511356 1.693359
-19.365524 7.909209 -22.172678 -11.180426 12.624424 0.285292 -10.313601 -2.585144 -0.185243 -10.470152 10.394273 4.985024 1.649707 1.163683 7.574829 -0.824438 -3.964673 3.820361 -2.279338 -2.281214 4.512994 -10.447715 2.696671 -8.247326 -8.021187 -9.166679 12.680384 -17.490442 -21.787809 3.057986
-21.592499 7.124308 -18.881857 -11.693665 16.599203 4.166417 -6.720971 -4.148024 -0.302702 -10.200733 11.085889 5.948043 1.128664 1.460589 7.589580 -0.686574 -2.806853 3.170876 -1.779629 -0.555621 3.668001 -12.427826 1.273847 -4.315784 -7.484346 -9.181952 9.574246 -14.050106 -23.702364 1.806170
-23.201639 6.429895 -17.355589 -12.057312 16.948971 5.820735 -4.628621 -4.769038 0.889480 -10.523966 11.503938 6.482183 0.959001 1.666377 7.407135 -0.527619 -2.394468 2.924908 -1.836895 0.004597 2.641335 -13.490301 0.551027 -3.601573 -6.661658 -9.389645 8.318084 -13.689382 -24.416882 1.812966
-24.099277 5.573671 -17.189379 -12.229870 16.796659 6.736753 -3.698704 -5.003348 2.328130 -10.451899 11.637581 6.728192 0.725705 1.792263 7.210687 -0.777091 -2.019947 2.394930 -1.824489 -0.003834 1.937588 -14.098530 -0.194779 -2.229096 -6.002204 -9.686815 7.268241 -13.551143 -24.413652 1.851073
-24.867798 5.058801 -16.829973 -13.015881 16.864264 7.546027 -3.932139 -5.066390 2.843462 -10.680597 11.639501 6.375280 0.634439 1.964509 7.304367 -0.952988 -1.805329 2.043829 -1.901811 -0.197070 0.813885 -14.387734 -0.610649 -1.539632 -5.572080 -9.724745 6.596152 -13.893058 -24.876501 2.090070
-24.999249 4.367517 -16.371210 -12.962444 17.158651 8.386909 -4.118877 -4.730632 3.575358 -10.406080 11.739261 6.320982 0.276381 1.922463 7.174618 -1.137233 -1.595735 1.559742 -1.845180 -0.329978 0.056247 -14.130520 -1.591058 -0.596502 -5.236365 -9.792140 6.151606 -13.552825 -25.235151 2.285184
-25.257633 3.731514 -16.091164 -13.195181 16.834642 8.748466 -4.511285 -4.308603 4.175596 -10.283665 11.847188 6.263603 0.240751 1.954316 6.887858 -1.273276 -1.313615 1.299547 -1.798330 -0.296705 -0.826562 -14.012763 -1.998533 0.037219 -5.030180 -9.705386 5.329666 -13.632110 -25.476196 2.276607
-25.881374 3.661091 -15.694942 -13.839809 16.754679 8.728927 -4.857328 -4.267920 4.609304 -10.096083 11.909420 6.197246 0.091639 2.022092 6.968617 -1.315002 -0.930334 1.094842 -1.813162 -0.323679 -1.441666 -14.020971 -2.358696 0.528451 -4.912508 -9.928007 4.675312 -13.889157 -25.677767 2.343940
-26.074257 3.335411 -15.404595 -14.088657 16.614208 9.386479 -4.664965 -3.951913 5.305899 -9.820588 12.008420 6.266729 -0.039144 2.149855 6.839035 -1.517873 -0.775082 0.762006 -1.790114 -0.419154 -1.939387 -13.952967 -2.656702 1.367385 -4.874999 -9.897681 4.328747 -13.850139 -25.523951 1.978498
-26.146809 3.172328 -15.299672 -14.056294 16.779236 9.481534 -4.502963 -4.011683 5.444802 -10.010724 11.986581 6.192531 -0.007127 2.132760 6.878875 -1.535919 -0.799506 0.798934 -1.767758 -0.402489 -1.874141 -13.698491 -2.604499 1.391679 -4.777101 -9.903027 3.905135 -13.771954 -25.739878 1.786754
-26.255951 3.237000 -15.214208 -14.273212 16.588007 9.475331 -4.496463 -3.920843 5.530298 -9.897182 11.979214 6.143592 -0.094285 2.109842 6.886905 -1.564328 -0.743035 0.735028 -1.749777 -0.424024 -2.072622 -13.812147 -2.732688 1.496827 -4.804024 -9.930851 3.749771 -13.760495 -25.743052 1.928657
-26.031115 3.222190 -15.170157 -14.342167 16.606260 9.522576 -4.500809 -3.739794 5.674312 -9.914528 11.983962 6.104601 -0.111969 2.124553 6.853201 -1.589766 -0.716060 0.665291 -1.755339 -0.450397 -2.370560 -13.694805 -2.793929 1.635396 -4.877063 -9.898939 3.776676 -13.775001 -25.745935 1.998749
-26.141804 3.007863 -15.118979 -14.289491 16.544830 9.423951 -4.509719 -3.802603 5.817328 -9.976958 12.006314 6.209541 -0.128658 2.113974 6.824547 -1.624217 -0.713847 0.568558 -1.693080 -0.437676 -2.456086 -13.806414 -2.904894 1.772385 -4.732326 -9.830142 3.577794 -13.815816 -25.684700 1.929375
-25.948780 2.891376 -15.159011 -14.148048 16.726896 9.605300 -4.719671 -3.784599 5.867437 -9.962683 12.023148 6.268286 -0.098735 2.143231 6.676164 -1.702873 -0.642064 0.403602 -1.723740 -0.508244 -2.359364 -13.597787 -2.927712 1.868229 -4.727659 -9.747481 3.615574 -13.775319 -25.628391 1.901591
-25.924194 2.953731 -15.145291 -14.215122 16.748606 9.552831 -4.759029 -3.726118 5.942533 -9.884624 12.049358 6.248504 -0.068047 2.148938 6.663433 -1.696532 -0.592025 0.368626 -1.723180 -0.485701 -2.434891 -13.586119 -2.969784 1.932190 -4.785550 -9.734140 3.440145 -13.681429 -25.663357 1.776524
-26.012070 2.817352 -15.180547 -14.261974 16.820883 9.654997 -4.803858 -3.730087 6.056899 -9.875049 12.064210 6.224545 -0.019364 2.151856 6.723105 -1.704702 -0.641846 0.393390 -1.683007 -0.542500 -2.665982 -13.527450 -3.078828 1.928311 -4.795197 -9.724744 3.328646 -13.691072 -25.761581 1.734089
-26.082405 2.669077 -15.204103 -14.230312 16.866552 9.762922 -4.805484 -3.661083 6.119213 -9.782301 12.094335 6.235910 0.001531 2.140690 6.745774 -1.650949 -0.633069 0.416617 -1.681121 -0.562702 -2.761286 -13.617216 -3.143532 2.055219 -4.812451 -9.719951 3.123038 -13.720407 -25.743114 1.547582
