5.191343 27.387774 -14.382141 11.527391 6.513986 10.835003 -2.033870 12.880614 0.100541 5.132286 2.242013 3.317514 4.483490 -9.052187 -3.794734 -5.655478 -3.941917 8.729225 -2.772864 -7.149118 6.266237 12.987309 -15.991475 1.866338 0.886905 22.705385 8.695052 -22.073225 -3.755067 12.702670
5.211934 27.384602 -14.402679 11.579062 6.546917 10.875626 -2.011126 12.873515 0.091064 5.075591 2.282152 3.336303 4.488006 -9.039022 -3.881768 -5.685876 -3.963085 8.741412 -2.786807 -7.123044 6.651235 13.083641 -16.430796 1.466896 1.342998 22.897423 8.907532 -22.319496 -3.831981 12.711234
5.610744 10.788219 -16.312571 4.205018 0.530158 23.527914 -5.346469 15.452784 2.365431 -6.180696 5.395405 5.645108 8.137967 -5.410053 -2.264546 -5.414407 -5.760156 4.926767 -2.621929 -2.663199 19.807039 11.125591 -15.183618 5.134209 6.239219 13.112600 11.791459 -10.493522 -18.050684 9.238125
2.987605 5.017699 -15.846077 3.430778 4.626925 23.862423 -5.941046 14.555466 5.131608 -7.854087 6.560807 4.540799 6.649259 -4.824305 -2.952667 -5.797830 -6.461084 3.387221 -3.507922 -0.305645 16.951391 10.770082 -17.470133 10.306252 2.570502 9.644032 9.708491 -5.630058 -21.520052 3.950403
-0.742455 2.270753 -14.002956 1.494443 7.187881 25.221352 -6.698445 13.005849 6.930249 -8.752191 7.906336 4.884449 5.262824 -3.914462 -3.660128 -5.712110 -5.709569 1.160296 -4.585661 1.898897 14.738616 8.653719 -15.095805 9.852595 2.658788 7.476602 4.153769 -4.069562 -24.790491 2.925645
-2.341844 -0.233950 -13.208360 -1.493166 9.766590 24.531637 -7.761710 12.576073 7.557175 -8.810246 8.680701 4.566537 4.337644 -3.006756 -3.461825 -5.788017 -5.452374 0.577056 -5.142901 2.342643 11.844973 5.998710 -13.528357 10.301558 1.998288 6.040465 2.859121 -3.710670 -26.017267 1.246095
-1.633896 0.315193 -15.371431 -1.172628 8.533925 23.235491 -9.154922 12.550997 8.556799 -9.093633 8.192208 4.266776 4.421455 -3.002278 -3.072417 -6.169072 -6.051913 0.880675 -4.925152 1.331439 12.239058 7.119084 -13.507136 8.612748 2.252054 6.641901 4.590226 -5.432562 -25.189945 1.048209
1.438644 1.603069 -20.172365 -2.547831 6.733599 18.608103 -11.722186 13.031287 8.107543 -8.862844 7.027734 3.237676 5.656296 -2.908332 -2.727557 -7.296034 -8.014299 2.494764 -4.282350 -0.626082 13.891372 8.413620 -13.214395 7.460748 3.041339 7.728714 10.630359 -8.808290 -23.058046 -1.010249
-3.808743 -2.414097 -14.531734 -4.021701 11.163801 22.538467 -10.684273 12.223291 10.841994 -8.896206 9.117160 3.968749 3.298798 -2.346632 -2.759064 -6.015897 -5.149465 -0.587641 -4.487978 1.933936 10.109288 4.654322 -10.386281 9.125857 -0.620677 3.314793 -0.081696 -5.641217 -26.182302 -2.427351
-4.164705 -1.966986 -17.599253 -4.847536 13.544451 16.519438 -9.851100 11.543718 10.436840 -8.357757 8.862853 4.469459 3.014657 -1.594046 -3.185601 -6.480924 -6.833022 0.235836 -4.986096 0.957977 8.102248 5.768881 -10.262958 7.497159 1.651426 5.466060 3.619674 -7.372602 -26.763779 -3.882396
-4.768186 -1.015987 -19.073725 -5.529393 13.897963 13.317740 -10.764153 11.256017 10.966718 -7.514284 8.534460 3.668114 3.242193 -0.614150 -2.293914 -6.520243 -6.717395 1.029897 -5.409055 -0.168561 6.141009 4.326746 -8.886083 7.922078 2.618009 4.912537 4.321362 -10.966865 -25.264879 -4.435063
-4.524509 2.240603 -21.427813 -4.874733 13.694172 9.550960 -11.734596 10.753875 11.995008 -6.179044 8.760087 2.741304 4.124901 0.232600 -1.200612 -5.617792 -6.993131 2.443199 -6.874201 -1.861179 2.938681 4.412871 -5.851229 6.033424 2.769800 5.618745 6.790080 -14.432946 -23.956181 -2.459437
-3.627692 4.504473 -22.481253 -6.044138 13.392391 7.491010 -12.164689 10.589420 11.703454 -4.940915 8.898684 2.404078 4.540069 -0.000417 -0.911884 -4.916469 -7.254716 3.292964 -7.462776 -2.409609 1.988374 4.617918 -5.525479 4.954188 3.444341 7.044285 9.059758 -15.923444 -23.278315 -1.804099
-3.287576 5.007479 -22.976461 -6.117211 13.110365 7.034545 -12.241557 10.466647 11.521091 -4.787998 8.703982 2.082831 4.765517 -0.092356 -0.632123 -4.857622 -7.504792 3.731811 -7.558527 -2.690483 1.648526 4.682925 -5.360375 4.744450 3.580818 7.348136 10.126162 -16.757029 -23.088163 -1.832438
-1.919918 6.139273 -24.540693 -6.622078 12.412695 5.248940 -12.711413 10.407601 10.528018 -4.492625 8.387168 1.778694 4.800996 -0.204414 -0.208101 -4.736713 -7.983431 4.615458 -7.516875 -3.375771 1.482972 4.755784 -5.053932 4.463632 3.829792 8.192816 12.632258 -17.900888 -21.862741 -1.888019
-1.849758 6.253597 -24.778616 -6.657123 12.357834 5.225602 -12.572936 10.309412 10.544489 -4.308601 8.419765 1.668608 4.829019 -0.206486 -0.158394 -4.726590 -8.089064 4.679534 -7.487481 -3.459035 1.576618 4.883158 -4.830469 4.745185 3.857484 8.294083 12.918935 -17.961893 -21.695585 -1.935165
-1.197698 7.396523 -26.194893 -6.872454 11.704097 3.790843 -12.602741 10.083375 9.692430 -3.976947 8.092331 1.458646 5.055462 -0.104541 0.178554 -4.764361 -8.617735 5.178233 -7.557482 -3.965727 2.560704 4.692129 -4.548880 2.845946 5.892473 9.113796 14.586040 -19.904711 -21.363630 -1.699226
-0.842489 7.722535 -26.581493 -7.112068 11.259109 3.307358 -12.806312 10.123586 9.320777 -3.826873 7.958978 1.302074 5.055689 -0.309323 0.334940 -4.649253 -8.949022 5.543304 -7.399398 -4.085766 3.564429 4.597523 -4.535807 1.743022 7.384493 9.719723 15.617306 -21.005819 -21.369274 -1.450425
-0.648431 7.933070 -26.643681 -7.371017 11.195961 3.048489 -12.827632 10.112220 9.249179 -3.889198 7.836802 1.077831 5.144899 -0.302660 0.405353 -4.682944 -9.124823 5.772978 -7.538759 -4.097821 3.899506 4.694323 -4.404405 1.807631 7.643409 9.781343 15.716206 -21.210907 -21.282711 -1.456777
-0.654414 8.048351 -26.889004 -7.301334 11.092570 2.799170 -12.983520 9.998766 9.156016 -4.049736 7.889095 1.136979 5.190355 -0.274643 0.495282 -4.569534 -9.119217 5.789105 -7.590744 -4.135982 4.810360 4.565450 -4.307261 0.998116 8.724197 10.381020 16.395117 -21.951374 -21.013849 -1.386384
-0.516515 8.108088 -27.109537 -7.257030 11.062213 2.714409 -13.005527 10.031565 9.094442 -4.007215 7.931838 1.193514 5.259180 -0.227680 0.473429 -4.576269 -9.132355 5.814199 -7.613648 -4.184892 4.946782 4.556511 -4.265083 0.951205 8.992005 10.507695 16.406813 -22.245932 -21.024551 -1.402406
-7.134472 10.933535 -24.161177 -12.581028 17.247290 2.797122 1.086590 2.312283 2.145160 -3.594907 8.093057 0.899901 3.156671 1.140159 2.709326 -4.262361 -9.814873 11.373990 -6.024475 0.531856 4.618495 -10.744909 -3.652359 3.623621 10.112253 8.038131 19.204174 -14.940038 -21.553194 0.763588
-12.564235 8.460232 -17.943808 -13.172168 19.830061 9.081320 4.348575 0.898899 3.412107 -3.773543 8.418119 0.628626 -0.014809 0.481689 4.411419 -3.311102 -6.897777 8.943333 -5.235346 3.106247 0.651916 -17.986898 -0.522917 9.940722 6.165204 3.076063 13.110063 -11.208488 -21.328989 5.178981
-13.457288 7.059120 -17.235209 -13.906083 19.732340 9.790958 4.140840 1.311969 5.326484 -3.498246 8.949377 2.109415 -1.192436 0.203779 4.057272 -2.835777 -6.174483 7.955163 -5.067162 3.955997 -1.291618 -16.319397 0.062255 9.862534 3.388532 3.531557 11.174886 -10.429191 -21.982847 4.028358
-13.950864 6.543638 -17.141968 -14.204085 19.662340 10.321101 3.624991 1.327307 5.692789 -3.473764 9.047830 2.574047 -1.355574 0.320939 3.942303 -2.708386 -6.062337 7.633548 -5.218922 3.907546 -1.445014 -15.933330 -0.242078 9.992627 3.220792 3.301212 10.952188 -10.055418 -22.357637 3.836607
-15.065890 5.741104 -16.652708 -14.537189 20.015463 11.563222 3.403987 0.975966 6.794934 -3.571111 9.263494 2.550774 -1.741548 0.395574 4.172954 -2.851962 -5.369560 7.327803 -5.046569 3.393415 -2.555490 -16.562452 -0.674020 9.818053 3.244432 2.273058 10.307702 -10.719533 -22.761877 4.368487
-15.570956 5.606540 -16.516970 -15.225205 19.896551 11.558551 2.663271 0.650071 7.281460 -3.841184 9.438631 2.204092 -1.535992 0.685479 4.174874 -3.258988 -5.146085 6.763051 -4.969145 3.264712 -3.396487 -17.075796 -0.687960 9.779656 3.132724 1.641090 10.039969 -11.146725 -22.688745 4.484897
-16.044048 4.703825 -15.908481 -15.572456 19.870813 12.284690 1.923625 1.022404 7.873956 -3.872276 9.569333 2.189287 -1.554083 0.854476 4.309771 -3.439757 -4.721662 6.446934 -5.009069 3.083291 -3.138790 -17.550680 -1.239171 9.869022 3.011944 0.089915 9.184649 -11.648187 -22.439138 4.738108
-16.832439 4.327601 -15.928033 -15.875307 19.730228 13.065474 1.152946 0.756218 8.686936 -3.364164 9.545836 2.033314 -1.595741 1.056864 4.521567 -3.704975 -4.272119 6.227688 -4.809243 2.686371 -3.676114 -17.818989 -1.678918 10.361638 2.635836 -0.932399 8.560569 -12.115440 -22.395229 4.847209
-17.345427 3.311036 -15.468360 -16.044662 19.520741 13.573070 0.485124 1.076062 9.300145 -3.650447 9.482130 1.947041 -1.644899 1.080667 4.412158 -3.798769 -3.988216 5.529514 -4.819920 2.268614 -4.342765 -18.177198 -2.370849 9.949322 3.014747 -1.902675 7.754903 -12.830297 -22.912184 4.818457
-17.405718 3.180752 -15.265290 -16.184401 19.509382 13.734236 0.126788 1.269571 9.741792 -3.569060 9.595803 1.862682 -1.673811 1.157333 4.453181 -3.886159 -3.725535 5.430358 -4.733677 2.171284 -4.617187 -18.257990 -2.604986 10.160024 2.637278 -2.737583 7.663544 -13.367923 -22.757109 5.008381
-17.988770 2.545052 -14.959588 -16.333502 19.483725 14.355968 -0.601231 1.308950 10.244596 -3.155387 9.691678 1.594354 -1.631675 1.346262 4.564906 -4.037005 -3.445163 5.139498 -4.840435 2.070682 -5.142286 -18.394976 -3.146699 10.530532 2.860174 -3.128834 7.033820 -13.617921 -22.557367 5.329609
-18.121025 2.000560 -14.651800 -16.619654 19.498243 14.472066 -1.015620 1.423114 10.762179 -3.731251 9.885461 1.518293 -1.580573 1.356824 4.540496 -3.988623 -3.297571 4.969913 -4.867914 2.044245 -5.228990 -18.257666 -3.542934 10.729835 2.821787 -3.277129 6.851381 -13.459841 -22.676275 5.229087
-18.311321 1.940262 -14.371774 -16.471790 19.224354 14.817215 -1.135487 1.507904 11.018407 -3.556489 9.825370 1.605429 -1.675150 1.413736 4.534062 -4.146727 -3.133064 4.758015 -4.760767 1.921832 -5.652068 -18.402838 -3.845936 10.612124 2.412685 -3.803734 6.604493 -13.439908 -22.796339 5.268232
-18.472458 1.620558 -14.211873 -16.571211 19.158728 15.067744 -1.540769 1.561539 11.144246 -3.702804 9.920020 1.664528 -1.668241 1.334218 4.392523 -4.179110 -2.998901 4.584822 -4.664063 1.913592 -6.094709 -18.349867 -4.180427 10.708034 2.422849 -3.920974 6.404600 -13.486411 -22.917250 5.333357
-18.443764 1.602051 -14.204055 -16.651724 19.125288 15.126871 -1.632079 1.615524 11.230484 -3.701518 9.932326 1.670467 -1.660071 1.378797 4.396089 -4.195039 -2.994103 4.516022 -4.671901 1.880954 -6.138888 -18.354628 -4.166389 10.727729 2.341160 -3.983455 6.435224 -13.528899 -22.826986 5.287130
-18.385353 1.817770 -14.447833 -16.543005 19.044012 15.035123 -1.246406 1.567501 10.960858 -3.538254 9.830367 1.513031 -1.645222 1.363272 4.518434 -4.136115 -3.134614 4.670700 -4.774708 1.953464 -5.678020 -18.455206 -4.048468 10.672585 2.473605 -3.981186 6.597872 -13.599467 -22.904325 5.425169
-18.397625 1.771642 -14.425838 -16.504515 19.029139 15.027869 -1.245354 1.569235 10.999759 -3.586054 9.816971 1.509420 -1.618037 1.360446 4.507842 -4.147771 -3.124466 4.680621 -4.768604 1.954862 -5.648127 -18.406313 -4.006232 10.675657 2.461621 -3.971264 6.615579 -13.569987 -22.897219 5.419560
-18.416660 1.799129 -14.384844 -16.502571 19.085890 15.034768 -1.172232 1.524233 10.962533 -3.525908 9.813674 1.571732 -1.654974 1.356317 4.517497 -4.155549 -3.147806 4.725656 -4.725432 1.969708 -5.549373 -18.440344 -3.904326 10.585496 2.494880 -3.899211 6.579225 -13.402903 -22.950571 5.356196
-18.455118 1.830060 -14.404018 -16.551044 19.122114 14.945340 -1.176226 1.494691 10.959797 -3.539404 9.793469 1.620733 -1.679961 1.357037 4.521719 -4.174787 -3.129185 4.723170 -4.711045 1.965291 -5.546474 -18.422604 -3.858094 10.557240 2.530895 -3.873999 6.604379 -13.497369 -22.932175 5.318618
