-4.544714 24.008751 -18.007692 9.771346 -3.704953 0.945446 8.479852 11.121213 16.676441 4.800638 2.250369 3.312067 4.478957 -9.055120 -3.798298 -5.654940 -3.934963 8.736088 -2.771684 -7.157575 4.360497 6.306480 7.497969 1.452483 2.564924 23.740541 -0.536739 -24.490740 -4.261212 20.077158
-5.022652 23.980413 -18.203939 9.792295 -4.122756 0.433395 9.183864 11.017285 17.371717 4.740946 2.302137 3.334984 4.494353 -9.046480 -3.896319 -5.668263 -3.959578 8.757122 -2.793808 -7.114349 4.715100 6.312452 7.499472 1.050894 3.069103 23.946762 -0.425039 -24.789412 -4.299399 20.209244
-9.903038 10.769379 -10.713943 13.532711 1.102229 -3.986435 20.675737 18.477270 13.746009 4.614849 3.416133 3.632807 2.008908 -12.148094 -10.588797 -6.565236 -1.790464 3.938881 0.418862 -1.327368 7.663958 1.647567 3.382871 -6.932362 2.342498 27.583513 -15.597671 -17.763849 -4.363710 5.646078
-7.646972 12.852927 -13.143253 14.573186 0.421436 -6.999302 18.306276 17.837809 13.025732 4.805578 2.571141 3.491545 2.122192 -12.126764 -9.756474 -6.974999 -2.758029 4.201384 0.434286 -1.555588 8.183812 3.876027 5.222420 -6.710071 2.225484 28.499838 -12.995645 -16.753847 -4.410511 6.594447
-7.363074 13.439367 -12.765347 16.156282 0.899276 -7.642439 17.614738 17.096281 14.182011 5.168947 2.140975 3.614438 2.233642 -12.366791 -9.274206 -6.850639 -3.069582 4.562285 0.581111 -1.417262 7.988216 4.331449 5.841525 -8.414342 2.666995 29.699722 -10.659060 -15.466351 -4.387610 8.219162
-6.758467 14.472781 -12.281166 16.563126 0.332625 -8.161732 16.327793 16.844398 14.729590 5.966387 1.556963 3.412822 2.340608 -12.486576 -8.867061 -6.924042 -2.916427 4.699571 0.490621 -1.223250 8.005154 4.043063 6.104190 -8.701869 2.341395 29.979052 -9.100538 -14.585797 -3.661778 9.532336
-6.352157 14.644697 -11.946773 16.848780 -0.121005 -8.587048 15.758031 17.086964 15.045289 6.418584 1.025746 3.099723 2.285887 -12.555474 -8.547807 -7.105521 -2.499708 5.000382 0.438322 -1.223908 8.746491 3.338048 6.152378 -8.502510 2.337582 29.779774 -7.856304 -14.523339 -2.228320 10.398974
-6.159814 15.937620 -11.150538 15.699207 -1.717284 -9.283696 14.776208 17.588753 14.322747 6.897264 0.528205 2.181901 2.561639 -12.412445 -8.136654 -7.601803 -1.677195 5.075917 0.345406 -0.860672 9.786489 1.955614 6.067775 -7.564074 1.893479 28.976233 -6.753755 -13.814656 -0.094346 11.754991
-5.846619 16.623619 -10.703311 14.241179 -3.345591 -10.296560 13.740105 18.555782 12.973633 6.792306 -0.319901 1.003671 2.858760 -12.383810 -7.820543 -8.559039 -1.064563 4.912380 0.372038 -1.305593 10.397159 -0.262777 6.154561 -6.666893 1.681518 28.255358 -5.665186 -13.703034 1.841942 13.358754
-5.482313 16.737837 -10.041993 13.101839 -4.613354 -10.490436 12.773361 18.947926 12.216456 7.049341 -0.706671 0.252562 3.067428 -12.404710 -7.582634 -8.816283 -0.787733 4.979177 0.410126 -1.306421 10.704263 -1.626851 6.616618 -5.188636 1.274608 27.413668 -4.297131 -13.030849 3.180948 15.034554
-4.903055 17.371595 -10.215211 11.683051 -5.835175 -11.231576 10.904492 19.480043 11.693578 7.554526 -1.053578 -0.687089 3.645594 -12.435025 -6.941398 -8.765905 -0.725942 5.483416 0.451194 -1.566131 10.659553 -2.896600 6.984511 -4.013787 0.605363 26.791197 -2.327248 -12.590129 4.447398 15.966470
-4.027108 17.029760 -10.714169 11.548910 -6.932098 -11.953753 9.395900 19.900814 11.415580 7.175529 -1.526838 -0.940221 3.846694 -12.724363 -6.496420 -8.649646 -0.852315 5.858741 0.747493 -1.244149 10.854411 -2.514963 8.115843 -2.723634 -0.658280 26.829874 -0.215831 -11.360940 5.254250 15.468689
-2.709641 16.409060 -12.590064 13.136625 -8.207169 -13.699639 7.732361 19.659784 11.162688 5.796813 -2.497957 -0.716798 5.052664 -12.868185 -5.364985 -8.018013 -1.145577 6.070716 0.370605 -0.152873 11.511991 -1.278120 9.247460 -1.832637 -1.780101 26.852217 2.272958 -9.332810 5.640885 15.491462
-1.381128 16.525221 -12.767243 13.568859 -9.321332 -14.047256 6.444178 20.306700 11.353919 5.871485 -2.718838 -0.959779 6.115102 -12.976783 -4.592173 -7.421073 -1.096258 6.783555 0.252123 0.544111 11.545720 0.257536 10.124410 -0.697999 -2.673330 26.685089 3.718822 -8.316640 5.795766 16.424639
-1.495107 16.752897 -12.755136 13.664539 -9.294671 -14.008885 6.471063 20.137676 11.482147 5.856704 -2.746505 -0.943733 6.027021 -13.003104 -4.594755 -7.476618 -1.119099 6.770606 0.318045 0.554814 11.588234 0.131639 10.135509 -0.743668 -2.584352 26.698416 3.905061 -8.221658 5.865926 16.699120
-1.339604 16.531870 -12.658550 13.693862 -9.393519 -14.092011 6.252528 20.249903 11.279335 5.867546 -2.727892 -1.017940 6.202846 -13.006669 -4.596436 -7.413528 -1.096352 6.772670 0.287247 0.603139 11.729538 0.083002 10.192718 -0.623840 -2.726190 26.645956 3.970275 -7.943533 5.956214 16.536594
-1.422399 16.610683 -12.721792 13.625650 -9.361743 -14.018901 6.432779 20.228746 11.401207 5.823581 -2.710069 -0.958335 6.154505 -12.973215 -4.570418 -7.382109 -1.088681 6.808037 0.235303 0.586295 11.507932 0.286080 10.139804 -0.680230 -2.717851 26.694973 3.775440 -8.169990 5.795199 16.471680
-1.331513 16.564575 -12.703143 13.718932 -9.369874 -14.218126 6.219795 20.253908 11.199615 5.898097 -2.775830 -1.022236 6.220838 -13.019378 -4.559197 -7.408136 -1.102244 6.820063 0.300742 0.626419 11.853099 0.115780 10.302588 -0.591900 -2.731305 26.672018 4.061678 -7.815556 5.990582 16.603626
-1.417959 16.563749 -12.669408 13.636253 -9.344707 -14.059583 6.336706 20.168499 11.278468 5.846317 -2.700234 -0.978670 6.171681 -13.006439 -4.629280 -7.372306 -1.084186 6.755990 0.264547 0.616021 11.679141 0.088670 10.203979 -0.565851 -2.729854 26.611280 3.897758 -8.153690 5.956902 16.451757
-1.447473 16.705784 -12.760357 13.675407 -9.322767 -13.990380 6.569684 20.161896 11.515692 5.832747 -2.618501 -1.241600 5.846177 -13.098378 -4.326517 -7.102485 -1.182670 6.739766 0.132771 0.599450 11.593142 0.170763 10.279761 -0.767468 -2.569103 26.697762 3.857107 -8.243426 5.763992 16.667694
-1.362541 16.558226 -12.656861 13.648515 -9.387852 -14.148361 6.371487 20.285685 11.255869 5.909590 -2.642201 -1.282784 5.966682 -13.150513 -4.335682 -7.067654 -1.186414 6.720331 0.163244 0.708581 11.813286 0.052260 10.333271 -0.617668 -2.671932 26.630753 3.896772 -7.979951 5.967142 16.560951
-1.480461 16.654474 -12.734470 13.669940 -9.331096 -14.048884 6.559976 20.173269 11.463783 5.871293 -2.631580 -1.208353 5.870398 -13.130486 -4.339888 -7.079065 -1.180595 6.711397 0.134700 0.678324 11.495964 0.165737 10.249793 -0.699056 -2.684028 26.654608 3.750582 -8.179682 5.819635 16.583992
-6.147983 17.233755 -4.138566 11.685150 -10.885339 -1.308787 1.078886 17.805513 17.465265 4.141645 0.155262 1.721229 3.666738 -10.659901 -4.845003 -3.750209 2.518688 8.134019 -3.934667 0.884613 8.703166 -1.059481 5.311917 7.687000 -4.664786 19.057392 -2.581352 -5.998106 2.764585 28.172678
-14.140754 22.659792 3.093647 7.559208 -6.698903 4.047209 0.446147 13.242185 15.963235 4.567875 -0.133689 1.806723 -0.339303 -8.984428 -4.834424 -5.740522 4.370881 8.351879 -5.303015 -2.343627 0.947341 -10.022327 1.126849 9.044106 -5.625525 13.718946 -6.815523 -8.577419 -0.659851 30.609875
-15.255242 23.492601 4.194503 6.841602 -5.657382 4.645564 -0.594873 12.954924 15.368295 4.685968 -0.048509 2.137692 -1.024217 -8.684114 -4.525989 -5.743076 4.513307 8.673066 -5.572824 -2.276864 0.591207 -9.607918 -3.328333 9.006547 -7.614599 13.550840 -2.978151 -4.774330 1.131334 31.501844
-15.386539 23.646799 4.429309 6.646145 -5.694824 5.030648 -0.526717 12.983142 15.452662 4.744086 -0.102325 2.268848 -0.944513 -8.613585 -4.563548 -5.825693 4.590880 8.700057 -5.516136 -2.197981 -0.901166 -7.374987 -4.906673 8.220280 -8.480440 14.649707 -2.712370 -4.584624 0.603255 29.970718
-15.558747 23.635889 4.268537 6.791098 -5.321331 4.747211 -0.504828 12.580460 15.400243 4.632240 -0.102094 2.306487 -1.041114 -8.575205 -4.586225 -5.896885 4.543191 8.657804 -5.496874 -2.239075 -0.921220 -7.356605 -4.834938 8.188195 -8.327127 14.673596 -2.790784 -4.785853 0.466204 29.876932
-15.555657 23.540997 4.180903 6.747995 -5.306394 4.695338 -0.504657 12.631002 15.522014 4.681301 -0.132774 2.328253 -1.015567 -8.557634 -4.616392 -5.979132 4.531629 8.636436 -5.446679 -2.229393 -1.027364 -7.367760 -5.040231 8.092567 -8.399577 14.761973 -2.737032 -4.756023 0.462564 29.811161
-15.248027 23.513775 4.243812 6.644145 -5.797457 4.697472 -0.661158 13.000174 15.325246 4.636690 -0.098846 2.266117 -0.882855 -8.617990 -4.588962 -5.840140 4.578272 8.656000 -5.503037 -2.185133 -0.930788 -7.381736 -4.830198 8.053229 -8.377653 14.739904 -2.706596 -4.621168 0.628028 29.872135
-15.162171 23.429455 4.239238 6.781574 -5.970567 4.803215 -0.718429 13.106393 15.355866 4.514223 -0.077614 2.277571 -0.897678 -8.654041 -4.570548 -5.771874 4.575274 8.679483 -5.509349 -2.156646 -0.837641 -7.405806 -4.514030 8.043329 -8.416168 14.721119 -2.692897 -4.602144 0.688800 29.991264
-15.086347 23.466707 4.329355 6.815605 -6.435309 4.823638 -0.842430 13.228216 15.219877 4.383688 -0.124469 2.252836 -0.777322 -8.674139 -4.590400 -5.782765 4.581200 8.655870 -5.491282 -2.149889 -0.685314 -7.409877 -4.803886 8.107327 -8.407268 14.693186 -2.499298 -4.697105 0.810833 30.077347
-15.097439 23.461521 4.229837 6.738361 -5.992695 4.816677 -0.754449 13.143697 15.303155 4.553590 -0.117042 2.326591 -0.898516 -8.633775 -4.606059 -5.859029 4.560284 8.686123 -5.450712 -2.155559 -0.881755 -7.247433 -4.885144 8.069504 -8.491488 14.741293 -2.517725 -4.655241 0.656933 29.843346
-15.622158 23.706474 4.352123 6.760736 -5.021028 4.879888 -0.143837 12.388120 15.279546 4.722077 -0.051943 2.376402 -1.240740 -8.549840 -4.616507 -5.815245 4.598939 8.667258 -5.563980 -2.254516 -1.200741 -7.511003 -4.995681 8.012222 -8.319710 14.787378 -2.923579 -4.714620 0.455980 29.981134
-15.365390 23.607773 4.390657 6.637650 -5.741328 4.935822 -0.479124 12.998582 15.499829 4.805482 -0.089884 2.271366 -0.988757 -8.623381 -4.594721 -5.821065 4.593318 8.669743 -5.513645 -2.185044 -1.006811 -7.490651 -4.596822 8.108003 -8.427248 14.669641 -2.750692 -4.525733 0.550747 30.047508
-15.234557 23.440342 4.315354 6.786478 -6.048286 4.812418 -0.796822 13.115016 15.289720 4.379559 -0.102265 2.251402 -0.850593 -8.680706 -4.539618 -5.749452 4.572126 8.707284 -5.536436 -2.169170 -0.777411 -7.420722 -4.875120 8.064469 -8.343656 14.692157 -2.560423 -4.639977 0.685580 30.066208
-15.155922 23.288410 4.297487 6.886961 -6.379959 4.984005 -0.883775 13.213307 15.241091 4.134552 -0.107564 2.343757 -0.752112 -8.688273 -4.621856 -5.809331 4.531431 8.636879 -5.449871 -2.113780 -0.642613 -7.370128 -4.883578 8.176650 -8.382762 14.700834 -2.545487 -4.697110 0.769496 30.002693
-15.817758 23.852047 4.324464 6.579566 -4.717192 4.712173 -0.223534 12.174744 15.191119 4.817496 -0.072257 2.390136 -1.302939 -8.558671 -4.611784 -5.844931 4.562429 8.718189 -5.504330 -2.235079 -1.517863 -7.521259 -5.151509 8.073817 -8.314486 14.732983 -3.080681 -4.997266 0.391267 29.931892
-15.629295 23.731045 4.457061 6.707791 -5.422670 4.814473 -0.477013 12.658946 15.350457 4.627877 -0.082900 2.357076 -1.069824 -8.597637 -4.584260 -5.768734 4.638945 8.680531 -5.568174 -2.132962 -1.136292 -7.522021 -4.775445 8.086478 -8.395821 14.634020 -3.084576 -4.730661 0.439304 29.939793
-15.146064 23.439936 4.243201 6.704633 -5.866893 4.807899 -0.737168 13.115157 15.262614 4.520057 -0.086042 2.289326 -0.869616 -8.651138 -4.592287 -5.786406 4.566698 8.631476 -5.511475 -2.114042 -0.793626 -7.305223 -5.038841 7.948905 -8.418017 14.745861 -2.567191 -4.604541 0.651592 29.915586
-15.179831 23.463882 4.343048 6.819504 -6.325403 4.758731 -0.805791 13.200587 15.286504 4.367440 -0.078595 2.302357 -0.816496 -8.689360 -4.615074 -5.745474 4.561181 8.633914 -5.518961 -2.128907 -0.635298 -7.493758 -4.539309 8.096409 -8.405639 14.658615 -2.715648 -4.670182 0.824590 30.109600
