-0.650018 29.194489 -13.402204 19.640125 3.838261 3.588212 -8.854510 3.935568 -10.452194 -11.596603 2.379021 2.962727 4.064275 -9.190578 -3.390650 -5.193950 -4.105843 8.656798 -2.993373 -7.065359 6.349281 13.488539 -17.967670 2.224766 0.593268 22.470819 9.491175 -21.794590 -3.709052 12.181675
-0.632064 29.205948 -13.414676 19.689966 3.864619 3.617949 -8.825162 3.925817 -10.476115 -11.663260 2.404156 2.932050 4.051477 -9.199303 -3.486955 -5.206766 -4.171096 8.674228 -3.072122 -6.956507 6.330707 13.516264 -17.964426 2.189741 0.595811 22.503189 9.429768 -21.808399 -3.712186 12.150556
-0.379040 29.320328 -17.322144 13.395712 7.264105 -0.102477 -6.160511 -0.618387 -13.785295 -11.828300 3.171334 3.864133 1.186105 -5.461306 -2.142348 -7.134468 -7.870306 10.080925 -2.580158 -8.034647 -0.330740 9.226971 -16.764866 -0.608245 4.695868 23.205194 16.596331 -22.648621 -8.174406 7.873160
-0.511856 28.731571 -16.258696 13.809549 6.049328 1.608312 -5.112754 -1.324852 -14.264146 -12.018963 3.394156 4.291924 1.634899 -5.379176 -2.427710 -6.673798 -7.619021 9.832357 -2.988611 -7.730093 0.377389 9.554722 -17.323515 -0.537873 4.869001 22.164385 15.973480 -21.927485 -8.420411 8.936085
-0.417519 29.667381 -15.237493 12.628985 5.329714 3.065607 -4.927081 -1.914544 -14.236138 -12.685303 3.840641 4.835664 1.293219 -5.311250 -3.041092 -6.628640 -7.584120 9.113060 -3.401720 -8.042629 0.470264 8.914595 -17.796629 -0.438057 4.967017 20.686808 16.589378 -21.894487 -9.491570 9.807584
-0.516373 29.841499 -14.935094 11.764782 4.090665 3.550123 -6.371526 -1.190519 -14.125925 -12.714836 4.027872 5.040679 0.979376 -5.688788 -3.463326 -6.770085 -7.401742 8.617954 -3.417571 -8.067704 1.879991 9.494283 -17.920427 0.074273 4.566807 19.273134 16.658445 -21.307268 -10.676903 11.319153
-0.613725 30.155823 -14.883307 10.941255 3.641707 3.387279 -7.173256 -0.930088 -14.270658 -12.553041 4.045639 5.062567 0.655998 -5.860691 -3.686060 -7.050603 -7.311123 8.368514 -3.323452 -8.191631 1.766043 9.681723 -17.806345 -0.314857 4.283887 19.035643 17.090784 -21.048559 -11.050285 11.843688
-0.117024 30.586184 -14.831798 10.683651 1.998493 4.326986 -7.098448 -0.653808 -14.731529 -12.494038 3.864044 4.458934 0.677869 -6.051255 -3.852821 -7.603846 -6.964691 7.796565 -3.180145 -8.666819 2.640058 10.592442 -17.431795 -0.974435 3.544566 19.577181 16.926334 -20.483170 -10.872622 11.432584
0.601425 30.554533 -15.186046 10.130531 0.591188 4.998725 -6.621498 -0.996878 -14.813088 -12.705593 3.642527 3.459867 1.413521 -6.116998 -3.594944 -7.769172 -6.514897 7.243292 -3.212521 -9.145653 3.651120 11.341164 -16.608271 -2.740517 2.288606 20.223303 16.896944 -19.663645 -10.157986 10.006102
0.325182 29.896807 -15.312890 9.675810 -0.110402 6.224662 -6.049335 -1.515300 -15.116960 -13.085087 3.856650 2.992270 2.438231 -5.792589 -3.320678 -7.729060 -6.103324 6.062950 -3.417232 -9.362125 4.156626 11.921925 -16.372824 -3.110704 2.203243 20.361248 16.614563 -19.608358 -10.034429 8.201956
0.450556 29.284115 -15.139367 9.415981 -1.048230 7.985736 -5.822278 -1.857196 -15.247975 -13.584085 4.104292 3.175205 2.766769 -5.549846 -2.875463 -7.520488 -6.074766 5.986261 -3.384830 -9.315439 4.538400 11.624310 -15.889433 -3.444131 2.499847 19.943136 17.048809 -19.351194 -10.902641 6.600486
0.239077 30.345463 -14.580592 8.930504 -1.281402 9.106478 -4.783944 -2.067176 -16.362467 -13.572090 4.533618 3.735169 3.350901 -5.101570 -2.201654 -7.020432 -5.889363 5.573867 -3.345541 -9.352661 4.703326 12.579067 -15.781549 -3.632619 2.461049 19.747942 16.718653 -18.916380 -11.666915 6.048433
-0.296787 31.025272 -13.964142 7.862049 -1.141922 8.906953 -4.470222 -2.163648 -17.025438 -13.535288 4.520065 4.718075 3.085239 -5.145299 -1.569784 -6.400035 -5.951010 6.215156 -2.728250 -9.091152 5.197854 14.009720 -16.060635 -3.938897 2.000801 18.676392 16.020439 -18.477556 -12.583072 6.425613
-0.784643 31.459852 -14.042026 6.675385 -1.028706 8.526946 -4.338579 -2.650684 -17.637939 -13.480855 4.680515 5.058084 3.242120 -5.028706 -0.854186 -6.077777 -5.854533 6.150556 -2.386569 -9.349151 5.239398 15.054338 -15.819978 -5.216123 0.812846 17.822449 15.860978 -18.535730 -12.836472 7.023639
-0.790246 31.436499 -13.844490 6.356897 -1.252266 8.567025 -4.488812 -2.566512 -17.771194 -13.559206 4.640905 4.937323 3.303625 -4.996027 -0.682783 -6.122594 -5.665939 6.059649 -2.285662 -9.543444 5.111016 15.509996 -15.854489 -5.562883 0.749518 17.649347 15.750525 -18.260956 -13.424093 6.980634
-0.816891 31.427120 -13.874558 6.340225 -1.269472 8.557156 -4.495499 -2.575651 -17.811344 -13.513823 4.639466 4.918441 3.271494 -4.994336 -0.685813 -6.140973 -5.646056 6.050895 -2.291703 -9.617865 5.052797 15.237775 -15.810036 -5.462601 0.798556 17.714197 15.830976 -18.401182 -13.281203 6.975088
-0.813570 31.412737 -13.814720 6.325535 -1.204242 8.527410 -4.500237 -2.545811 -17.810112 -13.562812 4.633001 4.938370 3.280795 -4.999524 -0.664165 -6.124889 -5.644258 6.054032 -2.271849 -9.610135 5.043567 15.322367 -15.852201 -5.533503 0.747867 17.656610 15.798375 -18.369135 -13.344802 6.980243
-0.792453 31.441031 -13.901168 6.367024 -1.187749 8.571658 -4.479476 -2.617917 -17.772400 -13.545411 4.640323 4.923102 3.307534 -5.003170 -0.648127 -6.109577 -5.648932 6.021971 -2.269345 -9.632156 5.205181 15.078705 -15.805073 -5.522294 0.713576 17.574278 15.959832 -18.429411 -13.169775 7.009240
-0.788503 31.343002 -13.825862 6.387650 -1.165348 8.562373 -4.508385 -2.508956 -17.725946 -13.628103 4.624086 4.941175 3.273552 -4.992838 -0.633417 -6.123728 -5.632602 6.060641 -2.247798 -9.654980 5.128947 15.133791 -15.817549 -5.576101 0.673492 17.570826 15.934395 -18.453465 -13.168052 7.045893
-0.779532 31.421856 -13.859137 6.277420 -1.246221 8.507915 -4.558938 -2.563175 -17.779444 -13.551446 4.717485 4.766531 3.175053 -5.076969 -0.439809 -5.897996 -5.661508 6.004564 -2.320555 -9.594421 5.280857 15.018810 -16.243204 -5.425493 0.734294 17.481464 16.122654 -18.514750 -13.079771 6.860266
-0.820487 31.380346 -13.772214 6.285757 -1.184442 8.546648 -4.482984 -2.553678 -17.797501 -13.615623 4.705960 4.796487 3.101019 -5.067294 -0.499754 -5.931211 -5.673990 6.046838 -2.341034 -9.559156 5.157027 15.440416 -16.217974 -5.536764 0.651899 17.595486 15.890519 -18.347372 -13.329917 6.795811
-0.797354 31.408876 -13.859664 6.259386 -1.240257 8.487641 -4.587227 -2.546247 -17.778078 -13.556137 4.718653 4.784265 3.167720 -5.068979 -0.427290 -5.888937 -5.666152 6.015980 -2.311360 -9.597340 5.287429 15.030000 -16.243971 -5.434672 0.714463 17.474161 16.126753 -18.518694 -13.064454 6.865475
-1.619570 29.585394 -12.628774 4.025964 -3.686027 8.284194 -8.438211 0.095772 -17.173454 -14.643760 4.096292 2.601840 4.944549 -4.768864 0.278723 -7.290364 -4.783803 4.954108 -1.655167 -9.847272 8.112309 15.099368 -15.510737 -4.511213 0.600156 17.363831 14.524076 -18.091448 -12.771094 4.873241
-1.292706 25.029688 -11.674307 -0.199934 -7.852354 9.325753 -15.862258 4.308012 -14.422993 -18.256535 4.114540 -0.310582 9.043018 -3.905163 0.596957 -8.072131 -3.969142 2.844060 -2.533679 -9.177841 12.538565 15.772556 -14.680051 -2.824700 0.431960 14.974636 11.066367 -17.720423 -14.185553 2.926680
-0.286234 19.551270 -13.154464 -1.370743 -7.340753 10.635521 -18.556093 6.047926 -12.909814 -21.379377 5.506922 -0.032412 11.430909 -2.117948 0.982619 -7.330511 -2.948224 1.683727 -3.852313 -7.643397 14.091186 16.036163 -12.311623 -2.294600 0.640126 11.720222 9.154153 -19.368536 -16.066244 -0.673265
-0.589672 18.250288 -13.282384 -0.858043 -6.048883 10.746182 -17.078974 6.297055 -12.503396 -22.547838 5.944414 -0.171820 11.525358 -2.495212 2.645084 -5.686149 -2.521102 3.076453 -4.196133 -6.857311 14.369507 15.800768 -11.751515 -2.762353 0.581886 11.314945 9.431250 -19.317078 -16.931509 -1.594248
-0.624922 17.786139 -13.899586 -0.434581 -4.830866 10.601964 -16.434252 6.150663 -12.331695 -22.953638 6.144297 0.274944 11.314078 -2.140131 2.736626 -5.520628 -2.732982 3.304757 -4.252359 -6.787642 13.028663 15.473774 -11.673841 -3.580291 1.018334 11.365204 10.305815 -19.736877 -17.537981 -2.656689
-0.656696 17.718033 -13.815595 -0.640244 -4.981902 10.519151 -16.541464 6.217632 -12.242328 -23.028090 6.079922 -0.020515 11.302599 -2.410320 2.914035 -5.467386 -2.681451 3.349951 -4.225646 -6.678004 13.457795 15.522274 -11.549969 -3.565139 0.842802 11.389984 10.358599 -19.675241 -17.395308 -2.584417
-0.717639 17.858147 -13.897785 -0.587829 -4.986645 10.480762 -16.450584 6.194805 -12.349678 -22.919670 6.072441 0.076626 11.397164 -2.304436 2.705626 -5.534422 -2.610799 3.231097 -4.268011 -6.729656 13.499810 15.492859 -11.665277 -3.439724 0.912026 11.492002 10.273507 -19.782228 -17.335516 -2.877557
-0.718586 17.857582 -13.844231 -0.855039 -5.192233 10.489368 -16.562386 6.226732 -12.442330 -22.948231 6.071875 -0.004210 11.466405 -2.325338 2.705700 -5.573003 -2.601131 3.208424 -4.282870 -6.727423 13.422174 15.747578 -11.704312 -3.435033 0.957728 11.547566 10.092869 -19.771681 -17.473574 -2.857910
-0.725549 17.881845 -13.827613 -0.828337 -5.098473 10.530255 -16.498978 6.177469 -12.409688 -22.994951 6.084080 -0.006318 11.363554 -2.334126 2.812811 -5.528881 -2.606531 3.259051 -4.246283 -6.751862 13.124969 15.599054 -11.751966 -3.528240 0.896673 11.591152 10.243535 -19.918116 -17.284185 -2.602001
-0.747849 17.809177 -13.877011 -0.783844 -5.253611 10.532628 -16.477728 6.178308 -12.353896 -22.973322 6.091291 -0.083315 11.382161 -2.322295 2.871811 -5.571587 -2.670652 3.258177 -4.255664 -6.732541 13.062100 15.575636 -11.725151 -3.486140 0.911964 11.609613 10.300776 -19.983086 -17.226910 -2.476481
-0.704760 18.012129 -13.951208 -0.867214 -5.178180 10.409891 -16.750267 6.058562 -12.459735 -22.798073 6.026805 -0.032376 11.440158 -2.388939 2.789547 -5.705608 -2.638050 3.222417 -4.149643 -6.700446 13.361004 15.594095 -11.667201 -3.500729 0.939850 11.496961 10.349374 -19.751394 -17.373953 -2.654699
-0.570759 17.973557 -13.866978 -0.777783 -5.367659 10.507924 -16.795288 6.186334 -12.259291 -22.875269 5.997428 -0.047949 11.299713 -2.483076 2.756036 -5.798693 -2.749331 3.211321 -4.030759 -6.621895 12.966054 15.351346 -11.655087 -3.630794 0.929368 11.639624 10.444898 -20.140614 -17.044832 -2.651182
-0.842242 17.594341 -13.837216 -0.603375 -4.967889 10.571910 -16.585537 6.143418 -11.713521 -23.177259 6.049951 0.294662 11.254680 -2.346069 2.650768 -5.685388 -2.858557 3.230994 -4.071117 -6.514816 13.872685 15.729788 -11.717054 -3.169290 0.838728 10.950872 10.044415 -19.627327 -17.533960 -2.404032
-0.670815 17.713383 -13.930482 -0.429407 -4.920737 10.596558 -16.530956 6.135678 -12.161942 -23.008337 6.019342 0.251064 11.132972 -2.347229 2.758825 -5.767431 -2.897047 3.285903 -3.959231 -6.696581 13.403313 15.660173 -11.734557 -3.418281 0.899279 11.349738 10.389877 -19.872347 -17.274942 -2.615383
-0.713884 17.873425 -13.878987 -0.667635 -5.243700 10.538611 -16.578835 6.156898 -12.280551 -22.941523 5.939281 0.068081 11.212008 -2.440878 2.692434 -5.884609 -2.889071 3.223492 -3.943449 -6.724590 13.261796 15.664152 -11.797788 -3.396604 0.873085 11.671583 10.400672 -19.945007 -17.132273 -2.562544
-0.725455 17.995316 -13.899957 -0.820638 -5.252968 10.450274 -16.765402 6.124406 -12.335684 -22.875559 5.978319 0.032234 11.249902 -2.419070 2.748897 -5.748405 -2.771194 3.244840 -4.043313 -6.732727 13.548718 15.829891 -11.786336 -3.341310 0.874550 11.519611 10.152015 -19.728119 -17.370275 -2.600570
-0.667141 17.917286 -13.869471 -0.790882 -5.367854 10.612380 -16.737778 6.119606 -12.234811 -22.937082 5.949843 -0.012415 11.250684 -2.486486 2.769952 -5.836186 -2.818395 3.252153 -3.974260 -6.658428 13.066426 15.630135 -11.785117 -3.503165 0.865567 11.537461 10.309474 -20.170000 -17.116179 -2.679826
-0.761629 17.561211 -14.089937 -0.308622 -4.810385 10.650334 -16.411175 6.078305 -11.878498 -23.189899 6.013269 0.331468 11.099700 -2.298838 2.742340 -5.776654 -2.921455 3.328739 -3.950522 -6.683022 13.406986 15.895987 -11.743323 -3.431263 0.918670 11.350718 10.273435 -19.839151 -17.603979 -2.866784
