-9.341155 23.491581 -21.163042 14.751265 -8.016118 0.959435 6.725014 7.661628 14.086160 4.744428 -4.360746 1.357593 -1.289479 -9.750871 5.291119 -2.077936 -5.381243 3.268335 -9.668129 -2.828673 -0.248634 8.307458 13.318301 -0.489061 -27.660038 7.438864 2.038374 -18.782656 1.669201 17.111084
-9.424613 23.434250 -21.232489 14.849587 -8.091915 0.964755 6.908109 7.589057 14.190919 4.705971 -4.334734 1.320875 -1.302904 -9.769075 5.209637 -2.070620 -5.454182 3.277272 -9.754687 -2.710246 -0.178384 8.322964 13.345302 -0.646947 -27.807209 7.311917 1.968594 -18.834606 1.679752 17.096500
-12.171418 25.024206 -26.284945 5.321150 -3.288414 -4.972728 7.975762 1.227236 10.551979 6.461826 -2.969137 3.045233 -4.547288 -4.468249 6.165244 -4.562787 -9.753059 5.064937 -10.131470 -3.786303 -7.364793 2.948989 14.665105 -10.655986 -28.961878 2.362202 13.088962 -20.121904 -2.598433 12.903512
-12.743825 25.262894 -26.310827 4.396344 -1.986049 -6.255756 8.180589 -0.170546 10.955425 6.143303 -2.842083 3.177581 -5.299416 -3.916873 5.910882 -4.760541 -9.737711 5.403672 -10.618479 -4.449023 -9.370096 3.344504 14.184330 -12.023063 -28.953718 2.369023 13.313013 -20.546083 -3.595219 12.889164
-12.678929 25.847397 -26.941031 3.891878 -0.915928 -7.419407 8.692818 -1.395365 10.807120 6.296811 -2.813090 3.373866 -6.011937 -3.535553 5.890195 -4.843131 -10.016268 5.828930 -10.683444 -4.988874 -11.717580 3.581289 13.685119 -12.062564 -28.143991 2.525991 13.525208 -21.434347 -4.535798 12.402400
-12.791108 26.029053 -27.222424 3.675544 -0.420660 -7.773692 8.791214 -1.892557 10.701504 6.422823 -2.850857 3.497575 -6.353895 -3.448118 5.927590 -4.908756 -10.108883 5.950261 -10.622709 -5.310495 -12.124220 3.455431 13.644532 -12.425847 -27.984497 2.509550 13.894323 -21.289083 -4.958600 12.536025
-12.937440 26.194214 -27.364010 3.546714 -0.037412 -8.109818 8.852763 -2.182002 10.606729 6.549529 -2.807777 3.554763 -6.404135 -3.433588 5.906498 -4.914725 -10.178087 5.917539 -10.571073 -5.298975 -12.332150 3.403417 13.600101 -12.569901 -27.912336 2.506928 14.033217 -21.213280 -5.162825 12.682231
-12.943107 26.203897 -27.382908 3.525870 0.000156 -8.134486 8.857780 -2.201737 10.597294 6.552954 -2.821691 3.556563 -6.433345 -3.418900 5.915092 -4.926600 -10.178095 5.930115 -10.562653 -5.337996 -12.365891 3.365463 13.599225 -12.585433 -27.881310 2.473530 14.072248 -21.209944 -5.233847 12.655303
-12.958426 26.209257 -27.396284 3.511693 0.031962 -8.155864 8.871573 -2.225972 10.590337 6.555132 -2.819681 3.555425 -6.430517 -3.420277 5.912995 -4.924899 -10.174669 5.926081 -10.565652 -5.339637 -12.375518 3.357470 13.603826 -12.594726 -27.876081 2.473153 14.082794 -21.209368 -5.254949 12.651916
-12.985091 26.219572 -27.405190 3.489678 0.071081 -8.154531 8.896011 -2.277399 10.583152 6.553349 -2.824867 3.563228 -6.445726 -3.426022 5.912425 -4.922135 -10.169956 5.934688 -10.559554 -5.349595 -12.342928 3.357326 13.593244 -12.558676 -27.867819 2.453625 14.060680 -21.219797 -5.263401 12.659463
-13.000182 26.221558 -27.418327 3.476692 0.099830 -8.173106 8.907466 -2.299079 10.578143 6.553687 -2.822215 3.561950 -6.442429 -3.425951 5.911230 -4.921265 -10.169205 5.930664 -10.561604 -5.349478 -12.357621 3.349678 13.595529 -12.567789 -27.866695 2.455345 14.068717 -21.225676 -5.272058 12.656386
-12.985085 26.220116 -27.405062 3.489883 0.071231 -8.154879 8.896106 -2.277442 10.583013 6.553814 -2.824725 3.563392 -6.445939 -3.425901 5.912429 -4.922140 -10.170246 5.934775 -10.559365 -5.349332 -12.342687 3.357292 13.593192 -12.558476 -27.867908 2.453569 14.060563 -21.219858 -5.262941 12.659740
-12.987320 26.220455 -27.404573 3.494467 0.067544 -8.158202 8.891486 -2.281933 10.578887 6.544797 -2.824515 3.563467 -6.445926 -3.425783 5.912373 -4.922307 -10.170626 5.934447 -10.559003 -5.348654 -12.344487 3.357091 13.590847 -12.557233 -27.868860 2.452011 14.057073 -21.220827 -5.262878 12.659587
-12.987269 26.220486 -27.404619 3.494270 0.067647 -8.158181 8.891747 -2.282232 10.578771 6.544733 -2.824522 3.563262 -6.445462 -3.425769 5.912307 -4.922311 -10.170332 5.934086 -10.559319 -5.348837 -12.344919 3.357093 13.591012 -12.557540 -27.868786 2.452148 14.057282 -21.220892 -5.263478 12.658897
-13.072921 26.170013 -27.423613 3.521048 0.012470 -8.205313 9.043704 -2.319996 10.714135 6.514953 -2.818450 3.549523 -6.455250 -3.435987 5.923129 -4.906264 -10.174156 5.931478 -10.562567 -5.343623 -12.354316 3.349562 13.621502 -12.566213 -27.863005 2.455089 14.055761 -21.219830 -5.276255 12.676675
-13.065475 26.158798 -27.446913 3.521807 0.003467 -8.213905 9.024759 -2.316736 10.717188 6.514925 -2.817977 3.550816 -6.463768 -3.431813 5.922414 -4.911878 -10.175226 5.928225 -10.566360 -5.365074 -12.339748 3.360634 13.622157 -12.568063 -27.861767 2.464928 14.051773 -21.192900 -5.282547 12.690785
-12.988149 26.210741 -27.436831 3.485063 0.075723 -8.178246 8.878057 -2.293301 10.579124 6.544600 -2.821676 3.564499 -6.452244 -3.421318 5.911142 -4.926352 -10.170700 5.928349 -10.564492 -5.371895 -12.341607 3.368056 13.591189 -12.568035 -27.863596 2.463207 14.058892 -21.190710 -5.281933 12.677748
-12.987979 26.211178 -27.436781 3.484989 0.075588 -8.178273 8.878171 -2.293168 10.578982 6.544827 -2.821829 3.567953 -6.451815 -3.421063 5.908875 -4.928538 -10.170870 5.928557 -10.563340 -5.372221 -12.342370 3.370480 13.588403 -12.568132 -27.864092 2.463596 14.058982 -21.191101 -5.283098 12.675460
-12.987815 26.211174 -27.436504 3.485192 0.075300 -8.178034 8.878152 -2.292933 10.579000 6.544816 -2.821688 3.566447 -6.452150 -3.421893 5.909592 -4.927352 -10.170654 5.928251 -10.564023 -5.370747 -12.342015 3.368726 13.594132 -12.567327 -27.864681 2.463548 14.055277 -21.192938 -5.281775 12.674661
-13.065213 26.158913 -27.446783 3.521639 0.003055 -8.213676 9.024645 -2.316423 10.717196 6.514879 -2.817936 3.553224 -6.463868 -3.432242 5.920634 -4.913289 -10.175045 5.928438 -10.565835 -5.364563 -12.340041 3.361890 13.623773 -12.568350 -27.862265 2.465203 14.048351 -21.196182 -5.282998 12.687885
-13.065354 26.159718 -27.447227 3.521800 0.003467 -8.214338 9.025311 -2.316653 10.716878 6.515274 -2.818374 3.552594 -6.464110 -3.432122 5.921151 -4.912831 -10.175146 5.928127 -10.565761 -5.365431 -12.340682 3.360607 13.626953 -12.568590 -27.862373 2.465433 14.047322 -21.196531 -5.282115 12.688014
-13.080262 26.160358 -27.461292 3.508010 0.031314 -8.232055 9.036055 -2.337938 10.712071 6.514675 -2.815922 3.551280 -6.460600 -3.432420 5.919765 -4.911772 -10.173878 5.923833 -10.567849 -5.365441 -12.354852 3.352898 13.629344 -12.577252 -27.861124 2.467140 14.054992 -21.202700 -5.290856 12.684604
-27.247551 23.401142 -9.214039 4.136616 10.675119 0.308681 12.900945 -4.323183 17.002937 11.899297 1.204249 5.295646 -11.261838 -2.992096 1.204034 -3.298510 -3.109250 6.455444 -11.354978 -3.415843 -18.431997 -3.791619 2.732264 -15.994042 -27.712908 -1.496016 -0.627121 -12.888427 -11.062494 19.409271
-28.022682 25.397177 -6.532016 4.271288 13.361876 -0.118134 11.404721 -4.493919 14.688882 14.543783 0.424105 5.769151 -12.594099 -2.497375 1.811048 -3.545526 -1.794100 6.365039 -11.570509 -2.850560 -20.301331 -6.724881 1.053253 -15.555953 -26.335913 -0.943084 -1.977665 -11.938498 -10.323698 20.833843
-28.617659 25.814100 -4.033264 3.242367 13.838203 -0.586732 9.421378 -5.033519 11.178437 15.789230 0.469469 6.290117 -14.072603 -2.049063 2.739873 -3.995019 0.158819 6.313983 -9.879388 -3.476481 -22.049149 -9.103553 -1.020028 -11.349317 -19.929274 3.268591 -4.120203 -11.610820 -9.823508 20.608810
-29.446295 26.068031 -1.858714 1.235005 14.233498 -1.391110 5.815191 -5.179973 7.313147 16.751823 0.512472 5.398328 -14.468132 -1.023671 3.263550 -4.778377 0.980270 6.528847 -9.490195 -3.431591 -22.320576 -12.994507 -2.291692 -10.500329 -17.781082 3.374027 -4.359385 -11.384095 -7.881034 20.525301
-29.977060 25.300484 0.329182 0.704336 14.466723 -2.659476 4.098661 -4.409433 5.726521 17.217558 0.385577 4.719832 -14.535644 -0.472866 3.708775 -4.928949 2.553095 6.620872 -9.408320 -3.219815 -21.647840 -14.331051 -3.897601 -9.480105 -15.887969 5.210217 -4.306359 -8.831622 -6.898745 20.353310
-30.654934 23.535172 2.083308 -0.607477 13.606032 -4.800935 2.859749 -3.534014 4.648594 17.828074 -0.105038 3.634012 -14.411651 0.304953 4.405160 -5.674995 3.702176 7.021700 -9.323089 -3.018507 -21.237564 -15.751297 -5.266398 -9.111722 -14.268427 5.410220 -4.228374 -7.538936 -6.086620 18.699825
-30.517210 22.086672 3.281312 -1.816277 13.408066 -5.282866 0.897151 -2.375237 2.503375 19.418972 0.551254 2.631810 -14.256243 1.172378 4.964627 -6.014492 5.138270 8.003478 -8.041851 -3.685605 -20.733522 -17.630018 -5.901444 -7.755630 -12.788079 6.732811 -4.221679 -5.628547 -4.771459 18.094160
-31.449341 20.064146 4.720324 -2.120298 12.256424 -5.931361 -0.845003 -1.665684 -0.257175 21.118856 0.775015 1.256092 -13.554250 2.263124 5.753598 -6.854536 6.665923 8.454914 -6.319108 -4.325437 -21.011765 -20.749243 -6.609110 -6.675998 -10.922199 8.318556 -4.043099 -5.076599 -2.965750 17.987270
-32.456669 17.302750 6.676793 -2.311496 10.130623 -6.200159 -1.744051 0.038559 -2.594417 22.920008 0.752974 -0.389604 -12.724286 2.882208 6.080928 -7.840482 7.603145 8.090312 -4.768054 -4.262873 -20.433077 -23.671535 -6.308252 -5.159962 -8.352608 9.919724 -4.243537 -3.487554 -0.957612 16.966618
-32.929058 14.289078 7.862501 -1.413915 7.276723 -6.469304 -3.877966 2.069114 -5.634594 25.070875 0.705251 -1.388986 -11.873295 3.683072 6.915262 -8.171299 8.508089 6.922795 -3.676972 -3.069183 -18.017817 -25.884146 -5.627691 -3.018523 -6.799961 11.372120 -4.474313 -1.844531 2.370882 14.857652
-32.458004 11.019672 8.775826 -0.264405 4.784673 -7.817472 -3.878200 4.503697 -8.134093 27.378792 0.770234 -1.814860 -11.157594 3.867542 6.940567 -8.546463 9.427717 6.102916 -2.423179 -1.651601 -15.196042 -26.668854 -4.520788 -1.095458 -6.178582 12.534096 -4.164897 0.254571 5.784016 13.100614
-29.777290 8.666346 10.632035 2.061381 0.957546 -7.558440 -2.285622 8.372849 -10.191281 29.010366 0.806257 -3.386310 -10.202351 3.211470 7.131131 -8.534072 10.620550 5.684443 -0.854919 -0.260317 -11.770139 -25.799204 -2.782532 2.255062 -7.079187 13.989254 -4.735179 3.801304 9.630970 13.263500
-24.310986 6.318290 13.740268 3.608416 -2.673902 -4.578228 -0.100047 14.254598 -12.604432 30.564268 0.372201 -5.577834 -8.175133 2.073627 7.434428 -9.271705 11.686684 4.174697 1.803926 1.536177 -6.387609 -24.512411 -0.328694 6.843149 -9.020231 14.947029 -6.363152 7.422919 13.562654 11.719288
-22.848982 4.293039 13.503469 4.712905 -3.464278 -5.839224 2.003504 16.019245 -12.818381 31.417280 0.310438 -5.744605 -8.036925 1.905607 7.157527 -9.511043 11.951052 4.095559 2.571720 2.604205 -3.859393 -24.860369 0.057305 7.484513 -9.428873 15.283871 -6.702845 10.389037 14.813798 10.009347
-22.479872 3.979619 13.069182 5.098208 -3.111573 -6.272358 2.007294 16.374220 -13.194875 31.623957 0.369841 -5.624313 -8.185148 1.929917 7.016618 -9.490582 11.937145 3.994667 2.640223 2.875991 -3.706853 -25.130987 0.450961 7.373450 -9.483296 15.263323 -6.740667 10.915988 14.609460 9.829741
-22.861258 3.926295 12.859513 5.408391 -2.737343 -6.818196 2.206212 16.027811 -12.970442 31.688978 0.246518 -5.161890 -8.529069 2.347003 7.001504 -9.485071 11.840187 3.901576 2.255739 2.855960 -4.382959 -25.197968 0.237142 6.562465 -9.296348 15.246065 -5.767176 11.145572 13.950481 10.515063
-21.993881 3.751154 13.377258 4.984924 -3.305808 -5.373418 1.795302 16.721907 -13.167814 31.737513 0.391059 -5.747426 -8.047622 1.920596 7.113042 -9.468663 12.090015 3.818484 2.614620 2.905630 -3.406291 -24.958082 0.745189 7.679859 -9.632225 15.154329 -7.107336 10.789629 14.717645 9.818749
-22.232159 3.760709 13.190070 5.092468 -3.272773 -6.066443 1.956133 16.672308 -13.403582 31.828806 0.438448 -5.563900 -8.110987 1.911054 6.955442 -9.497701 11.905767 3.754911 2.684027 2.950979 -3.555413 -25.022999 0.715709 7.447260 -9.519024 15.280099 -6.765005 11.029271 14.525583 9.887544
-21.601101 4.151550 12.507628 5.067971 -3.146662 -6.549924 1.678299 17.055296 -13.402879 32.381016 0.538368 -5.582688 -8.395484 1.820580 6.598621 -9.751942 11.497892 3.825687 3.009234 3.231086 -3.730730 -24.769335 1.195389 7.149076 -9.648163 15.605904 -6.000671 11.209579 13.920683 9.823966
-21.315275 4.173389 12.795592 4.835287 -3.219589 -6.017955 1.667321 17.194633 -13.582144 32.392387 0.526507 -5.781445 -8.285320 1.732831 6.661571 -9.809569 11.603325 3.877275 3.172554 3.165866 -3.624620 -24.608484 1.305412 7.401402 -9.736573 15.695356 -6.193228 11.150493 14.128509 9.670894
-20.762451 4.120112 10.310516 4.621446 -1.337913 -8.817483 2.394856 16.797094 -13.697310 31.776234 0.644200 -4.469659 -9.713085 2.268259 6.078816 -9.955627 11.282787 3.230571 2.992542 3.352996 -4.221033 -24.529310 1.078857 4.385655 -9.302317 16.163551 -4.721905 12.594702 12.481565 8.350007
-22.818035 3.319273 6.572818 5.445669 1.237691 -13.109214 1.187845 13.612872 -11.545226 30.167326 0.453145 -2.211560 -10.838502 3.518522 5.557927 -9.351465 11.061893 2.735864 0.830829 3.359950 -7.184814 -23.522711 -0.483312 -1.019541 -8.766037 17.061956 -3.655503 12.246303 10.080849 6.089570
-16.808844 4.980684 5.586773 4.512262 0.764854 -12.209825 0.735407 19.823988 -12.257867 32.146404 1.666274 -3.721306 -10.500312 1.264444 4.130799 -10.080691 9.704672 1.887207 4.269348 4.654021 -3.669527 -22.098122 3.877650 2.346237 -10.484356 18.037682 -3.702693 12.754264 8.888860 3.342944
-17.611511 1.983851 7.257079 7.221325 0.892267 -11.418745 1.151847 18.418982 -11.321342 29.947092 1.243301 -4.228045 -9.356853 2.230528 4.342903 -10.300040 10.942039 1.058311 2.976814 4.557397 -3.945466 -20.652546 1.096102 2.154912 -9.667018 19.104160 -6.108349 13.074028 10.779259 3.071517
-12.700360 4.256404 4.877974 5.511335 1.400140 -11.634143 -0.390854 23.085028 -10.641145 31.708454 2.433092 -4.457348 -9.487575 0.236539 3.225047 -10.298674 9.684237 0.594843 5.858301 5.623496 -2.177454 -18.679451 4.115826 3.303348 -11.021248 19.894180 -6.214924 13.123565 7.766513 -0.727256
-11.612046 4.566795 -0.033454 6.164642 2.834557 -15.057497 -1.279799 22.216291 -9.533443 32.458534 2.972287 -3.106187 -11.230475 0.244451 1.934294 -10.383255 7.904291 0.195233 5.225745 5.837305 -3.667929 -18.442657 4.755061 -0.000019 -11.214854 20.800856 -4.253599 14.058213 5.175480 -1.757994
-12.670419 3.365921 -0.697649 7.948323 4.093447 -16.291897 -2.179082 20.283484 -8.602218 31.095827 2.807910 -2.249701 -11.727489 0.634878 1.593215 -10.344504 7.776069 -0.179527 4.195281 5.260407 -5.101482 -17.857306 3.990554 -2.845188 -11.563972 20.909941 -3.744467 13.655473 4.683899 -3.141290
-14.412165 1.337126 0.030102 8.903727 4.604175 -16.817156 -2.327729 19.515631 -8.308525 29.405748 2.669170 -2.312810 -11.408886 1.589826 1.751893 -10.623521 8.025282 -0.693005 3.102381 4.962186 -6.081864 -17.967844 2.609040 -3.646647 -11.218599 21.495810 -4.323486 12.792030 6.438925 -3.846368
-14.324619 -1.690285 0.935563 10.990244 4.600729 -15.427916 -1.079965 19.923891 -7.257312 27.353125 2.768851 -2.576748 -10.458585 2.154453 1.514470 -10.822066 8.292915 -1.885818 2.266033 4.545607 -6.122212 -16.274729 1.255184 -3.031210 -10.893400 22.076773 -6.454350 10.969216 7.529372 -6.177730
-13.525325 -2.998217 -0.356078 10.869697 5.625083 -15.470616 -0.653750 21.179516 -6.971335 26.616978 3.257278 -3.028801 -9.204110 2.196878 1.433001 -10.856836 7.837643 -2.092628 2.486520 4.556189 -6.449578 -15.996288 1.646226 -2.320792 -11.328750 22.348814 -7.444645 9.776780 7.394389 -8.347167
-16.053846 -6.195925 1.644001 11.375156 3.877429 -13.293742 0.540435 22.109465 -7.238314 25.480448 3.267850 -3.865659 -7.727592 2.993548 2.663757 -10.733478 8.882589 -1.687750 1.898331 4.517795 -7.381248 -16.470140 -0.670245 -0.890598 -10.751580 21.614643 -9.604891 7.554317 8.666846 -8.655567
-19.558571 -8.456371 4.607117 11.039406 2.571451 -10.721744 0.521540 20.121561 -8.229805 22.429420 2.608713 -4.088373 -6.164392 3.876774 4.409382 -10.156677 9.642096 -0.800963 0.495621 3.967436 -8.287356 -16.478094 -1.305395 -0.378011 -10.366639 21.418722 -13.236620 4.121127 9.594011 -8.785110
-24.020756 -10.014272 2.592182 7.861508 3.172773 -11.327508 -2.559018 17.605944 -7.185316 20.695341 3.159214 -2.723312 -6.202696 5.640975 5.206729 -9.129426 9.040138 1.121419 -1.915189 3.443568 -12.503201 -17.545229 -2.541881 -1.343658 -10.152161 19.921827 -13.857915 -0.317421 9.863688 -11.157168
-26.718153 -11.986165 1.031899 4.871458 4.318072 -12.045421 -3.418489 16.481333 -6.415318 17.890615 3.816219 -2.267952 -6.029148 7.071662 5.989267 -8.438506 7.952841 2.833578 -3.754597 2.713120 -13.296109 -20.498266 -3.687351 -2.558294 -10.084938 15.605449 -15.261002 -4.002874 8.430862 -12.349492
-27.755157 -11.466379 3.089123 2.498190 5.493786 -11.008235 -2.552855 16.433182 -7.563570 16.046618 3.882163 -3.746037 -3.884015 7.635373 7.136446 -8.282531 7.467406 3.822105 -4.319760 2.796303 -11.678472 -23.180742 -4.252610 -0.348521 -11.532946 11.776586 -17.032051 -7.263340 10.498774 -12.255040
-31.411209 -11.472460 6.416976 1.560814 8.156057 -8.748066 1.383870 14.959968 -7.990729 14.251753 3.997461 -4.257483 -3.071385 8.015049 7.970878 -8.213911 6.908522 4.412826 -4.681344 2.057612 -12.043631 -25.786081 -5.678889 1.151228 -10.422434 9.545134 -16.711153 -8.629687 10.492614 -9.284383
-32.242859 -11.408344 6.793943 0.670907 8.407371 -8.059854 2.267445 14.224332 -8.269637 14.062803 3.947109 -4.058755 -2.915314 8.277308 8.506722 -8.097967 6.459969 4.465837 -4.681269 1.785989 -12.487162 -26.633638 -6.171199 1.433236 -9.708546 9.008125 -16.440615 -8.959727 10.225663 -8.774918
-32.267494 -11.734685 6.539331 0.291454 8.443153 -7.933447 2.204170 14.346227 -8.187272 14.312160 3.887478 -4.085924 -2.842640 8.454032 8.579533 -8.220191 6.297461 4.413615 -4.832110 1.614874 -12.771667 -26.592810 -6.160540 0.906716 -9.856749 8.695709 -16.411085 -8.827411 9.614109 -8.218945
-33.051476 -11.437321 6.053525 0.284919 9.099292 -8.085486 2.590641 13.641675 -7.855992 14.144220 3.857935 -4.063481 -2.780715 8.439755 8.612716 -8.175167 6.053199 4.590588 -5.083208 1.641050 -13.324111 -26.832232 -6.144591 0.390177 -9.802164 8.510232 -16.564806 -9.494360 9.272692 -8.594104
-33.194824 -10.980263 5.860859 0.258073 9.297899 -8.046160 2.801594 13.166688 -7.660408 14.046824 3.780248 -3.727710 -3.037204 8.512589 8.688692 -8.134833 6.035636 4.556678 -5.220620 1.616034 -13.467371 -26.941502 -6.267606 0.078422 -9.464505 8.486779 -16.183830 -9.424952 8.926270 -8.331904
-28.890371 -18.731236 1.214668 -2.235010 11.020113 -13.108987 3.348887 15.668143 -7.661099 6.529145 4.206009 -3.175918 -2.912201 9.216699 6.373779 -8.970199 3.572472 2.299018 -7.371307 4.625978 -10.347219 -29.192551 -5.785412 -8.604993 -10.384752 2.959052 -14.562149 -4.218378 3.916266 -6.939396
-27.145664 -24.083862 1.458622 -2.675945 9.053714 -15.341239 4.161622 20.225107 -8.982550 5.878407 4.734450 -3.884097 -2.532142 9.458078 4.643324 -9.455209 3.982335 1.419221 -7.681524 6.042924 -7.418231 -29.910513 -4.691644 -10.597856 -12.204826 1.831223 -14.372483 0.125595 5.750816 -7.157900
-26.015615 -24.673424 1.919718 -2.452226 8.230169 -15.540303 3.788778 21.235264 -9.576444 6.005256 4.864925 -4.088273 -2.524474 9.411658 4.255300 -9.552491 4.173438 1.093680 -7.351838 6.314307 -6.431338 -29.904795 -4.428885 -10.523568 -12.488391 1.882538 -14.303662 1.645055 6.376401 -7.174360
-26.308281 -24.758995 1.701346 -2.518631 8.409842 -15.576629 3.901943 20.986929 -9.406507 5.737761 4.803681 -4.078073 -2.557528 9.446187 4.381913 -9.460891 3.926044 1.081016 -7.664845 6.212581 -6.684273 -29.717695 -4.530345 -10.852938 -12.439018 1.749482 -14.410224 1.689734 5.631082 -7.025214
-26.597313 -24.622684 1.017634 -2.565657 8.863297 -15.784393 4.023219 20.596472 -9.374611 5.677801 4.760842 -3.988097 -2.609382 9.448554 4.404254 -9.442855 3.754935 0.970647 -7.801862 6.207953 -6.862316 -29.766785 -4.603497 -11.271838 -12.459760 1.546476 -14.258422 1.431613 5.179369 -7.362861
-25.644232 -24.955002 1.952158 -2.363698 8.236497 -15.541856 3.628654 21.666101 -9.884723 6.213120 4.935847 -4.169032 -2.427633 9.368271 4.210592 -9.503785 4.157176 1.034512 -7.318822 6.343923 -6.437644 -30.064751 -4.305680 -10.603303 -12.684174 1.915829 -14.188147 1.838676 6.488776 -7.404959
-26.054243 -24.746071 1.758095 -2.524418 8.544098 -15.459706 3.582724 21.163343 -9.580666 5.879792 4.901732 -4.061494 -2.591550 9.396765 4.345158 -9.444696 3.954805 1.119260 -7.506182 6.195207 -6.562148 -29.931231 -4.634876 -10.841536 -12.522718 1.644533 -14.410233 1.734483 5.782896 -7.013070
-26.502861 -24.660513 1.175446 -2.547471 8.960060 -15.789170 4.086505 20.623194 -9.301473 5.495130 4.767230 -4.034161 -2.613804 9.462460 4.398161 -9.446447 3.742625 0.972757 -7.846757 6.237443 -6.769090 -29.730686 -4.581959 -11.379660 -12.562256 1.429845 -14.264052 1.408946 5.187250 -7.389503
-26.727842 -24.668625 0.780944 -2.809695 9.413822 -15.863312 3.908242 20.441319 -9.014127 5.524794 4.770330 -3.896312 -2.610003 9.556505 4.459978 -9.461244 3.637167 1.097798 -7.868373 6.168038 -7.165557 -29.785746 -4.752921 -11.723180 -12.448824 1.299552 -14.192784 1.081742 4.680342 -7.458974
-26.695349 -24.490944 0.691912 -2.961030 9.431618 -15.944919 3.960349 20.341604 -9.202945 5.493993 4.731854 -3.706971 -2.776891 9.592295 4.446762 -9.437585 3.610096 1.020280 -8.039580 6.207669 -7.202011 -29.681669 -4.696321 -11.964109 -12.450298 1.227585 -14.141126 1.118956 4.409729 -7.343235
-26.850512 -24.506458 0.333936 -2.917920 9.600798 -15.839580 3.897290 19.995836 -9.078175 5.249740 4.782434 -3.776377 -2.763387 9.616552 4.503282 -9.467999 3.436759 0.945842 -8.108151 6.130379 -7.182752 -29.667866 -4.692933 -11.950883 -12.424513 1.068082 -14.186805 1.007748 4.194141 -7.306612
-26.572466 -24.571877 0.896757 -2.718377 9.116335 -15.875463 4.023796 20.487261 -9.205315 5.545580 4.773489 -3.999958 -2.640102 9.491617 4.396397 -9.473495 3.709770 0.989763 -7.893662 6.196024 -6.774419 -29.835251 -4.570715 -11.540165 -12.659346 1.278816 -14.128772 1.254724 5.159617 -7.502931
-25.094057 -25.071213 2.866738 -1.653149 7.771919 -15.647204 3.663586 22.540899 -10.182025 6.474789 4.912360 -4.409617 -2.492242 9.241076 3.935774 -9.672668 4.472622 1.168739 -7.041471 6.522172 -5.823997 -29.718103 -3.920239 -9.858422 -13.072330 2.240790 -14.425571 2.107132 7.645575 -7.522880
-25.308418 -25.047056 2.609657 -1.851230 8.091116 -15.659175 3.657161 22.326159 -10.196745 6.475132 5.048044 -4.405876 -2.379153 9.321165 3.992875 -9.578095 4.355194 1.182515 -7.103392 6.514298 -5.984389 -29.907482 -3.904958 -10.234563 -13.019456 2.046725 -14.274450 2.200036 7.256080 -7.476060
-25.532888 -25.124628 2.372053 -2.220176 7.984873 -15.660048 3.742279 22.133474 -10.018545 6.187287 4.930098 -4.303618 -2.464200 9.393644 4.089013 -9.597070 4.275797 1.146844 -7.298987 6.455115 -6.211962 -29.971128 -4.129223 -10.403529 -12.852377 1.812784 -14.261350 2.079845 6.866075 -7.500382
-25.735924 -24.894234 1.973700 -2.409814 8.127246 -15.672455 3.645333 21.633375 -9.687503 6.162635 4.887950 -4.118176 -2.476167 9.390377 4.111199 -9.578775 4.126184 1.073746 -7.348135 6.460496 -6.250589 -29.977083 -4.236534 -10.757100 -12.841716 1.669697 -14.226624 1.858537 6.390061 -7.493507
-25.936617 -24.832741 1.824336 -2.472667 8.333153 -15.658545 3.722248 21.331793 -9.573571 5.891097 4.856777 -4.185228 -2.557072 9.394014 4.195823 -9.545341 3.990355 1.119112 -7.558748 6.384786 -6.295412 -29.797491 -4.339695 -10.961149 -12.847762 1.388975 -14.333025 1.729573 6.023217 -7.176101
-26.575233 -24.659771 0.666944 -2.864927 9.381719 -15.898796 3.921173 20.424606 -9.077928 5.471846 4.834617 -3.877254 -2.626578 9.541376 4.389495 -9.410480 3.604926 1.036461 -7.943461 6.217155 -7.102558 -29.633705 -4.716806 -11.783353 -12.454102 1.261235 -14.143581 1.174615 4.535171 -7.437477
-26.850674 -24.420734 0.162388 -2.971766 9.697008 -15.936975 3.812086 19.896702 -8.906143 5.191105 4.785935 -3.942369 -2.681336 9.521139 4.381385 -9.529595 3.340972 0.716925 -8.143662 6.138124 -7.166918 -29.765795 -4.697887 -12.185352 -12.401105 1.036832 -14.013953 0.835508 3.938102 -7.573472
-26.999027 -24.065838 -0.106752 -3.184132 10.038349 -15.864611 3.959986 19.284794 -8.985070 5.126015 4.754411 -3.857316 -2.602609 9.529474 4.404692 -9.491553 3.245187 0.583218 -8.260375 6.184843 -7.343434 -29.449324 -4.765789 -12.400944 -12.351407 0.861365 -14.152297 0.452666 3.562033 -7.601161
-27.042089 -24.131336 -0.141787 -3.191657 10.106474 -15.645206 3.741452 19.214792 -9.010468 5.004210 4.732336 -3.686809 -2.584226 9.534353 4.491443 -9.353494 3.243408 0.620011 -8.406457 6.129746 -7.366694 -29.422487 -4.948739 -12.401498 -12.257774 0.775805 -14.298066 0.370918 3.309915 -7.452195
-26.936317 -23.868444 -0.392369 -3.088279 10.175777 -15.493299 3.536209 18.933987 -8.958076 4.897230 4.731633 -3.814319 -2.567902 9.563574 4.568770 -9.314097 3.208420 0.720518 -8.480006 6.063457 -7.609355 -29.651777 -5.089828 -12.537833 -12.004892 0.635555 -14.207664 -0.007770 2.904492 -7.513800
-26.880573 -23.614906 -0.428776 -3.354938 10.456352 -15.410516 3.234429 18.795385 -9.018396 4.776393 4.707109 -3.793998 -2.604418 9.613444 4.619947 -9.325091 3.126863 0.802730 -8.558297 5.948845 -7.896060 -29.514757 -5.126457 -12.715665 -11.965096 0.787630 -14.374135 -0.133997 2.577324 -7.607799
