5.125435 27.334969 -14.300012 11.659969 6.630489 10.872730 -1.994137 12.828717 0.181728 5.139380 2.414500 2.956306 4.072688 -9.216797 -3.405581 -5.169756 -4.076748 8.690742 -2.990922 -7.052952 6.187132 13.467612 -18.064833 2.284716 0.448458 22.400921 9.313362 -21.645739 -3.791248 12.158146
5.149875 27.331018 -14.301087 11.677723 6.659341 10.923334 -1.937133 12.834906 0.170531 5.110994 2.431981 2.925577 4.062092 -9.228333 -3.497711 -5.183949 -4.142338 8.704392 -3.071326 -6.943879 6.171455 13.509262 -18.057428 2.246843 0.418190 22.422235 9.259412 -21.654648 -3.792805 12.131578
-4.688223 24.319672 -2.541071 11.055533 13.998313 18.816757 0.470901 11.197446 3.991504 5.796705 3.942073 5.047446 0.751838 -8.638428 -6.297341 -4.631151 -0.242536 6.823590 -4.789851 -3.541419 -0.938828 8.552681 -24.578650 3.638578 -2.300380 17.567322 -0.758548 -16.934116 -8.411102 14.304373
-6.623435 23.746651 1.084895 10.738809 13.723525 19.410776 0.586695 11.221686 5.152215 6.548209 3.516313 4.997032 -0.801468 -8.338655 -6.255995 -4.585093 1.471666 7.247217 -5.214003 -3.601223 -1.803905 6.855691 -26.695354 2.748722 -2.473328 17.581442 -1.879828 -15.008061 -7.937241 16.727894
-7.723585 23.735655 3.200814 11.095554 14.028941 18.568130 -0.431837 11.569639 6.068622 7.231297 3.605925 5.480644 -1.539337 -8.254675 -6.213881 -3.857478 2.319049 8.027616 -5.427889 -2.920691 -1.354728 6.624741 -28.599398 1.571466 -2.182526 17.668573 -2.814044 -12.356240 -8.300035 18.529583
-9.327183 22.376644 5.571588 11.357228 14.631147 18.116955 -0.096900 12.479729 5.816983 8.276855 4.051882 5.379134 -2.344307 -7.972394 -6.089038 -3.433348 3.175667 9.028570 -5.612684 -2.728217 -0.225887 4.601644 -30.169434 1.249936 -1.825649 16.356262 -4.399526 -10.476631 -8.246420 20.138626
-10.955632 21.810867 7.810637 9.251826 13.839525 16.760670 -1.090737 12.316442 5.545128 9.936476 4.136332 5.278668 -3.496476 -7.560328 -5.966394 -3.478828 4.097325 9.619686 -5.419029 -2.126433 0.992688 2.205291 -32.485458 0.928919 -0.415477 15.139188 -5.664473 -10.419398 -8.340469 20.572250
-13.768938 22.772091 10.807637 5.482778 11.497550 15.932108 -3.500390 12.016164 4.794932 12.331245 4.232906 5.621592 -5.145375 -6.753824 -4.836668 -3.873854 5.480998 10.363630 -3.374306 -3.085886 0.882526 -3.882443 -30.866495 -1.149181 1.900879 13.692377 -5.780044 -10.058051 -8.066762 22.472231
-14.955047 23.828274 12.763595 3.812365 11.482418 13.196379 -4.462844 12.363769 4.723951 14.185945 4.049999 4.384921 -6.269473 -6.237560 -3.966385 -4.797293 6.381765 10.755993 -2.317568 -2.920393 -0.410581 -6.985605 -31.168652 -2.861630 2.161711 13.069781 -4.951595 -8.218901 -8.045816 24.377224
-14.938170 23.470272 15.079791 2.146999 8.459852 8.653874 -6.643346 15.031249 4.879001 16.504309 3.436620 3.104165 -6.265174 -6.273034 -4.327901 -5.758223 7.693301 11.097912 -1.684365 -2.219240 -0.687417 -8.912212 -30.024351 -5.754030 2.510777 12.916966 -7.694807 -5.195964 -9.050549 24.445692
-14.240910 21.960808 15.854899 3.206275 6.669086 7.376570 -6.406363 16.513817 5.246429 16.419996 3.711503 2.725470 -6.265748 -6.605781 -4.277259 -4.945663 8.573744 10.739698 -2.153849 -1.450093 1.114421 -9.211028 -28.211489 -5.985548 2.594633 13.516819 -8.076701 -2.722185 -8.019644 26.101017
-14.310421 20.588760 16.789186 4.436246 4.645254 9.118183 -5.311509 18.246140 5.475928 15.044682 4.478357 2.409569 -5.672757 -6.689711 -3.817126 -3.030972 8.910107 10.323666 -3.578721 -0.486570 5.038232 -7.461048 -26.037554 -5.603910 2.451844 13.323986 -11.810195 -1.910225 -7.821128 27.518261
-15.076369 17.576902 17.796776 5.891932 3.442572 11.392455 -2.924414 19.925322 6.489767 11.066952 4.862448 1.852933 -3.362293 -7.405774 -4.656299 -1.299909 8.878744 10.556349 -5.742903 1.635893 9.666242 -3.689464 -24.953032 -6.005319 2.437659 13.748465 -16.337029 -4.788700 -7.594601 27.634090
-15.355246 16.189499 18.147821 6.302315 3.447103 12.468987 -1.724773 20.065287 6.650855 9.333436 5.026944 1.958217 -2.440707 -7.959419 -4.927080 -0.642552 8.982048 10.930315 -6.180812 2.522846 11.524961 -2.062677 -25.529913 -6.119775 2.545504 14.298188 -17.597071 -6.009655 -7.070572 26.583942
-15.511654 15.632463 18.101171 6.295034 3.659320 12.584462 -1.526842 20.123915 6.688524 8.761595 5.118295 1.778376 -2.210776 -8.072187 -4.954610 -0.488992 8.926643 11.022104 -6.327361 2.752877 11.915966 -1.627469 -25.688272 -6.003376 2.584109 14.451917 -18.157553 -6.593624 -7.080199 26.385908
-15.500672 15.506554 18.114733 6.381468 3.643234 12.545662 -1.351282 20.219168 6.740306 8.717218 5.144519 1.791249 -2.214373 -8.083828 -4.953676 -0.446550 8.939396 11.017517 -6.344331 2.795093 11.933072 -1.626684 -25.885670 -5.978976 2.476115 14.473900 -18.109592 -6.507685 -6.977915 26.182476
-15.472247 15.503935 18.150217 6.288196 3.647364 12.567975 -1.392061 20.257692 6.738715 8.718504 5.130154 1.841792 -2.177309 -8.068941 -4.960190 -0.465397 8.933983 11.044737 -6.336633 2.777776 11.956896 -1.609029 -26.015425 -5.960966 2.454531 14.440974 -18.119127 -6.530486 -6.979771 26.093021
-15.497726 15.504185 18.145195 6.275098 3.673025 12.565645 -1.392940 20.224869 6.747599 8.689091 5.116135 1.852702 -2.182568 -8.062995 -4.972595 -0.528236 8.932722 11.048373 -6.300019 2.756982 11.992499 -1.560208 -26.052114 -5.972628 2.418468 14.443689 -18.161316 -6.479777 -6.978333 26.151287
-15.497627 15.499758 18.144896 6.271691 3.668428 12.571161 -1.414446 20.219427 6.727786 8.688398 5.141924 1.854483 -2.184925 -8.056670 -4.948830 -0.458724 8.951817 11.056892 -6.353543 2.769223 11.928470 -1.592159 -26.016588 -5.997385 2.429612 14.461097 -18.137255 -6.479186 -7.034976 26.165264
-15.500885 15.517273 18.146786 6.242025 3.676762 12.577346 -1.446601 20.209797 6.749905 8.695434 5.115113 1.850570 -2.169414 -8.064240 -4.970980 -0.527475 8.927593 11.047592 -6.302350 2.762287 12.003079 -1.569317 -26.059170 -5.959575 2.425892 14.437275 -18.148195 -6.493549 -6.969812 26.134888
-15.489642 15.565092 18.172703 6.264467 3.663826 12.573597 -1.441397 20.243423 6.764030 8.681564 5.109304 1.843444 -2.185711 -8.082239 -4.989234 -0.529636 8.920326 11.044334 -6.277795 2.763684 11.981677 -1.507753 -26.069510 -5.988231 2.409445 14.445992 -18.174849 -6.472801 -7.034460 26.148081
-17.144558 6.164704 15.195804 8.844654 9.607178 5.274513 -0.078822 19.076290 7.643470 8.088423 6.696899 1.464526 -1.987918 -4.404586 -2.941084 -1.503976 10.937347 9.497253 -5.571623 3.916690 9.853767 -6.841102 -22.350111 -7.472377 2.333055 15.325688 -21.053759 -7.837892 -4.449307 12.678908
-16.750006 2.899220 13.407101 8.853714 9.600718 1.695924 -2.192607 20.314669 8.265306 8.741072 7.372204 -1.073186 -2.280790 -3.557320 -2.222731 -1.823871 11.460751 6.825790 -5.616170 4.817179 7.299356 -9.342243 -15.681527 -4.160213 -0.041082 17.966787 -22.879335 -6.105166 -2.560258 6.343143
-17.753944 1.981382 12.754084 7.644526 8.933558 0.380261 -3.317784 19.921125 8.620631 9.886497 7.109509 -1.965999 -2.840530 -3.327368 -1.439900 -2.620041 11.954094 5.787695 -4.897239 4.249972 6.815837 -11.881493 -14.029244 -2.920552 -0.653160 17.041510 -21.130816 -4.229543 -1.698481 6.627796
-16.025192 0.077347 11.191716 9.799599 9.929610 -0.260393 -3.314848 21.155657 9.100070 9.377310 7.876572 -1.595533 -3.473640 -3.447862 -2.171654 -2.145966 11.725166 4.998278 -5.210578 4.620540 6.957320 -10.793676 -12.585340 -5.483912 -0.894687 18.985960 -22.497461 -4.023700 -2.100805 4.984251
-17.432201 1.279668 12.429136 7.642520 8.858521 0.031787 -3.394071 19.956615 8.641168 9.643159 7.311837 -2.058367 -2.774536 -3.121413 -1.334418 -2.515870 11.988894 5.473462 -5.009936 4.054343 6.391178 -11.619003 -13.967822 -2.915648 -0.971847 17.192062 -21.580866 -4.397898 -1.473275 5.875261
-17.687361 1.382702 12.622560 7.437922 8.886383 -0.059795 -3.101694 19.761034 8.731151 9.846138 7.141265 -1.985623 -2.663411 -2.856663 -1.414830 -2.919680 12.133951 5.694098 -4.930000 3.937666 6.384686 -11.874096 -14.637437 -2.497561 -1.113531 16.639738 -21.311863 -4.703605 -1.423214 6.059516
-18.925816 2.308708 13.379013 6.105570 8.266258 0.036131 -3.360848 19.156116 8.464372 10.280321 6.916749 -2.139144 -2.007062 -2.744477 -0.889825 -2.938853 12.328989 6.420073 -4.722303 3.781298 5.330806 -12.526012 -15.546405 -0.586887 -2.392452 15.620857 -21.194633 -4.519299 -1.188559 6.282906
-19.857788 2.927794 14.132075 5.330921 8.200706 0.213404 -3.330190 18.654451 8.814306 10.548607 6.714674 -2.162992 -2.067047 -2.528351 -0.589409 -3.381275 12.247330 6.725057 -4.447878 3.518330 4.989778 -12.750194 -16.273121 0.431778 -2.678488 14.893234 -20.757355 -4.450408 -0.704611 7.237366
-19.330675 2.723379 13.632046 5.639234 8.296623 0.057604 -3.522946 18.627735 8.569151 10.406419 6.841902 -2.149052 -2.070400 -2.563740 -0.719197 -3.187862 12.316702 6.609216 -4.611287 3.747036 5.192372 -12.464834 -16.135511 0.014314 -2.450305 15.419376 -20.908195 -4.390037 -1.076554 6.938990
-19.959423 3.012934 14.129369 4.752287 7.973067 0.432868 -3.379079 18.464737 8.664135 10.706656 6.611697 -2.059084 -1.998803 -2.547852 -0.359485 -3.283869 12.300583 6.868392 -4.379732 3.405751 5.018255 -13.133160 -16.642233 1.181202 -2.759184 14.637348 -20.654600 -4.502919 -0.488796 7.719926
-19.658840 2.796357 13.849612 5.598369 8.439718 0.069431 -3.418016 18.661255 8.694470 10.494700 6.765141 -2.233551 -2.145849 -2.577455 -0.672557 -3.340690 12.277094 6.593513 -4.531205 3.634315 5.037930 -12.726300 -16.140409 0.517385 -2.669406 15.146801 -20.851152 -4.406696 -0.749779 6.965814
-19.955641 3.038470 14.159293 4.790176 7.981556 0.476009 -3.615213 18.483248 8.625853 10.635879 6.550203 -2.083490 -1.979622 -2.530541 -0.310124 -3.375832 12.277887 6.896096 -4.320561 3.421567 5.007086 -13.154652 -16.583460 1.298514 -2.773623 14.554281 -20.556620 -4.426152 -0.472867 7.798135
-20.107582 3.686214 14.296402 4.170477 7.482963 0.520104 -3.763153 18.298592 8.460206 11.138745 6.277153 -2.240955 -1.654982 -2.354598 0.069505 -3.549346 12.424603 7.052940 -4.333825 3.225361 4.930235 -13.376435 -17.511444 2.271192 -3.286399 13.728776 -19.751122 -3.726219 -0.389222 8.491933
-20.046860 3.295293 14.198386 4.666553 7.732596 0.526397 -3.610466 18.355516 8.695213 10.714321 6.438794 -2.226727 -1.892962 -2.532385 -0.252783 -3.467227 12.250000 6.830339 -4.293083 3.409135 5.090046 -13.148365 -16.718958 1.373234 -2.708650 14.504335 -20.544125 -4.310473 -0.516035 7.831509
-20.094509 3.614060 14.289973 4.198619 7.573915 0.603037 -3.711785 18.244989 8.532366 11.032692 6.301847 -2.320677 -1.687587 -2.344794 0.019753 -3.537618 12.387854 6.999696 -4.384898 3.196582 4.946921 -13.424025 -17.530890 2.117990 -3.177015 13.749050 -19.869625 -3.860023 -0.401949 8.503044
-20.268604 3.863292 14.391833 4.123374 7.255158 0.501861 -3.892753 18.297440 8.532804 11.458587 6.224882 -2.286379 -1.620619 -2.340810 0.131341 -3.590985 12.413584 7.174917 -4.242403 3.045246 4.906116 -13.498896 -17.677961 2.498886 -3.269605 13.464464 -19.568008 -3.648440 -0.320233 8.815259
-20.020077 3.490921 14.222750 4.386885 7.682590 0.568141 -3.604662 18.299730 8.659218 11.009987 6.333295 -2.197777 -1.814855 -2.403533 -0.131199 -3.515950 12.348745 6.981407 -4.343445 3.260666 4.990768 -13.698010 -17.442169 1.871203 -3.011239 13.906166 -20.081064 -4.007288 -0.329417 8.461226
-20.277332 3.854830 14.416539 4.109016 7.195708 0.554063 -3.896073 18.296425 8.531270 11.383837 6.139931 -2.423246 -1.582499 -2.400865 0.187736 -3.650270 12.435038 7.175613 -4.202884 3.068029 4.910956 -13.521119 -17.575148 2.687594 -3.323251 13.440105 -19.715441 -3.587022 -0.356990 8.817821
-20.416651 3.817271 14.633418 3.818990 7.106782 0.794136 -4.056824 18.328367 8.709691 11.463293 5.981349 -2.536350 -1.540457 -2.314777 0.302749 -3.937324 12.536915 7.292829 -4.182263 2.813722 4.820399 -13.855813 -18.062693 3.434738 -3.836343 12.886112 -19.295992 -3.166093 -0.048029 9.201140
