3.204500 29.941982 -6.866142 12.512181 9.034121 -4.550163 -3.528078 6.580541 -2.948778 -20.535631 2.258833 3.306931 4.485392 -9.063456 -3.822013 -5.656250 -3.935078 8.733150 -2.770157 -7.140486 -4.900261 8.693222 10.536273 14.730752 -13.407980 20.102734 0.424067 -15.760540 -0.588121 16.560799
3.209647 29.969131 -6.816643 12.591711 9.058125 -4.610289 -3.577822 6.520218 -3.109166 -20.847998 2.288577 3.326858 4.490877 -9.053446 -3.904516 -5.684268 -3.955691 8.742588 -2.789104 -7.107507 -4.918843 8.727645 10.531022 14.705503 -13.410486 20.132042 0.390241 -15.781251 -0.567566 16.538822
1.691824 14.650126 -11.019564 7.673020 -0.192708 9.697173 -8.450408 8.451177 -1.691110 -28.850435 5.286649 5.439961 7.990695 -5.594481 -2.282322 -5.553611 -5.296244 4.902036 -2.615817 -3.332809 7.248168 7.118763 11.033343 17.239841 -9.284208 10.248457 3.851491 -4.649648 -14.193476 13.570964
1.132658 9.573133 -11.251973 7.323501 3.363487 11.137173 -7.349933 8.683577 1.966598 -27.861847 6.013853 4.694452 6.802782 -5.459914 -2.231459 -5.212652 -6.216056 4.250899 -3.013599 -1.668618 8.460668 5.852981 10.613210 18.005991 -8.425537 8.701017 2.899351 -3.636685 -16.327272 10.946053
1.525905 5.284482 -11.037640 2.289963 6.403472 12.509091 -7.383993 11.504834 6.803923 -25.714464 6.701424 4.483573 6.449419 -4.476213 -2.810128 -6.061028 -6.605112 2.920093 -3.585442 -0.347245 7.374002 6.395679 7.606169 17.612291 -6.968982 7.550646 0.981206 -3.525492 -19.845919 7.187898
0.404086 2.964156 -10.413846 -1.035660 10.110954 12.181748 -8.311499 10.938008 7.988900 -27.963041 7.507285 3.594239 5.460420 -3.438623 -3.132049 -6.339741 -6.579133 1.882022 -4.860127 0.925416 5.679280 4.330450 6.303040 16.797993 -5.441549 6.604085 0.157100 -2.350052 -22.204941 5.250491
0.583661 2.873329 -11.546615 -4.326810 12.649827 7.834524 -8.451858 9.806378 7.501009 -28.292208 7.551494 2.705381 5.492861 -2.729823 -3.054018 -6.950997 -7.889294 2.529510 -5.121994 0.891541 4.971563 2.882610 6.306485 16.290409 -5.022111 6.495345 3.096449 -3.365977 -22.185070 3.073976
0.047566 2.093225 -12.629718 -5.948415 14.425718 5.484464 -9.699346 9.424941 7.908745 -28.552004 7.835858 2.875158 4.956561 -2.263887 -3.124386 -7.166849 -8.184565 2.106367 -4.939919 0.738345 4.279385 3.204849 5.803997 15.735479 -4.348293 6.459364 3.407918 -2.775601 -23.204491 0.647308
1.184116 2.857349 -15.192002 -6.993996 15.250002 0.444643 -10.281908 9.165198 7.163253 -27.927572 7.331868 2.657874 4.746728 -1.862917 -2.713280 -7.821504 -9.520239 3.523406 -4.633282 -1.003882 3.605808 3.634424 6.750154 15.402801 -4.314556 6.793516 7.423479 -5.100244 -21.728962 -1.541425
0.398865 4.359071 -16.815908 -5.611315 15.402730 -3.933607 -12.084096 6.821447 5.135056 -30.655354 7.195367 1.944129 4.339338 -1.282080 -1.804524 -7.260316 -10.101328 4.386258 -5.251500 -1.909880 1.943160 3.546106 7.441957 15.265033 -4.649898 7.250868 9.697770 -7.792851 -20.625256 -3.477983
-0.675836 6.208531 -17.413427 -5.740800 15.004568 -7.860492 -13.651122 5.976848 4.207768 -31.182062 7.059523 0.667815 4.748126 -0.087572 -0.394112 -6.854383 -9.956444 5.400719 -6.023520 -3.113637 -1.129797 3.379136 7.479681 14.819810 -4.867177 6.706075 11.272695 -11.040812 -19.157808 -3.852388
-1.401657 9.382629 -19.169024 -5.075734 14.300879 -9.599396 -16.555567 4.584467 2.733499 -29.583851 7.747786 1.177878 5.320286 -0.031795 0.292316 -5.299595 -9.301136 5.838497 -7.200716 -4.052904 -3.846604 4.507540 5.931890 13.913190 -5.903468 6.875559 13.298333 -12.981833 -18.220501 -3.437164
-1.297475 10.735212 -19.784109 -5.183920 14.070057 -9.877597 -17.144283 4.281698 2.727610 -28.861633 7.910348 1.178414 5.164104 -0.226520 0.429314 -4.734730 -9.237469 5.829231 -7.559717 -4.207711 -4.395904 4.802925 5.134601 14.039805 -6.120331 7.155334 13.838626 -13.660975 -17.946121 -3.394903
-1.526264 11.009340 -19.973341 -5.258203 14.040924 -10.161635 -17.245806 4.093254 2.785919 -28.881529 7.952136 1.239566 5.219512 -0.242537 0.462153 -4.591514 -9.152035 5.816770 -7.611603 -4.208560 -4.632906 4.876683 5.136005 13.989959 -6.390412 7.149352 14.161491 -13.754048 -17.814814 -3.443395
-1.472433 11.075356 -19.985020 -5.186451 14.050289 -10.083863 -17.328690 4.066451 2.729713 -28.868563 7.940151 1.234729 5.283368 -0.242589 0.468422 -4.595210 -9.135548 5.822834 -7.606292 -4.223001 -4.620476 4.965489 5.087171 13.958451 -6.347434 7.180144 14.226893 -13.746970 -17.865534 -3.410518
-1.488286 11.053459 -19.998178 -5.151413 14.058959 -10.088065 -17.400188 4.120688 2.779900 -28.891090 7.951523 1.261543 5.252120 -0.250529 0.462447 -4.589571 -9.138618 5.802215 -7.602179 -4.218016 -4.593732 4.959852 5.153491 13.959548 -6.358537 7.179248 14.196033 -13.755437 -17.869715 -3.397499
-1.469113 11.054539 -19.970608 -5.162482 14.073018 -10.123376 -17.433582 4.151159 2.717671 -28.873405 7.969687 1.267875 5.250516 -0.227181 0.471807 -4.582334 -9.123947 5.827600 -7.618769 -4.230916 -4.561413 4.965274 5.148563 13.980519 -6.346080 7.166899 14.191696 -13.803056 -17.830484 -3.438156
-1.489408 11.077528 -19.992348 -5.177250 14.073179 -10.093463 -17.406551 4.125789 2.771070 -28.863955 7.955824 1.264342 5.253271 -0.243093 0.457666 -4.589762 -9.130585 5.806997 -7.601441 -4.211772 -4.586679 4.954429 5.196913 13.986040 -6.377419 7.163044 14.221853 -13.775081 -17.831015 -3.389742
-1.460269 11.096865 -19.980457 -5.195333 14.055030 -10.062819 -17.344475 4.093424 2.721889 -28.848372 7.945449 1.244500 5.273213 -0.234580 0.460303 -4.600237 -9.130005 5.824694 -7.606069 -4.219721 -4.601205 4.961321 5.156677 13.983674 -6.362546 7.171664 14.254284 -13.779876 -17.833609 -3.412032
-1.458819 11.117954 -19.977106 -5.225052 14.026493 -10.083357 -17.354700 4.103662 2.708380 -28.847349 7.948521 1.261350 5.250340 -0.230120 0.473277 -4.593049 -9.123882 5.825397 -7.612703 -4.217199 -4.556335 4.912980 5.220101 14.000746 -6.329978 7.183826 14.285346 -13.830052 -17.798618 -3.390540
-1.470618 11.138533 -19.947891 -5.236232 14.046278 -10.086766 -17.372658 4.107832 2.682998 -28.843359 7.972242 1.259532 5.256044 -0.223328 0.474604 -4.582802 -9.115532 5.839163 -7.620221 -4.229967 -4.557746 4.930510 5.182233 14.028026 -6.357744 7.151645 14.231632 -13.823841 -17.805876 -3.442451
-12.212073 3.298313 -14.806149 -3.991809 19.665098 4.165904 -10.796426 -1.945974 9.830214 -21.991598 9.918046 4.977402 0.444151 0.822602 0.110285 -3.491761 -6.104162 4.015999 -5.652845 -1.974240 -9.384915 -0.607566 1.481186 11.444699 -5.084435 3.879105 6.376738 -4.896886 -24.648756 -0.162105
-12.415240 3.743061 -13.824380 -10.785442 21.289282 3.195986 -9.561006 0.678900 9.130504 -21.158352 10.011490 3.917335 1.371978 1.805870 0.567062 -4.558984 -5.988075 3.920527 -6.098985 -0.857906 -7.960888 -3.260621 0.790682 12.774179 -3.449803 2.372160 5.201083 -7.839370 -24.594282 -2.086369
-13.994218 3.057977 -11.897349 -14.081578 22.697218 4.107414 -7.091987 0.554258 7.648551 -20.680540 10.319362 3.980234 1.243152 2.062224 0.788961 -4.580691 -5.060697 4.393219 -5.888206 0.110236 -7.985066 -7.361811 0.251420 12.734827 -3.303200 0.692882 5.283214 -8.435096 -24.282722 -1.263682
-11.453093 6.051954 -11.803836 -16.160654 23.162563 1.894844 -4.593658 0.609279 5.276372 -21.544996 10.009824 3.477330 1.732817 2.071137 0.902785 -5.098728 -6.115027 6.248154 -5.687791 0.971643 -6.896278 -9.519157 0.307772 13.499633 -2.038384 1.699968 8.118915 -8.340714 -23.618618 -0.741000
-14.220973 6.776460 -11.484097 -14.730570 23.352440 3.904230 -1.374390 -1.596774 3.737757 -19.919195 10.168015 3.858836 1.226332 2.042554 1.485792 -4.935221 -5.647187 6.431449 -4.850110 1.805758 -6.107274 -11.522417 0.014403 13.543466 -2.400441 0.723924 7.591064 -7.046305 -23.921251 -0.498683
-15.106103 6.337972 -10.773681 -15.402514 23.322094 5.383377 -0.728971 -1.789516 3.636562 -18.917139 10.463821 4.085364 1.192468 2.186686 1.490464 -4.861625 -5.387051 6.075895 -4.817320 2.106756 -6.400271 -11.992510 -0.386002 13.160730 -2.352308 -0.073200 6.695878 -7.188208 -24.601557 -0.632408
-11.588429 8.364468 -11.485682 -14.962816 23.630983 2.387281 1.023062 -1.091269 1.832542 -20.251394 9.515935 3.172453 1.887181 1.636155 1.751930 -4.794893 -6.799761 7.400746 -4.799110 2.878553 -4.087607 -11.930408 0.778091 13.745097 -1.895918 2.051094 9.164783 -5.592183 -23.057461 -0.302843
-7.599243 12.589216 -12.676564 -13.760509 23.657091 -2.548691 2.676181 -0.608046 -1.623688 -21.431213 7.961654 1.289081 2.027983 0.851232 2.605196 -4.681846 -9.190411 10.695849 -4.891000 1.916977 -2.378765 -12.623217 3.650056 13.884442 -1.247520 4.476979 14.207208 -5.114052 -20.335562 0.410306
-6.254502 13.996134 -14.493676 -12.249861 22.565380 -7.076233 2.064819 -2.124425 -4.136096 -23.931124 7.057305 0.737358 1.941718 0.788862 3.068941 -5.144013 -10.047667 11.314646 -4.513836 1.001090 -1.652982 -12.275654 5.722235 14.060076 -1.919050 4.794268 17.659384 -6.749888 -18.353888 0.102145
-5.565125 15.600972 -14.122643 -12.591976 22.150627 -9.927882 0.675212 -2.063219 -6.584774 -26.324842 6.539052 0.258445 2.472511 0.748551 3.652897 -4.898748 -10.466227 12.015993 -5.047593 0.544654 -0.797798 -11.694874 5.709449 14.716235 -1.914005 5.442035 18.370607 -7.766631 -17.023586 -0.643331
-5.818536 15.642891 -14.462274 -12.163534 21.641687 -10.941459 0.221780 -2.723144 -7.512035 -27.590796 6.534800 0.299699 2.610907 0.815316 3.727898 -4.972505 -10.553173 12.131516 -4.910209 0.682747 -0.859604 -11.805467 6.037879 14.615479 -1.834561 5.597854 19.021170 -7.866131 -16.863106 -0.558062
-5.442867 15.400329 -14.837214 -11.714765 21.681814 -10.839529 0.713009 -2.702407 -7.192636 -27.395945 6.330567 0.311547 2.349486 0.689317 3.742481 -5.094449 -10.582441 11.936891 -4.794181 0.604731 -0.785728 -12.035169 6.491429 14.597367 -1.784594 5.531192 19.245226 -7.543255 -16.989420 -0.375170
-5.636579 15.723082 -14.468241 -12.157902 21.420340 -10.854140 0.507588 -2.549357 -7.561279 -27.289396 6.263726 0.022858 2.561555 0.740915 4.021791 -4.996624 -10.477468 12.068027 -4.904001 0.722072 -0.774906 -12.113985 6.219958 14.841565 -1.716195 5.582932 19.149809 -7.726312 -16.780481 -0.403225
-5.623968 15.615084 -14.668338 -12.129651 21.569477 -10.964393 0.590837 -2.646582 -7.442876 -27.331690 6.290193 0.289004 2.614315 0.766473 3.837650 -5.091421 -10.533272 12.003440 -4.851861 0.694870 -0.714510 -12.032085 6.341612 14.846651 -1.698256 5.565854 19.225222 -7.849637 -16.805422 -0.411983
-5.772327 15.694553 -14.303765 -12.375892 21.436296 -10.864684 0.316733 -2.356054 -7.676054 -27.275938 6.227027 0.021085 2.652108 0.685323 4.052526 -4.999450 -10.509575 12.055580 -4.859390 0.781208 -0.753421 -11.975589 6.016226 14.873200 -1.660982 5.766530 19.196060 -7.684097 -16.726370 -0.394953
-5.390764 15.391367 -14.649188 -11.873762 21.404057 -10.675230 1.285869 -2.659829 -7.479906 -27.257814 6.109409 0.074008 2.504433 0.626757 4.014126 -5.104135 -10.564566 11.984475 -4.705096 0.781759 -0.600854 -12.385435 6.592859 14.585508 -1.361642 5.725460 19.055119 -7.193852 -16.877207 -0.195161
-5.442721 15.462422 -14.657152 -11.904030 21.493212 -10.792642 1.166921 -2.765105 -7.499723 -27.379404 6.163138 0.074433 2.554282 0.691269 3.941633 -5.154472 -10.553698 12.008810 -4.718192 0.722423 -0.760831 -12.378019 6.490783 14.675639 -1.481725 5.676246 19.131235 -7.223424 -16.842154 -0.263559
-5.587440 15.581615 -14.232778 -12.038534 21.399984 -10.617294 0.741808 -2.436561 -7.904150 -27.307026 6.228003 0.087384 2.672173 0.640750 4.054097 -4.981063 -10.529541 12.118832 -4.740187 0.853133 -0.791876 -12.266467 6.221077 15.120651 -1.591172 5.736312 19.133142 -7.415342 -16.441980 -0.231731
-5.689355 15.620484 -14.343621 -12.039898 21.368208 -10.844823 0.817075 -2.491789 -7.708019 -27.328857 6.208857 0.217078 2.636755 0.635401 3.988934 -5.027839 -10.504536 12.083767 -4.730470 0.879497 -0.745903 -12.040480 6.130795 15.043628 -1.758182 5.700293 19.087528 -7.436656 -16.557299 -0.307181
