0.565000 26.050209 -10.249616 4.686764 3.794410 -5.863739 9.221886 12.304064 17.672110 -7.550533 -4.382625 1.303254 -1.283341 -9.771608 5.334402 -2.073598 -5.387574 3.230861 -9.636365 -2.825724 -4.888525 8.681316 10.532514 14.691323 -13.387218 20.103666 0.431827 -15.779443 -0.609630 16.584129
0.095608 25.982330 -10.330968 4.706826 3.399838 -6.357826 10.012706 12.190486 18.371248 -7.691089 -4.410219 1.323909 -1.296178 -9.766253 5.300959 -2.093195 -5.411901 3.204862 -9.690739 -2.778179 -4.902361 8.720096 10.523822 14.665582 -13.402761 20.133598 0.397064 -15.773749 -0.590848 16.572781
-1.118339 8.086529 -15.084329 -0.547623 -5.368271 8.025043 5.756349 14.136766 20.649462 -16.937639 -1.054948 3.450612 2.265627 -5.996353 6.879269 -1.701900 -7.241310 -0.704201 -9.735004 1.833713 8.641225 6.151259 11.174447 18.690397 -8.208471 9.809448 3.892417 -3.959421 -14.663309 13.000627
-3.412559 1.386510 -12.131150 -2.666121 2.838225 9.856935 3.553168 13.671378 21.587948 -20.647835 3.642814 2.094587 1.630932 -5.221903 3.091539 -2.587622 -7.773010 -1.333724 -8.915759 3.797751 7.834617 5.372148 7.202365 18.620935 -5.828245 7.407670 -0.467347 -2.009095 -21.148174 7.931904
-5.577444 -1.347728 -12.172360 -5.403244 5.958869 9.708446 3.118938 11.741917 22.354517 -21.519730 4.940776 2.100887 1.018503 -3.748748 2.175781 -3.261865 -7.232312 -1.730396 -8.984658 4.267144 5.061781 2.488903 5.179104 17.175724 -4.227847 6.091094 -0.315167 -1.645361 -23.146410 5.793735
-6.705589 -2.226007 -12.540952 -7.088878 7.902039 8.895941 2.177136 11.119794 22.972921 -21.209318 5.370306 2.384375 0.658617 -3.123100 2.002144 -3.608021 -7.040467 -1.698513 -8.543428 4.093931 3.500464 1.346802 4.470165 16.408054 -4.360467 5.403439 -0.073274 -2.120142 -23.857746 3.552470
-5.280349 -1.178454 -14.029387 -8.730257 9.263294 5.307549 1.379934 11.148238 22.436720 -21.844606 4.649425 1.870880 0.878279 -2.825908 2.266814 -4.358837 -8.262459 -1.641581 -8.623773 3.907792 4.111086 1.995742 4.974523 15.744834 -4.113278 5.723037 1.889029 -2.565733 -23.564425 1.938612
-4.330301 -0.999461 -15.288560 -9.892103 10.411174 2.529714 -0.552225 11.268910 22.866253 -22.514961 4.121195 1.861460 0.874382 -2.571455 2.223713 -4.843006 -9.045195 -1.334227 -8.889485 3.301702 3.901840 2.993452 5.276306 15.639117 -4.158952 6.032965 3.755935 -3.104661 -23.199717 0.266475
-1.396374 0.968086 -19.235334 -10.566992 10.918106 -3.303654 -1.193751 11.259170 21.681118 -21.192768 2.598785 1.208667 1.170255 -1.736223 3.257996 -5.835862 -10.579985 0.008045 -9.399215 1.386126 3.851700 3.601314 7.032347 15.663392 -4.150351 6.828400 8.431476 -5.928829 -21.136620 -1.924155
-0.165519 2.601458 -19.673697 -11.675341 12.249758 -5.875840 -2.850427 11.895486 20.223104 -20.132740 0.715841 1.971480 0.943213 -0.771635 4.556871 -6.145917 -10.936026 0.100513 -10.579288 0.792735 1.406312 3.706880 8.020845 15.447837 -4.789108 7.292975 10.084057 -8.779239 -20.042526 -3.575801
-0.062786 4.876565 -20.597580 -12.740739 13.229460 -7.316591 -6.740306 11.664079 16.850454 -18.138218 0.009275 2.142844 1.687450 0.364364 6.033896 -5.664384 -10.276087 0.842430 -11.888700 -0.214182 -2.258081 3.704420 6.880567 14.344390 -5.251194 6.355274 11.492079 -12.435317 -18.682041 -4.024077
-0.218340 7.667006 -21.759865 -11.911345 12.996243 -7.589558 -8.430023 10.899650 16.803415 -16.323212 0.125357 2.478802 2.873894 0.854707 6.423031 -5.214671 -9.810265 0.997832 -12.864614 -0.831934 -4.047324 4.595736 5.959395 13.886044 -6.132074 6.893484 13.251706 -13.456269 -18.021393 -3.594646
-0.190705 8.790117 -22.037828 -11.959886 13.139008 -7.568235 -8.840198 10.436949 16.601566 -16.007418 0.140578 2.487174 2.899153 0.824780 6.433323 -5.143144 -9.735380 1.016550 -12.941526 -1.101970 -4.677733 4.689994 5.226795 14.183684 -6.225777 7.123805 13.820130 -13.824586 -17.942255 -3.303491
-0.236091 9.035193 -22.045542 -12.085514 13.115418 -7.539396 -8.966763 10.363126 16.498686 -15.915608 0.142184 2.496368 3.010327 0.892950 6.510423 -5.064936 -9.624506 1.048671 -13.071918 -1.036793 -4.776762 4.867146 5.160799 14.005589 -6.383144 7.117530 14.062762 -13.752007 -17.916449 -3.314674
-0.227913 9.088937 -22.062248 -12.074320 13.144209 -7.513439 -9.026114 10.321275 16.518415 -15.925220 0.144339 2.509669 3.020334 0.882097 6.519424 -5.059141 -9.630136 1.038759 -13.053578 -1.066431 -4.779849 4.874374 5.128161 13.982228 -6.345126 7.146709 14.126014 -13.782146 -17.923664 -3.297202
-0.217621 9.036289 -22.102459 -12.026289 13.166716 -7.555072 -9.059623 10.364048 16.571489 -15.948071 0.146379 2.511984 3.028347 0.887230 6.511909 -5.056514 -9.626513 1.031497 -13.054168 -1.061552 -4.764813 4.861280 5.141890 13.997590 -6.353929 7.139832 14.128632 -13.768811 -17.904718 -3.246771
-0.191598 9.030347 -22.127108 -11.956905 13.118397 -7.543818 -9.034287 10.370229 16.624340 -15.954273 0.150849 2.518986 3.020570 0.876688 6.509301 -5.045243 -9.623779 1.025501 -13.055191 -1.046425 -4.735003 4.879151 5.148048 13.972451 -6.351807 7.145131 14.098474 -13.787654 -17.909155 -3.316000
-0.184455 9.020169 -22.123171 -11.954885 13.095015 -7.515466 -9.032032 10.384882 16.627020 -15.966932 0.155697 2.522770 3.012925 0.879699 6.515866 -5.032102 -9.631689 1.034617 -13.064397 -1.054537 -4.740337 4.884595 5.147210 13.994880 -6.362270 7.137561 14.120069 -13.819724 -17.911175 -3.313086
-0.191248 9.057424 -22.092405 -12.002315 13.081645 -7.494621 -8.973119 10.347054 16.579044 -15.949723 0.153085 2.510946 3.009640 0.884343 6.524406 -5.039218 -9.630344 1.044660 -13.064248 -1.055572 -4.734186 4.858192 5.144330 14.012500 -6.349320 7.143638 14.115653 -13.817286 -17.905344 -3.335868
-0.211777 9.086269 -22.101763 -12.010136 13.100737 -7.519834 -8.984118 10.326945 16.586241 -15.938769 0.146694 2.508110 3.018656 0.883073 6.512903 -5.061693 -9.622877 1.036989 -13.052370 -1.057634 -4.723883 4.861402 5.128616 14.007134 -6.357036 7.140481 14.113400 -13.808067 -17.901327 -3.344119
-0.203317 9.085983 -22.096216 -12.015532 13.103317 -7.514628 -8.973163 10.336680 16.576387 -15.939780 0.147632 2.508081 3.017148 0.884953 6.512461 -5.056845 -9.620630 1.041754 -13.056741 -1.056365 -4.723991 4.855533 5.138877 14.011575 -6.354327 7.138840 14.112941 -13.807810 -17.904764 -3.340729
-16.667324 -9.978298 -7.511585 -2.725771 9.616095 29.111113 -5.164632 5.161380 17.899092 -0.978658 10.191114 5.032799 -5.005150 -0.804496 2.069733 -1.690900 1.157482 -2.467021 -5.164446 -1.095686 -9.309393 -5.420709 -2.024775 13.578261 -5.807143 1.031939 -3.201761 4.841996 -25.273058 7.630472
-16.729538 -11.131548 -7.574818 -5.541054 9.331812 29.237391 -6.026068 5.757881 20.366793 -4.787213 9.761514 5.481233 -4.050442 -0.152635 1.943566 -2.116401 0.063329 -2.428767 -5.976100 -0.728730 -9.924966 -3.183749 -1.674883 13.079658 -6.429204 1.190973 -5.276939 2.446941 -26.693487 5.316695
-12.318011 -1.965662 -14.530429 -8.384455 15.934812 11.950570 -3.696677 3.693472 20.301899 -12.901384 7.678845 6.217752 -1.897675 0.770078 2.551227 -2.664931 -5.220021 -1.048226 -8.265555 0.876129 -8.989053 -0.453564 0.676483 12.272422 -5.719027 2.355585 1.952011 -4.100223 -25.865398 -1.135823
-6.838660 4.680678 -19.605665 -12.325481 16.986456 -3.061166 -4.940246 5.667434 17.589849 -15.837955 3.992566 2.972190 0.350146 1.424734 5.125793 -4.795578 -9.090878 1.836833 -10.222621 -0.034665 -6.920691 -0.464980 3.564935 13.625872 -3.520765 5.420392 10.671696 -10.138396 -21.716825 -2.481954
-2.146757 7.611723 -20.819277 -14.884171 16.719687 -8.737490 -4.642455 7.567729 15.513183 -16.815773 0.369803 1.479559 1.603714 1.745114 7.331996 -5.611893 -10.708174 2.955829 -12.126681 0.251085 -5.560301 -0.292530 6.133692 14.444107 -3.887638 6.340110 15.916062 -12.632882 -18.310843 -3.676991
-2.047997 7.832525 -21.112413 -15.639708 16.351534 -9.375015 -5.052206 7.575033 14.688107 -16.836950 -0.340042 1.521506 1.877982 1.979548 7.930647 -5.727020 -10.645462 2.851266 -12.502667 0.262513 -5.471379 -1.167306 6.180348 14.652291 -3.891042 6.180933 16.509714 -13.284120 -17.395807 -3.741302
-1.580192 8.246983 -20.852352 -16.044489 16.573687 -9.438909 -5.781623 8.029908 13.835917 -16.773481 -0.631396 1.411446 1.934356 1.861892 8.154869 -5.655310 -10.517801 2.846457 -12.509553 0.279898 -5.055439 -0.978989 5.857063 14.703315 -4.048960 6.053275 16.142649 -13.286780 -17.339628 -4.067252
-1.155717 8.137437 -20.448898 -17.088312 18.445391 -9.750677 -3.839489 7.078172 12.776828 -17.544821 -0.706089 1.534549 0.627316 1.966523 8.047384 -5.892546 -10.887039 3.067651 -12.130898 0.754919 -4.653202 -3.082564 6.895566 14.008257 -3.161315 5.610005 17.316269 -12.281707 -18.146383 -3.143168
-1.414696 7.687520 -20.279577 -17.004129 18.754139 -9.782300 -3.678114 6.701441 12.885104 -17.544645 -0.584581 1.613267 0.604279 2.001746 7.776567 -5.993514 -10.928570 2.892750 -12.058784 0.631097 -4.322698 -3.098075 7.224441 14.072133 -2.797033 5.733201 17.409977 -11.770480 -18.280825 -2.962812
-2.097629 8.600272 -19.306330 -18.638226 19.928614 -9.573047 -3.346769 6.265439 11.406971 -17.429590 -0.693934 1.473367 0.425828 2.139092 8.496099 -5.750818 -10.903635 3.932439 -12.024414 1.286389 -4.490398 -5.029301 6.376974 13.221766 -2.194829 5.334537 18.892969 -11.243848 -18.761358 -2.217537
-3.635821 11.224658 -19.153551 -20.128706 21.394896 -9.730086 0.106485 4.182116 8.550754 -16.401243 -0.755082 1.703279 0.095890 2.258739 9.075035 -5.686583 -11.259298 5.294270 -11.612685 2.103052 -4.038540 -8.006206 5.950335 13.486122 -1.864069 4.551127 20.700972 -10.140147 -18.704287 -1.487845
-4.006910 12.129949 -18.462057 -21.766413 21.432121 -9.592680 0.172615 4.321641 6.796471 -16.391058 -0.741955 1.219227 0.591523 2.423803 9.851123 -5.069599 -10.822538 6.353951 -11.776716 2.690673 -3.683072 -9.683737 6.066996 14.475762 -2.432020 4.028272 20.471434 -10.752593 -17.688101 -0.857606
-4.517149 12.941736 -17.072834 -23.247101 21.408007 -9.422894 0.718886 4.968039 5.225437 -16.528130 -0.229362 1.254930 1.345519 2.203359 9.481604 -4.613518 -10.714653 7.186799 -11.748300 3.385417 -2.294227 -10.817871 5.139223 15.905475 -2.935921 4.339691 19.770365 -10.924403 -16.416088 -1.639978
-14.041452 6.751939 -17.434147 -13.770606 23.043180 2.124288 2.367469 -2.037939 12.384931 -11.373803 5.946038 5.116701 -1.735429 2.002618 5.520965 -2.601139 -7.099584 4.141448 -8.850789 1.826778 -8.256882 -9.111079 0.640980 11.640024 -2.197123 2.192878 11.544273 -4.072035 -24.918966 2.000137
-11.052009 9.284372 -16.319036 -18.749464 22.487890 -2.196112 2.333894 0.486513 9.706027 -14.255835 4.642654 2.314667 -0.370135 1.765857 6.519527 -3.595170 -8.679522 5.840414 -9.216453 3.102133 -6.032212 -10.533075 2.516500 13.297291 -1.944567 2.955007 13.620171 -6.175814 -22.568750 0.566170
-13.653801 7.934997 -15.909378 -16.901190 22.772154 1.143968 2.801706 -0.787873 10.258710 -12.717045 5.684739 3.708813 -0.825628 2.033178 6.311312 -3.047776 -7.293770 4.907224 -8.753625 3.031267 -6.770914 -10.740422 1.234594 13.010325 -2.504691 1.798626 11.653090 -5.146514 -23.679516 1.148812
-16.849421 2.262275 -14.619809 -14.890875 20.936640 8.161102 0.989344 -1.283378 15.175296 -11.388242 7.455554 5.395495 -1.848807 2.009416 4.327688 -3.456785 -5.340114 1.938318 -7.488730 1.782201 -9.494414 -9.498640 -0.901897 11.436890 -3.061252 -0.948290 6.818966 -4.712887 -26.671999 0.966472
-13.961015 7.082397 -15.058026 -18.902224 23.064539 0.979184 1.690113 0.188906 11.217055 -13.502163 6.207660 2.892612 -0.666820 2.137216 6.135841 -3.457281 -6.928818 4.462334 -8.752952 3.213468 -6.646433 -10.452477 0.562897 13.563681 -2.314911 0.819409 10.473681 -5.999100 -24.149891 0.940283
-14.511396 6.340002 -15.162342 -17.811491 23.026558 2.153739 2.110233 -0.456906 11.863117 -13.212861 6.414031 3.223562 -0.957177 1.906604 5.904034 -3.301172 -6.904627 4.331094 -8.426674 3.270229 -7.158518 -10.441090 0.314289 12.796540 -2.213675 0.637623 10.442897 -5.674813 -24.934793 0.883222
