-9.180835 23.437286 -21.198349 14.651022 -8.071808 1.041507 6.524419 7.762753 13.943487 4.803342 -3.562603 6.344882 -0.538160 -9.672512 9.834761 0.016729 -1.826902 -0.180309 -4.994374 -6.148149 1.796256 15.147780 -10.598393 -0.022314 -29.477009 6.363283 11.498120 -16.367346 2.217821 9.709838
-9.175354 23.451160 -21.224810 14.734016 -8.056064 1.046031 6.547841 7.732080 13.916265 4.759888 -3.589226 6.385773 -0.551217 -9.655452 9.850785 0.027355 -1.841919 -0.217984 -5.021504 -6.123933 1.832238 15.211767 -10.576341 -0.092530 -29.572161 6.303133 11.407556 -16.410244 2.229527 9.645789
-14.191965 10.386654 -13.581723 18.472694 -2.712699 -2.964130 18.390972 15.081869 10.154137 4.664387 -5.152927 7.700416 -3.392345 -12.198503 4.728139 -1.317395 0.583108 -6.143883 -3.326043 0.495116 3.697316 10.862581 -13.590240 -5.358788 -33.361973 8.732309 -3.500268 -7.523811 2.867047 -5.253941
-12.061321 12.226443 -15.957759 19.547039 -2.947709 -5.697277 16.341553 14.421440 9.915694 5.328905 -4.970067 7.200831 -3.056115 -12.443010 5.094521 -1.583329 -0.348206 -5.445229 -2.439637 -0.055222 4.623638 13.086124 -11.452942 -6.276624 -33.377731 9.678242 -0.593565 -7.194047 2.815443 -5.066225
-11.773576 12.729355 -15.646176 20.989088 -2.451399 -6.449866 15.755475 13.814836 11.146951 5.855177 -4.629309 6.947371 -2.850816 -12.816323 5.113119 -1.418892 -0.654668 -4.655452 -1.739858 -0.449299 4.359005 13.592995 -11.002788 -8.186873 -32.699585 10.977486 1.521130 -6.142140 2.503928 -3.359435
-10.990520 13.857254 -15.036832 21.504309 -2.973634 -6.895922 14.353410 13.678760 11.840647 6.817346 -4.338035 6.516693 -2.634770 -13.055569 4.963602 -1.294355 -0.402083 -4.106357 -1.281540 -0.486179 4.756802 13.019482 -10.839109 -8.877337 -32.259716 11.225986 3.119320 -5.480471 2.954705 -1.385769
-10.464337 14.375404 -14.368175 21.067902 -4.200961 -7.578662 13.541901 14.122014 11.972193 7.790367 -4.549359 5.623640 -2.606190 -13.235565 5.050347 -1.660104 0.341659 -3.474130 -0.882604 -0.422385 6.323837 12.093029 -10.860373 -8.734879 -31.915079 10.858395 4.455256 -5.101505 4.849940 0.104332
-10.320899 15.833172 -13.726559 18.638060 -6.110628 -8.691363 11.845415 15.123836 10.548621 8.305874 -4.508243 4.062585 -1.999926 -13.036569 5.191982 -2.202730 1.236501 -2.958152 -0.832750 -0.952269 8.266617 10.099600 -11.292508 -8.156234 -31.183016 10.266508 5.245254 -5.906875 6.959386 1.791935
-9.600928 16.105495 -13.160116 17.366308 -7.387185 -8.531371 11.307690 16.120340 9.527334 8.522641 -4.837929 3.034458 -2.022370 -13.246391 5.233232 -2.784072 1.692964 -2.584099 -0.467943 -1.516614 8.966971 8.193207 -11.104236 -7.712235 -30.954866 9.570281 6.838284 -5.412499 8.421699 3.804535
-9.131661 16.463497 -12.556317 16.180088 -8.950918 -9.253459 9.587487 16.581564 9.163593 9.013257 -4.577827 2.163487 -1.591692 -13.450119 5.083364 -2.926660 1.771313 -2.203090 0.007016 -1.884296 9.445537 6.847840 -10.858275 -6.883832 -30.894285 8.886035 8.248439 -5.233508 9.665979 5.526628
-8.191867 17.022121 -13.003224 15.609352 -10.411523 -10.255997 7.865324 17.096983 8.978313 9.073955 -4.205295 1.538414 -0.965764 -13.872410 5.091527 -2.496855 1.730898 -1.302212 0.614165 -2.124282 10.065521 5.670387 -10.329476 -6.440937 -31.038431 8.683163 10.791446 -4.955309 11.063973 6.613726
-7.201035 16.170921 -14.805600 16.550743 -11.424547 -11.591289 6.338066 16.899277 8.700706 8.066015 -4.004376 1.514686 0.110484 -14.161186 5.201024 -1.728852 1.322915 -0.867429 1.038162 -1.693224 11.494309 5.954576 -9.507771 -7.550264 -29.562973 9.285599 13.291287 -4.857112 11.534594 6.816235
-5.269311 15.812253 -15.660442 17.484278 -12.657877 -12.569537 4.655047 17.908199 8.699525 8.081085 -3.588306 0.886457 1.432228 -14.525309 5.716159 -0.958407 1.326669 0.458126 1.541054 -0.973791 12.775636 7.414412 -8.637606 -8.265857 -28.521696 10.024070 15.098659 -4.344539 11.056828 7.542047
-4.954468 15.898966 -15.598723 17.526779 -12.857928 -12.538001 4.410294 18.046091 8.775302 8.199816 -3.493163 0.779762 1.787932 -14.526875 5.891649 -0.729891 1.380570 0.787853 1.569625 -0.779147 13.298064 7.670939 -8.351717 -8.365914 -28.284304 10.077201 15.451768 -4.206460 10.990411 8.057076
-5.032875 15.972221 -15.618258 17.468596 -12.782187 -12.512778 4.416074 17.936235 8.822849 8.198427 -3.466253 0.769804 1.835342 -14.534568 5.920687 -0.685541 1.383742 0.839567 1.576591 -0.752706 13.079894 7.759461 -8.391189 -8.393923 -28.392632 10.085205 15.315295 -4.374389 10.949900 7.864052
-5.027793 15.843957 -15.714683 17.682718 -12.698434 -12.682696 4.409871 17.961945 8.729655 8.085094 -3.449138 0.757799 1.788044 -14.548094 5.845626 -0.740930 1.339993 0.787700 1.636178 -0.780995 13.326728 7.656725 -8.294030 -8.506104 -28.218264 10.183041 15.610515 -4.161079 10.973423 8.071113
-5.077326 15.804609 -15.566138 17.630880 -12.758709 -12.545311 4.523212 17.989855 8.810306 8.118513 -3.505058 0.808012 1.746548 -14.540009 5.869017 -0.755474 1.371768 0.749800 1.578117 -0.753917 13.198071 7.741251 -8.355046 -8.412185 -28.314461 10.116587 15.407256 -4.249376 10.943120 7.931092
-5.049428 15.927379 -15.629204 17.573507 -12.816612 -12.500247 4.512318 17.998507 8.831603 8.174873 -3.532880 0.840822 1.744897 -14.546888 5.889743 -0.749156 1.360753 0.725552 1.556041 -0.714904 13.033894 7.793927 -8.339395 -8.250253 -28.463411 10.122282 15.359813 -4.251022 10.951138 7.875383
-4.909931 15.784616 -15.683354 17.590593 -12.778994 -12.689108 4.391830 18.103498 8.720584 8.210379 -3.433214 0.735358 1.809076 -14.543715 5.822494 -0.741897 1.373443 0.779351 1.592957 -0.795793 13.366723 7.665834 -8.348096 -8.419087 -28.231226 10.137887 15.576625 -4.017910 10.927065 8.033689
-4.987864 15.950971 -15.606894 17.628498 -12.818616 -12.629760 4.400515 18.006359 8.771711 8.200223 -3.431857 0.720585 1.841123 -14.557980 5.880410 -0.740424 1.365164 0.864222 1.659730 -0.787217 13.336312 7.953076 -9.665983 -8.394019 -28.367180 10.061224 15.938843 -4.056418 11.034964 7.826231
-5.015872 15.909965 -15.644682 17.615097 -12.789771 -12.658419 4.375824 17.993855 8.774142 8.186002 -3.468200 0.734770 1.827548 -14.555864 5.883074 -0.731251 1.359161 0.832066 1.625487 -0.773549 13.431252 7.918150 -9.598691 -8.290972 -28.352299 10.056326 16.055737 -3.990111 11.102198 7.839469
-5.105926 16.153858 -15.695665 17.557119 -12.709116 -12.460526 4.556376 17.812176 8.954013 8.128298 -3.454722 0.816387 1.734714 -14.512615 5.947317 -0.738822 1.348492 0.819314 1.563544 -0.740217 12.950458 7.932442 -9.707454 -8.349782 -28.481070 9.973560 15.840363 -4.336011 11.081547 7.672501
-12.991183 16.655083 -2.657706 12.641272 -13.559546 4.736668 -1.044949 15.433412 15.672028 6.641826 1.737453 4.264370 -1.300837 -12.180164 3.356541 2.343385 5.881079 1.529580 -1.909869 -0.756025 9.307666 4.073761 -18.524355 -4.285007 -25.543972 1.688763 5.477437 -4.518196 2.733910 22.308861
-18.009499 21.304207 1.207366 9.515140 -10.535714 6.942576 -0.417031 12.469520 15.128993 7.582168 1.760766 0.864295 -2.215524 -10.874246 6.280282 2.587121 7.792773 5.397633 -3.005108 -2.241870 6.550707 0.222216 -20.398581 -5.044799 -24.833132 0.671082 3.743106 -6.469299 2.243427 23.518028
-17.064575 21.566090 1.887271 8.769938 -11.245861 7.545803 -1.790532 13.552857 13.848615 7.586753 1.878612 1.272880 0.137466 -8.794091 4.651117 0.915120 8.898783 4.898725 -3.628591 -4.636368 7.584443 -0.032238 -19.961504 -5.289440 -24.064802 0.827522 3.467394 -6.080547 2.503494 24.390114
-17.440920 22.017101 1.755412 8.633992 -8.383775 7.469529 -2.895670 12.286490 12.934701 8.035892 1.958673 2.010982 -0.611089 -8.623402 4.573606 0.988385 8.808451 4.561763 -4.001737 -4.581285 6.246890 -0.029572 -20.837553 -5.638954 -24.763029 0.884536 3.087722 -6.461145 1.960399 24.053087
-17.592255 21.364010 2.471041 8.686468 -8.771229 8.116845 -2.338740 12.594109 13.286974 7.829838 2.066463 2.132577 -0.566909 -8.545023 4.617499 1.288579 9.008465 4.638478 -4.290927 -4.432510 6.931677 -0.007197 -21.097595 -5.207498 -24.408175 0.837971 2.407011 -6.714308 2.176984 24.151691
-17.050827 21.185894 2.555367 8.803809 -9.855213 8.252570 -2.785547 13.231385 13.066133 7.463503 2.054033 2.097188 -0.349689 -8.600134 4.639499 1.339088 9.059538 4.719339 -4.308578 -4.374383 7.361739 0.120409 -20.516279 -5.061199 -24.570150 0.887802 2.146715 -6.076279 2.233416 24.366982
-17.014229 21.125422 2.878325 8.929712 -10.122268 8.461596 -2.682782 13.540962 13.105421 7.399601 2.101842 2.074657 -0.149240 -8.631828 4.606295 1.492936 9.181704 4.716232 -4.297005 -4.256006 7.680371 0.437794 -20.519281 -4.742885 -24.284151 0.794358 2.142695 -6.322984 2.004229 24.460392
-17.391577 21.072763 2.669413 8.795916 -9.323067 8.603638 -2.319365 13.002080 13.383301 7.748291 2.077302 2.161135 -0.388056 -8.526834 4.672158 1.337403 8.972349 4.686378 -4.409893 -4.450429 7.317650 0.153734 -21.199781 -4.893065 -24.485645 0.788660 1.963901 -6.566644 2.364309 24.189577
-17.110416 20.870995 2.672901 8.922030 -10.031719 8.497879 -2.482512 13.290259 13.335024 7.481331 2.058983 2.149373 -0.363175 -8.658375 4.623603 1.386886 9.103081 4.777552 -4.315187 -4.404893 7.701072 0.422656 -20.893763 -4.869352 -24.339296 0.854849 2.078235 -6.438462 2.173205 24.226688
-17.486269 21.027313 2.480839 8.922727 -10.053443 8.025945 -2.184775 13.041806 13.418125 7.563715 2.054168 2.160847 -0.367803 -8.616838 4.624035 1.350612 9.057302 4.779577 -4.298334 -4.370234 7.518374 0.308940 -20.892553 -5.121937 -24.523663 0.923826 2.430104 -6.154076 2.262238 24.267933
-18.067198 20.682556 2.692213 9.118230 -9.502216 8.265678 -1.322299 12.759528 14.048703 7.602486 2.155915 2.455980 -0.407748 -8.361947 4.738735 1.557845 9.008663 4.740709 -4.606275 -4.268990 8.021926 0.505050 -21.273405 -4.580677 -24.498032 0.805324 1.565283 -6.450800 2.648348 24.346153
-17.691723 17.921820 3.634408 9.543690 -11.730822 9.080482 -1.743780 14.638585 14.074969 5.900206 2.503268 2.999560 0.713968 -8.178363 4.561115 2.293059 9.287184 4.373651 -5.250842 -3.439789 11.049495 2.182195 -21.435644 -3.402225 -24.357763 0.784487 0.025987 -5.546116 3.619345 23.946178
-17.793480 16.709255 3.937965 9.907825 -11.765989 9.752735 -1.080722 15.076464 14.203370 5.267824 2.910956 3.255701 1.177301 -7.905282 4.498827 2.544836 9.471872 4.017773 -5.548932 -2.912057 12.960694 3.296714 -22.087244 -2.430250 -24.403940 0.713790 -2.215647 -5.453334 4.228579 23.407911
-17.752312 15.988351 3.858259 9.896027 -11.922758 10.147161 -1.009241 15.397377 13.883735 4.669477 3.042481 3.490249 1.493423 -7.701353 4.494640 2.571157 9.587831 3.880960 -5.779631 -2.777431 13.357946 3.742839 -22.078455 -2.049721 -24.703304 0.730445 -2.789562 -4.940181 4.312259 22.903683
-17.749643 15.701934 4.069002 9.948521 -11.987155 10.374342 -0.752115 15.729635 13.837039 4.476160 3.159586 3.437598 1.521724 -7.688519 4.579559 2.662923 9.528389 3.823704 -5.893281 -2.729053 13.609618 3.894332 -21.982634 -1.745266 -24.738707 0.652152 -2.956186 -5.015297 4.547890 22.798878
-17.778515 15.799114 3.916744 9.780132 -11.941176 10.245449 -0.853075 15.597321 13.936443 4.577219 3.161088 3.495889 1.434769 -7.726813 4.543745 2.643022 9.521381 3.806478 -5.812191 -2.735942 13.545390 3.830411 -21.904318 -1.943986 -24.630630 0.673380 -2.718091 -5.148795 4.523010 22.817163
-17.653008 15.926447 3.807530 9.834342 -11.782852 10.179278 -1.146798 15.536749 13.797622 4.710796 3.073572 3.463382 1.443683 -7.760016 4.540932 2.632689 9.555828 3.863927 -5.781487 -2.753781 13.432477 3.794951 -21.922003 -2.107968 -24.665110 0.753476 -2.709213 -4.992998 4.396976 22.875698
-17.786034 15.977345 3.888678 9.954962 -11.636847 10.094213 -1.054089 15.314757 13.926999 4.841208 3.046361 3.421672 1.508690 -7.775962 4.533971 2.650684 9.509783 3.903440 -5.769085 -2.785606 13.431388 3.695473 -22.050076 -1.996585 -24.564365 0.600184 -2.717158 -5.131759 4.319352 23.045591
