10.411576 29.567163 -6.627888 6.425953 14.068378 4.123409 -1.255837 14.136303 0.957516 -7.197725 -4.993114 10.940916 4.236899 -7.348501 5.378851 -5.569533 -0.481613 0.868591 -2.882015 -7.605501 -3.020212 15.376068 -13.012427 15.148636 -15.042785 19.043261 9.827586 -13.386718 -0.022551 9.204205
10.448545 29.577602 -6.571832 6.458460 14.144966 4.147445 -1.218641 14.129567 0.936651 -7.325669 -5.024986 11.002409 4.250850 -7.324706 5.370279 -5.583522 -0.477882 0.838026 -2.903017 -7.573557 -2.976126 15.487310 -13.432471 15.163016 -15.096132 19.055052 9.948833 -13.353766 -0.004236 9.049767
5.130396 16.215046 1.067310 10.077907 19.326262 0.282703 11.065061 21.374788 -2.228889 -7.475169 -6.406018 12.218671 1.420416 -9.823621 0.382115 -6.762743 1.836287 -5.062763 -1.318053 -1.082933 -1.427704 11.080312 -16.425896 10.264993 -18.728386 21.744661 -4.997400 -4.468880 0.634200 -5.908989
7.530378 17.952934 -1.015078 11.120600 18.950117 -2.835066 9.149487 21.170767 -2.761674 -7.058157 -6.254861 11.641694 1.582987 -10.172388 0.615565 -6.959487 1.072645 -4.396749 -0.345475 -1.652537 -0.258634 13.180538 -14.466578 9.650603 -18.203844 22.964167 -2.310814 -4.011977 0.597160 -5.762490
8.242717 18.504639 -0.883801 12.918074 19.606356 -3.574638 8.227496 20.508371 -1.414630 -6.537585 -6.064103 11.385790 1.833368 -10.581533 0.624090 -6.855527 0.764202 -3.741769 0.275308 -2.023526 -0.421117 13.799191 -13.884296 7.448568 -17.607502 24.644144 0.158845 -2.389165 0.291938 -3.494887
8.784114 19.675179 -0.071492 13.531330 19.373011 -4.261446 7.202639 20.091528 -0.767150 -5.622241 -5.722829 10.733391 2.067055 -10.910281 0.500899 -6.869103 0.942812 -3.012116 0.923788 -2.027502 -0.175430 12.920137 -13.750302 6.824367 -17.201056 24.740820 1.981266 -2.061825 1.071666 -1.886657
9.357531 20.883307 0.493753 12.409986 18.124434 -4.767962 6.415102 20.522198 -0.783022 -4.382802 -6.010337 9.737943 1.949614 -10.973812 0.760012 -7.246739 1.791328 -2.403701 1.172522 -1.957330 1.391575 12.074884 -13.927724 7.080853 -16.903738 24.241476 3.261255 -1.888865 2.982054 -0.244154
9.412358 21.803879 0.989034 10.327451 16.604511 -5.958459 5.067435 21.555811 -1.901683 -3.992122 -5.943208 8.421030 2.600670 -10.811660 0.895496 -7.633473 2.531478 -1.966310 1.174734 -2.377688 3.152230 10.206268 -14.162515 7.743171 -16.163134 23.666498 3.831513 -2.728271 4.773769 1.100347
10.161971 21.948643 1.470843 9.033026 14.716150 -6.046757 4.225458 22.586390 -2.471221 -3.813164 -6.221203 7.453706 2.826886 -10.930663 1.034023 -8.089129 2.868274 -1.688365 1.357181 -2.940682 3.948852 8.457358 -14.086583 8.134810 -16.013542 22.970526 5.566918 -2.021420 6.235981 3.327049
10.495652 21.990654 1.986410 7.837122 13.256439 -6.753507 2.837523 23.145384 -2.667776 -3.411087 -5.918301 6.516615 3.025229 -11.229752 0.846270 -8.169110 3.063607 -1.209800 1.942932 -3.265743 4.351391 7.040339 -13.900091 8.828488 -16.009287 22.258738 6.581716 -1.782436 7.312942 4.860026
11.364729 22.508602 1.602641 7.242780 11.918354 -7.666865 0.986330 23.658098 -2.740152 -3.566205 -5.575847 5.800330 3.515403 -11.672756 0.998353 -7.659332 2.972477 -0.298765 2.436100 -3.608503 4.970111 5.802502 -13.225056 9.389443 -16.030029 22.221140 9.280461 -1.692854 8.854969 5.831570
12.325109 21.570164 -0.053691 8.066717 10.915953 -9.067380 -0.476710 23.603334 -2.815781 -4.668420 -5.289661 5.733561 4.569847 -11.965248 0.988571 -6.934499 2.628008 0.101960 2.882798 -3.190922 6.426261 6.180336 -12.502474 8.326573 -14.502666 22.689016 11.715105 -1.761544 9.364377 6.158673
14.315602 21.176292 -0.980410 9.165777 9.587669 -10.301051 -1.934180 24.651426 -2.717716 -4.710642 -4.946000 5.146969 5.948175 -12.332003 1.697696 -6.130048 2.519759 1.499468 3.428743 -2.437718 7.695807 7.496428 -11.580443 7.553366 -13.597767 23.453270 13.714432 -1.077944 8.905700 6.833598
14.536048 21.632334 -0.895657 9.062166 9.309927 -10.320021 -2.742148 24.550833 -2.528102 -4.570024 -4.853610 4.932965 6.213825 -12.376198 1.883873 -5.955364 2.630428 1.900005 3.542814 -2.235049 8.226601 7.820727 -11.329187 7.381619 -13.219466 23.548464 14.085949 -0.811751 8.726342 7.793610
14.589316 21.583067 -0.932075 9.101710 9.190991 -10.222840 -2.784931 24.584606 -2.534731 -4.656271 -4.839994 5.000376 6.200943 -12.379694 1.869811 -5.915859 2.625835 1.913876 3.535964 -2.196396 8.357736 7.843892 -11.303039 7.357231 -13.187037 23.544191 14.118384 -0.780652 8.731514 7.833871
14.635938 21.600376 -0.921405 9.133485 9.316792 -10.318713 -2.794677 24.683409 -2.588869 -4.474954 -4.726913 4.876631 6.318277 -12.378863 1.837220 -5.876873 2.683041 1.986286 3.563719 -2.201067 8.415668 7.831834 -11.324223 7.366256 -13.244532 23.575285 14.134248 -0.670164 8.754643 7.745475
14.619074 21.596794 -0.818720 9.097874 9.309521 -10.272877 -2.863065 24.669876 -2.536272 -4.576591 -4.770376 4.930545 6.196092 -12.411315 1.827389 -5.908004 2.639042 1.984857 3.596562 -2.282612 8.279555 7.834042 -11.348431 7.352160 -13.236569 23.558657 14.047963 -0.760675 8.710966 7.715494
14.618456 21.591990 -0.797765 9.106765 9.252237 -10.263103 -2.856970 24.662304 -2.476701 -4.590397 -4.787325 4.938030 6.168824 -12.400383 1.838502 -5.921968 2.645380 1.985426 3.585207 -2.289445 8.343392 7.806570 -11.307734 7.401156 -13.210211 23.537615 14.105033 -0.731147 8.739443 7.854626
14.692389 21.540508 -0.841373 9.149550 9.320541 -10.348401 -2.906998 24.759645 -2.588295 -4.467000 -4.706323 4.883538 6.279696 -12.376771 1.822528 -5.851282 2.701275 2.025300 3.538849 -2.256634 8.496419 7.862092 -11.304898 7.343606 -13.185419 23.539907 14.261009 -0.659889 8.715815 7.863951
14.638106 21.559967 -0.806512 9.115191 9.265466 -10.263728 -2.841235 24.696218 -2.482833 -4.595396 -4.663939 4.644805 5.968431 -12.533135 2.078256 -5.582549 2.586475 1.937849 3.465011 -2.203454 8.469653 8.062284 -12.552404 7.521904 -13.317565 23.421782 14.698095 -0.607624 8.785534 7.626248
14.675551 21.668331 -0.883237 9.023730 9.222849 -10.244252 -2.909541 24.661211 -2.565237 -4.611411 -4.693938 4.682421 5.979514 -12.500889 2.128802 -5.559853 2.573821 1.923837 3.400890 -2.188715 8.334284 8.112465 -12.562705 7.526107 -13.369020 23.448526 14.609778 -0.748508 8.809873 7.410637
14.675729 21.777012 -0.883079 8.973083 9.175699 -10.102643 -2.880516 24.609762 -2.435232 -4.630384 -4.649133 4.695632 5.984782 -12.485172 2.147939 -5.515498 2.555709 1.991667 3.382324 -2.240275 8.290675 8.080786 -12.570575 7.475342 -13.317395 23.436199 14.699660 -0.806179 8.789979 7.504516
13.086816 22.678562 2.228267 7.365097 7.280951 -3.650848 -6.210124 23.435028 1.350141 -5.548059 -3.232677 6.042796 5.337768 -11.275105 2.361634 -3.754322 3.756309 3.273224 1.585730 -2.153442 7.577053 6.978854 -14.668817 10.961690 -13.153027 19.337004 12.459141 -1.688713 7.293958 13.122395
5.978616 22.917067 11.775270 4.494093 7.917963 6.327395 -7.744998 21.538404 4.474567 -5.947608 0.470017 8.457255 2.146042 -9.999257 -0.317680 -2.353600 6.843717 3.161931 0.173761 -2.240436 4.049210 3.700105 -21.711794 11.296435 -11.127937 14.874884 4.600642 -1.422311 1.753169 21.861492
1.960722 24.934843 15.136894 2.141788 9.177074 8.916902 -7.392025 20.229982 4.718047 -4.958432 0.604252 8.159723 0.497732 -9.519262 -0.019492 -2.807649 8.109369 4.345836 -0.353040 -2.977605 2.958532 1.964924 -24.003231 10.411059 -10.613052 13.882418 2.226899 -2.633610 0.701711 22.533943
0.292927 25.440580 15.698163 1.980944 10.603647 9.061278 -6.916774 18.756897 4.807673 -4.932714 0.691997 8.271850 0.113657 -9.302979 0.251457 -2.657402 8.281050 4.512179 -0.865540 -3.032505 2.076319 1.358513 -25.209394 10.336761 -10.843657 13.855715 1.168923 -2.792082 0.406923 22.976738
0.141910 23.399155 16.405005 2.909047 9.637627 9.887097 -6.444673 19.537481 5.032218 -5.885803 1.007834 8.431219 1.054485 -8.907553 0.307764 -1.989985 8.628731 4.505306 -1.530674 -2.596189 4.579448 2.335921 -25.578928 10.889293 -10.624344 13.673239 0.005538 -1.923604 0.994660 22.629753
0.046245 22.198286 16.687452 3.442564 8.940577 10.253518 -6.137935 20.084887 5.159112 -6.588037 1.295583 8.744407 1.703089 -8.654877 0.422571 -1.499010 8.895376 4.342875 -2.060922 -2.008617 5.972730 3.314409 -25.762032 11.662572 -10.731320 13.458102 -1.080865 -2.070895 1.622517 22.134218
0.292130 21.839661 16.611189 3.508191 8.525605 10.667290 -6.067742 20.358595 5.469339 -6.654055 1.362225 8.693594 1.911830 -8.617485 0.428399 -1.413258 8.971682 4.252057 -2.208516 -1.856992 6.207111 3.466558 -25.789368 11.823233 -10.800781 13.370075 -1.260024 -2.101008 1.935434 22.263733
-0.019831 20.987326 16.713226 3.669704 8.573254 10.758348 -5.713668 20.557438 5.280124 -7.175141 1.580597 8.681931 2.280074 -8.428665 0.607902 -1.059949 9.118286 4.274127 -2.527070 -1.827045 7.156508 3.805407 -26.108023 12.377877 -10.806368 13.267726 -2.530824 -1.965086 2.233294 21.874538
-0.163817 20.730366 16.630287 3.720674 9.021282 10.795659 -5.373258 20.479876 5.144537 -7.393436 1.721213 8.882221 2.290200 -8.307720 0.493274 -1.141153 9.032871 4.168891 -2.514252 -1.881572 7.288113 4.248818 -26.155352 12.187179 -10.738304 13.470356 -2.905963 -1.825230 1.782426 21.386501
-0.197840 20.270006 16.817873 3.707440 8.769979 11.311611 -5.333609 20.865229 5.084142 -7.814836 1.812690 8.790133 2.560513 -8.233942 0.653214 -0.979618 9.119337 4.101755 -2.770298 -1.795845 8.459579 4.575828 -25.987009 12.982364 -10.929523 13.293644 -3.921821 -1.955757 2.546770 21.251059
-0.151219 20.171440 16.910341 3.837645 8.579618 11.485869 -5.386952 21.039064 5.135275 -7.894898 1.871976 8.767982 2.725735 -8.215910 0.678910 -0.849536 9.157831 4.134506 -2.884939 -1.722908 8.675370 4.729701 -26.217096 13.177232 -10.963858 13.072542 -4.037162 -2.135096 2.672010 21.366623
-0.124292 20.465815 16.732162 3.686059 8.754115 11.154464 -5.466146 20.765057 5.138164 -7.649880 1.806665 8.819253 2.510911 -8.228983 0.621226 -0.988402 9.134846 4.153888 -2.745997 -1.821816 8.003099 4.368403 -26.056030 12.916059 -10.954250 13.274783 -3.803297 -1.805715 2.188600 21.388712
-0.174997 20.236460 16.831604 3.719343 8.660003 11.285188 -5.449067 20.941130 5.123149 -7.826037 1.841163 8.832286 2.569849 -8.246155 0.586486 -0.964412 9.134190 4.108650 -2.755200 -1.751764 8.247699 4.553152 -26.034962 12.981391 -11.025301 13.241060 -3.822398 -1.898520 2.483900 21.272434
-0.192348 20.168993 16.901274 3.798090 8.634512 11.466894 -5.313789 21.035934 5.147900 -7.873971 1.837008 8.790022 2.649731 -8.218435 0.633075 -0.973524 9.145996 4.068131 -2.830711 -1.802175 8.468238 4.682563 -25.981098 13.038619 -11.036072 13.194811 -3.915481 -1.989190 2.512958 21.263065
-0.118107 20.339813 16.792576 3.704606 8.630560 11.179732 -5.552348 20.878153 5.089452 -7.803933 1.788239 8.765472 2.691749 -8.291677 0.594262 -0.990477 9.177610 4.119900 -2.744348 -1.804636 8.273967 4.484524 -25.933489 13.025556 -10.981573 13.309235 -3.897006 -1.837591 2.543461 21.349537
-0.287928 19.999678 16.898853 3.756548 8.577528 11.350827 -5.297370 21.011875 5.053533 -7.962667 1.818157 8.693652 2.713205 -8.246567 0.660952 -0.973920 9.222353 4.122725 -2.838875 -1.756435 8.655063 4.808771 -26.167677 13.045035 -10.951858 13.176028 -4.184486 -2.096504 2.511562 21.242502
-0.052260 20.151237 16.736055 3.720520 8.552070 11.291196 -5.548598 20.975134 5.268348 -7.771049 1.729999 8.659767 2.702636 -8.279414 0.604634 -1.079838 9.102133 4.014936 -2.710467 -1.810758 8.390300 4.660803 -26.105249 12.880407 -10.935766 13.178078 -3.958812 -1.857733 2.357113 21.337322
-0.126162 19.982138 16.802935 3.792850 8.518048 11.492808 -5.415741 21.041887 5.275178 -7.899413 1.780251 8.613737 2.799250 -8.261538 0.678999 -0.973376 9.149734 4.048288 -2.819511 -1.769980 8.576278 4.782676 -26.150911 13.088391 -10.957851 13.107877 -4.122747 -2.062957 2.500185 21.367748
