1.967364 25.717230 -10.497917 2.918516 4.472715 -4.351130 10.882625 14.240806 19.846704 -3.876992 -4.986544 10.932518 4.252172 -7.352936 5.383988 -5.557603 -0.473886 0.873187 -2.891960 -7.600630 9.076035 5.947327 10.309792 -13.791162 -11.785616 11.029902 1.023062 -27.541922 -1.993631 20.642281
1.516369 25.640690 -10.604228 2.954337 4.104533 -4.869783 11.653854 14.155925 20.556658 -4.004611 -5.022943 10.989825 4.266052 -7.320280 5.370882 -5.579963 -0.468932 0.839516 -2.907154 -7.570339 9.480725 5.987766 10.309347 -14.291226 -11.393177 11.142691 1.023708 -27.863068 -2.068961 20.727558
-3.315089 12.445873 -2.984490 6.515409 9.268452 -9.042887 23.217541 21.626341 16.791943 -4.320545 -6.443458 12.216929 1.389898 -9.875210 0.308696 -6.765460 1.843688 -5.144430 -1.283238 -1.080710 12.546906 1.345551 6.213402 -22.489677 -12.428722 14.429062 -14.096339 -20.867399 -2.135068 6.282788
-0.937739 14.526614 -5.301525 7.547352 8.755655 -12.177611 20.852608 21.069620 16.148928 -4.246967 -6.334836 11.623936 1.693499 -10.077389 0.773186 -7.004759 1.013081 -4.396029 -0.488721 -1.698102 13.310273 3.678283 8.187974 -22.663837 -12.882507 15.012670 -11.463836 -19.988285 -2.098266 7.259758
-0.569278 15.094995 -4.975218 9.071060 9.243067 -12.851792 20.221943 20.378561 17.360529 -3.864790 -6.047267 11.360102 1.921450 -10.438630 0.836734 -6.807714 0.765339 -3.658030 0.129659 -1.976929 13.233497 4.168713 8.793159 -24.383512 -12.381104 16.201166 -9.224385 -18.667883 -2.078813 8.811050
-0.054363 16.153587 -4.433461 9.581038 8.798520 -13.462558 18.932072 20.054556 17.952066 -3.146229 -5.774566 10.853702 2.100277 -10.781982 0.725449 -6.741182 0.877458 -3.128926 0.712904 -2.005336 13.071784 3.831722 9.065917 -24.621075 -12.741179 16.488108 -7.474806 -17.783676 -1.387903 10.288859
0.346556 16.293877 -4.088021 9.814225 8.318844 -13.897477 18.375957 20.330374 18.204275 -2.663429 -5.740625 10.409531 1.993784 -10.937906 0.568154 -6.903162 1.213568 -2.731197 1.027548 -2.096619 13.871465 3.140733 9.077104 -24.408596 -12.679932 16.378935 -6.412895 -17.701212 0.035784 10.985051
0.615235 17.558758 -3.304527 8.659459 6.788677 -14.554172 17.432384 20.850176 17.568218 -2.118151 -5.877981 9.478504 2.254795 -10.833992 0.833435 -7.216201 1.968091 -2.302675 1.074925 -2.047873 14.913993 1.765384 8.975338 -23.471581 -13.123271 15.530603 -5.294420 -16.980190 2.157656 12.377596
0.905029 18.277874 -2.941262 7.160858 5.045788 -15.664887 16.199080 21.837635 16.239042 -2.353420 -6.216365 8.071985 2.669246 -10.807726 1.032986 -7.892855 2.697776 -1.997222 1.152830 -2.636039 15.569480 -0.403960 9.122237 -22.551193 -13.360283 14.795659 -4.089256 -16.971382 4.144994 13.948989
1.319769 18.435753 -2.210831 5.937032 3.763280 -15.831922 15.198829 22.288013 15.479844 -2.065671 -5.962923 7.048975 2.691347 -11.048384 0.852052 -8.108048 3.094839 -1.345198 1.673539 -3.183098 15.809331 -1.847608 9.530381 -21.117788 -13.799014 13.939816 -2.752194 -16.185114 5.513167 15.695535
1.935758 19.068220 -2.284702 4.447118 2.532274 -16.570383 13.335940 22.821449 14.940066 -1.634747 -5.708737 6.089991 3.252522 -11.301062 0.939689 -8.062435 3.057791 -0.898943 2.141568 -3.510143 15.729995 -2.997999 9.939941 -19.869591 -14.540389 13.326698 -0.773139 -15.682562 6.701430 16.585125
2.791618 18.768620 -2.657878 4.157625 1.475313 -17.257307 11.712880 23.323420 14.729588 -2.076057 -5.379566 5.712075 3.873773 -11.658357 0.971795 -7.501790 2.817458 -0.198973 2.651996 -3.631249 15.935548 -2.809109 10.963998 -18.706785 -15.731712 13.339436 1.240746 -14.533137 7.528087 16.196436
4.204947 17.962477 -4.529894 5.780567 0.204965 -18.968826 10.097127 23.183855 14.507080 -3.538201 -5.141537 5.535803 5.175129 -12.099854 1.349058 -6.539803 2.492772 0.703957 3.151325 -2.836531 16.612017 -1.451952 12.130990 -17.685139 -16.788725 13.379904 3.765551 -12.499160 7.889977 16.150759
5.546629 18.154076 -4.725712 6.179014 -0.931862 -19.391768 8.791454 23.864519 14.693339 -3.474897 -4.839793 5.074392 6.128716 -12.315378 1.866680 -5.913303 2.608781 1.806602 3.418421 -2.253384 16.669960 0.041260 13.033879 -16.666353 -17.622389 13.265907 5.243987 -11.453389 8.020784 16.960089
5.393926 18.429916 -4.646470 6.239772 -0.944148 -19.335974 8.795550 23.639315 14.774998 -3.501316 -4.803349 5.083703 6.049877 -12.307863 1.860394 -5.953784 2.580318 1.804758 3.458538 -2.287911 16.717516 -0.015638 13.073294 -16.645470 -17.594172 13.230639 5.398204 -11.383653 8.070933 17.254398
5.588813 18.163548 -4.646068 6.364712 -0.998469 -19.418966 8.631000 23.757401 14.639706 -3.495749 -4.866156 5.023314 6.203516 -12.350494 1.856780 -5.927135 2.594168 1.800301 3.476702 -2.230748 16.873442 -0.119010 13.072097 -16.508801 -17.653782 13.219814 5.433290 -11.131797 8.212633 17.106359
5.497418 18.315781 -4.693606 6.296884 -0.966251 -19.350010 8.803793 23.719801 14.732037 -3.523885 -4.824524 5.079931 6.099329 -12.305571 1.877589 -5.927100 2.592192 1.802296 3.425506 -2.271202 16.750038 0.041719 13.113702 -16.498543 -17.600830 13.207327 5.410355 -11.349498 8.058701 17.277580
5.538099 18.186232 -4.611938 6.304861 -1.012435 -19.417458 8.693293 23.753159 14.599574 -3.467187 -4.864114 5.058290 6.172316 -12.361212 1.846178 -5.894137 2.626857 1.798058 3.456021 -2.216144 16.900770 -0.149336 13.118884 -16.312803 -17.720268 13.171246 5.476110 -11.145327 8.302095 17.165293
5.451104 18.294109 -4.687444 6.211072 -0.882398 -19.318819 8.880124 23.714495 14.680793 -3.482930 -4.808120 5.098551 6.095803 -12.282414 1.872350 -5.895070 2.621351 1.812025 3.387215 -2.286199 16.615206 0.036425 13.008748 -16.606163 -17.605501 13.243260 5.188636 -11.482992 7.972531 17.066067
5.467567 18.123543 -4.589031 6.413982 -0.987226 -19.464773 8.881382 23.789213 14.654666 -3.515785 -4.793491 4.804820 5.896779 -12.523953 2.040457 -5.620583 2.538156 1.705061 3.384827 -2.126051 16.911417 -0.196800 13.281630 -16.402746 -17.675125 13.201736 5.363366 -11.189444 8.260030 17.133755
5.481086 18.208241 -4.620574 6.272863 -1.008985 -19.405266 8.809480 23.709787 14.682530 -3.500470 -4.770576 4.771881 5.924234 -12.481589 2.099321 -5.573024 2.548560 1.752246 3.337840 -2.170447 16.827604 -0.149230 13.228804 -16.444782 -17.680044 13.188318 5.313502 -11.279647 8.217200 17.029463
5.250515 18.480694 -4.658352 6.215827 -0.742818 -19.260603 8.790486 23.561714 14.773080 -3.456964 -4.786405 4.907002 5.779095 -12.450565 2.126906 -5.614885 2.486136 1.664219 3.293283 -2.211996 16.754072 -0.175205 13.064059 -16.728592 -17.307611 13.258588 5.113777 -11.603071 7.886176 17.495220
1.124964 18.989952 3.796712 4.497170 -2.948450 -6.717430 3.038093 21.784151 20.803110 -5.064239 -0.680191 7.801679 3.957059 -10.399317 0.798856 -1.875405 5.954789 3.307299 0.078046 -1.384245 14.254809 -1.363226 8.647124 -8.429556 -19.332911 6.073078 -0.177797 -8.696963 4.992133 28.835220
-5.392586 22.368687 9.717818 1.122123 -0.145086 -1.774011 2.824062 18.496275 19.987385 -4.853471 0.559435 7.979832 1.084023 -9.755419 -0.071345 -2.670602 7.468388 4.092284 0.333354 -2.868687 8.271982 -5.679157 4.245416 -6.231691 -20.197824 2.061344 -7.276552 -11.748567 0.666815 29.266045
-7.780550 24.803104 11.128139 0.194423 2.067751 -1.072362 2.582232 16.545565 19.409178 -4.081764 0.446833 7.780701 -0.652500 -9.225622 0.863013 -3.075529 7.951141 5.856495 0.084466 -3.823230 6.594653 -10.291142 3.382904 -5.117543 -20.198046 0.061411 -6.444623 -12.263021 1.840712 31.318844
-8.217573 24.951254 11.450333 0.280431 2.431618 -1.090788 2.788257 16.124325 19.408072 -4.170210 0.456242 7.802649 -0.787284 -9.156809 0.905960 -3.024545 8.005323 5.969316 0.001173 -3.845285 6.856362 -10.457876 3.195003 -5.241054 -20.217564 0.245613 -6.702941 -12.172568 2.327253 31.568182
-8.184696 25.078613 11.434651 0.281813 2.350895 -1.030222 2.697032 16.161377 19.411634 -4.153288 0.429338 7.854181 -0.802699 -9.151354 0.876623 -3.037497 7.996501 5.972077 -0.003758 -3.903369 6.706254 -10.592428 3.094089 -5.177496 -20.152403 0.225718 -6.494447 -12.221000 2.336485 31.718744
-8.078880 25.111149 11.474464 0.149937 2.242184 -1.038677 2.587665 16.334631 19.324705 -4.045341 0.450312 7.815748 -0.819249 -9.141434 0.854586 -3.106731 7.999609 5.986572 0.041338 -3.951816 6.536082 -10.488034 3.152550 -5.229564 -20.168097 0.235076 -6.408218 -12.274507 2.130212 31.583054
-8.072629 25.248217 11.431712 0.166933 2.137183 -1.044418 2.579485 16.328409 19.235090 -4.078725 0.415490 7.809229 -0.851283 -9.174833 0.881609 -3.104189 8.042479 5.945614 0.039987 -3.918802 6.598753 -10.583519 3.034645 -5.163906 -20.119890 0.245206 -6.540801 -12.228366 2.250009 31.720205
-8.112789 25.177132 11.513980 0.158244 2.129901 -0.904552 2.486843 16.329870 19.337236 -4.106857 0.417176 7.800546 -0.765805 -9.125469 0.923972 -3.064561 7.993948 6.001080 -0.012814 -4.002615 6.668606 -10.470457 3.102623 -5.273417 -20.020292 0.275501 -6.567643 -12.258868 2.019318 31.723391
-8.454106 25.013176 11.548657 0.097359 2.707712 -1.090044 2.776780 16.040205 19.449003 -4.000290 0.477467 7.988993 -0.954376 -9.144995 0.866757 -3.020319 7.954654 5.899618 -0.035058 -3.863754 6.515344 -10.698933 2.940083 -5.397703 -20.160700 0.162403 -6.881598 -12.035090 2.010348 31.683714
-8.668515 24.950109 11.575812 0.128879 3.049559 -0.971354 2.886034 15.894723 19.528994 -4.018924 0.446771 8.035303 -1.012502 -9.167388 0.873558 -2.980659 7.919494 5.894892 -0.078746 -3.924700 6.481525 -10.662550 2.915575 -5.393211 -20.099262 0.193414 -6.762180 -12.046107 1.997509 31.766130
-8.317627 24.648333 11.728572 0.099826 2.098667 -0.861010 2.500068 16.546200 19.627497 -4.153993 0.408917 7.924754 -0.770392 -9.179882 0.917082 -2.948951 8.060951 5.988696 -0.119727 -3.813634 6.939400 -10.530512 3.164583 -5.254853 -20.098654 0.286797 -6.763499 -11.959510 2.220057 31.763788
-8.251081 24.604210 11.765100 0.221986 1.877800 -0.799485 2.372113 16.611912 19.582823 -4.301345 0.422010 7.946569 -0.742818 -9.182267 0.912431 -2.952009 8.035309 5.964869 -0.109669 -3.830345 7.066134 -10.499630 3.174443 -5.242202 -19.989922 0.335063 -6.676528 -11.921665 2.276205 31.859793
-8.842880 25.015667 11.709346 0.100623 3.183370 -1.022952 2.961919 15.684968 19.465015 -4.054335 0.467652 8.098234 -1.062598 -9.131035 0.865607 -2.934327 7.966188 5.936119 -0.138636 -3.932652 6.677307 -10.593838 3.030496 -5.455446 -20.120747 0.295523 -7.220715 -11.922503 2.042846 31.631023
-8.615016 24.722229 11.729837 0.154584 2.733079 -0.822559 2.771631 16.110567 19.803102 -4.055321 0.449469 8.012414 -0.968653 -9.143983 0.839189 -3.012914 8.016590 5.886618 -0.081984 -3.840418 6.747887 -10.542674 3.046897 -5.233111 -20.191177 0.199033 -6.961456 -11.937774 2.104330 31.758667
-8.512070 24.693909 11.804898 0.117540 2.334343 -0.832327 2.651726 16.365980 19.753698 -4.047348 0.415484 7.937625 -0.796233 -9.149531 0.875819 -3.012841 8.003969 5.921370 -0.096755 -3.879099 6.853713 -10.593510 3.071882 -5.195706 -20.149229 0.243854 -6.842155 -12.004371 2.305038 31.675097
-8.474656 24.686001 11.793080 0.082085 2.271302 -0.854842 2.607550 16.413441 19.717928 -4.061084 0.431254 7.933486 -0.771400 -9.148761 0.886460 -2.979398 8.010513 5.958866 -0.107290 -3.851977 6.831579 -10.561592 3.102448 -5.182899 -20.155199 0.264103 -6.760462 -12.014060 2.336117 31.723993
-8.672898 24.634165 11.770330 0.218981 2.590084 -0.830979 2.822243 16.158089 19.761198 -4.176255 0.428871 8.011098 -0.874941 -9.156622 0.911531 -2.940236 8.036446 5.991641 -0.147877 -3.804631 6.860778 -10.552847 2.991488 -5.105968 -20.196051 0.174520 -6.940877 -11.849252 2.252824 31.838421
-8.429657 24.487654 11.749322 0.299338 2.114172 -0.756336 2.533173 16.515940 19.697058 -4.371147 0.405123 7.955858 -0.793119 -9.175823 0.960965 -2.935890 8.052107 5.993670 -0.168583 -3.810255 7.005213 -10.490005 3.084360 -5.257511 -20.068798 0.337952 -6.746468 -11.771497 2.354439 31.743013
