3.230492 30.003765 -6.823895 12.417758 9.151475 -4.448451 -3.444111 6.583782 -2.810611 -20.418491 3.222744 7.938192 4.814171 -9.166699 1.137855 -3.045748 -0.523261 5.237047 1.663953 -10.332030 -0.163458 8.337757 13.336236 -0.487044 -27.695299 7.387934 2.023734 -18.759800 1.642419 17.142090
3.379550 30.017008 -6.648541 12.329969 9.345813 -4.474469 -3.389888 6.673025 -2.780682 -20.656481 3.241125 7.991351 4.802130 -9.155784 1.134416 -3.018303 -0.541194 5.222326 1.670609 -10.309871 -0.075756 8.363348 13.334100 -0.659271 -27.862268 7.233692 1.958754 -18.803026 1.643249 17.124233
1.419839 31.373053 -11.467360 3.059155 15.036814 -10.413449 -1.907244 0.407039 -5.701277 -20.154749 4.870322 10.659700 1.357430 -4.161952 3.833377 -4.552767 -3.992240 6.104466 2.773402 -12.341745 -7.532973 2.941579 14.631488 -10.741517 -28.942446 2.427182 13.150144 -20.237675 -2.484095 12.860520
0.677092 31.823757 -11.638561 2.189665 15.731476 -11.568197 -1.879018 -0.800770 -5.849954 -19.889603 5.115501 11.089724 0.703127 -3.524258 3.698529 -4.494702 -3.763475 6.337253 2.270895 -12.901760 -9.389772 3.348876 14.182578 -11.996985 -28.969694 2.410224 13.301020 -20.604338 -3.532053 12.908301
0.401061 32.376911 -12.550826 1.960821 16.400745 -12.566641 -1.556981 -2.032569 -6.231549 -19.256586 5.161467 11.170098 0.026925 -3.096912 3.496928 -4.613934 -4.139747 6.815633 2.012815 -13.435814 -11.704106 3.610743 13.713172 -12.063015 -28.156130 2.555310 13.537475 -21.423477 -4.499510 12.439532
0.325158 32.462933 -12.773223 1.857328 16.718601 -12.770671 -1.451649 -2.428882 -6.306975 -19.182928 5.103496 11.240395 -0.306174 -2.964536 3.498475 -4.731484 -4.282523 6.935861 2.056676 -13.736149 -12.003685 3.549835 13.677920 -12.393283 -28.001213 2.551749 13.826514 -21.212233 -4.907249 12.507031
0.146100 32.666039 -12.961614 1.717407 17.210506 -13.210534 -1.379012 -2.818690 -6.408966 -19.018190 5.133919 11.281543 -0.395786 -2.969692 3.467266 -4.761478 -4.358192 6.917066 2.102663 -13.769850 -12.343176 3.412402 13.608287 -12.585430 -27.900450 2.518396 14.058171 -21.211248 -5.171182 12.704668
0.056525 32.741726 -13.055266 1.630365 17.412363 -13.363259 -1.325315 -3.004314 -6.447826 -18.972658 5.096567 11.288121 -0.468721 -2.941714 3.488840 -4.772769 -4.317002 6.940469 2.103837 -13.900463 -12.360475 3.368065 13.605308 -12.637492 -27.802671 2.474435 14.148635 -21.086487 -5.459922 12.722650
0.110422 32.700199 -12.986978 1.673563 17.297586 -13.247891 -1.342934 -2.899928 -6.427019 -19.008406 5.113645 11.286432 -0.445443 -2.945228 3.476000 -4.778292 -4.348624 6.932026 2.113493 -13.826750 -12.331039 3.369632 13.602258 -12.556540 -27.862734 2.463025 14.073292 -21.222731 -5.252184 12.677075
0.100127 32.701630 -12.998137 1.661681 17.317007 -13.261486 -1.338837 -2.917453 -6.429150 -19.008196 5.115403 11.285115 -0.442896 -2.945430 3.475377 -4.777153 -4.347014 6.929232 2.111500 -13.829021 -12.343249 3.369727 13.602115 -12.568429 -27.859152 2.465227 14.080558 -21.216745 -5.264984 12.682740
0.109190 32.699162 -12.988601 1.672291 17.299585 -13.249074 -1.343460 -2.901592 -6.426677 -19.008951 5.113427 11.286000 -0.444843 -2.945304 3.476085 -4.778189 -4.347928 6.932138 2.112916 -13.827322 -12.331567 3.369669 13.602559 -12.558606 -27.863272 2.463884 14.074154 -21.221266 -5.251940 12.677415
0.100127 32.701630 -12.998137 1.661681 17.317007 -13.261486 -1.338837 -2.917453 -6.429150 -19.008196 5.115403 11.285115 -0.442896 -2.945430 3.475377 -4.777153 -4.347014 6.929232 2.111500 -13.829021 -12.343249 3.369727 13.602115 -12.568429 -27.859152 2.465227 14.080558 -21.216745 -5.264984 12.682740
0.109190 32.699162 -12.988601 1.672291 17.299585 -13.249074 -1.343460 -2.901592 -6.426677 -19.008951 5.113427 11.286000 -0.444843 -2.945304 3.476085 -4.778189 -4.347928 6.932138 2.112916 -13.827322 -12.331567 3.369669 13.602559 -12.558606 -27.863272 2.463884 14.074154 -21.221266 -5.251940 12.677415
0.111346 32.700073 -12.987989 1.673470 17.301622 -13.246709 -1.345281 -2.902170 -6.429036 -19.008667 5.113427 11.286000 -0.444843 -2.945304 3.476085 -4.778189 -4.347928 6.932138 2.112916 -13.827322 -12.331566 3.370261 13.600726 -12.558970 -27.863131 2.464009 14.074910 -21.220812 -5.252210 12.677548
0.111361 32.700790 -12.987576 1.673795 17.302073 -13.247028 -1.344387 -2.902669 -6.429563 -19.008188 5.113513 11.286057 -0.444686 -2.945410 3.475858 -4.778058 -4.347879 6.931872 2.112764 -13.827517 -12.331568 3.370107 13.600828 -12.559138 -27.862688 2.463864 14.075248 -21.220476 -5.254007 12.677382
0.111793 32.700569 -12.987083 1.674361 17.301201 -13.246333 -1.344653 -2.901719 -6.429260 -19.008356 5.106912 11.284956 -0.445192 -2.943803 3.480860 -4.780303 -4.348538 6.929034 2.110685 -13.826438 -12.335017 3.369363 13.598610 -12.559123 -27.862616 2.462280 14.073083 -21.220575 -5.256721 12.676875
0.095709 32.694595 -13.035687 1.645226 17.334705 -13.286592 -1.349553 -2.936191 -6.433566 -19.006994 5.106585 11.282316 -0.450652 -2.936897 3.485079 -4.783803 -4.337301 6.923435 2.101801 -13.853142 -12.346665 3.372694 13.601236 -12.579268 -27.856417 2.475300 14.083118 -21.196218 -5.283735 12.692285
0.111326 32.692223 -13.021404 1.660758 17.305365 -13.267984 -1.360475 -2.912869 -6.429342 -19.006968 5.104377 11.284027 -0.454197 -2.935592 3.486714 -4.784649 -4.338328 6.927845 2.103492 -13.853147 -12.332398 3.382735 13.596206 -12.569912 -27.858480 2.474056 14.074766 -21.191046 -5.275159 12.693211
0.111196 32.690655 -13.022365 1.660244 17.304979 -13.268909 -1.361663 -2.912772 -6.428264 -19.007776 5.104377 11.284027 -0.454197 -2.935592 3.486714 -4.784649 -4.338328 6.927845 2.103492 -13.853147 -12.332359 3.381059 13.601876 -12.569647 -27.858789 2.473987 14.071477 -21.192179 -5.274687 12.692728
0.089963 32.693871 -13.014699 1.703056 17.311054 -13.241041 -1.322833 -2.949607 -6.394163 -19.019653 5.179878 11.123934 -0.621121 -3.004736 3.647537 -4.589461 -4.369413 6.918057 2.023603 -13.792974 -12.329566 3.374645 13.631293 -12.569595 -27.856937 2.475566 14.063521 -21.196127 -5.273910 12.706080
0.092242 32.695572 -13.014035 1.703127 17.312883 -13.239573 -1.324998 -2.949410 -6.398835 -19.019495 5.180005 11.123114 -0.621550 -3.005094 3.648040 -4.588690 -4.369551 6.917712 2.023308 -13.792675 -12.329874 3.373259 13.634539 -12.569280 -27.857328 2.475820 14.062069 -21.197170 -5.272165 12.705894
0.092145 32.695778 -13.014008 1.703232 17.313015 -13.239775 -1.324907 -2.949469 -6.398946 -19.019339 5.179953 11.123135 -0.621580 -3.005154 3.648003 -4.588664 -4.369541 6.917728 2.023371 -13.792661 -12.329190 3.373194 13.634543 -12.569162 -27.857100 2.475611 14.062099 -21.196564 -5.272981 12.706273
-14.070604 30.685579 5.621548 1.221382 27.935232 -5.106802 3.023829 -4.296109 0.585702 -12.789658 7.277740 13.093886 -6.085374 -2.288446 0.371323 -3.086231 2.538503 6.453160 0.169987 -10.982288 -18.375164 -3.797069 2.717816 -15.947377 -27.750189 -1.489195 -0.708960 -12.947183 -10.971548 19.380951
-17.239071 31.980503 7.763215 2.775326 28.463564 -6.732018 2.070060 -6.565893 -1.191690 -12.638927 7.670699 13.313923 -6.945631 -1.815539 -0.443731 -3.567154 3.727251 7.312957 0.650361 -10.807846 -20.276136 -6.704943 1.072445 -15.591458 -26.305754 -0.917985 -1.987094 -11.957990 -10.322771 20.786625
-20.622440 31.734425 8.247119 2.604685 25.756277 -7.110693 -0.125075 -6.720556 -3.861432 -7.703711 7.747053 12.344503 -8.046415 -1.382544 -0.174921 -3.660307 4.792337 7.951875 0.503341 -10.507343 -22.040535 -9.066887 -1.049816 -11.347428 -19.937956 3.286525 -4.109693 -11.613781 -9.799365 20.602226
-22.024124 31.263378 9.423791 1.187714 26.452322 -8.501521 -1.677496 -6.352985 -4.592234 -5.420444 7.700583 10.861153 -9.137634 -0.578660 -0.021008 -4.491210 5.547442 8.371151 0.518504 -10.182498 -22.328701 -13.010090 -2.299847 -10.463896 -17.799425 3.369805 -4.358598 -11.387429 -7.867941 20.521309
-24.478310 29.944630 10.718710 1.585151 26.069239 -10.101369 -2.455948 -5.818499 -5.357977 -4.197615 7.407063 9.703611 -9.177033 -0.069300 -0.088420 -5.139000 6.427340 8.846853 0.651838 -9.970335 -21.643000 -14.329187 -3.893366 -9.472655 -15.893406 5.206795 -4.314950 -8.835840 -6.892931 20.351177
-25.762321 28.228420 12.051267 0.540295 25.240068 -11.646100 -4.241082 -5.242213 -6.465927 -2.535686 7.019079 8.515806 -9.162499 0.679697 0.205100 -5.814536 7.338733 9.247922 0.530674 -9.579523 -21.208593 -15.810764 -5.318635 -9.159461 -14.234961 5.449824 -4.208590 -7.504172 -6.056444 18.700665
-26.823662 26.524658 11.966389 -0.814286 24.826077 -11.968867 -5.144751 -3.882317 -6.858139 1.713565 6.816504 6.794226 -9.367339 1.654611 1.288836 -6.447764 8.549753 9.414122 0.879425 -9.562630 -20.694155 -17.626383 -5.900799 -7.720900 -12.777817 6.724414 -4.237374 -5.630314 -4.799425 18.072720
-28.331501 25.308588 13.988622 -3.324355 23.205015 -12.648002 -7.213943 -2.350738 -9.801415 5.018866 6.143120 4.855615 -9.901647 2.440532 3.130360 -6.794967 9.479008 9.339637 1.403486 -9.337653 -21.049292 -20.782091 -6.582470 -6.685961 -10.939367 8.329312 -4.035980 -5.083809 -2.944113 18.011219
-28.751055 22.864920 15.410563 -4.971194 19.936783 -13.296124 -9.294162 -0.495232 -12.730840 7.579710 5.512125 3.435757 -9.813230 2.888462 4.552577 -7.088466 10.267685 8.974977 1.952907 -8.461771 -20.406885 -23.665140 -6.300072 -5.167465 -8.377023 9.904565 -4.236782 -3.482997 -0.932466 16.966833
-29.292339 19.151623 16.860989 -4.892736 17.252539 -13.890169 -10.555015 1.574740 -15.153618 9.818699 4.961112 2.048594 -9.099494 3.685418 5.513646 -7.816271 11.591423 8.166840 2.397199 -7.155199 -18.109369 -25.939260 -5.644304 -3.027378 -6.778348 11.372725 -4.528271 -1.889500 2.326127 14.923096
-28.382034 15.289513 17.788420 -2.441072 14.738535 -14.991664 -9.710693 4.139025 -16.946302 11.885151 4.572007 1.865937 -8.263263 4.164677 5.706548 -8.285082 12.374094 7.236630 3.257486 -5.424454 -15.184743 -26.604795 -4.538078 -1.046214 -6.160222 12.533381 -4.195347 0.207490 5.749046 13.089231
-25.628002 11.240913 19.126200 -1.235228 8.882349 -13.940514 -8.895782 8.575924 -19.072275 15.828587 4.232599 0.054625 -7.091369 3.613169 5.896663 -8.579777 13.279959 6.336545 4.523478 -3.809657 -11.775376 -25.807890 -2.769788 2.227451 -7.166159 13.963367 -4.719287 3.796761 9.689971 13.147032
-21.641027 7.184515 21.309832 0.722613 1.082736 -9.855359 -8.834894 14.318723 -21.293184 18.762632 4.149547 -2.435713 -5.206140 2.290473 5.851220 -8.964668 13.815884 5.430417 6.885221 -2.297542 -6.385639 -24.539038 -0.321068 6.827022 -9.027369 14.934414 -6.354348 7.429536 13.556948 11.730165
-20.051569 6.388255 20.854021 1.119831 -0.425358 -10.017821 -7.939837 16.369501 -22.855492 19.926851 4.190289 -2.592326 -5.272192 2.178401 5.442045 -9.055021 13.842201 5.290666 7.458801 -0.856057 -3.800126 -24.977484 0.092974 7.591569 -9.479700 15.204323 -6.736742 10.336768 14.907411 10.228141
-19.659929 6.018147 20.754366 1.615704 -0.446876 -10.199118 -7.878696 16.919882 -23.214533 20.104807 4.056936 -2.615938 -5.307569 2.162165 5.295109 -9.139287 13.892262 5.062179 7.511839 -0.597190 -3.662541 -25.130011 0.477210 7.507002 -9.636913 15.177969 -6.692423 10.791289 14.652494 9.922266
-20.092216 5.971157 20.590391 1.997275 0.625686 -11.083127 -7.464267 16.225611 -22.925535 19.496843 3.920646 -2.263560 -5.306561 2.470349 5.220292 -9.367245 13.915590 5.071595 7.542204 -0.582902 -4.028112 -25.220211 0.331188 7.032141 -9.359066 15.079048 -6.086502 11.111591 14.239063 10.352071
-19.523190 5.699402 20.552870 1.495413 -0.763133 -9.948176 -8.051562 16.957842 -23.103117 19.995779 4.084782 -2.740272 -5.123769 2.114825 5.268421 -9.110641 13.892574 4.989811 7.529035 -0.410903 -3.416411 -25.041422 0.763873 7.629994 -9.650702 15.110234 -7.058224 10.780136 14.705481 9.892022
-19.811024 6.340770 20.426538 1.648099 0.359164 -11.174994 -7.785565 16.648991 -23.244804 19.911777 3.965666 -2.210218 -5.476370 2.318051 5.179061 -9.339469 13.749207 4.967043 7.672491 -0.572641 -4.135131 -25.397875 0.392098 6.774156 -9.534439 15.212271 -6.038239 11.344721 14.181320 10.173499
-19.130625 6.861623 19.815651 1.236251 0.487553 -11.664976 -8.259120 17.325005 -23.279249 20.444048 4.035634 -2.247140 -5.733530 2.192910 4.756295 -9.592023 13.382914 4.773189 7.944835 -0.608549 -4.030171 -25.232990 0.979168 6.408841 -9.570379 15.536345 -5.453944 11.597447 13.659098 10.136210
-19.023380 6.101678 20.580963 1.233800 -0.794677 -10.208313 -8.365582 18.032190 -23.427492 20.650309 4.139091 -2.771807 -5.276906 1.992933 5.171049 -9.320255 13.559511 4.777380 8.002475 -0.404830 -3.434060 -24.457994 1.212563 7.482925 -9.738720 15.588982 -6.556177 10.884783 14.408600 9.543597
-17.385056 6.603646 17.076189 0.813536 1.378399 -13.411592 -7.947203 18.543398 -23.021246 20.618341 4.260559 -1.343056 -6.817734 1.877705 4.129901 -9.648184 12.930664 4.395098 8.452493 0.273820 -3.689586 -24.353920 1.712538 5.125673 -9.453516 16.413160 -5.015557 12.645303 12.204373 8.275411
-17.471331 6.920739 14.271044 1.330503 5.735891 -18.515455 -8.287935 17.044214 -21.494173 18.627090 4.351139 0.606945 -7.941241 2.828454 3.162752 -9.878847 12.670324 3.664736 7.632205 -0.051012 -5.804028 -23.188885 0.591466 0.333218 -8.922746 17.518568 -3.064944 13.085255 9.764463 5.660367
-18.737789 7.597377 13.034198 2.847209 10.906306 -20.959814 -8.040391 12.802440 -20.771589 15.885104 4.447173 2.128567 -8.704119 4.241180 2.988009 -9.457561 12.876879 3.368626 5.616405 -0.233629 -8.610194 -23.379179 -0.452405 -3.109436 -8.485314 17.230560 -2.772033 11.837899 8.177181 5.229332
-11.283654 9.809332 8.539461 -0.492646 7.824296 -20.616970 -13.134740 21.665047 -20.884497 21.499832 5.263569 1.537804 -8.988676 1.547200 1.550655 -9.801473 10.786270 3.066974 9.132158 1.470448 -4.673444 -21.456224 4.166843 -1.173874 -11.142023 18.715485 -2.575150 13.078353 6.127529 1.462551
-11.851848 6.330112 8.851152 1.786146 4.980043 -19.635489 -12.499811 23.059532 -19.432629 21.766588 5.300782 0.522758 -7.748822 1.525050 1.439254 -10.014169 11.182465 1.534379 8.842926 2.088158 -4.123395 -20.134483 3.575413 0.290435 -11.229933 20.001955 -4.133190 13.307524 7.455644 -0.136143
-13.458867 3.001502 9.479101 5.904311 6.580468 -20.708181 -10.115055 20.583406 -17.287844 18.684853 5.189809 0.742957 -7.890465 2.195340 1.172281 -10.096019 11.880985 0.476559 7.604596 1.291890 -6.163727 -19.690359 0.997848 -1.751358 -10.102694 20.788603 -4.872340 12.464393 8.789598 -1.603579
-12.907907 0.189389 9.614794 7.447718 6.177750 -19.606894 -8.489118 20.960546 -16.771114 17.727501 5.483245 0.269104 -7.147789 2.191523 0.948114 -10.055134 11.973272 -0.557669 7.302437 1.407526 -6.179558 -18.072002 0.463974 -1.343366 -10.046221 21.798016 -6.636015 11.992128 9.600940 -3.556797
-10.665151 -2.151506 8.562125 8.360294 3.983824 -17.718351 -9.102006 24.612551 -15.900032 18.097996 5.926058 -0.557980 -6.350649 1.471954 0.671390 -9.741614 11.554268 -1.028217 7.453370 2.182637 -4.893438 -15.883179 1.255208 0.018555 -10.828815 22.539125 -8.185448 11.025353 9.447020 -5.920541
-12.757089 -5.518259 10.768512 10.535282 5.178636 -16.511435 -6.161040 22.894346 -16.122908 14.760789 6.201576 -1.257675 -5.262865 2.799240 1.586884 -9.658126 11.663364 -1.032858 6.230606 1.466960 -5.802968 -16.601599 -0.807614 0.285715 -10.082967 21.850859 -9.302241 9.742568 10.578109 -5.917298
-15.149862 -6.089490 11.812005 10.185884 5.427744 -15.342507 -5.483393 21.365229 -16.682287 12.604303 6.599867 -0.709754 -4.578705 3.664472 1.936679 -9.487208 11.518263 -0.436428 5.214885 0.969691 -7.288405 -16.657949 -1.968072 -0.180233 -10.082094 21.019423 -11.887211 6.743093 10.378277 -7.038155
-17.493259 -7.087203 11.208190 9.574357 7.870974 -16.412264 -5.923724 18.645727 -16.644464 9.864212 6.845558 -0.099734 -4.447698 4.586204 2.889294 -8.455944 11.574430 0.505230 3.436702 0.623329 -10.218921 -16.512018 -1.778608 -1.294721 -9.712646 21.221947 -12.694619 3.083877 9.498493 -8.885173
-20.746458 -7.567706 9.018161 8.006941 12.046404 -17.633314 -7.724851 15.268479 -15.195333 5.695340 7.531685 0.732438 -4.567225 6.118258 3.924809 -7.668477 10.796625 2.621043 1.634605 0.065212 -13.468307 -18.216085 -2.958331 -3.069466 -9.758007 19.040625 -13.869795 -1.173320 8.771365 -11.242749
-22.968683 -8.380867 7.929843 4.926124 13.163702 -17.326986 -8.595029 14.253176 -15.992843 2.347565 8.043064 0.751657 -3.319342 7.058662 4.529032 -7.171216 9.126619 4.059371 0.415018 -0.077720 -13.657510 -20.920393 -3.851438 -2.748445 -9.603656 15.405066 -15.356208 -4.184616 7.745401 -12.420732
-26.939438 -8.980230 8.458928 3.524741 17.065390 -16.394514 -7.692238 11.578029 -16.500200 -2.446949 8.816156 0.477659 -1.543438 8.148199 4.627864 -7.383471 8.066301 6.186075 -0.051750 -0.857202 -12.930299 -23.635397 -5.220797 -3.937644 -10.642126 10.524956 -16.150766 -6.952858 6.582765 -11.344727
-30.228596 -7.851667 9.460347 3.057710 17.954882 -13.032038 -4.503338 9.193614 -17.679270 -2.331827 8.814981 -0.109703 -0.382736 8.807364 5.509049 -7.444818 7.398815 6.626831 -0.500051 -1.427705 -13.835286 -26.147280 -6.510985 -1.608248 -8.785860 8.947766 -16.769855 -10.051267 6.447195 -9.582101
-28.654030 -7.944555 11.826535 3.100648 14.614315 -10.689378 -2.588644 11.577495 -18.796318 2.024151 8.185254 -1.840695 -0.538378 8.104156 6.206537 -7.595662 8.054785 6.030439 0.031292 -1.106735 -12.691386 -26.807566 -6.239956 2.292079 -8.617536 9.996906 -16.459188 -8.602487 9.903296 -8.695327
-28.933022 -8.098253 11.908668 2.867200 14.959397 -11.054593 -2.500032 11.459699 -19.219553 1.773669 8.123134 -1.909254 -0.504155 8.191893 6.312085 -7.689735 7.925776 6.018474 -0.010200 -1.281389 -12.938619 -26.757023 -6.278235 1.906130 -8.778124 9.698018 -16.284534 -8.470794 9.461847 -8.124622
-29.402721 -7.908845 11.782065 2.874798 15.184808 -11.003119 -2.614095 11.057384 -18.992315 1.591361 8.044605 -1.641883 -0.318054 8.261490 6.246915 -7.711222 7.832514 6.017227 -0.135584 -1.234214 -13.217596 -27.031000 -6.336946 1.762574 -8.670702 9.677927 -16.637487 -9.047515 9.310711 -8.460120
-29.156174 -8.193674 12.176498 2.889844 14.271440 -10.530988 -2.515091 11.698083 -19.423216 2.571342 8.100848 -1.961252 -0.477025 8.102425 6.258429 -7.722949 7.908982 6.000411 0.107920 -1.257288 -12.894566 -27.058868 -6.064947 2.376370 -8.722049 9.768598 -16.142839 -8.602014 9.864613 -8.214095
-28.943119 -7.977289 11.891351 2.836145 14.810235 -10.833066 -2.341599 11.384856 -19.029833 1.910455 8.156612 -1.887146 -0.471324 8.175394 6.296627 -7.652247 7.876460 6.035373 0.009304 -1.250401 -13.013434 -27.004465 -6.261855 1.864686 -8.756587 9.661458 -16.291861 -8.503949 9.545389 -8.195680
-21.267578 -16.745596 0.477300 -9.428142 19.067883 -16.497759 -8.516964 13.652560 -17.791365 -15.961044 10.411775 1.314839 0.094586 8.432997 0.840806 -9.454856 2.037035 1.843263 -2.349575 0.831886 -6.811168 -28.790262 -0.055685 -11.501818 -11.907767 -2.032912 -11.914427 -2.910634 -6.806793 -8.114436
-28.943344 -18.462927 -7.322268 -2.008399 9.379796 -11.064335 -10.844154 7.040533 -22.732897 -3.156928 10.327106 1.083909 -0.062141 9.060384 0.647947 -9.280759 2.755409 2.224326 -2.968802 0.669754 -10.691319 -30.061298 -4.649964 -6.307701 -4.478827 4.817255 -13.122888 -1.146451 -6.136507 -7.709533
-28.239967 -16.759310 -4.052760 -0.490683 16.279299 -14.294572 -7.292618 8.747228 -20.787169 -7.147828 10.214408 1.048898 0.291779 9.229101 0.958322 -8.983636 2.637953 2.833245 -3.103810 0.623718 -12.641768 -28.845245 -5.609726 -4.323842 -2.200505 6.676304 -13.343371 -1.045421 -6.583816 -7.079789
-27.612656 -17.359524 -3.349975 -0.007069 15.990992 -14.362516 -7.009872 9.557677 -20.925112 -7.011371 10.324775 0.863889 0.432553 9.316849 1.053556 -8.964272 2.902601 2.832392 -3.045440 0.904166 -12.210537 -28.973736 -6.474184 -3.839825 -1.829091 7.346118 -14.166627 -0.715144 -5.227372 -8.071761
-27.409557 -18.569366 -1.658694 0.319776 14.868993 -14.634486 -5.731169 11.031852 -21.317451 -6.103100 9.969808 0.294279 0.670600 9.557793 1.092815 -8.940317 3.707352 2.526869 -3.338453 1.967295 -11.294588 -29.588049 -7.032528 -3.493035 -1.729829 7.752793 -14.255595 0.411214 -3.432340 -7.926408
-27.446291 -18.598455 -1.680802 0.302496 14.844316 -14.668839 -5.731938 11.048213 -21.241528 -6.115145 9.961111 0.269017 0.628676 9.534389 1.121034 -8.901458 3.706905 2.512256 -3.369667 1.971087 -11.235215 -29.570574 -7.023479 -3.530146 -1.799376 7.671691 -14.243473 0.386127 -3.422159 -7.930205
-27.092234 -20.234020 0.724830 1.729406 13.330109 -15.060201 -4.435149 12.996741 -22.478128 -5.226457 9.623572 -0.237880 0.849857 9.583917 1.502028 -9.000398 4.425043 2.237228 -3.189948 2.680501 -9.895299 -29.651644 -7.592340 -2.896029 -1.796147 8.145997 -14.906003 1.568822 -1.189093 -8.029996
-26.697252 -21.962946 2.058611 2.221524 12.595335 -15.286677 -2.933939 15.232160 -22.451307 -3.943270 9.381753 -0.767633 1.005930 9.508968 1.621815 -9.091697 5.175068 1.966945 -3.109979 3.485410 -8.241024 -29.700626 -6.871157 -1.934011 -2.839205 8.663230 -14.691131 3.382116 1.383578 -9.057128
-24.766045 -23.526451 4.677275 3.561621 9.951694 -14.792960 -2.314668 18.786158 -22.515629 -1.923135 9.226705 -1.856505 0.836564 9.038733 1.515542 -8.985942 6.275164 1.726941 -2.614933 4.566205 -5.836537 -29.435581 -5.676238 0.181629 -4.132921 9.519118 -14.936118 5.342208 5.282894 -8.992119
-25.037220 -23.425369 4.294268 3.604114 10.245970 -14.864604 -2.451194 18.221933 -22.604334 -2.075978 9.137321 -1.667386 0.855889 9.147398 1.456431 -9.138213 6.168471 1.650954 -2.637634 4.411612 -5.952540 -29.385822 -5.985106 -0.065357 -3.966731 9.271288 -15.169547 5.137281 4.805284 -9.039786
-25.277336 -23.144365 4.204073 3.204104 10.634966 -14.806020 -2.505633 17.953146 -22.803129 -2.127135 9.241255 -1.535797 0.935637 9.191010 1.523532 -8.998298 5.984371 1.809562 -2.798844 4.224281 -6.202024 -29.539520 -6.032342 -0.196540 -3.808660 9.311608 -15.014504 5.123624 4.542691 -9.092874
-25.290722 -23.320822 4.123170 2.920852 10.741380 -14.880183 -2.423262 17.859037 -22.688707 -2.536362 9.283844 -1.629863 0.948725 9.198989 1.516296 -8.966048 5.921968 1.856664 -2.849109 4.222945 -6.437690 -29.654037 -6.175267 -0.437876 -3.752320 9.079472 -14.950953 5.115481 4.171182 -9.028514
-25.473328 -23.066854 3.806747 2.803869 10.883178 -14.827981 -2.550750 17.402140 -22.642103 -2.571391 9.331569 -1.425593 0.896275 9.188771 1.563518 -8.908092 5.714625 1.816833 -2.805707 4.191164 -6.500957 -29.636713 -6.259727 -0.816189 -3.735876 8.999002 -14.977374 4.830374 3.734934 -9.076886
-25.307575 -23.334564 4.107221 2.913636 10.730425 -14.884458 -2.439647 17.870384 -22.667837 -2.525227 9.223678 -1.555874 0.884184 9.171715 1.487253 -8.994841 5.923307 1.786214 -2.853645 4.234556 -6.413940 -29.579699 -6.167055 -0.409592 -3.833771 9.065951 -15.019318 5.093009 4.226098 -9.078123
-25.508263 -22.901821 3.710337 2.667716 10.951712 -14.830170 -2.560853 17.209799 -22.612261 -2.629640 9.295361 -1.383633 0.822350 9.249989 1.598156 -8.913983 5.710612 1.923651 -2.853119 4.121683 -6.547376 -29.654520 -6.349213 -0.738078 -3.530601 9.058772 -15.092072 4.794971 3.703813 -8.989134
-25.753971 -22.745064 3.477865 2.634048 11.318359 -14.763644 -2.589652 16.793617 -22.606829 -3.113586 9.347287 -1.404040 0.979265 9.307262 1.620996 -8.988684 5.623614 1.904322 -2.870355 3.895850 -6.861423 -29.508928 -6.697784 -0.928853 -3.416492 8.913092 -15.152074 4.708687 3.115243 -8.715286
-26.045280 -22.601366 3.142950 2.700311 11.671650 -14.999875 -2.833908 16.348932 -22.769917 -3.403381 9.284223 -1.332319 0.893718 9.311674 1.584208 -8.988677 5.556645 1.809897 -2.997420 3.803582 -6.973244 -29.440853 -6.569662 -1.115614 -3.392684 8.853407 -15.078832 4.554621 2.828345 -8.837214
-26.406658 -22.352661 2.681791 2.391484 12.106041 -15.195488 -2.710992 15.948127 -22.703482 -3.432096 9.238515 -1.065811 1.028079 9.385128 1.549420 -9.133441 5.385125 1.800089 -2.970107 3.722920 -7.390652 -29.456980 -6.646679 -1.384720 -3.376359 8.757866 -14.900350 4.131601 2.460782 -9.056529
-26.592670 -22.492386 2.736020 2.303802 12.190459 -15.122114 -2.769108 15.918044 -22.653711 -3.615758 9.210177 -1.073363 1.005793 9.443661 1.607841 -9.142973 5.385581 1.884926 -3.050764 3.726640 -7.592903 -29.442965 -6.734994 -1.523173 -3.243529 8.799185 -14.904065 4.146017 2.150273 -8.935465
-25.257113 -23.248880 4.138109 2.962409 10.838042 -14.777794 -2.566490 17.854946 -22.720465 -2.502317 9.286692 -1.618951 0.876651 9.176128 1.518759 -8.914839 5.960267 1.825821 -2.890265 4.250713 -6.391142 -29.490536 -6.129872 -0.424180 -3.796113 9.084992 -14.916697 5.057272 4.186613 -8.997839
-25.383753 -23.102037 3.743169 2.847217 10.825781 -14.759602 -2.576701 17.394781 -22.642818 -2.581827 9.338763 -1.501685 0.855121 9.144374 1.638808 -8.829345 5.714449 1.802603 -2.830929 4.175121 -6.518247 -29.564625 -6.356594 -0.900738 -3.715255 9.051232 -15.029225 4.830356 3.719184 -9.058953
-25.673197 -22.768084 3.464189 2.599422 11.389407 -14.773145 -2.691980 16.859386 -22.719419 -3.084630 9.358341 -1.535847 0.877751 9.246499 1.649166 -8.908487 5.634002 1.879815 -2.925878 4.010084 -6.844293 -29.484835 -6.681867 -0.866546 -3.457857 8.906056 -15.070317 4.693348 3.226943 -8.640819
-25.955841 -22.583471 3.198794 2.687472 11.688893 -14.971595 -2.808925 16.440672 -22.871216 -3.348590 9.297923 -1.441734 0.822181 9.276217 1.678703 -8.905618 5.553591 1.773116 -2.984103 3.853270 -6.951688 -29.328630 -6.578131 -1.066812 -3.460134 8.852332 -15.086271 4.480809 2.874063 -8.916425
