5.732835 30.807753 -5.694184 12.901088 12.184525 -1.542089 -6.217332 7.102900 -7.082438 -20.240517 2.577852 2.678319 3.672826 -9.395004 -3.162634 -4.781422 -4.148219 8.637376 -3.111730 -6.901834 6.194040 13.881837 -19.431643 2.459413 0.108758 22.263350 9.604833 -21.321711 -3.746429 11.630864
5.967299 30.823566 -5.409371 12.728998 12.472748 -1.622561 -6.107327 7.254123 -7.018372 -20.626730 2.656714 2.519402 3.524148 -9.507753 -3.176286 -4.629664 -4.285738 8.644550 -3.276835 -6.696334 6.164436 14.022797 -19.903936 2.500432 0.084162 22.282866 9.735823 -21.345510 -3.713251 11.443395
4.811574 28.515656 -6.439713 12.255074 9.557585 0.974041 -7.603243 7.211857 -6.969449 -21.188848 3.259228 3.154802 4.413592 -8.689566 -2.734335 -4.550735 -4.410881 8.030606 -3.195301 -6.426375 7.340937 13.159207 -19.726440 2.981447 1.768779 21.634968 10.794034 -20.085575 -5.637105 11.206504
5.472600 29.566195 -5.756607 12.451348 10.501834 0.461390 -6.532897 7.229366 -7.165619 -21.359234 2.975235 3.082843 4.225594 -8.798320 -3.107623 -4.864441 -4.407712 8.370007 -3.227662 -6.604398 6.958789 13.835801 -18.632143 2.589033 1.376382 22.203333 9.591202 -20.735003 -5.185896 11.639962
5.208086 28.620300 -6.140499 11.569986 8.495815 3.068643 -6.398533 6.870229 -7.591013 -21.951365 3.312601 3.511907 4.500260 -8.349578 -2.831690 -4.630047 -4.690091 8.129807 -3.328077 -6.424850 7.877292 14.625340 -18.788740 3.618735 2.213962 21.933311 9.475478 -19.726259 -6.836424 11.196101
5.126833 27.531063 -6.335949 11.226976 6.898066 4.939693 -6.385486 7.095389 -7.929254 -22.554247 3.632661 3.773290 4.857079 -7.813492 -2.361956 -4.422949 -5.022919 8.053760 -3.426697 -6.028221 8.393561 15.224926 -18.663965 4.037203 2.665238 21.618021 9.515977 -18.953726 -8.084092 10.743556
4.837247 26.893290 -6.391157 10.787436 6.287655 5.913230 -5.839944 6.862717 -8.333297 -22.935095 3.929493 4.244211 4.997293 -7.442217 -2.012168 -4.165576 -5.315941 8.100138 -3.407274 -5.757332 9.076886 16.397675 -18.391691 4.778290 3.026610 21.670141 8.654870 -18.585266 -9.128043 9.812580
5.150183 26.597095 -6.356420 10.640036 5.732055 7.210389 -5.066684 6.697856 -8.695284 -23.604063 4.164183 4.668811 5.046692 -7.228611 -1.739584 -3.811519 -5.601492 8.463963 -3.415568 -5.399741 9.547215 17.003595 -18.361685 4.796254 3.324370 21.546030 8.390857 -18.191969 -9.937073 9.406475
5.697298 26.092407 -6.295416 10.936068 5.482317 8.378726 -4.019252 6.665468 -8.907664 -24.408529 4.370960 4.945404 4.996760 -7.016932 -1.599079 -3.673980 -5.871794 8.494625 -3.455287 -5.251590 10.456140 17.085716 -18.304720 5.563447 3.874974 21.277304 8.168215 -17.545595 -10.772730 9.190381
6.105426 25.486088 -6.357964 11.174171 5.655404 8.898476 -3.196616 6.443286 -8.723135 -25.048204 4.446523 5.199832 4.643322 -6.888480 -1.704589 -3.726552 -6.255070 8.712112 -3.491280 -5.164992 10.575896 17.062311 -18.324080 6.182935 4.555326 21.108618 8.195370 -17.182829 -11.501730 9.046434
7.158499 24.662580 -6.347208 11.573624 5.765440 10.033317 -2.480876 6.447435 -8.298089 -26.094149 4.472413 5.052016 4.409126 -6.686315 -2.163935 -4.287050 -6.707602 8.354899 -3.579713 -5.092109 11.142062 16.500017 -18.297739 6.784873 5.321146 20.767508 8.697700 -16.393047 -12.256764 9.312732
7.760217 23.786934 -6.658909 11.894591 6.674634 9.459538 -2.374473 6.388532 -7.445977 -26.784264 4.560095 4.609914 4.271959 -6.656513 -2.499983 -4.589231 -7.124534 7.874670 -3.797547 -4.937044 11.873399 15.599949 -19.379488 7.752004 6.074612 20.259363 9.683118 -15.722816 -12.640325 9.611859
8.394551 22.827053 -6.889295 12.194870 7.637276 8.850202 -2.728005 6.576217 -6.322411 -27.489367 4.517079 4.042356 4.427734 -6.746344 -3.134281 -5.160176 -7.460944 7.348912 -4.000884 -4.640855 12.376821 14.613111 -19.336927 8.350522 6.484997 20.192343 10.506929 -15.102669 -12.655919 10.448160
8.881570 21.962885 -7.180545 12.487331 8.992134 7.877260 -2.994720 6.695292 -5.321917 -28.151529 4.425732 3.511031 4.640669 -6.784346 -3.703132 -5.550241 -7.571751 6.905505 -4.276983 -4.497463 12.920827 13.653001 -19.333416 8.825637 7.179652 20.231588 11.400822 -14.162174 -13.015246 10.706758
9.026294 21.481380 -7.319373 12.194546 10.622437 6.156004 -3.872534 7.010428 -4.371440 -28.543135 4.476599 2.955250 4.941774 -7.050431 -4.002201 -5.524119 -7.639024 6.475052 -4.597166 -4.075180 13.415419 12.868767 -19.685312 9.018780 7.881736 20.427881 12.763678 -12.929102 -13.477337 10.705741
9.049644 21.432350 -7.136777 11.764715 11.995239 4.496614 -4.468994 7.504298 -3.823765 -28.724613 4.466362 2.343248 5.649921 -7.085023 -4.078570 -5.680995 -7.513359 6.193928 -4.800285 -3.724190 13.581817 12.316303 -19.853991 9.485406 8.646816 20.696548 13.594464 -12.001230 -14.021269 10.985081
8.843991 21.658548 -7.222879 11.139322 13.362226 2.652483 -5.336271 7.823769 -3.282928 -28.616959 4.347456 1.944144 6.540138 -7.056522 -4.120087 -5.761365 -7.251586 6.252681 -4.952793 -3.318204 13.337739 11.526684 -19.325724 9.346061 9.406185 21.106451 14.565253 -11.145311 -14.625193 10.803235
8.637173 21.839842 -7.365584 10.740570 13.608404 1.739622 -6.104635 8.313342 -3.059277 -28.449728 4.273171 1.508817 7.050481 -7.118296 -3.966196 -5.771144 -6.978355 6.360764 -4.990945 -3.002037 13.393023 11.209587 -19.465986 9.616676 9.939497 21.421652 15.039191 -10.481921 -14.988755 10.589561
7.842277 21.942009 -7.430457 10.512352 14.636368 0.594579 -6.257439 8.402205 -2.830471 -28.302959 4.146311 1.275057 7.759481 -7.307168 -3.757996 -5.560085 -6.592623 6.784599 -4.959344 -2.300749 13.162791 9.968361 -19.560204 9.789167 10.788974 21.489851 16.219963 -9.983830 -15.468117 10.068936
7.053651 22.390802 -7.316235 10.366502 15.590572 -0.691522 -6.794502 8.469618 -2.693516 -27.794266 3.944979 0.995663 7.979656 -7.467713 -3.595557 -5.572781 -6.395826 7.213444 -4.868970 -2.023340 12.727423 8.979109 -19.747099 9.672919 11.170263 21.330414 16.979155 -10.002244 -15.613861 9.868186
6.604478 22.326138 -7.295424 10.111979 15.866570 -1.124296 -6.787866 8.343491 -2.791825 -27.561918 4.017798 0.811713 7.966585 -7.554099 -3.387559 -5.350993 -6.369805 7.197580 -4.975760 -1.803354 12.758820 8.684504 -20.408426 9.846910 11.347546 21.188612 17.491056 -9.688663 -15.814310 9.387195
6.611479 22.555923 -7.123194 10.059406 15.848600 -1.138976 -6.796992 8.385535 -2.930994 -27.482019 3.975676 0.801023 7.887370 -7.642881 -3.360009 -5.328537 -6.344427 7.324181 -4.968009 -1.739647 12.718554 8.564626 -20.512276 9.937427 11.448105 21.194479 17.618324 -9.626777 -15.781377 9.404552
6.675647 16.216227 -8.704179 6.663119 6.237872 8.972465 -12.269880 9.883647 -3.518207 -29.798544 4.577006 2.167076 6.833885 -6.045413 -2.736561 -6.232658 -7.195069 5.461106 -3.239992 -2.795255 17.574297 8.975167 -17.968115 6.252404 6.162108 13.449786 16.313929 -10.298867 -15.995920 10.499019
6.063186 12.907917 -10.777063 7.761659 7.599468 10.051282 -8.529400 7.900560 -4.436384 -30.414717 5.299516 3.195619 6.836886 -5.444484 -2.358974 -5.821371 -7.736207 4.836761 -3.032835 -1.372097 20.565781 7.875487 -18.409258 7.727750 7.035207 11.369364 15.786435 -9.472878 -17.370113 8.223742
5.062458 10.828918 -12.769353 7.252894 7.916430 9.340756 -9.213813 7.317501 -4.402763 -30.575270 5.608886 4.153552 6.697619 -5.247777 -1.979089 -5.416118 -7.929817 4.708420 -2.835474 -1.083658 21.342405 7.744032 -17.487310 7.750726 7.365350 10.090306 16.269056 -8.967432 -18.871965 7.463171
-1.607744 3.164231 -7.915970 4.131992 12.387943 20.132128 -3.520504 8.609509 2.211704 -25.338503 8.005930 5.529276 4.862177 -3.999772 -3.250084 -4.865052 -4.796583 1.702602 -4.109228 2.550845 15.279175 4.684590 -16.168123 11.964591 2.384445 5.139608 6.394744 -1.916677 -24.103682 6.722482
-2.295871 0.826124 -6.524737 1.448279 14.241601 20.808737 -1.841340 9.637002 3.207276 -24.996397 8.999674 5.322161 4.181666 -3.663130 -3.280051 -4.291983 -4.261891 0.615211 -4.615010 4.017872 14.488193 3.041366 -14.264578 14.045702 1.393807 3.831326 2.447646 -0.915388 -25.181728 3.923936
-5.752804 -2.101055 -5.449780 -1.398372 15.298834 21.987064 -1.299395 8.393209 3.211137 -24.305767 9.773749 5.228143 3.483238 -2.752062 -2.723824 -4.340940 -3.973256 0.022360 -4.321891 4.774264 11.794799 0.336895 -13.208915 13.797917 1.998721 2.095424 0.159368 -0.686784 -27.134027 2.368413
-5.784607 -2.698986 -6.903752 -2.122705 18.397646 18.774858 -2.080651 7.412177 3.336873 -24.125223 9.663363 5.056242 2.698633 -1.925280 -2.500635 -5.166245 -4.856054 0.114294 -4.120223 4.288343 10.038994 -1.270367 -12.217045 12.105313 3.236823 2.512183 2.450892 -0.751570 -27.636007 2.451019
-2.819457 -0.587401 -9.054572 -2.954306 24.126184 14.819581 0.258953 4.724659 1.282657 -26.071482 9.346009 6.306981 2.532372 -1.596981 -3.291856 -6.094613 -7.201131 1.548188 -3.604067 4.280148 9.862302 -0.355846 -13.487699 11.079087 5.686516 5.392602 7.873558 1.107629 -29.279215 -1.680535
-1.469029 2.089092 -11.069467 -2.494468 25.288164 11.939229 1.503618 2.122202 -0.132496 -25.093119 8.740920 6.719933 1.713713 -1.486774 -3.289994 -6.200033 -8.476227 2.777080 -3.440918 3.620771 8.241352 -0.519094 -12.585182 8.350833 7.284410 7.390544 10.879307 0.861545 -30.026133 -2.178924
-4.370173 1.588576 -10.776450 -1.044132 25.069693 15.425297 1.975432 0.276403 -0.346837 -22.926878 9.445047 7.563830 0.901586 -1.482705 -2.805784 -5.275551 -7.430357 2.418151 -3.101367 4.145493 6.078294 -1.375405 -12.336187 8.149776 6.574694 6.955884 7.849623 1.654026 -31.177126 -3.126179
-1.256205 4.001649 -13.297910 -1.687047 25.646006 9.278146 1.538420 0.221993 -1.153082 -25.032515 8.237068 7.053132 1.550068 -1.366320 -3.214423 -6.667221 -9.308912 4.020848 -2.933361 2.705972 7.739711 -0.037376 -13.629002 6.139901 8.582399 8.996107 13.698634 0.149672 -29.941420 -2.428841
-1.354284 5.821604 -12.839980 0.587422 26.788582 9.231391 1.539170 -2.301892 -2.670712 -25.454189 8.470052 7.528435 0.903156 -1.563258 -3.394489 -6.369386 -9.735355 4.989772 -2.436678 2.143755 6.096582 -0.134711 -14.116880 2.591812 10.435286 10.939739 14.001491 0.472938 -31.774923 -1.491353
-3.140598 2.740930 -12.352078 0.736132 25.888788 13.347396 1.782368 -0.709078 -0.622967 -23.750307 9.022853 7.870772 0.961184 -1.558345 -3.110790 -5.753836 -8.256826 2.997100 -2.867680 3.342624 6.671287 -0.544522 -13.039196 6.688738 7.639153 7.994671 10.522252 1.741791 -31.273146 -1.854414
-4.030249 4.299084 -12.162817 2.818885 26.121384 13.512557 1.584064 -3.106728 -2.216025 -23.587713 9.491726 8.578105 -0.281945 -1.622904 -2.890810 -4.638272 -8.592958 3.639891 -2.910335 2.285712 4.154255 -0.153770 -12.795487 3.687595 8.962704 10.233925 10.022008 2.206032 -33.095463 -0.613590
2.493127 7.653689 -14.203819 -1.392678 26.386204 3.653511 0.501996 -0.641710 -4.079820 -28.392698 6.996370 6.088857 2.308403 -1.505261 -3.138029 -7.572294 -11.225950 6.417781 -2.761055 1.093095 9.512193 1.232891 -14.700454 2.437361 11.857019 12.000056 18.967100 -2.111549 -29.693880 -2.201373
2.009758 7.218574 -14.081174 -1.536446 26.620630 3.855445 0.702050 -0.539392 -3.379159 -28.129074 7.119536 6.020651 2.116423 -1.598784 -3.109987 -7.405103 -11.204517 6.407841 -2.763428 1.305192 9.155163 1.100181 -14.850531 2.564535 11.653687 11.785843 18.332872 -1.973278 -29.890982 -2.097713
1.556918 6.135151 -13.953492 -3.239362 26.347754 5.514107 2.267856 0.842867 -1.669872 -25.992432 7.588223 6.299762 1.759187 -1.492421 -3.025229 -6.948514 -10.718573 5.990561 -2.985677 2.032527 8.764585 0.477828 -13.386868 4.984677 9.617065 10.270854 16.788301 -0.742736 -29.242216 -3.060978
3.483350 8.689831 -16.273983 -2.383876 24.792414 0.131956 0.766746 -0.086789 -4.618778 -28.096292 6.390402 5.306991 2.910757 -1.381955 -2.418124 -7.736640 -11.866663 7.643403 -2.620809 0.510375 10.938906 1.317446 -13.796444 3.740292 12.288907 12.428484 22.089300 -3.567071 -27.198523 -2.843140
4.222336 9.955114 -16.697229 -2.088286 24.200441 -3.027624 -0.451868 -0.627658 -6.667926 -30.810411 6.076338 4.968042 3.145105 -1.426293 -2.060214 -7.697653 -12.294977 8.052444 -2.615672 0.023896 12.404932 1.518451 -13.382434 2.997909 13.843105 13.070190 23.285583 -5.168377 -26.853067 -2.830687
3.682786 6.532403 -15.293650 -1.625926 18.408585 -3.678211 -8.391587 4.254250 -3.901420 -33.440968 6.138025 1.937396 5.585264 -1.372305 -2.099190 -8.258451 -11.133432 5.556607 -4.051130 0.065689 16.456894 2.823718 -8.925008 4.348809 12.604770 9.900335 20.191965 -8.813737 -24.309868 3.403658
-3.058020 2.069432 -13.600339 -3.586982 21.547495 5.874459 -5.427649 3.068779 4.137681 -25.395514 8.106151 3.611936 2.998330 -0.671242 -2.559361 -7.268263 -8.519386 2.325265 -4.123466 1.772223 8.354064 1.419365 -9.231056 7.778598 7.110555 5.776783 11.908666 -3.890254 -27.976570 1.767931
-3.142536 2.989431 -15.837269 -5.231314 22.141035 1.826952 -5.714359 1.713040 3.694018 -25.322977 8.194146 3.273695 2.400146 -0.051204 -1.680115 -7.402597 -9.680613 3.544280 -4.051942 -0.128844 5.359863 0.938584 -7.666257 5.729684 8.257869 6.814115 15.227813 -6.202708 -28.182264 0.674025
-0.640405 6.127185 -17.398623 -9.552881 22.268871 -3.604986 -4.289198 2.562455 3.852596 -24.977274 7.696692 1.772115 1.722412 0.139396 -0.692266 -7.315286 -11.114832 5.741090 -4.908034 -1.156340 3.906979 -0.979344 -4.875248 3.375683 8.119509 8.093655 18.962332 -9.000806 -26.337511 -0.215031
-0.884543 7.869263 -17.925688 -10.827368 21.324537 -6.107463 -5.262888 1.963117 2.941995 -24.218285 7.661597 0.994572 1.497999 0.363000 0.325910 -6.518610 -10.888481 7.409389 -5.378392 -1.583083 2.511453 -3.077317 -2.653308 3.790029 8.005820 8.386457 20.210205 -11.153051 -24.521542 -0.161957
-2.483904 11.046686 -17.987461 -11.066115 20.224697 -10.813091 -7.423064 0.208812 -0.432728 -27.819702 7.164200 -0.322960 2.023428 0.546554 2.061827 -5.680044 -10.530533 9.221823 -5.997872 -1.964908 4.413075 -6.199027 -0.683203 1.236658 11.282530 8.833748 20.151615 -16.315437 -23.177526 1.447537
-3.537554 13.212091 -16.755365 -12.223688 18.793879 -11.908431 -7.810958 0.676946 -1.850177 -29.092623 7.545378 -1.143618 3.428977 0.668356 3.236705 -4.307166 -9.844069 10.344917 -7.037882 -1.437564 5.733736 -7.179377 -0.599928 2.806402 10.687018 9.073000 18.723867 -18.149643 -20.750990 0.483817
-3.942936 15.202690 -16.116158 -13.338793 17.925001 -13.321189 -8.880311 1.656972 -3.271978 -28.380857 7.344001 -1.718616 4.398813 0.334212 3.740952 -3.625485 -9.205029 10.702715 -7.133659 -1.162250 8.287406 -7.440394 -1.175818 4.351627 11.269779 9.706707 18.043039 -19.163857 -18.793940 0.131507
-4.715706 15.494419 -14.615523 -12.417713 16.171923 -12.656253 -8.896135 2.752543 -3.479026 -28.694777 6.972246 -2.170623 5.399175 -0.091354 4.434606 -2.879082 -8.529377 10.965969 -7.286698 -1.061979 8.577308 -7.854405 -1.255615 5.818664 11.220368 9.893215 17.192492 -20.412840 -16.893847 0.786092
-4.801186 15.553021 -13.352097 -12.860224 13.228342 -11.598773 -8.377378 4.571859 -2.789542 -28.823713 6.743537 -2.368620 6.677685 -0.321402 4.713397 -2.071555 -8.018866 11.138304 -7.743036 -0.855336 9.805395 -8.326900 -1.361021 8.253419 11.097195 9.350372 16.719988 -21.767824 -15.123671 2.387515
-5.280591 15.526952 -12.013890 -12.485631 12.058308 -10.600680 -7.866385 5.933755 -2.866516 -29.900715 6.904467 -2.337396 7.766749 -0.781477 4.474226 -1.235850 -7.424555 10.921076 -8.081272 -0.171813 10.210690 -8.783973 -1.409204 9.913469 11.020222 8.376268 15.023067 -23.817122 -14.220816 2.687939
-4.589153 15.176686 -10.414502 -12.186124 11.265038 -8.121106 -7.997287 7.113819 -2.203224 -31.421368 7.022041 -2.913604 8.888442 -1.310108 4.437979 -0.628743 -7.016042 10.689141 -8.483741 1.231298 12.047842 -7.991676 -1.463552 11.849921 10.349598 7.651833 12.419475 -24.242476 -13.342006 3.187004
-4.848565 14.968548 -9.469236 -12.849210 9.825987 -5.326806 -9.062449 6.306744 -1.616046 -32.791447 7.060068 -3.438474 9.729254 -1.764288 3.887527 -0.630925 -6.668847 9.820251 -8.676373 2.144769 13.472758 -7.408689 -2.261966 14.620124 10.592164 6.812142 9.913308 -24.492628 -13.085803 3.939018
-4.560802 14.906418 -8.022839 -13.319784 7.688336 -2.563153 -11.046284 5.855945 -0.464857 -32.563732 7.250438 -4.407845 10.411945 -1.859777 3.403622 -1.052124 -6.045949 8.329213 -9.296314 2.255325 15.395024 -5.983268 -2.417521 17.006973 9.954170 6.435583 7.633576 -25.062563 -11.607430 5.458527
-13.511642 9.071890 -6.043243 -11.648132 9.195826 13.960567 -11.052246 4.860089 9.714007 -20.295156 10.268620 -0.377060 7.050584 -0.818656 2.329707 -0.223255 -0.322907 2.409426 -8.873878 1.908432 5.448879 -3.760303 -4.932328 16.349358 -0.131653 1.403399 -3.824225 -16.661489 -17.494310 5.282021
-21.055174 2.015227 -0.241894 -11.590286 3.756016 26.422392 -15.011121 5.972707 12.835885 -11.972438 11.914616 1.798176 3.945568 -0.291530 2.210063 0.351124 2.251881 0.973724 -7.227736 0.710849 -2.836611 -5.536058 -9.491803 14.721267 -2.355993 0.339927 -8.840476 -12.702342 -21.075148 7.304579
-22.168694 -0.323629 -1.489649 -12.396067 4.059561 24.146524 -12.701898 5.572528 13.000142 -12.571050 11.612819 2.593626 3.079036 -0.328082 2.173435 -0.115062 1.829908 1.652493 -6.724454 0.510937 -3.269044 -5.646146 -9.228958 13.423686 -1.749564 0.952121 -7.670347 -9.596317 -21.903826 7.267220
-22.249876 -4.352082 -2.629459 -0.118348 3.573891 29.028128 -13.079133 6.345241 11.071538 1.645045 12.332979 2.094385 0.160781 0.358942 2.123399 -2.713974 5.361983 -1.483819 -3.027190 -3.205326 -7.985169 -7.656099 -12.718687 12.141462 -1.921226 2.960438 -7.807481 -2.041599 -21.534859 10.036714
-22.013199 0.163019 0.120562 -9.477326 3.025306 25.779617 -12.382553 5.113323 12.808084 -12.213701 11.443609 1.703090 3.739275 -0.353105 2.481201 -0.179195 2.489735 1.859241 -6.619452 -0.259839 -0.060738 -5.145472 -10.271918 14.862420 -1.843489 1.275689 -8.002180 -9.438279 -20.002825 8.922570
