-0.322142 25.847454 -10.044857 4.898882 3.533645 -6.340451 10.490319 12.010463 18.810434 -7.587358 -3.353626 6.318566 -0.583622 -9.708351 9.722117 0.097557 -1.783164 -0.049665 -4.868035 -6.183416 -2.755092 16.158772 -16.553308 15.353924 -15.325090 18.766754 10.664954 -12.905438 -0.091194 8.173945
-0.117421 25.901112 -9.744988 4.714284 3.874635 -6.364874 10.523494 12.131224 18.826332 -8.005908 -3.347717 6.388811 -0.579070 -9.681787 9.728208 0.126856 -1.810619 -0.073965 -4.892455 -6.169984 -2.795703 16.267786 -17.034849 15.360084 -15.324492 18.791702 10.788797 -12.894654 -0.106280 8.040854
-1.330217 23.459530 -10.851390 4.052891 0.933825 -3.710711 9.077310 12.169646 19.107080 -8.284829 -2.924017 6.380902 -0.314335 -9.032021 10.022297 -0.042512 -2.259741 -0.542065 -4.986895 -5.707438 -1.935297 15.459563 -16.842033 16.248047 -14.125746 17.926928 11.746238 -11.367217 -1.974094 7.599066
-0.500178 24.660759 -10.043243 4.466635 1.974236 -4.117339 10.262071 12.187337 18.720982 -8.529034 -3.025988 6.565007 -0.406064 -9.189484 9.910739 0.021935 -2.149247 -0.402572 -4.975080 -5.999754 -2.228672 16.533094 -17.106829 15.871869 -14.636709 18.465540 11.058093 -11.910890 -1.421889 7.594367
-0.757319 23.707466 -10.431492 3.612936 -0.045191 -1.576083 10.407681 11.853160 18.265028 -9.131493 -2.691604 6.897268 -0.022460 -8.731926 10.061798 0.127568 -2.425494 -0.698398 -5.056147 -5.816310 -1.248876 17.266031 -17.287321 17.019720 -13.721656 18.158167 10.947406 -10.880935 -3.140259 7.201094
-0.824905 22.695572 -10.681515 3.271826 -1.744624 0.275056 10.439908 12.030951 17.935724 -9.722765 -2.338238 7.404456 0.480868 -8.126333 10.587547 0.479094 -2.647734 -0.744117 -5.031918 -5.551465 -0.740299 17.807873 -17.171255 17.341599 -13.249327 17.845205 11.010390 -10.138315 -4.313006 6.787363
-1.159103 22.045284 -10.710944 2.818494 -2.364017 1.234554 10.942214 11.802942 17.528234 -10.137569 -2.060285 7.664309 0.756896 -7.731997 10.664059 0.655227 -2.972267 -0.693592 -5.246111 -5.207826 0.023255 18.914774 -16.954424 18.066420 -12.827587 17.871031 10.169500 -9.824278 -5.318460 5.847923
-0.875112 21.717529 -10.641928 2.548428 -2.968062 2.413411 11.728904 11.685674 17.199713 -10.772276 -1.834797 8.132526 0.722478 -7.399951 11.064239 0.913155 -3.134110 -0.406871 -5.172917 -5.169368 0.383202 19.568190 -16.920521 18.211838 -12.559780 17.795897 9.899873 -9.403809 -6.152427 5.400405
-0.333465 21.175814 -10.650661 2.918699 -3.246973 3.490146 12.877172 11.638450 17.230055 -11.513786 -1.646734 8.327814 0.717451 -7.079276 11.283770 0.898385 -3.298982 -0.420760 -5.165244 -5.218677 1.199714 19.668955 -16.874138 18.880934 -12.079782 17.463099 9.686557 -8.822486 -7.005008 5.208879
0.062953 20.525467 -10.679598 3.044890 -3.222756 4.142694 13.607940 11.520334 17.359259 -12.188788 -1.501383 8.894938 0.425766 -6.992058 11.548332 0.949791 -3.439678 -0.600838 -4.788431 -5.371524 1.462595 19.729298 -16.900743 19.464710 -11.438517 17.271173 9.631929 -8.424855 -7.770709 5.079242
1.062897 19.728886 -10.630141 3.501529 -2.949313 5.106758 14.406471 11.482093 17.875996 -13.223300 -1.307753 9.117174 0.147845 -6.969921 11.564559 0.725574 -3.545961 -1.216236 -4.350524 -5.591363 1.972707 19.038322 -16.990639 19.986452 -10.538140 16.971788 10.011995 -7.777119 -8.558399 5.277193
1.531325 18.761465 -11.012689 3.765737 -2.268649 4.624345 14.534013 11.410866 18.763857 -13.888612 -1.238329 9.143354 0.193207 -6.904744 11.562654 0.528154 -3.636429 -1.899560 -4.131500 -5.646808 2.608972 17.994238 -17.108313 20.897163 -9.746736 16.570200 10.777796 -6.995461 -9.014104 5.989526
2.259794 17.810448 -11.273636 4.037145 -1.203009 4.078082 14.175877 11.569609 19.917818 -14.653123 -1.238247 9.543164 0.387758 -6.896307 11.829223 0.560789 -3.551389 -2.745442 -3.743058 -5.722417 3.067530 17.039057 -16.998404 21.662725 -9.407675 16.509270 11.557868 -6.435554 -8.949520 6.729558
2.712246 16.943150 -11.613686 4.300105 0.141067 3.049514 13.952800 11.641722 20.954126 -15.309404 -1.199512 9.706061 0.628269 -6.820032 11.772572 0.510868 -3.471386 -3.359418 -3.593683 -5.696682 3.491093 16.048073 -16.955759 22.029396 -8.762642 16.533699 12.619481 -5.486501 -9.303511 7.011644
2.824765 16.490654 -11.718180 3.984535 1.763019 1.261583 13.048189 11.968908 21.886963 -15.693782 -1.108667 9.751564 1.061429 -6.951466 11.824437 0.593576 -3.233686 -4.054060 -3.425836 -5.579005 4.045118 15.142156 -16.805887 22.274012 -8.050876 16.698263 13.694413 -4.272472 -9.782913 7.180524
2.852827 16.336021 -11.569152 3.553663 3.083025 -0.413106 12.378758 12.496976 22.530846 -15.902039 -1.068437 9.381584 1.710351 -6.984791 11.932892 0.638695 -2.993012 -4.363290 -3.507148 -5.275793 4.195788 14.573420 -16.997194 22.711061 -7.264471 16.963991 14.620463 -3.285374 -10.314959 7.468877
2.688215 16.527504 -11.646764 2.976125 4.446459 -2.225267 11.499679 12.831986 23.054918 -15.792376 -1.062252 8.896250 2.463863 -7.107670 12.168231 0.777432 -2.756457 -4.525126 -3.567054 -4.852304 4.192951 13.965662 -16.909410 22.706682 -6.494623 17.395452 15.690054 -2.348795 -10.981168 7.156599
2.480250 16.759235 -11.779509 2.526994 4.725298 -3.188842 10.697029 13.344674 23.238054 -15.649508 -1.081481 8.418970 3.017432 -7.277676 12.279415 0.911991 -2.473384 -4.440693 -3.713341 -4.508878 4.199697 13.647366 -17.059469 22.939510 -5.978843 17.682476 16.177637 -1.750687 -11.319700 6.942806
1.754705 16.769541 -11.912650 2.328801 5.747509 -4.307653 10.481480 13.414554 23.527643 -15.500136 -1.104649 8.004386 3.698269 -7.341468 12.413561 1.091691 -2.188017 -4.250386 -3.883213 -3.845120 3.899681 12.240005 -16.694712 23.072613 -5.100845 17.769674 17.197359 -1.270426 -11.806671 6.567347
1.021508 17.263870 -11.803498 2.167918 6.685017 -5.601935 9.880307 13.509453 23.641304 -14.992390 -1.199615 7.684743 4.136671 -7.486162 12.475679 1.052143 -2.054862 -4.077006 -3.931360 -3.430480 3.502917 11.290326 -16.887094 23.037762 -4.673236 17.652342 17.918751 -1.290765 -11.954310 6.263132
0.605590 17.507874 -11.631280 2.048391 7.076826 -5.993505 9.804368 13.371078 23.303072 -14.738155 -1.158561 7.670577 4.227242 -7.440953 12.478304 1.120958 -2.018098 -3.892255 -4.028807 -3.189329 3.503919 10.827711 -17.557093 23.066412 -4.398779 17.597486 18.455931 -1.009450 -12.014397 5.873308
0.107786 17.798223 -11.091603 0.871045 7.227531 -5.731750 9.929234 13.418478 22.008181 -14.822449 -1.014803 8.030210 4.451194 -7.194206 12.644485 1.258016 -1.893761 -3.978125 -4.027136 -2.964247 4.116385 10.664485 -17.976770 23.548515 -4.929997 17.028311 17.942469 -1.569064 -11.536221 5.875331
1.111180 15.172186 -12.737995 1.833699 4.189194 -4.366837 7.462680 13.899621 24.028936 -14.966543 -1.303302 7.070449 3.775601 -7.263278 11.907754 0.195205 -2.657915 -3.848137 -4.115926 -2.995052 4.910336 11.373780 -16.809576 23.029282 -5.185403 16.109867 17.433176 -0.747741 -12.069514 6.312082
0.459031 12.683310 -13.783298 -0.503561 -1.224167 -0.101456 4.458923 14.089405 23.957327 -15.427221 -1.199930 6.189181 2.179213 -6.738044 10.747100 -1.213958 -3.964592 -3.864647 -4.813853 -2.635444 6.346575 12.375669 -15.090478 19.068096 -9.447733 11.437723 17.134806 -1.794695 -12.406812 7.207884
0.208015 11.370390 -13.784551 -1.452074 -4.406498 4.932714 4.704249 14.201871 22.438921 -16.355278 -0.699381 6.413373 1.315755 -6.066984 10.448135 -1.413850 -4.481873 -3.669098 -5.213333 -2.309185 7.592334 11.111141 -14.799012 18.412403 -10.052473 9.167906 17.459066 -2.236094 -12.089664 6.777530
0.026998 11.090899 -14.063724 -1.356218 -5.242940 5.687232 4.814745 13.961172 22.149439 -16.140430 -0.599792 6.403659 1.180815 -6.048459 10.338924 -1.576819 -4.641921 -3.645706 -5.146576 -2.298506 7.629601 10.927931 -15.019790 18.343353 -10.113619 8.731796 17.531607 -2.423956 -12.150509 6.514945
-0.698626 9.230038 -16.021521 -0.950472 -3.679765 5.923851 5.827218 12.633503 21.499723 -16.015350 -0.276827 6.714526 1.424919 -5.484087 10.220614 -1.502075 -5.063629 -3.553759 -5.341697 -1.772087 8.918500 11.047797 -14.760106 18.341759 -10.177070 7.111647 17.201761 -1.964394 -13.641054 5.265793
-1.353045 5.629076 -17.687487 -0.593229 -1.549685 5.212172 6.238840 12.173254 21.472265 -16.974031 0.149333 6.695258 1.948678 -5.039211 10.438257 -0.815891 -5.807024 -3.633497 -5.952621 -0.549309 11.292350 10.349619 -14.246741 19.582382 -8.850030 6.015262 18.090124 -0.462496 -15.503928 3.847835
-2.573760 2.289316 -16.010221 -2.148010 2.296257 6.726701 7.022881 11.803318 21.296890 -19.138800 3.433686 6.600936 2.112582 -4.573027 8.546620 -0.239965 -5.412806 -2.575772 -4.516604 -0.077470 10.963099 8.863567 -15.194818 19.261211 -7.342898 5.223534 16.401354 2.143854 -18.942455 3.479425
-7.145307 -1.403773 -11.192545 -2.498082 7.319526 13.638752 8.227389 10.575589 20.882698 -19.537516 6.231311 7.861022 1.403985 -3.989995 5.816789 0.143070 -3.682033 -3.734584 -4.371044 2.104774 8.776578 5.266938 -13.476887 18.336874 -5.668471 3.131786 6.767467 3.599329 -23.440638 3.065225
-7.961316 -3.775286 -10.749819 -5.381474 10.345150 12.484744 7.519186 9.757812 19.962133 -20.383059 6.918561 7.897315 1.570199 -3.321502 5.528187 -0.335361 -3.439434 -4.848354 -3.710329 2.892262 7.704715 2.596747 -11.726428 18.324625 -4.230351 2.252519 4.682227 3.392776 -24.880426 1.566033
-11.523450 -6.272424 -8.562683 -6.681783 11.740608 18.812599 7.339939 8.789395 18.810841 -18.962976 8.374268 8.074812 0.304780 -2.828109 5.276929 -0.654876 -2.201935 -5.861658 -3.015863 3.511825 5.537318 -0.211105 -11.622114 17.873642 -4.419205 0.226382 0.956413 2.831478 -25.857174 0.653777
-10.927265 -5.202902 -11.034461 -6.665396 14.939596 13.328010 9.683529 6.779773 19.538836 -19.105911 8.018427 8.840670 -0.008906 -2.008879 6.138129 -1.172056 -3.560790 -5.354125 -2.551006 2.924455 4.692128 -0.281460 -12.069122 16.512691 -2.454775 2.353126 5.787217 4.505094 -27.820818 -1.287976
-10.739189 -4.157510 -11.994512 -7.530685 16.975100 12.145481 11.878057 4.895084 18.899166 -18.714304 7.869714 9.348612 -0.531873 -1.812554 6.008939 -1.321347 -4.341381 -4.356400 -2.358202 3.220696 3.756588 -0.706568 -12.048291 16.158512 -1.462646 3.004805 7.042226 4.725442 -28.377174 -3.162398
-9.170879 -2.984437 -12.841559 -8.268658 17.912180 9.164981 12.009449 4.146638 18.632689 -18.933756 7.497521 9.752970 -0.888808 -1.758504 6.163734 -1.330320 -5.200404 -3.891818 -2.066517 3.026159 2.824250 -0.399793 -11.072527 15.122926 -1.004896 4.160416 8.722064 4.915396 -28.512711 -4.268122
-7.960986 -0.766848 -15.343509 -7.437932 17.768250 4.812364 14.200556 2.801710 18.689787 -18.629496 6.286251 10.243716 -1.277567 -1.755962 7.125904 -1.286820 -6.321736 -2.793525 -2.076831 1.707956 2.219392 1.680789 -12.471088 14.240497 -0.797915 6.344951 12.754587 5.408731 -28.237436 -5.045851
-5.042144 1.624354 -16.887987 -8.196024 18.173616 0.016679 14.790371 3.253407 18.119999 -19.938187 4.880413 10.972187 -1.206417 -1.697929 8.784834 -1.409652 -7.007908 -2.519533 -1.729370 0.356993 2.647310 2.237758 -11.514178 13.904387 -0.764301 7.665922 17.098734 4.717394 -26.896053 -5.142191
-3.432055 2.980694 -18.042536 -8.380873 18.190607 -1.143076 14.397000 3.538538 17.087158 -19.277552 4.188642 10.612270 -1.024605 -1.638250 9.663737 -1.512770 -7.648457 -1.833633 -1.673124 -0.220370 3.113856 2.224404 -10.504380 14.485576 -0.919884 7.948943 18.576471 4.053833 -25.836092 -5.332479
-7.660363 -0.247164 -16.241858 -6.880783 17.489962 4.023878 14.136215 2.519332 18.232756 -18.619093 5.913431 10.678401 -1.602340 -1.809138 7.461842 -1.210776 -6.441568 -2.789913 -2.115850 1.430064 2.418808 1.569346 -12.150678 14.043591 -0.761679 6.649279 13.928124 5.341808 -27.912844 -4.713154
-3.187584 3.217707 -19.237055 -8.580427 17.168594 -3.133616 14.930555 3.629782 17.979128 -19.241882 3.907277 10.628963 -1.092701 -1.735976 9.863425 -1.496991 -7.803999 -1.888969 -1.772798 -0.301238 3.092465 3.163686 -12.121682 14.250190 -1.294605 8.676638 20.551353 4.357326 -25.435932 -5.855737
-3.808460 2.297662 -17.539818 -8.065304 18.192478 -0.628543 14.635917 3.666203 17.615976 -19.599039 4.509214 10.950500 -1.036616 -1.861249 9.143597 -1.334961 -7.409319 -2.178706 -1.757312 0.241889 3.261532 2.055743 -11.096448 14.183095 -0.681065 7.954321 17.995714 4.272936 -26.040760 -5.220516
-5.419724 1.428071 -16.951826 -8.074687 17.986326 0.412839 14.722610 3.189004 18.282448 -19.653231 5.009722 11.000950 -1.038851 -1.695125 8.678928 -1.360494 -6.943668 -2.552279 -1.788706 0.477563 2.550629 2.177868 -11.834959 13.770744 -0.723598 7.620446 16.728319 4.693854 -26.845421 -5.208430
-9.039277 -0.800879 -16.620861 -4.128335 17.227419 8.373164 5.506572 2.266891 17.459278 -14.188774 6.830093 10.105736 -0.775521 -0.879214 6.277942 -1.247424 -5.177771 -4.147625 -3.586500 1.059509 -0.610285 1.519029 -7.343609 14.636514 -2.986508 4.447519 11.241692 5.418917 -27.588509 1.902770
-6.543743 0.624382 -17.001623 -10.571301 17.939798 0.388005 4.012715 4.545669 17.458647 -17.988106 5.367862 8.769646 0.464092 -0.215483 7.045251 -3.639232 -5.968790 -3.872261 -2.676553 -0.633267 -0.578505 2.267847 -5.980672 14.671700 -2.120866 3.859646 14.463504 0.197268 -26.287109 -1.997220
-1.771624 4.914007 -19.668457 -13.349283 19.151705 -4.758714 3.531350 4.791651 14.923358 -17.696989 3.813915 8.413825 0.543108 0.684676 9.187540 -4.291876 -7.489606 -1.618269 -2.968953 -2.963531 -2.604630 0.867691 -3.696906 12.309751 -3.185984 5.463964 20.941217 -2.431199 -23.924772 -2.769642
-0.304832 7.257261 -20.596666 -15.093775 19.383581 -6.630777 0.720334 5.085332 12.088952 -16.609785 1.742004 8.702725 0.616903 1.546602 10.640745 -4.672833 -7.459929 -0.668091 -4.344781 -3.145418 -3.164904 -0.770342 -0.541238 12.650933 -3.039206 6.203661 22.281181 -4.910745 -21.402254 -3.073310
0.272153 9.618017 -19.544617 -17.595482 20.402548 -8.273355 -0.993921 6.263934 9.555173 -16.433455 0.669904 7.868672 1.171541 1.879995 12.192934 -4.307194 -6.930018 0.561449 -5.146943 -3.100393 -3.334006 -3.943158 1.684300 12.743234 -3.050941 5.600462 22.397945 -8.336404 -19.498240 -2.145474
-0.561338 11.030459 -18.116077 -18.645662 20.540272 -8.277187 -3.003488 7.055700 7.527648 -17.002501 0.148741 7.116204 2.219561 1.854859 13.645678 -3.651529 -6.565223 0.996263 -5.784067 -2.524109 -1.746189 -5.164748 2.591380 14.396516 -2.930243 5.757408 20.679033 -10.228286 -17.409201 -2.397881
-1.422473 12.991661 -16.932463 -19.999353 20.422825 -8.286945 -3.297904 7.661500 6.459128 -16.401617 -0.340963 6.578235 3.242468 1.565644 14.090441 -3.562623 -6.241552 1.589399 -5.929630 -2.706678 -0.479726 -4.874998 2.814213 15.868335 -3.010961 6.708933 18.834505 -11.428389 -15.808599 -3.530979
-1.538918 13.926061 -15.316407 -19.950497 18.283998 -7.801293 -3.589772 9.354555 5.434257 -16.023783 -0.487823 6.348773 4.320007 1.395471 14.566179 -2.643991 -5.426065 2.310832 -6.449564 -2.502037 0.302198 -5.852096 2.236781 17.705244 -3.009576 6.452884 18.064894 -12.029219 -13.550850 -2.080968
-1.210387 13.685687 -13.855117 -19.893709 16.121237 -6.622691 -3.862391 11.340246 5.211533 -16.336340 -0.445522 6.245261 5.739439 1.182889 14.648865 -1.649775 -4.605511 2.702400 -7.015411 -1.921137 0.756423 -6.171858 1.342472 19.427422 -3.248867 6.067569 17.705339 -13.361055 -12.216157 -0.792245
-0.882066 14.324687 -12.948808 -20.123472 14.446295 -5.037986 -3.838660 12.820387 4.397316 -16.836462 -0.093074 6.054476 6.679924 0.855143 14.600864 -0.660481 -3.946330 2.593584 -7.519802 -1.365289 1.521929 -6.593057 1.486375 21.372532 -3.152306 5.762457 15.732150 -15.204038 -11.443604 -0.873030
-0.691111 14.316072 -11.414859 -19.002394 13.813001 -3.156560 -3.033549 13.912307 4.683576 -18.153181 0.161085 6.016651 7.726589 0.540334 14.333966 -0.217303 -3.251218 2.095348 -7.620309 -0.403447 3.344605 -6.300670 0.926081 22.696703 -3.775127 4.255815 14.288522 -16.447172 -9.954852 -0.259213
-0.351959 14.081957 -9.933045 -19.501535 12.697212 -0.245442 -3.482483 13.972146 4.996581 -19.523443 0.521291 5.727000 8.763604 0.175888 14.110165 0.140705 -2.555711 0.996119 -7.566229 0.514526 5.313017 -5.528348 0.361165 25.590002 -3.436702 3.555480 11.340827 -16.506742 -10.160311 0.700270
-0.722356 14.642510 -9.057302 -20.880146 10.637020 2.496078 -5.328192 13.240172 5.944191 -19.166849 0.539732 4.751441 9.739847 -0.051972 13.193430 -0.427033 -1.994213 -0.465496 -7.769876 0.512648 7.420027 -4.290749 0.291092 28.043530 -3.897459 3.172685 8.701055 -16.694874 -8.600594 2.058661
-0.649922 13.981236 -8.302202 -21.313528 9.750445 3.314198 -5.722590 13.113217 6.708081 -19.744055 0.516721 4.036810 10.151763 -0.027286 13.042126 -0.765736 -1.562874 -1.159838 -8.081286 0.065047 8.693580 -3.652525 0.317340 29.491730 -4.288323 3.309837 6.977454 -16.731117 -7.713487 2.448973
-5.182737 11.050018 -5.285068 -19.471952 11.153820 9.247625 -4.808304 12.093524 8.813150 -19.289841 4.864743 3.504034 8.628633 -0.378376 9.616102 -0.388274 0.143275 -0.798426 -6.342359 -0.090384 5.598775 -3.597070 -2.560767 26.473623 -4.841984 2.369858 2.071245 -13.489408 -11.839950 3.333213
-1.793433 11.386362 -8.250806 -18.551073 10.248143 4.894693 -4.436132 13.313330 6.475344 -19.299585 3.094003 3.349839 9.313014 -0.425828 11.293518 -0.540916 -0.981710 0.527439 -6.399323 -0.720630 7.055940 -3.511040 -1.095201 27.135056 -4.377141 4.091542 5.977972 -13.705932 -10.105442 3.355879
-22.811678 -1.638497 -3.540581 -7.346838 1.665294 30.360952 -10.484709 5.957542 15.758504 4.644854 10.168435 5.694690 0.853658 0.081140 5.119874 0.168310 4.739092 -1.998587 -3.796721 -0.573116 -9.043988 -5.819962 -10.144191 14.958434 -6.124789 2.131397 -7.752767 -2.061697 -18.659292 6.640408
-21.372765 -1.187246 -1.951092 -12.662157 4.671103 26.876757 -9.321342 6.888561 18.242226 -3.730890 9.638545 7.302615 2.348000 0.705538 6.042311 0.862566 4.224525 -1.155478 -5.156639 -0.918582 -6.737671 -5.887741 -9.472404 17.703674 -6.192241 0.188271 -4.938899 -3.765273 -19.706091 8.130900
