-9.344979 23.490843 -21.117868 14.761530 -8.024141 1.023992 6.774006 7.706455 14.063654 4.763261 -4.847048 10.600143 3.844377 -7.539434 5.783438 -5.063682 -0.599536 0.816203 -3.065197 -7.518810 -0.158605 8.324451 13.380456 -0.474922 -27.726004 7.380901 2.054859 -18.820307 1.680787 17.108557
-9.414378 23.437332 -21.182232 14.861662 -8.088408 1.023037 6.953057 7.646308 14.181302 4.726911 -4.754844 10.493292 3.652814 -7.606599 5.942043 -4.841728 -0.652264 0.795612 -3.127491 -7.431161 -0.067584 8.341641 13.411227 -0.641850 -27.873549 7.238009 1.999878 -18.881512 1.681635 17.119186
-9.266395 23.521646 -25.299971 8.557568 -5.055768 -2.434237 9.503044 3.015437 10.968908 4.954179 -4.037131 12.159609 1.080396 -3.778996 8.045012 -6.921557 -3.880717 1.478049 -1.595269 -8.940668 -5.450817 4.461742 14.960832 -7.119812 -27.813068 3.766076 9.545640 -19.870731 -3.421049 12.003688
-9.195474 23.213493 -23.755407 8.135633 -6.808120 -0.040728 10.296431 2.066363 10.412542 4.452507 -3.640089 12.667215 1.215633 -3.449857 7.424555 -6.545320 -3.747432 1.199241 -2.489958 -8.730915 -4.588235 4.838991 14.308020 -5.531173 -26.534573 3.457791 9.031476 -18.652571 -4.506755 12.948295
-9.571786 24.202942 -23.208609 6.559482 -8.214714 1.041744 9.199977 2.074754 10.578678 4.249354 -3.171798 13.540325 0.741413 -3.812068 6.423534 -6.275679 -3.862564 0.644916 -2.944182 -8.609053 -4.361822 5.091743 13.307623 -3.045502 -24.685614 3.153924 9.083328 -17.615616 -6.436763 15.063593
-9.294354 24.562693 -22.800043 6.299516 -9.449258 1.533745 8.724854 2.620444 10.559215 4.290780 -3.211387 13.278804 0.535485 -4.140277 5.944838 -6.545644 -4.086811 0.675789 -2.964087 -8.459215 -4.002919 5.321418 13.269869 -2.765892 -24.286173 3.857835 9.358280 -16.602282 -6.414049 15.478045
-8.689664 24.924513 -22.700541 5.232549 -10.623007 2.044584 8.687654 2.784050 10.282188 3.928039 -3.578652 12.189045 0.304035 -4.428765 5.572110 -7.301334 -3.880360 0.304498 -2.982475 -8.947005 -3.870684 5.631736 13.424282 -2.816111 -23.961082 5.140801 9.491137 -15.933623 -6.120316 14.980217
-8.056314 24.656330 -22.797279 4.868217 -11.953427 2.767090 9.207999 2.509055 9.997793 3.732584 -3.770204 11.466784 0.851284 -4.515493 5.562267 -7.245989 -4.022677 0.418881 -3.245243 -8.762553 -3.529409 6.624224 13.904254 -2.848497 -23.959780 6.608945 9.034116 -15.285257 -5.652821 14.005465
-8.284635 24.479488 -22.948225 4.744228 -12.143996 3.376101 9.851059 2.141573 9.613317 3.631776 -3.849004 10.787361 1.756015 -4.239030 5.301264 -7.365696 -4.021947 -0.111113 -3.739105 -8.659667 -3.276464 6.755538 14.370964 -2.438516 -23.355711 7.479666 9.093610 -14.779946 -5.904710 12.659717
-8.452524 24.510696 -22.626253 3.394492 -12.965737 4.773928 10.268912 1.449677 9.101377 3.226965 -3.566711 10.910271 2.229240 -3.885884 5.682200 -7.070951 -4.312006 0.096902 -3.992430 -8.320072 -3.006372 6.488896 14.445314 -2.027349 -22.625736 7.462362 9.311057 -14.718902 -6.245897 11.329205
-8.349574 24.929222 -22.064413 2.842834 -13.412732 6.024225 10.923129 1.508546 8.619428 2.748540 -3.298017 10.680868 2.746376 -3.640965 6.021149 -6.751687 -4.239926 0.151034 -4.400505 -8.171751 -3.204276 7.791274 13.977681 -1.329487 -21.823177 7.693517 8.653038 -14.058251 -7.687248 10.817740
-8.076260 25.833969 -20.790800 1.949880 -12.284775 6.002668 12.190208 1.532440 8.478793 1.813691 -3.166327 10.180698 2.948332 -3.189323 6.121603 -6.792484 -4.250136 0.422102 -4.995976 -8.136816 -3.228097 9.630564 13.317887 -0.440565 -21.377907 7.749031 7.658088 -13.611516 -8.676913 10.711825
-8.290324 26.838564 -19.882812 -0.011199 -12.039222 5.527255 12.536155 1.172901 7.778702 1.385813 -3.161181 9.829174 2.846137 -3.141970 6.022395 -6.939914 -4.252948 0.754648 -5.291749 -8.182249 -4.026611 10.381233 13.806882 0.112168 -20.560625 9.183817 7.039632 -13.496104 -8.987770 10.251041
-8.170078 26.786125 -19.790960 -0.152321 -11.899223 5.270750 12.402177 1.272829 8.017339 1.194950 -3.178161 9.639123 2.807537 -3.056038 5.845215 -7.166027 -4.279207 0.658570 -5.366769 -8.284410 -4.619929 9.827404 13.690942 0.529373 -19.604898 9.638166 7.440389 -13.238038 -9.487873 10.567519
-8.147794 26.789864 -19.636444 -0.595805 -11.993740 5.301208 12.479040 1.232354 7.749694 1.047287 -3.180948 9.489328 2.913866 -3.072226 5.863442 -7.145393 -4.298897 0.688730 -5.441662 -8.229200 -4.617044 10.029514 13.681992 0.543796 -19.614187 9.611546 7.234848 -13.256402 -9.501347 10.310338
-8.194965 26.642941 -19.637438 -0.322024 -11.961988 5.192257 12.501065 1.342136 8.142399 0.973561 -3.109112 9.289879 2.724879 -3.073134 5.983272 -7.039206 -4.366315 0.628113 -5.526120 -8.171928 -4.704418 9.757248 13.647294 0.651134 -19.502123 9.584049 7.360553 -13.386254 -9.443192 10.497830
-8.156168 26.797630 -19.633291 -0.581972 -11.984592 5.294028 12.482986 1.238409 7.729230 1.056068 -3.174768 9.479598 2.912201 -3.069337 5.837742 -7.170702 -4.314404 0.662353 -5.427823 -8.221106 -4.616169 9.974316 13.695149 0.514582 -19.567259 9.608598 7.268023 -13.295501 -9.512216 10.259031
-7.961671 26.723030 -19.633955 -0.620938 -11.798792 5.163899 12.401988 1.287093 7.913807 0.866851 -3.212635 9.291991 2.913363 -3.074389 5.790010 -7.268296 -4.291093 0.610845 -5.477659 -8.249988 -4.654143 9.935658 13.669375 0.619750 -19.440048 9.721720 7.329350 -13.285853 -9.409442 10.279119
-8.036004 26.632496 -19.634512 -0.019722 -11.737787 5.209532 12.392257 1.404235 8.202748 0.983775 -3.165570 9.570549 2.875376 -3.049821 5.830147 -7.169108 -4.324502 0.631508 -5.396520 -8.195804 -4.677907 9.913547 13.492208 0.655456 -19.508455 9.609354 7.350745 -13.243498 -9.520253 10.644263
-8.053461 26.618761 -19.563051 -0.409000 -11.775068 5.082385 12.518237 1.357180 8.164018 0.847046 -3.105543 9.306894 2.751173 -3.108963 6.004439 -7.006787 -4.365036 0.587830 -5.490026 -8.174991 -4.535467 10.014318 13.550393 0.571292 -19.573341 9.548298 7.338422 -13.168851 -9.564080 10.579754
-8.122035 26.719662 -19.591648 -0.473684 -11.892279 5.178030 12.583813 1.296435 7.977965 0.931308 -3.117105 9.292290 2.744925 -3.121090 6.000327 -6.999159 -4.364069 0.626783 -5.514503 -8.158964 -4.522176 10.190474 13.597295 0.460146 -19.698305 9.524592 7.267303 -13.150016 -9.540422 10.520866
-8.105890 26.617229 -19.556257 -0.186847 -11.713476 5.085139 12.681403 1.322975 8.218366 0.873661 -3.114314 9.359184 2.744829 -3.112386 6.016707 -6.943701 -4.371905 0.670034 -5.507163 -8.096295 -4.618273 10.031977 13.483418 0.620753 -19.524422 9.597919 7.321871 -13.168097 -9.571456 10.617837
-8.605011 25.522820 -18.915720 -1.588189 -13.300414 5.104980 10.096303 3.096154 8.501908 0.173590 -3.297350 8.395525 3.505052 -3.481394 5.922332 -7.240325 -4.123762 0.301284 -5.533166 -7.694803 -2.899669 10.000345 14.055946 3.348023 -18.119215 10.926617 5.575490 -13.018384 -9.240612 9.382588
-6.803355 20.580868 -16.301643 -6.423872 -15.709272 4.632227 2.840871 8.739282 11.438020 -4.972093 -3.779831 4.526566 6.339502 -3.155343 5.732243 -9.399618 -3.732851 -2.111304 -5.587366 -6.630486 1.184068 5.965965 13.748698 7.778754 -15.792530 10.752079 4.790225 -14.612094 -7.252641 4.891962
-5.645499 17.272568 -16.545929 -5.881267 -18.039860 6.109601 0.076969 11.792644 14.900128 -7.667791 -3.617946 3.798274 8.176785 -3.229914 5.760023 -9.376155 -3.533800 -2.399713 -5.853633 -5.118356 4.386128 7.171686 15.293895 9.029503 -15.629385 9.269654 1.285005 -14.136322 -9.207807 2.963012
-5.982946 15.105900 -17.706354 -4.849622 -17.722818 7.336322 -0.313302 12.034534 16.595839 -8.935033 -3.283348 4.126812 8.577164 -3.077154 6.023593 -8.971043 -3.490762 -2.019056 -6.046171 -4.224368 5.815311 7.476065 14.809887 9.813453 -15.830699 8.104558 0.884093 -14.156178 -10.006516 2.193349
-5.949142 14.006378 -18.370430 -4.882554 -17.472128 7.632437 -0.439852 12.053950 17.260386 -9.473100 -3.099859 4.116195 8.891723 -2.693110 6.150608 -8.907747 -3.480562 -1.907504 -6.352303 -4.222960 6.148890 8.711566 14.327410 9.769465 -15.900887 7.574516 0.265643 -14.096214 -10.791407 0.824461
-6.242764 14.211963 -18.167034 -5.490678 -17.288942 7.309357 -0.398531 11.970689 16.830219 -9.455088 -3.036361 4.078285 9.025890 -2.589116 6.311171 -8.670663 -3.460934 -1.670137 -6.519361 -4.102583 5.842344 8.608294 14.503626 9.621462 -15.894546 7.577747 0.268711 -14.289756 -10.828399 0.530202
-6.332642 14.143324 -18.272085 -7.413792 -16.965498 7.253612 -0.826845 11.295030 14.878224 -9.269862 -2.916644 4.088760 8.759858 -2.108442 6.399364 -8.734400 -3.580954 -1.366745 -6.735222 -4.466709 4.476898 8.575285 15.420356 9.086162 -14.963501 8.809827 1.513661 -13.971979 -11.574060 -0.344984
-6.631203 13.659905 -18.735826 -8.422161 -15.966526 6.675939 -0.958987 10.993993 14.599263 -9.471474 -2.660957 4.295177 8.555386 -1.799852 6.770527 -8.404286 -3.604279 -0.797085 -6.987794 -4.600176 3.311972 9.475034 15.491264 8.884772 -14.294651 9.335406 1.674331 -13.697999 -12.927488 -1.038185
-6.277821 13.420713 -18.429113 -8.738030 -15.452463 6.978050 -0.654738 11.203061 14.605364 -10.118448 -2.549973 4.300375 8.560103 -1.544865 7.013941 -8.145686 -3.550425 -0.546024 -7.274101 -4.617914 2.325543 9.845746 15.246128 8.416305 -14.460751 9.230499 1.234693 -14.365412 -13.284744 -1.840068
-6.187558 12.740026 -18.625801 -8.672173 -15.042408 6.698096 -0.353765 11.041028 14.434938 -10.180674 -2.426712 4.587292 8.323995 -1.310991 7.124091 -7.895741 -3.578893 -0.397892 -7.450534 -4.591626 1.434474 9.751535 15.007400 7.966288 -14.330443 8.983477 1.232639 -14.443467 -13.815969 -2.102565
-6.176930 12.742542 -18.644606 -8.808533 -15.043515 6.619133 -0.531554 11.050288 14.338637 -10.148373 -2.427892 4.566078 8.386995 -1.283098 7.129836 -7.885029 -3.604054 -0.395521 -7.470856 -4.585145 0.955931 9.814858 14.954720 7.806982 -14.406208 8.912228 1.163678 -14.705302 -13.796928 -2.271667
-6.331150 12.767725 -18.708380 -8.927639 -14.970600 6.539183 -0.410347 10.879261 14.206346 -10.093966 -2.409974 4.586150 8.382560 -1.235494 7.194984 -7.866233 -3.589632 -0.366960 -7.473815 -4.609209 0.584140 9.887198 14.988818 7.826777 -14.383760 8.977505 1.061032 -15.157315 -13.621451 -2.385411
-6.283938 12.836613 -18.500507 -8.716469 -15.148874 6.806200 -0.427991 11.118171 14.495150 -10.276709 -2.423805 4.615290 8.402549 -1.331619 7.091025 -7.877686 -3.578975 -0.448789 -7.450323 -4.527314 0.794288 9.772197 14.931581 7.777238 -14.423101 8.963383 1.074019 -14.826095 -13.616833 -2.154408
-6.199560 12.800760 -18.622137 -8.891654 -14.958286 6.605688 -0.557017 10.990026 14.218383 -10.116823 -2.427546 4.576001 8.422743 -1.258657 7.112829 -7.912877 -3.614193 -0.389642 -7.471183 -4.581691 0.656684 9.889445 14.866456 7.757527 -14.355604 8.882607 1.114486 -14.902632 -13.796953 -2.390504
-6.345324 12.795336 -18.685335 -8.987837 -15.008646 6.596737 -0.492516 10.930439 14.220697 -10.119559 -2.390016 4.548324 8.456086 -1.234160 7.163705 -7.910655 -3.586256 -0.352142 -7.523911 -4.536984 0.569290 9.798429 15.007440 7.747948 -14.404097 8.946097 1.119957 -15.193046 -13.649761 -2.576400
-6.302891 12.725386 -18.696779 -8.755457 -15.011080 6.627216 -0.358405 10.989053 14.348651 -10.187017 -2.423179 4.570092 8.424396 -1.291986 7.158873 -7.878381 -3.576846 -0.338778 -7.469330 -4.583008 0.701913 9.857485 15.017120 7.784050 -14.413483 8.968658 1.064219 -15.034404 -13.707087 -2.533633
-6.319394 12.851635 -18.614408 -8.861343 -15.129357 6.569974 -0.466538 11.098210 14.245857 -10.136324 -2.441504 4.547491 8.417538 -1.339954 7.140893 -7.890067 -3.534694 -0.373873 -7.446816 -4.563696 0.625312 9.834146 15.042193 7.759685 -14.415262 9.020289 1.035955 -15.063869 -13.737892 -2.630953
-6.337506 12.861766 -18.734571 -9.070032 -15.138287 6.485435 -0.504858 10.932570 14.268083 -10.123157 -2.411585 4.541503 8.435062 -1.258973 7.147014 -7.926877 -3.576718 -0.444643 -7.469962 -4.596252 0.427942 9.761653 14.972455 7.700836 -14.358671 8.972372 1.230423 -15.199225 -13.656642 -2.499807
