3.200566 29.919907 -6.754297 12.425398 9.285614 -4.377829 -3.357934 6.617890 -2.665852 -20.336718 -4.790424 10.613623 3.810910 -7.556294 5.738037 -5.062688 -0.620045 0.854627 -3.024772 -7.534962 -4.949569 8.759623 10.439151 14.731485 -13.358248 20.066362 0.324951 -15.621732 -0.769657 16.516674
3.204569 29.951199 -6.715270 12.540846 9.304720 -4.418744 -3.411404 6.547733 -2.855295 -20.659157 -4.849351 10.652982 3.805697 -7.540528 5.761637 -5.053069 -0.631282 0.803029 -3.092074 -7.473703 -4.928101 8.796114 10.451001 14.722119 -13.411966 20.074434 0.270251 -15.636378 -0.746368 16.456196
-4.758003 27.125832 5.384337 8.815643 17.465620 4.624917 1.024957 7.674711 3.913778 -15.081511 0.345670 11.219116 0.883930 -7.607742 1.116344 -3.677020 3.681818 0.954825 -2.578445 -6.015428 -9.737456 3.124918 3.374018 12.502000 -12.302174 16.122580 -10.700909 -12.211151 -6.710804 18.607922
-6.356925 27.028954 9.102941 7.858088 17.427546 4.821719 0.588278 8.325616 4.939790 -13.913280 0.257811 11.390881 -0.271413 -7.548051 0.897130 -3.244176 5.305165 1.572865 -2.691589 -5.937365 -10.932455 1.535560 1.764429 11.647101 -11.755518 16.112064 -11.901261 -11.299345 -6.723664 21.545704
-8.117023 26.782497 11.327269 9.232696 17.719030 4.495663 0.310035 7.758489 5.840552 -14.315926 -0.089253 12.325999 -1.287959 -7.311891 1.228159 -2.710070 5.939937 2.066971 -3.154253 -4.882043 -10.044263 0.638341 0.199901 10.293204 -11.566962 16.282539 -12.747409 -8.447224 -6.564952 23.560715
-9.526123 25.616425 13.407810 10.081583 17.959448 4.125823 0.193865 8.518126 5.729689 -13.419197 -0.000532 12.380757 -2.301877 -6.798467 1.519967 -2.462984 6.858531 2.678394 -3.700701 -4.662151 -8.582473 -1.151175 -1.492524 9.580986 -11.046910 15.554247 -13.915364 -6.701285 -6.239590 25.311581
-11.945017 25.194487 15.890825 8.968370 16.940119 2.560591 -1.469522 7.040806 3.561731 -13.886405 -0.618042 12.443060 -3.293529 -6.401692 2.190753 -2.437116 7.648147 3.025247 -4.017686 -3.824420 -8.515868 -3.965463 -3.060573 10.181502 -10.671948 13.912494 -15.182166 -6.383282 -5.807084 25.745310
-17.086058 25.800156 17.096243 7.712926 12.496534 1.837898 -5.871439 5.262424 0.900562 -12.020871 -2.675603 12.051733 -5.641933 -5.353633 3.372035 -4.466343 8.349844 3.333045 -3.947467 -3.409393 -8.245683 -8.543968 -4.090192 9.636350 -9.737856 11.485725 -14.556252 -4.698054 -5.669472 26.151016
-19.542831 26.568169 17.808746 7.147029 10.845966 -1.279762 -8.637760 5.191500 -1.353502 -8.922953 -3.026037 10.577422 -6.651689 -4.749116 3.901043 -5.194482 9.008066 4.268575 -3.557857 -2.725025 -8.644361 -10.775084 -6.373955 8.138782 -9.507446 10.733909 -13.364423 -2.383524 -5.457377 28.010630
-19.250763 26.467548 20.061871 6.360866 8.805833 -5.073936 -11.379910 6.895775 -3.548087 -7.821965 -4.248052 9.350814 -6.630764 -4.640598 3.747543 -6.185036 10.060772 4.383431 -3.470579 -1.494646 -8.776929 -11.127495 -8.815075 5.119870 -9.290462 11.078921 -13.742304 0.903373 -6.236001 27.389481
-18.375353 24.974468 20.806231 7.809156 7.328383 -5.571683 -11.809268 8.106235 -3.599072 -8.093872 -4.190338 9.008467 -6.987693 -5.204478 4.048094 -4.995607 10.834045 3.941994 -4.184874 -0.607912 -6.655815 -11.443702 -9.489494 5.244586 -9.425694 11.159759 -13.792269 2.970047 -5.177948 28.065134
-18.960041 23.565327 21.621788 9.230161 4.497172 -3.817922 -10.942013 9.065947 -4.020735 -9.892753 -4.046655 8.886600 -6.334708 -4.983423 4.619367 -3.864510 11.477303 3.498204 -5.289589 0.186402 -4.515325 -9.298919 -10.547566 6.656159 -11.112499 10.135488 -15.273997 5.123101 -4.904610 28.019505
-18.174498 21.266375 24.908037 10.993217 6.083533 -2.745002 -8.288485 10.343928 -3.927959 -18.967386 -4.275887 9.995969 -4.143774 -5.660899 5.041426 -1.645172 11.962345 2.421047 -7.371085 2.226430 -0.949849 -3.899489 -12.540971 8.164717 -14.286882 10.185107 -18.850597 3.984437 -3.286691 26.272449
-18.374292 20.086962 25.820660 11.320480 6.335073 -1.913359 -7.381512 10.351508 -3.843221 -21.320278 -4.121368 10.274347 -2.849854 -5.941970 5.088497 -0.879652 12.222050 2.531498 -7.798879 2.879564 0.413931 -1.918051 -13.607412 8.798306 -15.163964 10.474021 -20.312191 3.334549 -2.975633 24.860954
-18.519882 19.765974 25.930504 11.398752 6.470939 -2.021394 -7.235905 10.292440 -4.174984 -22.249426 -4.149935 10.285209 -2.635401 -5.996130 5.156964 -0.717433 12.203136 2.519488 -7.925368 3.050070 0.464646 -1.449004 -13.708840 8.907321 -15.444672 10.717588 -20.805729 2.812019 -2.854716 24.509247
-18.441906 19.645325 26.110607 11.281577 6.609076 -2.089638 -7.107797 10.485015 -4.027200 -22.425901 -4.100524 10.328659 -2.630627 -5.996055 5.223571 -0.597844 12.185841 2.498467 -7.951228 3.128492 0.526786 -1.474483 -13.761159 8.991042 -15.372117 10.733568 -20.861967 2.767054 -2.808973 24.400953
-18.424534 19.640074 26.122126 11.252589 6.625098 -2.064096 -7.129602 10.499532 -4.023529 -22.421194 -4.110347 10.302355 -2.643763 -6.004277 5.194196 -0.637966 12.185499 2.494000 -7.958753 3.112028 0.550991 -1.507475 -13.696067 8.957471 -15.367219 10.713710 -20.860998 2.780241 -2.829185 24.438629
-18.414000 19.616646 26.094519 11.249804 6.562673 -2.025505 -7.195310 10.521307 -3.992252 -22.437826 -4.110748 10.338460 -2.594613 -6.010568 5.156961 -0.652753 12.201902 2.496048 -7.946420 3.118918 0.564669 -1.513578 -13.699939 8.947967 -15.396166 10.716167 -20.895300 2.742907 -2.787946 24.452335
-18.442202 19.620653 26.094362 11.253997 6.646553 -2.077998 -7.129660 10.499640 -3.990998 -22.455957 -4.093724 10.307055 -2.621956 -5.985889 5.211363 -0.635996 12.205614 2.518203 -7.959774 3.120627 0.559046 -1.448089 -13.752574 8.915635 -15.439089 10.703762 -20.917141 2.827576 -2.893065 24.500669
-18.442654 19.640818 26.094166 11.245438 6.591737 -2.022935 -7.159269 10.490223 -4.001538 -22.430204 -4.091700 10.313097 -2.623974 -5.983937 5.233265 -0.616293 12.190954 2.532188 -7.963079 3.123828 0.547219 -1.452177 -13.737823 8.923584 -15.404264 10.706871 -20.894033 2.829661 -2.912935 24.446712
-18.442337 19.655050 26.118837 11.254722 6.597974 -2.045416 -7.152170 10.490035 -3.975958 -22.430178 -4.098743 10.309822 -2.632363 -6.001160 5.217780 -0.619082 12.187239 2.540199 -7.939042 3.113650 0.524565 -1.426769 -13.750457 8.922432 -15.403033 10.719140 -20.892218 2.823736 -2.937760 24.474174
-17.487595 6.601051 19.577787 17.425964 13.732843 -12.911881 -7.062010 9.802987 -4.749927 -25.774153 -2.230264 10.447134 -3.147218 -1.934674 5.386561 -1.606377 12.834597 -1.030901 -9.330473 6.609303 0.394594 -4.423169 -11.111547 2.361130 -14.947065 15.106907 -21.665565 3.482435 -0.134544 7.341869
-18.027023 2.595967 15.619243 18.519743 11.400217 -12.417895 -9.393821 13.634512 -2.295174 -17.321375 -1.376683 6.121150 -4.640261 -2.026122 5.379204 -2.329675 12.538937 -1.934429 -8.715690 7.470052 -0.845756 -5.417894 -11.629835 1.262317 -13.334309 17.092854 -20.724649 4.542819 -0.616264 4.442260
-18.526045 1.644391 15.257520 16.937765 11.556535 -11.155297 -10.018225 14.810240 -0.297508 -14.372486 -0.602919 4.753891 -5.360243 -1.974032 4.451604 -2.646866 12.160639 -2.414870 -9.049930 7.100648 -0.788295 -6.518038 -11.953666 1.633810 -12.396793 17.453691 -20.074734 5.198227 -0.405465 4.688347
-18.623917 1.614999 15.269605 16.514709 11.478443 -10.875353 -10.373366 14.794393 -0.297957 -14.142730 -0.485567 4.365971 -5.481905 -2.058460 4.362883 -2.747906 11.919222 -2.567136 -9.067727 6.838160 -0.755084 -6.514724 -11.980853 1.538010 -12.441847 17.370543 -19.823481 5.554280 -0.875337 5.131186
-19.381260 1.914075 15.303596 16.223688 11.595799 -11.096462 -10.539012 14.427792 -0.345132 -13.393131 -0.370745 3.905723 -5.200422 -1.994310 4.470845 -2.736462 12.188616 -1.807887 -8.938447 6.557721 -0.736079 -7.152278 -12.364623 2.145778 -11.726086 17.062109 -19.513912 5.593383 -1.267286 5.378191
-18.666428 1.057554 15.356513 15.847651 10.826019 -10.887235 -10.936458 15.178168 -0.146408 -14.410507 -0.467606 4.298348 -5.352218 -1.391568 4.475076 -2.640969 12.664412 -1.882908 -9.771384 6.843781 -0.491820 -6.285685 -11.839601 2.155191 -12.319571 17.296749 -20.740408 4.665494 -0.321359 4.367113
-18.523008 0.615230 15.809654 15.037873 9.926413 -10.517715 -11.858317 15.792042 -0.432345 -14.764504 -0.403756 3.984337 -5.238225 -1.092449 4.239120 -2.769697 12.840906 -2.141649 -10.169044 6.819679 -0.580493 -6.146494 -11.690726 2.294995 -12.133730 17.645929 -21.055834 4.532468 -0.260596 3.638988
-18.792622 0.529564 15.671172 14.859430 9.825643 -10.557708 -12.023005 15.678263 -0.476926 -14.667715 -0.452883 3.920918 -5.059753 -1.025736 4.266427 -2.851468 12.854946 -2.249705 -10.210963 6.794392 -0.696223 -6.286214 -11.755860 2.255597 -12.116631 17.388832 -21.024790 4.418669 -0.289719 3.919600
-18.295841 0.171222 15.733744 15.239592 10.250708 -10.665470 -11.977033 15.856380 -0.668027 -15.520306 -0.535592 3.930722 -5.065537 -0.949873 4.280385 -2.688694 12.804991 -2.581309 -10.444516 6.916648 -0.703372 -5.722553 -11.405585 1.946752 -12.815347 17.508188 -21.048454 4.546554 -0.167209 3.152511
-18.811138 0.469317 15.761464 14.809120 9.836637 -10.723040 -12.084523 15.732320 -0.458679 -14.644632 -0.517520 3.547026 -4.688745 -0.856250 4.247141 -3.097707 13.046497 -2.478608 -10.275384 6.664682 -0.648674 -6.308414 -11.851048 2.308332 -12.217616 17.391504 -21.080986 4.191164 -0.184021 3.817260
-18.272533 -0.123994 15.510409 15.659025 10.168969 -10.750041 -11.919900 15.525176 -0.958412 -16.042475 -0.605372 3.739946 -4.985111 -0.798208 4.282557 -2.830625 12.799026 -2.937258 -10.701619 6.934017 -0.459862 -5.477754 -11.230021 1.782231 -13.000689 17.484459 -21.288372 4.374309 -0.040701 2.794750
-18.442785 0.357428 15.750290 14.778500 9.909756 -10.900439 -12.098889 15.995993 -0.493715 -14.796663 -0.462418 3.510080 -4.663523 -0.784945 4.290573 -2.925238 13.114944 -2.555642 -10.403004 6.737354 -0.695694 -5.961766 -11.572993 2.086669 -12.604740 17.478561 -21.360205 4.102991 0.026690 3.416943
-18.204319 0.141229 15.746691 15.113932 10.180563 -10.983263 -12.127851 15.908563 -0.666585 -15.544428 -0.559039 3.525579 -4.624852 -0.778302 4.301110 -2.916403 13.042295 -2.686841 -10.563828 6.791413 -0.735547 -5.738576 -11.430741 2.103775 -12.844065 17.558489 -21.340952 4.123899 0.086533 2.983249
-18.289810 0.205189 15.687621 15.192412 10.207769 -11.250604 -12.006917 15.882434 -0.591233 -15.207685 -0.605283 3.508879 -4.555820 -0.789013 4.327969 -2.960328 13.139284 -2.737341 -10.494927 6.834800 -0.712663 -5.699764 -11.647801 2.027398 -12.818311 17.466051 -21.234873 4.152658 0.022856 3.082292
-18.617704 0.354112 15.720925 14.782850 10.006536 -11.211124 -12.065848 15.942760 -0.494532 -14.637529 -0.494782 3.328904 -4.499398 -0.799451 4.414899 -2.944011 13.253691 -2.599438 -10.396228 6.725241 -0.729135 -6.007423 -11.720422 2.069120 -12.596292 17.480232 -21.356916 3.966836 0.106587 3.354494
-18.250170 0.093585 15.663461 15.143364 10.321894 -11.044639 -12.216809 15.903119 -0.651499 -15.532070 -0.646913 3.513330 -4.634350 -0.746521 4.325335 -2.981895 13.055624 -2.814614 -10.571159 6.844403 -0.724881 -5.709636 -11.359902 2.001297 -12.877352 17.477587 -21.270639 4.205712 -0.012114 2.980245
-18.721273 0.412915 15.642232 14.784299 9.858057 -11.074499 -12.061936 15.777322 -0.444173 -14.603025 -0.578140 3.288741 -4.490699 -0.811100 4.393481 -3.079212 13.242655 -2.651232 -10.412883 6.666564 -0.694878 -6.162520 -11.877478 2.320343 -12.429200 17.372990 -21.288832 3.913310 0.095483 3.610947
-18.133701 -0.111823 15.427735 15.788846 10.240152 -11.048551 -11.993741 15.569654 -1.059115 -16.137690 -0.694963 3.591420 -4.579186 -0.643764 4.331530 -3.014545 12.968121 -2.975495 -10.668775 6.952761 -0.569764 -5.481822 -11.142839 1.838798 -13.121629 17.428682 -21.416311 4.147932 0.089680 2.718341
-18.452204 0.249880 15.676966 14.861456 10.098391 -11.149854 -12.024301 16.008741 -0.521675 -14.857990 -0.565351 3.353115 -4.492397 -0.702543 4.486837 -2.906662 13.267647 -2.790107 -10.598124 6.758371 -0.710841 -6.021456 -11.545728 1.992530 -12.733639 17.417831 -21.367483 3.959042 0.131716 3.167902
