1.985928 25.717587 -10.502760 3.006883 4.407757 -4.331862 10.901305 14.258710 19.862926 -3.876812 4.535314 3.669008 0.490857 -11.299290 5.163360 2.034718 -1.749258 4.201383 -0.251798 -8.926795 9.063384 5.928257 10.274287 -13.695045 -11.673923 11.125510 0.997311 -27.459562 -2.041422 20.640049
1.539402 25.633194 -10.607770 3.038138 4.008904 -4.813360 11.668715 14.177466 20.565073 -4.014279 4.563718 3.722977 0.479590 -11.294943 5.133737 2.047893 -1.763724 4.197621 -0.236341 -8.927351 9.441123 5.984683 10.285032 -14.182394 -11.300024 11.256948 1.000256 -27.771524 -2.105731 20.748766
-2.852344 10.409002 -0.065085 10.861738 10.571568 -6.785550 23.316103 22.680368 19.270519 -3.778713 5.748750 5.388821 -1.661050 -14.485848 -1.938969 2.635473 1.218411 -0.881990 2.135697 -2.257030 13.145619 3.964628 4.375771 -24.809994 -11.260525 15.602019 -15.641141 -16.673079 -4.666364 10.439235
-2.964897 8.551079 1.013395 10.805693 11.019198 -5.747055 22.902864 23.018332 21.402754 -4.096723 5.931146 5.944263 -0.767685 -14.726772 -2.383262 3.182346 1.431840 -1.562902 1.624162 -1.368930 13.491198 5.471602 4.484222 -26.690289 -11.270717 15.601799 -15.081704 -14.324315 -6.975015 10.931424
-3.946522 8.627625 1.944748 11.906229 12.437243 -5.036869 21.279514 22.224573 23.758005 -3.549309 6.543537 6.509357 -1.045488 -14.143397 -3.177739 3.218613 1.951676 -2.392474 0.703710 -1.640788 13.834368 7.807056 4.023016 -27.930275 -11.148148 16.450373 -14.345067 -10.977050 -8.866852 13.162205
-4.627980 9.138507 2.651268 12.660662 13.108661 -4.978022 20.328886 21.718950 24.528700 -3.161264 6.600746 6.769551 -1.466821 -13.939022 -3.578446 3.294319 2.572495 -2.773182 0.325660 -1.596347 13.438493 8.703005 3.104704 -28.729298 -11.257595 17.122238 -15.199382 -8.619491 -9.627391 15.364916
-5.069388 9.243727 3.082270 12.841782 13.447565 -4.950538 19.773762 21.388960 24.967939 -2.874694 6.654308 6.886354 -1.608202 -13.879770 -3.768984 3.443267 2.924306 -2.909053 0.149324 -1.496594 13.191655 8.570659 2.706371 -28.672096 -11.313153 16.953760 -15.571544 -8.272322 -9.354202 16.165783
-5.202702 9.386074 3.150129 12.987064 13.650223 -4.919765 19.853762 21.159498 25.113319 -2.860398 6.654741 6.906457 -1.638767 -13.897408 -3.797004 3.460536 2.956027 -2.888177 0.143092 -1.475123 13.238090 8.676680 2.682993 -28.753811 -11.235834 17.076622 -15.621087 -8.098215 -9.409990 16.129333
-5.248254 9.386570 3.124378 13.054226 13.654533 -4.893559 19.725250 21.114180 25.140844 -2.889176 6.650355 6.920039 -1.654222 -13.867186 -3.815414 3.458977 2.993591 -2.941164 0.122526 -1.473829 13.121400 8.562254 2.555403 -28.738552 -11.249944 16.998980 -15.735186 -8.080240 -9.394576 16.325096
-5.228885 9.357535 3.119762 13.057079 13.675392 -4.958369 19.725428 21.118242 25.128416 -2.900914 6.649042 6.920154 -1.658489 -13.877295 -3.830606 3.475123 3.013985 -2.939131 0.115222 -1.458494 13.192034 8.644854 2.591856 -28.810610 -11.176332 17.068823 -15.697300 -7.980434 -9.483377 16.336786
-5.217986 9.362127 3.114536 13.056373 13.649473 -4.962678 19.706964 21.130939 25.121717 -2.911206 6.655442 6.922577 -1.660525 -13.873405 -3.829954 3.473428 3.014734 -2.940937 0.112544 -1.461929 13.183969 8.644335 2.595597 -28.810146 -11.170444 17.066732 -15.677169 -7.991948 -9.505148 16.357109
-5.199839 9.367840 3.114645 13.055142 13.641088 -4.930376 19.727406 21.140377 25.118795 -2.910341 6.650543 6.905404 -1.657951 -13.870302 -3.839770 3.465182 3.002860 -2.936316 0.099438 -1.462966 13.152819 8.656972 2.584826 -28.769293 -11.140643 17.107574 -15.697313 -7.989957 -9.505801 16.360592
-5.230370 9.371105 3.131522 13.046791 13.626009 -4.929002 19.661434 21.146294 25.145506 -2.915708 6.653973 6.910089 -1.669570 -13.878704 -3.838706 3.468427 2.995462 -2.947022 0.109092 -1.466327 13.206882 8.670090 2.597175 -28.801777 -11.167646 17.089191 -15.737407 -7.987505 -9.525311 16.373281
-5.241199 9.366980 3.141429 13.045696 13.653858 -4.921309 19.705303 21.157156 25.141844 -2.879430 6.649079 6.906578 -1.657242 -13.876532 -3.833963 3.468300 2.999148 -2.945004 0.118789 -1.473313 13.185002 8.680084 2.593426 -28.819965 -11.178419 17.069750 -15.696013 -7.969048 -9.521468 16.348972
-5.259750 9.371143 3.169842 13.072779 13.650403 -4.869737 19.687979 21.178484 25.176130 -2.879770 6.644331 6.897812 -1.659415 -13.883306 -3.834083 3.459374 2.999389 -2.939202 0.121657 -1.484499 13.200218 8.710518 2.614818 -28.867430 -11.203177 17.080404 -15.686210 -7.995543 -9.502035 16.371021
-5.259619 9.377812 3.149227 13.052996 13.649364 -4.895101 19.690710 21.123768 25.152033 -2.897531 6.651375 6.906328 -1.661703 -13.870054 -3.830439 3.460243 3.006360 -2.948054 0.114998 -1.479694 13.147733 8.601048 2.581673 -28.837847 -11.226189 16.999775 -15.676953 -8.035423 -9.479835 16.362120
-5.224781 9.388417 3.126281 13.065989 13.577599 -4.872963 19.649773 21.122942 25.148455 -2.901804 6.648366 6.914652 -1.667210 -13.873324 -3.823066 3.464583 2.999497 -2.942910 0.122796 -1.484917 13.158944 8.655472 2.579736 -28.804111 -11.170794 17.052179 -15.699320 -8.019356 -9.510444 16.370087
-5.224794 9.387344 3.104542 13.069571 13.608553 -4.895137 19.687040 21.097622 25.121445 -2.900166 6.644747 6.923262 -1.653717 -13.882774 -3.822568 3.479642 3.014068 -2.936857 0.118150 -1.460003 13.193889 8.675777 2.608207 -28.812275 -11.179351 17.096712 -15.747932 -8.019772 -9.484257 16.314293
-5.229111 9.366545 3.114062 13.062462 13.613236 -4.904371 19.695869 21.122698 25.122766 -2.893652 6.645173 6.920897 -1.659006 -13.879333 -3.820232 3.473454 3.003351 -2.932379 0.127771 -1.468619 13.172535 8.685699 2.584021 -28.824100 -11.143585 17.092321 -15.718849 -7.987128 -9.532381 16.347303
-5.287864 9.375460 3.128607 13.051753 13.589204 -4.900132 19.775517 21.103416 25.181360 -2.897074 6.644273 6.914806 -1.660751 -13.877394 -3.830477 3.465140 2.998412 -2.928247 0.114430 -1.466026 13.147010 8.692446 2.577823 -28.783247 -11.115006 17.125555 -15.728848 -7.988204 -9.546190 16.369696
-5.299417 9.369309 3.131783 13.067434 13.613276 -4.894753 19.777359 21.108635 25.201788 -2.902535 6.644830 6.912532 -1.658274 -13.872910 -3.834630 3.457684 3.001213 -2.933201 0.112826 -1.462730 13.133044 8.645096 2.572693 -28.769104 -11.110897 17.095655 -15.715971 -8.000359 -9.539400 16.359941
-5.296228 9.371222 3.138818 13.074189 13.627483 -4.893375 19.781012 21.114573 25.213264 -2.910683 6.637903 6.918368 -1.662584 -13.880504 -3.821416 3.462677 3.000481 -2.931484 0.132872 -1.462324 13.142657 8.626955 2.576351 -28.783413 -11.149837 17.045555 -15.703848 -8.016749 -9.537069 16.360306
-6.549514 -10.422665 -0.513989 6.964519 4.501522 12.358602 14.498688 24.928595 25.925863 -13.488395 10.031556 8.027150 2.675748 -9.819683 -2.628519 3.396249 -0.130153 -6.133315 -0.817800 4.465506 24.108437 6.707771 3.573143 -15.384007 -8.330860 6.566673 -12.769729 6.361702 -23.652391 9.443830
-6.626561 -14.063700 -2.403002 3.335829 8.312930 9.768399 15.867770 23.241840 26.627808 -15.749950 10.591234 7.411746 2.879140 -8.156777 -1.918624 2.339484 -1.435333 -7.200513 -0.730756 5.487151 23.973803 3.474169 2.853415 -14.792201 -8.261257 2.696733 -10.612492 6.465493 -26.002836 6.175130
-7.067419 -15.194645 -3.994264 1.137972 9.391822 10.199023 15.270541 22.236650 25.361017 -15.678484 10.767472 7.400443 3.134062 -7.158122 -1.098406 1.744001 -1.542560 -7.622851 -0.302525 5.306082 23.231562 1.737236 3.637832 -12.380807 -9.607276 0.615940 -10.171623 7.280467 -26.122795 2.944796
-8.009140 -17.150993 -5.605215 0.236150 9.471394 12.683869 16.334772 20.891169 22.729013 -15.634119 10.993295 7.145574 2.891227 -6.373232 -0.906278 0.695627 -1.604217 -7.642814 0.113107 5.538682 20.696194 0.081401 3.422153 -9.354071 -9.025682 0.269144 -11.552646 6.345274 -26.580828 -0.860856
-8.867352 -18.589531 -7.134589 -1.808774 9.179766 15.059129 16.595222 20.009455 20.180990 -15.542320 11.190747 6.930726 3.080783 -5.630598 -0.391246 0.202126 -1.367012 -7.628860 0.956035 6.023559 19.667402 -2.163591 2.913938 -6.424704 -8.572516 -0.995234 -11.745198 5.805188 -26.563654 -2.577681
-9.533946 -21.192036 -8.752585 -4.812778 6.993887 16.857460 16.527191 19.899828 17.655405 -15.339171 11.827241 6.027328 2.851496 -5.177306 0.846902 0.093065 -0.855772 -7.958038 2.472004 6.190271 18.529570 -4.355183 2.912292 -2.840997 -8.952650 -2.004327 -12.124562 6.093484 -25.947001 -5.704043
-10.129651 -23.200977 -10.835152 -7.861187 4.941186 17.742563 16.834045 19.365202 11.847854 -14.498603 12.031377 4.829713 2.729827 -5.027102 2.079863 -0.563810 -0.695847 -8.369193 4.109501 6.586739 17.487907 -7.272564 3.547200 0.178803 -8.619812 -3.030257 -13.155694 4.781888 -24.590130 -9.083255
-11.759101 -23.314957 -15.247745 -9.097913 0.135692 18.013308 15.226360 17.468142 5.179401 -9.311813 11.865661 3.673011 2.825846 -5.024668 3.395917 -1.342264 -0.874449 -8.614225 6.176097 6.724365 16.919682 -8.807595 4.993045 4.465150 -8.025081 -1.462838 -13.487185 3.184406 -22.778858 -14.653090
-12.137162 -22.704952 -22.348923 -8.527446 -5.659102 17.038490 12.352850 16.513088 -0.649908 -2.833308 11.370187 1.249993 3.532679 -5.077293 5.061128 -2.106319 -1.338345 -8.386859 7.954308 5.828890 16.162439 -9.559361 8.305940 8.726480 -7.432323 0.852824 -11.602365 1.470430 -20.427691 -18.856163
-12.408038 -21.006081 -27.418098 -7.715885 -8.647015 15.421350 11.304361 15.819507 -4.444820 1.854528 10.715896 -0.616935 4.470370 -4.993950 6.727547 -2.655875 -2.242460 -7.469659 9.220496 4.935200 14.797054 -9.991354 11.409962 10.580180 -7.180831 2.715825 -9.516115 0.034386 -19.358774 -21.015030
-11.772035 -18.490822 -30.444601 -7.238734 -9.093555 14.136287 10.459160 14.757236 -7.163545 4.849268 10.713502 -2.077398 4.756256 -5.016059 8.150240 -2.686433 -3.324271 -6.099782 9.894628 4.584454 13.286872 -11.339390 13.657891 11.521399 -6.210534 3.762274 -6.380033 -1.345307 -18.596087 -21.282471
-11.465533 -16.719135 -32.452579 -5.849010 -9.436106 12.901358 8.744212 14.284329 -8.155318 6.402260 10.575246 -2.936337 5.275069 -4.873622 9.010788 -2.655850 -3.731382 -5.504136 10.123775 4.194656 12.907298 -11.188541 14.379159 12.380265 -5.970533 4.445953 -4.422260 -1.645834 -17.628660 -20.968035
-9.873179 -14.582687 -34.036419 -5.199122 -9.795354 11.066302 5.875343 14.567289 -9.069486 7.724718 10.371392 -3.906949 5.895204 -4.818251 9.561536 -2.495376 -4.059639 -5.462094 9.874356 3.324761 13.196656 -10.823816 15.979074 14.395180 -5.537523 4.921073 -3.066490 -2.483070 -16.395601 -20.838917
-9.803365 -14.457267 -34.121418 -5.048276 -9.902674 11.148522 6.077919 14.511315 -9.070437 7.670425 10.346894 -3.989901 5.914202 -4.762977 9.539961 -2.509957 -4.027164 -5.579160 9.785249 3.206911 13.303481 -10.588863 16.294346 14.573871 -5.511702 5.091409 -2.503764 -2.362756 -15.969901 -20.653458
-9.946273 -14.486823 -34.037838 -5.062994 -9.842539 11.171697 6.057961 14.462737 -9.193249 7.709220 10.333173 -3.964814 5.853986 -4.787357 9.558676 -2.501354 -4.004204 -5.526887 9.829822 3.233938 13.236539 -10.668945 16.221910 14.417612 -5.419636 5.157577 -2.662711 -2.453256 -16.064610 -20.752016
-9.476922 -13.867045 -34.449326 -4.857328 -9.745211 10.666458 5.513548 14.396220 -9.285025 7.987635 10.262364 -4.332907 6.219837 -4.760742 9.816818 -2.496382 -4.048011 -5.536393 9.808339 2.890489 13.645046 -10.750457 16.398195 14.756341 -5.370164 5.154406 -2.207014 -2.404579 -15.805215 -20.510155
-9.021171 -13.291440 -34.855488 -4.382111 -10.056940 10.510421 4.887042 14.431703 -9.339120 8.148805 10.299138 -4.430690 6.300500 -4.741173 9.957945 -2.368330 -4.007673 -5.586337 9.654210 2.513652 14.127398 -10.396884 16.771072 15.557479 -5.276318 5.367568 -1.402982 -2.530137 -15.238413 -20.025349
-7.529828 -12.494860 -34.888912 -3.825041 -10.122509 10.397393 2.786245 15.048547 -9.417842 8.456873 10.441828 -4.691447 6.535911 -4.659898 10.167309 -2.287892 -3.840537 -5.561228 9.592258 2.262073 14.284591 -10.193293 17.154835 16.173265 -4.837411 5.725319 -0.832415 -2.448423 -14.695770 -19.507780
-7.911649 -12.697198 -34.901016 -3.794587 -10.125666 10.368682 2.997397 14.953107 -9.465996 8.518921 10.345758 -4.626052 6.495000 -4.667589 10.148432 -2.327846 -3.792337 -5.554606 9.630123 2.377348 14.191661 -10.278403 17.106592 16.001785 -4.822602 5.676482 -0.909324 -2.528908 -14.907961 -19.520420
-10.855496 -13.654810 -34.161549 -5.371502 -9.275226 10.378381 6.981281 12.733012 -9.030592 8.700842 10.413024 -3.253127 5.098770 -4.374855 9.658650 -2.579942 -4.202377 -4.638639 9.990436 3.292514 11.163957 -11.615606 15.278863 13.492283 -5.273382 4.585579 -1.637316 -2.809963 -16.144442 -20.420891
-13.071177 -16.473969 -31.736002 -7.384793 -7.142158 11.733167 11.694344 11.073324 -7.589347 6.973453 10.563181 -1.102506 3.096892 -4.238445 8.432179 -2.819776 -4.157825 -4.349319 10.310085 4.729696 9.786601 -13.334275 12.475863 10.324821 -5.515629 2.976076 -2.661847 -2.091683 -18.282537 -21.139240
-14.503033 -18.433577 -27.259430 -10.498458 -2.999574 12.121346 16.256222 10.437170 -4.870996 3.496329 10.530841 1.335893 1.092754 -3.887319 7.110353 -3.062209 -3.397625 -4.967698 10.186843 5.760196 9.944030 -14.401358 8.174150 7.027061 -5.896954 0.650639 -3.607544 0.739078 -20.250099 -20.519714
-15.164585 -19.080017 -23.838583 -11.809916 1.217387 12.196744 19.774586 9.862894 -2.516165 0.652224 10.920551 3.515400 -0.565759 -3.737949 6.421504 -2.663236 -3.034282 -4.560128 9.599611 6.254802 9.640532 -15.617344 5.584720 3.775282 -5.713429 -0.910393 -3.233870 2.250474 -22.265064 -19.891411
-17.258854 -18.082733 -19.610785 -13.634405 5.693923 12.244027 22.639723 8.153158 -0.629647 -1.662596 10.861201 5.225940 -2.069000 -3.487484 5.596769 -2.602472 -2.676237 -4.099610 9.128879 6.565888 9.804064 -18.049129 4.184512 0.695679 -5.412079 -2.765715 -1.601785 3.790752 -22.831001 -17.375092
-17.970163 -16.421129 -16.655544 -15.767310 9.218025 11.041461 24.581799 7.493283 1.611395 -3.008376 10.609535 6.208875 -2.895591 -3.000697 5.872840 -2.473387 -2.125940 -3.113864 8.481542 6.783342 10.032104 -19.333893 2.904940 -1.821674 -5.481358 -4.461446 -1.207018 3.701396 -22.767853 -14.964276
-19.206543 -14.626947 -12.172267 -16.810295 13.008381 11.099271 27.242645 7.132370 3.211688 -4.437175 10.516202 7.398942 -3.231972 -2.660199 6.364493 -1.603616 -1.125240 -1.715811 7.852483 6.949034 10.107034 -21.027731 1.773081 -4.521630 -5.444229 -5.252917 -0.753812 3.116131 -21.445986 -12.079513
-20.267378 -13.035074 -11.711848 -18.320707 12.036836 11.010098 26.902565 7.838515 1.979804 -3.367471 10.555512 7.429155 -2.887621 -2.762323 6.718126 -1.261336 -0.470219 -0.840211 7.938437 7.132022 10.187852 -21.718386 0.131071 -3.367558 -5.528579 -5.494128 -1.071708 2.040709 -20.566774 -11.849134
-20.399269 -12.280052 -10.762279 -18.848242 10.781408 11.692476 25.991310 9.126248 1.332982 -2.700383 10.477530 7.215355 -2.224592 -2.851436 7.201017 -0.692557 -0.334667 -0.161921 7.608958 7.619269 9.584245 -22.235369 -0.588856 -2.803695 -5.678579 -5.169641 -1.465698 0.557745 -19.611752 -11.079431
-20.934366 -11.774440 -11.052522 -19.935877 7.914116 12.467669 24.195019 10.138717 -0.362048 -1.038167 10.338363 6.538537 -1.395005 -3.254989 7.888648 -0.133913 -0.043639 -0.060236 7.401803 8.033169 9.765471 -22.384853 -0.543936 0.100431 -5.948723 -4.617547 -2.097153 -0.588400 -18.324585 -10.898497
-20.564449 -9.950506 -8.017630 -19.977911 7.681649 14.000931 24.712839 11.111539 -0.448489 -2.405900 10.217631 6.769870 -0.696711 -3.328797 7.888444 0.580358 0.699368 0.365970 6.673305 8.334135 10.020053 -22.586447 -1.223336 -0.086309 -6.068768 -5.328986 -2.769961 -1.110584 -17.734980 -7.545417
-20.144939 -9.310317 -7.293859 -19.999090 5.608870 14.229281 22.738363 12.553203 -1.132878 -2.376753 10.037869 6.425886 -0.232045 -3.458745 8.000939 0.686634 1.218106 0.613623 6.371453 8.144771 11.633336 -22.074919 -1.342441 1.282896 -6.268956 -5.330469 -2.590678 -1.309748 -16.457933 -6.770076
-18.028650 -7.558988 -2.362319 -17.887667 6.740686 14.819457 23.684050 14.535859 0.358967 -4.977305 9.620177 6.029638 0.557543 -3.585391 7.741036 0.686110 1.970273 0.669343 5.677835 7.878486 15.577397 -21.379690 -1.882747 -0.104809 -6.064158 -6.096558 -2.899604 -0.538431 -15.366909 -3.126973
-18.139610 -8.550859 -3.094113 -17.333956 3.337497 16.627016 22.849829 16.352739 -0.194209 -5.482453 9.051263 4.922043 1.485183 -3.888482 8.104048 0.321664 2.449428 -0.086126 5.668204 8.009363 18.677374 -21.010538 -1.504238 2.580865 -6.028533 -6.544926 -3.827638 -0.738206 -14.068154 -3.110282
-16.846624 -9.195906 -1.688180 -16.149633 1.301596 17.018976 21.959879 18.962759 0.118355 -7.352951 8.758939 4.268506 2.839797 -3.715881 8.078557 0.129456 3.635064 -1.337261 5.252522 7.716399 21.665426 -20.279200 -1.322556 4.964021 -6.338256 -7.093997 -6.653242 -1.521710 -12.930372 -2.599727
-17.060402 -11.489987 -3.348432 -14.983444 -1.769190 18.537741 21.404675 20.309460 -0.552713 -6.691034 8.692655 3.550702 3.302150 -3.947421 8.376516 -0.089198 3.866942 -2.042350 5.562301 8.077947 21.930967 -19.660378 -1.811013 7.095864 -6.500916 -6.701589 -8.011263 -1.611950 -12.611645 -3.256701
-18.471989 -12.792245 -6.917298 -15.261631 -5.957024 19.203405 19.017202 19.969498 -2.986769 -4.776050 8.736208 3.033893 3.370201 -4.114762 8.397795 -0.440092 3.537474 -2.119783 5.936611 8.043137 21.544029 -19.129938 -1.276789 10.820789 -5.955529 -5.681179 -8.216990 -2.376560 -12.408196 -5.602345
-18.292727 -12.788893 -7.064539 -15.363886 -6.019681 19.560865 19.182167 20.062832 -2.874431 -4.371136 8.659293 2.917878 3.474816 -4.180005 8.446951 -0.382221 3.538139 -2.178220 5.861512 8.011584 21.909748 -19.281893 -1.269175 10.956356 -5.803893 -5.645078 -8.158043 -2.195239 -12.568441 -5.465535
-18.318119 -12.891603 -7.761145 -15.491232 -6.482715 19.540468 19.153307 20.005484 -3.052278 -3.664855 8.752521 2.973674 3.619749 -4.167311 8.525059 -0.254853 3.566072 -2.222817 5.879565 8.055750 21.583776 -19.210646 -1.037770 11.333526 -6.022452 -5.526409 -8.167973 -2.230518 -12.404531 -5.855645
-18.368471 -12.817148 -8.069255 -15.225105 -6.709963 19.635378 18.862211 19.829557 -3.201807 -3.639021 8.679915 2.872143 3.575624 -4.257276 8.622257 -0.192454 3.464376 -2.362017 5.990878 8.082401 21.315313 -19.132513 -0.940523 11.765786 -5.805596 -5.238514 -8.005463 -2.474581 -12.172891 -6.326277
-23.879826 -3.820499 4.029974 -19.579702 -3.416249 9.185330 27.571905 16.609022 -4.185559 -4.117080 5.401738 5.695403 -2.465947 -5.802277 8.721761 -0.437086 3.249543 1.660501 6.367383 7.857080 21.854914 -24.007528 1.649150 -6.311148 -2.405360 0.450795 -4.915848 -3.106353 -7.875293 -4.532173
-24.695395 -4.632594 1.672402 -19.961691 -5.421052 10.472678 26.925201 16.567385 -6.385777 -1.729739 5.622588 5.234876 -2.663195 -5.894843 9.424682 -0.990419 3.169310 1.689489 7.124119 8.197322 19.245871 -25.256105 2.912397 3.347508 -8.651344 -0.304200 1.050741 -0.621260 -1.017419 -7.033264
-24.442638 -5.320112 0.230474 -20.221931 -6.825353 10.883839 26.125483 16.988005 -7.361084 -2.130904 5.514896 5.197917 -1.912738 -5.871052 9.545268 -0.836032 3.040452 1.546036 7.037192 8.109686 18.415485 -23.594702 3.994953 6.636745 -12.822582 -1.065538 1.206934 3.824031 -1.831216 -8.867707
-24.150818 -5.309365 -0.484610 -20.327532 -7.697183 10.614467 25.236673 17.085058 -8.156898 -2.039032 5.413177 5.056492 -1.940784 -5.817858 9.555918 -0.939602 2.967225 1.513555 7.075982 8.087753 17.953241 -21.803923 3.189101 6.156716 -12.526913 -0.327219 -0.459895 5.469546 -5.196073 -8.498891
-24.359501 -5.560251 -0.958546 -20.638311 -8.270853 10.475516 24.840252 17.256174 -8.423526 -1.458497 5.482915 4.936604 -1.891210 -5.901886 9.644077 -1.040480 2.903238 1.500516 7.281800 8.064522 17.937958 -21.577690 3.265638 6.449978 -12.505617 -0.076162 -0.197610 5.284487 -4.674494 -8.993741
-24.575886 -5.616532 -1.479638 -20.545057 -8.669083 10.577770 24.823763 16.869268 -8.754790 -1.214319 5.477175 4.881681 -1.793267 -5.847241 9.689902 -1.046560 2.960891 1.529017 7.273079 8.027554 17.738525 -21.519569 3.223316 6.687580 -12.216999 -0.034777 -0.281082 5.039840 -4.555754 -8.939091
-24.499962 -5.849308 -2.222954 -20.289879 -9.156792 10.828269 24.329887 16.953882 -9.261907 -0.661145 5.420040 4.727125 -1.738773 -5.813066 9.870319 -1.146349 2.877656 1.652720 7.328057 8.023204 17.473860 -21.546700 3.418972 6.815926 -11.888726 0.392357 0.075429 5.445810 -5.119243 -8.931796
-24.567350 -5.707476 -2.501232 -20.299646 -9.233399 10.765586 24.046560 16.705179 -9.376979 -0.419162 5.441610 4.644712 -1.698695 -5.851981 9.882734 -1.212101 2.779400 1.620696 7.437339 8.004490 17.549618 -21.737268 3.467828 6.917386 -11.740788 0.399558 0.194449 5.375151 -5.068447 -9.146108
-24.633293 -5.846645 -2.970004 -20.357325 -9.602194 10.785352 24.224178 16.784004 -9.768191 -0.266549 5.427886 4.586411 -1.495828 -5.825846 10.005758 -1.293775 2.787325 1.658083 7.560380 8.007095 17.567980 -21.843485 3.709049 7.271605 -11.718682 0.395165 0.176868 5.160237 -4.792457 -9.385681
-24.633814 -5.729236 -3.144389 -20.338186 -9.712612 10.737561 24.190975 16.766306 -9.904546 0.050725 5.373620 4.619996 -1.476178 -5.799199 10.004677 -1.284178 2.815015 1.707331 7.560910 8.009758 17.592215 -21.931055 3.621893 7.297172 -11.665201 0.427609 0.204109 5.090998 -4.656344 -9.508561
-24.726395 -5.769260 -3.272055 -20.249569 -9.766623 10.789699 24.156837 16.629503 -9.843899 0.075801 5.379139 4.504754 -1.412200 -5.735179 10.046698 -1.272732 2.827487 1.683186 7.530739 8.008457 17.585867 -21.886534 3.622056 7.510170 -11.499439 0.518711 0.122034 4.982402 -4.676666 -9.548976
-24.732056 -5.780262 -3.325012 -20.274065 -9.783960 10.804584 23.970177 16.534346 -9.864205 0.145063 5.354045 4.476509 -1.419452 -5.758048 10.089180 -1.269506 2.684964 1.711279 7.575406 7.991161 17.666647 -21.990294 3.616928 7.608726 -11.366116 0.539795 0.343741 4.987213 -4.634657 -9.468175
-24.713692 -5.690130 -3.389835 -20.406733 -10.011861 10.887891 24.042969 16.608812 -9.841212 0.281290 5.293308 4.421926 -1.317951 -5.732478 10.091881 -1.346484 2.699238 1.740247 7.606738 7.992890 17.585249 -22.068392 3.637606 7.694151 -11.369099 0.529524 0.404912 5.034590 -4.686769 -9.668666
-24.655338 -5.632059 -3.560072 -20.385433 -10.058816 11.070325 23.840387 16.420841 -9.963347 0.558510 5.313833 4.451556 -1.364812 -5.710053 10.126289 -1.318736 2.717110 1.729648 7.593242 7.929807 17.596714 -21.989067 3.624824 7.941145 -11.341406 0.604521 0.340230 4.992899 -4.722177 -9.601497
-24.816120 -5.565785 -3.705652 -20.392683 -10.284630 11.070013 23.753628 16.385622 -10.120475 0.766901 5.344048 4.522366 -1.299060 -5.689496 10.158974 -1.313758 2.743737 1.740264 7.646722 7.869258 17.484316 -22.043678 3.715880 8.251505 -11.241171 0.714920 0.427492 4.916322 -4.660102 -9.549105
-25.049706 -5.532796 -3.830443 -20.267792 -10.577103 11.068128 23.799629 16.356462 -10.142551 1.086001 5.325078 4.452831 -1.283939 -5.739209 10.163469 -1.372468 2.757704 1.717533 7.719130 7.952317 17.370493 -22.320326 3.680636 8.299742 -11.122381 0.891544 0.650326 4.913549 -4.386845 -9.525445
-24.992256 -5.544405 -4.258780 -20.307352 -10.832354 11.015351 23.570005 16.336094 -10.272449 1.418114 5.361860 4.341426 -1.314512 -5.805863 10.230057 -1.396319 2.721402 1.795375 7.816175 7.930940 17.372698 -22.229071 3.652249 8.477296 -11.138877 0.922565 0.680572 4.912924 -4.343880 -9.717996
-24.909691 -5.383260 -4.424520 -20.331110 -10.847700 10.939211 23.686821 16.191950 -10.250920 1.628022 5.348905 4.411051 -1.378042 -5.841491 10.205307 -1.362805 2.691517 1.787218 7.864402 7.954853 17.514708 -22.409758 3.806915 8.666656 -11.131855 0.842026 0.907602 4.966450 -4.230043 -9.701832
-24.890057 -5.356299 -4.363042 -20.250429 -10.760397 11.126550 23.644669 16.174026 -10.306101 1.549568 5.308423 4.292047 -1.365901 -5.821949 10.256313 -1.362359 2.691597 1.774213 7.818754 7.984341 17.382582 -22.379648 3.813166 8.706092 -11.112461 0.819456 0.948226 4.910716 -4.286900 -9.713525
-24.861149 -5.403818 -4.479243 -20.302019 -10.801894 11.137307 23.606537 16.244484 -10.370435 1.566756 5.309308 4.285346 -1.404471 -5.817791 10.263451 -1.396297 2.641898 1.786777 7.818537 7.928936 17.461060 -22.297556 3.840828 8.681270 -11.129450 0.877896 0.901121 5.021315 -4.346754 -9.811018
-24.768642 -5.474938 -4.727875 -20.410463 -10.763893 11.228024 23.344847 16.305260 -10.342418 1.666756 5.289956 4.211257 -1.363949 -5.847798 10.317173 -1.366238 2.594131 1.756879 7.839540 7.956731 17.349142 -22.332148 3.916250 8.740170 -11.220238 0.954130 1.069249 4.942375 -4.203256 -9.902382
-24.517500 -5.333991 -4.727176 -20.255070 -10.607405 11.151393 23.202751 16.191797 -10.513238 1.565397 5.310787 4.320078 -1.383780 -5.823572 10.294810 -1.323331 2.587711 1.747369 7.802564 7.887564 17.326302 -22.287476 3.978330 8.736835 -11.252115 0.975171 1.039881 4.990204 -4.291366 -10.021497
-24.672607 -5.251636 -7.145170 -19.886940 -11.768709 11.271880 21.441399 15.685335 -11.271486 3.211489 5.182059 3.696712 -0.995119 -5.534592 10.761420 -1.656187 2.319107 1.752310 7.913409 7.605931 17.143543 -22.325918 4.072090 9.744691 -10.467550 1.451684 1.096246 4.603856 -4.424825 -11.013335
-24.023418 -4.751245 -12.075797 -18.661371 -13.082962 11.656169 19.614002 14.799903 -12.321860 6.971256 5.036191 2.676633 -0.013238 -5.108637 11.458889 -2.261216 1.593780 1.684743 8.237134 7.200694 16.142097 -23.336554 5.661802 12.002543 -9.562459 1.805631 3.210487 3.044283 -3.461001 -11.916812
