0.547133 26.088066 -10.247182 4.692049 3.838268 -5.901028 9.307387 12.242617 17.652235 -7.498056 -4.387770 1.310111 -1.287049 -9.777804 5.334282 -2.063037 -5.383698 3.227750 -9.635636 -2.803435 -4.924580 8.662935 10.540374 14.735362 -13.396835 20.102186 0.446113 -15.765731 -0.592251 16.542252
0.103432 25.990337 -10.333527 4.722383 3.437189 -6.384382 10.105685 12.151149 18.345758 -7.671189 -4.415097 1.333981 -1.318999 -9.758954 5.305998 -2.100858 -5.422683 3.199802 -9.680648 -2.783384 -4.946094 8.726173 10.530944 14.697625 -13.378598 20.120783 0.458048 -15.750960 -0.607235 16.536434
-4.840370 12.988066 -2.700444 8.370035 8.795500 -10.418880 21.765919 19.540682 14.605032 -7.805889 -5.999041 2.501242 -4.063323 -12.290539 0.094982 -3.514030 -3.128846 -2.700105 -8.135190 3.902884 -3.017639 4.441842 7.409791 9.648589 -16.921999 22.862284 -14.467225 -6.667298 0.070205 1.254986
-2.594845 14.829495 -4.934604 9.228838 8.609101 -13.178595 19.775570 18.989569 14.404381 -7.294868 -5.788918 1.932050 -3.724689 -12.561489 0.324078 -3.797042 -4.070052 -1.978049 -7.351467 3.508358 -2.310497 6.547755 9.501019 9.100007 -16.559689 24.238890 -11.465152 -6.409773 0.128181 1.592375
-2.291428 15.275589 -4.527790 10.808308 9.188866 -13.901578 19.230513 18.350000 15.739695 -6.856982 -5.478486 1.698044 -3.506562 -12.917554 0.354827 -3.615058 -4.343800 -1.200217 -6.703548 3.162113 -2.548028 7.076259 9.849938 7.255796 -15.924789 25.464470 -9.476028 -5.335892 -0.133470 3.356354
-1.602832 16.328279 -4.066564 11.150713 8.696527 -14.533122 17.889172 18.156425 16.281507 -5.974308 -5.212428 1.248040 -3.296890 -13.248247 0.195194 -3.564165 -4.200776 -0.685566 -6.114974 3.157508 -2.254816 6.658876 9.895200 6.603718 -15.725704 25.818094 -7.761677 -4.638958 0.455417 4.981911
-1.216313 16.466219 -3.793044 11.313410 8.200541 -14.968953 17.320469 18.435019 16.549805 -5.505852 -5.210952 0.807237 -3.282282 -13.378331 0.124415 -3.719443 -3.860405 -0.272677 -5.791223 3.061084 -1.576915 6.046973 9.806500 6.478076 -15.448543 25.725925 -6.769917 -4.477452 1.366036 5.977337
-0.904066 17.729641 -2.881583 9.875658 6.673799 -15.582401 16.288664 19.004599 15.953866 -4.676842 -5.342761 -0.162364 -3.176230 -13.301113 0.298080 -4.082064 -3.002797 0.158636 -5.679593 3.016158 0.377167 4.671006 9.398664 6.659938 -14.707873 25.001663 -5.821102 -4.482722 3.190694 7.896650
-0.542630 18.505623 -2.314947 7.937398 5.147396 -16.422230 15.169578 20.224842 14.635993 -4.380528 -5.716910 -1.536215 -2.841524 -13.261786 0.536264 -4.796825 -2.225177 0.520211 -5.588994 2.408489 1.760786 2.984049 9.299721 7.118103 -14.401052 24.489180 -5.129301 -4.529516 4.825594 8.855667
0.109843 18.521105 -1.632256 6.874138 3.580170 -16.543678 14.220820 20.875051 13.983707 -4.074673 -5.551063 -2.535260 -2.784866 -13.436071 0.396850 -5.121389 -1.848096 1.141863 -5.074858 1.830886 2.404441 1.414236 9.497203 7.834483 -14.075602 23.842979 -3.672493 -4.308025 6.007967 10.792172
0.746229 19.512724 -1.719329 5.203465 2.214695 -17.502783 12.180487 21.418552 13.551333 -3.581108 -5.239793 -3.403370 -2.034178 -13.678692 0.331864 -5.091959 -1.875623 1.604814 -4.542633 1.510963 2.737051 -0.137576 9.602281 8.531165 -14.272121 23.319731 -1.645475 -4.087046 7.457959 12.710591
1.770636 18.981544 -2.552715 5.403585 0.949363 -18.442430 10.590472 21.757010 13.465464 -4.485736 -4.887251 -3.713314 -1.317448 -14.041866 0.291435 -4.582954 -2.163913 2.278381 -4.009086 1.449809 3.462990 -0.518216 10.239207 8.711535 -14.064411 23.468744 0.506077 -4.161236 8.589098 12.674085
3.303670 18.330542 -4.222710 6.626234 0.107552 -19.885967 9.226056 21.992764 13.351513 -5.159221 -4.590533 -3.952924 0.034549 -14.460337 0.650820 -3.625069 -2.481352 3.190065 -3.510935 2.249078 5.066998 0.474150 11.113785 7.134678 -12.262298 24.305960 3.559321 -4.204184 8.693984 13.124230
4.696587 18.495630 -4.289028 6.959696 -0.849165 -20.127192 7.917569 22.777206 13.571193 -4.924416 -4.274655 -4.438091 1.046974 -14.629269 1.191275 -2.989671 -2.332360 4.342011 -3.296684 2.826104 6.056922 1.703280 11.606874 6.928284 -11.739397 24.550259 4.559387 -3.615049 8.181314 14.300227
4.610868 18.642456 -4.243158 7.023535 -0.842712 -19.981466 7.935426 22.701868 13.692410 -4.905693 -4.244621 -4.417061 0.994552 -14.637161 1.157070 -3.019673 -2.366670 4.335805 -3.231189 2.792446 6.178681 1.601490 11.611047 6.847535 -11.640364 24.556993 4.686019 -3.500435 8.244984 14.561975
4.837356 18.448528 -4.262794 7.026637 -0.927636 -20.176348 7.738896 22.851950 13.500424 -4.855421 -4.326862 -4.495341 1.118803 -14.651774 1.159339 -3.040880 -2.336930 4.327181 -3.239914 2.811313 6.445563 1.602278 11.683059 6.782380 -11.566882 24.647078 4.782623 -3.313387 8.242160 14.527917
4.701674 18.487015 -4.275506 6.982079 -0.890692 -20.145679 7.886248 22.767759 13.617904 -4.912057 -4.256519 -4.453412 1.061190 -14.639699 1.163926 -3.007453 -2.364414 4.348442 -3.249289 2.798100 6.162074 1.744286 11.641057 6.837952 -11.650561 24.616529 4.593010 -3.536114 8.210020 14.379935
4.778306 18.429098 -4.304562 7.119197 -0.868554 -20.272367 7.736235 22.813311 13.515701 -4.874178 -4.290439 -4.518627 1.107297 -14.684159 1.137336 -3.037270 -2.358734 4.361883 -3.182492 2.800682 6.617869 1.508504 11.749297 6.696045 -11.486773 24.662413 4.941545 -3.189876 8.289458 14.708349
4.717543 18.478582 -4.209369 6.972435 -0.865401 -20.128946 7.870321 22.766836 13.518558 -4.882158 -4.312503 -4.469725 1.102565 -14.659117 1.150435 -2.995929 -2.313153 4.338661 -3.254508 2.831469 6.390178 1.626403 11.694644 6.916701 -11.591230 24.597889 4.753461 -3.476659 8.267094 14.467345
4.679314 18.619305 -4.308607 7.060704 -0.895496 -20.064991 8.030151 22.699034 13.677752 -4.947165 -4.277750 -4.423571 1.010550 -14.629827 1.182072 -3.019624 -2.350067 4.334870 -3.274473 2.799974 6.173812 1.552292 11.768929 6.826328 -11.619238 24.591028 4.708129 -3.527071 8.253861 14.551713
4.785415 18.429890 -4.222286 7.059590 -0.944160 -20.204954 7.839973 22.879904 13.503879 -4.864565 -4.284886 -4.519600 1.125524 -14.664272 1.140391 -3.053760 -2.347854 4.365195 -3.188835 2.795410 6.492597 1.513960 11.781234 6.746157 -11.515789 24.635214 4.782097 -3.292511 8.264549 14.628302
4.639745 18.594307 -4.280353 7.049989 -0.834393 -20.113703 8.013089 22.696512 13.668345 -4.857951 -4.261241 -4.414180 1.052699 -14.642175 1.173273 -3.007024 -2.366425 4.359944 -3.242170 2.828739 6.080393 1.598715 11.730884 6.866283 -11.701752 24.572939 4.626371 -3.467010 8.242819 14.518001
-0.541723 18.513607 5.799060 4.615985 -2.615923 -5.452860 2.438459 21.113800 20.919195 -5.877370 0.438473 -1.102733 -1.034685 -12.455212 -0.970752 0.672901 1.681451 5.410898 -6.813737 3.381352 5.029779 -1.399876 5.142558 11.699824 -9.599372 17.161840 -2.579753 -3.060730 4.112854 28.528708
-6.953875 23.054352 10.691709 0.562787 -0.258480 -1.638438 2.156130 17.743860 19.286665 -5.578281 0.940207 -1.304847 -4.044051 -11.924491 -0.850490 -0.232093 2.845874 6.973567 -6.433865 1.843266 -0.231849 -4.627925 0.697396 9.200832 -8.756484 15.709741 -6.740530 -5.692719 -0.294202 29.490429
-9.108743 24.756971 12.053939 -0.282008 1.592422 -1.059824 2.525936 16.358089 19.250559 -4.836324 0.995629 -0.925088 -5.575621 -11.062028 -0.088409 -0.508649 3.129169 8.649750 -6.562497 0.834476 -1.512745 -6.106330 -0.080485 9.064485 -8.413187 15.438369 -7.692566 -6.433194 -0.485314 30.480328
-9.114153 24.736588 12.211157 -0.255426 1.422501 -0.892196 2.394125 16.464632 19.220385 -4.803302 1.073017 -0.783365 -5.734405 -10.927734 0.048983 -0.391737 3.209754 8.780931 -6.560366 0.917549 -1.489954 -5.907744 0.133542 8.909359 -8.364407 15.598429 -7.646793 -6.458562 -0.680181 30.416851
-9.167678 24.782574 12.155293 -0.420147 1.589601 -1.091875 2.448990 16.396736 19.219435 -4.649709 1.009842 -0.642835 -5.904106 -10.910767 -0.084783 -0.483243 3.198584 8.791832 -6.590845 0.562601 -1.543129 -5.950800 -0.047370 8.875720 -8.436334 15.677508 -7.831674 -6.388963 -0.531518 30.340277
-9.454417 24.994938 12.030989 -0.462298 2.392664 -1.236000 2.520573 15.852711 19.208658 -4.561067 1.030882 -0.589696 -6.227285 -10.839836 -0.309820 -0.743363 3.038526 8.540274 -6.434953 0.366236 -2.096205 -6.073044 -0.290632 8.841777 -8.569795 15.617641 -7.651541 -6.422361 -0.848456 30.287159
-9.350469 24.757278 12.115492 -0.458190 1.969768 -1.110701 2.357933 16.180847 19.333059 -4.653484 1.013509 -0.623049 -6.043652 -10.878604 -0.181245 -0.621072 3.126715 8.642366 -6.533595 0.470781 -1.568820 -5.922511 -0.163000 8.899468 -8.399202 15.650350 -7.768751 -6.431944 -0.714530 30.429220
-9.403234 24.762093 12.042267 -0.445879 2.110873 -1.248984 2.395988 16.089321 19.298338 -4.672110 1.015068 -0.590624 -6.100204 -10.867176 -0.191103 -0.661476 3.097759 8.626459 -6.540452 0.431870 -1.675564 -5.934249 -0.139533 8.855453 -8.462397 15.651508 -7.662220 -6.323331 -0.776043 30.409046
-9.481251 24.850792 12.035459 -0.450694 2.247140 -1.270961 2.398484 15.978225 19.323624 -4.644201 0.982382 -0.647077 -6.177398 -10.841593 -0.221827 -0.748227 3.072549 8.577887 -6.495984 0.376490 -1.774634 -5.986681 -0.161762 8.811970 -8.477640 15.663109 -7.700937 -6.380721 -0.769011 30.430580
-9.530932 24.913052 12.174153 -0.352635 2.275195 -1.018959 2.638618 15.863111 19.285511 -4.660971 1.106318 -0.470577 -6.249074 -10.900675 -0.273776 -0.548137 3.158670 8.549174 -6.604720 0.463890 -1.721259 -6.050374 -0.303786 8.905534 -8.384401 15.582700 -7.976798 -6.497741 -0.676083 30.362915
-9.494409 24.847389 12.167848 -0.437231 1.987007 -1.136110 2.426042 16.020557 19.266115 -4.791005 1.061230 -0.540512 -6.077420 -10.872119 -0.186084 -0.563211 3.192403 8.632196 -6.633781 0.502537 -1.688197 -5.917548 -0.179806 8.893515 -8.495617 15.620489 -7.810942 -6.231629 -0.751148 30.321535
-9.453103 24.732475 12.267152 -0.426238 1.899591 -0.960392 2.543592 16.122204 19.352959 -4.708998 1.078579 -0.508286 -6.043735 -10.862410 -0.183666 -0.548637 3.191933 8.664639 -6.639281 0.512389 -1.524122 -5.915207 -0.170625 8.905001 -8.458453 15.653296 -7.909627 -6.220926 -0.657004 30.448803
-9.183999 24.542622 12.251914 -0.349608 1.481900 -0.949859 2.389043 16.469919 19.294012 -4.747188 1.062174 -0.570708 -6.000387 -10.848799 -0.143218 -0.559591 3.205155 8.706510 -6.600561 0.525046 -1.365073 -5.881719 0.035237 8.848453 -8.457206 15.581402 -7.885705 -6.100757 -0.731718 30.461327
-9.158805 24.510395 12.234409 -0.341707 1.304984 -0.913986 2.286246 16.540253 19.249361 -4.730578 1.084313 -0.571687 -6.005322 -10.836882 -0.139371 -0.563861 3.215578 8.683726 -6.606719 0.498924 -1.324002 -5.842456 0.039544 8.905826 -8.482998 15.579713 -7.932061 -6.163837 -0.709175 30.508205
-9.167876 24.594536 12.233935 -0.417085 1.498275 -0.949339 2.362011 16.514448 19.277952 -4.732559 1.042923 -0.603722 -5.995003 -10.880095 -0.141133 -0.556080 3.204880 8.706057 -6.586669 0.511497 -1.353630 -5.872700 0.032218 8.939624 -8.493853 15.545174 -7.850557 -6.095821 -0.721033 30.505388
-9.869006 24.552666 12.578702 -0.470671 2.415224 -0.684007 2.945449 15.858455 19.384457 -4.606158 1.210936 -0.302773 -6.327499 -10.826080 -0.291137 -0.376039 3.348804 8.568819 -6.838954 0.529682 -1.894697 -5.923185 -0.556598 9.043230 -8.632850 15.508078 -8.588027 -6.713646 -0.634489 30.280327
-9.428816 24.782759 12.265795 -0.483161 1.745700 -1.039525 2.412377 16.188486 19.280275 -4.715708 1.126041 -0.502131 -6.106378 -10.874173 -0.203097 -0.473486 3.243902 8.650150 -6.676721 0.540958 -1.413157 -5.944294 -0.165134 9.033141 -8.461529 15.522476 -8.075885 -6.398607 -0.565715 30.557125
-9.133403 24.381100 12.246158 -0.408948 1.283261 -0.848641 2.175409 16.621958 19.305265 -4.728563 1.099844 -0.532106 -5.949557 -10.862214 -0.150288 -0.463519 3.235474 8.672506 -6.651074 0.573243 -1.262724 -5.890777 0.091655 8.934434 -8.535048 15.524409 -7.872988 -6.137185 -0.641608 30.572952
