-13.205053 24.894524 -20.231272 21.037996 -9.900939 -4.429614 0.635652 0.984695 4.883406 -8.352150 3.086711 8.267202 5.239379 -8.985168 0.708760 -3.535327 -0.398326 5.293407 1.844657 -10.409067 -0.176279 8.271358 13.365105 -0.508685 -27.664717 7.421204 2.094164 -18.884180 1.712168 17.159645
-13.721592 24.820992 -20.452206 21.153717 -10.437508 -5.020257 1.268499 0.792188 5.469957 -8.630778 3.117229 8.313472 5.252502 -8.962555 0.660309 -3.545887 -0.398653 5.300758 1.865023 -10.417755 -0.135183 8.355763 13.388564 -0.573009 -27.801758 7.353307 1.970289 -18.885103 1.719857 17.129642
-13.901790 22.977549 -20.148771 18.466311 -11.764612 -3.841339 0.299245 0.705145 5.929641 -10.242075 3.573208 8.400100 5.588770 -8.222328 0.877284 -3.824236 -0.816613 4.799782 1.837247 -10.047367 0.747472 8.645501 13.008691 1.780804 -25.376932 7.371581 2.447970 -16.657776 -0.923555 16.583549
-13.555028 23.576328 -19.976637 19.529938 -11.844464 -3.264102 1.140305 0.872295 5.520702 -10.084888 3.464407 8.482370 5.422611 -8.426569 0.839344 -3.669181 -0.748973 4.984113 1.823305 -10.302328 0.852915 9.035500 13.387557 0.017246 -27.150000 6.639323 2.061510 -17.717203 0.117197 16.892200
-13.168492 22.950832 -19.456989 17.897512 -13.249553 -1.429026 1.546480 1.034062 5.213844 -11.488007 3.793909 8.706468 5.741022 -8.012238 1.050530 -3.508566 -1.041905 4.648726 1.679541 -10.158202 1.830148 10.351603 13.279914 1.114646 -26.270945 6.394614 1.623152 -16.536940 -1.784226 16.570385
-13.139972 21.884563 -19.287672 16.837200 -14.239841 0.163817 1.951952 1.101673 4.963691 -12.616829 4.208040 9.251862 6.203240 -7.438274 1.646012 -3.026604 -1.346874 4.682370 1.696540 -9.682053 2.632439 11.359396 13.274959 1.316648 -26.141161 5.650583 1.158603 -16.141581 -3.065884 16.041424
-13.144456 21.358601 -19.157701 16.321085 -14.873486 1.405502 2.366431 1.075259 4.830507 -13.290120 4.496278 9.575693 6.385294 -7.108399 1.817514 -2.727723 -1.633651 4.770912 1.490014 -9.374759 3.297540 12.527585 13.224139 1.513071 -26.086096 5.207737 0.450550 -15.864858 -4.073564 15.357969
-12.903285 20.916351 -19.036646 16.236252 -15.306746 2.611786 3.460149 0.746148 4.348599 -13.880421 4.729634 9.952701 6.389857 -6.826147 2.165859 -2.511091 -1.780180 4.964318 1.539213 -9.321293 3.749098 13.456383 13.167662 1.705738 -25.882891 4.891072 -0.109401 -15.443629 -5.115022 14.578639
-12.638947 20.222092 -19.121563 16.407713 -15.911530 3.720721 4.203889 0.650365 4.361658 -14.477762 4.906243 10.144247 6.436070 -6.494324 2.482065 -2.465306 -1.959591 4.980731 1.577954 -9.366171 4.697738 13.471547 13.302301 1.707862 -25.854927 3.994878 -0.185200 -15.045836 -5.996859 14.042153
-12.357142 19.638641 -19.606384 17.422319 -15.976236 4.459486 4.973975 0.535362 4.635105 -14.775167 5.028249 10.715921 6.129625 -6.434831 2.652299 -2.518775 -2.086125 4.712977 1.982284 -9.547412 5.251566 13.196444 13.498479 1.544970 -25.754847 3.483203 0.258443 -14.431012 -6.632341 13.897761
-11.938994 18.723698 -20.444065 18.422482 -15.608878 5.094527 5.501691 0.199395 5.218297 -15.178658 5.128107 11.080364 5.881749 -6.354188 2.718193 -2.836204 -2.199563 4.022393 2.438494 -9.702875 6.216462 11.994789 13.757796 0.612893 -26.380903 1.789837 1.292702 -14.065194 -7.112512 14.272890
-11.884947 18.039371 -21.247358 19.271521 -15.051531 4.914694 5.765524 -0.249875 5.794399 -15.268776 5.178020 11.309556 5.828801 -6.308959 2.694105 -3.060842 -2.177849 3.308476 2.749030 -9.945070 7.086750 10.479582 13.769788 0.369992 -26.680277 0.562307 2.427603 -13.612343 -7.209344 15.099339
-11.811731 16.935043 -21.863386 20.069298 -14.391737 4.550206 5.639102 -0.353580 6.495018 -15.445846 5.264930 11.538040 6.086658 -6.302741 2.738748 -3.039972 -2.213676 2.663344 3.029653 -9.926848 7.937131 9.317634 13.890260 -0.105687 -27.150375 -0.443509 3.442631 -13.182510 -7.208821 15.827796
-11.811768 15.957004 -22.708731 21.108070 -13.393652 3.635347 5.225275 -0.346614 7.300729 -15.399135 5.323855 11.654907 6.387006 -6.249154 2.757448 -3.080205 -2.132418 1.995991 3.220214 -9.885124 8.689564 8.045544 13.854033 -0.724942 -27.343575 -1.176409 4.771230 -12.477163 -7.166099 16.153175
-12.065986 15.474272 -23.141161 21.448679 -12.314924 2.601479 4.396439 -0.261956 7.954433 -15.276505 5.391932 11.611248 6.884325 -6.298104 2.764400 -3.162745 -1.836380 1.286568 3.387696 -9.812185 9.578012 7.040260 14.028090 -1.278911 -27.496424 -1.902870 5.870710 -11.682345 -7.320220 16.329216
-12.226066 15.223467 -23.314051 21.251282 -11.548474 1.338914 3.624404 0.214977 8.467866 -15.187807 5.400310 11.280294 7.637149 -6.364835 2.847389 -3.122569 -1.583803 0.972246 3.336163 -9.475567 10.337634 6.672666 14.067533 -2.082423 -28.070702 -2.652370 6.692719 -11.155763 -7.547681 16.448683
-12.749610 15.058918 -23.753201 20.866102 -11.034277 0.245740 2.470789 0.480130 8.683833 -14.694071 5.396785 10.893432 8.422990 -6.380198 2.999584 -3.079897 -1.289470 0.817536 3.279882 -9.102661 10.602437 5.980251 14.188105 -3.191188 -28.462008 -3.133970 8.005502 -10.531073 -7.729956 16.351665
-13.198563 15.467582 -23.942474 20.125990 -10.308121 -1.058807 1.684104 0.689779 9.025471 -14.403716 5.328858 10.457516 9.144481 -6.491504 3.121252 -3.024113 -0.996140 1.041432 3.138445 -8.699703 10.983583 5.188419 14.772383 -4.673744 -29.142809 -3.885959 9.015342 -10.004315 -7.968549 16.322886
-13.982417 15.778761 -23.952694 19.959055 -9.372036 -2.072778 1.384958 0.683341 8.905273 -14.101423 5.271358 10.206100 9.788135 -6.505525 3.177933 -2.955136 -0.706080 1.199549 3.036625 -8.187904 10.656963 4.159906 14.905426 -5.743930 -29.284437 -4.582405 10.155746 -10.007987 -8.186731 15.921485
-14.663627 16.237167 -23.751392 19.919428 -8.469993 -3.100103 1.153752 0.850778 9.132610 -13.832319 5.176744 9.630945 9.859791 -6.838109 3.518200 -2.625805 -0.668334 1.508885 2.893810 -7.650076 10.480225 3.079338 15.058696 -6.454481 -29.365688 -5.294271 10.972396 -9.969548 -8.411596 15.857717
-14.809819 16.213638 -23.581722 19.575354 -8.459736 -3.283581 1.072814 0.840818 8.853974 -13.804209 5.253492 9.568933 9.992603 -6.822350 3.574614 -2.547731 -0.633403 1.538468 2.771106 -7.426564 10.364903 2.529724 15.154174 -6.971548 -29.455927 -5.715709 11.143048 -10.043792 -8.411512 15.598654
-14.860911 16.308117 -23.561216 19.547390 -8.250343 -3.415813 1.185853 0.792309 8.850509 -13.761566 5.253129 9.648851 9.914603 -6.835548 3.585148 -2.500826 -0.649315 1.584280 2.765441 -7.452413 10.310248 2.449702 15.135955 -6.971300 -29.404179 -5.751042 11.258651 -10.013672 -8.420183 15.609225
-13.168105 15.448587 -24.774607 19.504002 -11.274857 -1.230910 1.730546 -0.511334 8.747425 -13.803925 5.231779 9.849705 8.430553 -6.336494 2.957960 -3.380845 -1.419166 1.044401 2.795521 -9.094851 8.973414 4.891582 14.507361 -4.234843 -27.403406 -2.238953 9.893266 -9.650253 -8.275522 16.234383
-11.132823 18.513378 -24.632681 16.731745 -14.110629 -0.169326 2.270776 -1.598097 6.630373 -13.386856 5.124413 9.754580 5.745469 -5.869425 2.182057 -4.280533 -3.375902 2.008716 2.279474 -10.342064 4.947344 7.354203 14.237390 -2.126871 -24.752945 2.728034 8.024716 -10.155792 -8.278229 15.394644
-10.736459 20.365879 -24.140717 14.638252 -15.249559 -0.628656 0.893026 -1.016628 5.888146 -13.176651 5.151956 9.051527 5.921644 -5.590681 2.109091 -4.473323 -3.607716 2.329294 1.768034 -10.075224 3.767565 7.911164 14.724766 -1.874559 -24.207350 4.375320 7.827558 -10.493115 -8.319300 14.496119
-10.189830 21.257980 -23.768099 12.728106 -16.626413 -0.713501 -0.780101 -0.239651 5.636002 -13.407914 5.267306 8.618937 5.851124 -5.407954 1.574399 -4.624513 -3.934387 2.504661 1.065922 -9.718335 3.002985 7.689279 14.687753 -1.156873 -23.081640 5.661058 7.674170 -10.667245 -8.479175 13.000633
-10.190759 21.988140 -22.886801 11.624119 -17.084921 -1.040984 -1.929208 -0.250431 5.281209 -13.106610 5.296922 8.299818 5.897999 -5.356994 1.329292 -4.698175 -3.894113 2.686586 0.728484 -9.359034 2.185193 7.907963 14.001138 0.233303 -22.049759 6.543799 7.324506 -11.161595 -8.087489 12.859948
-10.326221 23.048178 -21.120869 9.229685 -17.671436 -1.229319 -2.748683 -0.576059 4.715887 -13.105106 5.250991 8.144338 5.263626 -5.370704 0.526747 -5.138400 -3.939275 2.638230 0.337328 -9.470912 1.282562 7.350993 13.235539 1.208153 -20.912657 6.734499 8.109682 -11.344605 -8.150701 13.199931
-10.565766 25.018650 -19.245897 6.337784 -19.090204 0.190165 -2.623465 -1.376690 3.407061 -13.157669 5.204488 8.464923 4.239235 -5.983183 -0.618249 -5.243235 -4.172522 2.686113 0.007915 -9.404524 0.432941 4.838146 12.624213 3.247923 -19.158735 7.398626 9.695540 -11.252634 -8.221388 15.177627
-10.420770 25.798679 -18.326439 4.776464 -19.494841 0.314681 -2.550590 -1.077025 2.498735 -13.529577 5.061587 8.223084 3.977096 -5.964060 -0.847060 -5.475560 -4.218191 2.857851 -0.115520 -9.436244 -0.248254 3.809906 12.915162 4.161180 -18.159479 8.221241 9.773534 -11.466109 -8.335910 15.189043
-10.301406 25.692238 -18.371618 4.686848 -19.352537 0.118832 -2.922003 -1.039504 2.570361 -13.517847 5.074660 8.219267 3.973586 -5.963684 -0.916412 -5.507043 -4.230541 2.788521 -0.141395 -9.447503 -0.234521 3.811021 12.843068 4.036649 -18.065838 8.136901 10.016908 -11.260134 -8.506847 15.191430
-10.448215 25.718235 -18.378857 4.902955 -19.450491 0.226851 -2.609782 -1.046447 2.628759 -13.531904 5.049709 8.210358 3.966954 -6.030983 -0.899651 -5.471217 -4.216695 2.823753 -0.109207 -9.452477 -0.295217 3.665914 12.858996 4.023507 -18.117826 8.088926 9.996758 -11.405009 -8.408237 15.205418
-10.445036 25.766216 -18.415596 4.933529 -19.450541 0.145731 -2.636569 -1.050661 2.691926 -13.495316 5.071527 8.217542 4.024323 -6.000556 -0.842372 -5.448852 -4.227916 2.816742 -0.105897 -9.426668 -0.178878 3.841255 12.868189 4.093475 -18.201021 8.030611 9.737870 -11.452826 -8.403867 15.212586
-10.526814 25.770058 -18.535955 5.069876 -19.481279 0.265353 -2.672400 -1.139551 2.729212 -13.386874 5.078911 8.249996 4.014353 -5.985324 -0.837365 -5.453677 -4.236067 2.764817 -0.082792 -9.445904 -0.116462 3.769603 12.886792 4.000163 -18.344637 7.920236 9.808700 -11.514564 -8.282475 15.258313
-10.421337 25.768810 -18.565434 5.271296 -19.451544 0.343645 -2.622860 -1.193171 2.806137 -13.361005 5.091556 8.294674 3.996400 -6.014833 -0.816853 -5.365477 -4.251872 2.798813 -0.092212 -9.430830 -0.071519 3.766722 12.793091 3.943559 -18.355234 7.860965 10.069131 -11.429569 -8.313837 15.318477
-10.476279 25.803616 -18.585955 5.423270 -19.328178 0.296978 -2.417487 -1.217939 2.745368 -13.298254 5.119942 8.364367 4.047135 -6.020790 -0.821206 -5.327065 -4.237550 2.770577 -0.085361 -9.391647 -0.008554 3.947504 12.751739 4.006276 -18.468601 7.835397 9.904059 -11.504348 -8.277058 15.392308
-10.409781 25.809208 -18.666386 5.683063 -19.058928 0.139968 -2.320001 -1.291736 2.820402 -13.253143 5.118564 8.337675 4.021961 -5.946095 -0.808392 -5.394742 -4.249807 2.756625 -0.090972 -9.405649 -0.118461 3.907593 12.739871 3.782247 -18.561449 7.752485 10.004098 -11.547406 -8.307348 15.410760
-10.392602 25.572578 -18.761003 5.540565 -19.111267 0.196801 -2.462368 -1.327901 2.904179 -13.339041 5.150838 8.326260 4.098876 -6.002252 -0.796986 -5.371615 -4.226164 2.679225 -0.069970 -9.393435 -0.127619 3.971978 12.581595 3.653951 -18.569101 7.696670 10.151488 -11.385379 -8.389706 15.406801
-10.296033 25.475529 -18.863935 5.702771 -19.094135 0.205813 -2.450849 -1.371728 3.036480 -13.366214 5.124206 8.360188 4.076626 -6.005854 -0.711339 -5.362074 -4.252925 2.730388 -0.009063 -9.425648 0.014073 4.081957 12.547046 3.634808 -18.630747 7.661956 10.116199 -11.334620 -8.348050 15.441173
-10.343699 25.810696 -18.627914 5.627485 -19.081259 0.199342 -2.432896 -1.229462 2.764393 -13.265017 5.029297 8.583341 4.257589 -5.862310 -1.052641 -5.682095 -4.157423 2.838649 0.042480 -9.482345 -0.108428 3.874081 12.733625 3.848644 -18.509098 7.757132 9.983611 -11.551725 -8.305904 15.405431
-10.389223 25.805523 -18.445671 5.051102 -19.345407 0.140673 -2.689809 -1.072659 2.606580 -13.414492 5.000945 8.478559 4.243871 -5.870976 -1.037117 -5.713578 -4.151247 2.917943 0.032460 -9.494558 -0.182347 3.874628 12.865021 4.081844 -18.217169 8.071955 9.727745 -11.476814 -8.366729 15.177222
-9.718225 25.860455 -18.333864 5.228070 -18.709951 0.714904 -3.608068 -0.885068 1.903301 -13.362815 5.008976 8.546448 4.274235 -5.851662 -1.061772 -5.709074 -4.141987 2.896574 0.034552 -9.523004 -0.216299 3.824889 12.817628 4.036855 -18.287148 8.026411 9.788459 -11.532311 -8.232344 15.297534
-9.549903 25.650812 -17.547155 3.684528 -17.515318 0.019905 -2.415066 -0.920269 1.415488 -14.417594 4.761223 7.127656 4.671735 -5.265495 -1.031810 -6.433590 -4.240542 2.953377 -0.346688 -9.624722 -1.064510 5.753378 12.401780 5.168366 -16.738512 8.874300 8.591380 -11.603505 -9.711263 12.929923
-10.041413 24.853100 -16.775566 2.785308 -15.766500 -0.966283 0.823033 -0.940789 1.371740 -16.031523 4.686592 5.523811 5.032354 -5.004888 -0.098791 -6.231417 -4.692275 3.320428 -0.790227 -9.599438 -2.856225 9.249611 12.444491 5.773802 -15.548704 10.041433 5.566349 -12.274040 -11.587971 9.958961
-10.824460 25.113842 -16.291321 1.550431 -13.476206 -1.037128 1.189918 -1.353075 -0.434982 -16.288736 4.531959 4.725371 5.499075 -4.364950 0.068559 -6.724307 -4.370954 3.525460 -1.135023 -10.306047 -3.889877 8.347942 13.630506 5.554423 -14.847336 11.239498 5.505789 -12.720517 -11.625302 7.330996
-10.789826 25.198833 -16.603563 -1.379488 -12.558296 -1.485846 -1.602603 -0.638710 -2.308810 -16.593849 4.374055 3.953347 6.079263 -3.568732 0.086912 -8.224385 -4.032860 3.309705 -0.918949 -11.298401 -4.581326 7.893280 14.890813 4.277005 -14.992659 11.742634 6.345599 -13.237557 -11.343157 4.827863
-11.421027 24.786156 -17.435711 -3.862366 -12.448906 -2.556898 -1.687358 -1.665409 -2.850961 -16.742895 4.187475 2.713548 5.915457 -3.203309 0.860405 -8.833514 -3.980719 3.641129 -0.803653 -11.638860 -5.535226 9.617619 14.144460 3.254017 -15.137684 11.651875 6.414157 -13.586211 -12.091739 2.866571
-11.920513 23.959351 -18.265230 -6.495296 -13.457895 -3.857551 -1.905570 -2.441014 -2.566447 -16.848772 4.134967 1.850465 6.602548 -2.481383 1.513927 -8.678557 -3.942978 3.909302 -1.301431 -11.821095 -5.542402 11.114595 14.008763 3.106099 -15.441685 11.899644 5.503795 -14.307160 -12.203622 0.956709
-11.624276 23.934689 -19.061113 -7.499362 -13.340625 -4.732470 -0.941465 -3.228033 -3.321684 -16.704157 4.324044 1.541601 7.177087 -1.971719 1.862015 -8.388997 -3.609425 4.620169 -1.970306 -12.144390 -6.231485 12.492267 14.063097 3.248513 -15.636360 12.068156 3.843413 -15.902470 -12.570520 -1.422535
-11.432331 24.587982 -20.046392 -7.897165 -13.825596 -5.410603 1.071217 -4.949191 -3.772510 -15.866035 4.212955 1.170941 6.803990 -1.607798 2.413778 -8.496037 -2.959298 5.624308 -2.081817 -12.504227 -7.748075 12.875589 14.163342 2.530356 -15.711901 12.616963 2.908957 -17.945776 -12.490669 -3.827908
-10.514791 25.164310 -19.895899 -9.007544 -13.681065 -6.344947 1.596872 -5.857820 -4.576439 -15.535218 4.150888 0.864027 6.569787 -1.097398 2.708192 -8.883061 -2.809929 6.159847 -2.064250 -12.785413 -9.108159 13.289045 14.085675 2.837772 -15.399435 13.116079 2.232483 -19.610159 -12.392338 -5.060107
-10.630423 26.036442 -20.388739 -9.913551 -13.909727 -6.587672 1.967431 -7.083703 -4.956792 -15.015950 4.269383 0.951897 6.224744 -0.680952 3.102453 -8.720850 -3.160024 7.064231 -2.196920 -12.807802 -10.563369 14.779543 13.925113 3.051140 -15.001240 12.859468 0.616852 -20.645267 -13.291142 -6.354076
-10.961814 26.516922 -20.456499 -10.505425 -13.885551 -6.042242 5.047550 -9.163558 -5.078231 -14.923220 4.338272 1.708596 5.898096 -0.714656 3.338403 -7.726578 -3.231002 7.768857 -2.192230 -12.690936 -10.911366 15.663597 14.019749 4.811110 -14.308434 12.073532 0.890494 -21.854967 -12.875429 -6.196640
-10.838643 26.325920 -20.425594 -10.770501 -11.207426 -7.243701 5.744977 -10.183343 -5.024684 -14.853792 4.588897 2.443384 5.592453 -0.818489 3.633368 -6.412796 -3.191676 8.724327 -2.695178 -12.607309 -11.045105 14.959776 14.409084 7.245397 -13.472715 12.143161 2.120038 -23.957449 -10.056732 -5.660257
-10.906478 26.236088 -21.860056 -11.563665 -9.684478 -9.599990 4.261715 -11.029538 -4.712969 -13.939777 4.299391 2.832685 5.290277 -0.276774 3.643338 -6.648274 -3.481733 9.364283 -2.468677 -12.947084 -10.866918 17.142637 14.022234 8.812379 -13.210619 13.036330 0.118115 -24.333658 -9.644201 -6.026979
-11.099056 25.945881 -23.293806 -12.195624 -8.767155 -11.082909 3.118884 -12.421210 -5.179611 -12.429245 4.240395 2.257709 4.981741 0.665739 3.792609 -7.415383 -4.085267 9.593769 -2.462178 -13.378448 -10.927845 20.745680 12.763484 9.383961 -12.741552 13.342160 -2.533788 -23.416609 -11.375706 -6.343260
-11.255684 25.836945 -23.930523 -12.281193 -8.530473 -11.720571 2.976468 -12.871168 -4.912458 -12.306396 4.199675 2.038676 5.151161 0.859413 4.088981 -7.446960 -4.272360 9.569414 -2.366408 -13.280996 -10.705032 21.779379 12.745942 9.996302 -12.578203 13.765226 -3.499634 -23.241152 -11.450623 -6.441873
-11.468652 25.678375 -23.298109 -10.739310 -8.415482 -10.595465 4.015515 -11.192733 -3.506547 -14.071189 4.217409 2.355469 5.259121 -0.008025 3.974353 -6.822206 -4.404243 9.111717 -2.199295 -12.635865 -10.616551 17.589033 13.968932 10.047798 -12.365555 14.025847 -0.471353 -23.769945 -10.519463 -6.357595
-11.708639 25.388302 -23.661842 -9.952528 -6.717871 -10.806703 4.274994 -11.656720 -3.288347 -14.101044 3.999727 2.221771 5.594205 0.303975 3.788557 -7.345563 -4.631143 9.072716 -1.818594 -12.449216 -10.393737 16.997004 13.746540 10.794726 -11.363678 14.322418 -0.306997 -23.173670 -10.613591 -6.110102
-11.586648 25.529058 -23.731869 -10.013407 -6.516006 -10.772424 4.862577 -11.811057 -3.286683 -14.022050 3.967696 2.448391 5.883437 0.256136 3.928541 -7.257297 -4.662251 9.057695 -1.746280 -12.227316 -10.094117 17.422276 13.700093 10.939404 -11.527050 14.168888 -1.248531 -23.432989 -10.579968 -6.366457
