-3.545671 28.373617 -16.540104 22.631315 0.560066 5.724584 -9.813003 2.835224 -11.495292 -7.771797 3.732156 -1.335354 -0.312364 -11.331035 0.694907 -0.051973 -5.329972 7.705462 -4.930121 -5.604474 10.994092 13.549815 -16.501844 -12.754996 -14.200006 9.591623 11.188872 -24.625834 -1.431940 12.177810
-3.661161 28.316601 -16.478922 22.818110 0.632795 5.791414 -9.707902 2.692380 -11.493682 -7.898386 3.780583 -1.367316 -0.342317 -11.357302 0.531931 -0.058219 -5.387341 7.726583 -5.040601 -5.438501 11.151752 13.645407 -16.482491 -13.071301 -14.644669 9.234180 11.070344 -24.514328 -1.410128 12.111505
-3.932948 26.514210 -16.353050 20.476452 -0.762547 6.795053 -10.805187 2.465448 -11.176752 -9.595350 4.465675 -0.925585 0.338146 -10.712584 1.142344 0.308175 -5.572644 7.094407 -5.038565 -5.041725 12.385501 13.908979 -16.698664 -11.482431 -12.046442 9.188726 11.617831 -22.763712 -3.975775 11.591514
-3.503945 27.117140 -16.097046 21.404535 -0.789319 7.217250 -10.003749 2.691787 -11.444530 -9.522364 4.219604 -1.054320 0.045730 -10.867041 0.818383 0.054388 -5.615450 7.359221 -5.066256 -5.253191 12.203443 14.018383 -15.536793 -13.131744 -13.573218 8.860516 10.992339 -23.817968 -2.917921 12.322690
-3.094555 26.398666 -15.473192 19.579887 -2.155402 9.221768 -9.550164 2.795323 -11.734058 -10.928244 4.516258 -0.593508 0.364173 -10.347573 1.076481 0.205685 -5.909443 7.137964 -5.154239 -5.120504 13.037236 15.391124 -15.706580 -11.789555 -12.636984 8.657181 10.595180 -22.552721 -4.938394 11.992502
-2.964438 25.337795 -15.212832 18.436811 -3.354530 11.010636 -9.163505 2.965054 -12.093088 -12.136620 4.886403 -0.292837 0.857082 -9.718321 1.468880 0.361577 -6.275817 6.982589 -5.227427 -4.738647 13.928627 16.512522 -15.580025 -11.192215 -12.166552 8.154366 10.200946 -21.690969 -6.566026 11.523866
-3.038738 24.632919 -15.225509 18.010805 -3.807492 12.175255 -8.927917 2.965962 -12.159610 -12.809094 5.146474 0.312702 0.915339 -9.372040 1.773873 0.597804 -6.541962 7.174686 -5.178310 -4.422688 14.605003 17.671953 -15.476705 -11.356437 -12.498206 7.448439 9.354846 -21.809853 -7.382175 10.598768
-2.757495 24.213211 -15.039320 17.965782 -4.078457 13.396360 -7.836013 2.627588 -12.635958 -13.494963 5.314301 0.790677 0.908005 -9.135246 2.034861 0.888259 -6.797635 7.585440 -5.183693 -4.113231 14.960928 18.501600 -15.602054 -11.124126 -12.135804 7.326864 8.810513 -21.412218 -8.284969 9.975240
-2.424617 23.684685 -15.155264 18.276899 -4.608773 14.443544 -7.155941 2.466915 -12.738310 -13.984121 5.550100 1.017626 0.933069 -8.902996 2.104379 0.950284 -7.073327 7.543485 -5.223118 -3.977603 15.998633 18.653851 -15.437327 -11.034134 -12.094002 6.584085 8.632696 -20.969975 -9.068752 9.485048
-2.228426 23.008881 -15.676130 19.174879 -4.749590 15.258385 -6.405382 2.309692 -12.530589 -14.265186 5.644248 1.319590 0.594866 -8.770920 2.011722 0.913141 -7.453170 7.729561 -5.232533 -3.876547 16.435808 18.294521 -15.134145 -11.374805 -12.147091 5.818307 9.086995 -20.545176 -9.735127 9.384242
-1.697696 22.148071 -16.379171 20.172060 -4.251720 15.962858 -5.848423 2.024023 -12.067826 -14.808777 5.664841 1.061708 0.366798 -8.608358 1.585765 0.404617 -7.926938 7.377246 -5.357455 -3.787306 17.359301 17.177614 -14.931825 -11.873056 -12.433494 4.517894 9.898631 -20.131559 -10.164032 9.678262
-1.536665 21.404137 -17.237391 20.998034 -3.887054 15.850516 -5.546216 1.549400 -11.585402 -14.918384 5.710001 0.772294 0.255097 -8.477930 1.097902 -0.065129 -8.323957 6.907850 -5.557093 -3.770705 18.316729 15.731874 -14.829555 -12.187837 -12.730834 3.232991 11.031775 -19.596748 -10.427279 10.548503
-1.449667 20.419815 -17.886583 21.961958 -3.177257 15.374316 -5.720582 1.487687 -10.887871 -14.935884 5.668354 0.091146 0.498541 -8.597984 0.534552 -0.531949 -8.650238 6.480718 -5.819042 -3.319055 19.098921 14.341777 -14.552986 -12.988203 -13.399405 2.056642 12.364167 -19.274996 -10.326180 11.371223
-1.421722 19.283583 -18.748610 23.089111 -2.254931 14.525937 -6.095119 1.526681 -10.110120 -14.922634 5.613030 -0.391550 0.659129 -8.623613 0.034864 -0.853260 -8.741770 5.975682 -6.069770 -3.210927 20.157127 13.397902 -15.384652 -13.276148 -13.604477 1.217868 13.711219 -18.661842 -10.286949 11.466065
-1.665056 18.763779 -19.203318 23.286062 -1.289983 13.472171 -7.109412 1.733879 -9.438512 -14.782757 5.610364 -0.923949 1.118363 -8.789718 -0.324595 -0.986061 -8.748650 5.597366 -6.384426 -2.807100 21.029554 12.507785 -15.018110 -13.999427 -13.817676 0.667506 14.735801 -17.724085 -10.478436 11.568501
-1.854385 18.601685 -19.420321 23.357525 -0.276242 12.168279 -7.710685 2.087826 -8.982919 -14.586770 5.596237 -1.611811 1.765030 -8.863142 -0.381987 -1.093046 -8.624931 5.338374 -6.634192 -2.427402 21.713053 12.005037 -15.265982 -14.909288 -14.345010 -0.186597 15.853423 -17.237738 -10.681813 11.535755
-2.360379 18.475025 -19.789085 22.779665 0.202266 11.061910 -8.818444 2.371121 -8.696052 -14.188386 5.618073 -2.128413 2.551125 -8.958696 -0.279285 -0.886811 -8.409857 5.247465 -6.864128 -1.960853 21.894670 11.233406 -14.431691 -15.980947 -14.657543 -0.502248 16.936228 -16.531078 -10.967018 11.579059
-2.909145 18.824781 -19.998087 22.300114 0.715456 9.862918 -9.552951 2.557335 -8.262932 -13.821062 5.547611 -2.627136 2.972859 -9.074955 -0.020922 -0.773061 -8.123478 5.464942 -6.930781 -1.565143 22.121569 10.524469 -14.362493 -17.564852 -15.397453 -1.380306 17.894953 -16.205475 -11.102675 11.518262
-3.621142 19.170841 -19.888069 21.876526 1.764217 8.839797 -9.665159 2.602533 -8.291848 -13.660531 5.447758 -2.913277 3.580901 -9.206993 0.232675 -0.592296 -7.772367 5.819581 -6.920184 -0.966335 22.202711 9.306345 -14.152403 -18.528900 -15.474125 -2.163339 19.179178 -15.871093 -11.403624 11.054086
-4.268598 19.639050 -19.766037 21.949554 2.759445 7.763726 -10.022893 2.802046 -8.117404 -13.278801 5.221200 -3.144501 3.813323 -9.424346 0.445777 -0.530936 -7.515407 6.293374 -6.795145 -0.691439 21.914454 8.346295 -14.330791 -19.255577 -15.593009 -2.871878 20.207308 -15.889541 -11.527267 10.882524
-4.443251 19.473587 -19.628853 21.504190 2.775163 7.594186 -10.161420 2.738222 -8.372071 -13.263139 5.232350 -3.187345 3.899694 -9.417171 0.454174 -0.562062 -7.438919 6.390952 -6.862435 -0.514728 21.989866 8.019316 -15.075303 -19.787666 -15.815632 -3.424971 20.736320 -15.748000 -11.547042 10.483488
-4.575412 19.635303 -19.562279 21.452572 3.016361 7.406728 -10.053459 2.687584 -8.403689 -13.193220 5.197216 -3.127048 3.830343 -9.453513 0.453934 -0.528221 -7.383655 6.501766 -6.847842 -0.548974 21.824226 7.959347 -15.227211 -19.731426 -15.711674 -3.420823 20.840071 -15.801056 -11.564056 10.432766
-4.005533 8.315357 -21.516493 13.367457 -1.246464 14.672724 -10.715291 3.075027 -9.762506 -19.694624 7.028146 -0.557393 2.818884 -7.025828 1.827846 -0.597684 -9.052567 3.884619 -5.027487 0.759784 27.231985 5.148806 -9.388897 -7.704583 -6.821302 -2.997516 16.348637 -12.377155 -15.502447 9.327991
-5.265764 2.643171 -21.366053 7.322262 3.449503 15.830022 -6.000835 4.100278 -3.995228 -15.412795 8.118801 -0.476203 2.781296 -5.092516 0.672064 -1.408385 -9.369768 3.384286 -6.135602 2.752306 23.401653 3.579699 -11.448678 -7.931687 -11.921366 -8.704252 18.438335 -7.727529 -20.041761 6.673386
-9.405854 -0.801708 -19.159624 7.140235 8.994351 18.307741 -5.252409 1.715185 -2.571639 -15.176440 9.236033 1.621332 0.750648 -3.691220 -0.402521 -2.330796 -8.163845 0.888725 -5.457890 3.851311 17.396357 0.024372 -9.397556 -4.889191 -9.365896 -8.337322 11.279723 -4.323306 -24.679190 5.337115
-15.292942 -2.338789 -9.406734 8.592330 14.450430 27.785192 -1.856071 -0.482691 3.170729 -12.951686 12.382077 4.905350 -2.659533 -3.242998 0.005874 0.486333 -4.107526 -0.835837 -4.166224 2.929480 7.089056 -2.387583 -9.600793 0.664357 -5.983885 -3.084825 -0.431012 2.509424 -28.935160 8.271970
-12.719113 -3.200546 -14.629006 7.378895 14.687975 24.022364 -2.865414 1.112578 -0.998473 -14.220104 10.904706 3.778506 -1.414415 -3.007508 -0.152146 -1.603743 -6.143616 -0.534356 -4.764570 4.473279 12.192054 -1.802351 -10.468995 -1.965649 -7.468529 -6.740770 3.807858 -0.553531 -28.640471 2.230854
-11.153479 -2.000179 -17.571198 6.391376 16.842075 21.298328 -1.395944 -0.237033 -2.328511 -14.023022 10.461940 3.512544 -1.175353 -2.671751 -0.036038 -2.219215 -7.842423 0.798257 -4.673646 4.966000 13.409761 -1.231845 -10.770116 -4.338207 -8.919481 -7.749363 8.388267 -1.588436 -27.952057 -1.807610
-11.410514 -1.751618 -17.872675 6.019439 16.820143 20.455229 -1.046141 -0.818189 -2.494030 -13.577116 10.428667 3.534404 -1.234527 -2.416915 0.062188 -2.399941 -8.014156 0.930070 -4.590093 4.872508 13.012452 -1.643937 -10.430005 -4.750801 -8.914810 -8.081629 8.934014 -2.232117 -28.092096 -2.535077
-8.289186 2.634265 -23.656340 6.369774 15.267908 13.183393 -2.033713 -3.360142 -5.322010 -13.646254 9.056024 3.001260 -1.582249 -2.942410 0.090840 -2.833797 -11.155140 4.169343 -4.727067 3.366040 15.258674 0.671564 -9.432399 -14.117984 -10.527300 -7.718576 17.285107 -4.653277 -26.779255 -1.541147
-7.692745 3.076281 -24.937246 6.608713 14.674959 11.096564 -1.878060 -3.321051 -5.459647 -13.674953 8.646394 2.432864 -1.377123 -3.008709 0.362734 -3.049098 -11.771494 5.226157 -4.609919 2.895791 16.671799 0.865072 -8.775362 -15.957526 -10.935587 -8.229203 19.066898 -5.926576 -25.794170 -2.051427
-6.029757 5.652180 -27.456661 6.774754 13.036366 7.558438 -2.952640 -4.239340 -8.263566 -14.306263 7.933355 1.492777 -1.025842 -3.048339 1.168309 -2.992885 -13.063812 6.728784 -4.512672 1.617865 18.419880 1.364448 -9.032805 -19.464745 -11.488316 -8.142391 24.946596 -7.920564 -23.598001 -1.552711
-5.753182 4.846823 -26.283583 5.950888 13.582604 9.626899 -2.411322 -2.966839 -7.353918 -13.342158 8.202122 1.845684 -1.167411 -3.230343 0.785762 -2.914019 -12.663740 6.078807 -4.603287 2.154966 18.062168 1.613515 -9.688165 -17.940437 -12.577533 -8.568993 23.219551 -6.527873 -24.189621 -1.920448
-6.132033 5.908424 -27.460566 8.273966 12.335047 6.449972 -4.119120 -5.434237 -10.141316 -16.788271 7.897285 1.458712 -0.970233 -3.319238 1.173005 -2.903058 -13.163748 6.659290 -4.374575 1.707261 19.426443 1.358351 -9.694692 -20.754936 -10.604924 -7.857627 25.084707 -8.681417 -23.431135 -1.440490
-6.129646 5.243749 -26.978781 6.405552 13.025424 8.249085 -2.680858 -3.794151 -7.867847 -13.880661 8.074874 1.595891 -1.082732 -3.116604 0.981023 -2.994174 -12.842207 6.522576 -4.498017 1.804910 18.477556 1.452036 -9.222565 -18.731956 -11.822513 -8.497202 24.238710 -7.733644 -23.712187 -1.665339
-6.115292 4.162786 -25.840811 6.170711 14.093768 10.142521 -2.385414 -2.849324 -6.767445 -13.228682 8.251847 1.924540 -1.327068 -3.091352 0.802010 -3.058631 -12.339634 5.999070 -4.563629 2.404155 17.637087 1.331799 -9.047811 -17.287344 -11.845292 -8.477283 21.823278 -6.597599 -24.903500 -1.923986
-6.373032 5.997806 -27.730196 7.998933 12.196266 5.675383 -4.258583 -5.357109 -10.090756 -16.777777 7.765088 1.323118 -0.832974 -3.158737 1.247621 -3.012229 -13.304871 6.853204 -4.419748 1.462272 19.652266 1.409706 -8.923879 -20.898357 -10.227732 -7.787901 25.494627 -9.193911 -23.573828 -1.605084
-7.138369 3.507222 -24.698355 6.865725 14.948361 11.584610 -1.130500 -3.471269 -6.400981 -13.496998 8.680631 2.757503 -1.714978 -3.120135 0.237206 -2.749443 -11.927410 5.317319 -4.565123 3.116034 16.404182 0.524690 -8.906089 -16.618017 -10.956056 -7.909626 19.346869 -5.524682 -25.977247 -2.334582
-6.065290 4.937272 -26.711870 5.878778 13.456779 9.023939 -1.987125 -3.223899 -7.474447 -13.081380 8.194975 1.904622 -1.284899 -3.061267 0.890582 -2.917522 -12.707701 6.378993 -4.527099 2.098325 17.542988 1.440730 -9.433112 -17.992109 -12.368250 -8.598568 23.829914 -6.613000 -24.043280 -2.163812
-6.560629 6.379497 -28.156851 8.059121 11.786623 5.391584 -4.038730 -5.740435 -10.395752 -16.993326 7.658010 1.298534 -0.779134 -3.118427 1.352019 -3.018733 -13.426926 7.092574 -4.404416 1.262828 20.206261 1.229506 -8.590546 -22.163563 -10.445339 -8.155774 26.256456 -9.701155 -23.231615 -1.272363
-6.621551 6.795829 -28.481115 8.690582 11.018003 4.606827 -4.851618 -6.463540 -11.714368 -18.483786 7.602735 1.082589 -0.636494 -3.123574 1.442001 -3.009607 -13.491997 7.067353 -4.517569 1.283667 21.578722 0.994999 -8.269589 -23.450739 -9.093575 -7.607970 26.638041 -10.663781 -22.944433 -1.125746
-6.583867 6.736726 -28.591993 8.771353 10.799299 4.531520 -5.037933 -6.481174 -11.802833 -18.640087 7.558420 1.047262 -0.639571 -3.078792 1.434100 -3.067529 -13.509119 7.056829 -4.546494 1.247887 21.315966 0.502615 -5.549438 -23.886507 -8.763276 -7.254097 25.830553 -10.833151 -23.263981 -0.187093
-8.237411 -0.076521 -22.151424 6.626455 10.161854 14.071119 -6.958600 1.331922 -2.918141 -15.427431 8.937674 0.759906 0.956488 -3.149511 -0.354516 -3.320309 -9.995829 2.700949 -5.718802 3.242465 18.638613 1.986029 -8.535545 -9.590816 -10.465722 -8.633092 15.670666 -5.786906 -24.889826 3.638235
-9.923316 -0.301407 -23.634668 3.751629 11.181479 10.743011 -7.546671 -0.126685 -1.647465 -14.597167 8.733918 1.045267 0.768202 -2.102698 -0.524597 -4.578783 -10.185303 2.679497 -5.314744 2.659510 15.269486 1.139929 -4.834862 -9.363812 -9.870417 -9.121220 15.412109 -8.232072 -25.014402 1.508564
-7.542787 2.538108 -27.565355 1.108732 10.566768 4.894904 -8.016936 -0.750986 -2.622977 -13.951960 7.914971 0.247366 0.857556 -1.532013 0.336865 -5.417995 -11.918785 4.696003 -5.169718 0.279728 14.467254 0.572376 -2.961386 -14.577649 -11.365562 -10.069457 22.217871 -12.059854 -23.314478 0.839211
-8.166317 5.341732 -29.202114 1.960958 9.491379 -0.692038 -9.953969 -4.050807 -5.765809 -17.659737 7.302887 0.074327 0.857997 -1.032671 0.776768 -5.834940 -12.741146 6.071968 -5.206264 -1.202741 14.203677 0.027964 -1.092436 -20.391493 -9.442152 -8.164733 25.002956 -15.566827 -22.618887 0.424043
-9.566582 7.230512 -29.757280 0.816774 8.789934 -3.667871 -11.223018 -5.280943 -6.422918 -18.049856 7.342563 -0.080696 1.085320 -0.253507 1.221474 -5.666216 -12.385107 7.388293 -5.713202 -1.778082 14.171165 -2.397381 0.655550 -21.388031 -7.933265 -7.965994 25.441320 -17.832762 -21.508429 1.167052
-10.684663 8.253143 -29.712908 -0.434542 8.186104 -4.871627 -11.044553 -5.443434 -5.473626 -17.852800 7.203694 -0.358777 1.179125 0.131651 1.976345 -5.447165 -11.569136 8.509351 -5.891687 -2.068026 13.142870 -5.174935 2.424632 -21.113203 -7.310167 -8.242177 24.850138 -19.904490 -20.870256 2.182508
-12.087333 9.406765 -28.819983 -1.509377 7.825644 -5.076260 -11.523879 -5.051248 -6.444473 -17.631269 6.980179 -1.112968 1.697551 0.175020 3.154653 -4.679820 -10.773331 9.421494 -6.444064 -1.844463 12.877042 -6.836072 3.405137 -20.079044 -7.556073 -8.614869 22.744005 -22.440952 -19.676287 2.029425
-13.251384 10.937017 -27.543201 -1.646046 7.233294 -4.918642 -11.243226 -4.581933 -7.833004 -16.978575 6.629439 -1.913440 2.805338 -0.052835 3.873811 -4.495821 -10.212889 9.746824 -6.597836 -1.696727 14.415643 -7.519930 3.991271 -18.474304 -8.545189 -8.410418 21.007330 -23.695242 -17.027267 0.985097
-13.911445 13.290530 -26.790972 -3.261120 5.999117 -5.803369 -11.924807 -3.368665 -8.120116 -15.715953 6.562526 -2.457235 3.909356 -0.276983 4.427124 -3.888440 -9.771799 10.267524 -6.620000 -1.575112 16.115797 -7.373607 4.392313 -18.133736 -10.388785 -8.950994 19.721361 -23.734510 -14.876722 1.198170
-14.366519 13.354056 -24.958826 -2.589088 4.599648 -4.783662 -12.310501 -1.680277 -7.832133 -15.976961 6.582298 -2.476815 5.187061 -0.659701 4.607321 -2.805699 -8.882277 10.647458 -6.915404 -1.175255 17.067122 -7.782243 3.150674 -15.937608 -10.524794 -9.718395 19.309221 -25.175074 -12.753021 2.352587
-14.667203 13.814501 -24.212904 -3.103615 2.337194 -3.984933 -11.601016 -0.474445 -7.322657 -16.005110 6.710621 -2.451764 6.298779 -0.842812 4.760710 -1.752028 -8.209328 10.921958 -7.584525 -0.783663 17.629034 -8.651180 2.519768 -13.714145 -9.918907 -9.950504 18.554369 -26.328928 -11.886995 3.543496
-14.999701 13.570129 -23.099741 -2.485216 0.493926 -1.908384 -11.235359 0.757597 -7.708565 -17.138056 6.998326 -2.238239 7.465617 -1.314962 4.487701 -0.756758 -7.613484 10.954767 -8.021475 0.171893 18.395117 -8.422136 2.464609 -12.099185 -10.546744 -11.039936 16.410706 -28.414446 -10.861027 4.071625
-15.034534 12.524700 -22.127203 -1.743707 -0.937434 0.618357 -11.757155 0.998868 -7.234134 -18.483198 7.111838 -3.040598 8.514153 -1.665440 4.052251 -0.586593 -7.241451 10.096464 -8.511863 1.283876 19.758280 -8.186917 2.085495 -9.652014 -10.828613 -11.978896 14.600373 -28.737469 -10.058474 4.524368
-15.087525 11.470852 -21.269268 -1.948543 -2.989684 3.837158 -12.265294 0.510167 -6.239856 -19.412477 7.035687 -3.603395 9.491639 -1.967686 3.459285 -0.945529 -6.775949 8.908930 -8.750060 2.058156 22.144716 -6.967135 1.628144 -7.287600 -10.904020 -12.492918 11.423352 -28.724192 -9.381283 5.616816
-15.555648 12.160308 -19.648588 -3.540888 -5.115962 5.939932 -14.649627 -0.090009 -5.891538 -19.145948 7.174504 -4.499254 10.340991 -2.016893 3.084577 -1.311406 -6.091187 7.530081 -9.025767 2.090103 24.270046 -6.189354 1.791592 -4.637817 -11.651784 -12.952345 9.229348 -29.460176 -7.845028 6.897428
-17.257078 9.514606 -15.689292 -4.485537 0.126758 12.865306 -11.931007 1.875183 2.372095 -13.813042 9.057336 -2.389001 8.127151 -1.211474 2.314523 -1.120996 -3.344892 4.767213 -8.814817 2.098575 12.612863 -5.174355 -2.181365 2.534575 -10.125621 -8.263371 2.492399 -21.353796 -13.401222 7.703286
-21.291744 1.040653 -3.110961 -4.331956 9.563945 21.675734 -12.905379 7.937286 11.591789 -6.748890 12.422107 2.372820 2.802831 -0.134214 1.985776 0.240692 2.922437 0.074081 -6.952051 0.021327 -3.854609 -6.669263 -9.914527 8.694972 -6.231704 -2.120243 -9.644588 -9.587518 -21.942104 7.594956
-21.219839 -1.248312 -1.638579 -4.357849 12.409206 20.430071 -10.971327 6.975182 11.755404 -1.512408 12.583058 1.719853 0.331993 0.467223 2.483889 -1.806743 5.065904 -1.127538 -3.803172 -2.760693 -7.869177 -9.003675 -10.926688 6.805260 -6.126276 1.008946 -7.725239 -1.596401 -22.168377 11.233510
