-0.167084 25.652843 -18.656864 14.120687 0.450518 10.269184 -0.385230 11.245921 3.263983 8.734491 2.255563 3.310410 4.475442 -9.064945 -3.811539 -5.657125 -3.931438 8.739460 -2.772593 -7.158082 9.086550 5.922736 10.313733 -13.720598 -11.733034 11.072039 1.076801 -27.582108 -1.934573 20.701775
-0.175364 25.661270 -18.721609 14.201466 0.489509 10.270353 -0.345473 11.185679 3.242563 8.721742 2.293303 3.338505 4.486573 -9.051852 -3.898527 -5.677831 -3.959820 8.750460 -2.798803 -7.109325 9.462811 5.970888 10.321290 -14.227824 -11.349466 11.181867 1.090599 -27.875822 -2.018008 20.755306
-0.218509 23.757006 -18.353102 11.544694 -0.894511 11.544774 -1.335407 11.206227 3.756531 6.991636 2.952019 3.916021 5.230800 -8.249718 -3.272556 -5.476761 -4.099417 7.977437 -2.688685 -6.882413 10.379385 6.302603 9.928576 -11.882864 -8.908585 11.214407 1.541693 -25.628222 -4.710188 20.292885
-0.012005 24.394529 -18.250751 12.577350 -0.937198 11.925667 -0.496217 11.316321 3.397050 7.245583 2.701622 3.570351 4.895038 -8.518484 -3.632909 -5.628327 -4.289820 8.424879 -2.867884 -6.807590 10.500436 6.653752 10.326631 -13.729993 -10.740873 10.446348 1.130106 -26.765181 -3.596232 20.542385
0.384282 23.753571 -17.738010 10.983019 -2.293561 13.779389 -0.131451 11.450770 3.074049 5.856040 3.031942 3.950964 5.131217 -8.081095 -3.327731 -5.396254 -4.526011 8.212169 -2.961993 -6.708669 11.450582 7.970927 10.211757 -12.666041 -9.917925 10.163892 0.683034 -25.599939 -5.489390 20.222343
0.489126 22.648563 -17.498184 9.985540 -3.305298 15.465015 0.284611 11.536735 2.786781 4.603505 3.413756 4.336001 5.526697 -7.459651 -2.825557 -5.119561 -4.905818 8.185022 -3.035223 -6.288322 12.269303 9.016870 10.200874 -12.317038 -9.732282 9.466240 0.225499 -25.058332 -6.851681 19.697670
0.459366 22.092096 -17.401602 9.503944 -3.894042 16.691389 0.667466 11.484324 2.641821 3.944033 3.713658 4.819650 5.653803 -7.160588 -2.527508 -4.822763 -5.190111 8.248127 -3.058084 -5.893986 12.940063 10.118607 10.192932 -12.237987 -9.828794 8.928588 -0.458958 -24.893805 -7.764616 18.930946
0.750497 21.636499 -17.327246 9.392054 -4.304004 17.917452 1.672746 11.160518 2.120468 3.353623 3.915807 5.249706 5.665987 -6.929555 -2.230306 -4.522118 -5.468635 8.569829 -3.043626 -5.645438 13.278620 11.052687 10.081042 -11.931685 -9.458108 8.726711 -1.005023 -24.445803 -8.829539 18.216644
1.088236 20.909824 -17.415838 9.581613 -4.796393 19.029058 2.378827 11.091884 2.145614 2.686310 4.111672 5.423471 5.661010 -6.728189 -2.086489 -4.379672 -5.736588 8.620249 -3.139915 -5.415375 14.291677 11.085796 10.251875 -11.934518 -9.504509 7.816609 -1.101319 -24.036833 -9.674015 17.688484
1.313995 20.278873 -17.903822 10.642862 -4.949412 19.818270 3.204815 10.961671 2.389143 2.435268 4.201153 5.703420 5.355670 -6.604070 -2.256567 -4.498450 -6.128230 8.690111 -3.150972 -5.347626 14.846375 10.812414 10.442309 -12.103945 -9.389498 7.266080 -0.636989 -23.401911 -10.366482 17.540588
1.813028 19.280891 -18.753658 11.697305 -4.588790 20.594351 3.725630 10.664698 2.916147 2.006485 4.234554 5.498537 5.122690 -6.400590 -2.685577 -5.056038 -6.628660 8.319682 -3.257032 -5.195838 15.867788 9.568119 10.676581 -13.026442 -10.035625 5.488716 0.401753 -23.042198 -10.856386 17.975513
1.941934 18.663967 -19.543341 12.523295 -3.973587 20.361435 3.933869 10.205944 3.480338 1.946078 4.225916 5.211066 4.956108 -6.303418 -3.163477 -5.591762 -6.972112 7.880259 -3.404560 -5.242803 16.755056 8.039719 10.706855 -13.251376 -10.286201 4.313578 1.539346 -22.599463 -10.933647 18.733128
2.060733 17.580681 -20.152809 13.417083 -3.381560 20.180574 3.877410 10.087230 4.034210 1.832201 4.190894 4.683279 5.149860 -6.403833 -3.816375 -6.069654 -7.303086 7.452774 -3.656204 -4.938291 17.539862 6.913553 10.823598 -13.795167 -10.745559 3.354502 2.570743 -22.149656 -10.927149 19.468315
2.150821 16.614246 -20.985025 14.454273 -2.237044 19.214258 3.405854 10.189473 4.799292 1.852878 4.090578 4.107199 5.477286 -6.413925 -4.308434 -6.485456 -7.438785 7.033245 -3.934023 -4.722186 18.311010 5.666346 10.743915 -14.361997 -10.998544 2.549694 3.882115 -21.454691 -10.888400 19.860886
1.865215 16.160988 -21.427187 14.818321 -1.170888 18.201725 2.558458 10.323174 5.365200 2.049105 4.050362 3.619455 5.986553 -6.524922 -4.744448 -6.748868 -7.390797 6.622429 -4.197219 -4.347374 19.204306 4.615908 10.913189 -14.937720 -11.145339 1.783567 5.019670 -20.669754 -11.045184 20.040222
1.693880 15.929691 -21.587217 14.613375 -0.316440 16.849182 1.884487 10.763418 5.895392 2.098240 4.034094 2.966579 6.774126 -6.589870 -4.820375 -6.844158 -7.240918 6.354598 -4.441973 -3.937450 19.893835 4.271509 10.985566 -15.784708 -11.740462 1.114641 5.828283 -20.136175 -11.245757 20.148613
1.138950 15.891153 -21.975779 14.172538 0.182406 15.679935 0.727848 11.032701 6.160682 2.637463 4.026080 2.556933 7.526062 -6.644556 -4.746497 -6.736119 -7.023497 6.293630 -4.595918 -3.509286 20.194794 3.612741 11.143499 -16.867422 -12.115849 0.668073 7.096923 -19.540525 -11.437101 19.999119
0.541885 16.190453 -22.306887 13.636023 0.830765 14.299975 -0.006210 11.176087 6.660470 3.025811 3.927509 2.136868 8.055263 -6.729828 -4.580817 -6.691199 -6.714017 6.562261 -4.645492 -3.099392 20.535616 2.735161 11.654781 -18.368940 -12.791464 -0.158505 8.177024 -19.035467 -11.677707 19.930910
-0.133490 16.512136 -22.226027 13.329218 1.769810 13.379208 -0.220468 11.242645 6.549495 3.267378 3.815415 1.948254 8.579731 -6.863152 -4.410326 -6.583817 -6.381339 6.884298 -4.561744 -2.577633 20.263279 1.793367 11.870283 -19.397970 -12.931248 -0.765926 9.286616 -18.994427 -11.875172 19.577181
-0.739974 16.849646 -21.998539 13.320539 2.596901 12.467597 -0.512620 11.470164 6.772816 3.490849 3.694940 1.419376 8.566414 -7.245879 -3.947071 -6.130698 -6.237663 7.250380 -4.605053 -2.189946 20.112333 0.784958 12.044585 -20.113621 -13.045454 -1.453542 10.008367 -18.991854 -12.088966 19.538483
-0.899528 16.876694 -21.803905 12.943700 2.774800 12.282994 -0.563720 11.394559 6.466274 3.526382 3.698270 1.355036 8.601546 -7.273201 -3.871493 -6.122763 -6.154675 7.401727 -4.660991 -2.004396 19.982912 0.095490 12.081556 -20.619867 -13.067873 -1.940591 10.374436 -18.997705 -12.119287 19.258652
-0.980204 16.925205 -21.758183 12.885817 2.925587 12.191848 -0.504268 11.382267 6.404326 3.565812 3.682167 1.395617 8.512045 -7.286990 -3.859519 -6.088475 -6.138428 7.480376 -4.656361 -2.058524 19.885279 0.092638 12.062039 -20.576668 -13.032056 -1.958204 10.368459 -19.050508 -12.134848 19.264069
0.704176 16.091885 -23.066431 12.808434 -0.054248 14.236993 -0.007558 10.051963 6.436759 3.589134 3.990731 2.078023 7.448336 -6.696250 -4.305346 -6.627153 -6.874054 6.415298 -4.505273 -3.619628 18.574003 2.562293 11.479029 -17.862299 -11.051556 1.596310 8.992921 -18.660616 -11.948515 19.909409
2.903331 19.180149 -22.861200 9.946327 -2.928257 15.519159 0.509825 8.981129 4.067617 3.959561 4.186152 3.853641 4.706485 -5.976125 -3.521840 -6.909478 -7.510910 6.022640 -3.399381 -6.496811 14.569117 5.064006 11.199422 -15.694990 -8.388558 6.593176 7.072685 -19.137953 -12.038098 19.076559
3.182838 21.007030 -22.418337 7.899804 -3.950158 14.902138 -0.723977 9.474197 3.527847 4.192855 4.371529 3.972578 4.827433 -5.832657 -3.067167 -6.857630 -7.266155 5.842394 -3.115884 -6.707520 13.443284 5.555595 11.728101 -15.528594 -7.820952 8.195499 6.875165 -19.539778 -11.987571 18.106453
3.417235 22.348038 -21.832331 5.850792 -5.749210 14.789304 -2.764266 10.228395 2.923923 4.349329 4.503289 4.029741 5.237336 -5.686917 -2.816069 -6.665189 -6.865453 5.274117 -3.058108 -6.833189 12.435564 5.400054 11.482301 -14.284153 -6.347577 9.788868 6.519382 -19.958372 -12.048811 16.405685
0.715517 20.021343 -19.348803 3.219991 -9.669291 16.975515 -8.110142 12.120320 3.575513 3.604999 4.420969 4.171459 6.466978 -6.517593 -3.092075 -6.150783 -6.236402 5.126396 -2.661165 -5.442697 14.527638 4.927558 9.722508 -10.715697 -5.145711 8.579071 5.734114 -19.507221 -12.109654 17.381210
1.897745 23.018120 -17.133371 0.250023 -8.689518 15.399998 -7.011283 11.662715 2.726248 3.156148 4.637957 5.170299 5.666108 -6.271307 -2.906779 -6.044988 -5.783225 4.446292 -2.467555 -6.595336 12.578345 3.857757 9.668654 -10.407631 -4.291231 10.231525 6.535006 -20.155100 -11.119346 17.976654
3.010204 25.633648 -16.701181 -1.850701 -8.891588 15.664296 -4.707768 9.966069 0.936615 3.552238 4.902716 6.389980 4.539484 -6.005696 -2.638082 -5.993413 -5.601253 3.768104 -1.997871 -7.892093 10.315956 2.148608 9.782783 -9.231307 -1.949853 11.593863 8.343319 -20.329971 -12.132688 18.569962
3.057461 26.415024 -16.606142 -2.047942 -8.607111 15.587173 -3.855197 9.420525 0.518575 3.701948 4.910256 6.324952 4.311567 -5.907123 -2.558758 -6.137665 -5.402385 3.618330 -1.982952 -8.334844 9.466439 1.541010 9.905643 -9.458560 -1.689733 11.983656 8.700536 -20.597017 -12.009039 18.606152
3.182299 26.521980 -16.607069 -1.933669 -8.611668 15.696183 -3.690895 9.260030 0.477351 3.760626 4.900828 6.315191 4.227135 -5.929940 -2.542074 -6.139444 -5.346224 3.626475 -1.955351 -8.401858 9.451768 1.534914 9.710617 -9.439229 -1.664370 11.959351 8.839864 -20.527811 -12.053551 18.726986
3.258373 26.413574 -16.618486 -1.969037 -8.490064 15.495945 -3.994753 9.399322 0.596572 3.758681 4.908284 6.383912 4.242475 -5.935588 -2.554896 -6.112387 -5.426391 3.611324 -1.939927 -8.349901 9.435195 1.579331 9.778277 -9.542623 -1.638351 11.999140 8.915243 -20.413469 -12.154749 18.710482
3.242735 26.514458 -16.653366 -1.896263 -8.560660 15.520205 -4.075654 9.359804 0.601247 3.897023 4.920223 6.407868 4.264187 -5.959594 -2.563226 -6.065987 -5.443128 3.630498 -1.956042 -8.302851 9.406651 1.524598 9.721623 -9.541658 -1.681879 11.938061 8.921376 -20.508032 -12.096640 18.731049
3.132140 26.511330 -16.704329 -1.988580 -8.471871 15.359786 -4.157068 9.447778 0.676982 3.873735 4.921195 6.432755 4.250692 -5.981210 -2.572430 -6.057271 -5.449870 3.637558 -1.958321 -8.303696 9.403294 1.596753 9.727563 -9.594410 -1.735571 11.949591 8.801521 -20.594646 -12.077480 18.756104
3.082816 26.521130 -16.713369 -1.937552 -8.471194 15.341492 -4.187743 9.447884 0.673567 3.919037 4.931484 6.432913 4.236547 -5.959232 -2.574227 -6.057145 -5.461307 3.648481 -1.983168 -8.314977 9.458087 1.654295 9.786337 -9.489672 -1.682179 12.033001 8.714670 -20.562685 -12.078848 18.734276
3.041096 26.508142 -16.732864 -1.819968 -8.410447 15.344005 -4.170083 9.429018 0.736814 3.953782 4.923813 6.413981 4.189980 -5.965550 -2.591544 -6.036251 -5.469872 3.670402 -1.996945 -8.298824 9.500756 1.414081 9.735032 -9.617872 -1.813564 11.826703 8.952329 -20.570339 -11.956770 18.950052
3.326154 26.459480 -16.658445 -1.892939 -8.475683 15.553452 -3.918227 9.318837 0.636027 3.783327 4.904192 6.421207 4.180471 -5.931669 -2.578639 -6.103137 -5.453650 3.639223 -1.962529 -8.360387 9.404073 1.542950 9.721801 -9.650882 -1.656749 11.927863 8.998544 -20.405926 -12.214308 18.736786
3.263562 26.486362 -16.684685 -1.919585 -8.553892 15.531549 -4.119607 9.356355 0.600338 3.896152 4.905848 6.426454 4.246356 -5.971685 -2.562835 -6.049886 -5.462912 3.627719 -1.954128 -8.298550 9.397521 1.486236 9.706702 -9.515001 -1.626612 11.965381 8.925475 -20.534340 -12.118613 18.687452
3.211868 26.522110 -16.662579 -1.850815 -8.468134 15.450073 -4.024528 9.412468 0.670741 3.820839 4.933255 6.453405 4.254225 -5.974586 -2.573382 -6.037038 -5.471754 3.647440 -1.959985 -8.269419 9.389509 1.600919 9.714671 -9.582446 -1.766171 11.922831 8.868655 -20.594744 -12.073359 18.789856
3.073404 26.594658 -16.749598 -1.848834 -8.429541 15.251223 -4.163038 9.409431 0.670926 3.984008 4.841226 6.637267 4.435331 -5.843789 -2.826206 -6.388339 -5.391693 3.743903 -1.853225 -8.385099 9.450257 1.583060 9.800323 -9.573050 -1.743407 11.974300 8.812476 -20.511421 -12.069484 18.802448
3.118809 26.492306 -16.729170 -1.839831 -8.413969 15.325632 -4.269935 9.452625 0.767508 3.893681 4.866754 6.631420 4.425684 -5.836893 -2.849800 -6.365000 -5.414057 3.725132 -1.886247 -8.343074 9.426677 1.476344 9.724689 -9.736028 -1.885018 11.765434 9.021522 -20.555841 -12.007999 18.993690
3.307698 26.231153 -16.073963 -2.954941 -7.103638 14.674141 -2.819096 9.338738 0.398971 2.938252 4.802422 6.213896 4.814156 -5.338231 -2.005956 -6.865164 -4.741333 3.425326 -1.348808 -9.219126 8.580992 3.364852 9.340041 -8.612222 -0.359009 12.644870 7.648057 -20.592505 -13.465084 16.643089
3.309870 25.641268 -15.194222 -3.973010 -5.007069 13.657399 -0.345860 9.455340 -0.161203 1.404566 4.336529 4.027350 5.181168 -4.508382 -0.709186 -8.681654 -4.100042 3.278961 -0.616336 -9.950195 6.665276 6.673137 9.500522 -7.917886 0.929906 13.966080 4.691282 -21.409702 -15.267315 13.495225
1.921387 25.388477 -14.994263 -5.284580 -3.432254 13.104606 0.812450 8.919206 -1.011415 0.890874 4.353332 1.986369 5.421558 -4.049189 0.389391 -8.803962 -4.305189 3.096810 -0.940036 -10.511507 5.742596 5.759249 10.447753 -8.260126 1.517052 14.982373 4.786605 -21.913656 -15.117474 10.802047
1.300496 25.383987 -15.350492 -8.046910 -2.982560 12.221761 -1.067330 9.345807 -1.874621 0.438008 4.169855 1.772257 5.929382 -3.454235 0.491048 -9.063880 -4.613774 3.418294 -1.097217 -11.049606 4.886075 5.696562 11.511285 -9.298000 1.182845 15.530805 5.524701 -22.244993 -15.099216 8.244509
0.976548 25.279383 -16.180361 -10.704935 -2.603090 11.391821 -1.813290 8.449728 -2.966906 0.628760 3.932598 1.408766 6.550280 -3.019941 0.756971 -9.363674 -4.518315 4.078726 -1.150026 -11.334938 3.917042 7.032071 11.286448 -10.314824 1.222631 15.393388 5.477257 -22.422323 -15.858315 6.672220
1.042608 24.522617 -16.970366 -13.302193 -3.074850 10.476609 -2.510030 7.914954 -3.561398 0.544288 4.040378 0.976259 7.040538 -2.457489 1.473236 -9.027932 -4.024390 4.897623 -1.621744 -11.370207 4.060902 8.856203 11.017291 -10.537168 0.785043 15.595730 4.503454 -23.207296 -15.942772 4.574434
1.257653 24.685860 -17.447184 -14.486991 -2.914690 10.042431 -1.269031 7.103778 -4.486331 0.626884 4.162719 0.586143 7.409866 -2.033912 1.836147 -8.974551 -3.597079 5.281993 -2.057976 -11.648702 3.318776 10.318127 10.881484 -10.392785 0.553252 15.812334 2.919312 -24.700125 -16.330866 2.230051
1.654848 25.395058 -18.532701 -14.861929 -3.288454 9.518759 0.464281 5.357470 -5.396173 1.595559 4.364568 0.575758 7.521099 -1.577128 2.373652 -8.532561 -3.070399 6.226612 -2.573546 -12.102407 1.861601 10.446383 11.203751 -11.114215 0.419691 16.272129 1.987734 -26.981016 -15.993287 -0.178606
2.664354 26.027763 -18.385122 -15.951149 -3.265605 8.483333 0.646214 4.477303 -6.123982 1.923497 4.307025 0.464497 7.458073 -1.284362 2.828725 -8.244723 -2.648448 7.015194 -2.677353 -12.235718 0.398439 10.883121 11.173195 -10.749592 0.778351 16.800760 1.304942 -28.641762 -16.033558 -1.457797
2.592187 26.864941 -18.849707 -16.852192 -3.248342 8.283860 1.148284 3.189053 -6.472847 2.456959 4.231156 0.429833 7.023568 -0.773146 3.290329 -8.271970 -2.670932 7.527323 -2.508714 -12.613878 -1.032678 12.433509 10.911651 -10.594079 1.150450 16.481016 -0.376368 -29.659548 -16.931437 -2.728549
2.308595 27.453434 -18.711466 -17.482172 -3.107656 8.867466 3.886035 1.272783 -6.632400 2.552971 4.387063 0.827686 6.548905 -0.607170 3.734429 -7.651272 -2.832764 7.977662 -2.580675 -12.736552 -1.537433 13.100203 10.914031 -8.848488 1.989968 15.810277 -0.086093 -30.842249 -16.660368 -2.627818
2.656579 27.115540 -18.752222 -17.713530 -0.489524 7.906498 4.401738 0.150643 -6.817808 2.594356 4.614561 1.782647 6.388252 -0.530131 3.888414 -6.507185 -2.735587 8.893192 -2.988551 -12.627354 -1.415319 12.312293 11.286487 -6.487629 2.804458 15.851406 1.484078 -32.728146 -13.692675 -1.898615
2.351560 26.943279 -20.228651 -18.837496 1.056873 5.065047 3.054741 -0.522949 -6.253191 3.314355 4.605668 1.923755 5.851403 -0.250062 4.313902 -5.964130 -3.154672 9.811099 -3.231971 -12.843319 -1.471904 13.896653 11.120545 -4.674043 3.512511 16.822596 -0.468485 -33.041363 -13.327832 -2.138487
1.935419 26.648129 -21.566214 -19.350203 1.579499 3.755847 2.380580 -2.106078 -6.622030 4.841747 4.457094 1.289060 5.951471 0.626410 4.382068 -6.804890 -3.567174 10.579510 -3.262262 -13.075151 -1.282024 17.804651 9.896478 -3.633654 4.034719 17.235504 -3.055509 -32.375538 -14.869035 -2.479292
2.066171 26.587547 -22.115248 -19.549416 1.951167 3.273642 2.276778 -2.265288 -6.479946 4.839304 4.448044 1.132335 6.022096 0.750602 4.530740 -6.852208 -3.710854 10.734724 -3.345872 -13.062860 -1.262384 18.087158 9.988311 -3.593159 4.180307 17.358772 -3.691877 -32.340736 -15.183212 -2.916264
1.813991 26.612644 -21.848795 -17.870356 2.395391 3.893530 2.341311 -0.995639 -5.564703 3.759104 4.402961 1.851466 6.059164 0.242262 4.122133 -6.874273 -3.739063 10.253913 -2.856211 -12.812496 -1.076726 16.038656 10.291377 -3.770316 3.846953 17.668079 -1.784029 -32.376423 -14.291958 -2.447419
1.842730 26.318203 -21.555429 -16.855068 3.019350 4.717205 3.176022 -0.892604 -4.983748 2.972263 4.388090 1.329518 6.407841 0.228401 4.352509 -6.702793 -3.938713 9.452459 -2.804129 -12.296955 -0.321639 14.289631 10.915690 -2.876038 4.671241 17.340858 -0.984134 -32.258350 -14.090707 -2.173657
2.031676 25.273260 -18.461256 -16.749241 1.528762 6.337542 3.377469 1.370918 -5.036614 1.404580 4.687685 0.939615 6.526881 0.059675 4.274177 -6.809960 -3.155009 8.764896 -3.164203 -12.282185 -0.004055 12.520221 10.315530 -4.965762 4.676970 16.952299 -1.466832 -30.947062 -15.047857 -2.204692
2.393543 24.728764 -17.942011 -16.839931 0.308930 6.919903 1.412037 2.851166 -5.449834 1.259158 4.837537 0.884057 7.450569 -0.108735 4.156024 -6.809536 -3.046269 8.256067 -3.222318 -12.062362 0.143654 13.042747 10.355139 -6.118528 4.103590 17.003042 -2.355325 -30.061703 -16.374048 -2.552174
