1.967422 25.755596 -10.517510 2.950202 4.470708 -4.397446 10.944013 14.194381 19.843599 -3.850904 3.085821 8.269455 5.233252 -8.977898 0.707274 -3.538962 -0.408756 5.292725 1.827107 -10.405178 4.316407 6.303051 7.473876 1.412746 2.570142 23.724340 -0.553818 -24.468203 -4.316012 19.994219
1.517927 25.661217 -10.608332 2.984553 4.065404 -4.875053 11.692206 14.135623 20.556038 -3.995519 3.108544 8.328056 5.236019 -8.956785 0.675198 -3.552495 -0.408693 5.291421 1.863853 -10.414950 4.640482 6.323197 7.454866 1.001406 3.029190 23.936590 -0.496502 -24.747238 -4.357145 20.170860
1.405205 25.298250 -13.948216 -1.047368 -1.385154 -0.150284 11.573300 9.589276 18.255922 -2.814239 4.343020 9.512594 3.897751 -5.745480 1.214667 -5.304806 -3.393866 4.536989 1.905669 -10.714613 3.528378 2.380068 7.348858 0.384568 5.989398 20.782768 5.757231 -22.389479 -10.267445 18.207521
0.970997 26.708908 -13.657533 -5.002810 2.312498 -4.070704 12.598422 8.418373 17.210569 -3.640126 4.781990 10.773805 2.088333 -5.066107 1.029429 -5.264301 -4.171400 5.191926 1.737034 -11.441084 -0.608274 1.498857 7.163757 -2.190040 6.418772 20.118484 7.804421 -23.575741 -12.144920 18.921715
0.449912 28.587494 -14.362992 -7.696199 2.585840 -6.160058 11.553967 7.398890 16.775078 -2.625299 4.351116 9.680336 0.933465 -5.050865 0.393457 -6.367289 -3.894288 5.099175 1.642278 -12.423418 -1.821953 0.977556 7.452767 -4.590241 6.007988 19.761751 10.098571 -22.879196 -12.536857 19.798229
0.570741 28.928684 -15.313231 -9.109160 2.122398 -7.119077 11.832671 6.149318 15.780713 -1.654964 4.059574 9.056590 0.282960 -4.794314 0.181541 -7.253145 -4.111627 5.206258 1.691681 -13.145642 -2.951167 1.738530 7.940992 -6.482082 5.643928 19.715118 10.974625 -22.834606 -12.919729 18.193880
0.206827 27.511993 -16.506191 -9.648037 3.592967 -7.209919 13.394395 5.265780 15.284844 -2.545032 4.044109 9.288691 0.531019 -4.343015 0.754326 -6.940946 -4.797609 6.103551 1.712220 -12.876663 -4.340041 3.818064 8.433011 -8.593795 5.328522 20.644983 10.809978 -22.574451 -13.801101 16.386663
-0.549192 26.847702 -16.898882 -10.143631 4.466244 -7.216850 14.110904 4.969937 15.205872 -3.114578 4.209466 9.433491 0.865804 -4.021439 1.045412 -6.524976 -4.956249 6.472190 1.434341 -12.894392 -5.361219 4.424521 8.510037 -9.347383 5.566870 21.446444 10.848315 -22.482664 -14.317308 15.160411
-1.097078 27.384867 -16.609175 -10.828062 4.382167 -7.260970 14.531184 4.668063 14.582749 -2.995056 4.280608 9.371639 1.115003 -3.721849 1.320203 -6.336856 -4.755278 6.503305 1.211581 -13.333155 -6.042932 4.494291 8.471160 -9.782806 5.644003 21.460718 10.800618 -22.702888 -14.808462 13.956193
-1.434816 27.498470 -16.814384 -11.116743 3.806940 -7.050663 14.491023 4.213036 13.989617 -2.412606 4.216905 9.076208 1.014205 -3.526949 1.301365 -6.492672 -4.553793 6.550276 1.021892 -13.749516 -6.479046 4.680974 8.484426 -10.133698 5.307300 21.300179 10.778732 -23.336275 -14.693673 13.117555
-1.931210 27.846676 -16.918888 -11.592205 3.448754 -7.217374 14.349108 3.770579 13.222612 -1.615268 4.100701 8.669208 0.770369 -3.341169 1.449204 -6.670545 -4.267223 7.012337 0.948051 -14.136708 -6.816079 4.288217 8.660884 -9.900986 5.342094 21.510122 10.718537 -24.309675 -13.956495 11.843055
-2.024312 27.926876 -16.722321 -12.368944 3.609760 -7.643856 14.136050 3.909891 12.897485 -1.534070 4.025169 8.381702 0.630108 -3.247888 1.500239 -6.879959 -4.166033 7.113052 0.877613 -14.377403 -6.683520 3.774918 8.902112 -9.878844 5.318816 21.486162 11.154964 -24.860420 -13.162106 11.090315
-2.162704 27.877789 -16.506647 -12.635132 4.261567 -8.303651 14.664798 4.081968 12.426043 -1.617011 3.916617 8.475761 0.687077 -3.418681 1.745673 -6.702899 -4.389900 7.541945 1.101736 -14.153544 -7.275952 3.532721 8.961349 -9.427169 5.651869 22.116804 11.056167 -25.267582 -13.041401 10.566474
-2.057760 29.033575 -16.431566 -12.658709 4.039310 -8.242608 15.826453 3.152152 11.480778 -1.022368 3.856540 8.113832 1.127225 -3.141392 2.121142 -6.609214 -4.288493 7.661904 1.058671 -14.281540 -7.547530 4.905501 8.694480 -9.152164 6.129029 22.224646 10.059163 -25.335550 -14.192582 9.664702
-1.679188 29.901140 -17.318455 -12.629290 3.703369 -8.918196 15.757579 2.022639 11.071174 0.300220 3.755784 7.738650 1.183149 -2.938028 2.577152 -6.667396 -3.904188 7.956580 0.990259 -14.831874 -8.252954 6.788376 8.319695 -9.173518 6.388967 22.248850 9.120748 -25.016527 -15.440314 9.745361
-1.872460 29.792130 -18.046400 -12.691022 3.448349 -9.332679 15.438851 1.514298 10.939531 0.955922 3.719876 7.667147 1.212396 -2.747703 2.806894 -6.557178 -3.714029 8.232477 0.900944 -15.003300 -9.070983 8.263458 8.136310 -9.471305 6.505230 22.599836 8.378313 -24.700933 -16.220242 9.441947
-1.953779 29.850285 -17.949764 -12.837366 3.351764 -9.214663 15.497772 1.454365 10.830609 0.935051 3.724124 7.702511 1.180668 -2.769372 2.861406 -6.556430 -3.616927 8.221697 0.916564 -15.099154 -9.119626 8.436388 8.154633 -9.601105 6.517879 22.569826 8.190555 -24.710405 -16.284071 9.244479
-1.921886 29.830132 -18.085638 -12.738991 3.334540 -9.059363 15.576669 1.311877 10.882802 0.906986 3.704290 7.510817 1.233076 -2.739776 2.880473 -6.680562 -3.576640 8.185049 0.864445 -15.128115 -8.921157 8.071984 8.189013 -9.672790 6.420990 22.277262 8.397962 -24.801527 -16.205362 9.327701
-2.207245 29.801678 -17.918390 -12.625165 3.294628 -8.646339 15.764262 1.339267 10.796168 0.742246 3.704433 7.490795 1.205526 -2.737305 2.833213 -6.676369 -3.621137 8.210566 0.840811 -15.070112 -8.908773 7.596328 8.269055 -9.690980 6.311302 22.115049 8.394002 -25.111185 -16.078960 9.113091
-2.374563 29.917221 -17.654585 -12.815050 3.286192 -8.446925 15.973567 1.461228 10.719153 0.608693 3.804554 7.318295 0.949276 -3.007607 3.012518 -6.368347 -3.797830 7.995755 0.817698 -14.829762 -8.764849 6.987102 8.343774 -9.357199 6.419740 22.249546 8.632527 -25.352335 -15.799800 8.991858
-2.621355 29.845966 -17.278242 -12.716007 3.355343 -8.283790 16.190702 1.847975 10.546561 0.390198 3.794839 7.382037 0.884340 -3.070874 2.940267 -6.379210 -3.851945 7.981699 0.860661 -14.703649 -8.617986 6.777813 8.417475 -9.412920 6.373959 22.101934 8.616475 -25.421707 -15.835893 8.828651
-2.641092 29.854574 -17.295616 -12.706537 3.357386 -8.261054 16.179100 1.829563 10.560053 0.399270 3.786820 7.339463 0.887487 -3.059006 2.960603 -6.405161 -3.836178 7.996092 0.860549 -14.723946 -8.574899 6.698323 8.401050 -9.389538 6.394797 22.087891 8.708827 -25.372122 -15.818455 8.903682
-2.445331 30.250872 -16.680721 -16.445051 -1.364225 -6.293121 15.398487 0.930488 8.108228 1.307062 3.412211 5.129986 2.360174 -2.674200 3.216703 -7.400186 -3.733180 7.634016 0.751091 -14.546687 -6.198418 8.047528 8.741912 -9.003554 3.805983 20.373568 4.439305 -28.780861 -13.815054 6.225837
-3.456399 30.006729 -15.739636 -16.716990 -5.240757 -2.137172 16.281658 1.752808 7.097697 0.728490 3.349531 3.641045 2.896601 -3.419574 2.460658 -7.865498 -3.398205 7.680110 0.043296 -13.711626 -4.124057 5.296893 10.183862 -9.247857 2.131685 19.084795 4.610688 -31.166109 -11.335236 3.939375
-3.688431 29.142284 -16.054979 -16.271700 -5.996835 -1.019114 15.628037 2.090858 7.334595 0.525160 3.639605 3.567591 3.446136 -3.631695 2.357728 -7.461955 -3.256741 7.219111 -0.416040 -13.582745 -2.987775 4.674440 10.542596 -9.090134 1.930757 18.860029 4.567973 -31.160204 -11.159109 3.610931
-3.818807 28.819004 -15.998169 -16.597300 -6.156034 -0.980812 15.097558 2.396861 7.537198 0.332964 3.759982 3.439990 3.797454 -3.459429 2.450519 -7.386116 -3.210038 7.217289 -0.641947 -13.423298 -2.785459 4.395113 10.681392 -8.927520 1.955254 18.763321 4.538309 -31.345671 -11.135849 3.263342
-3.862108 28.733877 -16.082521 -16.457121 -6.313923 -0.838284 15.043213 2.360023 7.587286 0.395135 3.716051 3.384851 3.735005 -3.471332 2.407270 -7.486743 -3.220777 7.150551 -0.614448 -13.501921 -2.737625 4.499368 10.648810 -8.938778 2.010464 18.847540 4.529794 -31.134089 -11.242942 3.398549
-3.869117 28.751236 -16.093378 -16.455460 -6.326282 -0.880168 15.006004 2.347501 7.592418 0.429933 3.706681 3.398524 3.703298 -3.495463 2.405675 -7.490877 -3.218419 7.163423 -0.600124 -13.519730 -2.739866 4.554060 10.637733 -8.936913 2.025334 18.855877 4.552351 -31.055506 -11.268374 3.485305
-3.870378 28.748720 -16.096001 -16.439339 -6.338027 -0.880045 15.047322 2.348708 7.595266 0.423752 3.692268 3.384250 3.686044 -3.500705 2.401887 -7.496089 -3.222777 7.166757 -0.595530 -13.525639 -2.738753 4.547038 10.640161 -8.945863 2.025427 18.842915 4.543484 -31.063848 -11.268348 3.472314
-3.866709 28.738235 -16.103983 -16.446922 -6.341910 -0.887835 15.030071 2.351536 7.596160 0.423396 3.695482 3.383643 3.689815 -3.496124 2.399993 -7.489723 -3.220543 7.165085 -0.604772 -13.524973 -2.750119 4.584723 10.629014 -8.954233 2.005462 18.849375 4.523847 -31.080080 -11.277322 3.460278
-3.875001 28.745285 -16.091421 -16.437151 -6.327618 -0.904911 15.010171 2.359648 7.609747 0.424313 3.693300 3.383648 3.679755 -3.508280 2.404711 -7.496527 -3.208311 7.157201 -0.590012 -13.533627 -2.745146 4.557151 10.637202 -8.987967 2.005455 18.850538 4.538713 -31.099279 -11.266388 3.403713
-3.874254 28.728672 -16.104631 -16.457912 -6.328425 -0.931795 14.997361 2.355238 7.609329 0.423091 3.705094 3.385436 3.680026 -3.500503 2.403405 -7.498513 -3.209834 7.152087 -0.598197 -13.538456 -2.747887 4.548818 10.648563 -8.983722 2.027113 18.854790 4.531671 -31.105253 -11.256859 3.381139
-4.029230 28.325672 -16.762026 -13.621119 -6.670790 -0.682652 13.323466 2.830751 9.443938 0.924830 4.055617 4.415193 3.617273 -3.443273 2.062836 -7.246681 -3.518253 6.103388 -0.563077 -13.431870 -1.522802 3.845897 10.496618 -8.734104 3.062526 18.845264 6.788416 -27.831278 -12.281094 5.454569
-3.772629 28.867348 -17.525938 -11.853815 -5.974384 -0.447678 12.761405 2.183457 10.428309 1.503862 4.010311 4.709731 2.928023 -3.306162 1.807116 -7.634656 -3.851211 5.616370 -0.176808 -13.556483 -1.499776 3.307972 10.221784 -9.272663 3.756174 18.995094 8.496540 -25.429869 -13.350777 7.526934
-4.203868 28.282822 -17.294052 -12.942858 -6.575909 -0.244100 12.191363 2.658214 10.193544 1.165635 4.078633 4.519541 3.085772 -3.208545 1.892025 -7.692654 -3.842488 5.603094 -0.321186 -13.562344 -1.260864 3.244266 10.676851 -9.206630 3.696068 18.912579 8.240891 -25.759865 -13.318193 6.694839
-4.163242 28.283882 -16.990938 -12.507264 -6.499696 0.335111 11.949757 2.755619 10.785007 0.851782 4.015266 4.504877 2.867673 -3.268713 1.704952 -7.952093 -4.049483 5.355747 -0.047343 -13.461699 -1.200093 2.879734 10.142558 -9.150629 3.978170 18.611368 8.747670 -24.798708 -13.773314 8.015836
-3.662666 28.431053 -18.132446 -10.901605 -7.463083 2.729215 10.934959 1.402182 10.916896 1.990166 3.850538 4.287688 2.207258 -3.288958 1.328877 -8.670153 -4.467834 5.029644 0.442549 -13.546329 -1.896828 1.959425 9.662120 -9.580191 3.579234 17.902821 9.667579 -24.868607 -13.593098 9.711087
-3.362523 27.788767 -18.442644 -9.071909 -9.745321 6.142959 10.564142 0.734008 11.943147 2.220151 3.482828 4.549186 1.309855 -4.100859 0.395500 -9.018382 -4.803373 5.223114 0.808721 -13.195081 -2.377843 2.426663 9.578220 -10.715638 2.610436 17.411566 9.432717 -24.667627 -13.249393 12.320073
-2.056703 26.356647 -18.940571 -7.899630 -11.017809 6.718051 9.161645 1.455733 12.927872 2.012771 3.436201 5.359918 0.758647 -4.648196 -0.267044 -8.932267 -5.033850 5.139523 0.953962 -12.802225 -1.075092 3.027336 9.506127 -10.780069 2.193281 17.447851 9.839715 -23.834085 -12.760922 13.603230
-0.506308 24.431837 -19.797930 -5.939235 -12.305051 6.825225 7.291157 3.049861 14.220038 1.836825 3.532329 5.957464 0.761042 -5.086933 -0.757072 -8.163815 -5.150660 4.948874 0.705611 -12.211626 0.213388 2.716720 9.011566 -10.448768 1.676543 17.098066 10.890290 -22.410830 -12.340368 17.282482
0.061423 21.436863 -21.386465 -4.475711 -13.871532 8.058856 6.161414 4.362051 15.397814 1.162838 3.911178 6.346806 1.176475 -4.826919 -1.536607 -8.655621 -4.767784 3.526802 0.287933 -12.358063 1.152759 1.768395 8.110467 -9.846734 1.891368 15.782679 11.878228 -21.157911 -13.429399 20.628368
0.384305 18.849663 -22.183981 -3.010061 -15.403560 11.087277 5.584757 5.551665 14.474523 0.563171 4.437532 6.471837 1.898368 -3.987263 -1.188874 -8.932276 -3.630368 1.760016 0.145096 -13.686674 1.726988 1.595632 7.312503 -8.422585 3.338039 15.642151 11.901567 -20.040003 -14.447046 21.397539
-1.050196 16.700531 -24.499493 -0.749582 -17.741133 12.370755 4.697460 5.766247 13.279719 2.251711 4.546450 6.321285 2.606271 -3.695146 -0.878386 -8.932017 -2.924693 1.176465 0.032226 -14.434607 1.651346 2.100241 6.985980 -6.399164 6.115466 17.711281 12.452142 -17.904881 -16.291140 20.107376
-4.029254 15.574295 -26.983988 2.870656 -20.688745 13.843329 5.298202 5.484590 12.483718 5.101535 4.876287 5.416574 3.675261 -3.617798 0.313066 -7.945412 -2.339586 -0.164372 -0.327249 -15.266909 1.616668 1.909976 7.388317 -4.972340 7.867477 20.132740 12.978671 -15.968066 -16.916092 18.735455
-8.761128 15.604542 -30.390287 6.151353 -22.183395 14.573630 2.809177 4.747086 9.439784 10.335258 5.169499 5.410857 5.520211 -3.475570 1.077046 -7.604521 -1.548000 -1.508232 -0.181815 -15.625023 1.868001 0.239478 7.847581 -3.715678 9.473858 21.474024 13.949677 -14.642574 -17.616770 18.469652
-8.558571 15.512600 -30.149347 6.068754 -22.143145 14.968610 2.799361 5.043968 9.058078 10.051372 5.078872 5.608609 5.846793 -3.347731 0.910130 -8.011793 -1.383193 -1.558781 0.010471 -15.797779 2.248980 0.252476 8.269233 -3.507091 9.501348 21.581991 13.597846 -14.518304 -17.415081 18.423923
-8.622943 15.427973 -30.289955 6.266735 -22.044744 14.951516 2.622798 5.234233 9.087628 10.086142 5.122730 5.637029 5.868702 -3.355636 0.968443 -7.963588 -1.394953 -1.669705 0.023754 -15.747141 2.303038 0.518542 8.022369 -3.504201 9.552587 21.778086 13.785141 -14.272649 -17.566254 18.385103
-8.746291 15.332356 -30.417826 6.395797 -22.166946 14.979079 2.864624 5.115870 9.294925 10.106221 5.098215 5.727445 5.932685 -3.274553 1.012951 -7.983078 -1.436058 -1.637360 0.099020 -15.753241 2.187343 0.261495 7.915345 -3.517424 9.665918 21.765293 14.076079 -14.228857 -17.639822 18.346619
-9.007142 15.487017 -30.436188 6.470908 -22.327286 14.894994 2.868030 5.161895 9.286224 10.280428 5.083164 5.748312 5.867368 -3.287073 0.990285 -7.977061 -1.450887 -1.562412 0.114934 -15.711575 2.219097 0.291286 7.989982 -3.539039 9.665914 21.853941 13.981386 -14.209015 -17.639549 18.235649
-9.057150 15.521118 -30.458429 6.500073 -22.158270 14.704766 2.888307 5.107641 9.316668 10.356143 5.088601 5.745008 5.881361 -3.305036 1.000590 -7.964539 -1.432265 -1.571646 0.117029 -15.683619 2.194263 0.292859 7.951796 -3.524856 9.656571 21.816275 13.999990 -14.186235 -17.686943 18.399868
