5.905227 30.906727 -5.929157 12.806092 11.870573 -1.780112 -6.470888 7.180947 -7.329228 -20.341970 2.273962 3.304492 4.475899 -9.044815 -3.817694 -5.675448 -3.946306 8.729651 -2.742488 -7.180126 6.351689 13.017580 -15.959239 1.806957 0.885962 22.687449 8.743089 -22.065954 -3.732795 12.762457
5.904945 30.946697 -5.878057 12.876255 11.933292 -1.872423 -6.515638 7.101860 -7.484065 -20.660925 2.307605 3.314380 4.498335 -9.047466 -3.907784 -5.690069 -3.962234 8.739903 -2.773548 -7.128357 6.715329 13.089414 -16.400846 1.425349 1.336925 22.890291 8.940907 -22.335806 -3.783402 12.733575
2.395381 18.563530 1.790117 19.093668 18.350992 -12.182925 2.804138 15.389445 -10.114424 -18.641851 0.693799 3.984751 1.496717 -12.949619 -10.176333 -7.741912 -2.275937 2.977234 1.146829 0.326003 11.058116 9.120779 -18.563025 -10.166182 0.563379 29.677937 0.947220 -8.575116 -2.172600 2.183466
3.729173 16.812418 2.400025 20.446745 17.663618 -14.498837 2.204775 16.988674 -10.788857 -18.826185 0.171750 3.445064 1.825404 -13.547565 -10.311802 -7.660353 -1.402442 3.155944 1.525955 2.144800 13.780595 7.531350 -18.541830 -10.781573 1.019468 30.040905 1.999842 -5.919942 0.079006 2.908859
3.736759 16.579372 4.027041 21.524734 17.137676 -15.137330 1.357202 17.235914 -10.322214 -18.343653 0.150874 3.108397 2.366623 -13.628628 -10.323360 -7.334633 -0.792741 3.381040 1.496845 2.929051 15.390491 6.714978 -18.056890 -10.402987 0.774819 30.112993 1.825165 -4.168601 1.495993 2.544370
4.072902 15.724116 4.757267 22.852606 16.251757 -16.021662 0.961029 16.939262 -10.236152 -18.962044 0.023067 2.651881 2.923383 -13.761643 -10.441202 -6.942223 -0.101260 3.179368 1.329600 3.606272 17.294401 6.330994 -17.781790 -11.150973 1.677587 30.391933 2.216358 -2.687217 2.097982 2.194690
4.573760 15.128203 5.069287 23.413607 15.218413 -16.845108 -0.280986 17.207096 -10.073069 -18.909599 -0.037550 2.334258 2.976946 -13.722076 -10.680141 -6.711629 0.472886 3.078365 1.097223 3.903151 17.592209 6.228813 -17.926632 -12.549664 2.161680 30.612379 2.429435 -0.944937 1.892158 3.058175
4.561096 14.863142 5.405571 23.463219 14.654880 -17.414652 -1.128491 17.499720 -9.819591 -18.610308 -0.079742 2.170761 3.340151 -13.833238 -10.827326 -6.506731 0.604644 2.996405 1.048176 4.173089 18.619650 6.559298 -18.167807 -13.064779 2.538124 30.647240 2.402346 -0.181544 2.206779 3.588120
4.597957 14.481550 5.967198 23.593367 14.145494 -17.895176 -1.890325 17.946699 -9.540568 -18.258780 -0.057642 1.976456 3.542555 -13.816582 -10.956720 -6.388468 0.803408 2.905084 0.953075 4.373358 19.004015 6.701847 -18.522295 -13.538327 2.746935 30.849512 2.988190 1.269282 1.912185 4.599313
4.635257 14.097174 6.568458 23.898853 13.728489 -18.035799 -2.292891 18.097908 -9.159894 -17.974634 -0.078183 1.785989 3.964538 -13.885894 -11.040600 -6.191243 0.977407 2.800251 0.864144 4.678903 19.511614 6.488048 -18.559771 -13.315545 2.590618 30.610291 3.535324 2.625461 2.060795 6.369933
4.659352 13.529622 6.816846 24.539473 12.830917 -17.826406 -3.429109 18.274666 -8.754605 -18.748320 -0.004773 1.625728 4.397089 -13.774548 -11.016085 -5.880128 1.395210 2.648673 0.599792 4.950752 19.861372 6.832714 -18.843349 -12.906331 2.354411 29.972845 3.491605 3.863084 1.886479 8.316724
4.178356 12.641611 7.375914 25.601057 12.056325 -17.801416 -4.394193 18.372992 -8.620142 -19.820036 0.154868 1.399274 4.863876 -13.698759 -10.921221 -5.382477 1.909059 2.710146 0.141487 4.985900 20.172274 7.271868 -19.107338 -12.519673 1.768946 29.873247 3.433760 5.181934 2.195840 9.856951
4.277530 12.065930 7.694239 25.577728 11.323021 -16.963167 -5.187316 18.294338 -7.980397 -20.035500 0.320886 1.072907 5.170114 -13.645578 -11.025767 -5.262192 2.386746 2.581826 -0.135855 4.981845 20.589169 7.392598 -19.505096 -12.360204 1.904173 29.139011 3.667697 5.933707 2.110951 11.038737
4.584048 11.665804 8.171468 25.347836 10.606616 -16.721149 -5.892365 18.888380 -7.614579 -19.647276 0.483144 0.743271 5.359312 -13.555352 -11.176277 -5.292693 2.839972 2.339477 -0.408696 4.889965 21.390417 7.227668 -20.045170 -11.930741 1.828963 28.360813 3.523542 6.544285 2.404269 11.918674
5.134623 10.671475 8.978068 24.564505 9.080089 -15.375462 -6.680499 20.377268 -6.867657 -19.076950 0.676850 0.142360 6.231561 -13.180938 -11.217688 -5.296400 3.507171 1.917926 -1.031483 4.912997 23.093046 6.641463 -20.773502 -11.562095 2.158098 27.536535 2.408853 7.122126 2.561524 12.645560
5.267624 9.342130 10.101958 24.541201 7.690150 -14.097981 -7.538979 21.695147 -6.517982 -19.787096 0.772146 0.202001 6.708922 -13.051312 -11.307261 -4.922827 3.982275 1.812603 -1.559568 5.115857 24.488722 6.608284 -21.430107 -10.992136 2.305681 27.065435 0.809084 7.659468 2.407739 13.298719
5.233584 8.950439 10.495152 24.678629 7.403096 -13.890592 -7.680135 22.053556 -6.337302 -20.031015 0.917313 0.007123 7.068885 -12.989722 -11.339272 -4.866625 4.244656 1.738466 -1.801468 5.207804 25.341333 7.154659 -21.579823 -10.505467 2.316494 26.879150 0.163034 8.060605 2.455526 13.602347
5.158497 8.795795 10.879947 24.723787 7.099799 -13.571522 -7.760311 22.382509 -6.190303 -20.018753 0.962891 -0.117709 7.200518 -12.924773 -11.312075 -4.778234 4.445803 1.702868 -2.017142 5.141716 25.916178 7.158816 -21.622671 -10.280105 2.394854 26.789141 0.062240 8.108243 2.701193 13.528321
5.083780 8.869648 10.989705 24.764009 7.008935 -13.512616 -7.736723 22.358652 -6.163978 -20.137178 0.988719 -0.188500 7.292573 -12.946465 -11.305737 -4.696883 4.488998 1.719024 -2.058544 5.093036 26.355629 7.263593 -21.749418 -9.902873 2.257436 26.592176 -0.142009 8.448649 2.973111 13.610247
5.149988 8.704741 11.224320 24.813175 6.519030 -13.277314 -7.850431 22.616972 -6.031476 -20.076975 0.917643 -0.346911 7.501724 -12.937634 -11.234426 -4.714859 4.559083 1.656763 -2.132507 5.120686 26.406889 7.454805 -21.886753 -9.767640 2.216380 26.630238 -0.339447 8.458984 2.925240 13.407035
5.097404 8.615311 11.419615 24.902864 6.144193 -12.975244 -7.754764 22.747038 -6.093784 -20.196386 1.028139 -0.547523 7.725408 -12.934392 -11.295132 -4.640317 4.676241 1.586232 -2.242817 5.062197 26.420427 7.692601 -21.968580 -9.820325 2.143269 26.689770 -0.431151 8.672148 2.845676 13.320090
4.911762 8.337395 11.611054 25.136068 5.858708 -12.875049 -7.767365 22.439873 -6.336974 -20.921955 1.128032 -0.917332 7.602553 -13.001980 -11.060412 -4.296017 4.650349 1.469868 -2.423673 5.062676 26.620211 8.590450 -23.396311 -9.691046 2.099062 26.559244 -0.380009 8.695102 2.573211 13.113223
6.713499 9.041574 11.051391 23.284513 4.952925 -12.868361 -7.789548 24.171274 -5.773039 -18.143015 0.476713 -1.167880 7.893466 -13.089852 -10.367628 -4.459197 4.339327 1.439952 -2.418589 5.233309 26.504580 7.515915 -22.136969 -8.440561 1.226708 26.515402 1.555475 8.988874 4.305480 11.537955
10.145011 8.243453 10.339718 21.107723 2.224953 -12.306173 -7.171803 28.058161 -5.689806 -16.302992 0.037912 -1.765803 8.811589 -13.029944 -9.445552 -4.425855 4.274645 1.694739 -2.633866 5.181847 27.198929 8.788918 -20.449183 -4.120765 -1.459827 25.558538 2.092840 7.695947 7.327475 9.862836
12.505385 8.157095 9.161535 19.439882 0.307221 -11.970497 -6.512459 30.678648 -6.233194 -15.239567 -0.411663 -1.915699 9.217587 -12.967523 -8.912184 -4.702854 3.750515 1.543446 -2.702040 4.930822 27.840223 10.022351 -18.597151 -1.839003 -3.239605 25.610880 3.190269 6.460388 10.273468 8.100719
14.561813 9.254371 7.419292 18.201738 -0.874941 -12.694371 -4.583529 31.919294 -7.964143 -14.700274 -1.854684 -2.722965 10.012574 -13.389336 -7.529345 -4.890279 3.021637 2.195354 -2.009984 4.851781 27.882074 10.219933 -16.489809 0.338465 -4.482133 25.519352 4.980804 4.475306 13.237490 7.134724
16.098824 10.370087 5.555066 16.048805 -2.540197 -12.835855 -3.922808 32.202850 -9.011643 -14.292047 -2.659318 -3.026571 10.406106 -13.867133 -6.565531 -4.916706 2.406422 2.991460 -1.567144 4.861890 28.753387 9.873063 -15.403337 1.591525 -4.419721 25.040930 7.539514 2.193896 14.698500 6.682753
16.243294 11.066845 5.278800 15.466157 -2.915661 -12.209130 -3.669945 31.886358 -9.064787 -14.362806 -2.719858 -2.941121 10.508641 -13.910036 -6.384179 -4.892249 2.238349 3.235015 -1.506647 4.792715 28.569269 10.173415 -15.105041 2.294912 -4.863924 25.004549 7.558978 1.585741 15.006715 6.633605
16.307913 11.133084 5.193589 15.439547 -2.981429 -12.461876 -3.782945 32.008209 -9.166610 -14.322070 -2.799816 -2.931263 10.483533 -13.919715 -6.295589 -4.985788 2.156560 3.252985 -1.456093 4.810780 28.794361 9.841341 -15.066344 2.205962 -4.592696 25.017696 7.975326 1.428356 15.099922 6.635327
16.379841 11.068350 5.168827 15.221596 -3.181194 -12.169852 -3.592457 32.099052 -9.094119 -14.269973 -2.772577 -2.976214 10.393984 -13.868648 -6.235608 -5.077485 2.150640 3.347826 -1.453445 4.616151 28.882639 9.778644 -14.965232 2.450155 -4.663562 24.894346 8.018370 1.217356 15.268689 6.457726
16.403532 11.095188 5.119835 15.170351 -3.276340 -12.323968 -3.691826 32.135036 -9.169101 -14.373366 -2.766722 -2.938692 10.413106 -13.853873 -6.229918 -5.064884 2.151450 3.343293 -1.491103 4.631268 29.080389 9.653955 -15.016169 2.181557 -4.397326 25.003778 8.150130 1.148251 15.295308 6.289849
16.336422 11.113036 5.089075 15.136028 -3.161980 -12.405433 -3.692610 32.105732 -9.205566 -14.377443 -2.800886 -2.922407 10.437911 -13.868275 -6.216068 -5.052211 2.149265 3.346063 -1.486297 4.649470 28.952623 9.541114 -14.993963 2.045968 -4.313118 25.063713 8.299639 1.148747 15.222580 6.238286
16.348705 11.086932 5.050379 15.132981 -3.125716 -12.340190 -3.656879 32.139240 -9.079705 -14.256281 -2.819669 -2.923791 10.429914 -13.862991 -6.201265 -5.070600 2.154634 3.323274 -1.493264 4.670559 28.873461 9.545183 -14.973464 2.103861 -4.465263 25.023827 8.334250 1.206380 15.282224 6.244121
16.358528 11.032408 5.077480 15.065813 -3.200006 -12.384622 -3.712654 32.207233 -9.119359 -14.254942 -2.802237 -2.911364 10.450046 -13.869766 -6.219121 -5.055258 2.150948 3.319593 -1.489737 4.687823 29.004902 9.550472 -14.989725 1.966050 -4.305497 25.071802 8.330664 1.142282 15.239162 6.149533
16.353668 11.020686 5.089485 15.001156 -3.196289 -12.398905 -3.722806 32.238537 -9.120227 -14.223387 -2.805934 -2.927528 10.450357 -13.867387 -6.211322 -5.056524 2.160531 3.330216 -1.490111 4.688699 28.947523 9.529489 -14.997502 2.054788 -4.369407 25.040962 8.325661 1.193685 15.262874 6.131326
16.342817 11.090342 5.088311 15.060306 -3.204331 -12.432147 -3.729706 32.182335 -9.067590 -14.246592 -2.906014 -2.649934 10.690185 -13.730036 -6.466203 -5.399450 2.236106 3.385678 -1.356527 4.614687 28.897848 9.269630 -13.823121 1.904132 -4.185369 25.159807 7.877530 1.097252 15.160417 6.403659
16.353554 11.076226 5.077070 15.055544 -3.204387 -12.447153 -3.733113 32.190201 -9.065146 -14.239095 -2.908850 -2.649143 10.684164 -13.733315 -6.470522 -5.399087 2.231826 3.386741 -1.349447 4.609993 28.894930 9.266865 -13.820608 1.909375 -4.189979 25.159069 7.893572 1.102244 15.169167 6.406266
16.339750 11.071526 5.097397 15.031227 -3.161543 -12.360303 -3.691669 32.243290 -9.026963 -14.187958 -2.918886 -2.667797 10.692754 -13.735519 -6.452447 -5.403457 2.246330 3.403281 -1.341830 4.627583 28.750772 9.228590 -13.779984 2.112005 -4.394732 25.070551 7.923765 1.219249 15.231867 6.421664
16.347815 11.055452 5.086555 15.019040 -3.160484 -12.377191 -3.695648 32.250710 -9.020022 -14.177338 -2.921640 -2.665350 10.690260 -13.738201 -6.454752 -5.402637 2.243467 3.404721 -1.336853 4.624085 28.754293 9.237583 -13.776731 2.115158 -4.401813 25.074207 7.924622 1.221284 15.236511 6.414094
16.342651 11.039307 5.050042 15.072517 -3.188283 -12.426979 -3.733609 32.208321 -9.050694 -14.252422 -2.918470 -2.658702 10.690008 -13.739962 -6.468852 -5.406343 2.230223 3.381839 -1.334357 4.625680 28.831675 9.241479 -13.799292 2.007291 -4.296113 25.115294 7.896510 1.146817 15.230900 6.456081
16.323875 11.066792 5.057924 15.105490 -3.144014 -12.390531 -3.725388 32.179718 -9.055741 -14.267879 -2.917470 -2.651332 10.689008 -13.737080 -6.467075 -5.400949 2.234729 3.384487 -1.343330 4.621634 28.843180 9.246067 -13.795558 2.000078 -4.286571 25.121080 7.898876 1.135318 15.225153 6.442239
12.967320 13.271163 4.787506 13.952883 2.900071 -13.198310 -2.166544 28.526155 -8.283154 -12.527193 -2.616427 -1.514511 7.802500 -13.748964 -7.167129 -6.351841 1.560821 3.939272 -0.238952 4.308427 24.031025 3.611076 -13.469045 -0.033216 -3.321897 24.558008 10.530771 1.565158 12.577957 8.500897
11.495175 13.958941 5.189582 13.971458 5.220165 -12.843133 -1.779415 27.617537 -7.439423 -11.350946 -2.352466 -0.929484 6.633625 -13.894986 -7.599458 -6.678961 1.310616 4.034985 0.262182 4.227838 23.052139 1.846568 -14.101447 -0.807874 -2.821443 24.379282 10.976924 1.719450 12.005619 9.646445
11.499897 13.929176 5.540040 14.530149 5.231934 -12.958047 -2.062749 27.555201 -7.327998 -11.040593 -2.143224 -1.370395 5.971257 -14.127324 -7.495987 -6.261738 1.426151 3.745828 0.000739 4.357430 23.339449 2.330233 -16.761465 -1.256337 -2.814235 24.573586 11.325236 2.569585 11.681932 8.567348
10.597636 14.924065 5.721019 14.607327 6.682060 -13.110164 -1.565681 26.918730 -7.627477 -10.914024 -2.085153 -0.879078 5.602280 -14.116535 -7.756500 -6.617065 1.025917 3.943639 0.494041 4.114469 22.182800 0.466122 -16.551321 -1.901758 -2.330460 24.448103 11.793654 1.900947 11.012690 9.494002
10.886474 17.479959 6.112615 12.532134 7.690907 -12.588586 -1.493442 27.643305 -5.517323 -6.824771 -2.543226 -0.435584 5.137589 -13.755990 -8.130424 -8.030237 0.466093 3.709481 1.071896 3.468101 17.354773 -1.099851 -13.271083 -1.104174 -4.811738 24.364128 10.225940 3.165503 9.601205 10.989387
11.085963 18.481125 6.279617 11.727550 8.969280 -12.005898 -1.402817 27.787987 -4.846127 -5.381793 -2.691789 -0.005784 4.458960 -13.839359 -8.106996 -8.407191 -0.183218 3.321680 1.219366 3.229157 16.072611 -0.429298 -14.096277 -1.045554 -5.763867 24.702318 11.275481 3.272722 9.182020 10.668372
11.102509 18.754498 6.367650 11.443052 9.549132 -11.565660 -1.276007 27.806166 -4.894888 -5.154561 -2.827246 -0.133515 4.189082 -13.947386 -8.062555 -8.859324 -0.546478 3.124687 1.506628 2.859721 15.492073 -0.008683 -14.903850 -0.960097 -6.049938 24.828993 11.449292 3.021462 9.042809 10.104064
11.184201 20.073416 6.228805 8.877718 10.607263 -12.027583 -2.434301 27.502214 -4.247103 -2.863831 -3.431255 -0.073542 3.725414 -13.927729 -8.071774 -9.456211 -1.163217 2.388510 1.598379 2.127761 11.868325 -0.376087 -14.308682 -0.241804 -7.728202 24.275608 12.621680 2.825831 8.743689 10.451600
10.113088 20.846731 6.710351 7.130764 12.113213 -11.184923 -2.286332 27.527649 -2.652610 -1.168801 -4.236356 -0.318232 1.899760 -13.878074 -8.347784 -10.785599 -1.339850 2.052696 1.949008 0.817546 8.138562 -1.010020 -14.312667 -0.271713 -8.610729 23.660067 13.667531 2.099618 7.663268 11.048009
10.678639 22.368011 6.329490 5.900872 13.000266 -10.121227 -0.832664 28.096270 -0.987487 2.090861 -4.103246 -0.778764 0.984213 -13.682332 -8.805178 -11.624182 -1.137472 1.791577 2.008844 -0.039078 4.570196 -2.145710 -15.099153 0.620932 -10.321182 22.526480 13.446553 0.913010 8.310421 10.796327
10.838403 23.305407 6.367646 5.356003 13.357754 -8.624335 1.299645 27.222866 -0.428080 3.692278 -3.686731 -0.674046 0.166626 -13.422424 -9.440948 -11.882911 -0.743864 1.921902 1.910564 -0.975730 1.704340 -1.306048 -15.364539 0.742967 -11.491418 22.493834 11.963502 -0.156953 8.012841 9.126054
11.344609 23.699089 7.864744 4.362560 14.319682 -5.128528 4.070103 27.696222 0.219005 6.225816 -2.398399 -0.816845 0.212948 -13.107932 -9.731403 -11.313312 -0.167604 2.864356 1.802394 -1.592251 -0.887369 -1.165930 -16.170492 2.556478 -13.079780 21.630995 10.882706 -0.968225 8.007883 8.425130
11.331342 23.171127 7.160024 3.802769 16.989824 -2.423546 7.793844 27.505148 1.638397 8.024304 -1.058332 -1.343251 -0.417011 -13.197985 -9.476515 -10.461969 0.167181 4.170790 2.091113 -2.362377 -2.331754 -0.967482 -18.380606 6.072573 -15.858986 19.874685 10.272641 0.534541 7.702481 8.776466
11.182752 23.427279 6.611689 3.938474 17.552940 -1.753134 8.551782 26.751978 2.004468 8.218552 -0.472421 -1.122375 -0.276542 -13.114611 -9.760792 -10.554301 0.159639 4.694551 2.395207 -2.556375 -3.080583 -0.998377 -16.969629 6.411537 -16.288820 19.822721 9.217680 0.644477 6.986604 9.303888
11.054318 23.506279 6.562280 3.872067 17.639950 -1.723049 8.684983 26.546618 2.106359 8.266230 -0.426516 -1.065458 -0.310198 -13.054697 -9.847802 -10.620963 0.221749 4.687103 2.424645 -2.534884 -3.142718 -1.058162 -16.147532 6.461257 -16.326456 19.815224 8.573558 0.454275 6.911169 9.614135
11.084116 23.288382 6.478539 4.051217 17.759430 -1.392104 8.800919 26.356642 2.224510 8.028562 -0.336043 -1.140146 -0.263010 -13.054945 -9.753193 -10.535815 0.174932 4.814214 2.447809 -2.566743 -3.241341 -0.848696 -17.102612 6.806070 -16.565588 19.666456 8.764250 0.600054 7.013841 9.250738
11.172385 23.226330 6.448019 3.890529 17.675650 -1.211914 8.748652 26.368368 2.278428 7.972035 -0.255854 -1.285994 -0.497425 -13.169157 -9.535546 -10.162419 0.124541 4.687901 2.246068 -2.435802 -3.135993 -0.504435 -18.407667 7.103296 -16.807796 19.548731 9.585010 0.768832 7.198980 9.077462
11.169014 23.148144 6.392982 3.773860 17.560125 -1.002629 8.884912 26.375954 2.321695 7.892414 -0.337907 -1.060587 -0.241214 -13.073357 -9.720779 -10.399743 0.176339 4.745021 2.366556 -2.439410 -3.217806 -1.067694 -16.741379 6.983607 -16.614586 19.559450 9.066802 0.726990 7.191790 9.778317
11.101118 23.219563 6.488737 3.702013 17.698000 -0.805232 9.114576 26.274683 2.419544 7.978875 -0.339046 -1.050255 -0.192724 -12.971549 -9.764412 -10.573617 0.163997 4.799688 2.433687 -2.584919 -3.293103 -1.225864 -16.194107 7.252429 -16.766518 19.393936 8.608274 0.664496 7.325138 10.001706
