3.245879 29.924168 -6.860678 12.396063 9.072153 -4.478399 -3.551507 6.686161 -2.851546 -20.401846 2.250364 3.307617 4.476631 -9.055903 -3.812177 -5.662148 -3.937470 8.729383 -2.772470 -7.142177 4.332148 6.328328 7.501710 1.462676 2.522527 23.719145 -0.504738 -24.519474 -4.224956 20.063168
3.277224 29.968218 -6.851563 12.517494 9.098822 -4.561214 -3.574770 6.593132 -3.044618 -20.735235 2.300950 3.325836 4.490911 -9.042316 -3.906977 -5.683535 -3.963068 8.742791 -2.788867 -7.104468 4.691323 6.327919 7.464434 1.002260 3.072643 23.944809 -0.486755 -24.802824 -4.311563 20.138927
2.114521 27.427872 -7.951314 11.977760 6.019282 -1.588768 -5.136906 6.657650 -2.794317 -21.116467 2.966626 3.922552 5.247336 -8.246708 -3.273788 -5.461218 -4.104356 7.974036 -2.684737 -6.855487 5.634391 5.606305 7.098128 1.882648 4.206098 22.932100 0.632456 -23.217585 -6.278941 19.567505
2.913363 28.596720 -7.004473 12.034660 7.172704 -2.257018 -3.936554 6.815135 -3.015059 -21.500967 2.707575 3.572228 4.893651 -8.516590 -3.644902 -5.629576 -4.287646 8.411242 -2.865087 -6.821092 5.442501 6.616368 7.380010 1.643621 3.841194 23.441710 -0.289087 -23.739042 -5.907179 19.765335
2.660312 27.756327 -7.350300 11.242599 5.316220 0.227949 -3.631870 6.352062 -3.556264 -22.064760 3.054940 3.975991 5.144923 -8.055854 -3.325791 -5.386496 -4.561070 8.188766 -2.964365 -6.696826 6.332828 7.364887 7.245263 2.687511 4.672698 23.323681 -0.461605 -22.753138 -7.380515 19.452087
2.515456 26.742188 -7.619932 10.844922 3.897628 1.800739 -3.526762 6.445812 -3.974599 -22.640139 3.427480 4.315084 5.529978 -7.469777 -2.853593 -5.132356 -4.915520 8.163507 -3.031812 -6.280169 6.960818 8.040892 7.323397 3.052144 5.142982 22.896837 -0.503002 -22.077021 -8.672108 18.880013
2.353562 26.186901 -7.654183 10.577789 3.013249 3.161600 -3.100513 6.321966 -4.258065 -23.076818 3.731630 4.818479 5.660564 -7.163939 -2.535400 -4.815893 -5.196376 8.246491 -3.050711 -5.886935 7.574564 8.986383 7.360541 3.764804 5.657237 23.044788 -1.171122 -21.663216 -9.592608 18.127834
2.742546 25.676634 -7.533774 10.533240 2.679506 4.510142 -2.034273 6.179217 -4.607953 -23.888491 3.926998 5.233938 5.664474 -6.929218 -2.249962 -4.519671 -5.462392 8.577387 -3.041156 -5.649614 8.329331 9.811941 7.424768 3.997959 5.761990 22.816652 -1.752498 -21.098631 -10.526599 17.603367
3.208787 25.014378 -7.592385 10.793400 2.329070 5.644542 -1.083549 6.148277 -4.638559 -24.625626 4.117011 5.422775 5.659068 -6.730530 -2.086272 -4.380091 -5.736297 8.602959 -3.133820 -5.427302 8.782601 9.747162 7.454464 4.680413 6.416805 22.591972 -1.786692 -20.595736 -11.438684 17.274498
3.689569 24.418325 -7.593314 10.903715 2.090176 6.386499 -0.481659 6.086427 -4.519361 -25.237379 4.209201 5.741623 5.313249 -6.596529 -2.225498 -4.472612 -6.126320 8.724566 -3.139555 -5.352365 9.205533 9.809518 7.594393 5.111002 7.033207 22.434116 -1.561921 -19.879736 -12.279721 17.094309
4.693053 23.629267 -7.673138 11.216930 2.666988 6.961969 0.250035 5.986650 -3.875564 -26.272425 4.229753 5.501335 5.115954 -6.389104 -2.671487 -5.060082 -6.639320 8.313383 -3.245790 -5.207073 9.681870 8.950483 7.410137 5.978968 8.045068 22.055796 -1.040974 -19.205986 -13.093153 17.363041
5.144732 22.923355 -7.911263 11.589556 3.482472 6.664974 0.322462 5.982128 -3.054588 -26.892298 4.207833 5.170172 4.961960 -6.331218 -3.167535 -5.575468 -6.979225 7.920900 -3.417176 -5.230150 10.200661 7.941183 7.146163 6.860134 8.710581 21.803078 -0.343166 -18.658342 -13.288385 18.043682
5.869231 21.788357 -8.219899 11.848793 4.381902 6.047008 -0.088009 6.165330 -1.908364 -27.601557 4.165597 4.658697 5.189812 -6.416869 -3.820297 -6.093455 -7.308095 7.476963 -3.666957 -4.866939 10.718428 6.981620 7.081891 7.395210 9.113038 21.534513 0.506726 -17.934601 -13.434208 18.819824
6.378105 21.024302 -8.503881 12.049711 6.001850 4.646642 -0.457843 6.351884 -0.825418 -28.228777 4.074050 4.090798 5.479528 -6.415014 -4.303275 -6.497372 -7.442581 7.052660 -3.922575 -4.712611 11.175549 5.939763 6.894179 7.873147 9.901897 21.500666 1.687109 -16.944376 -13.797924 19.098434
6.540264 20.639709 -8.503727 11.792899 7.606937 3.206339 -1.066637 6.540450 -0.073649 -28.674948 4.057244 3.637813 5.971084 -6.518195 -4.704635 -6.723797 -7.402581 6.632944 -4.193746 -4.369308 11.640630 4.972782 6.912721 8.086225 10.584816 21.589842 2.784269 -15.913636 -14.169102 19.272495
6.542800 20.576519 -8.389984 11.234357 8.791302 1.592649 -1.770599 7.119009 0.565733 -28.864355 4.015743 2.966425 6.725144 -6.587668 -4.802558 -6.860790 -7.258803 6.377408 -4.430885 -3.960810 11.850583 4.545357 6.645570 8.561936 11.270001 21.835878 3.623157 -15.050118 -14.714710 19.358463
6.380766 20.518929 -8.479110 10.664846 9.682364 0.211702 -2.649776 7.581263 1.003222 -28.814762 4.034843 2.575410 7.553107 -6.647423 -4.730898 -6.705448 -7.024169 6.254868 -4.622506 -3.531484 11.812327 4.005738 6.607959 8.623218 11.979029 22.293114 4.647890 -14.106823 -15.196121 19.207823
5.948265 20.859673 -8.721023 10.284145 10.644512 -1.344940 -3.359206 7.890344 1.369481 -28.551594 3.926380 2.149726 8.051320 -6.716742 -4.565920 -6.698524 -6.730332 6.543005 -4.646038 -3.112513 11.869312 3.364430 6.728299 8.826854 12.649323 22.545641 5.362603 -13.318528 -15.690586 19.002144
5.248832 21.076275 -8.642379 10.005549 11.714354 -2.436337 -3.503668 7.982610 1.371718 -28.382805 3.824326 1.952189 8.612887 -6.854404 -4.407925 -6.589248 -6.398391 6.842967 -4.585507 -2.559053 11.546706 2.338158 6.746199 8.761346 13.185772 22.537405 6.296222 -13.154903 -15.984851 18.621258
4.407106 21.526001 -8.493609 10.023945 12.556990 -3.645779 -4.106674 8.132917 1.619442 -27.873819 3.605335 1.741480 8.845063 -7.078066 -4.228679 -6.480347 -6.136161 7.338149 -4.505715 -2.283849 11.167260 1.302739 6.762209 8.871430 13.764982 22.486032 6.886420 -13.128772 -16.240099 18.369450
4.066740 21.549192 -8.482333 9.872879 12.691019 -3.857921 -4.160186 7.947383 1.346902 -27.657400 3.635954 1.665707 8.916463 -7.081377 -4.180666 -6.485369 -6.076286 7.392058 -4.553019 -2.144107 11.146224 0.703209 6.790700 8.845873 14.036129 22.422922 7.138756 -12.909390 -16.337454 18.169998
4.101121 21.700146 -8.356863 9.768769 12.807257 -3.913446 -4.048430 7.906976 1.216764 -27.650118 3.677022 1.374867 8.556005 -7.266725 -3.837567 -6.112980 -6.162436 7.425509 -4.665532 -2.034181 10.994634 0.681159 6.719447 8.868449 14.115555 22.461573 7.174272 -12.986715 -16.255484 18.093884
5.521581 21.242264 -9.986955 10.062614 9.823188 -1.461281 -3.385499 6.263194 0.703609 -27.213945 3.967227 2.077983 7.400856 -6.695537 -4.295457 -6.647854 -6.889481 6.442933 -4.485114 -3.650717 10.598472 2.907097 7.026433 6.885834 11.986304 22.255783 6.599000 -13.654050 -15.211180 19.136885
5.988919 23.603886 -11.444657 9.102986 4.969504 1.355741 -2.638679 3.976259 -2.454373 -24.624537 4.176837 3.845765 4.710670 -5.977341 -3.505979 -6.905249 -7.515374 6.020865 -3.403551 -6.515245 8.737820 5.329727 8.085651 1.941518 8.043368 21.087778 5.362394 -16.035725 -14.280351 18.613756
5.838349 24.993607 -11.549280 7.532271 2.914730 1.242829 -4.666364 4.558048 -3.213981 -23.615767 4.349947 3.968068 4.822389 -5.824482 -3.044420 -6.866471 -7.248506 5.818049 -3.130816 -6.735886 8.144109 5.325172 8.882928 0.364244 6.889844 20.850199 5.210872 -17.136824 -14.078442 17.457142
5.280744 25.936623 -12.015098 6.395943 0.792054 1.275581 -7.352234 5.402499 -3.610892 -22.734343 4.486586 4.067285 5.124566 -5.618193 -2.829521 -6.706645 -6.981341 5.363039 -3.091938 -6.863466 7.664340 4.648713 9.505623 -0.951356 6.225409 21.113861 5.241728 -17.821707 -13.829366 15.790416
4.267766 26.231867 -12.073112 5.936694 -0.167940 1.016354 -8.484641 5.403759 -4.089815 -21.903795 4.571704 4.340740 5.194496 -5.548195 -2.629149 -6.620783 -6.597034 5.053931 -2.917047 -6.971526 7.615817 3.757374 9.186479 -1.575747 5.866427 20.588163 5.943250 -18.066368 -13.408107 15.722600
3.157634 27.069761 -11.510821 4.781537 -1.524482 1.180362 -9.913857 5.083503 -5.046709 -20.657415 4.605209 4.679253 4.843890 -5.591750 -2.845223 -6.697062 -6.309328 4.450383 -2.727978 -7.251332 7.298894 2.921315 8.651320 -2.494409 5.310280 19.290205 7.010889 -18.581194 -12.861670 16.643463
2.608724 28.359869 -11.648324 4.577471 -3.334603 2.938436 -9.559338 3.360458 -5.921618 -19.343149 4.781581 5.770277 4.270139 -5.962831 -2.991058 -6.326976 -6.044335 3.876519 -2.406666 -7.796435 7.537430 1.771953 8.282886 -3.396939 4.080050 17.627251 7.870119 -19.523542 -12.195297 18.196562
2.209116 28.811558 -11.502149 3.407697 -6.036560 5.318294 -9.006717 2.401040 -7.205228 -18.906824 4.919348 6.418589 4.127265 -5.960689 -2.653958 -6.137138 -5.502772 3.611822 -1.996410 -8.276949 7.597472 0.998888 8.447146 -3.808941 3.613568 16.610332 8.432088 -20.018084 -12.271164 18.760792
2.193728 28.828211 -11.504553 3.355205 -5.980261 5.275254 -9.025385 2.383380 -7.203399 -18.901018 4.916566 6.416940 4.132117 -5.965478 -2.645161 -6.125611 -5.528715 3.630822 -1.999315 -8.248829 7.581963 0.989054 8.448270 -3.795500 3.609351 16.625959 8.410430 -20.047359 -12.236330 18.758114
2.190724 28.741758 -11.430724 3.292624 -5.973655 5.285861 -9.053506 2.503832 -7.214306 -19.023455 4.902307 6.399148 4.149852 -5.986405 -2.652011 -6.126970 -5.541010 3.635782 -2.002322 -8.224340 7.558783 0.973052 8.461251 -3.672044 3.706937 16.742607 8.385364 -20.041071 -12.236111 18.712471
2.215499 28.689255 -11.445047 3.398052 -5.873672 5.304493 -8.947745 2.514688 -7.226781 -19.047956 4.883019 6.355095 4.160001 -5.998036 -2.706752 -6.160619 -5.598106 3.653529 -2.028676 -8.171146 7.607769 1.223497 8.329208 -3.649760 3.663913 16.747667 8.333232 -20.055191 -12.223508 18.572269
2.301409 28.620911 -11.391629 3.388108 -5.806548 5.273656 -8.994876 2.614482 -7.232240 -19.146383 4.883911 6.418605 4.104652 -6.015057 -2.720872 -6.112676 -5.606516 3.697592 -2.033000 -8.153202 7.621662 1.194810 8.290791 -3.679824 3.623335 16.681707 8.394013 -20.008957 -12.222710 18.724823
2.294162 28.661177 -11.335311 3.377656 -5.753654 5.235426 -8.949092 2.641219 -7.275527 -19.166950 4.889430 6.386097 4.107041 -5.996771 -2.741516 -6.105467 -5.625116 3.754481 -2.094410 -8.126166 7.588255 1.180760 8.316551 -3.661213 3.617969 16.731873 8.407616 -20.017040 -12.177124 18.806175
2.282228 28.689777 -11.336204 3.370261 -5.698864 5.129964 -8.956950 2.684107 -7.272807 -19.128834 4.792490 6.600498 4.345166 -5.899395 -2.942197 -6.409340 -5.522313 3.844107 -1.939820 -8.193628 7.542263 1.182203 8.311344 -3.651315 3.596051 16.777250 8.328464 -20.081171 -12.142746 18.800476
2.333620 28.678650 -11.351013 3.380561 -5.651422 5.165148 -8.954809 2.669138 -7.288292 -19.152843 4.784322 6.617138 4.298316 -5.906392 -2.982364 -6.411401 -5.543035 3.860829 -1.956801 -8.197824 7.499340 1.120618 8.303430 -3.640202 3.646687 16.820677 8.423511 -20.068560 -12.135792 18.828060
2.359606 28.721914 -11.387870 3.478307 -5.562748 5.143373 -8.841086 2.612159 -7.240454 -19.145519 4.787492 6.599280 4.298944 -5.872431 -2.961464 -6.415056 -5.544002 3.872098 -1.960240 -8.210917 7.569451 1.138446 8.295320 -3.660181 3.606532 16.784548 8.443881 -20.040670 -12.152295 18.857599
2.316932 28.683725 -11.399549 3.480195 -5.650801 5.162699 -9.047516 2.682314 -7.178894 -19.140596 4.795686 6.632136 4.347640 -5.894496 -2.944227 -6.373121 -5.560023 3.906184 -1.945843 -8.138446 7.647825 1.185398 8.251505 -3.634050 3.572014 16.743349 8.424947 -20.010050 -12.146514 18.934975
2.326131 28.719328 -11.498437 3.546804 -5.507481 5.049820 -9.053559 2.629478 -7.076068 -19.068110 4.808362 6.642560 4.336379 -5.866463 -2.943299 -6.399211 -5.561843 3.880131 -1.938239 -8.165311 7.521656 1.111389 8.191552 -3.603665 3.637726 16.773895 8.442204 -20.105444 -12.149801 18.935051
2.253551 28.770481 -11.468320 3.485542 -5.427167 4.888170 -9.196856 2.710276 -6.985893 -19.070860 4.805258 6.497703 4.396034 -5.866540 -2.989829 -6.415383 -5.587264 3.894227 -2.040051 -8.122944 7.630613 1.103257 8.136844 -3.610926 3.553652 16.712807 8.446671 -20.138117 -12.063795 18.859661
2.335977 28.819422 -11.517964 3.793485 -5.276314 4.912716 -9.057925 2.670556 -6.884634 -19.045378 4.811680 6.590064 4.471332 -5.843975 -3.013658 -6.395843 -5.533732 3.867224 -1.999289 -8.166164 7.642798 1.087876 8.062938 -3.472902 3.604773 16.817785 8.399905 -20.140747 -11.989037 18.800705
0.701717 28.439533 -11.592710 1.939889 -7.479151 5.965059 -9.183415 2.126388 -8.954269 -18.131895 4.850270 6.346254 4.634678 -5.332406 -2.159246 -6.753682 -4.897585 3.512091 -1.521384 -9.114140 8.079029 2.341072 8.816808 -4.394472 3.138336 15.774490 7.952699 -20.074011 -13.052738 17.483070
-1.599769 27.651390 -11.650568 -0.008886 -7.835888 6.546967 -7.767725 1.305660 -10.913424 -18.192305 4.587489 3.969241 4.610922 -4.735504 -0.415841 -7.884660 -4.347375 3.212511 -0.964053 -9.704318 7.611795 4.111403 9.188300 -5.968567 2.418101 15.701232 7.384719 -20.024424 -13.311667 15.930656
-3.109193 27.597399 -11.567471 -1.296590 -6.831791 5.710635 -7.716798 1.260858 -11.803486 -18.141472 4.338109 2.154310 5.534053 -4.031917 0.263123 -8.800135 -4.178282 2.912641 -0.967224 -10.560979 7.067631 4.622540 10.774469 -6.784664 2.367590 15.906343 6.933112 -20.445765 -13.528170 13.203199
-3.943858 27.348173 -12.588580 -2.886399 -5.855465 4.598347 -8.648435 1.232711 -12.718901 -17.947853 4.134272 2.168200 6.076408 -3.395227 0.177428 -9.383584 -4.595047 3.322169 -0.887316 -11.164491 5.773403 4.587806 11.962878 -8.038148 2.657121 16.372278 6.764472 -20.933062 -14.392518 10.390198
-4.119287 26.632481 -14.005952 -5.048329 -4.950418 2.741898 -9.196012 0.304073 -13.618438 -17.633438 4.001966 1.503566 6.498294 -3.064043 0.780036 -9.187415 -4.616410 4.018544 -1.178055 -11.208080 4.289785 6.285008 11.118508 -8.697482 2.747948 16.325039 6.452120 -21.639872 -15.684578 7.916257
-4.177186 26.622759 -14.600401 -6.869459 -5.472598 2.592247 -9.069706 -0.133494 -14.349748 -17.554491 4.020959 0.921167 7.023896 -2.603472 1.348400 -9.097733 -4.035410 4.468746 -1.553274 -11.423307 4.076598 8.528853 10.930326 -9.119651 2.460716 16.291430 5.133973 -22.224386 -16.266539 5.786532
-4.219865 27.147270 -14.979005 -8.481388 -6.109942 2.595695 -8.361169 -0.746811 -15.125815 -17.430792 4.161545 0.717211 7.261538 -2.042296 1.769017 -8.926660 -3.625007 5.225286 -2.069869 -11.722196 3.359960 10.028964 11.259444 -8.831855 2.284535 17.077324 3.366951 -24.027893 -16.604662 2.953799
-4.074368 26.881952 -16.225025 -9.318542 -5.735889 1.498489 -7.770618 -1.722726 -15.365918 -17.172430 4.355359 0.613950 7.469689 -1.621467 2.284144 -8.620339 -3.227830 5.841872 -2.466636 -12.031036 1.746220 10.098900 10.741967 -9.199058 2.609566 17.400089 2.527563 -25.840532 -16.988173 1.102856
-3.181559 27.315756 -16.328016 -10.279137 -5.776188 -0.029251 -7.526363 -2.583335 -15.973952 -16.643002 4.227140 0.596005 7.342373 -1.346945 2.601050 -8.439505 -2.760814 6.706903 -2.465312 -12.228378 0.068799 11.203653 10.092429 -9.505942 2.531662 17.553318 1.698046 -26.547491 -17.445593 0.250183
-2.794762 28.326542 -16.968908 -11.052025 -6.400499 0.369927 -7.022134 -3.990962 -16.665215 -16.002813 4.250333 0.423141 6.985578 -0.972915 3.208753 -8.239658 -2.752652 7.332033 -2.495543 -12.445225 -0.485358 13.616372 9.626508 -9.186391 2.289044 17.314503 0.453474 -26.639402 -18.131002 -0.150310
-2.683728 28.741119 -16.969730 -11.733669 -6.034693 0.831416 -4.949923 -5.768660 -17.228321 -15.960105 4.320598 0.593004 6.682795 -0.642244 3.648758 -7.851297 -2.855058 7.902881 -2.582517 -12.712067 -0.801728 14.613523 10.204762 -8.032899 2.189379 16.149286 0.908950 -28.433270 -17.031273 -0.172855
-2.837452 28.870787 -17.212137 -11.861468 -3.997830 0.209797 -3.625474 -7.540203 -17.628492 -15.611166 4.606853 1.399497 6.103098 -0.647177 4.115415 -6.527462 -2.929686 8.862383 -2.921988 -12.588838 -0.752811 12.232244 11.332586 -5.705517 3.102008 15.717487 2.463017 -31.515188 -13.557611 0.418914
-2.958800 29.005314 -18.468691 -12.415334 -2.003608 -2.218729 -4.625869 -8.404204 -17.058270 -14.962481 4.582116 2.154887 6.034010 -0.198029 4.052303 -6.200950 -3.018218 9.698219 -3.137040 -12.768150 -0.794711 13.556931 11.270293 -3.706609 3.492481 16.898884 1.181195 -31.982843 -12.643614 0.981944
-3.393262 28.618073 -19.800844 -13.402495 -0.652988 -4.176058 -5.491530 -9.729256 -16.241453 -14.194399 4.448145 1.509104 5.888093 0.515922 4.213553 -6.953507 -3.664090 10.427810 -3.199573 -13.047719 -1.329997 17.316183 9.982377 -3.764544 3.916860 17.440157 -1.895802 -30.805065 -14.607541 1.258550
-3.237370 28.538462 -20.328367 -13.461729 0.049862 -4.765859 -5.919563 -10.088355 -16.036339 -14.042103 4.369346 1.203319 5.985244 0.644944 4.273089 -6.944846 -3.879889 10.446745 -3.186926 -12.986679 -1.029174 17.686007 9.871930 -3.001886 4.581565 17.733812 -1.886215 -30.408670 -14.874947 1.529423
-3.389409 28.424955 -20.652838 -12.742677 0.908411 -4.948437 -6.090963 -9.856738 -15.606542 -14.434456 4.374824 1.025080 6.071166 0.447951 4.451320 -6.567353 -4.141199 10.315699 -3.177422 -12.565137 -0.938274 17.090258 9.947431 -2.731306 4.649609 18.148813 -1.712138 -30.381334 -14.639174 1.443490
-3.599535 27.744884 -22.004606 -13.317905 1.996789 -6.730819 -6.609282 -10.829611 -15.311431 -14.278391 4.118158 0.321461 6.374845 0.977052 4.738985 -7.281928 -4.217750 10.757647 -2.973867 -12.810774 -0.740837 19.058750 9.742743 -0.951255 5.754797 18.569132 -3.411598 -29.929222 -15.477112 1.425080
-3.942359 27.406225 -21.859461 -13.200462 2.484025 -7.648151 -6.088702 -10.832101 -14.750396 -14.523645 4.005507 -0.233105 6.515670 1.084145 4.942040 -7.584741 -4.199266 10.801636 -2.934209 -13.070288 -0.751725 19.480371 9.391247 -0.507256 5.932080 18.468269 -3.550265 -30.007135 -15.217381 2.033538
