5.835501 30.939131 -5.896219 12.743317 11.940445 -1.838143 -6.468144 7.102163 -7.353199 -20.349298 3.064617 8.276598 5.233446 -8.972226 0.733446 -3.540744 -0.418936 5.291440 1.821380 -10.408760 6.260810 13.002335 -15.960984 1.891858 0.858060 22.681068 8.754984 -22.050535 -3.768228 12.713833
5.886159 30.961163 -5.873149 12.788031 11.911417 -1.844590 -6.552434 7.139400 -7.473640 -20.588053 3.096330 8.330109 5.236550 -8.945140 0.688984 -3.549098 -0.413937 5.300173 1.839382 -10.412495 6.746846 13.104230 -16.355160 1.506316 1.339997 22.881411 9.080390 -22.354635 -3.767622 12.756095
-0.540311 18.397390 2.272697 18.164465 16.977926 -7.132586 4.903033 12.982702 -12.535730 -23.317144 4.268246 8.802425 2.706686 -12.033330 -5.928470 -4.388846 1.802827 0.488814 5.225683 -4.750338 9.382983 8.291679 -20.463335 -6.309956 0.556895 26.423166 -6.187620 -15.440347 -3.889956 -1.487454
2.368335 20.049435 -0.274884 18.542124 17.043560 -9.353856 2.797534 13.356017 -12.051572 -21.965963 3.413742 8.733297 2.832021 -12.012791 -5.022783 -4.758817 0.907639 0.687257 5.302494 -5.070944 9.939432 10.595923 -18.662558 -6.130280 0.493103 27.357580 -3.657115 -14.453485 -4.028837 -0.712926
3.029998 20.591724 -0.040789 19.379637 17.411436 -10.067458 2.270070 13.365308 -10.769510 -20.801144 2.976629 8.834964 2.990321 -12.229874 -4.521948 -4.630392 0.617956 1.058306 5.412519 -4.944440 9.767905 10.960073 -17.889639 -7.823448 0.811858 28.479904 -1.228068 -13.135793 -3.975115 1.072007
3.902858 21.523537 0.286009 19.691626 16.961721 -10.665761 1.163592 13.095411 -10.074048 -19.722864 2.402939 8.643564 3.084848 -12.358006 -4.148705 -4.714655 0.752028 1.190137 5.336376 -4.719820 9.753304 10.666176 -17.495390 -8.119945 0.539502 28.772493 0.202583 -12.351675 -3.266149 2.354882
4.539411 21.677038 0.667308 19.577290 16.802397 -10.939488 0.990330 13.668841 -9.393229 -18.357733 1.876352 8.338337 3.034949 -12.430300 -3.874043 -4.889888 1.204482 1.431412 5.268897 -4.673080 10.461650 9.998316 -17.296228 -7.951777 0.548437 28.666069 1.236253 -12.356086 -1.889962 3.087853
5.015465 23.009224 1.650496 17.899742 14.993368 -11.554540 -0.022791 14.504987 -10.015695 -17.400349 1.408589 7.382395 3.319181 -12.282565 -3.433617 -5.373683 1.973754 1.609656 5.187543 -4.368709 11.495618 8.546933 -17.456182 -7.028096 0.127391 27.799307 2.502297 -11.565185 0.258996 4.578922
5.371104 23.811697 2.237920 15.497894 13.615860 -11.730559 -0.445220 16.069439 -10.118625 -16.056725 0.544580 6.208193 3.617443 -12.218111 -3.128990 -6.376523 2.561051 1.369351 5.186560 -4.829962 12.165664 6.397812 -17.416449 -6.112460 0.007195 27.132635 3.653644 -11.522992 2.290042 6.144436
6.047892 23.730530 2.754061 13.842210 12.179943 -11.642598 -1.070526 17.200920 -9.950532 -14.937870 0.137191 5.411015 3.845914 -12.245140 -2.845541 -6.598572 2.885854 1.486020 5.196230 -4.811880 12.382976 4.979963 -16.933447 -4.639291 -0.436965 26.283075 4.937497 -10.744002 3.637058 7.878440
7.071350 24.287079 2.606448 11.640606 10.892263 -12.007780 -2.335034 18.397232 -9.393712 -13.297056 -0.196179 4.479678 4.414501 -12.274946 -2.221015 -6.539771 2.949017 1.978850 5.225076 -5.053147 12.425650 3.666237 -16.313890 -3.412412 -1.129354 25.674658 6.986472 -10.263021 4.946929 8.916938
8.791182 23.056087 1.320334 10.919195 10.059076 -12.009100 -2.394714 20.157625 -8.008976 -12.198061 -0.693247 4.180030 4.587109 -12.554285 -1.738234 -6.418433 2.845753 2.378598 5.509533 -4.782191 12.553931 3.949553 -15.114130 -2.125531 -2.398489 25.703096 8.973718 -9.078172 5.748747 8.468390
11.225348 22.242407 -0.520527 11.300049 9.423995 -12.406293 -3.192272 21.300844 -6.863256 -10.825882 -1.668320 4.449574 5.767313 -12.720745 -0.641788 -5.780362 2.513818 2.560704 5.163934 -3.693293 13.317661 5.110457 -13.834262 -1.245570 -3.465824 25.717207 11.458667 -7.037721 6.108233 8.480975
12.739518 22.685482 -0.650416 11.109497 8.569837 -12.607696 -4.590954 22.057762 -6.018983 -9.725454 -1.881455 4.227983 6.820492 -12.841455 0.127857 -5.160343 2.559311 3.252857 5.052269 -3.002189 13.338452 6.633388 -12.853638 -0.211445 -4.312051 25.643900 12.818387 -6.034617 6.196931 9.281772
12.727742 22.873222 -0.670458 11.064447 8.633250 -12.476409 -4.523839 21.973125 -5.892675 -9.615685 -1.899328 4.235810 6.732266 -12.852538 0.148357 -5.219635 2.529768 3.262708 5.101183 -2.982141 13.365650 6.537644 -12.826503 -0.189202 -4.270866 25.615908 12.983338 -5.952024 6.248977 9.554280
12.883874 22.645184 -0.627728 11.125441 8.469881 -12.633359 -4.725800 22.164877 -5.901317 -9.512077 -1.880228 4.181520 6.914365 -12.879412 0.140013 -5.121505 2.560769 3.265441 5.074231 -2.916853 13.510263 6.465233 -12.784226 -0.056475 -4.392043 25.584538 13.027529 -5.691273 6.390741 9.430425
12.788528 22.779743 -0.684988 11.147869 8.588747 -12.539146 -4.606697 21.997370 -5.952608 -9.679335 -1.848341 4.220129 6.857124 -12.831451 0.162943 -5.121221 2.559860 3.328668 5.037423 -2.968549 13.322463 6.658698 -12.864169 -0.180291 -4.303025 25.654114 12.841994 -5.974771 6.193174 9.416422
12.923419 22.683523 -0.649917 11.094236 8.521578 -12.652551 -4.748303 22.181738 -5.843511 -9.354458 -1.938779 4.188627 6.926583 -12.890043 0.193188 -5.125424 2.542871 3.296730 5.097492 -2.899531 13.630341 6.444219 -12.700944 0.009715 -4.439148 25.582424 13.178611 -5.530083 6.463206 9.542414
12.792500 22.731098 -0.572832 11.064852 8.506089 -12.597673 -4.643733 22.057781 -5.920045 -9.536758 -1.857386 4.205976 6.898018 -12.880594 0.139946 -5.078752 2.583947 3.270133 5.070923 -2.926997 13.437737 6.438737 -12.778464 0.024928 -4.387283 25.550051 13.014602 -5.872204 6.405917 9.423975
12.787433 22.891466 -0.655247 11.136663 8.611353 -12.511899 -4.571756 21.995405 -6.013945 -9.669434 -1.779666 3.962705 6.563501 -12.966357 0.432715 -4.827146 2.474703 3.226314 4.934244 -2.925308 13.506998 6.824102 -14.059781 0.031894 -4.327699 25.491465 13.574555 -5.892129 6.368487 9.379702
12.905219 22.668745 -0.615321 11.115920 8.467587 -12.600604 -4.754585 22.165434 -5.905206 -9.495853 -1.792584 3.906119 6.696138 -13.022870 0.427862 -4.777160 2.488609 3.225389 4.967999 -2.823263 13.709316 6.718945 -14.037611 0.021716 -4.389969 25.483377 13.554183 -5.650587 6.496843 9.191005
10.372030 22.485115 4.554527 9.235519 6.891067 -1.805988 -8.022204 20.997919 0.909363 -9.320755 0.258666 5.673172 5.622235 -11.185059 0.628642 -2.266360 5.047055 5.005470 2.083790 -2.432639 11.664155 5.421452 -16.860777 6.756229 -6.219498 19.446720 10.711881 -4.454560 4.660158 18.112894
2.426318 25.004597 13.067594 4.161153 9.712071 6.380607 -9.955152 18.675602 2.079279 -8.168617 0.720741 7.175363 1.646771 -9.429634 -0.413774 -2.892702 7.568379 4.299373 0.163017 -4.783684 4.051657 2.066271 -23.524185 9.323746 -7.728416 14.470509 1.621454 -5.553268 -1.359487 21.217003
-0.549275 28.285843 15.446288 -0.157934 10.451332 6.650384 -11.231925 17.803350 0.243225 -7.024319 0.720936 7.019087 0.061090 -8.811378 0.006718 -3.506891 8.046270 4.905703 -0.582473 -5.841986 3.408852 -1.678339 -26.960730 9.690407 -7.599571 12.579645 3.548856 -6.198250 -0.226461 22.425413
-1.177650 28.270653 15.742871 -0.157178 11.261860 6.899467 -10.776113 17.279909 0.782245 -6.762454 0.769715 7.161301 -0.267295 -8.714972 -0.017367 -3.503911 8.168081 5.009073 -0.722978 -5.917673 3.211115 -1.666440 -27.246992 9.681754 -7.612718 12.573045 2.552142 -6.430085 -0.199783 22.444618
-1.469141 28.458706 15.765105 0.005187 11.623583 7.066663 -10.386767 16.952642 0.844622 -6.636323 0.794592 7.176372 -0.390331 -8.686674 -0.029067 -3.488043 8.178215 5.102141 -0.757314 -6.090837 2.978959 -1.806462 -27.295542 9.774684 -7.683336 12.497889 2.540645 -6.377031 -0.156806 22.725737
-1.147118 28.330948 15.785848 -0.132925 11.081095 7.030507 -10.874863 17.412951 0.823336 -6.711385 0.761212 7.138449 -0.230136 -8.701080 0.055512 -3.513181 8.204697 5.087793 -0.749540 -6.005589 3.254627 -1.716608 -27.210268 9.707110 -7.543766 12.570879 2.560816 -6.451115 -0.210990 22.588196
-0.983511 28.417822 15.735074 -0.019183 10.869730 7.020979 -10.856521 17.474745 0.704020 -6.780190 0.757818 7.063807 -0.280832 -8.744801 0.006440 -3.524173 8.226715 5.087690 -0.686052 -6.022871 3.509760 -1.699438 -27.107546 9.804735 -7.527193 12.555655 2.654689 -6.485025 0.006147 22.462021
-0.933743 28.458488 15.732458 -0.155615 10.752569 6.898650 -11.127271 17.574995 0.593331 -6.783131 0.720634 7.059124 -0.277705 -8.741790 0.062609 -3.550550 8.193768 5.022034 -0.687512 -6.006258 3.365344 -1.700054 -27.041012 9.697545 -7.619362 12.552101 3.054651 -6.204313 -0.169506 22.583384
-1.281311 28.351440 15.745435 -0.142247 11.503619 6.889722 -10.726373 17.217653 0.896298 -6.612435 0.800713 7.182464 -0.339689 -8.707186 -0.026356 -3.455469 8.196865 5.045382 -0.761577 -5.973513 3.020855 -1.709420 -27.267536 9.619466 -7.640254 12.594273 2.489130 -6.347561 -0.279744 22.576588
-1.241041 28.377369 15.768209 -0.154727 11.341558 6.898802 -10.760784 17.237181 0.762113 -6.653177 0.805129 7.180502 -0.350679 -8.702475 -0.045727 -3.525284 8.161837 5.003647 -0.702583 -5.965106 3.118517 -1.713132 -27.263109 9.652469 -7.606093 12.554480 2.495256 -6.316271 -0.321848 22.510429
-1.578064 28.309441 15.802806 -0.156336 11.650814 6.924146 -10.669412 17.006819 0.937323 -6.705424 0.787598 7.196439 -0.409346 -8.687326 0.015142 -3.469371 8.172665 4.985319 -0.809012 -6.035697 3.259744 -1.726808 -27.369604 9.723273 -7.546592 12.503444 2.440007 -6.373342 -0.167073 22.639853
-1.446287 28.275272 15.879980 -0.168080 11.442384 6.926514 -10.670602 17.170376 0.888447 -6.650720 0.813697 7.199364 -0.426751 -8.708721 -0.040489 -3.499808 8.172754 5.018115 -0.734566 -5.944908 3.165342 -1.752103 -27.398031 9.714542 -7.638092 12.496264 2.509593 -6.232986 -0.194815 22.591995
-1.078810 28.159739 15.809102 -0.111786 11.058776 6.943530 -10.927812 17.561989 0.944817 -6.719090 0.786173 7.107172 -0.202585 -8.734419 0.051037 -3.403223 8.266537 5.033545 -0.819963 -5.874738 3.547002 -1.556488 -27.184452 9.675351 -7.478133 12.628230 2.556963 -6.460207 -0.014720 22.562687
-1.209155 28.137918 15.891652 -0.156089 11.069749 6.992970 -10.880187 17.517527 0.899027 -6.721581 0.781745 7.093556 -0.168021 -8.751087 0.025862 -3.373182 8.255899 5.057636 -0.815608 -5.848512 3.804378 -1.771287 -27.242796 9.898386 -7.511490 12.455801 2.461371 -6.422664 0.109544 22.698433
-1.135224 28.108675 15.922246 -0.153110 10.841483 7.035909 -10.882358 17.645853 0.865400 -6.734406 0.791635 7.155881 -0.158179 -8.752050 0.068203 -3.372314 8.263929 5.075187 -0.818951 -5.805423 3.759013 -1.672354 -27.214346 9.724084 -7.453071 12.569920 2.711532 -6.292609 0.057449 22.679054
-1.105233 28.140224 15.889731 -0.115113 10.789441 7.076819 -10.928481 17.627239 0.856085 -6.805801 0.795757 7.154996 -0.164639 -8.759549 0.050531 -3.364701 8.273022 5.057790 -0.816720 -5.809944 3.693090 -1.617053 -27.187798 9.712039 -7.484213 12.568266 2.748641 -6.323204 0.022277 22.597534
-0.913890 28.087315 15.808114 -0.021119 10.520280 7.061719 -11.184962 17.765545 0.847485 -6.915411 0.827800 7.142893 -0.059975 -8.761888 0.040591 -3.316829 8.284300 5.062675 -0.857672 -5.791288 4.015367 -1.522937 -27.034025 9.842031 -7.498776 12.489828 2.825548 -6.274703 0.103138 22.897169
-1.592703 28.306528 15.825365 -0.044310 11.767103 7.037230 -10.544683 16.955011 1.135933 -6.659282 0.819562 7.206386 -0.417063 -8.694445 -0.022680 -3.411855 8.197031 4.948171 -0.840593 -5.954287 3.425052 -1.490179 -27.228327 9.725551 -7.593939 12.554632 2.196841 -6.267407 -0.270034 22.657913
-1.493936 28.062956 15.981845 -0.001148 11.306116 7.193510 -10.593137 17.291435 1.107260 -6.804760 0.752747 7.413881 -0.070314 -8.581458 -0.137746 -3.617980 8.342510 5.121483 -0.817175 -5.880157 3.473044 -1.978158 -26.199102 9.779769 -7.548147 12.484556 2.031337 -6.375283 0.030234 23.090649
