3.355536 29.875210 -6.405901 12.369492 9.568438 -4.283399 -3.152947 6.747665 -2.499055 -20.708965 2.556991 2.766536 3.847857 -9.322572 -3.418020 -4.985068 -4.174064 8.711509 -3.167751 -6.807099 4.049710 6.452876 7.316481 1.619684 2.194447 23.661686 -0.962439 -24.013983 -4.441606 20.011194
3.476537 29.992783 -6.155617 12.229015 9.775440 -4.402227 -3.213683 6.771285 -2.650412 -21.162691 2.643106 2.585126 3.675925 -9.456587 -3.396508 -4.812147 -4.297101 8.744405 -3.300488 -6.644762 4.373436 6.449836 7.339504 1.251524 2.662317 23.845215 -0.892118 -24.312653 -4.500526 20.120861
1.823032 28.919224 -4.040097 12.060285 11.547905 -2.613295 -1.996577 6.826481 -0.842980 -20.054003 2.881029 3.011203 3.390246 -9.341900 -4.112140 -4.847003 -3.636149 8.324835 -3.414680 -6.054720 2.515135 6.220203 6.270912 1.436593 1.451358 23.242214 -3.280960 -22.132635 -5.882170 20.676109
1.499850 27.766771 -2.558943 13.196356 12.750353 -2.204317 -0.470133 7.516815 0.104127 -19.085686 3.156265 3.209899 3.178902 -9.609890 -4.429911 -4.233939 -3.105276 8.697066 -3.407232 -5.522167 2.172457 5.771122 5.684654 0.973407 0.781770 23.459339 -4.387302 -20.099874 -6.254540 21.366505
0.582657 26.247442 -0.510712 13.552437 14.288661 -1.263569 1.193882 8.637721 1.494943 -17.728783 3.443610 3.448451 2.719271 -9.789503 -4.793087 -3.850994 -2.540326 8.726950 -3.430615 -4.945205 1.193956 5.200028 4.745168 0.260556 0.043466 23.487921 -6.054348 -18.045279 -6.918254 21.902859
0.132327 24.886995 0.864353 14.587205 15.167974 -1.258213 2.171411 9.424993 2.026616 -17.529785 3.705856 3.486427 2.381733 -9.997221 -5.258810 -3.610890 -1.911508 8.810836 -3.403569 -4.555073 1.293447 5.230716 4.295444 -0.397196 -0.184781 23.724733 -7.061033 -16.655262 -7.129899 21.640347
-0.168710 23.926836 1.713261 15.612010 15.900369 -1.423209 3.008982 9.885007 2.294932 -17.484823 3.899104 3.583454 2.216923 -10.093971 -5.448793 -3.204778 -1.419844 9.044625 -3.508733 -4.382412 1.205036 4.925430 3.797238 -1.410372 0.157056 23.998970 -7.781710 -16.164747 -7.822611 21.810375
-0.502289 23.166162 2.620575 16.407473 16.309984 -1.563712 3.460667 10.230597 2.239565 -17.738340 4.074319 3.322299 2.055676 -10.180981 -5.699781 -3.083782 -0.956879 9.327126 -3.332588 -4.343634 1.282516 4.792706 3.605372 -2.298245 0.527706 24.374681 -8.179347 -15.696519 -8.073873 21.718151
-0.828488 22.799862 3.197147 16.916975 16.824295 -1.804205 3.924627 10.309173 2.265882 -17.631008 3.903760 3.177078 1.892413 -10.307184 -5.770386 -3.161629 -0.691615 9.470895 -3.262130 -4.443707 1.117678 4.279478 3.196194 -2.871327 0.755368 24.422102 -8.637919 -15.711253 -8.103911 21.847326
-1.229090 22.866625 3.743217 17.461863 16.986948 -2.570601 3.674523 10.133581 1.753439 -18.063818 4.053947 3.204345 1.614830 -10.437059 -6.046925 -3.166141 -0.613452 9.516319 -3.115170 -4.388607 1.353866 3.729790 2.772910 -3.922313 1.500521 24.614645 -8.937041 -15.420255 -8.461886 22.289776
-1.893646 23.170677 4.587546 17.660482 17.235346 -3.157318 3.523943 9.806352 1.263004 -18.241095 4.131338 3.233541 1.192431 -10.529024 -6.272890 -3.186188 -0.555053 9.546000 -2.982203 -4.423800 1.329208 3.259653 2.183861 -5.217975 2.390431 24.879297 -9.597472 -15.668359 -8.855841 22.180912
-2.784108 24.155205 5.160172 17.654818 17.150507 -3.985710 3.196097 8.975636 0.022786 -18.955816 4.118754 3.368474 0.665044 -10.675228 -6.644498 -3.368123 -0.500766 9.327719 -2.783449 -4.297663 0.966779 2.905736 1.756512 -6.130605 2.961807 25.126534 -10.010172 -16.001242 -9.134260 22.174839
-3.505165 25.110615 5.535781 17.411535 17.088842 -4.897473 2.684887 8.362677 -1.117454 -19.363050 4.266967 3.455922 0.363119 -10.789257 -6.972576 -3.426201 -0.528112 9.089629 -2.615418 -4.175930 0.716049 2.746096 1.310131 -6.509761 3.167836 25.087658 -10.844479 -16.349009 -9.292627 21.512136
-4.240713 26.263664 5.990380 16.760822 16.977064 -5.095424 2.401382 7.596965 -1.900519 -19.572104 4.148572 3.675861 -0.323754 -10.899424 -7.372579 -3.831251 -0.609944 8.692997 -2.367829 -4.073337 0.432873 2.275103 0.824945 -6.617715 3.277591 24.924110 -11.406569 -17.263464 -9.003324 20.895443
-4.750766 27.448231 6.332226 16.006157 16.644253 -5.141341 2.025045 6.673038 -3.131015 -20.029652 4.442207 3.611697 -0.726595 -10.994883 -7.539661 -3.830626 -0.885687 8.432403 -2.163738 -3.900991 0.509673 1.814766 0.493196 -6.229128 3.609787 24.421898 -12.136117 -18.475748 -8.691751 20.416113
-5.034784 28.232887 6.585223 15.277647 15.961641 -4.785091 1.905174 6.143132 -3.492696 -20.077290 4.595862 3.820545 -0.979122 -10.914682 -7.825243 -4.167474 -1.241856 8.027484 -1.990066 -3.839930 0.689771 1.294995 0.278851 -5.932753 4.050529 23.967064 -12.337367 -19.985575 -8.571178 20.121956
-5.011583 29.738728 6.433721 14.308710 15.421578 -4.739377 1.410180 5.670599 -4.154548 -19.935673 4.666432 3.759917 -1.464833 -10.831358 -7.958475 -4.736995 -1.642745 7.782979 -1.622195 -4.031660 1.119638 0.705778 0.240765 -5.154420 4.428479 23.319811 -12.837453 -21.801897 -8.052361 19.303019
-5.209484 30.929859 6.171043 13.609238 15.012016 -4.561876 1.158798 4.915677 -4.612588 -19.904997 4.869148 3.768454 -1.624940 -10.666890 -7.955912 -4.989993 -1.934658 7.682981 -1.459401 -4.304585 1.048781 -0.229846 0.318144 -4.572471 4.948480 22.722132 -12.660392 -23.615150 -7.594398 19.460453
-5.248943 31.689926 5.665934 12.908694 14.744385 -4.238258 0.734969 4.450674 -4.687239 -19.834501 5.256701 3.522832 -1.700567 -10.415583 -8.032895 -5.361197 -2.179476 7.656000 -1.206435 -4.760097 1.327774 -0.617205 0.591963 -3.708465 5.313213 22.096209 -12.218379 -24.910849 -7.172692 19.694378
-5.068380 32.658810 5.146152 12.676628 14.530073 -3.719484 0.366093 3.843698 -4.798932 -19.795040 5.564938 3.350388 -1.796955 -10.342661 -7.855446 -5.349009 -2.402859 7.568025 -1.208667 -4.818933 1.390301 -0.830787 0.691715 -3.378483 5.692639 21.862438 -12.223182 -25.762653 -7.142059 20.084732
-5.214512 32.677902 5.077878 12.683941 14.591894 -3.581412 0.301436 3.640350 -4.898752 -19.948008 5.563664 3.400473 -1.794655 -10.277056 -7.768508 -5.342087 -2.409228 7.583097 -1.271607 -4.864441 1.443311 -0.920586 0.806427 -3.546034 5.997766 21.869627 -12.043284 -26.223692 -6.960575 19.995110
-5.205839 32.647358 5.076430 12.746166 14.596556 -3.633580 0.274349 3.651377 -4.911663 -19.986151 5.541860 3.365893 -1.763309 -10.273993 -7.751607 -5.365527 -2.417595 7.585478 -1.248505 -4.868113 1.385472 -0.825325 0.719402 -3.633800 5.942098 21.951391 -12.178406 -25.973768 -7.102724 20.020550
-3.348463 31.071949 6.343970 14.490021 13.970531 -7.547884 2.124409 6.701947 -6.540521 -18.296431 4.009990 3.043090 -1.563477 -11.697364 -8.103729 -5.172011 -1.563748 7.296358 -0.649922 -2.843769 1.973991 -0.963967 0.676073 -5.450646 3.674504 23.668089 -13.026902 -20.842909 -6.735978 17.087162
-1.411594 27.123922 5.975235 17.032675 15.494020 -8.288809 3.454818 9.704427 -4.291051 -16.441576 2.879496 2.537574 -1.136168 -12.406214 -7.656365 -4.922887 -0.960707 7.830526 -0.367697 -2.026801 3.084080 -1.217551 2.057464 -6.557640 2.234102 25.284117 -10.840364 -16.402555 -4.583135 17.260712
-0.599921 25.613110 6.156365 15.186361 14.284847 -7.734436 3.640762 12.091884 -3.163597 -14.746208 2.028307 1.841632 -0.504080 -12.497587 -6.821874 -5.165918 -0.684525 8.021091 -0.360043 -1.706691 4.354908 -1.628080 2.837481 -5.197382 1.235835 25.058359 -9.479993 -15.169567 -2.824507 17.838839
-0.055578 24.843250 6.455112 11.143921 12.236242 -6.885920 3.450576 14.837715 -3.217376 -13.683933 1.405069 1.128903 -0.097675 -12.041391 -5.962683 -5.661701 -0.413008 8.057845 -0.761876 -1.804946 5.349548 -1.664816 4.004621 -3.007256 -0.063536 24.419683 -8.252360 -14.570430 -1.390359 17.704334
1.111202 25.316032 6.153063 8.371241 9.718203 -5.483838 0.948588 16.071604 -2.501364 -13.047623 0.913952 1.151166 -0.126067 -11.733016 -5.052980 -6.005636 -0.755516 8.196724 -1.077926 -2.105157 6.209845 -2.079054 4.346532 -0.685053 -0.132180 23.256649 -6.861144 -14.997043 -0.080038 19.579805
3.074812 25.914400 4.150908 7.297706 9.326806 -8.435716 -0.606538 17.269264 -1.855440 -10.502068 -0.373617 0.654092 -0.230460 -12.213259 -4.834149 -6.788095 -1.395585 7.635859 -0.703772 -2.237185 5.629086 -2.690991 5.921489 -0.933298 -2.109019 24.030039 -3.645499 -13.862447 1.663935 18.121611
5.456429 26.486141 2.458765 7.113204 8.319228 -10.436185 -2.509502 18.856119 -0.559754 -8.492738 -1.431634 0.194509 0.179134 -12.629924 -4.275588 -6.829611 -1.769347 7.753776 -0.509301 -2.491944 5.133054 -2.581982 7.434925 -0.240178 -3.782391 24.798635 -0.344637 -12.240268 3.563751 17.916584
5.431325 26.495344 2.548632 7.040197 8.386742 -10.330226 -2.348250 18.855579 -0.584139 -8.426583 -1.511402 0.139808 0.202327 -12.643027 -4.263936 -6.884717 -1.747273 7.719540 -0.504291 -2.489956 5.053298 -2.684384 7.455196 -0.265274 -3.775268 24.861500 -0.484264 -12.369562 3.390494 17.605434
5.405234 26.511724 2.475288 6.992313 8.393762 -10.434042 -2.390212 18.805197 -0.704650 -8.535212 -1.512567 0.180464 0.137230 -12.651341 -4.306407 -6.916286 -1.751195 7.686094 -0.496935 -2.457972 5.085707 -2.717825 7.444958 -0.221302 -3.868768 24.798002 -0.529253 -12.313782 3.447469 17.618996
5.349190 26.485893 2.525262 7.052135 8.504953 -10.441304 -2.264667 18.774977 -0.685719 -8.536678 -1.518335 0.160586 0.166333 -12.638376 -4.317125 -6.951814 -1.785178 7.657859 -0.489569 -2.513383 5.157619 -2.754199 7.371912 -0.301433 -3.801826 24.795374 -0.639852 -12.314916 3.409411 17.664701
5.563183 26.444948 2.441148 7.075668 8.360299 -10.436110 -2.451298 19.033409 -0.588598 -8.332896 -1.504733 0.085213 0.268358 -12.675766 -4.247893 -6.869837 -1.775445 7.721660 -0.473256 -2.492180 4.928662 -2.474405 7.512733 -0.345833 -3.987560 24.964094 -0.359637 -12.105278 3.353489 17.701982
5.540928 26.458946 2.530124 7.109041 8.362545 -10.322995 -2.353340 18.942842 -0.546998 -8.366962 -1.506754 0.137596 0.165248 -12.648835 -4.256962 -6.883052 -1.709831 7.725665 -0.495827 -2.479079 5.042239 -2.626265 7.457325 -0.313031 -3.789626 24.858004 -0.460425 -12.361720 3.400541 17.703167
5.435740 26.511879 2.494552 7.016270 8.428398 -10.376094 -2.350348 18.874624 -0.620784 -8.405247 -1.534995 0.150707 0.199648 -12.647676 -4.240733 -6.923605 -1.800904 7.717854 -0.480532 -2.541016 5.095193 -2.619948 7.448996 -0.315771 -3.800284 24.882421 -0.518904 -12.381846 3.424228 17.507812
5.396440 26.514484 2.427647 7.005625 8.459091 -10.427981 -2.357317 18.786066 -0.682594 -8.512384 -1.500322 0.179833 0.126220 -12.653112 -4.316136 -6.934435 -1.761264 7.693954 -0.477165 -2.481167 5.048770 -2.655771 7.446578 -0.261016 -3.866158 24.863354 -0.534300 -12.331660 3.414795 17.588989
5.356865 26.478214 2.546036 7.067633 8.486553 -10.439458 -2.268411 18.820751 -0.670546 -8.515622 -1.489165 0.199410 0.179479 -12.639170 -4.324163 -6.936229 -1.776109 7.664085 -0.489964 -2.501485 5.096251 -2.633300 7.374761 -0.363520 -3.818791 24.822001 -0.670835 -12.377126 3.391916 17.618210
5.229322 26.320045 2.612929 6.982814 8.447910 -10.611920 -2.278061 18.804457 -0.797710 -8.599938 -1.565089 0.348524 0.185317 -12.577306 -4.511774 -7.156532 -1.698334 7.618598 -0.403901 -2.488213 5.151105 -2.590029 7.326106 -0.478427 -3.852664 24.923107 -0.822150 -12.232768 3.329796 17.445198
5.328686 26.523991 2.503570 6.991547 8.436996 -10.500848 -2.364360 18.804144 -0.660034 -8.522762 -1.563666 0.284398 0.315067 -12.570335 -4.399531 -7.088868 -1.716281 7.751010 -0.420834 -2.530159 5.025935 -2.604664 7.358095 -0.276615 -3.931112 24.825937 -0.544622 -12.282285 3.438286 17.639801
5.567768 26.451069 2.383586 6.953125 8.376192 -10.481318 -2.433504 19.024008 -0.534416 -8.300681 -1.600938 0.131056 0.419924 -12.563305 -4.284642 -7.067722 -1.723154 7.765752 -0.422027 -2.607443 4.973064 -2.487051 7.436690 -0.313061 -4.002537 24.931900 -0.318455 -12.180917 3.449739 17.747644
5.551909 26.432907 2.447637 6.945431 8.245228 -10.520370 -2.478302 19.049940 -0.463339 -8.290879 -1.603106 0.281889 0.591486 -12.450071 -4.442520 -7.234753 -1.637495 7.817947 -0.392504 -2.620847 4.986661 -2.537804 7.428676 -0.268973 -3.952850 24.885740 -0.183852 -12.062901 3.468175 17.909790
5.608582 26.429991 2.355011 6.863697 8.190444 -10.572827 -2.567195 19.078730 -0.451821 -8.329565 -1.629466 0.290867 0.507035 -12.502066 -4.473506 -7.253459 -1.710474 7.775312 -0.356231 -2.652213 4.959307 -2.503140 7.425959 -0.256779 -3.961020 24.971790 -0.379819 -12.160686 3.421844 17.571611
7.619527 24.663319 1.479129 7.238344 7.701652 -9.998803 -2.668136 20.564507 1.108825 -7.261377 -2.222736 -0.837238 1.705237 -12.577764 -3.326684 -6.713916 -1.299844 7.867453 -0.642029 -1.249745 5.611208 -0.967093 8.775578 1.554456 -5.858482 24.892467 1.299847 -9.212846 4.277559 17.422361
10.018493 22.903194 1.785241 7.701754 5.272992 -8.686371 -3.320824 23.088148 2.693455 -6.837060 -2.582529 -1.200770 3.445688 -12.215935 -2.653898 -6.688887 -0.804498 8.072540 -1.073180 0.306856 7.875391 0.558314 9.721335 2.863283 -6.807970 24.660326 1.810311 -5.648782 3.961757 18.580547
11.327944 22.881912 2.686302 7.936513 3.138117 -8.277186 -4.003987 24.661736 2.873344 -6.734018 -2.451554 -0.997334 4.674421 -11.974236 -3.228303 -6.671351 0.239960 8.175291 -1.449643 1.293776 10.538748 0.979226 9.662101 5.079699 -7.338793 23.437202 1.091269 -2.034263 4.107615 22.078526
10.778001 22.060040 5.076931 8.402451 2.188837 -6.780166 -3.676260 25.058611 3.039125 -6.594342 -2.149341 -1.885587 4.768872 -12.053742 -3.078093 -5.960296 1.282496 8.335775 -1.770666 1.781417 12.168391 0.507859 8.873666 6.768287 -7.293424 22.252483 0.030800 -0.878742 5.572299 24.572800
10.311278 19.319942 6.025732 9.313590 1.307593 -5.689294 -2.871290 25.017994 3.802893 -7.293209 -2.054731 -2.253732 5.535082 -12.003958 -2.957729 -5.109476 2.460708 8.337458 -2.465459 2.347778 13.982780 -0.417875 8.369271 8.474611 -7.034384 21.219339 -1.145477 -1.607921 7.948774 25.212360
10.965039 16.883787 5.667641 9.631630 -1.150433 -4.761388 -2.644098 26.377941 3.449612 -8.654799 -1.893090 -2.223010 6.858779 -11.478802 -3.208977 -4.620207 3.077308 7.721678 -3.384556 2.146287 16.372154 -0.757203 8.786332 9.882274 -6.807704 20.381422 -1.966581 -3.547067 10.395617 23.157829
11.620149 14.471664 4.896049 9.626066 -3.584406 -3.904383 -2.513423 27.973637 3.352804 -10.340926 -1.414489 -2.514875 8.426286 -11.234849 -3.491707 -4.107311 3.099231 6.687299 -4.533008 1.920355 19.289827 0.877057 9.417387 11.606854 -7.464468 19.706427 -3.989521 -4.980481 12.072591 21.259872
11.842656 11.502025 5.221588 10.301385 -5.623867 -2.353983 -1.949434 30.244719 3.085807 -12.397820 -1.166207 -2.698265 9.682551 -10.941029 -3.995032 -3.592069 3.202911 5.016106 -5.753795 1.581725 22.062685 6.680398 10.423734 12.159612 -8.985768 20.149458 -7.696944 -5.207353 12.196351 18.765953
11.321782 9.487826 6.847863 10.620300 -7.474586 1.632480 -1.052269 31.859037 3.483221 -13.810520 -1.026295 -3.178936 10.170357 -10.789541 -4.923686 -3.512095 3.496444 2.976964 -6.861454 0.276983 23.463930 9.973085 9.298697 12.921151 -10.938488 19.611523 -13.004169 -4.863146 12.014641 18.289347
10.487232 8.354527 9.383525 10.822483 -8.763827 6.080223 1.476424 32.775009 3.870369 -13.533216 -1.224415 -3.892462 9.368610 -10.884319 -5.970691 -4.067563 4.072132 1.573054 -7.171407 -1.104955 23.733812 11.768700 7.599974 14.532157 -13.379715 17.950409 -18.503481 -6.467825 13.726403 17.498032
9.727372 7.598338 11.188657 12.125744 -8.396067 8.350512 4.657336 33.065823 3.668071 -13.353752 -1.489576 -4.446301 8.358704 -11.463076 -6.432888 -3.997627 4.326476 0.751611 -7.250516 -1.404406 22.671564 11.630892 6.900844 14.713481 -15.006454 17.578144 -20.482388 -7.302201 15.470649 15.839656
8.996637 8.299818 11.053720 12.026863 -6.670649 6.686841 5.110042 32.520763 3.275144 -13.757226 -1.414650 -3.464821 8.127965 -11.462879 -6.926545 -4.356076 4.180947 0.746140 -7.080834 -1.307596 22.576178 10.330796 6.720868 14.072841 -13.886118 18.630577 -20.390627 -7.397989 14.088293 16.224371
9.200658 8.954372 9.615373 12.023352 -5.726348 4.556392 4.025612 32.142082 2.888650 -14.323782 -1.177372 -2.557351 8.320114 -11.544653 -6.506979 -3.623758 3.776245 1.635243 -6.792426 -0.423269 23.053545 10.617397 7.656772 13.630814 -12.496683 20.019068 -18.957346 -6.827680 12.982025 16.194996
9.411338 9.680359 8.505195 11.997901 -4.373919 2.654091 3.327252 31.785671 2.801027 -14.731267 -1.318275 -1.578739 7.905282 -11.715095 -6.283323 -3.719559 3.111346 2.325162 -6.102844 0.438379 22.900225 10.364015 8.521226 12.804328 -11.446146 21.408396 -17.102976 -6.217580 11.658634 15.131345
9.752254 9.518742 8.397415 11.902760 -4.460318 1.847332 3.096285 32.165131 2.499717 -14.567258 -1.383310 -1.811265 7.956365 -11.891140 -5.975017 -3.677036 2.939866 2.513079 -5.830163 0.986157 23.049870 10.171394 8.701049 12.592871 -11.119894 21.820805 -16.520876 -5.913586 11.864716 14.502603
9.582732 10.196528 7.906538 11.313822 -4.330223 2.211770 2.379034 31.591215 2.613572 -14.588138 -1.371286 -1.384414 7.700505 -11.529598 -5.758997 -3.769970 3.095782 3.062858 -5.973155 0.595977 22.182341 9.591326 8.679300 12.849243 -10.946075 21.437002 -15.850053 -5.858558 11.286813 15.360239
7.979671 10.000585 10.160526 11.944184 -3.580855 3.997286 5.125330 31.376688 2.608117 -14.454315 -1.295287 -1.200135 6.987365 -11.991771 -6.583997 -3.698101 3.377792 2.372583 -6.177529 0.258862 21.744583 9.342409 7.615406 13.109439 -11.785568 21.075159 -18.977587 -6.941125 11.730678 15.831277
7.134366 10.399141 13.635807 11.957560 -4.794618 5.284225 6.560698 32.969650 2.505861 -11.285943 -1.726913 -1.381450 5.762081 -12.365917 -7.859624 -4.155139 3.784250 0.899675 -6.380695 -0.509269 21.467760 5.456733 5.730444 13.528438 -13.446137 19.705858 -19.861668 -6.395969 14.568941 15.607823
