5.916405 30.920586 -5.880580 12.772487 11.977242 -1.730534 -6.443085 7.140246 -7.222666 -20.291346 3.698981 -1.290245 -0.260998 -11.315195 0.672713 -0.089301 -5.332895 7.685275 -4.926189 -5.637955 -2.807887 15.794933 -15.001944 15.350701 -15.195886 18.848024 10.588214 -13.258534 0.037737 8.743481
6.032115 30.931826 -5.678249 12.685297 12.198792 -1.758042 -6.360234 7.204736 -7.185685 -20.528040 3.721059 -1.339723 -0.272718 -11.333640 0.588955 -0.087806 -5.406421 7.691409 -5.013130 -5.523018 -2.811560 15.950315 -15.402158 15.378552 -15.233521 18.856384 10.613516 -13.257563 0.030120 8.503991
6.364182 30.998413 -9.516923 6.601078 15.850552 -5.292855 -3.630234 2.821256 -9.959274 -21.150602 4.392698 -0.106262 -2.828293 -7.335203 1.654489 -2.358504 -9.048454 9.191175 -4.427031 -6.707229 -9.867925 11.495794 -13.836681 13.066434 -11.516845 19.454451 17.595936 -13.821365 -4.299878 4.345447
6.496325 30.534254 -8.402585 6.812839 14.832202 -3.759156 -2.629482 2.122840 -10.145631 -21.635080 4.665959 0.283232 -2.534510 -7.268788 1.451086 -1.815809 -8.824091 8.887706 -4.885535 -6.435829 -9.187270 11.842161 -14.376171 13.060002 -11.332447 18.358402 17.027493 -13.061288 -4.633901 5.369073
6.397817 31.450745 -7.607084 5.837898 13.778162 -2.134029 -2.611710 1.590505 -10.363223 -22.140451 5.138757 0.816558 -2.947343 -7.273347 0.913409 -1.665314 -8.805193 8.200374 -5.281811 -6.701468 -8.920746 11.298990 -14.828353 13.265795 -11.304132 16.839106 17.539812 -12.952793 -5.754294 6.235809
6.118268 31.803808 -7.752971 5.291732 12.238314 -1.503712 -4.028929 1.941653 -10.594543 -21.521868 5.337250 0.959013 -3.276939 -7.660931 0.486218 -1.794264 -8.611992 7.661595 -5.340334 -6.738280 -7.596776 11.846569 -14.947211 13.647527 -11.707971 15.461824 17.647354 -12.415689 -6.922854 7.700986
5.868147 32.353771 -7.801616 4.629943 11.484972 -1.474863 -4.698785 1.908648 -10.879878 -20.917953 5.331694 0.863173 -3.587247 -7.874157 0.303558 -2.026945 -8.527113 7.409605 -5.269797 -6.822546 -7.614466 12.109317 -14.812228 13.235993 -11.998381 15.187031 18.049177 -12.148863 -7.274747 8.175162
6.167891 32.800949 -7.742620 4.314768 9.428320 -0.346891 -4.659434 1.886218 -11.588475 -20.476908 5.137701 0.302298 -3.558450 -8.037769 0.107373 -2.628479 -8.186234 6.843427 -5.097839 -7.320044 -6.814368 12.960203 -14.459627 12.533374 -12.709372 15.773748 17.929583 -11.584853 -7.085143 7.825848
6.738176 32.539711 -8.291796 4.537917 7.212864 1.356778 -4.502726 1.506193 -11.895308 -20.449265 4.926746 -0.668052 -2.834298 -8.106349 0.274278 -2.855379 -7.736091 6.244435 -5.109169 -7.801216 -5.832267 13.723636 -13.703000 10.854241 -13.881585 16.426512 17.850943 -10.668984 -6.417287 6.425313
6.250455 32.203049 -8.521450 4.402172 6.514741 2.434222 -3.935946 0.990960 -12.411130 -20.406258 5.108494 -1.001911 -1.770403 -7.748859 0.501437 -2.896117 -7.318043 5.142943 -5.245414 -8.034714 -5.323047 14.279836 -13.440963 10.385218 -14.042117 16.556931 17.587744 -10.696652 -6.241588 4.640309
5.933429 31.692741 -8.925235 4.992130 5.600872 4.305173 -3.406763 0.330394 -12.647017 -20.337305 5.362415 -0.775471 -1.415421 -7.480114 0.938795 -2.703879 -7.257661 5.001323 -5.197398 -8.028291 -4.940958 13.956612 -12.986026 10.073874 -13.722062 16.088837 17.988821 -10.415709 -7.171197 3.071386
4.697196 31.602749 -8.806628 4.399162 4.722581 5.276130 -3.051846 0.592897 -13.840707 -20.030329 5.762325 -0.162179 -0.728734 -6.979314 1.523660 -2.326655 -7.058178 4.655712 -5.125148 -8.077599 -4.804757 14.927792 -12.885297 9.933471 -13.728228 15.975238 17.623186 -10.027583 -7.909397 2.414736
3.164610 31.625570 -9.264034 3.935241 4.771382 4.750589 -3.422170 0.865453 -14.779731 -19.214005 5.733977 0.876346 -0.969679 -7.014152 2.107278 -1.757238 -7.105917 5.320805 -4.475040 -7.824737 -4.331502 16.385712 -13.164946 9.566222 -14.207772 14.848158 16.946608 -9.567002 -8.845753 2.845406
2.332393 32.169586 -10.376335 4.149197 3.782273 5.487405 -3.285812 -0.376170 -15.714242 -17.940498 5.873444 1.259804 -0.773575 -6.874454 2.814824 -1.457350 -7.012078 5.274416 -4.114073 -8.094698 -4.329958 17.470272 -12.945512 8.322309 -15.342505 14.040717 16.721243 -9.645541 -9.165599 3.436993
2.221950 32.107983 -10.471927 4.121586 3.111099 6.109364 -3.101829 -0.650095 -16.066763 -17.728199 5.844328 1.085371 -0.714581 -6.821846 3.073065 -1.473791 -6.823078 5.201515 -3.997616 -8.324810 -4.354321 17.848440 -13.359943 7.986017 -15.495159 13.809232 16.817015 -9.378071 -9.640876 3.225874
2.303984 32.044312 -10.612733 4.186757 3.079467 6.135050 -3.334121 -0.669717 -15.883689 -17.670649 5.846869 1.135456 -0.778544 -6.837719 3.001687 -1.494121 -6.851517 5.194279 -3.993968 -8.294634 -4.346944 17.595446 -13.266486 8.084736 -15.477370 13.842944 16.990784 -9.521633 -9.387753 3.379534
2.309182 32.024738 -10.661757 4.293570 3.121572 6.133686 -3.203067 -0.746449 -15.866440 -17.703611 5.829696 1.047620 -0.709071 -6.852511 3.073249 -1.472735 -6.799114 5.189919 -4.010807 -8.374784 -4.316588 17.548662 -12.928232 7.995542 -15.504984 13.799278 16.826426 -9.506902 -9.423880 3.497136
2.256214 32.073135 -10.750875 4.288430 3.001901 6.206062 -3.200977 -0.817963 -15.936238 -17.612513 5.840747 1.024448 -0.699570 -6.872650 3.030676 -1.478735 -6.818924 5.142107 -4.051139 -8.356413 -4.211705 17.579166 -12.941239 7.980370 -15.455934 13.779211 16.866842 -9.430425 -9.467426 3.569805
2.276977 32.064056 -10.625194 4.239975 3.035758 6.158641 -3.146516 -0.746481 -15.977857 -17.677397 5.829593 1.025017 -0.704695 -6.859027 3.043370 -1.494018 -6.812248 5.191836 -4.029799 -8.345786 -4.374934 17.742962 -12.917603 7.973812 -15.496443 13.825402 16.722710 -9.411107 -9.596395 3.511899
2.260339 32.223644 -10.710554 4.300923 2.822265 6.274901 -3.221948 -0.887932 -16.080149 -17.469303 5.848519 0.983966 -0.687380 -6.860980 3.088630 -1.480526 -6.817237 5.146548 -4.015526 -8.403958 -4.240945 17.381153 -13.257203 8.001881 -15.563363 13.719310 16.967558 -9.730447 -9.197496 3.177561
2.183828 31.942013 -10.661652 4.278057 2.959962 6.101686 -3.573778 -0.673994 -15.874307 -17.574671 5.864844 1.026054 -0.790938 -6.860656 3.022849 -1.501448 -6.867533 5.142878 -4.032056 -8.333061 -4.379905 17.334639 -13.361794 8.039166 -15.461021 13.783365 17.134651 -9.482639 -9.373219 3.515716
2.176328 31.852005 -10.729093 4.325985 2.898901 6.192043 -3.523721 -0.709449 -15.895131 -17.583498 5.853826 1.053015 -0.785797 -6.866193 3.006214 -1.500625 -6.859979 5.141908 -4.021740 -8.339586 -4.383697 17.373360 -13.367021 8.036315 -15.464679 13.802199 17.077784 -9.494560 -9.386892 3.415118
-1.558653 26.374001 -9.729013 -3.134956 -5.315550 5.817432 -16.156469 4.605072 -13.982260 -18.785639 5.252975 -3.736791 3.738915 -6.262921 4.272724 -3.229855 -5.398767 1.724880 -3.884359 -8.169614 2.331161 17.749485 -11.605430 10.403094 -16.021051 11.647444 12.711682 -8.988921 -9.452929 0.568996
-1.059968 17.278976 -12.451851 0.056960 -7.503635 8.553820 -21.474152 10.170990 -11.213208 -22.055840 6.527514 -5.235914 7.600792 -5.349226 5.550778 -1.970786 -3.708845 0.798181 -5.503956 -5.730988 6.709257 16.933870 -9.535000 11.776800 -16.518229 7.538483 10.529374 -10.231801 -10.822151 -2.985757
-3.867725 16.308987 -10.144916 -2.336550 -11.354859 10.118396 -17.152428 12.057035 -10.112411 -24.642912 7.116209 -2.078668 8.147404 -4.585667 5.660326 -1.260096 -3.529511 3.171223 -5.227459 -7.011324 4.769622 17.776678 -8.066735 10.553140 -15.565035 8.160872 10.013974 -11.089831 -12.612307 -5.548015
-4.863992 15.317511 -10.346950 -2.472280 -9.411710 10.057276 -14.868360 11.357280 -9.489165 -25.803865 7.434148 -1.046523 7.677072 -3.945526 5.609328 -1.144982 -3.796263 3.784060 -5.423069 -7.271147 3.530002 17.692202 -7.961073 9.579339 -15.274351 7.769514 10.771038 -11.127601 -13.849938 -6.326574
-4.714715 15.222828 -10.378890 -2.221888 -9.319084 9.894756 -14.790454 11.216399 -9.338817 -25.670641 7.394808 -1.081386 7.692214 -3.959494 5.634685 -1.084284 -3.797695 3.787280 -5.429659 -7.263418 3.630575 17.591635 -7.916808 9.564794 -15.173223 7.614689 10.826040 -10.826918 -14.002462 -6.095066
-4.730615 15.234524 -10.384075 -2.310211 -9.497337 10.144373 -15.044359 11.311215 -9.364648 -25.657503 7.401743 -0.989889 7.663771 -3.975679 5.581953 -1.086980 -3.801961 3.729669 -5.396024 -7.175706 3.524099 17.655739 -7.981517 9.551348 -15.072987 7.695456 10.816680 -10.654525 -14.150133 -5.839756
-4.679903 15.195681 -10.370610 -2.188901 -9.251707 9.997556 -14.790999 11.371070 -9.494127 -25.660769 7.425867 -0.974514 7.698369 -3.873262 5.609694 -1.046958 -3.809634 3.740290 -5.456960 -7.179361 3.626702 17.655703 -7.925551 9.610400 -15.139735 7.458766 10.832373 -10.851277 -14.117773 -6.049911
-4.671769 15.117918 -10.340360 -2.249335 -9.029931 9.756822 -14.707240 11.448236 -9.477889 -25.746933 7.429871 -1.055226 7.773434 -3.898833 5.608127 -1.017911 -3.790630 3.809118 -5.529827 -7.213228 3.625821 17.509850 -7.984081 9.633306 -15.128222 7.625817 10.875006 -10.827672 -13.976932 -6.063142
-4.591759 15.282981 -10.502910 -2.240829 -9.213385 9.913554 -14.538336 11.153663 -9.525739 -25.619886 7.458213 -1.011392 7.773915 -3.815303 5.652524 -1.013289 -3.799063 3.861635 -5.549273 -7.345801 3.353671 17.740059 -7.980820 9.520093 -15.028593 7.699057 10.791019 -10.876292 -14.151684 -6.233376
-4.709553 15.324375 -10.440324 -2.168006 -9.298210 10.181108 -14.630765 11.273465 -9.485637 -25.657784 7.477065 -0.889141 7.788462 -3.852478 5.591621 -0.968355 -3.745926 3.730892 -5.524889 -7.143952 4.105471 17.596220 -7.765082 9.746871 -15.202845 7.402697 10.794045 -10.773844 -13.997721 -6.087534
-4.478763 15.124374 -10.768783 -2.168062 -8.845278 9.867684 -14.650321 11.175479 -9.289393 -25.614565 7.452976 -0.865724 7.611547 -3.746997 5.558410 -0.956118 -3.793034 3.858952 -5.539177 -7.115937 3.701895 17.529936 -7.782826 9.461242 -15.145140 7.175092 10.856303 -10.831471 -14.219090 -6.251913
-4.495120 15.615162 -10.391934 -2.251252 -9.343081 10.137901 -14.733552 11.309552 -9.762149 -25.517853 7.465080 -0.979138 7.804103 -3.853576 5.646042 -0.969030 -3.724681 3.772846 -5.552864 -7.254014 3.640990 17.401608 -7.774821 9.532050 -15.112839 7.492163 10.872235 -10.872164 -14.045791 -6.097085
-4.540729 15.636928 -10.369412 -2.230921 -9.390443 10.050140 -14.899302 11.291108 -9.671584 -25.431684 7.407488 -1.135000 7.879584 -3.939289 5.678427 -0.999519 -3.643512 3.855826 -5.563175 -7.254942 3.836591 17.392309 -7.845686 9.723716 -15.154713 7.607461 10.708225 -10.876238 -13.826547 -5.969237
-4.420803 15.469749 -10.492355 -2.337653 -9.338365 10.195306 -14.736576 11.270806 -9.578907 -25.595526 7.455008 -0.929610 7.749504 -3.867295 5.589551 -0.987434 -3.763682 3.748666 -5.529535 -7.193461 4.162902 17.457590 -7.843791 9.785557 -15.239422 7.381032 10.890097 -10.847400 -13.869310 -6.139455
-4.484470 15.594084 -10.539771 -2.262252 -9.379026 10.154379 -14.782072 11.226744 -9.587737 -25.578093 7.426708 -1.046669 7.807930 -3.883301 5.638317 -1.047334 -3.718230 3.720746 -5.497234 -7.263278 3.724856 17.345942 -7.761648 9.582035 -15.164770 7.508583 10.843467 -10.885162 -13.943546 -6.008439
-4.465101 15.748074 -10.451882 -2.315317 -9.455703 10.128630 -14.879413 11.321450 -9.656522 -25.534292 7.435184 -1.068867 7.825675 -3.896006 5.619888 -1.034584 -3.728420 3.734993 -5.541865 -7.265195 3.773570 17.447290 -7.769489 9.542515 -15.257545 7.560525 10.782940 -10.971712 -13.847386 -6.174380
-4.415580 15.660096 -10.454627 -2.375359 -9.550953 10.248731 -14.884050 11.361507 -9.659205 -25.603680 7.432106 -1.068102 7.837546 -3.875968 5.626275 -1.050214 -3.736786 3.743413 -5.536630 -7.243447 3.888565 17.461922 -7.774283 9.634780 -15.261733 7.505763 10.723100 -10.948558 -13.843863 -6.109989
-4.481199 15.669697 -10.388849 -2.345610 -9.513062 10.244588 -14.781553 11.330474 -9.658935 -25.634544 7.413335 -1.074365 7.795964 -3.906813 5.595558 -1.048895 -3.759675 3.728948 -5.529510 -7.273812 3.862162 17.514780 -7.804558 9.651288 -15.269975 7.522274 10.740163 -10.975595 -13.841680 -6.152607
