-4.534585 24.022734 -18.055861 9.781365 -3.669696 0.900010 8.475691 11.126101 16.661245 4.796190 -4.385736 1.318500 -1.279279 -9.769757 5.337118 -2.066964 -5.407569 3.233359 -9.644739 -2.801516 4.376414 6.310362 7.484930 1.465040 2.616259 23.722879 -0.532001 -24.501371 -4.267501 20.028324
-5.032596 23.931778 -18.243807 9.816027 -4.126512 0.382158 9.174130 11.008687 17.384521 4.714564 -4.413688 1.339358 -1.283207 -9.767837 5.313091 -2.081778 -5.425665 3.206518 -9.685037 -2.760010 4.696418 6.328727 7.468671 1.053100 3.075332 23.936419 -0.465001 -24.794556 -4.323717 20.146038
-9.922372 10.756302 -10.700037 13.505093 1.100416 -3.989154 20.693083 18.469549 13.738503 4.615070 -5.990659 2.492696 -4.083952 -12.312772 0.052308 -3.495189 -3.077327 -2.724928 -8.152652 3.978783 7.631337 1.601410 3.359743 -6.916711 2.361828 27.547796 -15.602590 -17.783913 -4.332920 5.625892
-7.659003 12.861650 -13.143845 14.554839 0.468982 -7.033660 18.310867 17.835831 13.021949 4.817350 -5.807338 1.946944 -3.728046 -12.560038 0.342363 -3.795728 -4.068182 -1.979202 -7.362121 3.500422 8.160874 3.899701 5.246404 -6.696811 2.216300 28.511644 -12.982627 -16.803595 -4.393182 6.566708
-7.319408 13.426111 -12.791728 16.065481 0.868545 -7.654259 17.636370 17.143671 14.142496 5.212880 -5.449900 1.683957 -3.483078 -12.901603 0.369507 -3.592283 -4.290367 -1.189107 -6.673439 3.173742 8.156811 4.405937 5.857601 -8.440746 2.729603 29.715639 -10.745046 -15.502290 -4.342062 8.060709
-6.802012 14.464375 -12.262316 16.613531 0.385743 -8.144217 16.355839 16.802385 14.755622 5.944333 -5.242908 1.260263 -3.279002 -13.243387 0.231277 -3.564125 -4.189863 -0.688516 -6.104233 3.157026 7.958681 4.038027 6.092399 -8.682001 2.319381 29.919344 -9.050426 -14.582623 -3.686575 9.634120
-6.417606 14.580290 -11.897835 16.874338 -0.089197 -8.585274 15.791581 17.075008 15.023190 6.406591 -5.214126 0.847898 -3.366480 -13.400828 0.093278 -3.713510 -3.841952 -0.262721 -5.761144 3.085205 8.755838 3.357502 6.159188 -8.504457 2.359265 29.823080 -7.913049 -14.564984 -2.232984 10.288976
-6.124005 15.863647 -11.139124 15.730703 -1.667635 -9.267157 14.857519 17.589705 14.356339 6.943589 -5.382116 -0.133746 -3.167290 -13.295789 0.332455 -4.095900 -3.003382 0.148290 -5.693858 3.049901 9.822753 1.974505 6.042988 -7.626893 1.929391 28.976156 -6.796985 -13.823607 -0.129977 11.728400
-5.882967 16.589449 -10.775145 14.246822 -3.373609 -10.303980 13.671662 18.535301 12.982880 6.693686 -5.742574 -1.515680 -2.798395 -13.249392 0.565808 -4.788393 -2.247025 0.476911 -5.616648 2.450367 10.453634 -0.194363 6.191391 -6.666002 1.735332 28.265978 -5.575384 -13.793001 1.839992 13.308209
-5.455648 16.723614 -10.083882 13.064805 -4.658734 -10.474275 12.749516 18.959764 12.221550 7.023670 -5.514184 -2.532976 -2.718011 -13.442551 0.397724 -5.067122 -1.836204 1.164989 -5.065496 1.910491 10.698467 -1.603397 6.614654 -5.204472 1.271237 27.401293 -4.310250 -12.992332 3.175180 15.044654
-4.910152 17.401028 -10.156647 11.646433 -5.871526 -11.204128 10.880184 19.454161 11.668872 7.539916 -5.247149 -3.396422 -2.036965 -13.677175 0.346332 -5.086592 -1.859375 1.609267 -4.546144 1.547828 10.639081 -2.826035 7.012652 -3.997653 0.566593 26.786140 -2.274359 -12.532909 4.425852 15.966678
-4.037642 17.115200 -10.628174 11.478694 -6.993317 -11.900805 9.344144 19.908716 11.422769 7.204826 -4.877969 -3.716248 -1.354522 -14.035028 0.314792 -4.575497 -2.140146 2.316996 -3.999665 1.440581 10.748269 -2.513031 8.081422 -2.690355 -0.738254 26.800201 -0.231131 -11.316583 5.251935 15.549770
-2.700128 16.330772 -12.555214 13.151053 -8.199409 -13.655835 7.770814 19.673357 11.156381 5.789663 -4.608660 -3.926162 0.033460 -14.453826 0.665538 -3.625707 -2.479221 3.176578 -3.509715 2.285468 11.512916 -1.264210 9.239591 -1.825564 -1.762094 26.811190 2.297085 -9.371206 5.646716 15.498670
-1.389564 16.484146 -12.743625 13.541784 -9.351299 -14.021316 6.438586 20.353434 11.365535 5.860813 -4.287920 -4.425013 1.029750 -14.623615 1.175732 -3.021780 -2.344637 4.313777 -3.269626 2.808484 11.575830 0.292261 10.136038 -0.766170 -2.619258 26.726768 3.743347 -8.301806 5.757877 16.361042
-1.492953 16.743668 -12.735682 13.615562 -9.340899 -13.981784 6.460736 20.154093 11.500970 5.843484 -4.251805 -4.424015 0.942361 -14.629608 1.161150 -3.063406 -2.376875 4.334061 -3.206158 2.768759 11.619581 0.239520 10.152719 -0.761223 -2.602508 26.692030 3.882004 -8.212745 5.793444 16.656641
-1.339495 16.528202 -12.659052 13.681852 -9.421923 -14.081149 6.239219 20.263987 11.268155 5.869305 -4.320850 -4.483027 1.116740 -14.650373 1.157708 -3.034899 -2.340629 4.326602 -3.221161 2.815414 11.724577 0.157049 10.186212 -0.640055 -2.764382 26.659260 3.925053 -7.950923 5.960706 16.509586
-1.440078 16.652405 -12.693877 13.690664 -9.374131 -14.015534 6.397530 20.122839 11.374937 5.833111 -4.286815 -4.410876 1.055267 -14.646890 1.177679 -2.991367 -2.364100 4.344851 -3.246996 2.815902 11.599034 0.193447 10.186167 -0.630458 -2.688513 26.659376 3.880515 -8.163719 5.895690 16.550735
-1.331866 16.548483 -12.691216 13.660124 -9.432339 -14.239819 6.162856 20.312349 11.176303 5.918581 -4.327312 -4.545910 1.130968 -14.673740 1.162884 -3.068935 -2.327221 4.342274 -3.174190 2.790654 11.964915 0.046229 10.284652 -0.534488 -2.813220 26.645533 4.000970 -7.690232 6.074124 16.697754
-1.351991 16.527771 -12.662820 13.733480 -9.431301 -14.144356 6.240041 20.284571 11.237126 5.851712 -4.288028 -4.510965 1.091969 -14.687986 1.123758 -3.052892 -2.339277 4.368153 -3.143185 2.824177 11.861613 0.143559 10.217152 -0.589505 -2.725071 26.648855 3.935568 -7.849030 6.019037 16.644627
-1.613961 16.863579 -12.598471 13.563998 -9.360383 -13.882876 6.476071 20.126526 11.593863 5.837854 -4.221388 -4.370302 0.956483 -14.643275 1.151441 -2.976222 -2.354524 4.413344 -3.207516 2.763436 11.641781 0.024134 10.246288 -0.633817 -2.596958 26.604406 3.871740 -8.180655 5.826912 16.856094
-1.413778 16.613213 -12.641981 13.661554 -9.443213 -14.183803 6.253824 20.214745 11.328751 5.916921 -4.292739 -4.536940 1.130487 -14.665766 1.169403 -3.064537 -2.329865 4.411661 -3.142065 2.837477 11.903063 0.031011 10.312153 -0.559649 -2.707026 26.581938 3.952163 -7.796010 6.036330 16.781727
-1.371248 16.665916 -12.673984 13.639192 -9.452035 -14.053192 6.314171 20.189837 11.385171 5.904587 -4.299779 -4.450628 1.132929 -14.645047 1.216345 -3.010311 -2.356494 4.418019 -3.211631 2.829961 11.752526 0.023889 10.315613 -0.627307 -2.634942 26.627638 3.970085 -8.064086 6.005123 16.771818
-2.049100 17.216843 -8.758080 12.606668 -12.543548 -7.256041 1.498867 19.912912 15.110137 4.594688 -2.212747 -3.587956 0.823087 -13.513451 1.105666 -0.952642 -0.498718 6.383828 -4.966187 2.951857 11.027877 0.022759 8.727876 5.088597 -4.412527 21.989952 2.193324 -5.705441 4.598459 24.511414
-6.417233 16.959181 -3.051036 11.406777 -11.249318 -0.791550 0.032555 18.168974 17.384287 3.816142 0.552888 -1.578215 -0.736406 -12.523050 -0.785716 0.840464 1.672428 6.004752 -6.567242 3.497820 8.533468 -0.394478 4.959618 8.919156 -6.129553 18.423254 -3.065408 -4.336675 2.536127 27.987053
-11.130868 19.270338 1.416983 8.383682 -9.106469 3.720137 0.214980 16.244272 17.068964 4.261098 1.111648 -0.886493 -2.992799 -12.038580 -1.434713 -0.005669 2.519799 5.749487 -6.737120 2.088404 3.079868 -2.778154 1.221677 8.909380 -6.680271 16.237547 -8.546465 -6.529486 -1.751820 28.966095
-13.869819 21.634941 3.348502 6.888710 -7.439159 4.440549 0.194713 14.613414 16.748898 5.036342 1.039262 -1.103477 -4.323973 -11.605577 -1.141704 -0.635436 3.065965 6.714182 -6.766531 1.332045 2.369245 -5.503726 0.374560 8.765447 -5.975733 15.357231 -10.622818 -8.588792 -1.956798 29.498936
-14.568143 22.173895 3.777019 6.734875 -6.512361 4.803069 0.551827 13.781840 16.853954 5.260540 1.080264 -0.977302 -4.790124 -11.527401 -1.101591 -0.600921 3.266496 6.810018 -6.963085 1.352868 1.992144 -5.737390 0.076048 8.602592 -5.961274 15.341151 -10.853049 -8.573718 -1.954026 29.868036
-15.046605 22.497215 3.928757 6.608885 -5.891705 5.001767 0.787330 13.157239 16.800817 5.330516 1.097329 -0.818593 -5.237643 -11.440205 -0.960596 -0.480192 3.255368 6.972143 -7.089579 1.106969 1.758978 -6.299487 -0.049262 8.916184 -6.017776 15.057204 -11.336335 -8.868971 -1.684956 30.275795
-14.626482 22.180431 3.843546 6.671212 -6.659459 4.908026 0.523278 13.681764 16.929216 5.275999 1.137110 -0.826762 -4.962652 -11.457870 -0.979892 -0.454167 3.281315 6.938790 -7.092897 1.250295 1.981322 -6.269317 0.243668 8.634902 -5.875326 15.131618 -10.876899 -8.410973 -1.899960 30.298079
-14.929919 22.474525 3.620960 6.794399 -5.905149 4.454140 0.626017 13.178723 16.794567 5.365351 1.042681 -0.876404 -5.146604 -11.433466 -1.044238 -0.656233 3.146665 6.877019 -6.957210 1.153645 1.552369 -6.125910 0.005787 8.553409 -5.912171 15.228518 -10.891856 -8.706425 -2.093670 29.931919
-14.799176 22.350544 3.869126 6.667240 -6.393285 4.805001 0.588520 13.550237 16.926918 5.436841 1.114421 -0.814011 -4.994321 -11.461885 -0.999812 -0.472813 3.218733 6.904374 -7.084085 1.254206 1.730960 -6.192779 0.159023 8.635234 -5.941855 15.192876 -10.872979 -8.538419 -1.882542 30.045898
-14.799010 22.313168 3.882344 6.639474 -6.428415 4.802336 0.551570 13.580617 16.937567 5.426315 1.114217 -0.805124 -4.973571 -11.456245 -1.007028 -0.473343 3.219635 6.920518 -7.076391 1.257332 1.795193 -6.182278 0.162568 8.629870 -5.964274 15.198851 -10.802609 -8.516892 -1.842084 30.013172
-14.683816 21.995602 3.881795 6.821195 -6.917480 4.797926 0.264538 13.688725 16.813934 5.004717 1.090420 -0.900265 -4.959882 -11.482538 -0.950837 -0.488544 3.256791 7.025077 -7.045414 1.206390 2.073744 -6.114408 0.350000 8.600926 -6.002687 15.213636 -10.806166 -8.269794 -1.921363 30.144798
-14.654515 21.920740 3.901321 6.947874 -6.983485 4.869613 0.328252 13.704824 16.906103 4.943771 1.070520 -0.915766 -4.932475 -11.513427 -0.960405 -0.487869 3.258598 7.052612 -7.024661 1.193600 2.121004 -6.087288 0.373246 8.583978 -5.976721 15.247261 -10.787809 -8.263188 -1.962067 30.200230
-14.602869 21.782154 3.942976 6.935408 -7.139479 4.972438 0.434462 13.845114 17.048788 4.936821 1.077676 -0.874168 -4.908653 -11.501234 -0.976030 -0.437920 3.271337 7.049186 -7.063035 1.185251 2.090537 -6.011468 0.368002 8.658400 -5.985949 15.172087 -10.723160 -8.303114 -1.926051 30.269911
-14.694840 22.108494 3.887015 6.713848 -6.650739 4.963354 0.475882 13.664166 16.951307 5.221272 1.099550 -0.862807 -4.942401 -11.466925 -0.971048 -0.418530 3.296717 7.024076 -7.125503 1.151681 1.943719 -6.186588 0.282823 8.695140 -6.019095 15.165373 -10.783957 -8.386770 -1.813201 30.302391
-15.015001 21.967226 3.902041 6.853893 -6.386040 5.011345 0.530430 13.346818 17.077238 5.007459 1.135742 -0.851174 -5.063088 -11.441213 -1.006130 -0.416778 3.371397 6.971497 -7.163686 1.219402 1.929937 -6.128697 0.190037 8.865275 -6.047769 15.108833 -11.105863 -8.590765 -1.864192 30.324951
-14.804784 22.037594 3.697491 6.861106 -6.359358 4.729256 0.657540 13.385728 17.021238 5.156891 1.054563 -1.014242 -4.948706 -11.495686 -0.995091 -0.503104 3.308014 6.982317 -6.995211 1.357239 2.333697 -6.278135 0.291872 9.019582 -5.952327 14.974890 -11.227149 -8.718307 -1.674052 30.175880
-14.647404 21.736250 3.895445 7.017458 -6.857920 4.856397 0.441589 13.812263 17.081856 4.953218 1.014082 -0.988436 -4.918460 -11.535330 -0.863226 -0.442319 3.289812 7.009787 -7.021811 1.465249 2.589197 -6.226655 0.541546 9.175651 -6.033403 14.871017 -11.208468 -8.626079 -1.689333 30.332195
-14.651929 21.694057 3.966017 7.019666 -6.939484 4.795538 0.441387 13.829443 17.052769 4.949750 1.011753 -1.155628 -4.983907 -11.643486 -0.735390 -0.315252 3.301782 7.020639 -7.024084 1.654968 2.816647 -6.436765 0.542605 9.413846 -5.950413 14.702025 -11.447951 -9.022399 -1.414352 30.172512
