5.853251 30.921574 -5.923091 12.827301 11.952957 -1.887115 -6.437351 7.067065 -7.396492 -20.433561 4.540146 3.694287 0.498350 -11.271775 5.171484 2.062564 -1.761998 4.244711 -0.266012 -8.900709 6.290062 12.988150 -15.980769 1.839721 0.916426 22.696255 8.698149 -22.070166 -3.771625 12.674096
5.843923 30.941299 -5.864108 12.926394 11.992092 -1.930642 -6.479246 6.992852 -7.541779 -20.750704 4.577615 3.756359 0.485056 -11.265322 5.133097 2.083821 -1.784161 4.245376 -0.263195 -8.890567 6.664502 13.093752 -16.433432 1.435543 1.363127 22.889246 8.886106 -22.306768 -3.854887 12.663230
4.583357 9.268953 -8.458480 4.814466 7.835169 16.869349 -7.104118 11.573062 -0.156951 -25.588980 8.501000 4.760834 3.261594 -7.316832 4.613064 1.837442 -3.859570 0.263750 -1.771030 -2.229071 16.675814 11.004536 -18.237854 9.948919 1.564347 10.632650 10.776551 -5.484962 -19.471872 6.860737
-0.109346 3.574783 -6.650106 3.040486 12.041376 19.400970 -6.782592 10.418868 3.524326 -26.331347 9.816676 5.561549 2.080301 -5.868768 3.091881 1.059146 -3.720051 -1.939469 -2.499198 0.155876 15.132271 8.325271 -15.176512 11.092224 2.386099 7.035466 2.651383 -3.633981 -24.868334 3.795809
-0.642821 1.765252 -7.833158 -0.981805 14.026531 17.191658 -9.693761 9.676231 3.925479 -27.179579 10.089802 5.360623 2.072220 -4.482129 3.597257 0.004737 -3.440859 -2.513441 -2.228407 -0.205272 12.062406 6.465531 -14.600297 10.661692 2.792692 6.392125 3.915248 -4.270890 -25.477556 1.910508
-0.114171 2.836939 -10.946323 -2.770254 19.241262 10.421724 -7.686978 6.703046 2.920765 -26.812315 10.305310 6.563185 2.190972 -2.923475 4.405727 -0.507881 -4.403151 -2.575079 -1.308111 -1.312618 10.086719 3.230804 -13.701790 8.598914 5.664833 6.981324 9.374398 -4.387403 -27.112520 1.023562
1.526513 3.120146 -10.702679 -5.129611 17.817778 8.268458 -9.401378 8.923158 3.578328 -28.332375 10.052629 5.567458 2.535816 -3.205361 4.649124 -0.848315 -5.046871 -2.168807 -1.310944 -1.939255 11.466313 4.712534 -13.564538 8.803636 5.774647 7.711161 10.719918 -6.106527 -25.655119 0.182950
3.375914 4.321480 -14.868309 -6.032492 16.383274 0.910085 -10.140443 8.297116 2.696333 -28.332525 9.286795 5.057704 2.896541 -2.669981 5.358297 -1.861767 -6.705338 -1.144998 -0.672557 -3.692027 12.223513 6.140992 -11.446682 7.556899 6.692931 8.800097 15.932877 -9.197513 -23.917292 -1.970132
1.895617 4.287641 -16.002592 -5.598247 16.379290 -1.811333 -11.982671 7.148327 2.883933 -30.300142 9.014033 5.212054 2.713330 -2.258000 5.305686 -2.247749 -7.006363 -0.913535 -0.856108 -4.653767 11.773047 4.143095 -4.840506 5.292280 8.119795 9.524631 13.817423 -11.699122 -23.254128 -1.701548
2.154178 5.964905 -16.618052 -5.234997 16.330057 -5.715661 -14.385456 6.767324 1.415272 -32.593891 8.652322 5.183171 3.067053 -1.865380 5.707516 -2.204664 -6.906680 0.018901 -1.092035 -5.673025 11.489726 3.844465 -4.546541 3.197035 9.886644 10.553237 14.436231 -15.680401 -22.928347 -2.755127
0.415156 6.825399 -17.250280 -5.432038 15.538700 -7.884746 -15.470243 5.741985 1.358570 -32.416447 8.756292 4.704518 3.199086 -1.201553 5.839956 -2.031928 -6.682976 0.795109 -1.889958 -6.218479 9.927761 3.081279 -4.300327 3.060038 10.533653 9.366836 14.868466 -19.086878 -22.019537 -2.468176
-0.700518 9.684655 -19.102098 -5.138563 15.108610 -9.036996 -17.482588 4.677429 1.471947 -29.394823 8.842149 4.485754 4.425499 -0.571506 6.294833 -1.392595 -6.244851 1.745343 -3.297528 -6.881790 6.306564 3.540015 -3.889592 1.783257 9.477218 9.791679 16.197392 -21.012304 -21.243841 -0.744243
-0.568807 10.952620 -19.717249 -5.090666 14.799643 -9.359250 -18.318789 4.435457 1.253017 -28.993917 8.934126 4.485872 4.608761 -0.605857 6.145423 -1.181211 -6.249196 1.960824 -3.745734 -7.071663 5.557757 3.766233 -3.652592 1.100646 9.343705 10.344964 16.347296 -21.729479 -21.008789 -0.642120
-0.759333 11.363205 -19.801500 -5.276103 14.925217 -9.643487 -18.352024 4.260592 1.393367 -28.799995 8.957774 4.465399 4.625329 -0.567498 6.167032 -1.085614 -6.163311 2.050872 -3.857753 -7.123690 5.287799 3.871141 -3.671373 0.833380 9.219256 10.505339 16.429501 -21.790337 -21.070459 -0.905261
-0.748525 11.398836 -19.761164 -5.168779 14.937372 -9.494308 -18.395512 4.233741 1.298750 -28.753120 8.934096 4.469384 4.662201 -0.581042 6.156194 -1.115840 -6.154390 2.034886 -3.863287 -7.130138 5.394523 3.926838 -3.736614 0.911412 9.179668 10.504189 16.373537 -21.600882 -21.155025 -0.754340
-0.716386 11.406235 -19.810778 -5.184570 14.951063 -9.482070 -18.435375 4.254405 1.290790 -28.767145 8.930413 4.463212 4.669908 -0.582244 6.167147 -1.111435 -6.147782 2.037474 -3.859579 -7.136144 5.352027 3.968376 -3.738366 0.862279 9.190920 10.507984 16.389849 -21.656668 -21.163488 -0.824467
-1.297437 9.942622 -19.192415 -5.959743 16.268190 -5.873240 -16.494186 5.499374 4.605656 -24.883230 9.215431 4.514042 4.420069 -0.429359 5.817254 -1.129043 -5.694936 1.761369 -3.997934 -6.816138 2.771862 4.126057 -3.764985 2.986590 5.675995 9.139330 14.339395 -19.217031 -21.260908 -1.238345
-0.589784 10.983427 -19.280491 -5.624761 15.602854 -8.153575 -17.553493 4.960477 2.591897 -27.153381 8.990572 4.392946 4.602702 -0.624529 6.077070 -1.140072 -6.039647 2.013302 -3.769480 -7.066794 3.873501 3.887867 -3.563682 1.740844 7.572592 9.900376 15.594794 -20.501518 -21.281702 -0.786699
-1.471497 10.049932 -19.346256 -5.452773 15.929277 -6.419619 -16.922701 5.004588 3.904458 -25.771275 9.174333 4.531164 4.452800 -0.428234 5.824156 -1.134641 -5.714078 1.716208 -4.028420 -6.831461 3.172117 4.163273 -3.899993 2.434348 6.427886 9.263770 14.250492 -19.461081 -21.551310 -1.117898
-1.006224 10.267582 -19.206137 -5.465961 15.873764 -7.550861 -17.269382 5.045459 3.222629 -26.679625 9.124028 4.476274 4.513527 -0.580051 5.947344 -1.176977 -5.907761 1.822450 -3.768219 -6.977285 3.477208 4.059875 -3.687768 2.132585 6.911566 9.446350 15.067237 -19.930269 -21.513327 -0.873057
-0.628019 11.231959 -19.549032 -5.563096 15.118672 -8.932759 -18.045956 4.621648 1.948848 -28.032995 8.910995 4.458676 4.620772 -0.593896 6.097294 -1.186971 -6.137788 2.011750 -3.802276 -7.157459 4.967950 3.795008 -3.541871 1.080873 8.919617 10.191233 16.134974 -21.524027 -21.117716 -0.575771
-1.381328 10.126478 -19.064199 -5.582134 16.019869 -7.044003 -17.120346 5.033235 3.671084 -26.447088 9.187172 4.485963 4.523619 -0.487119 5.863407 -1.153509 -5.783593 1.710492 -3.938622 -6.841399 3.002041 3.985495 -3.891880 2.365909 6.515343 9.218549 14.460723 -19.590916 -21.574759 -0.904131
-4.474663 9.195339 -15.360376 -14.570732 21.222120 -5.512923 -10.045003 3.574549 4.025767 -23.590460 9.608194 4.562923 2.526361 0.557582 8.330273 -0.621456 -5.268538 3.812021 -2.288439 -5.085305 1.037659 -5.472045 -5.289193 7.587897 7.331916 6.764949 16.139505 -16.520535 -21.691214 -1.136330
-9.776732 7.450460 -12.712239 -14.821114 23.088614 0.254778 -7.461025 0.730103 4.186269 -22.355253 10.477087 5.073645 1.280346 1.160961 7.479667 -0.826104 -3.482703 3.139171 -2.352104 -2.438973 -0.143731 -10.737488 -5.889349 9.690870 5.909141 2.665626 14.572398 -13.367906 -22.009739 2.672233
-13.244235 6.547633 -11.227168 -14.742323 24.044317 4.399139 -2.967946 -0.817799 3.496753 -20.032568 11.153894 5.597467 0.932223 1.389504 7.615001 -0.707514 -2.790577 3.010592 -2.009831 -0.795609 -0.153566 -11.952347 -7.618696 9.993190 4.197176 1.067074 11.742884 -10.969968 -24.014462 1.202261
-14.953380 5.845083 -9.850581 -16.212233 23.724213 7.038385 -2.153199 -1.242702 3.442632 -19.485388 11.576667 6.279111 0.412769 1.648503 7.444305 -0.769970 -2.087514 2.441681 -1.931877 -0.225227 -1.202776 -12.497581 -8.760158 8.587391 3.441736 -0.644068 9.927541 -10.887141 -24.828962 0.564244
-15.467505 5.121965 -9.843019 -16.764578 23.467840 8.306710 -2.271604 -1.221071 4.116576 -19.261694 11.522529 6.239108 0.403712 1.774578 7.470052 -0.925403 -1.732504 2.052021 -1.817282 -0.240126 -1.613019 -12.972802 -8.808426 8.864403 3.336096 -1.258674 9.486247 -11.166039 -25.018927 0.331245
-16.440851 4.208140 -9.457886 -17.405514 23.039114 9.117949 -3.233587 -1.335196 4.636912 -19.152903 11.671812 6.131495 0.121942 1.889769 7.239094 -1.171319 -1.562562 1.560340 -1.990914 -0.422006 -2.296611 -12.729921 -9.535995 8.652547 3.347698 -1.809177 8.805886 -11.020465 -25.764191 0.497888
-17.019190 3.462216 -9.331059 -17.502384 22.257452 9.982622 -3.947734 -1.069908 5.283834 -18.622776 11.794020 6.114719 -0.042147 1.924902 7.038554 -1.419062 -1.341549 1.235703 -1.835024 -0.391674 -3.019917 -13.110153 -10.003537 8.897048 2.816722 -2.810978 8.320362 -11.382766 -25.918692 0.541108
-17.466652 2.649246 -8.941463 -18.429220 21.969902 10.431989 -4.485610 -0.972500 5.762199 -18.588074 11.842168 6.183534 -0.153714 2.017228 6.992902 -1.499335 -1.072224 1.021025 -1.790846 -0.503764 -3.839282 -12.753084 -10.445813 8.895729 2.722893 -2.956726 7.467689 -11.522977 -26.065487 0.297205
-17.806370 2.197346 -8.810873 -19.329332 21.904169 10.709136 -5.120913 -0.923638 6.133352 -18.759731 12.002223 6.159600 -0.192483 2.082752 6.879662 -1.539162 -0.915969 0.812753 -1.937442 -0.481435 -3.905851 -12.598454 -10.702479 9.772304 2.561802 -3.358022 6.993960 -11.529660 -26.056217 0.366825
-18.244556 1.671668 -8.549312 -19.885534 21.537369 11.406997 -5.329662 -0.820196 6.639474 -18.619551 12.036011 6.181471 -0.260139 2.079321 6.835206 -1.627986 -0.822187 0.602611 -1.794841 -0.565365 -4.272599 -12.399470 -10.932667 9.379259 2.156322 -3.781874 6.397464 -11.671453 -26.487034 0.164792
-18.380138 1.228063 -8.515246 -20.000942 21.359219 11.935990 -5.865237 -0.574256 6.729857 -18.235016 12.090261 6.180655 -0.313697 2.060670 6.731317 -1.760130 -0.649644 0.202462 -1.697452 -0.700072 -4.855798 -12.269163 -11.611159 9.711703 1.977410 -4.047775 5.923311 -11.857331 -26.648300 0.036461
-18.220808 1.598270 -8.546485 -19.796568 21.504023 11.491479 -5.452413 -0.698020 6.749584 -18.443438 12.035491 6.171056 -0.351721 2.092568 6.752638 -1.697126 -0.771466 0.447034 -1.795386 -0.676766 -4.741724 -12.283792 -11.298445 9.424707 2.024408 -3.846398 6.270206 -11.705750 -26.607435 0.236952
-18.296284 1.505585 -8.450946 -19.874603 21.426479 11.525416 -5.575314 -0.743555 6.640119 -18.570837 12.052352 6.178607 -0.375266 2.068569 6.769993 -1.715595 -0.787708 0.473014 -1.749706 -0.650976 -4.793010 -12.342756 -11.482961 9.594693 2.095748 -3.885825 6.194160 -11.749591 -26.645712 0.269719
-18.301411 1.492759 -8.440708 -19.872068 21.445553 11.531783 -5.577376 -0.730942 6.646918 -18.568275 12.058376 6.180695 -0.381039 2.075032 6.761364 -1.721952 -0.785886 0.468009 -1.751048 -0.644655 -4.728134 -12.348938 -11.546460 9.649760 2.068069 -3.918372 6.174952 -11.734748 -26.642548 0.294039
-18.293959 1.500660 -8.455592 -19.875170 21.428030 11.529756 -5.575266 -0.724323 6.645381 -18.565037 12.047059 6.181155 -0.381009 2.061677 6.763555 -1.713175 -0.784672 0.471724 -1.750103 -0.646654 -4.772237 -12.340594 -11.483679 9.589838 2.096050 -3.892908 6.194500 -11.741979 -26.643738 0.245928
-18.231474 1.487995 -8.475881 -19.854990 21.454330 11.551323 -5.620541 -0.689685 6.625097 -18.548355 12.039777 6.187523 -0.367585 2.067765 6.759229 -1.722318 -0.780058 0.456371 -1.753394 -0.637108 -4.766373 -12.321159 -11.511923 9.676366 2.051736 -3.912663 6.280792 -11.730329 -26.576790 0.293834
-18.254097 1.469664 -8.467551 -19.872450 21.447895 11.548579 -5.599236 -0.676244 6.670299 -18.555822 12.030074 6.168527 -0.350984 2.073708 6.772830 -1.716021 -0.758958 0.457127 -1.763581 -0.625771 -4.711532 -12.409457 -11.386395 9.759013 2.029150 -4.001837 6.265397 -11.729373 -26.502474 0.379316
-18.197006 1.468621 -8.492537 -19.840969 21.467497 11.580016 -5.613424 -0.658664 6.655718 -18.535162 12.041288 6.173087 -0.373947 2.067099 6.759333 -1.722096 -0.778972 0.442645 -1.745998 -0.643089 -4.759848 -12.356021 -11.519526 9.611361 2.059055 -3.915490 6.283380 -11.746285 -26.587215 0.262959
