-8.151703 22.964088 -21.109163 13.150932 -7.263120 2.722957 8.639723 9.646218 16.542372 8.427706 3.765077 -1.322886 -0.327202 -11.350062 0.642947 -0.040089 -5.283646 7.688287 -4.920611 -5.591099 10.933003 13.544451 -16.541681 -12.758208 -14.319839 9.575602 11.112128 -24.469721 -1.385407 12.167026
-8.152001 22.958096 -21.164108 13.187065 -7.269617 2.753037 8.677193 9.613303 16.526896 8.430986 3.782941 -1.374855 -0.338939 -11.371531 0.521732 -0.063211 -5.368882 7.720601 -5.030876 -5.445338 11.157436 13.629719 -16.520485 -13.108800 -14.640701 9.220420 11.037860 -24.531370 -1.408298 12.133319
-8.400050 21.131905 -20.989353 10.781802 -8.523853 3.838984 7.698923 9.444160 16.990540 6.998682 4.451490 -0.918797 0.328094 -10.711966 1.128411 0.292816 -5.563714 7.082312 -5.034242 -5.061256 12.375626 13.930363 -16.739988 -11.468637 -12.049521 9.193991 11.580304 -22.764425 -3.964036 11.619537
-7.941113 21.817516 -20.765654 11.664972 -8.596363 4.171233 8.487430 9.676491 16.613226 7.041533 4.235093 -1.030322 0.027939 -10.856975 0.804774 0.068963 -5.630584 7.380137 -5.088440 -5.238933 12.081822 14.023695 -15.566451 -13.129664 -13.519333 8.910230 11.000363 -23.855080 -2.879272 12.295818
-7.488145 21.019981 -20.184984 9.832072 -10.078680 6.214607 8.838971 9.818465 16.400217 5.432266 4.557461 -0.605066 0.373133 -10.349685 1.052178 0.228067 -5.908622 7.146121 -5.175925 -5.099768 13.184573 15.399659 -15.694172 -11.910922 -12.600534 8.584898 10.551755 -22.605509 -4.966414 11.923741
-7.341641 20.128805 -20.017954 8.825291 -11.241615 7.824009 9.258574 9.950552 16.077593 4.359921 4.887172 -0.296049 0.765602 -9.768214 1.419415 0.360371 -6.242255 7.090343 -5.242501 -4.736308 13.892798 16.329443 -15.639365 -11.433578 -12.145895 8.137145 10.249717 -21.906111 -6.347362 11.523831
-7.556796 19.394938 -19.912054 8.208307 -11.888606 9.092038 9.615382 9.857974 15.880888 3.677336 5.169944 0.241635 0.926708 -9.371529 1.745718 0.573096 -6.505545 7.120163 -5.190763 -4.486070 14.574238 17.512308 -15.533620 -11.455543 -12.294655 7.588986 9.438460 -21.794062 -7.321567 10.710071
-7.322333 19.058945 -19.719110 7.954682 -12.232802 9.952468 10.467414 9.670663 15.544528 3.075642 5.354468 0.721322 0.976971 -9.161140 2.024691 0.908502 -6.794240 7.540277 -5.184208 -4.116017 14.737016 18.404804 -15.620208 -11.222337 -11.974211 7.456285 8.984233 -21.434736 -8.242462 10.005654
-7.075161 18.513948 -19.760952 8.442753 -12.847258 11.125989 11.438678 9.490555 15.501408 2.602106 5.516850 1.081260 0.894794 -8.920113 2.127263 0.956723 -7.106688 7.562903 -5.213275 -3.973439 15.787379 18.626339 -15.512172 -10.998302 -12.084906 6.624121 8.669950 -21.042316 -9.021148 9.572045
-6.858055 17.802444 -20.298773 9.303434 -12.856806 11.933266 12.095612 9.378300 15.713595 2.223621 5.583618 1.280211 0.615197 -8.795904 2.045791 0.920534 -7.468025 7.779318 -5.246979 -3.871899 16.253668 18.318422 -15.216489 -11.251813 -12.202942 5.786526 9.094352 -20.647919 -9.693909 9.470450
-6.294162 17.045959 -20.932222 10.285349 -12.497520 12.809981 12.820697 8.984523 16.197863 1.729837 5.630191 1.086985 0.364182 -8.603670 1.620360 0.413372 -7.928314 7.381768 -5.361910 -3.814748 17.161869 17.367397 -14.959624 -11.857144 -12.642296 4.518435 9.788299 -20.217909 -10.076591 9.750046
-6.355646 16.111824 -21.919153 11.309496 -12.027377 12.422162 13.132783 8.627536 16.940111 1.631651 5.660950 0.718290 0.365446 -8.496329 1.167116 -0.028331 -8.321659 6.944108 -5.567635 -3.665729 18.165995 15.717304 -14.777693 -12.127074 -12.831717 3.202263 11.023897 -19.600107 -10.357602 10.645907
-6.195532 15.221295 -22.482462 12.047640 -11.216763 12.157004 12.994109 8.444072 17.597548 1.498046 5.683088 0.202546 0.437186 -8.585399 0.596433 -0.506919 -8.630569 6.431328 -5.774096 -3.378173 18.937605 14.486859 -14.630149 -12.756691 -13.275732 2.254394 12.156552 -19.366163 -10.252464 11.334575
-6.108685 14.090158 -23.279488 13.089171 -10.317752 11.593816 12.778148 8.412009 18.330297 1.431092 5.600915 -0.392135 0.647935 -8.624021 0.047693 -0.857570 -8.747425 5.954700 -6.091835 -3.235632 19.979166 13.442385 -15.385055 -13.325575 -13.656953 1.312184 13.572066 -18.712980 -10.231991 11.452281
-6.413928 13.497246 -23.896109 13.373487 -9.330095 10.288475 11.547120 8.634426 19.088373 1.679979 5.599666 -0.839026 1.064130 -8.803633 -0.328816 -0.960227 -8.751534 5.584785 -6.380973 -2.850637 20.971163 12.504124 -15.013700 -13.922672 -13.784139 0.718742 14.750483 -17.679892 -10.494841 11.595752
-6.557723 13.202808 -24.068090 13.423544 -8.226489 9.084130 10.827573 8.990476 19.520617 1.879619 5.607849 -1.515725 1.735594 -8.849623 -0.361087 -1.065994 -8.621605 5.327950 -6.611589 -2.488995 21.480410 11.939587 -15.452150 -14.810103 -14.230936 -0.130519 15.865299 -17.177191 -10.721806 11.703215
-7.071128 13.355632 -24.410223 12.806751 -7.530477 7.499484 9.714325 9.249699 19.856661 2.338859 5.588429 -2.089921 2.409947 -8.945366 -0.235349 -0.894002 -8.420198 5.318486 -6.836063 -2.019624 21.810276 11.200071 -14.510995 -16.058784 -14.652721 -0.505575 16.957987 -16.605026 -10.933802 11.519437
-7.487633 13.695189 -24.651955 12.319046 -7.452016 6.682264 9.002039 9.513165 20.014921 2.720957 5.529072 -2.610859 2.883972 -9.060494 -0.029189 -0.830934 -8.146011 5.410197 -6.899415 -1.677475 22.097746 10.581103 -14.349151 -17.417463 -15.371696 -1.298575 17.815981 -16.216732 -11.088469 11.577406
-8.146127 13.813708 -24.553682 11.887838 -6.465142 5.798487 8.721456 9.639688 20.062532 2.773772 5.420477 -2.885826 3.547435 -9.243578 0.224516 -0.579824 -7.783920 5.825017 -6.898617 -0.987978 22.078135 9.355474 -14.194596 -18.410561 -15.358921 -2.006164 19.201635 -15.813933 -11.449073 11.061502
-8.803988 14.261702 -24.569120 11.902738 -5.524027 4.737550 8.324386 9.745564 20.195276 3.210827 5.234903 -3.169343 3.858123 -9.415161 0.358727 -0.580982 -7.605996 6.208880 -6.854310 -0.688842 21.903194 8.417213 -14.338353 -19.322777 -15.668654 -2.906331 20.189070 -15.888922 -11.540195 10.854135
-9.005911 14.149867 -24.427900 11.473036 -5.273093 4.443059 8.134214 9.731626 20.001383 3.217505 5.261483 -3.183346 3.970586 -9.381176 0.434676 -0.542648 -7.434473 6.281733 -6.881891 -0.571155 22.101524 8.132315 -14.969445 -19.727274 -15.833529 -3.390029 20.687391 -15.712451 -11.622721 10.501691
-9.048098 14.297885 -24.277618 11.469311 -5.186041 4.418962 8.255589 9.755480 19.898598 3.276127 5.219485 -3.160014 3.899340 -9.439353 0.462042 -0.529408 -7.408930 6.434826 -6.874928 -0.512066 21.865152 7.956145 -15.118484 -19.784233 -15.715237 -3.394175 20.894510 -15.721768 -11.578660 10.433803
-8.662198 3.997604 -25.847916 4.724159 -9.707804 12.490131 8.136935 9.798598 18.006098 -3.349296 6.946388 -1.023827 2.831732 -7.420844 1.485712 -0.762703 -9.146057 3.934411 -5.487905 0.829067 28.032988 7.212141 -14.711934 -8.701524 -8.854667 -4.208890 17.017410 -12.913169 -15.069111 7.996306
-9.256351 -0.386827 -24.198238 1.160779 -4.198776 13.335077 7.959341 8.422573 16.148884 -5.193592 8.142402 -0.275237 3.034925 -5.469993 0.656381 -0.992248 -9.229750 3.393468 -6.210662 3.123156 24.187271 4.264196 -13.260615 -7.517091 -12.361444 -8.554453 18.324858 -7.351904 -19.507608 6.465493
-12.688329 -3.893042 -22.028925 1.025405 1.245643 15.856467 8.021323 6.319104 16.891390 -5.818031 9.490993 1.507226 1.039555 -4.348395 -0.133670 -1.281381 -7.924616 1.044741 -5.802229 4.472589 18.887850 1.009255 -10.964953 -4.524948 -9.335432 -8.407483 11.366936 -4.012186 -24.296988 6.343592
-13.934237 -4.725026 -22.234097 1.615982 4.021513 16.229818 8.156556 5.079467 18.243355 -5.181250 10.033492 2.605514 -0.276098 -3.760356 -0.231647 -1.712981 -7.917662 0.857259 -5.121155 4.065614 15.862277 0.991885 -11.854964 -5.341052 -8.188517 -6.729905 11.023855 -2.419787 -26.355707 4.976906
-15.034553 -4.900642 -22.801584 -0.034320 6.658762 15.440873 8.651376 3.677521 17.431566 -4.536960 10.037902 2.941280 -0.383117 -2.502283 -0.173797 -2.617881 -8.353605 1.337681 -5.394904 4.140856 14.579087 0.299400 -10.473098 -6.319263 -9.379280 -7.681577 10.817909 -2.882787 -27.693186 0.730137
-15.594853 -5.122743 -22.671804 0.472845 8.743734 14.994327 11.731937 2.042518 17.664818 -4.710021 10.138848 3.353862 -1.081893 -2.514495 -0.258440 -2.646697 -8.666298 1.287670 -4.846133 4.820673 13.601188 -0.244455 -9.965777 -6.495484 -9.796173 -7.808231 10.042707 -2.356504 -27.847445 -2.719539
-15.997964 -5.788557 -21.944050 0.045935 8.233260 16.402693 10.187659 3.200399 17.512280 -4.989494 10.360082 2.929740 -0.763272 -2.721589 -0.323427 -2.511367 -8.112175 0.985875 -4.967110 4.965457 14.586603 -0.233870 -10.218790 -4.840069 -9.640230 -8.161117 9.073696 -2.246135 -27.658854 -1.729018
-14.649247 -3.675278 -25.483789 0.251254 7.809181 12.174979 12.240893 1.178252 17.350534 -4.100847 9.474692 3.434539 -1.455155 -2.694323 -0.060053 -2.650052 -9.691137 2.750264 -4.803136 3.931465 13.805438 0.258446 -10.380834 -10.142227 -9.550320 -7.298157 14.225755 -3.187938 -27.573765 -1.668094
-13.559023 -2.172906 -26.400999 0.512050 8.490900 10.549352 13.113175 0.428357 16.870279 -3.288843 9.534429 3.493296 -1.967221 -2.780206 0.080171 -2.517861 -10.546234 3.727160 -4.538819 3.382500 13.931478 -0.053972 -10.471663 -13.222177 -9.350730 -6.415537 16.602800 -3.300778 -27.551342 -1.045848
-10.813371 -0.144785 -31.106939 -0.368990 5.381104 4.674238 12.596684 1.403198 15.961467 -2.541214 8.279762 1.411506 -0.874631 -3.122146 0.783515 -3.025936 -12.713652 5.991006 -4.749000 1.894784 18.819000 1.670789 -9.788430 -19.613552 -10.866344 -8.211676 23.648188 -8.072997 -24.630510 -1.020502
-10.116058 0.946332 -31.680105 -0.812185 5.295260 4.174001 12.972103 1.343237 14.807556 -1.937667 7.850924 1.452873 -0.958777 -3.126857 1.199319 -3.028696 -13.075319 6.609036 -4.489059 1.555137 19.125013 1.482580 -9.353749 -20.184462 -10.545448 -7.776484 24.485397 -8.459195 -23.874426 -1.445378
-11.859975 -0.802581 -28.386927 0.236410 8.051643 7.931674 13.120754 0.679955 15.821283 -2.981636 8.673041 2.469613 -1.402031 -3.081705 0.240165 -2.981417 -11.819681 5.174707 -4.646810 2.962982 16.769712 0.820980 -8.624953 -16.186516 -10.954696 -8.275356 18.974688 -5.905733 -25.979685 -1.962047
-11.534732 -0.367477 -29.353014 0.032596 7.256384 7.147594 13.065741 0.697041 15.603714 -2.812820 8.464267 2.110057 -1.298239 -3.129406 0.527890 -3.052291 -12.190115 5.517077 -4.588992 2.595678 17.133131 0.894900 -8.766488 -16.739441 -11.463764 -8.373981 20.390734 -6.163975 -25.564837 -1.908434
-12.322668 -1.399022 -28.022072 0.111660 7.798961 8.405047 12.416126 0.979882 16.152634 -3.344830 8.929396 2.472086 -1.227472 -2.951921 0.128665 -2.837942 -11.561918 4.718760 -5.010966 3.084719 16.560591 0.933627 -9.153254 -15.772343 -11.101933 -8.145130 18.467356 -5.477044 -26.218559 -2.018163
-11.793074 -0.091340 -29.509691 0.077400 7.069681 7.073732 13.329482 0.306536 16.281931 -2.373627 8.784995 2.153111 -1.598466 -3.205539 0.421963 -2.675014 -12.192179 5.628682 -4.590178 2.387332 16.642420 0.866352 -10.769211 -19.751419 -9.963408 -7.274513 21.363630 -6.203434 -26.528532 -0.675418
-12.945983 -1.523520 -27.231401 0.826698 8.034418 9.565578 13.954828 0.381310 17.008669 -2.861634 9.409992 3.651020 -2.107964 -2.964588 0.002420 -2.331224 -10.904596 4.381293 -4.223295 2.576401 14.357673 0.099392 -11.003034 -15.984706 -8.225277 -5.682101 17.945597 -3.751419 -27.713396 -0.621124
-11.333151 0.073090 -30.299028 -0.346920 5.997279 5.823360 13.338017 0.781438 15.922566 -2.591957 8.297008 1.806582 -1.199133 -3.155663 0.776169 -3.046594 -12.495295 5.908909 -4.536609 2.013998 17.662571 1.425667 -10.065010 -17.976772 -11.401138 -8.184154 23.055174 -7.162121 -24.668009 -1.612102
-12.799501 -0.960458 -27.671637 0.268119 8.563862 8.526408 13.509927 0.092729 16.174206 -3.074055 9.134097 3.048198 -1.878080 -2.967143 0.108815 -2.767164 -11.391401 4.699043 -4.421347 3.090629 15.165956 0.430799 -9.669789 -15.211766 -10.342630 -7.580482 18.246849 -4.751660 -26.613508 -1.785794
-11.806491 -0.814727 -28.227655 0.173643 7.877378 8.095106 13.036009 0.729473 15.850875 -3.166197 8.713424 2.481293 -1.379933 -3.076697 0.203961 -2.937054 -11.766563 5.103190 -4.771354 2.920775 16.571886 0.855038 -8.928290 -16.318768 -11.043867 -8.191192 18.828735 -5.904984 -26.010393 -2.159475
-11.600183 -0.488576 -29.357399 0.134825 7.001381 7.034896 13.270947 0.758352 15.897797 -2.855395 8.483056 2.056114 -1.314817 -3.179268 0.560643 -2.976299 -12.231979 5.495773 -4.628758 2.563983 17.184500 0.969939 -9.159139 -16.781269 -11.462810 -8.337351 20.517361 -6.259547 -25.460176 -1.996227
-16.489164 -7.259418 -17.693275 0.665347 7.646435 22.023344 7.833447 5.515843 17.966448 -5.138448 11.086577 3.643762 -0.943677 -2.970834 -0.333997 -1.894052 -5.736836 -0.494045 -4.586949 4.659779 11.953993 -1.468588 -9.864676 -1.205303 -7.684355 -6.881278 2.528709 -1.112145 -28.903124 1.792863
-12.831392 -2.419392 -26.015764 -2.297036 7.445786 9.557294 5.975928 2.915619 14.944777 -3.455770 9.340130 2.085002 -0.223332 -1.987075 -0.000287 -3.666231 -10.037476 2.751233 -5.285500 2.802783 14.591146 -0.094736 -6.612323 -9.013243 -8.888175 -8.628075 15.846311 -6.901377 -25.626776 1.160509
-9.061428 0.459484 -30.413973 -4.755021 5.611225 3.464043 3.080370 3.463903 12.801591 -3.121856 7.911331 0.133955 0.637083 -1.803116 0.395173 -5.146069 -12.100689 4.928187 -5.100888 0.636380 16.017660 0.593741 -3.720320 -14.978633 -10.562468 -10.334824 23.376610 -12.624427 -23.181055 1.277159
-7.089985 1.983527 -32.227898 -5.333079 6.349104 2.200469 2.005976 3.403773 11.651268 -2.648561 7.285372 -0.217983 0.988811 -1.390455 0.878906 -5.624452 -12.767656 5.743572 -5.153075 -0.810203 16.100899 0.066416 -0.891443 -19.351948 -9.403671 -9.229666 24.637060 -15.554165 -22.537563 1.120399
-6.508203 3.718482 -32.395138 -6.891678 7.148582 1.025337 0.438782 3.094310 10.349999 -2.165256 7.192348 -0.226195 0.956188 -0.564123 1.145184 -5.813156 -12.715288 6.702806 -5.535952 -1.657806 14.785494 -1.474618 0.150251 -21.742447 -7.875279 -7.685115 25.813610 -17.525393 -21.919655 1.034706
-6.471684 5.195189 -31.831537 -8.186819 8.077417 0.505193 -1.535685 2.989518 8.898906 -1.166770 7.326655 -0.115835 1.008349 -0.067518 1.504121 -5.567741 -12.054371 7.816355 -5.723996 -1.993847 13.675930 -3.145599 1.696279 -21.358265 -7.425822 -7.680879 25.416136 -19.013548 -21.105299 1.302783
-7.189579 6.681948 -30.741671 -9.738808 9.061867 0.647079 -3.735052 3.588373 7.417331 -0.656991 6.996239 -0.809990 1.348810 0.160428 2.670925 -5.051066 -11.128716 8.947614 -6.164503 -2.049581 12.829097 -5.944096 3.006688 -20.726849 -7.183248 -8.248053 24.044813 -21.270113 -20.325113 2.419424
-8.166665 7.818536 -29.663916 -10.449316 9.097065 1.136779 -5.067603 4.424546 5.378427 -0.634620 6.728587 -1.530904 2.143590 0.082292 3.567348 -4.545528 -10.537872 9.533950 -6.558838 -1.715363 13.592054 -7.404438 3.769586 -18.853262 -7.778656 -8.427511 22.046656 -22.956106 -18.299541 1.789447
-9.382132 10.082388 -28.620642 -11.753435 8.804016 0.568985 -5.731771 5.136245 3.995410 -0.078648 6.404785 -2.132993 3.242258 -0.282297 4.153457 -4.349055 -10.100426 9.849756 -6.502758 -1.792410 15.198106 -7.449615 3.946959 -17.974373 -9.363852 -8.417418 20.598419 -23.654806 -15.999467 0.664648
-9.953218 11.387070 -27.035223 -11.810151 7.337405 0.579910 -5.814730 6.444013 2.917127 0.378048 6.509042 -2.423580 4.628996 -0.376646 4.617523 -3.394848 -9.367048 10.576635 -6.737786 -1.439204 16.448549 -7.981557 3.381833 -16.607040 -10.130301 -9.428067 20.038544 -24.489210 -13.760387 1.907443
-9.915990 11.580814 -25.513680 -11.625583 5.951540 1.725367 -6.249347 7.927428 2.708139 0.000161 6.645326 -2.265913 5.739536 -0.598492 4.676108 -2.322290 -8.506899 11.143875 -7.244772 -1.061316 17.273973 -8.287442 3.088011 -14.846134 -10.498888 -9.907760 18.785402 -26.273115 -11.937721 2.659267
-9.286599 12.181350 -24.381653 -11.645132 4.414979 3.425351 -6.104883 9.150654 1.926220 -0.472784 6.837735 -2.409417 6.875825 -0.921065 4.617463 -1.319973 -7.907811 10.885737 -7.848476 -0.394323 17.925707 -8.468805 2.891207 -12.724582 -9.818928 -10.045368 17.517147 -27.513273 -11.258800 3.469937
-9.656283 11.668303 -23.427731 -10.732989 2.543982 6.160280 -5.629770 10.307069 1.636842 -1.148365 7.052022 -2.638047 7.936483 -1.343893 4.276615 -0.810901 -7.439304 10.458912 -8.174273 0.611582 18.863983 -8.267132 2.108550 -10.911089 -10.651170 -11.301395 16.228258 -28.510603 -10.471855 4.449650
-9.667352 11.213865 -22.525801 -10.472305 1.274249 9.080482 -6.168334 10.216258 1.974021 -2.484209 7.185091 -3.335212 9.238088 -1.702896 3.901183 -0.589751 -6.925964 9.689383 -8.738530 1.903265 20.582632 -7.815553 1.890251 -8.716791 -10.774561 -12.194483 12.973207 -29.003763 -9.740232 5.013613
-9.952929 11.675566 -21.453728 -12.056061 -1.042537 12.033948 -7.514678 9.265130 2.615459 -2.601622 6.983581 -4.063068 9.960763 -1.906938 3.120660 -1.330467 -6.640529 8.137643 -8.859203 2.213063 22.689867 -6.916662 1.860264 -6.080094 -10.955609 -12.795840 10.813063 -29.451372 -8.598104 6.373581
-10.202875 11.224366 -20.323780 -12.374393 -2.515767 13.034564 -8.700172 9.256634 3.376167 -2.707000 7.174451 -4.454192 10.360528 -2.053576 2.953773 -1.389229 -5.975187 7.182938 -8.916780 1.843432 24.523855 -5.963717 1.707477 -4.388894 -11.493809 -12.495557 8.834506 -29.504976 -7.541275 6.933290
-12.358859 10.106902 -16.785982 -12.029531 1.507077 14.881623 -7.071497 8.369930 5.411316 -3.446133 8.265067 -3.359205 9.173836 -1.631504 2.225486 -1.458491 -4.546584 5.822784 -9.093303 2.897377 17.338430 -5.002916 -0.409842 1.246090 -12.693634 -11.056801 4.907844 -23.241398 -11.383527 5.214800
-13.170268 7.833052 -15.442388 -10.722744 2.427092 16.880671 -6.355252 9.072211 7.043455 -3.612244 8.704679 -2.005508 7.822164 -1.094502 2.506620 -1.339633 -2.895494 4.672184 -8.587008 2.234183 13.927403 -4.941555 -1.516413 4.038752 -11.042285 -8.936413 2.331135 -19.760569 -13.713361 6.205289
