1.370994 25.662563 -10.606034 2.910790 4.022875 -4.883031 11.789218 14.090095 20.735058 -3.869504 -3.570773 6.389825 -0.528073 -9.618908 9.846006 0.005666 -1.822716 -0.159301 -5.027670 -6.137722 8.998256 6.007867 10.320347 -13.614039 -11.909886 11.008825 1.017401 -27.346128 -2.043024 20.543415
1.533910 25.676670 -10.445067 2.824044 4.256422 -4.943481 11.878362 14.181672 20.783491 -4.096457 -3.550392 6.449587 -0.534055 -9.611707 9.829258 0.038994 -1.839139 -0.175375 -5.035290 -6.108844 9.107504 6.013584 10.336078 -13.781522 -12.107935 10.852198 0.942713 -27.380926 -2.022182 20.525558
-0.417788 26.888340 -15.267167 -6.523472 9.692531 -10.857331 13.469594 8.078222 18.250343 -3.436241 -2.072308 9.442934 -3.714473 -4.375308 12.289133 -1.865366 -5.220386 0.715394 -3.818801 -8.257710 1.965509 0.575268 11.606971 -24.328205 -12.746683 6.196769 12.234315 -29.138054 -6.187328 16.442833
-1.163925 27.355190 -15.454700 -7.384735 10.396155 -12.031720 13.518587 6.862429 18.102371 -3.183644 -1.831095 9.878638 -4.358519 -3.733852 12.150867 -1.806350 -4.982446 0.945693 -4.337399 -8.823915 0.130613 0.987100 11.164050 -25.582827 -12.764606 6.187788 12.377550 -29.492428 -7.252280 16.479555
-1.429767 27.910900 -16.353115 -7.606082 11.063310 -13.028506 13.840182 5.629379 17.719915 -2.550229 -1.780999 9.958132 -5.032095 -3.302090 11.944581 -1.930790 -5.373108 1.418182 -4.594123 -9.346916 -2.172239 1.245383 10.691518 -25.641357 -11.947231 6.321692 12.613834 -30.312693 -8.227991 16.016191
-1.518062 28.001301 -16.584467 -7.720664 11.397099 -13.246884 13.949614 5.217649 17.638498 -2.471705 -1.839574 10.026729 -5.366326 -3.167768 11.948425 -2.047066 -5.512883 1.541856 -4.552886 -9.655235 -2.461129 1.185015 10.657982 -25.968016 -11.798282 6.317791 12.897050 -30.105061 -8.621508 16.082212
-1.685686 28.230640 -16.729946 -7.825204 11.859759 -13.665759 14.040116 4.850699 17.521948 -2.281878 -1.811145 10.080524 -5.477327 -3.167029 11.922898 -2.076701 -5.602902 1.540435 -4.493963 -9.682339 -2.780312 1.042285 10.579736 -26.114349 -11.739464 6.305402 13.080083 -30.176834 -8.785954 16.273289
-1.788278 28.279720 -16.862682 -7.947559 12.091363 -13.837855 14.076366 4.642738 17.498116 -2.262359 -1.846414 10.079384 -5.530571 -3.148877 11.938860 -2.085668 -5.543982 1.546676 -4.504322 -9.818598 -2.817101 1.004162 10.586715 -26.211880 -11.594973 6.242086 13.221398 -29.973049 -9.185025 16.296434
-1.733872 28.237198 -16.794689 -7.903933 11.976477 -13.723735 14.058416 4.747370 17.518396 -2.297781 -1.829156 10.077622 -5.507387 -3.152027 11.926236 -2.091285 -5.575871 1.538375 -4.494481 -9.744665 -2.791643 1.006682 10.582641 -26.131977 -11.655304 6.231139 13.146054 -30.110483 -8.975208 16.251831
-1.734777 28.236240 -16.795816 -7.904859 11.977657 -13.724061 14.057881 4.746245 17.518814 -2.298289 -1.829253 10.077539 -5.507359 -3.152414 11.925977 -2.090919 -5.575217 1.538583 -4.494897 -9.744833 -2.792545 1.006279 10.583116 -26.133730 -11.655582 6.231627 13.147075 -30.109774 -8.975097 16.251987
-1.735170 28.235250 -16.796556 -7.906288 11.978165 -13.723714 14.057506 4.745428 17.519239 -2.299388 -1.829531 10.077210 -5.506728 -3.152490 11.926040 -2.090802 -5.574670 1.538615 -4.495313 -9.744940 -2.792447 1.006034 10.583787 -26.134983 -11.654969 6.231994 13.148200 -30.108072 -8.977919 16.251186
-1.735170 28.235250 -16.796556 -7.906288 11.978165 -13.723714 14.057506 4.745428 17.519239 -2.299388 -1.829531 10.077210 -5.506728 -3.152490 11.926040 -2.090802 -5.574670 1.538615 -4.495313 -9.744940 -2.792447 1.006034 10.583787 -26.134983 -11.654969 6.231994 13.148200 -30.108072 -8.977919 16.251186
-1.734829 28.236198 -16.796055 -7.905215 11.977913 -13.724436 14.057733 4.746014 17.518835 -2.298349 -1.829127 10.076829 -5.507303 -3.152787 11.926444 -2.090168 -5.575243 1.538414 -4.495155 -9.744083 -2.792394 1.006861 10.581737 -26.134708 -11.655178 6.231984 13.148437 -30.108366 -8.976686 16.251553
-1.734777 28.236240 -16.795816 -7.904859 11.977657 -13.724061 14.057881 4.746245 17.518814 -2.298289 -1.829067 10.076994 -5.507694 -3.152784 11.926422 -2.090228 -5.575417 1.538419 -4.494967 -9.744282 -2.792371 1.006991 10.581355 -26.133991 -11.655458 6.231728 13.147816 -30.109293 -8.975359 16.251923
-1.734777 28.236240 -16.795816 -7.904859 11.977657 -13.724061 14.057881 4.746245 17.518814 -2.298289 -1.829067 10.076994 -5.507694 -3.152784 11.926422 -2.090228 -5.575417 1.538419 -4.494967 -9.744282 -2.792371 1.006991 10.581355 -26.133991 -11.655458 6.231728 13.147816 -30.109293 -8.975359 16.251923
-1.737805 28.238779 -16.795214 -7.910239 11.985565 -13.725409 14.064768 4.744057 17.519558 -2.291276 -1.828855 10.076813 -5.507832 -3.152438 11.926870 -2.090158 -5.575044 1.538551 -4.495240 -9.744477 -2.791112 0.998538 10.584004 -26.128593 -11.660635 6.231930 13.145604 -30.125071 -8.964184 16.241390
-1.734582 28.237213 -16.794287 -7.908344 11.979459 -13.722067 14.059916 4.747821 17.520590 -2.291924 -1.829053 10.077423 -5.508384 -3.152863 11.926315 -2.090048 -5.575758 1.538804 -4.494646 -9.744313 -2.791504 1.006708 10.581039 -26.133236 -11.655167 6.231138 13.147590 -30.109348 -8.976004 16.252752
-1.734191 28.237335 -16.794355 -7.908663 11.979156 -13.721796 14.059931 4.748026 17.520700 -2.292149 -1.829064 10.080912 -5.507941 -3.152650 11.924042 -2.091973 -5.575819 1.538641 -4.493823 -9.745105 -2.793288 1.009024 10.578323 -26.134254 -11.654879 6.231748 13.148129 -30.109743 -8.978373 16.249868
-1.737690 28.239061 -16.795313 -7.910656 11.985565 -13.725270 14.064799 4.743927 17.519594 -2.291380 -1.828875 10.079241 -5.507657 -3.152553 11.925047 -2.091625 -5.575181 1.538461 -4.494637 -9.743919 -2.792710 0.998802 10.586436 -26.129366 -11.659872 6.232175 13.142753 -30.127161 -8.966433 16.239441
-1.804862 28.180668 -16.812857 -7.874815 11.919987 -13.743632 14.210554 4.728566 17.665083 -2.299409 -1.825264 10.066609 -5.517851 -3.163249 11.934315 -2.078665 -5.580154 1.537701 -4.495632 -9.736517 -2.791039 0.999656 10.613594 -26.133690 -11.654174 6.233521 13.136640 -30.114527 -8.976572 16.263813
-1.804395 28.180851 -16.812422 -7.874146 11.919312 -13.743543 14.210443 4.729228 17.665035 -2.299132 -1.825978 10.065905 -5.517760 -3.162722 11.934894 -2.078932 -5.580133 1.537832 -4.495330 -9.737269 -2.790504 0.998483 10.616096 -26.133377 -11.654451 6.233534 13.134855 -30.115347 -8.974595 16.263670
-1.804494 28.181517 -16.812857 -7.874023 11.919615 -13.744208 14.211065 4.729043 17.664656 -2.298713 -1.825549 10.065916 -5.518142 -3.163104 11.935032 -2.077964 -5.580381 1.537271 -4.495630 -9.737060 -2.791078 0.998405 10.616569 -26.133308 -11.654640 6.233871 13.135054 -30.115446 -8.974375 16.264111
-10.425020 24.142776 -7.069639 -7.532197 19.087965 -7.114927 16.956383 3.272618 22.060787 -1.988966 2.750189 10.684198 -7.629805 -3.306160 7.680478 -0.640906 -1.889925 1.609527 -4.090647 -8.483564 -8.987418 -2.091153 5.465130 -25.038204 -14.775991 2.192415 3.503071 -23.952906 -13.975046 18.119181
-13.916733 23.751078 -2.921471 -8.906771 20.895700 -4.623125 17.412848 2.964083 23.167271 -0.746218 3.237631 10.959721 -8.651829 -3.035873 7.291203 -0.477346 -0.489320 1.830796 -4.449476 -8.398042 -10.495421 -4.473598 3.303403 -25.804008 -14.196630 1.551516 1.066645 -23.484449 -14.372749 19.122908
-15.190311 24.239220 0.193607 -8.590091 21.905363 -3.999169 18.005732 3.524174 23.379332 0.778113 2.316919 11.905219 -9.842150 -2.840756 7.748724 -0.438984 0.462708 1.895897 -5.163691 -8.079370 -10.595592 -5.850118 1.901005 -26.844795 -13.016230 1.387293 -0.238695 -22.830452 -14.675012 21.150200
-16.185886 26.191959 2.058518 -7.893795 23.074381 -4.841739 18.023315 2.894455 23.577812 2.998177 1.755216 12.372494 -10.659230 -2.783676 7.726581 -0.305283 1.336577 2.004799 -5.516309 -7.576121 -9.237545 -6.981843 0.612274 -28.242554 -11.884307 1.637743 -1.579596 -22.334679 -13.745772 22.855881
-17.803692 26.447950 4.315494 -7.052198 24.826799 -5.817177 17.933411 2.321679 22.789667 4.709129 1.894410 12.372761 -11.608550 -2.396915 7.578597 -0.227663 2.427464 2.429656 -5.502270 -6.989386 -9.841428 -8.983255 -1.344466 -29.299732 -11.409897 1.305549 -2.969898 -21.853153 -13.259508 24.022774
-20.086613 27.376263 4.577031 -6.405781 24.143423 -4.445026 13.336839 1.503641 17.417040 9.885299 1.400946 11.061443 -12.762909 -1.725098 7.697361 -1.408136 3.592840 3.098081 -5.344933 -6.813391 -14.019630 -11.792944 -3.008661 -22.367523 -5.996633 5.887029 -4.611134 -20.267918 -11.863472 23.701527
-20.696743 27.493042 6.104266 -7.896472 24.924133 -5.366007 10.057776 1.535301 14.356041 11.830317 1.405026 9.935720 -13.563695 -0.872839 7.578120 -2.304682 4.442465 3.471710 -5.349647 -6.688240 -15.951802 -14.674116 -3.777281 -21.029276 -5.858320 6.981167 -4.645339 -18.563166 -10.335842 23.032902
-22.351631 26.987865 7.657898 -8.030113 24.529078 -6.525844 7.877393 2.094351 12.512252 13.268448 1.027669 8.800011 -13.804125 -0.277091 7.628005 -3.020145 5.497092 3.721136 -5.507797 -6.238997 -15.758202 -16.353146 -5.384120 -19.224079 -4.623382 8.313535 -4.301847 -15.964183 -8.896511 22.983862
-24.022835 25.961321 9.163223 -9.490047 23.382364 -8.265364 6.245586 2.816871 10.951941 14.176491 0.818578 7.482421 -13.657789 0.354201 7.975283 -3.552244 6.442877 4.608177 -5.536992 -6.266419 -16.081253 -17.771278 -7.062725 -17.645706 -3.742017 8.608830 -4.520067 -14.071336 -8.000721 22.094742
-24.906792 23.957861 9.661534 -10.446726 22.263199 -9.019370 3.852454 3.630344 9.144496 16.009226 1.099419 6.337125 -13.546812 1.193295 8.361359 -4.127008 7.581131 5.232819 -4.858082 -6.430840 -16.583378 -19.424831 -7.891223 -15.627409 -4.334176 9.084915 -4.729183 -11.681726 -6.564354 21.105255
-26.095016 22.810925 11.079284 -11.758148 20.657080 -9.228058 1.338826 4.480266 6.530598 18.443327 1.513305 5.047827 -13.184384 1.886931 8.581088 -4.885057 8.614956 5.800896 -3.291250 -6.758264 -17.055548 -22.112532 -8.312416 -12.710812 -3.474852 10.365873 -4.677734 -9.792977 -4.016494 20.379930
-27.099384 19.892307 13.058384 -12.537010 17.782059 -9.674298 0.085392 6.017821 3.945781 20.431767 1.465871 2.840014 -12.427144 2.714120 8.918768 -6.026763 9.471188 5.812609 -2.022280 -6.618466 -16.779196 -25.232750 -7.810372 -11.064830 -1.502302 11.147377 -4.501497 -8.270669 -1.800261 19.398800
-26.089638 16.225277 15.056461 -12.016005 16.007439 -9.270896 -1.819654 8.095061 0.497385 22.596481 1.109686 1.548079 -11.632983 3.511781 9.478095 -6.882561 10.491688 4.892097 -0.982477 -5.427694 -15.054877 -27.354198 -6.878883 -8.313457 -0.271794 12.454222 -4.286153 -6.307890 1.312060 17.011072
-25.753502 12.920293 15.743761 -11.091151 12.704384 -11.161595 -2.691630 10.717514 -2.107434 25.210039 1.230268 0.659383 -10.723728 3.761659 9.379438 -7.453480 11.358774 4.117090 0.326532 -3.973840 -12.112171 -28.287033 -5.687976 -6.015497 0.187201 13.594227 -4.126413 -3.657064 5.032622 14.705908
-23.404875 8.625439 17.853598 -8.887160 7.590606 -9.609679 -2.266339 14.611225 -4.717301 27.492792 1.203035 -0.618335 -9.611127 3.271724 9.145445 -7.611135 12.415377 3.763917 1.770407 -2.383175 -8.006019 -27.483656 -3.983450 -2.702541 -1.130700 14.625624 -3.551009 -0.235002 9.942373 14.730069
-20.755720 6.483766 19.131353 -7.713433 2.717560 -8.445682 -1.845767 19.254665 -8.049958 30.887638 0.756561 -2.107206 -8.451632 2.535745 9.439024 -7.705683 12.856308 2.771037 3.074119 -0.763714 -4.221647 -27.182384 -1.766707 0.336728 -2.479195 16.376911 -4.063156 2.975761 13.322609 13.418668
-18.415417 3.941142 18.989122 -6.145227 0.563522 -9.177216 0.033571 22.160595 -9.558797 32.765079 0.542037 -2.787246 -8.099001 2.406223 9.259619 -8.156772 13.173744 2.613454 4.138640 0.651514 -1.551186 -27.189726 -1.367740 1.335183 -3.007230 17.035553 -4.718494 6.606564 14.128448 12.531536
-17.800913 3.802345 18.890112 -5.949002 0.430082 -8.922318 0.335991 22.757460 -9.854409 32.956352 0.618708 -2.915612 -7.917101 2.297090 9.029022 -8.210107 13.272367 2.146818 4.364304 1.089272 -0.391104 -26.941664 -0.782454 1.605017 -3.251414 17.238842 -5.145156 7.404422 14.229778 11.918941
-16.798174 2.828250 19.326065 -5.909632 -1.483146 -6.553222 -0.525527 24.090315 -10.330676 33.277821 0.787420 -3.524237 -7.365316 1.841749 8.762481 -8.218835 13.439901 1.961241 4.664731 1.149181 0.953113 -26.623276 0.344739 3.927180 -4.242504 16.902132 -6.021338 7.476460 15.675777 11.144895
-16.344017 3.019574 16.712046 -5.904431 1.731346 -10.865409 0.662692 22.985235 -9.764862 32.328197 0.716174 -1.724577 -8.666684 2.671274 8.349663 -8.305129 12.952379 1.603329 4.359379 1.478010 -0.575236 -26.163107 -0.650742 -0.870429 -2.906097 18.069448 -4.542829 8.740421 12.907518 10.156518
-16.518742 3.373107 12.696459 -5.047236 7.560105 -16.401857 1.035045 19.994471 -6.861928 29.872713 0.908150 1.025311 -10.446708 3.731835 7.612941 -7.990250 12.516314 1.241008 2.963025 1.535173 -4.097455 -25.758572 -2.498613 -7.469498 -1.612975 18.825407 -3.201411 8.242049 9.023902 8.228045
-15.191569 4.637249 11.081266 -5.554848 8.496469 -17.917231 0.084988 21.208996 -5.841547 30.498861 1.244648 1.033114 -11.133960 3.404019 6.974405 -8.266856 11.972546 0.878416 3.522649 1.906200 -3.849356 -24.489605 -1.254108 -7.962163 -2.742724 19.591555 -1.741737 8.773241 7.627732 6.696668
-14.880930 1.609867 11.434857 -2.555228 7.221980 -16.784927 0.115725 21.807348 -6.296240 30.067150 1.403482 0.466844 -10.105158 3.540435 6.585880 -8.503725 12.358137 -0.905483 3.224321 2.039518 -3.965657 -23.458658 -1.724412 -7.207709 -2.545340 21.258146 -4.052543 8.530445 9.546848 4.410754
-14.936961 0.567218 10.869725 -0.999299 9.745388 -17.553076 0.530859 20.270271 -4.333497 28.081797 1.631582 1.530909 -10.535779 3.926454 6.066644 -8.156341 12.433069 -1.437277 2.171057 2.243739 -5.679607 -23.188589 -2.600712 -9.985814 -1.610303 21.749529 -4.362494 7.476744 8.601601 2.419755
-15.194558 -1.244735 9.632277 0.429810 10.855577 -18.183598 1.825541 19.529476 -2.756850 26.649982 1.821295 1.791358 -10.334456 4.209233 5.759632 -8.143747 12.138601 -2.252053 1.638501 1.881430 -6.817508 -22.718615 -3.267334 -11.234242 -1.170913 22.200130 -5.663467 6.372094 8.699366 0.866425
-15.809127 -3.179078 7.539741 1.832040 13.906940 -20.525185 2.346550 18.543097 -1.414634 23.978477 2.259665 2.488786 -10.190006 5.174875 5.372427 -8.027811 11.681427 -2.658226 0.231817 1.220602 -8.739091 -21.703611 -4.875756 -13.443429 -0.052485 21.782871 -7.585960 4.021801 6.358443 -1.297735
-16.751411 -4.994069 5.915701 2.273970 16.044069 -21.503508 3.808911 18.141615 -0.253206 22.134941 2.610801 2.873680 -9.490415 6.038709 5.759011 -7.986298 11.282734 -2.598515 -0.712033 1.225519 -10.215013 -21.128830 -5.240406 -14.328887 -0.609680 21.631739 -9.038036 1.684160 4.921459 -3.628053
-17.565178 -6.821559 5.416560 2.336818 16.554493 -20.476227 3.980235 18.510479 0.429289 19.876051 3.103433 3.144296 -8.958097 6.460208 6.012820 -7.605699 10.950554 -1.911452 -1.585624 1.733129 -10.849992 -20.160946 -5.746020 -14.246924 -0.445843 21.313993 -11.012069 -0.383613 4.042836 -5.938596
-19.199327 -8.042130 5.137744 1.814110 16.761494 -19.902735 3.174341 18.478868 0.991638 18.978956 3.239383 2.757696 -8.395430 6.712296 6.457411 -7.352772 10.308641 -0.883479 -1.844065 1.567835 -11.143575 -20.134670 -5.854065 -13.488017 -1.260821 20.499346 -12.338819 -2.635983 3.957375 -7.451660
-19.317074 -9.496038 4.229917 0.223510 15.834816 -18.211664 1.438078 19.312799 1.297376 17.636835 3.720778 2.884745 -7.608988 7.163901 6.958150 -7.085561 9.775253 -0.305262 -2.331362 1.703316 -11.420219 -19.551210 -5.386856 -12.752357 -1.243357 20.056591 -13.212482 -5.124866 3.062859 -9.769803
-20.150063 -10.744107 4.248062 -2.441139 14.971022 -17.768398 0.254055 20.872356 1.138519 16.694195 3.910397 2.194995 -6.841105 7.388644 7.815827 -6.867985 9.098904 0.711985 -2.570385 1.602269 -11.117354 -20.608400 -5.466337 -11.415325 -1.849699 18.387184 -14.874942 -7.375464 3.551666 -10.881087
-21.459545 -12.107901 4.269074 -4.216893 16.356983 -15.909412 0.341653 20.253366 0.780395 13.762268 4.268428 2.185500 -5.927376 7.853276 8.604733 -6.123772 7.377481 1.877223 -4.130077 1.729678 -10.103073 -22.474436 -6.208525 -12.061648 -2.160921 15.012965 -16.733095 -9.874812 2.476386 -10.837379
-24.719982 -11.830530 5.757828 -5.974143 17.740089 -12.449961 3.742478 18.145554 0.370112 12.272347 4.012056 1.104894 -3.990010 8.646535 9.637209 -6.352419 6.589784 2.638610 -4.912429 1.664491 -10.221439 -25.120300 -7.436262 -11.481205 -3.078871 11.272873 -18.271196 -13.168171 2.400555 -9.414576
-27.527401 -10.423216 6.253096 -7.079813 18.425207 -9.472926 5.536607 16.272238 -0.666197 12.668643 3.967362 0.500166 -3.650242 8.995601 10.451724 -6.790262 6.068218 3.076591 -4.886939 0.540532 -11.183825 -27.804827 -8.165735 -9.127488 -1.597534 9.622574 -17.900106 -15.485782 2.711454 -7.301511
-28.169357 -9.927744 6.363433 -7.781779 18.251715 -9.090477 5.734859 15.702743 -0.809054 12.905157 3.898811 0.564216 -3.861064 8.830145 10.422235 -6.896072 5.709377 3.118714 -4.760276 0.225772 -11.332562 -28.102312 -8.145473 -9.106294 -1.574492 9.237229 -17.059149 -15.046840 2.260669 -6.534445
-28.583378 -10.131339 7.737399 -7.323222 16.979685 -9.240167 5.721380 16.500845 -1.793120 14.596850 3.989079 -0.579515 -3.116513 8.984414 10.612000 -7.054857 6.442201 3.202135 -4.205328 0.363220 -10.976731 -28.518055 -8.503446 -7.051389 -1.244279 10.084360 -17.362494 -14.367162 4.509680 -6.768173
-28.129438 -10.306931 9.170117 -6.543986 15.157100 -8.778349 6.286082 17.307905 -2.794225 15.598801 4.119534 -1.330002 -3.115746 8.678996 10.418951 -7.176968 6.993478 3.154314 -3.637962 0.416841 -10.092286 -28.766287 -8.223023 -5.128927 -1.276151 10.852121 -16.416708 -13.368011 6.944700 -6.829747
-27.079622 -10.655550 10.692891 -6.007611 13.050082 -8.386715 5.466417 19.080370 -4.253893 16.961901 4.284557 -2.399826 -2.735477 8.375607 10.070493 -7.474327 7.691135 3.189868 -2.871713 0.532689 -8.906728 -28.924498 -7.550719 -2.824017 -1.836629 11.159969 -15.778490 -12.812544 9.838203 -6.777112
-27.051109 -10.615051 10.390042 -5.988567 13.234129 -8.505017 5.519319 18.816233 -3.983539 16.614639 4.284037 -2.208350 -2.711125 8.508955 10.038680 -7.450580 7.561696 3.209059 -3.064560 0.487937 -9.016125 -28.871500 -7.875086 -2.991438 -1.749775 11.194052 -16.107069 -12.514700 9.452194 -6.735167
-27.254345 -10.720247 9.993470 -6.018939 13.500927 -8.733506 5.549866 18.584543 -3.828293 16.327932 4.091073 -1.919222 -2.663657 8.583330 10.107306 -7.395107 7.452490 3.124882 -3.343550 0.559063 -9.373312 -28.789532 -8.057117 -3.732437 -1.579170 11.306219 -16.487139 -12.921273 8.780925 -6.803120
-23.532120 -15.798923 4.723425 -8.031965 18.150894 -13.241146 7.649577 20.042196 -2.480578 9.266935 4.624305 -0.757086 -2.063674 8.991498 8.085399 -7.468608 4.037067 0.985006 -5.992816 3.641015 -6.381595 -31.096470 -6.881307 -15.046081 -4.457298 3.191396 -14.836962 -9.565373 1.872510 -5.282476
-20.533230 -20.634689 3.956069 -10.294729 18.218809 -15.568089 8.185897 23.018126 -2.418856 4.731087 5.037622 -1.067212 -1.777068 9.542694 6.612969 -7.832890 3.818621 -0.771431 -7.275777 5.010204 -2.739704 -30.287817 -6.251297 -20.907240 -7.114465 -0.297395 -14.761148 -6.782009 -0.107547 -6.615939
-20.378681 -22.533951 4.231924 -9.253290 17.135807 -16.572166 8.930923 24.646849 -3.551267 5.984492 5.409122 -1.418146 -1.796218 9.455917 5.882646 -8.004834 4.427861 -1.159920 -6.873678 5.619382 -1.675168 -30.895512 -6.072427 -20.248451 -7.361481 0.368844 -14.340867 -3.815585 2.052837 -6.657949
-19.301373 -23.488430 5.816113 -7.863840 15.656760 -16.511213 9.074611 26.370348 -4.223705 7.279058 5.538477 -1.968188 -1.515569 9.173279 5.445702 -8.120636 5.153126 -1.014936 -6.172659 6.106680 -0.802110 -31.499853 -5.552992 -18.380375 -7.509929 1.389878 -14.224710 -2.223197 5.091873 -6.545873
-18.691380 -24.054012 6.451405 -7.363323 15.115884 -16.265097 8.665807 27.401096 -4.826205 7.453248 5.676369 -2.242976 -1.432139 9.084541 5.286726 -8.195107 5.583240 -1.010655 -5.773067 6.232765 -0.234908 -31.402685 -4.951831 -17.574100 -7.616955 1.984009 -13.976451 -1.936503 6.504943 -6.566075
-19.070101 -23.801292 6.261981 -7.562347 15.438931 -16.404772 8.791253 27.059362 -4.808030 7.562172 5.731714 -2.294088 -1.411676 9.143463 5.287955 -8.221702 5.379585 -0.968828 -5.861589 6.121675 -0.444589 -31.629169 -5.092999 -17.894058 -7.694359 1.711319 -13.997642 -1.863873 6.205854 -6.464694
-19.117661 -23.908049 6.120960 -7.822759 15.246082 -16.383169 8.953711 27.003134 -4.767294 7.521791 5.624657 -2.256583 -1.485477 9.170547 5.252703 -8.260699 5.311316 -1.032900 -6.051664 6.089165 -0.516328 -31.576708 -5.182870 -17.881516 -7.580873 1.537201 -14.019008 -1.827688 5.856814 -6.470343
-19.019384 -23.504417 6.027230 -8.132443 15.664806 -16.391047 9.093104 26.696623 -4.188473 7.074462 5.607659 -2.103965 -1.461938 9.169296 5.374105 -8.200519 5.180933 -1.064222 -6.092076 6.083182 -0.668668 -31.378887 -5.259295 -18.492514 -7.965913 1.242400 -14.120942 -2.111498 5.361281 -6.659637
-19.107504 -23.940933 6.173044 -7.816409 15.323591 -16.383280 8.933163 27.114336 -4.728433 7.562056 5.701952 -2.290383 -1.428968 9.149370 5.241609 -8.260962 5.350908 -0.964976 -5.894156 6.098760 -0.587588 -31.548239 -5.171274 -17.903019 -7.656140 1.576208 -13.931058 -1.864610 5.943703 -6.450212
-18.940681 -23.661659 5.975419 -8.147684 15.833179 -16.434872 9.026257 26.751451 -4.468636 7.037939 5.586882 -2.031105 -1.545387 9.168232 5.423745 -8.115743 5.111047 -1.042805 -6.154985 6.087157 -0.906278 -31.234884 -5.490344 -18.514709 -7.847320 1.244160 -14.426621 -2.255398 4.936963 -6.769493
-19.185974 -23.505501 5.695879 -8.218023 16.014072 -16.272999 8.882093 26.379129 -4.154223 6.839078 5.580457 -2.029454 -1.530789 9.189417 5.557676 -8.084796 4.998240 -1.015772 -6.245024 5.835944 -1.059268 -31.199526 -5.686494 -18.573748 -7.579005 1.124442 -14.419565 -2.442881 4.317245 -6.278763
-19.703197 -23.422173 5.277592 -8.177940 16.162254 -16.663904 9.191228 25.957067 -4.048671 6.654935 5.443169 -1.859848 -1.645916 9.229931 5.623448 -8.039932 4.918048 -1.140950 -6.483997 5.835430 -1.277080 -31.009459 -5.871885 -18.919043 -7.204749 1.344363 -14.379889 -2.691621 3.750685 -6.597551
-19.698200 -23.124031 4.812984 -8.461222 16.660646 -16.849939 9.281261 25.831751 -3.912511 6.617822 5.480329 -1.820246 -1.701134 9.288076 5.682633 -8.045806 4.769824 -1.117138 -6.557278 5.746498 -1.695883 -31.059109 -5.916447 -19.265848 -7.223300 1.207891 -14.323760 -3.164241 3.293253 -6.866533
-19.905411 -23.290401 4.767844 -8.475061 16.760374 -16.727844 9.360384 25.682083 -3.957212 6.585544 5.511752 -1.749715 -1.719671 9.313285 5.711087 -8.011405 4.709257 -1.031277 -6.522617 5.741428 -1.744245 -31.104820 -5.907045 -19.484188 -7.153826 1.183400 -14.467927 -3.058535 3.056893 -6.845408
-19.094046 -23.893002 6.164489 -7.795809 15.317513 -16.396250 8.916370 27.054203 -4.729804 7.555396 5.686802 -2.322653 -1.435458 9.144211 5.290427 -8.232812 5.354369 -0.958186 -5.916781 6.095098 -0.609681 -31.625219 -5.140477 -17.904507 -7.626189 1.550073 -13.894677 -1.875427 5.946038 -6.376116
-19.095581 -23.546614 6.003466 -8.133503 15.767239 -16.469183 9.096441 26.640224 -4.311545 6.994665 5.612920 -2.027717 -1.491838 9.169996 5.401539 -8.143937 5.136392 -0.991672 -6.114792 6.096484 -0.892260 -31.399214 -5.366139 -18.554375 -7.825215 1.246618 -14.230879 -2.188029 5.090117 -6.619094
-19.219810 -23.489201 5.701789 -8.240529 15.883137 -16.328873 8.932144 26.421608 -4.212077 6.920076 5.602446 -2.031531 -1.523809 9.167672 5.556295 -8.074758 5.034344 -1.014414 -6.235807 5.854877 -0.973174 -31.155832 -5.625824 -18.431526 -7.661683 1.115806 -14.420167 -2.408060 4.486964 -6.333344
-19.388744 -23.457623 5.469350 -8.256526 16.226650 -16.522593 9.100554 26.181368 -4.036970 6.593575 5.479580 -1.867619 -1.617371 9.238943 5.570698 -8.051257 4.906579 -1.132480 -6.497041 5.828267 -1.201567 -30.938990 -5.797804 -18.884172 -7.300419 1.228373 -14.491916 -2.698265 3.744156 -6.565887
-19.899429 -23.251575 4.773358 -8.442713 16.717983 -16.768272 9.283159 25.632719 -3.975531 6.596729 5.475543 -1.747750 -1.696691 9.279058 5.700541 -8.013195 4.762641 -1.067954 -6.551504 5.749377 -1.678378 -31.034361 -5.892324 -19.359932 -7.306309 1.112690 -14.377136 -3.045642 3.186753 -6.790172
-19.106470 -23.463579 5.762241 -8.258683 15.717624 -16.545225 8.933202 26.588682 -4.289963 7.081053 5.589097 -2.037336 -1.597253 9.139904 5.407485 -8.119836 5.078459 -1.013089 -6.149848 6.001652 -0.966543 -31.253250 -5.537348 -18.645559 -7.810145 1.257217 -14.524468 -2.174534 4.758434 -6.570171
-19.196806 -23.534382 5.486805 -8.183929 16.300491 -16.294090 9.023268 26.310484 -4.201471 6.634521 5.535258 -1.933354 -1.569131 9.233394 5.572418 -8.059782 4.933514 -1.127153 -6.402457 5.804415 -1.102246 -30.897121 -5.804931 -18.836851 -7.328642 1.263711 -14.505035 -2.633769 3.881841 -6.600041
-19.718765 -23.476950 4.781508 -8.574375 16.338202 -16.575212 9.142935 25.874739 -3.777884 6.623541 5.501027 -1.845259 -1.677597 9.283005 5.667623 -8.066124 4.783092 -1.101746 -6.511205 5.755815 -1.594082 -30.879902 -5.914982 -19.185030 -7.208475 1.222533 -14.366530 -3.104955 3.226370 -6.858325
-19.828358 -23.237480 4.615241 -8.508165 16.750675 -16.639200 9.029041 25.647848 -4.105931 6.600419 5.498018 -1.752979 -1.679236 9.324444 5.701173 -8.015389 4.677697 -1.015646 -6.564171 5.752305 -1.554869 -30.626316 -5.982952 -19.449467 -7.152023 1.112342 -14.570636 -3.103902 2.796008 -6.833483
