-6.254461 27.385355 -17.382351 22.562229 -2.052407 3.205947 -6.807298 2.167475 -7.095006 -8.060888 2.578420 2.676098 3.686329 -9.399208 -3.170604 -4.778511 -4.149077 8.632330 -3.126200 -6.887508 8.667834 5.998398 10.228781 -13.441109 -12.287895 10.913951 0.700983 -26.953407 -2.100169 20.597702
-6.427149 25.532505 -17.124268 20.086882 -3.395725 4.464172 -7.783457 2.046304 -6.647447 -9.619892 3.302799 3.169690 4.257582 -8.751520 -2.449540 -4.302104 -4.350426 7.948792 -3.106417 -6.479664 9.575809 6.300604 9.965674 -11.290130 -10.013824 10.830547 1.176395 -24.920134 -4.657652 20.054018
-6.097067 26.224232 -17.023849 21.109581 -3.510942 4.735106 -7.063842 2.156636 -7.032061 -9.632998 3.026176 2.936422 4.084722 -8.924875 -2.965077 -4.676561 -4.471708 8.317732 -3.263391 -6.546083 9.988350 6.658129 10.332294 -13.763749 -11.646355 10.056329 0.869618 -26.384094 -3.547949 20.465456
-5.667271 25.442818 -16.398046 19.189682 -4.963890 6.675493 -6.682893 2.322759 -7.313793 -11.112041 3.273347 3.489201 4.488060 -8.341981 -2.754378 -4.626843 -4.703496 8.127784 -3.326074 -6.474186 10.852531 8.139485 10.113469 -12.375124 -10.657930 9.889627 0.395309 -25.008514 -5.677938 20.142147
-5.527287 24.383930 -16.226500 18.244246 -6.052385 8.406237 -6.266092 2.390299 -7.666243 -12.422209 3.680793 3.738980 4.960591 -7.742796 -2.323982 -4.436105 -5.060383 7.984587 -3.392113 -6.078644 11.885430 9.261049 10.081173 -11.908993 -10.091526 9.313255 -0.079429 -24.220261 -7.324895 19.520174
-5.637877 23.720886 -16.229502 17.816000 -6.574977 9.547001 -6.018573 2.352823 -7.803174 -13.042261 3.973105 4.283195 5.003981 -7.419034 -1.995530 -4.138648 -5.340747 8.148324 -3.377169 -5.759875 12.525640 10.422894 10.129786 -12.118472 -10.427292 8.675400 -0.903152 -24.315781 -8.092733 18.615250
-5.285477 23.320827 -16.039743 17.722507 -6.925369 10.762723 -4.974610 2.100137 -8.281793 -13.713245 4.167572 4.712761 4.994124 -7.223907 -1.722539 -3.789375 -5.593362 8.547337 -3.399170 -5.414184 12.797963 11.202730 9.992682 -11.821255 -10.081355 8.511525 -1.408170 -23.886330 -9.049460 18.001526
-5.068780 22.720644 -16.152056 18.022413 -7.546250 11.777201 -4.187995 1.920819 -8.337061 -14.182930 4.377262 4.941164 4.971976 -6.999335 -1.622132 -3.699258 -5.868427 8.472223 -3.472719 -5.271029 13.803800 11.301521 10.081703 -11.740653 -10.092673 7.692914 -1.553422 -23.496250 -9.810179 17.481487
-4.874808 22.075935 -16.700903 18.938723 -7.620900 12.491598 -3.447304 1.746936 -8.089509 -14.419285 4.462869 5.239662 4.649429 -6.866216 -1.715854 -3.760715 -6.267109 8.679103 -3.466484 -5.148115 14.254709 10.921747 10.314683 -12.134104 -10.159297 6.907403 -1.002733 -23.038870 -10.477201 17.370968
-4.296260 21.233864 -17.333792 19.940891 -7.020605 13.284397 -2.866611 1.463695 -7.604253 -14.959313 4.463126 5.005895 4.452204 -6.677359 -2.174629 -4.332520 -6.725952 8.319242 -3.573623 -5.060508 15.193945 9.859285 10.503045 -12.679467 -10.445726 5.624094 -0.184210 -22.636703 -10.891645 17.609550
-4.096251 20.435862 -18.189482 20.737776 -6.721281 13.175941 -2.575392 1.057135 -7.057365 -15.094160 4.503461 4.766503 4.348879 -6.532065 -2.662400 -4.819277 -7.109287 7.867965 -3.740576 -5.074710 16.172419 8.437693 10.547473 -12.842568 -10.759588 4.318816 0.947512 -22.030483 -11.177635 18.474035
-3.984034 19.504038 -18.813223 21.668234 -6.001860 12.843585 -2.711862 0.947994 -6.485462 -15.137615 4.427557 4.135730 4.565180 -6.627271 -3.298572 -5.406225 -7.418818 7.412162 -3.976930 -4.730381 16.960619 7.088661 10.779376 -13.768743 -11.393339 3.222777 2.289545 -21.699043 -11.051196 19.266361
-3.949899 18.391716 -19.668554 22.959848 -4.817333 12.123541 -3.071278 0.938131 -5.716475 -15.085789 4.426298 3.529841 4.614779 -6.773776 -3.709669 -5.574463 -7.600527 6.899514 -4.270361 -4.492781 17.945276 5.816576 10.585495 -14.042855 -11.525028 2.305634 3.327631 -20.989771 -11.092988 19.718498
-4.215200 17.926800 -20.125690 23.170126 -3.798289 11.079661 -3.966867 1.123027 -5.136284 -14.907345 4.383851 3.002028 5.118632 -6.951759 -4.109800 -5.766553 -7.583423 6.491838 -4.551015 -4.117908 18.856169 4.841848 10.884145 -14.734535 -11.764205 1.695715 4.491242 -20.080963 -11.165810 19.873310
-4.377926 17.748444 -20.355644 23.129412 -2.917936 9.771830 -4.683210 1.547903 -4.630252 -14.729197 4.375983 2.395365 5.808899 -6.990212 -4.216980 -5.922108 -7.494111 6.201721 -4.781969 -3.739947 19.479046 4.392614 10.848010 -15.625151 -12.319181 0.848957 5.392981 -19.571838 -11.432178 20.020699
-4.977610 17.535202 -20.688776 22.544714 -2.419855 8.623717 -5.705642 1.797935 -4.262639 -14.289705 4.401014 1.792402 6.536523 -7.155552 -4.026867 -5.600630 -7.307969 6.118634 -5.048030 -3.205351 19.709089 3.792156 11.192667 -16.616085 -12.735500 0.507681 6.666362 -18.932360 -11.641655 19.869844
-5.514984 17.954144 -20.893789 21.973158 -1.911868 7.292404 -6.480292 2.025785 -3.827760 -13.882270 4.240947 1.485757 7.156484 -7.151352 -3.933308 -5.725861 -6.959476 6.403698 -5.028261 -2.869292 19.882454 3.045389 11.463548 -18.087296 -13.483847 -0.361163 7.608068 -18.643110 -11.784113 19.817162
-6.132710 18.259003 -20.764265 21.544275 -0.924619 6.348410 -6.635735 2.114444 -3.905709 -13.747974 4.123919 1.251893 7.806349 -7.279478 -3.723281 -5.578589 -6.586817 6.775999 -4.977386 -2.262702 19.866163 1.963209 11.835487 -19.129856 -13.624254 -0.999937 8.770761 -18.390512 -12.086577 19.369595
-6.799716 18.735359 -20.767389 21.745111 0.125198 5.271321 -7.042079 2.270887 -3.695650 -13.383644 3.910957 1.006354 7.998526 -7.496665 -3.539980 -5.544182 -6.356774 7.248917 -4.839130 -1.999269 19.632620 0.810524 11.930634 -19.989592 -13.602426 -1.721980 9.746921 -18.449337 -12.256533 19.268429
-6.955834 18.608038 -20.624372 21.319670 0.144244 5.115176 -7.188969 2.225608 -3.992568 -13.394802 3.932160 0.930597 8.045122 -7.533424 -3.482810 -5.518249 -6.292354 7.352561 -4.919560 -1.804599 19.646057 0.291891 12.072141 -20.570889 -13.759517 -2.215311 9.912906 -18.457308 -12.294671 19.023567
-7.078031 18.747440 -20.532978 21.334410 0.402528 4.985026 -7.082837 2.135390 -4.051833 -13.352530 3.975387 0.842601 7.795618 -7.661037 -3.368033 -5.301602 -6.316395 7.415112 -4.949818 -1.791628 19.551653 0.193125 12.086667 -20.544937 -13.647429 -2.235695 9.987662 -18.484556 -12.333296 19.019258
-6.919510 6.552322 -20.905733 11.845877 -1.411668 16.864040 -5.675747 3.760670 -1.685116 -15.959475 6.112472 3.932196 6.640201 -5.028566 -2.907241 -5.718737 -7.217431 4.506855 -3.454093 0.201789 22.375601 0.362892 9.149772 -5.312320 -9.012009 -3.888361 5.490970 -12.386304 -17.438440 15.064038
-9.717631 0.631089 -19.578009 7.489204 3.312072 17.280836 -2.864312 3.038112 1.118198 -15.840895 7.670813 4.872829 5.734448 -3.023095 -3.687929 -5.560347 -7.046351 2.810163 -4.697718 3.143116 19.281033 -2.471725 7.625567 -6.316312 -9.748807 -7.858943 4.460519 -7.550097 -22.892019 12.134494
-8.957183 0.334327 -22.419594 6.991027 3.947564 13.943404 -4.542852 2.395058 0.001665 -15.600226 7.153704 3.233439 5.315037 -2.442973 -3.177259 -6.637338 -8.516144 3.212175 -4.590168 2.350216 19.016417 -2.666115 7.449693 -9.254118 -9.228157 -7.998703 8.007695 -8.477140 -23.710558 11.121945
-9.977239 -0.427791 -22.849203 6.940466 7.896166 12.767590 -4.256089 0.651121 -0.064671 -15.338144 7.389434 3.457186 4.622415 -1.674897 -3.136979 -7.228102 -8.748142 3.196929 -4.310080 2.576410 17.258081 -3.060916 6.576113 -10.631015 -9.684019 -8.215191 8.860258 -7.404057 -25.365427 8.784328
-8.850278 0.449744 -24.414228 6.753195 10.389012 11.574740 -2.847250 -0.994553 -1.456032 -15.307912 7.483608 4.402269 3.733788 -1.733576 -3.109562 -7.102082 -10.022148 4.581121 -3.974005 2.262511 16.728788 -3.731602 8.631408 -14.654294 -10.050156 -8.248720 10.658881 -8.334042 -25.828585 5.917917
-11.537745 -0.223428 -22.209335 6.680705 12.847860 14.342605 0.244871 -2.725859 -0.593615 -14.390593 8.166751 6.802637 2.011387 -1.383274 -3.353036 -6.693305 -8.728355 3.160979 -3.318487 2.894028 12.824204 -4.838127 7.503708 -10.873845 -8.321190 -6.641234 7.461752 -5.052278 -27.902666 4.361113
-13.573260 -2.016282 -17.409067 8.556465 14.844784 19.930010 0.492421 -2.329982 0.986535 -14.512812 10.131104 7.727127 0.165418 -1.709130 -2.732385 -4.210701 -6.953005 1.504589 -3.403758 3.418869 8.786492 -5.336432 5.057498 -6.998387 -5.763397 -4.456685 2.588256 -1.521050 -30.403429 6.116630
-10.817311 2.337770 -23.777422 8.296170 13.233333 11.525851 -0.187308 -5.198213 -2.387457 -15.157557 8.159672 7.104550 1.394222 -1.647090 -3.312794 -6.526656 -9.896023 5.101676 -2.570226 1.709539 12.813005 -5.492611 8.344337 -16.803551 -6.490856 -4.780818 10.225798 -5.908445 -28.362680 5.806641
-8.691488 4.416154 -27.252575 7.058078 10.848896 6.274017 -1.011767 -5.135956 -5.272650 -15.736007 6.689590 5.297548 2.778385 -1.420274 -2.706680 -7.624899 -11.594776 7.224893 -2.807867 0.657480 16.913654 -4.930830 11.109366 -20.445835 -9.239470 -7.522624 15.686635 -10.122661 -24.967333 5.138003
-8.239223 5.108063 -28.009222 7.803244 10.399860 5.259808 -1.378442 -5.645639 -6.408330 -16.065081 6.393279 5.487828 2.894223 -1.418466 -2.510220 -7.777933 -11.966776 7.725554 -2.581482 0.466897 17.359915 -5.157939 11.963061 -21.187700 -8.758575 -7.057302 16.197603 -10.486226 -24.460131 4.935881
-8.013655 5.885118 -28.840015 8.367874 9.329594 3.583788 -2.385133 -6.397501 -8.217069 -17.651873 6.137834 5.127807 3.171999 -1.455849 -2.251790 -7.742427 -12.306282 8.106126 -2.560448 0.087666 18.976051 -5.160941 12.512328 -23.282566 -8.597950 -7.273159 17.856390 -11.795711 -23.770350 5.289936
-8.342446 6.100136 -28.928812 8.718025 9.091984 3.021405 -2.825545 -6.976874 -8.936784 -18.480137 6.101562 5.114888 3.104546 -1.543459 -2.188714 -7.716218 -12.371805 8.086183 -2.499553 0.106764 19.741030 -5.386862 12.679407 -24.123098 -7.685657 -6.867586 18.287859 -12.442500 -23.421938 5.187508
-8.089476 5.013564 -27.908831 7.918892 10.450416 5.430779 -1.267786 -5.577493 -6.429226 -16.185421 6.377539 5.417933 2.874378 -1.475679 -2.546556 -7.719069 -11.911203 7.486889 -2.603483 0.573805 17.460695 -5.172547 12.044389 -21.325832 -8.737496 -6.965812 16.205484 -10.312174 -24.478859 4.935615
-11.698478 1.856548 -22.387352 7.401281 14.702769 13.946295 1.528816 -5.106480 -1.845203 -13.224908 8.551740 7.836105 0.728112 -1.345215 -3.385395 -6.336558 -9.077356 4.118279 -2.855317 3.043563 11.099866 -6.206319 8.354770 -13.579333 -7.055930 -5.332636 7.971287 -4.365887 -29.166700 4.319047
-9.782296 3.274096 -25.586731 6.368642 12.895193 9.624024 0.597472 -4.641634 -2.678158 -13.877473 7.747254 5.979324 1.672879 -1.479841 -2.846380 -6.863881 -10.904703 6.399858 -2.902058 1.602136 14.000254 -5.354907 9.824173 -17.363865 -9.405149 -7.329826 12.258168 -7.412190 -26.768772 4.178581
-9.128445 3.424194 -26.358068 5.857466 12.091136 8.250702 0.389007 -3.883630 -2.657736 -13.247883 6.988561 5.709478 2.159452 -1.376389 -2.652902 -7.405450 -11.229530 6.569782 -2.971844 1.213519 15.250322 -5.389429 10.364006 -17.702984 -9.669044 -7.709363 13.933186 -8.178108 -25.673353 4.490726
-9.624887 2.424412 -24.884153 6.508923 12.992134 10.201326 0.573410 -3.924675 -2.074861 -14.066910 7.527957 6.097198 1.978710 -1.517886 -3.079019 -7.023082 -10.593437 5.667267 -3.130636 2.043115 14.806476 -4.768374 9.531304 -16.632191 -9.507246 -7.437666 11.493236 -7.289811 -26.471594 3.914450
-8.670552 3.286419 -26.328781 5.814790 11.916223 8.523707 0.428206 -3.609042 -2.782437 -13.467528 6.951612 5.706259 2.265863 -1.498076 -2.760857 -7.489745 -11.168898 6.405259 -2.868134 1.375673 15.556475 -5.296666 10.655332 -17.554018 -9.718911 -7.623693 13.502136 -8.216905 -25.644644 4.249698
-12.268412 -0.795350 -20.234022 6.560800 14.286177 16.455969 0.800877 -2.827502 -0.255551 -13.765581 8.937106 7.531741 1.564114 -1.373834 -3.436120 -6.144037 -8.007002 2.480648 -3.279268 3.703700 11.014139 -5.542829 7.158134 -9.101665 -8.082349 -6.731275 5.119924 -4.306090 -28.944424 3.762955
-11.908261 0.316730 -21.726820 6.269757 14.295307 14.388486 2.109311 -3.756812 -0.429581 -13.457006 8.581876 7.520869 1.307107 -1.379806 -3.212378 -6.318087 -8.984358 3.483605 -3.106940 3.416150 11.729136 -5.944345 7.969155 -10.998822 -8.297627 -6.933378 6.645517 -4.774745 -28.091642 2.797187
-10.309873 2.252895 -24.475048 6.522200 13.352498 10.959252 0.874595 -4.170306 -1.826494 -13.864065 7.675306 6.559152 1.681711 -1.617871 -3.252337 -6.933077 -10.241795 5.215880 -3.000895 2.377691 14.191035 -4.913650 9.270117 -15.785242 -9.617989 -7.433143 10.430511 -6.501076 -26.900789 3.941632
-15.223145 -4.455092 -14.519547 6.405734 12.681683 22.990002 -2.029335 1.709750 2.896936 -13.823030 10.287206 5.809260 1.112820 -2.033679 -2.279280 -4.400491 -4.676816 -0.191575 -3.705400 4.186629 10.239860 -5.669024 2.096621 0.031569 -6.471440 -6.809786 -2.748215 -2.374537 -29.095221 6.697773
-11.816623 -1.061861 -23.073990 4.886415 10.596457 11.093464 -4.851506 -1.028290 0.800216 -14.518881 8.097389 4.147969 3.305817 -0.546678 -2.681702 -7.471167 -8.737488 2.527351 -4.098460 2.263956 12.767017 -3.086098 5.658028 -9.312972 -7.718113 -7.097092 9.428423 -7.403584 -26.588276 5.679151
-10.714552 0.924237 -25.324886 1.794856 11.481933 6.456336 -6.082973 -1.234342 0.858239 -14.247520 7.764462 2.785208 2.791109 -0.323276 -2.008560 -7.821712 -10.106873 3.959718 -4.251382 0.826045 11.948671 -1.662341 6.582812 -13.042966 -9.154059 -8.127377 13.191235 -10.271250 -25.982798 3.165360
-8.944626 4.357564 -29.178671 0.531645 9.509794 1.261218 -7.705975 -3.021136 -1.798920 -14.678928 7.163308 1.507997 2.599588 -0.296437 -0.800865 -7.826357 -11.894156 6.210188 -4.376243 -1.350610 12.017106 -2.756070 7.972191 -18.060543 -9.756361 -7.876207 19.237486 -14.255111 -23.021128 3.486003
-9.420588 6.677028 -29.976797 1.246018 8.967196 -3.306298 -9.577831 -4.807981 -4.784135 -17.210743 7.073154 0.965870 2.183416 0.195240 0.134644 -7.120013 -12.081945 7.666566 -5.086389 -2.175919 12.829854 -3.826412 6.829121 -21.222733 -8.627115 -7.549896 21.959139 -16.633806 -22.355394 3.111088
-10.613547 7.960051 -29.989367 0.157078 8.322603 -5.097940 -10.850724 -5.449864 -5.386944 -17.941938 6.953037 0.213480 2.125317 0.514221 1.244101 -6.567680 -11.465788 8.657687 -5.470175 -2.365693 12.642263 -5.731321 5.875518 -21.731674 -7.183609 -7.381478 23.304857 -19.476248 -21.020355 3.228406
-12.527530 9.218526 -29.143023 -1.747605 7.726982 -5.610945 -10.932694 -5.203529 -5.599253 -17.460226 7.332280 -0.677952 2.415964 0.752489 2.734520 -4.974964 -10.617451 9.782240 -6.548473 -2.003129 12.901567 -7.724490 5.300980 -20.226368 -6.823541 -8.280588 22.709421 -21.887491 -19.424343 3.429934
-13.508886 10.753442 -27.779123 -2.270894 7.014008 -5.443190 -11.374791 -4.317950 -7.122639 -16.896463 7.290175 -1.307261 3.585133 0.605912 3.548379 -4.063892 -9.845501 10.350801 -7.103505 -1.249184 14.401446 -8.502597 6.064580 -18.488869 -7.462821 -8.342495 20.993620 -23.459656 -16.932901 2.683250
-14.141442 13.038145 -26.683710 -3.672802 6.055691 -6.018222 -11.923746 -3.339719 -7.930129 -15.717916 7.239453 -1.892778 4.573057 0.209061 4.049192 -3.346583 -9.120388 10.692040 -7.153905 -0.897160 15.904815 -8.085686 5.987801 -18.383591 -9.380600 -8.618915 19.630802 -24.061546 -15.036566 2.168623
-14.986016 13.125669 -25.181782 -2.869894 4.604775 -5.396422 -12.219192 -2.055288 -7.433717 -15.963023 6.983506 -2.226670 5.580341 -0.083597 4.705100 -2.484156 -8.438581 11.019404 -7.556273 -0.920401 16.737532 -8.219525 5.260280 -17.026863 -10.007095 -9.012365 19.063482 -24.853369 -13.108473 2.289454
-14.819566 13.425821 -24.013968 -3.122514 2.293823 -4.055607 -11.617208 -0.492665 -7.370719 -16.025764 6.676550 -2.514712 6.745327 -0.397682 4.992884 -1.856683 -7.871317 11.119138 -7.806248 -0.620866 17.569412 -8.544098 4.899822 -14.729951 -9.276396 -9.150988 17.870827 -26.589128 -11.457088 3.719659
-15.086547 13.432179 -22.852089 -2.909841 1.019559 -2.515200 -11.257857 0.857069 -8.016961 -16.884527 6.901809 -2.363296 7.904733 -0.976247 4.553269 -0.942608 -7.335332 10.940031 -8.037920 0.177676 18.697021 -8.906181 3.687221 -13.031413 -9.464737 -10.596432 16.482204 -28.308764 -10.928823 4.359624
-15.214262 12.169415 -22.025454 -2.063252 -0.867150 0.212932 -11.713557 1.472106 -7.359264 -18.054922 6.986565 -2.923996 8.944726 -1.412053 4.356539 -0.551897 -6.987640 10.555378 -8.533398 1.310989 19.320074 -8.273818 3.453799 -11.075416 -10.454327 -11.117487 14.182965 -28.601759 -10.366112 4.730419
-15.276385 12.131535 -21.209044 -2.698846 -2.298469 3.365632 -12.595445 0.757370 -7.158587 -19.190722 7.006947 -3.451325 9.757412 -1.828102 3.768569 -0.709876 -6.684969 9.645472 -8.604099 2.263401 21.232756 -7.675106 3.849620 -8.144222 -10.303857 -12.051682 10.889316 -29.314173 -9.671713 6.409081
-15.235068 12.243465 -19.620066 -3.654367 -5.049868 5.952279 -14.550004 0.395503 -6.186900 -18.995996 7.267160 -4.526938 10.582116 -1.931509 3.447879 -1.109832 -6.039958 8.067056 -9.026600 2.359617 23.474941 -7.019273 4.034899 -5.836769 -10.749047 -12.364000 8.015073 -29.888159 -8.747616 7.021175
-15.156043 11.923436 -18.701002 -3.782438 -5.146940 5.965579 -14.360548 0.698525 -6.228072 -19.504210 7.086384 -4.819502 10.953307 -1.914845 3.581440 -1.210691 -5.816746 7.933793 -8.960345 2.061322 24.067190 -6.301508 3.738070 -5.448314 -11.368616 -11.852260 7.473166 -29.413862 -8.057576 7.023670
-14.587075 11.009533 -19.186747 -2.196551 -4.314649 4.929584 -13.099072 1.600146 -6.918317 -19.819731 6.880868 -4.744623 10.590399 -1.785013 3.813742 -1.442930 -5.868600 8.477383 -8.452227 1.920726 23.780426 -6.257493 3.300859 -6.802046 -11.585773 -11.636522 8.513398 -27.945253 -8.651842 7.409235
-20.042637 2.401184 -6.944130 -4.859181 6.699970 19.576845 -11.439096 6.512318 10.431745 -11.531446 11.493702 1.869951 4.123217 -0.392382 2.261574 0.102266 1.070887 1.299191 -8.113807 1.577350 1.584482 -4.305020 -6.720592 6.621411 -7.371837 -4.588027 -8.978171 -12.511683 -22.317579 6.232574
