-3.472047 28.402182 -16.649828 22.636026 0.413371 5.560426 -9.982476 2.730937 -11.611444 -7.963648 3.713028 -1.273636 -0.279669 -11.349996 0.647212 -0.075456 -5.314510 7.684675 -4.926360 -5.616672 1.918145 15.470806 -12.206740 0.095520 -29.520100 6.258126 12.093627 -16.331476 2.368366 9.249283
-3.475769 28.400597 -16.686666 22.672962 0.445118 5.603091 -9.958129 2.694062 -11.621052 -7.987310 3.733196 -1.325429 -0.295157 -11.374712 0.561765 -0.076062 -5.383971 7.694051 -5.009814 -5.505391 2.032233 15.636591 -12.588937 -0.040648 -29.755308 6.068948 12.103224 -16.384027 2.371520 9.020812
-6.279913 30.040840 -21.778013 13.367463 5.384221 -0.325304 -8.867140 -3.746121 -15.475559 -6.357812 5.164721 0.407484 -3.532660 -6.084420 1.478713 -2.541194 -9.696213 9.512625 -5.366928 -6.587968 -5.282556 10.119531 -10.582895 -10.102942 -30.863050 1.241529 23.053684 -17.719488 -1.881725 5.151731
-6.870876 30.304535 -21.830721 12.435454 6.746901 -1.641335 -8.649757 -5.174257 -15.076245 -6.671259 5.318427 0.522149 -4.255078 -5.511611 1.227772 -2.749753 -9.693136 9.848915 -5.859724 -7.193503 -7.306194 10.508015 -11.050123 -11.436269 -30.856112 1.258915 23.254797 -18.178782 -2.860232 5.144844
-6.763152 30.856968 -22.473644 11.915092 7.763299 -2.806938 -8.118991 -6.433339 -15.253735 -6.509504 5.332627 0.739604 -4.991842 -5.146214 1.206096 -2.808782 -9.941010 10.280231 -5.934305 -7.797475 -9.622134 10.761352 -11.520741 -11.499856 -30.053411 1.412198 23.484144 -19.019848 -3.810252 4.675238
-6.857791 30.986315 -22.687992 11.748090 8.138002 -3.062798 -8.083628 -6.797252 -15.304608 -6.427573 5.294640 0.853291 -5.302274 -5.066558 1.236794 -2.873994 -10.055920 10.400661 -5.862027 -8.066263 -9.912194 10.700639 -11.553292 -11.828063 -29.901005 1.408371 23.770498 -18.808043 -4.213490 4.740799
-7.035010 31.231922 -22.827341 11.605640 8.626899 -3.450896 -7.974985 -7.153335 -15.435342 -6.254705 5.330144 0.926111 -5.409494 -5.039876 1.219829 -2.897105 -10.138836 10.387335 -5.798210 -8.095735 -10.218108 10.558130 -11.630683 -11.972396 -29.847145 1.391304 23.950758 -18.879778 -4.371797 4.930354
-7.052361 31.222155 -22.875895 11.565207 8.687859 -3.498253 -7.981081 -7.192698 -15.433685 -6.266738 5.320378 0.919995 -5.421716 -5.031112 1.224076 -2.906812 -10.122833 10.382635 -5.800093 -8.139364 -10.269220 10.528044 -11.624028 -12.022676 -29.776194 1.340600 24.030867 -18.809755 -4.530536 4.908402
-7.052350 31.224398 -22.877504 11.561986 8.688118 -3.500985 -7.982523 -7.194433 -15.434672 -6.265392 5.318687 0.920563 -5.422625 -5.033157 1.223137 -2.905800 -10.119564 10.382523 -5.800709 -8.142065 -10.261282 10.528819 -11.621051 -12.023118 -29.776423 1.341907 24.031290 -18.803518 -4.533595 4.905695
-7.102580 31.239395 -22.907774 11.518135 8.775230 -3.530447 -7.938237 -7.282636 -15.450946 -6.266145 5.319020 0.926202 -5.431873 -5.038492 1.220705 -2.900878 -10.112862 10.384132 -5.798677 -8.152937 -10.254588 10.520553 -11.629325 -12.005515 -29.759094 1.322729 24.025320 -18.813087 -4.572859 4.916694
-7.093931 31.238369 -22.898094 11.529118 8.757261 -3.518397 -7.943385 -7.267493 -15.448320 -6.265572 5.316838 0.926680 -5.434042 -5.038710 1.221078 -2.902333 -10.114094 10.386713 -5.796712 -8.150718 -10.241446 10.520787 -11.629103 -11.994544 -29.763411 1.321020 24.018070 -18.817528 -4.558731 4.912204
-7.093931 31.238369 -22.898094 11.529118 8.757261 -3.518397 -7.943385 -7.267493 -15.448320 -6.265572 5.310227 0.925884 -5.434769 -5.037247 1.226113 -2.904254 -10.114550 10.384073 -5.798774 -8.149603 -10.242766 10.519500 -11.631126 -11.994988 -29.762943 1.319714 24.015930 -18.817816 -4.560646 4.912071
-7.093454 31.239761 -22.897366 11.529732 8.757306 -3.519101 -7.942601 -7.267405 -15.449010 -6.264506 5.310373 0.925971 -5.434587 -5.037191 1.225985 -2.904111 -10.114330 10.383720 -5.799044 -8.149790 -10.243811 10.519558 -11.631270 -11.994929 -29.762978 1.319722 24.015850 -18.818798 -4.560591 4.911677
-7.093328 31.239262 -22.897520 11.529554 8.756964 -3.518756 -7.943027 -7.267031 -15.448615 -6.264984 5.310283 0.926020 -5.434793 -5.037106 1.226142 -2.904116 -10.114334 10.383938 -5.799008 -8.150177 -10.244233 10.519731 -11.631324 -11.995017 -29.762814 1.319787 24.015890 -18.818615 -4.560718 4.911496
-7.106019 31.245564 -22.904243 11.517952 8.787251 -3.522025 -7.949100 -7.282732 -15.451377 -6.263757 5.319952 0.912411 -5.443429 -5.048112 1.233757 -2.886559 -10.117802 10.381840 -5.800956 -8.146417 -10.227337 10.650470 -12.030292 -11.965126 -29.804268 1.289940 24.103041 -18.818827 -4.572150 4.720466
-7.097352 31.244040 -22.894812 11.528185 8.769500 -3.510069 -7.954414 -7.267848 -15.448575 -6.263728 5.317535 0.912637 -5.445363 -5.048479 1.234160 -2.887908 -10.118383 10.384498 -5.799645 -8.145101 -10.216285 10.650533 -12.029916 -11.955846 -29.808372 1.288768 24.096981 -18.823027 -4.559228 4.715270
-7.101412 31.241371 -22.906195 11.519794 8.773893 -3.530261 -7.937560 -7.281199 -15.451598 -6.264635 5.312871 0.925771 -5.432676 -5.036766 1.225637 -2.902811 -10.113852 10.381020 -5.800343 -8.150895 -10.255321 10.519367 -11.631725 -12.003557 -29.758829 1.320754 24.021612 -18.815668 -4.572802 4.916210
-7.094275 31.228725 -22.929852 11.520341 8.765089 -3.539103 -7.956300 -7.277545 -15.449077 -6.265541 5.313119 0.930417 -5.440641 -5.032443 1.222658 -2.910537 -10.114811 10.378148 -5.803116 -8.173042 -10.240487 10.530479 -11.631059 -12.005404 -29.757816 1.330724 24.017529 -18.788681 -4.578816 4.930306
-7.095004 31.228649 -22.930460 11.520102 8.763632 -3.540197 -7.955399 -7.277550 -15.446021 -6.264695 5.313314 0.929052 -5.440797 -5.033203 1.223496 -2.909207 -10.114515 10.377884 -5.803913 -8.171513 -10.240158 10.530394 -11.631000 -12.004865 -29.758101 1.330747 24.017103 -18.789377 -4.577970 4.929981
-7.115018 31.233372 -22.942553 11.503984 8.804333 -3.550174 -7.956314 -7.299743 -15.449858 -6.263963 5.322732 0.914952 -5.448326 -5.044378 1.230441 -2.892648 -10.117638 10.374468 -5.806325 -8.166464 -10.226464 10.654224 -12.027543 -11.974240 -29.802292 1.301398 24.105692 -18.799269 -4.584915 4.731194
-7.116384 31.229927 -22.960894 11.494709 8.805010 -3.560345 -7.971866 -7.300867 -15.443627 -6.264750 5.319640 0.922597 -5.464722 -5.040124 1.236449 -2.893312 -10.126154 10.385531 -5.794518 -8.170073 -10.254723 10.668319 -12.033708 -12.024508 -29.775064 1.300104 24.149450 -18.719400 -4.659510 4.769757
-7.116384 31.229927 -22.960894 11.494709 8.805010 -3.560345 -7.971866 -7.300867 -15.443627 -6.264750 5.319640 0.922597 -5.464722 -5.040124 1.236449 -2.893312 -10.126154 10.385531 -5.794518 -8.170073 -10.254723 10.668319 -12.033708 -12.024508 -29.775064 1.300104 24.149450 -18.719400 -4.659510 4.769757
-20.981842 28.532124 -5.313972 10.546217 18.846735 5.401422 -3.265999 -8.037379 -8.073056 0.383599 7.401552 3.307765 -10.367989 -4.287823 -2.296552 -1.710453 -3.430110 9.613668 -7.633800 -5.457972 -16.499907 3.965185 -23.250925 -14.774307 -29.453384 -3.084124 9.716148 -11.671681 -10.594704 10.209332
-23.369102 30.254801 -3.343764 12.578989 19.684029 3.595692 -3.806223 -10.360829 -9.332207 -0.629481 7.742657 3.037974 -11.237786 -4.292509 -2.784777 -1.594190 -2.404425 10.362704 -7.233643 -5.283394 -16.826334 2.235830 -25.114721 -16.256361 -29.292868 -2.767772 8.905209 -9.939221 -10.304767 12.146562
-25.620983 30.139107 -0.609412 11.418386 19.474598 2.021540 -4.781787 -9.972079 -10.408259 1.757495 7.991104 3.991900 -12.708762 -3.473186 -1.569735 -1.838121 -0.402028 10.191266 -5.701022 -6.039087 -20.224602 -2.506916 -22.398027 -11.811959 -22.152485 1.505073 5.387084 -10.007272 -9.721602 13.980675
-26.853590 30.254234 1.109167 10.679955 18.651659 -0.281410 -5.847661 -10.727017 -11.983612 2.148325 8.137650 3.552184 -13.363305 -3.136375 -1.391140 -1.964349 0.710809 10.667219 -5.616986 -5.717024 -20.534538 -4.525747 -24.754488 -10.768109 -21.519709 1.675856 4.677944 -9.241257 -7.910758 13.912259
-28.028610 28.987095 3.129854 9.584997 17.888966 -2.181526 -6.169547 -10.239064 -12.766480 2.755997 8.202812 2.784062 -13.473148 -2.609703 -1.080416 -2.169275 1.836739 11.024733 -5.335240 -5.516677 -20.552759 -7.533422 -24.304417 -11.178889 -19.960196 2.287568 3.551316 -8.445716 -6.610566 13.828851
-29.018372 27.167326 4.450670 8.332506 18.189842 -3.610398 -6.885390 -9.045554 -12.430043 4.725549 7.696475 2.018626 -13.303437 -1.801938 -0.440307 -2.881569 3.013911 11.022332 -4.925974 -5.309246 -20.470032 -10.395109 -22.979303 -10.036074 -16.943953 4.271902 3.224512 -6.431034 -5.953228 14.340852
-29.361084 25.932764 5.414886 6.439543 18.222715 -5.012796 -8.056849 -7.684684 -12.956174 7.399675 7.061232 0.685083 -13.424816 -0.466388 0.711847 -4.005395 4.338600 11.243875 -4.474208 -5.392797 -20.288923 -13.184042 -21.870226 -9.098536 -14.691025 5.487668 1.991179 -5.299645 -5.191306 13.803779
-29.913227 23.652218 6.722262 5.393251 17.620333 -5.897886 -7.770998 -5.870587 -12.917093 10.686176 6.331223 -0.370896 -12.923815 0.736944 1.797197 -5.215541 5.817783 11.023886 -3.540898 -6.106633 -20.287218 -16.158623 -18.231394 -7.796018 -12.488714 7.035462 0.218230 -4.096407 -4.029477 14.796153
-30.588346 22.183886 7.943089 3.535175 16.031902 -6.428416 -9.511279 -3.835344 -15.119212 14.080790 5.515755 -1.232969 -12.397829 1.611424 3.045288 -6.034887 6.948171 10.812746 -2.523487 -5.490332 -19.827127 -20.449986 -16.150038 -6.296659 -10.050400 8.622632 -1.224651 -3.747632 -1.989593 14.310412
-32.011051 18.552422 8.743459 3.575180 12.563921 -6.824584 -10.048892 -2.709324 -17.459511 15.879018 4.834602 -2.464403 -11.819242 2.210007 4.004559 -6.947235 7.971765 9.696535 -1.565253 -4.904787 -19.019939 -22.819735 -13.284244 -3.888599 -7.884802 10.416505 -1.364784 -2.022162 0.661827 14.026900
-31.446505 14.725626 10.598699 5.373013 9.785917 -6.897128 -10.100829 -0.177483 -20.559952 17.880772 4.527653 -3.240168 -11.085034 3.050363 4.763249 -7.721234 9.283272 8.550861 -0.575611 -3.722565 -15.576013 -24.642946 -12.572115 -1.039240 -7.153135 11.386560 -0.788623 0.385876 4.892106 12.086236
-29.060810 11.714506 12.374364 6.610740 6.246240 -6.468304 -8.450413 3.604240 -22.610025 21.048796 4.298817 -4.222000 -10.208681 2.710506 5.083042 -7.823947 10.438578 7.870594 0.780569 -2.101648 -12.253157 -24.985418 -10.919250 1.917463 -7.339134 12.446472 -0.402073 3.943795 8.565252 11.583633
-26.730415 9.842224 13.046551 8.615741 4.258940 -6.532766 -8.010157 6.274682 -24.711132 22.665575 4.344850 -5.044497 -9.637022 2.459393 5.222814 -7.829021 11.383484 7.444565 1.842839 -0.685565 -9.587832 -24.996086 -8.243249 3.068643 -8.362926 14.208645 -1.128045 7.836930 11.775959 11.649265
-22.300266 6.884688 15.514667 10.219320 -0.062895 -4.255029 -5.776405 11.525567 -25.154842 23.406668 4.371754 -7.027413 -7.722342 1.450992 5.092093 -8.352464 12.016556 6.472949 4.387163 0.884664 -4.208126 -24.262627 -5.499683 7.351198 -9.623312 14.600332 -3.548601 10.857327 14.509324 10.602142
-19.588606 6.490413 16.234953 9.824612 -1.614615 -2.754297 -4.939597 14.026652 -25.722372 23.851065 4.815125 -7.366432 -6.869539 0.947131 4.588787 -8.245430 12.210402 6.216380 5.146568 1.422999 -1.834643 -23.906693 -4.456783 8.751760 -9.799559 14.965199 -5.950266 11.420424 15.037571 8.937610
-19.939217 5.987929 15.580186 10.169411 -1.141122 -3.542896 -5.352836 13.617062 -25.895912 23.667948 4.566562 -7.122169 -7.213663 1.037130 4.585965 -8.323806 12.144529 6.122225 5.033854 1.519982 -2.493649 -24.460024 -4.538864 7.970802 -9.917400 14.767862 -5.124952 11.709699 14.875861 8.901601
-21.041538 6.153347 14.976357 11.026285 0.339140 -4.878316 -5.270615 12.473208 -25.977247 23.378393 4.240310 -6.699969 -7.850988 1.369129 4.621819 -8.407840 11.886074 6.223171 4.714070 1.435272 -3.661593 -24.294342 -5.041977 6.903595 -9.711033 14.938040 -3.918714 12.043946 14.346169 9.446351
-19.961508 6.243416 14.892941 10.141459 -0.654976 -4.370667 -5.381852 13.616004 -26.246029 23.964191 4.613069 -6.874626 -7.500000 1.099735 4.438640 -8.437350 11.790680 6.084566 5.279716 1.546714 -2.750877 -24.032873 -4.236255 7.510165 -9.955023 15.270619 -4.568331 11.978333 14.508579 8.734727
-19.483959 6.092466 15.625831 10.141096 -1.232520 -3.623926 -5.163057 14.519572 -25.761953 24.334963 4.756938 -7.168061 -7.140381 0.958843 4.337495 -8.440684 12.019407 6.177378 5.453231 1.679793 -2.107992 -23.803999 -3.847630 8.186468 -9.982269 15.363729 -5.316928 11.874952 14.637820 8.454039
-20.340580 6.417525 14.935626 10.150974 -0.405047 -4.469101 -5.594736 12.971435 -26.296553 23.815786 4.373514 -6.909723 -7.649611 1.177023 4.545468 -8.513543 11.912659 6.115524 5.033146 1.538371 -2.894322 -24.373899 -4.434327 7.348548 -9.979696 14.984143 -4.675574 12.069312 14.641662 8.955798
-21.465790 6.024215 11.726926 10.599636 2.886826 -8.718702 -5.251702 11.256797 -26.445333 23.371965 4.572970 -5.089919 -9.676157 1.990768 3.753021 -8.573607 11.418427 5.570943 4.454989 1.770888 -5.252844 -23.702051 -5.549492 2.801366 -9.566148 15.834160 -1.937908 13.247148 12.757037 7.442622
-21.479927 5.994801 8.573618 11.638613 5.727049 -11.676009 -6.396883 9.737257 -26.113985 22.261328 4.394842 -3.653176 -10.472963 2.776034 2.976238 -8.445215 11.019255 5.122380 3.175426 1.989080 -7.768248 -22.539631 -7.084065 -0.890631 -9.264138 16.703054 -1.168957 12.889710 10.461498 4.945731
-21.815540 4.829290 7.702712 12.774370 5.844272 -12.895233 -6.432160 10.091601 -25.044485 22.226419 4.604144 -3.146230 -10.561263 2.762132 2.473808 -8.250182 10.718994 4.289720 2.835040 2.139524 -7.599624 -21.715998 -6.788894 -1.914969 -9.345852 17.681974 -1.413652 13.232306 9.989965 3.553721
-16.317221 5.815206 5.960937 11.224922 4.864957 -12.988265 -6.910664 15.733882 -24.313242 23.922930 5.032277 -4.198469 -10.389644 1.207130 1.633375 -8.797988 9.739265 3.959205 5.094848 3.251411 -4.185152 -20.678963 -3.201493 -0.231178 -10.454773 18.281168 -1.352052 14.048553 8.164249 1.925137
-10.967247 8.483339 0.847218 10.095930 7.009699 -15.185864 -7.762229 18.338236 -23.119089 25.677258 6.031845 -3.334917 -11.488017 0.086211 0.158290 -8.502126 7.937393 3.350894 5.899780 4.406946 -3.203140 -16.885265 -1.860420 -1.971871 -11.966803 19.555141 -0.542478 14.597640 3.935456 -1.978103
-13.393703 5.333539 1.410247 12.083357 6.712005 -16.144384 -8.554041 17.343584 -21.141506 24.391695 5.840462 -3.366237 -11.336080 0.738650 -0.111911 -8.991309 8.689198 2.502036 5.141655 4.051682 -5.069941 -17.284655 -2.982149 -3.421771 -11.184739 20.608322 -1.035120 14.242001 4.803880 -3.113549
-13.280096 2.965434 3.545133 13.655105 6.194516 -15.525296 -6.833315 17.908688 -19.519808 22.816561 5.716693 -3.950701 -10.293038 0.790442 -0.210290 -9.367375 9.042992 1.435592 5.162211 3.977842 -4.203922 -16.712633 -2.615584 -2.150177 -11.373810 21.303034 -2.980932 14.005630 7.063215 -4.334373
-12.172734 2.156235 1.040655 14.134778 7.008430 -17.077723 -6.584474 18.509031 -18.176302 22.378466 6.362563 -3.631979 -9.993701 0.891165 -0.707625 -9.334994 8.332075 0.977330 4.903622 4.297606 -5.094670 -15.142877 -2.219594 -3.828850 -11.701019 22.180178 -3.600846 13.216451 5.847769 -6.933484
-11.005605 0.286611 0.370105 15.027151 7.199971 -16.749014 -6.124167 20.232317 -17.232664 21.177816 6.757968 -3.885832 -9.268046 0.944307 -0.943527 -9.397334 7.736766 0.422863 4.818700 4.059683 -5.357963 -14.175027 -1.884090 -3.086032 -11.701051 22.496023 -4.520493 11.835660 5.441764 -8.290345
-12.222365 -1.662905 2.098733 15.489511 6.851604 -15.144719 -4.910150 21.147066 -17.198015 20.069483 7.011310 -4.649907 -8.027516 1.485433 -0.314171 -9.570794 8.284184 0.423068 4.656183 3.804956 -5.118773 -15.504921 -2.246483 -1.353861 -11.645014 22.577448 -6.320320 10.761588 7.088799 -9.003992
-13.458104 -3.609217 3.691586 14.563475 5.284717 -12.533870 -5.957564 21.800535 -17.265131 18.718714 7.255887 -4.845526 -7.062647 2.003450 0.264665 -9.521281 8.461540 0.726106 4.057805 3.243468 -5.106550 -15.374756 -3.180456 0.414258 -11.754713 21.685850 -8.322534 8.287245 8.314425 -10.063813
-17.217369 -6.942614 4.856812 13.506956 4.278049 -11.567732 -8.621312 19.297531 -19.484806 15.183074 7.424678 -4.571011 -6.293117 3.408947 1.723699 -8.759837 8.975357 1.830464 2.109346 2.473580 -8.492972 -16.631586 -5.101435 -0.276945 -11.009910 20.715744 -11.157287 3.603789 9.532413 -11.884374
-21.725641 -8.727346 6.870386 11.489708 3.543086 -8.150025 -10.430242 16.944178 -21.012247 13.411181 7.308787 -4.885513 -5.318471 4.345144 3.121396 -7.929930 8.898762 3.649996 0.928159 1.901905 -10.432940 -17.451544 -6.676647 0.563338 -11.299255 19.316917 -11.943517 0.488953 11.364500 -12.947116
-23.069708 -9.350193 7.784484 9.144805 4.020247 -6.254188 -10.996404 16.471291 -20.773241 10.938008 7.524505 -5.821760 -4.131299 5.035733 3.664849 -7.853099 8.424435 5.011748 0.435690 1.349920 -10.344066 -19.513456 -7.849864 2.485469 -11.252157 15.919196 -13.697572 -2.898176 12.429902 -11.660236
-23.723665 -8.290970 8.611154 6.382734 6.478040 -5.882865 -8.716054 15.498252 -21.542135 8.810904 7.898809 -6.630334 -2.448813 5.935148 5.169352 -7.448895 7.809615 6.100086 -0.353124 1.127526 -9.759393 -22.137041 -8.942529 3.984125 -11.965483 12.013276 -15.156812 -6.392545 13.423681 -11.112823
-26.810253 -8.969514 10.036694 5.923285 8.648889 -5.174522 -7.084023 14.238389 -23.024195 8.407169 8.164248 -6.340533 -2.473669 6.542767 5.769022 -7.400070 7.196600 6.238874 -0.890027 0.364491 -11.015871 -24.929251 -10.629119 4.182515 -10.211422 10.581951 -14.437684 -7.359554 12.789718 -9.339507
-27.824707 -9.137552 10.271983 6.086931 9.960400 -4.945509 -6.653978 13.349727 -23.014071 7.915826 8.352809 -6.378507 -2.183445 6.830239 6.002618 -7.176252 7.347579 6.305997 -1.243613 0.218597 -11.370759 -25.266718 -11.005787 3.773064 -9.369463 10.499822 -14.044581 -7.440913 12.130000 -9.006029
-27.734041 -9.145561 10.345381 5.869561 9.790895 -4.725554 -6.579694 13.437061 -23.299547 8.078217 8.308266 -6.332466 -2.308884 6.913552 6.043640 -7.254198 7.350574 6.242595 -1.088889 0.166429 -11.481631 -25.141048 -11.116836 3.951364 -9.191349 10.865767 -14.112615 -7.266665 12.096752 -8.860771
-28.455963 -9.112257 9.792073 5.870997 10.571199 -5.281198 -6.342264 12.674996 -23.034746 7.338840 8.331338 -5.774284 -2.359157 6.942379 6.007231 -6.924402 7.130362 6.437693 -1.402041 0.159459 -11.741699 -25.433346 -11.380668 3.427134 -9.302524 10.443296 -13.637290 -7.571246 11.596623 -9.473663
-29.565456 -8.892412 9.569901 5.864603 11.347951 -5.637166 -5.906423 11.364139 -23.223511 6.754314 8.185507 -5.602180 -2.331059 7.137737 6.226560 -6.782212 6.794963 6.439115 -1.857219 -0.006241 -12.153046 -25.948534 -11.959178 3.131451 -9.061872 9.752275 -13.445305 -7.530972 11.125678 -9.192966
-26.297703 -17.038294 0.350400 1.425847 16.494162 -12.020996 -7.126587 11.386342 -24.943020 -5.567417 9.497098 -5.004487 -2.459129 8.214738 2.909404 -7.790029 2.000748 3.888155 -5.415200 3.055092 -10.222522 -27.218102 -13.864711 -12.407027 -12.093591 -0.161431 -10.391862 -3.125609 -0.818480 -9.367171
-25.260410 -18.278376 -0.626872 0.866709 16.428246 -12.713698 -8.087298 11.878725 -23.180716 -6.994299 9.928864 -4.942075 -1.700124 8.114666 1.526045 -7.622702 1.652170 2.676792 -6.428575 4.625840 -6.137551 -26.015995 -12.876100 -15.859713 -15.291473 -3.196334 -10.546086 -2.079524 -1.828437 -11.777862
-25.551048 -17.548380 -1.314947 0.110557 16.570623 -12.794980 -8.324811 11.181562 -23.086218 -7.429898 10.077571 -4.550316 -1.465813 8.001608 1.581401 -7.428562 1.288599 2.456885 -6.380668 4.609398 -5.966405 -25.866274 -12.703638 -15.716071 -15.007739 -3.688204 -9.796059 -2.230972 -2.981515 -11.212444
-25.430943 -19.063721 0.501710 1.325578 15.959435 -12.700648 -7.304383 12.627063 -23.631132 -6.733346 10.018071 -4.790832 -1.382123 8.263691 1.301253 -7.637592 2.014967 2.501916 -6.424217 4.981895 -5.419883 -26.096228 -13.435430 -15.425759 -15.153860 -2.880615 -10.015224 -1.225286 -0.596044 -11.591218
-24.694342 -20.631397 2.445017 2.331581 15.382901 -13.166039 -6.361269 14.938520 -24.918623 -5.469652 9.560146 -5.360673 -1.629596 8.321161 1.097102 -8.031296 2.655454 2.999955 -6.217487 5.558389 -4.547674 -26.873343 -12.969333 -14.913648 -15.629179 -2.289792 -10.881835 0.275593 2.568162 -11.435188
-23.423613 -22.272373 4.371718 3.262173 14.018055 -13.230534 -5.450356 17.573126 -25.120832 -3.959702 9.420196 -5.782248 -1.770993 8.056786 0.785105 -8.113748 3.228976 3.336191 -5.742867 6.014199 -2.997025 -26.997986 -12.049333 -14.098176 -16.727003 -1.822450 -11.339274 2.384895 5.412634 -10.895788
-22.080471 -22.918953 5.589902 4.102101 12.882441 -12.905934 -4.951344 19.627293 -25.110210 -2.476178 9.384398 -5.754675 -1.864283 7.840578 0.552873 -8.103903 3.862804 3.358816 -5.108764 6.334315 -2.724328 -26.676859 -11.380255 -12.605964 -16.954821 -1.043573 -11.430140 3.136063 7.340285 -10.732196
-22.414211 -22.726152 5.238153 3.916305 13.005418 -13.182832 -5.163853 19.035002 -25.129559 -2.869125 9.240363 -5.737591 -1.847215 7.927917 0.695831 -8.137219 3.764991 3.333583 -5.319502 6.260342 -2.814021 -26.813030 -11.410893 -12.722097 -16.592241 -0.979890 -11.418117 3.041862 6.987655 -11.045283
-22.796978 -22.633476 5.097087 3.498227 13.396734 -13.073180 -5.162938 18.783787 -25.196890 -2.931173 9.305282 -5.876136 -1.730335 7.937406 0.654551 -8.147286 3.582833 3.343622 -5.487362 6.216844 -2.762508 -26.759869 -11.659507 -13.482328 -16.833317 -1.603720 -11.264952 3.011963 6.348063 -10.909980
-22.818161 -22.571781 4.812965 3.226973 13.339654 -13.059270 -5.297852 18.536655 -25.140097 -3.258540 9.340573 -5.929566 -1.708920 7.987356 0.681175 -8.165230 3.443152 3.253844 -5.638833 6.184038 -2.618498 -26.913721 -11.357971 -13.731358 -16.802679 -1.586316 -11.302655 2.884676 6.150469 -11.214424
-22.889988 -22.573406 4.543564 3.351140 13.426695 -13.173867 -5.187717 18.346155 -24.917463 -3.325300 9.307988 -5.736976 -1.729078 7.980299 0.669820 -8.148852 3.344064 3.186074 -5.632030 6.143656 -2.650713 -26.912575 -11.826152 -14.012701 -16.871637 -1.693492 -11.312512 2.738842 5.906584 -11.102165
-23.947495 -21.896788 3.634341 2.968715 14.640179 -13.357396 -5.604827 16.799143 -25.053411 -4.322677 9.339685 -5.542435 -1.947998 8.101959 0.971168 -8.050480 3.047237 3.190834 -5.848137 5.920358 -3.675935 -27.007765 -12.368358 -14.305063 -16.499376 -2.012250 -10.810918 1.830940 4.517542 -11.090617
-24.103899 -21.700630 3.163162 2.886187 14.626424 -13.322944 -5.679753 16.460987 -24.981039 -4.559089 9.558356 -5.364319 -1.888780 8.243779 0.990784 -8.039361 2.868138 3.108482 -6.074541 5.891565 -3.599755 -26.855585 -12.609255 -14.507929 -16.240025 -2.216617 -10.687324 1.582159 3.775990 -11.295427
-24.085136 -21.411039 2.857311 2.603163 14.942928 -13.442986 -5.713252 16.000700 -24.665213 -4.756754 9.554391 -5.265487 -1.831883 8.307648 1.148006 -8.004665 2.825978 2.937738 -6.088147 5.724865 -4.107361 -26.721731 -12.639997 -14.612771 -16.083843 -2.138188 -10.732552 1.142582 3.373803 -11.574128
-24.286839 -21.231762 2.809863 2.493762 15.027660 -13.304742 -6.078378 15.502841 -25.022387 -5.413824 9.550143 -5.330703 -1.721256 8.280104 1.124137 -8.070008 2.735467 2.930780 -6.150322 5.629710 -4.291579 -26.665218 -12.742586 -14.682197 -15.869572 -2.052296 -10.956775 0.852285 2.995981 -11.568837
-24.321901 -21.152473 2.673903 2.559567 15.033270 -13.177948 -6.417771 15.426695 -24.968327 -5.450129 9.525025 -5.329501 -1.665922 8.302895 1.101337 -8.044834 2.734275 2.974739 -6.243088 5.588194 -4.435080 -26.673773 -12.738084 -14.647525 -15.753033 -2.041193 -10.851676 0.806259 2.911982 -11.406430
-24.507517 -20.786972 2.377038 2.554776 15.241484 -13.004502 -6.563295 15.083099 -24.701090 -5.482329 9.576083 -5.391792 -1.609549 8.312517 1.080371 -8.020157 2.631007 3.015440 -6.243877 5.546322 -4.489079 -26.886438 -13.023843 -14.770739 -15.469629 -2.280319 -10.871055 0.385081 2.443727 -11.283711
-21.758291 -23.003986 5.636436 4.159950 12.798522 -12.975855 -4.845966 20.051495 -24.983458 -2.343633 9.439063 -5.857031 -1.819584 7.876704 0.605167 -8.185000 3.910153 3.317616 -5.005620 6.310805 -2.693168 -26.861216 -11.041746 -12.622458 -16.976536 -0.946748 -11.392568 3.312228 7.584217 -10.700661
-22.148396 -22.936281 5.288172 4.161625 13.055277 -13.092645 -5.045191 19.422062 -25.025694 -2.750353 9.305941 -5.746681 -1.830786 7.900878 0.645059 -8.147135 3.787539 3.328303 -5.237692 6.276573 -2.831803 -26.723356 -11.511917 -12.545466 -16.652857 -0.912058 -11.444444 3.160992 7.064285 -10.936210
-22.507477 -22.618664 5.174250 3.679203 13.135563 -13.259753 -5.364869 18.999735 -25.221743 -2.834050 9.277564 -5.878018 -1.755920 7.998874 0.737848 -8.149337 3.728419 3.293398 -5.431916 6.307563 -2.700213 -26.802956 -11.451996 -13.090238 -16.834883 -1.249099 -11.434213 3.112280 6.796816 -10.949574
-22.736683 -22.674286 5.112299 3.343031 13.374350 -13.103418 -5.213751 18.805895 -25.143545 -3.005308 9.315363 -5.964472 -1.716023 7.941501 0.647221 -8.164534 3.571874 3.297219 -5.485291 6.191438 -2.736972 -26.690332 -11.530061 -13.449331 -16.911844 -1.620549 -11.356938 2.988587 6.378170 -10.855875
-22.846411 -22.669094 4.738466 3.469728 13.357862 -13.072459 -5.236597 18.478598 -24.979410 -3.376625 9.339078 -5.897802 -1.746178 7.972908 0.643405 -8.191762 3.438321 3.242791 -5.620234 6.216855 -2.542767 -27.005301 -11.401156 -13.924178 -16.949831 -1.690559 -11.374307 2.885530 6.126838 -11.207200
-23.001774 -22.397800 4.528732 3.196829 13.522941 -13.047638 -5.401248 18.026234 -24.768442 -3.643360 9.335387 -5.803236 -1.876488 7.984922 0.694554 -8.141486 3.251634 3.316548 -5.727694 6.144099 -2.778584 -26.920649 -11.705027 -13.959857 -16.835611 -1.704653 -11.368244 2.623025 5.782387 -10.984218
