5.991065 30.793030 -5.405993 12.658178 12.446712 -1.647543 -6.155491 7.302880 -6.998147 -20.574965 2.503628 2.770879 3.849335 -9.317348 -3.381895 -4.989579 -4.181273 8.688364 -3.194667 -6.780798 5.943556 13.696001 -18.489277 2.511478 0.046341 22.365831 9.308322 -21.376005 -3.748215 11.965693
4.404483 29.843849 -3.042504 12.324378 14.441420 0.078577 -4.942033 7.361543 -5.227499 -19.895586 2.946315 2.918136 3.190799 -9.426029 -3.960465 -4.646267 -3.666657 8.303335 -3.524679 -6.008841 4.522666 13.590730 -20.490755 2.175058 -0.585097 21.916264 7.165001 -19.458960 -5.249656 12.324924
4.177115 28.787607 -1.685304 13.506496 15.531570 0.418980 -3.471552 7.982795 -4.342906 -19.038858 3.152956 3.207309 3.187703 -9.600219 -4.417904 -4.246979 -3.135069 8.687736 -3.415548 -5.527388 4.321793 12.929426 -20.011492 1.667374 -1.088012 22.219423 5.899409 -17.606749 -5.495918 13.378219
3.223598 27.215584 0.400358 13.870853 17.096725 1.398364 -1.765645 9.110737 -2.890754 -17.643732 3.460402 3.454914 2.729017 -9.786175 -4.807803 -3.844488 -2.549902 8.703634 -3.457986 -4.942773 3.348183 12.309721 -20.972891 1.005375 -1.842461 22.164679 4.133572 -15.635710 -6.183156 13.800019
2.769350 25.841740 1.768343 14.902030 17.999989 1.409366 -0.735184 9.909839 -2.280188 -17.378691 3.734338 3.497049 2.372724 -10.009134 -5.300334 -3.595049 -1.898205 8.793530 -3.412153 -4.521383 3.376450 12.365151 -21.359365 0.307190 -2.125267 22.424437 3.179533 -14.177672 -6.444606 13.650153
2.482816 24.916470 2.540492 15.867174 18.646502 1.181898 0.052298 10.331652 -2.012740 -17.347651 3.921767 3.594940 2.208249 -10.106061 -5.490883 -3.180728 -1.395000 9.037283 -3.540206 -4.340483 3.295378 12.087717 -21.828821 -0.626080 -1.845120 22.670008 2.467517 -13.708432 -7.123193 13.831248
2.077703 24.088911 3.571695 16.667826 19.074545 1.005825 0.575073 10.710544 -2.019219 -17.569546 4.078055 3.317356 2.080145 -10.177653 -5.704443 -3.082497 -0.978822 9.315251 -3.368982 -4.318737 3.332106 11.850477 -22.025938 -1.475358 -1.459376 23.011812 2.043910 -13.270501 -7.357405 13.820497
1.778109 23.746620 4.086456 17.150377 19.600187 0.762988 1.040626 10.784921 -1.996782 -17.439283 3.895005 3.175963 1.904390 -10.315102 -5.770652 -3.158534 -0.717622 9.468197 -3.289526 -4.439798 3.170647 11.284206 -22.488976 -2.026863 -1.241634 23.050478 1.576218 -13.254228 -7.387780 14.038806
1.384544 23.858170 4.549281 17.670620 19.763979 -0.034675 0.758732 10.559003 -2.591225 -17.909597 4.053852 3.197083 1.636830 -10.444773 -6.066243 -3.162199 -0.610768 9.506557 -3.148810 -4.369678 3.428930 10.733917 -22.886679 -3.091428 -0.486822 23.247547 1.280908 -12.979878 -7.718194 14.418455
0.680558 24.160114 5.487747 17.888128 19.998400 -0.594445 0.627543 10.251302 -3.083581 -18.074530 4.140461 3.237569 1.205155 -10.529137 -6.283560 -3.185754 -0.568960 9.531579 -3.003301 -4.406437 3.430358 10.257219 -23.509129 -4.421603 0.415134 23.481497 0.641531 -13.229261 -8.171432 14.295300
-0.262978 25.164982 6.150735 17.877329 19.971148 -1.391618 0.326989 9.399020 -4.324822 -18.728863 4.124712 3.369950 0.661483 -10.680599 -6.671962 -3.373785 -0.497760 9.309831 -2.797716 -4.274090 3.081481 9.905025 -23.997938 -5.339372 0.960133 23.736475 0.295632 -13.482373 -8.437094 14.321788
-0.933620 26.049004 6.410456 17.651484 19.872982 -2.350129 -0.228309 8.798079 -5.522599 -19.226007 4.263125 3.467508 0.379542 -10.788423 -6.980674 -3.420665 -0.546383 9.067074 -2.642140 -4.148739 2.750222 9.742397 -24.455772 -5.607171 1.115158 23.664953 -0.525387 -13.856376 -8.630157 13.687587
-1.687374 27.137650 6.927859 17.018652 19.830702 -2.544382 -0.396582 8.084587 -6.275700 -19.406912 4.141831 3.663398 -0.256416 -10.890989 -7.360346 -3.807625 -0.607780 8.692434 -2.410326 -4.067112 2.507475 9.254028 -24.968515 -5.701487 1.288589 23.496027 -0.958657 -14.793494 -8.338170 13.139150
-2.228480 28.365891 7.213497 16.246485 19.420214 -2.703467 -0.797854 7.166639 -7.428603 -19.874523 4.452884 3.623662 -0.700178 -11.002588 -7.549066 -3.800683 -0.893597 8.428186 -2.196663 -3.853172 2.701612 9.059345 -26.297939 -5.267326 1.580524 22.966827 -1.337519 -15.993333 -7.924766 12.235550
-2.528145 29.231297 7.518056 15.479769 18.720613 -2.280533 -0.945460 6.622414 -7.827312 -19.875139 4.687718 3.690861 -1.095357 -11.012760 -7.747877 -3.987883 -1.290833 7.998344 -2.037232 -3.764856 2.890774 8.638843 -27.091415 -4.962382 2.015341 22.457384 -1.341050 -17.506317 -7.812367 11.879803
-2.512241 30.739414 7.338634 14.473045 18.134352 -2.247950 -1.432825 6.140622 -8.477418 -19.742727 4.678128 3.747334 -1.473854 -10.840139 -7.982417 -4.730024 -1.630870 7.783537 -1.629626 -4.005846 3.240059 8.004052 -26.741415 -4.223660 2.408381 21.858316 -1.963514 -19.335909 -7.330158 11.201200
-2.692546 31.884449 7.085191 13.788702 17.692116 -2.099341 -1.653529 5.443452 -8.966485 -19.726662 4.870858 3.771946 -1.606752 -10.673007 -7.963825 -4.968280 -1.926764 7.678937 -1.487824 -4.261638 3.263591 7.125329 -26.740320 -3.634251 2.943157 21.222630 -1.796630 -21.201241 -6.825937 11.200492
-2.747167 32.602161 6.582868 13.105667 17.442579 -1.717154 -2.078555 4.978313 -9.004620 -19.655149 5.253773 3.511902 -1.704961 -10.424762 -8.046335 -5.365694 -2.178276 7.647129 -1.215523 -4.727295 3.432024 6.797285 -26.595449 -2.832222 3.238158 20.620718 -1.553441 -22.504114 -6.438298 11.356376
-2.631202 33.626362 6.041174 12.852039 17.144438 -1.250868 -2.462481 4.314795 -9.110055 -19.667393 5.462850 3.460903 -1.694252 -10.274918 -8.007204 -5.521647 -2.306753 7.517995 -1.183133 -4.797699 3.676200 6.607799 -26.567823 -2.539249 3.671897 20.366482 -1.535051 -23.392149 -6.315351 11.640622
-2.725788 33.489166 5.993696 12.956709 17.262197 -1.147612 -2.492881 4.228057 -9.134267 -19.813498 5.527030 3.331360 -1.741256 -10.317457 -7.784629 -5.339212 -2.437276 7.574460 -1.245468 -4.836481 3.668736 6.813515 -27.117319 -2.769643 3.851407 20.470106 -1.419461 -23.461483 -6.360415 11.497825
-2.762071 33.491356 6.016483 12.965311 17.263657 -1.167488 -2.496619 4.198944 -9.170087 -19.853334 5.550856 3.328015 -1.749950 -10.288225 -7.772829 -5.357909 -2.406013 7.586874 -1.258556 -4.858819 3.684774 6.853750 -27.080687 -2.755522 3.816490 20.468920 -1.392320 -23.452419 -6.354298 11.454978
-2.747042 33.490250 6.012423 12.968408 17.257145 -1.155536 -2.477063 4.200885 -9.161601 -19.840212 5.551976 3.325474 -1.747513 -10.287792 -7.775976 -5.358893 -2.413906 7.577909 -1.254112 -4.863616 3.691457 6.861833 -27.076700 -2.738845 3.813686 20.466360 -1.389073 -23.449190 -6.362234 11.462662
-0.835035 31.994537 7.256433 14.693832 16.613901 -5.035515 -0.737055 7.209254 -10.788877 -18.137915 4.007482 3.013754 -1.540838 -11.699092 -8.108387 -5.163326 -1.553565 7.298987 -0.678251 -2.822963 4.171855 6.540374 -26.884008 -4.495139 1.595683 22.146818 -1.952970 -18.350504 -5.979322 8.781116
1.091721 28.015423 6.832049 17.283262 18.188639 -5.881306 0.584485 10.245742 -8.493375 -16.315069 2.891379 2.519278 -1.123843 -12.407349 -7.648235 -4.909359 -0.969819 7.857071 -0.380062 -2.037757 5.322663 6.218443 -25.414391 -5.610865 0.161621 23.792753 0.273452 -13.868686 -3.803847 9.042224
2.019484 26.453930 7.017562 15.421304 16.898636 -5.308332 0.689520 12.707816 -7.399388 -14.573360 2.013805 1.839530 -0.496951 -12.500952 -6.835780 -5.162576 -0.672612 8.026794 -0.371011 -1.680551 6.651195 5.890275 -24.609993 -4.271000 -0.805946 23.599417 1.705329 -12.588772 -2.013954 9.678722
2.786283 25.722198 7.413446 11.773327 14.911812 -4.768355 0.727259 15.391891 -7.706083 -13.544086 1.236748 0.836896 0.086614 -12.200795 -6.161537 -6.018126 -0.519779 7.674255 -0.511152 -1.663240 7.393633 5.713727 -23.361258 -2.625987 -2.067399 23.146561 2.838308 -12.020921 -0.821573 8.927113
3.534357 25.965487 6.680022 10.192343 13.642612 -5.267279 -0.181293 16.360605 -7.771275 -13.003824 0.753329 0.625758 0.154324 -12.092247 -5.642416 -6.233131 -0.514952 7.669980 -0.790664 -1.687157 7.734625 5.659383 -22.243479 -1.399612 -3.100399 23.251192 3.689357 -11.843335 0.279753 8.559970
5.280857 26.533379 5.332194 8.327159 12.367075 -5.892897 -2.281203 17.705015 -6.483186 -10.689728 -0.226677 0.681982 -0.239577 -12.249380 -5.169063 -6.858872 -1.152620 7.451431 -0.626357 -1.957095 7.812095 5.003228 -20.969393 -0.506700 -3.926790 23.142405 6.533691 -11.512687 2.204686 9.413934
7.600064 27.301025 3.598243 7.543358 11.135357 -7.816295 -4.737301 19.087145 -5.101367 -8.827422 -1.326587 0.475769 -0.023421 -12.568323 -4.560220 -6.867491 -1.780234 7.564065 -0.590490 -2.540033 7.042044 4.559668 -19.656706 0.260693 -5.297497 23.355017 9.497086 -10.427002 3.793934 9.541917
7.831341 27.403696 3.344831 7.362367 11.033928 -7.992108 -5.056499 19.243919 -4.734721 -8.485950 -1.439831 0.199457 0.141257 -12.662796 -4.337102 -6.874668 -1.730191 7.745267 -0.525190 -2.489959 6.892787 4.741358 -19.332453 0.635591 -5.782725 23.498898 9.935742 -9.975710 3.981297 9.410071
7.824527 27.416695 3.278311 7.406093 11.097425 -7.974608 -4.975962 19.171686 -4.753475 -8.560810 -1.420793 0.270583 0.077602 -12.670919 -4.371646 -6.867342 -1.789624 7.712353 -0.521155 -2.569685 6.873802 4.797661 -19.358446 0.610674 -5.799383 23.497023 9.844866 -10.008914 3.947453 9.352877
7.763865 27.520575 3.316224 7.487235 11.122780 -7.976141 -4.942360 19.099550 -4.875148 -8.576136 -1.397382 0.283355 0.063262 -12.670029 -4.387571 -6.857573 -1.780389 7.707573 -0.524202 -2.555452 6.934794 4.746856 -19.404821 0.479020 -5.671272 23.515392 9.872148 -10.056257 3.932854 9.368196
7.814272 27.527241 3.238328 7.556521 11.128189 -7.951957 -4.940524 19.115400 -4.881352 -8.634294 -1.367143 0.274661 0.139813 -12.667662 -4.343166 -6.821157 -1.809342 7.732963 -0.521570 -2.538063 6.936615 4.825840 -19.427284 0.497495 -5.631608 23.515684 9.779635 -10.144954 3.828442 9.399491
7.749213 27.540892 3.293806 7.581266 11.185018 -8.017615 -4.896814 19.078726 -4.924324 -8.633417 -1.355897 0.284985 0.106036 -12.667662 -4.355690 -6.824189 -1.803854 7.734026 -0.523777 -2.554158 6.914334 4.748210 -19.407310 0.532928 -5.683650 23.503607 9.850168 -10.100648 3.859600 9.425956
7.706915 27.554203 3.267089 7.685571 11.258920 -8.036242 -4.811770 19.009863 -4.979635 -8.730252 -1.333217 0.317993 0.105885 -12.672287 -4.360898 -6.809052 -1.825032 7.745131 -0.514916 -2.543625 6.925290 4.836244 -19.418856 0.468690 -5.530736 23.528864 9.735868 -10.269113 3.773327 9.347155
7.826654 27.570004 3.230208 7.614244 11.180185 -8.016572 -4.882676 19.079863 -4.963717 -8.623195 -1.345887 0.296536 0.189639 -12.694878 -4.313194 -6.788676 -1.855104 7.787382 -0.494647 -2.553254 6.964770 4.786105 -19.429077 0.330231 -5.385339 23.575457 9.740209 -10.419436 3.764481 9.255290
7.902387 27.529697 3.197895 7.670807 11.099344 -8.009076 -4.951348 19.122774 -4.947430 -8.650036 -1.328204 0.295619 0.187500 -12.691527 -4.290783 -6.773460 -1.860972 7.831149 -0.497978 -2.552346 6.935053 4.783637 -19.442230 0.397966 -5.517112 23.498577 9.752856 -10.419177 3.843776 9.274743
7.881468 27.521597 3.164541 7.606519 11.105049 -8.039639 -4.950593 19.118879 -4.902920 -8.615026 -1.416211 0.411513 0.328060 -12.594883 -4.401090 -6.959522 -1.810699 7.829679 -0.445741 -2.616282 6.867211 4.676003 -18.965036 0.378290 -5.501497 23.550900 9.585837 -10.469871 3.802256 9.403644
7.838401 27.516914 3.272743 7.589314 11.075339 -7.957241 -4.940599 19.109888 -4.907915 -8.619031 -1.419798 0.422154 0.342265 -12.582818 -4.401010 -6.963440 -1.811993 7.810431 -0.464866 -2.605963 6.812602 4.640130 -18.992243 0.487864 -5.632560 23.470938 9.625070 -10.314282 3.850529 9.509980
7.842003 27.526070 3.296734 7.602828 11.081082 -7.930789 -4.986821 19.114973 -4.914830 -8.638073 -1.413596 0.388982 0.283652 -12.595945 -4.412874 -6.987359 -1.791020 7.813268 -0.434590 -2.599370 6.860510 4.684378 -19.007759 0.352680 -5.493231 23.525986 9.574812 -10.382449 3.802707 9.485066
7.904076 27.520977 3.256214 7.540161 11.016153 -7.918235 -5.026924 19.171764 -4.897122 -8.597981 -1.473874 0.526583 0.461702 -12.481215 -4.548775 -7.185976 -1.752713 7.833802 -0.389880 -2.673770 6.748688 4.460644 -18.072943 0.444175 -5.497722 23.571096 9.305207 -10.387162 3.781784 9.813762
7.841109 27.459238 3.337283 7.479055 11.008982 -7.851272 -5.021139 19.183193 -4.820663 -8.599745 -1.479440 0.495657 0.434512 -12.491880 -4.518335 -7.159675 -1.751772 7.832116 -0.412978 -2.676525 6.656260 4.293253 -17.624537 0.428029 -5.482603 23.613836 9.100050 -10.404805 3.772784 9.883307
10.013120 25.865131 2.361510 7.559344 10.390914 -7.355623 -5.382173 20.874525 -2.994704 -7.263263 -2.064076 -0.630773 1.600543 -12.601027 -3.411638 -6.499198 -1.297800 7.929923 -0.672986 -1.265288 7.339929 6.058497 -17.734980 2.229116 -7.406884 23.524908 11.553541 -7.396620 4.622921 9.578709
12.311626 23.939514 2.615553 8.253498 8.091887 -6.068382 -5.908420 23.115816 -1.346280 -7.169760 -2.398666 -1.229353 3.195133 -12.281092 -2.555352 -6.427974 -0.928098 8.069149 -1.182958 0.281371 9.454935 8.022464 -16.786421 3.791080 -8.841611 23.280367 12.203973 -3.692987 4.522806 10.314476
13.536096 23.707626 3.544928 8.347387 6.133746 -5.573541 -6.600327 24.916128 -0.906471 -6.780849 -2.393883 -0.860663 4.401803 -11.908634 -3.350878 -6.748722 0.097664 8.167044 -1.472386 1.077390 11.567324 7.030594 -12.667847 5.566095 -9.023333 22.265839 10.602246 -0.122294 4.424491 15.192090
13.189209 22.915295 5.644446 8.801222 5.267093 -4.571067 -6.240503 25.219406 -0.793845 -6.567197 -2.151423 -1.705206 4.748874 -11.951542 -3.073637 -5.844824 1.213628 8.233152 -1.996182 1.778844 13.640700 6.681776 -15.151637 7.243347 -8.861483 21.095186 10.288518 1.543214 5.903605 17.250252
12.620601 20.455572 7.021486 9.521471 3.903908 -3.130768 -5.687577 25.467119 -0.304257 -7.357410 -2.079414 -2.194017 5.366858 -12.006356 -3.010824 -5.201787 2.341717 8.429620 -2.386329 2.386542 15.815548 6.188979 -17.022654 9.339247 -8.806437 19.751459 9.095284 0.793658 8.487684 17.488659
13.185994 18.090176 6.905006 9.722893 1.685714 -2.086823 -5.186922 26.729696 -0.587982 -8.616165 -1.938677 -2.069549 6.745541 -11.515396 -3.130436 -4.626586 2.994934 7.855781 -3.370528 2.224596 18.518444 6.150826 -15.851595 11.073978 -8.616987 19.022467 7.178897 -1.351351 11.331652 16.051018
14.257623 15.458521 5.717278 10.060611 -0.604145 -1.432101 -5.196500 28.383032 -0.925518 -10.426903 -1.428736 -2.187070 8.165256 -11.317270 -3.537435 -4.107190 2.943879 6.752518 -4.358604 2.216873 21.439665 8.168283 -15.283838 12.562861 -8.902717 18.475393 5.282253 -3.195789 12.850553 13.672832
14.036157 12.522616 6.022006 10.688935 -2.603181 0.385764 -4.370001 30.495127 -0.810248 -12.425720 -1.033455 -2.634576 9.800789 -10.988683 -3.930201 -3.415238 3.286288 5.173284 -5.861527 1.751330 23.499060 13.023956 -14.156914 13.179303 -10.902018 18.944767 2.332119 -2.775445 12.774716 11.193042
13.590187 10.523812 7.704456 10.851998 -4.694192 3.745925 -3.406118 32.231289 -0.301398 -13.865566 -0.949249 -2.832880 9.971539 -10.878267 -4.917871 -3.424822 3.336813 3.191926 -6.706018 0.588276 25.345078 16.475830 -14.950401 13.723885 -12.631319 18.486748 -3.661630 -3.067734 12.713894 10.292834
12.771924 9.213886 10.011530 11.353207 -5.899482 7.906317 -0.866259 33.247700 0.107327 -13.696245 -1.187721 -3.731447 9.304814 -10.915121 -5.927577 -3.930957 4.069768 1.744298 -7.181022 -0.945630 25.762133 18.182493 -16.327192 15.044005 -14.585030 17.293800 -8.648458 -4.101110 13.950228 10.052674
12.054383 8.606031 11.874861 12.154829 -6.173307 10.332795 2.184158 33.753582 -0.301708 -13.456433 -1.410020 -4.289686 8.346246 -11.516720 -6.478505 -4.040847 4.238015 0.765255 -7.217464 -1.351505 25.129213 18.758253 -18.953260 15.593434 -16.670256 16.428686 -10.650216 -5.305255 16.197449 7.737482
11.588380 9.221056 11.374352 12.472244 -4.214252 8.262715 2.762071 32.975182 -0.626676 -13.614367 -1.311821 -3.271920 8.186313 -11.511206 -6.934758 -4.229672 4.166874 0.817549 -7.110206 -1.065787 24.804495 16.957762 -17.303743 14.663352 -15.382278 17.677858 -10.716226 -4.912317 14.714262 9.033401
11.362572 9.837475 10.099549 12.871696 -1.747075 5.514487 2.397957 32.440887 -1.383021 -14.653343 -1.360602 -1.935188 7.776379 -11.859905 -6.628297 -3.798094 3.517145 1.730802 -6.444625 0.116128 24.290674 16.139135 -16.454752 13.274446 -13.723481 19.913130 -8.142085 -3.794733 12.912861 7.505570
10.269719 10.178457 12.829047 12.408937 -2.761670 7.750451 3.571362 33.085705 -2.207933 -13.888712 -1.659678 -1.332250 6.569000 -12.245615 -7.350108 -4.092640 3.541161 1.095859 -6.410924 -0.117920 24.121290 15.259038 -17.826908 15.340122 -14.951929 18.947203 -11.261398 -5.694103 14.928254 8.244272
9.576018 11.923299 15.975986 11.875729 -3.899574 7.373035 2.954870 33.352318 -1.869787 -10.012815 -1.687921 -1.772563 4.739568 -12.726305 -8.378868 -3.989143 3.969902 0.372862 -6.460365 -0.937520 23.328035 11.089148 -20.578501 14.249483 -15.377439 18.202486 -9.458502 -2.880680 16.878166 8.809123
9.892262 12.226334 17.496620 11.339756 -5.338542 8.173826 1.323666 33.718964 -0.949166 -8.576809 -2.174490 -1.546928 4.172966 -12.590261 -9.271751 -4.800470 4.344200 -0.277068 -6.145317 -1.457573 22.295790 10.497108 -20.550383 14.574775 -15.126854 17.133646 -11.056499 -2.621068 17.287249 10.578585
10.134749 12.177228 17.597950 11.144837 -5.763146 8.326293 1.329533 33.906784 -0.954828 -8.475362 -2.212276 -1.672498 4.286286 -12.571123 -9.274315 -4.762911 4.421040 -0.300310 -6.172896 -1.507700 22.445501 10.611252 -20.661907 14.946065 -15.108166 16.903601 -11.234521 -2.615272 17.583782 10.550209
10.030926 12.101017 17.514181 11.244215 -5.606451 8.118767 1.355945 33.926300 -1.065624 -8.597309 -2.269802 -1.566009 4.231770 -12.601271 -9.218230 -4.839152 4.310719 -0.307071 -6.128223 -1.415280 22.408258 10.816589 -20.498396 14.734622 -15.164739 17.221098 -11.258677 -2.771725 17.366526 10.333427
