9.088119 28.152760 -7.890836 4.204609 11.921095 2.820746 3.265682 15.591935 7.708303 -3.585335 3.107401 8.275138 5.240413 -8.990408 0.709296 -3.520132 -0.393584 5.295268 1.858887 -10.420347 9.099002 5.917736 10.313386 -13.765244 -11.754663 11.045326 1.033396 -27.582172 -1.937581 20.641085
9.146565 28.165298 -7.847111 4.230088 11.987047 2.844638 3.314600 15.605664 7.695525 -3.697214 3.139747 8.334341 5.251621 -8.966909 0.656442 -3.524011 -0.402732 5.296391 1.866585 -10.412363 9.500464 5.965473 10.326381 -14.254386 -11.358292 11.177892 1.046816 -27.895521 -2.003803 20.746010
8.004838 25.627010 -8.954225 3.676169 8.945646 5.854725 1.805457 15.648169 7.929415 -4.064326 3.567924 8.357170 5.553884 -8.218100 0.830065 -3.860455 -0.838416 4.808309 1.806618 -10.055419 10.347847 6.295004 9.942966 -11.873065 -8.906816 11.243406 1.489881 -25.663380 -4.679864 20.260979
8.778417 26.756130 -8.020319 3.768423 10.020445 5.208493 2.929499 15.847306 7.719181 -4.447146 3.471718 8.477661 5.430152 -8.425137 0.850314 -3.661985 -0.755551 4.988414 1.833546 -10.298269 10.493431 6.623052 10.341853 -13.751072 -10.790764 10.423529 1.113632 -26.785906 -3.554423 20.570026
8.542094 25.943918 -8.354544 2.994884 8.153632 7.666617 3.259038 15.399089 7.178891 -4.990632 3.801837 8.702656 5.733557 -8.020161 1.060840 -3.503309 -1.025399 4.640427 1.694357 -10.185367 11.460829 8.005857 10.220632 -12.632855 -9.840129 10.163366 0.696728 -25.566946 -5.563694 20.217674
8.368340 24.910328 -8.635936 2.565400 6.828786 9.217219 3.370405 15.448804 6.787888 -5.563181 4.215477 9.251604 6.186566 -7.435900 1.643878 -3.024861 -1.347875 4.683557 1.702906 -9.701031 12.251333 8.974430 10.218375 -12.386954 -9.722141 9.463564 0.213217 -25.147976 -6.800776 19.679523
8.188390 24.337749 -8.661792 2.218166 5.718766 10.718547 3.725686 15.358338 6.433424 -5.991492 4.509870 9.577711 6.412362 -7.110295 1.836969 -2.716617 -1.617450 4.737063 1.524125 -9.392672 12.948745 10.160656 10.198713 -12.221105 -9.687993 8.967661 -0.449813 -24.827230 -7.854757 18.960129
8.628626 23.864056 -8.537604 2.244081 5.553788 11.906603 4.802361 15.223433 6.160008 -6.809505 4.734147 9.955769 6.385858 -6.834055 2.173219 -2.502728 -1.777231 4.968119 1.556566 -9.327056 13.398736 11.051367 10.110466 -12.041261 -9.512897 8.640388 -1.047871 -24.457232 -8.856139 18.214670
9.087461 23.171669 -8.599240 2.462363 5.179526 13.055478 5.755624 15.207635 6.084330 -7.598015 4.916654 10.131169 6.448171 -6.494368 2.489609 -2.459027 -1.952995 4.979064 1.585110 -9.371043 14.355506 11.132748 10.257085 -11.973239 -9.455604 7.807781 -1.171671 -24.011778 -9.764685 17.644812
9.627188 22.603691 -8.620367 2.689482 5.114126 13.702533 6.418045 15.123403 6.291285 -8.223983 5.052301 10.729822 6.126163 -6.430412 2.659473 -2.512609 -2.083748 4.705328 1.997463 -9.556574 14.855187 10.796211 10.453519 -12.146203 -9.338968 7.293889 -0.624457 -23.419947 -10.363066 17.547832
10.583609 21.833576 -8.697577 2.976651 5.537857 14.381082 7.136492 15.012393 6.862533 -9.217751 5.141132 11.079175 5.888314 -6.352323 2.716684 -2.824153 -2.192796 4.024874 2.447289 -9.696776 15.894905 9.615092 10.722718 -13.090350 -10.008073 5.571325 0.354064 -23.049738 -10.847086 17.911751
11.101146 21.023846 -8.976338 3.331660 6.372942 14.146729 7.280171 14.934772 7.670158 -9.886164 5.192289 11.308485 5.796297 -6.294841 2.685177 -3.057155 -2.175071 3.319081 2.744197 -9.962305 16.767509 8.066916 10.704379 -13.308295 -10.281073 4.332669 1.507424 -22.620165 -10.912640 18.765511
11.782442 19.966721 -9.258879 3.604142 7.270417 13.483390 6.795615 15.185797 8.817647 -10.597309 5.271589 11.520048 6.068151 -6.288354 2.748889 -3.047725 -2.217467 2.682100 3.037967 -9.945877 17.555363 6.934008 10.837310 -13.806846 -10.742789 3.371238 2.503579 -22.195311 -10.915586 19.464077
12.270709 19.214344 -9.536301 3.797467 8.929893 12.061602 6.415638 15.375540 9.911983 -11.235332 5.335704 11.668625 6.389986 -6.255298 2.785480 -3.055466 -2.110599 2.017964 3.239852 -9.881639 18.307814 5.635941 10.807590 -14.474750 -10.925958 2.641045 3.938462 -21.446516 -10.921378 19.811596
12.468385 18.819887 -9.552380 3.541175 10.446266 10.639373 5.804884 15.571097 10.656277 -11.655565 5.411502 11.600517 6.898370 -6.292863 2.765735 -3.156439 -1.823541 1.270700 3.385601 -9.809761 19.234823 4.614372 10.943702 -14.985495 -11.084008 1.827771 5.004191 -20.678461 -11.053062 20.031876
12.417607 18.715038 -9.432417 3.060007 11.709295 8.953675 5.120648 16.148987 11.306788 -11.871792 5.405036 11.276115 7.618493 -6.375294 2.849432 -3.117589 -1.581757 1.004176 3.340257 -9.479019 19.934546 4.282119 11.030993 -15.848996 -11.680015 1.155019 5.820527 -20.171421 -11.253954 20.103298
12.293817 18.657221 -9.556203 2.462163 12.486475 7.650261 4.248207 16.583355 11.704995 -11.791776 5.411213 10.894040 8.423081 -6.373950 3.005137 -3.074223 -1.282644 0.808048 3.286876 -9.121727 20.232492 3.615257 11.145429 -16.872828 -11.999909 0.701274 7.125980 -19.533451 -11.484470 20.023199
11.858138 19.026493 -9.765540 2.070584 13.511199 6.071997 3.565163 16.909079 12.112189 -11.553424 5.338716 10.471462 9.100511 -6.480268 3.127540 -3.028635 -0.997906 1.026840 3.162126 -8.741356 20.594881 2.759109 11.690968 -18.488846 -12.785552 -0.168231 8.098525 -19.091843 -11.668868 19.985783
11.159499 19.156422 -9.697459 1.810057 14.583763 4.967484 3.330708 17.043121 12.151873 -11.399862 5.299687 10.184334 9.810122 -6.512032 3.167988 -2.956656 -0.692837 1.177559 3.054023 -8.214069 20.375875 1.799608 11.928508 -19.486855 -12.902817 -0.742375 9.227378 -19.017698 -11.881876 19.554882
10.306276 19.678843 -9.538220 1.818600 15.445873 3.785257 2.841128 17.140436 12.359429 -10.862914 5.209462 9.621889 9.868073 -6.844388 3.521003 -2.606845 -0.665646 1.520766 2.911071 -7.664288 20.154760 0.714832 12.018965 -20.154949 -12.926978 -1.486633 10.051520 -19.018499 -12.127161 19.477566
10.047310 19.824879 -9.393796 1.578785 15.618950 3.584097 2.801797 16.972887 11.957171 -10.678823 5.294107 9.589336 9.969015 -6.810389 3.564824 -2.532323 -0.640743 1.551765 2.779274 -7.438312 20.063288 0.151835 12.139567 -20.645668 -13.008171 -1.904570 10.286172 -19.044542 -12.127181 19.191996
9.905028 19.977737 -9.406006 1.517090 15.670177 3.501120 2.859687 16.884027 11.839542 -10.541797 5.265825 9.623680 9.895715 -6.850691 3.568467 -2.483416 -0.612415 1.630076 2.786128 -7.484629 19.939962 0.084318 12.068211 -20.635223 -12.961314 -1.944919 10.350577 -19.075274 -12.149458 19.261868
11.439913 19.314182 -11.088113 1.808908 12.664115 5.997830 3.481524 15.335379 11.494001 -10.197462 5.263382 9.838920 8.436570 -6.341775 2.932006 -3.371945 -1.413162 1.049247 2.798161 -9.100975 18.667469 2.541262 11.514544 -17.927952 -10.979955 1.603899 8.992319 -18.649797 -11.988636 19.873646
11.894815 21.783129 -12.500518 0.837799 7.822227 8.775304 4.196727 13.063552 8.298248 -7.554843 5.155502 9.744560 5.741848 -5.882892 2.176605 -4.266728 -3.367303 2.004040 2.299616 -10.361292 14.589050 5.023863 11.216916 -15.782996 -8.302584 6.616445 7.122189 -19.148903 -12.070692 19.051216
11.739493 23.184120 -12.601592 -0.743879 5.704677 8.726085 2.189290 13.617463 7.488277 -6.531096 5.187348 9.056839 5.910524 -5.587549 2.086742 -4.465683 -3.617834 2.331981 1.778171 -10.091281 13.442842 5.541572 11.715186 -15.551908 -7.749418 8.207164 6.955291 -19.479893 -12.054464 18.155956
11.213210 24.019499 -12.942479 -1.859048 3.636178 8.948019 -0.246904 14.429849 7.077585 -5.797573 5.263078 8.605782 5.954603 -5.535852 1.632865 -4.496976 -3.889427 2.594917 1.120664 -9.676659 12.704574 5.584831 11.633378 -14.491729 -6.698405 9.608348 6.262709 -20.000267 -12.035263 16.563084
10.349631 24.387890 -13.055860 -2.294736 2.336053 8.707372 -1.778797 14.381083 6.689260 -4.763498 5.297241 8.353868 5.787968 -5.385278 1.300972 -4.668733 -3.890833 2.853148 0.751657 -9.350310 11.849760 5.420290 10.987178 -13.371891 -5.447212 10.393656 6.659399 -20.057285 -11.843605 16.508305
9.085559 25.377941 -12.461270 -3.216068 1.411069 8.614316 -2.924387 14.103131 5.783269 -3.507358 5.264491 8.115421 5.248971 -5.376361 0.438089 -5.170814 -3.957077 2.629290 0.315183 -9.518853 10.988562 5.012004 10.214629 -12.349206 -4.358757 10.683228 7.163686 -20.308538 -11.817973 16.769762
8.528209 26.564806 -12.733396 -3.768401 -0.867827 10.747857 -2.578068 12.216071 4.690550 -2.177128 5.237252 8.412212 4.330239 -5.902401 -0.635335 -5.240620 -4.184014 2.621929 -0.009758 -9.463032 10.125867 2.616262 9.689460 -10.519329 -2.737183 11.278879 8.693309 -20.263372 -11.938545 18.621628
7.978095 27.005466 -12.492063 -5.025002 -3.417269 12.813243 -2.121661 11.479478 3.416655 -1.788867 5.081105 8.159069 3.959663 -5.922540 -0.824701 -5.500165 -4.239428 2.873752 -0.108044 -9.469516 9.447637 1.440430 9.889311 -9.548642 -1.694465 12.019804 8.931688 -20.500862 -12.038399 18.743080
8.069188 27.020771 -12.512567 -4.796319 -3.283509 12.748956 -2.059825 11.448360 3.496062 -1.744092 5.085340 8.167977 3.976878 -5.947520 -0.876639 -5.486903 -4.202515 2.836551 -0.121442 -9.481220 9.396194 1.545669 9.758467 -9.580334 -1.668383 12.014896 8.993455 -20.424320 -12.136648 18.810959
8.046094 27.058792 -12.536797 -4.811982 -3.390207 12.818605 -2.119256 11.447511 3.534245 -1.710347 5.085366 8.185151 4.006092 -5.988665 -0.862525 -5.454485 -4.221851 2.830482 -0.101490 -9.442603 9.395362 1.462687 9.731086 -9.598487 -1.689287 11.954971 9.008949 -20.447416 -12.129999 18.812519
7.944480 27.239176 -12.547104 -4.807456 -3.337638 12.740428 -2.075089 11.403695 3.458888 -1.622465 5.084427 8.183232 3.997666 -6.005312 -0.870227 -5.453871 -4.228132 2.821280 -0.105386 -9.464769 9.380416 1.360474 9.822015 -9.664563 -1.684344 11.902036 9.074140 -20.466108 -12.092327 18.843895
7.916154 27.255823 -12.496791 -4.761717 -3.038324 12.536362 -2.044675 11.489530 3.572997 -1.691820 5.078240 8.213533 4.000582 -5.997079 -0.821704 -5.431445 -4.237912 2.861202 -0.071711 -9.449045 9.459836 1.430168 9.823565 -9.608085 -1.803016 11.835964 8.880002 -20.603407 -12.008684 18.856707
8.061404 27.162786 -12.529937 -4.724514 -2.994409 12.663524 -1.959400 11.450797 3.640861 -1.814111 5.109342 8.236395 3.991337 -5.978366 -0.849863 -5.432539 -4.249154 2.770463 -0.101438 -9.453735 9.516046 1.394999 9.836619 -9.711198 -1.874597 11.708898 8.973554 -20.551966 -12.033962 18.864059
8.158957 27.128653 -12.538937 -4.597760 -3.024356 12.692359 -2.144968 11.528091 3.787188 -1.835640 5.124294 8.291435 4.018915 -6.005539 -0.828477 -5.365183 -4.265250 2.784657 -0.079631 -9.414158 9.623391 1.377804 9.772554 -9.771115 -1.917180 11.693540 9.234546 -20.432196 -11.977985 19.004681
8.222610 27.165699 -12.458650 -4.432821 -2.710631 12.608884 -1.921148 11.607067 3.706772 -1.878978 5.158629 8.371059 4.056384 -6.007996 -0.860588 -5.322509 -4.222803 2.756703 -0.092744 -9.384693 9.677506 1.544048 9.708967 -9.748694 -2.066270 11.626749 9.081083 -20.526949 -11.950538 19.059807
8.244818 27.122364 -12.470185 -4.513689 -2.795630 12.668344 -1.953838 11.586843 3.709454 -1.913708 5.147223 8.368166 3.962161 -5.970604 -0.809680 -5.314051 -4.275521 2.825921 -0.100548 -9.419184 9.644680 1.413235 9.730029 -9.899258 -2.020055 11.509369 9.324792 -20.432932 -12.086826 19.042324
8.170999 27.089245 -12.500742 -4.582208 -2.802236 12.651301 -1.995562 11.581629 3.697793 -1.902583 5.145817 8.340868 3.984755 -5.976918 -0.871851 -5.375363 -4.252769 2.762768 -0.105018 -9.446865 9.697103 1.541769 9.722327 -9.749237 -2.000571 11.628532 9.206485 -20.432369 -12.041883 19.008358
8.168787 27.097664 -12.455995 -4.630593 -2.728024 12.619178 -1.936313 11.590672 3.675205 -1.952286 5.121611 8.329840 3.965748 -5.999647 -0.849512 -5.371913 -4.243383 2.807059 -0.081394 -9.450253 9.677442 1.535281 9.761577 -9.764186 -2.024439 11.618534 9.161706 -20.476099 -12.020589 18.982239
8.161551 27.087835 -12.479297 -4.627902 -2.824095 12.701991 -1.938773 11.564732 3.607004 -1.941821 5.034638 8.516037 4.254945 -5.886899 -1.081729 -5.694158 -4.132267 2.849350 0.043580 -9.515116 9.724072 1.631668 9.724861 -9.767907 -2.069846 11.605121 9.103330 -20.463861 -12.030246 18.915211
8.214429 27.083447 -12.469707 -4.634526 -2.683228 12.643918 -2.021184 11.589430 3.607899 -1.948173 5.046241 8.504217 4.281764 -5.883985 -1.062624 -5.644669 -4.135269 2.826447 0.025407 -9.506419 9.740900 1.664475 9.705825 -9.882615 -2.154928 11.519375 9.136470 -20.447760 -12.039757 18.934544
6.527483 26.790226 -12.782491 -6.335089 -4.585128 13.200833 -2.365181 10.975943 1.731567 -0.812990 4.777012 7.205962 4.583768 -5.257062 -1.083906 -6.503503 -4.250458 2.935488 -0.260015 -9.661472 8.834990 2.984981 9.345814 -8.568513 -0.399331 12.314524 7.943824 -20.671568 -13.320780 16.749359
4.226523 25.713905 -12.585978 -8.299429 -4.947872 13.986327 -0.949145 10.573270 -0.197769 -1.315898 4.712436 5.472264 5.007668 -5.010028 -0.246677 -6.305707 -4.621428 3.156895 -0.840702 -9.642763 7.026104 6.335203 9.320395 -7.634176 0.782513 13.729988 5.150377 -21.088011 -14.953512 13.874312
2.679800 25.922173 -12.634537 -9.598165 -4.071875 13.185610 -0.723114 10.225411 -1.214717 -1.236249 4.567464 4.548368 5.531306 -4.348546 0.047752 -6.808711 -4.382491 3.364555 -1.157924 -10.346110 5.907104 6.269881 10.503222 -7.942896 1.421533 14.908455 4.552848 -21.491003 -15.418457 11.328799
1.962785 25.429890 -13.811648 -11.178385 -3.058696 11.911201 -1.824192 10.205787 -2.117061 -1.010795 4.496682 4.161794 5.939333 -3.645791 0.093735 -7.861887 -4.142768 3.393965 -1.045286 -11.202265 4.788129 5.967651 11.775543 -9.407716 1.127445 15.375214 4.934307 -22.067898 -15.394727 8.607729
1.706596 24.864517 -15.054446 -13.346310 -2.278417 10.207332 -2.283650 9.291282 -2.985442 -0.699560 4.214501 2.882530 5.846079 -3.295276 0.776320 -8.728553 -4.016402 3.616238 -0.781787 -11.587598 3.953773 7.153899 11.170548 -10.387009 1.192474 15.388421 5.538057 -22.287634 -15.833140 7.036398
1.587767 25.131466 -15.527055 -15.288331 -2.694154 9.918725 -2.016302 8.818844 -3.712165 -0.647051 4.179202 1.823428 6.548531 -2.571967 1.390590 -8.680907 -3.966010 3.791406 -1.290583 -11.806568 3.750896 8.713139 10.987643 -10.322176 1.074722 15.828880 4.628544 -23.087231 -16.057707 4.819306
1.513464 25.319042 -16.062433 -16.690981 -3.230541 9.852875 -1.474009 8.233667 -4.242228 -0.535239 4.380239 1.676552 7.124261 -2.024989 1.848948 -8.228748 -3.633092 4.622092 -2.013198 -12.102499 3.327492 9.961867 11.100877 -10.243566 0.546439 15.810997 2.870785 -24.964579 -16.058697 2.398776
2.027809 24.928131 -17.461905 -17.484426 -2.864011 8.730052 -1.072508 7.313198 -4.821185 -0.220241 4.391216 1.199554 6.986779 -1.509012 2.371267 -8.462446 -3.021020 5.511510 -2.261804 -12.494476 2.102532 10.688303 10.787438 -10.682798 0.952305 16.310143 2.233630 -26.024681 -16.688803 0.745910
2.773588 25.408804 -17.377981 -18.291590 -2.969890 7.320644 -0.699566 6.435261 -5.293998 0.358856 4.170993 0.860462 6.613637 -1.169167 2.693564 -8.799989 -2.721636 5.980056 -2.029435 -12.802689 0.365866 10.803253 10.997270 -10.921141 0.971372 17.023582 1.445073 -28.291403 -16.218378 -1.294605
3.087717 26.684502 -18.008453 -19.112276 -3.405899 7.679564 -0.050006 4.742826 -5.926719 1.125995 4.284867 0.960459 6.290964 -0.754753 3.000290 -8.624415 -3.176783 6.881323 -2.204805 -12.789529 -0.684120 12.183674 10.692880 -10.359574 1.392080 16.737125 0.269102 -29.089457 -16.730446 -2.156656
3.196797 27.045246 -18.070032 -20.221533 -3.380515 8.120559 1.743300 3.126159 -6.818165 1.106949 4.355347 1.470702 6.062205 -0.626493 3.313083 -7.948480 -3.306705 7.779633 -2.231939 -12.620955 -1.536988 13.453032 10.772008 -8.825151 1.839318 15.919842 -0.229977 -30.587198 -16.735809 -2.557139
3.161362 26.677284 -18.229475 -19.876867 -0.913454 7.055908 2.396219 1.860282 -6.812245 1.354739 4.480849 2.185313 5.514928 -0.831624 3.667631 -6.562624 -3.192686 8.766663 -2.645150 -12.626033 -1.340010 12.485315 11.344121 -6.750070 2.532118 15.901457 1.331431 -32.397240 -13.900326 -1.894132
2.761298 26.771267 -19.909832 -20.171671 1.203529 4.636573 1.962358 0.672237 -6.093484 2.134264 4.297877 2.819602 5.345791 -0.308900 3.610523 -6.620123 -3.430051 9.341110 -2.480850 -12.926779 -1.220364 13.913143 11.026582 -4.745077 3.003313 16.772900 -0.265482 -33.249149 -13.007643 -2.245437
2.527234 26.749559 -20.844128 -21.616613 2.345432 2.885068 1.292709 -0.714550 -5.648095 2.922968 4.252223 2.148598 5.082820 0.678735 3.814592 -7.479926 -4.052101 9.668541 -2.493104 -13.339431 -1.298899 17.802820 9.894250 -4.141083 3.634397 17.201887 -3.138441 -32.488987 -14.795233 -2.774797
2.607756 26.209003 -21.811876 -21.712969 3.295013 1.785218 0.383404 -1.363342 -5.270914 3.021995 4.237499 1.826567 5.336103 0.993063 4.190250 -7.531813 -4.291790 9.658295 -2.424577 -13.240935 -1.092480 19.184416 9.773928 -3.186315 4.029137 17.481449 -4.605605 -32.712963 -14.856651 -3.235059
2.242431 25.481380 -22.295584 -21.958914 4.757472 0.033122 0.496740 -1.688698 -4.460528 2.457154 4.236057 0.982703 5.050793 1.140592 4.815257 -7.516206 -4.753002 9.345954 -2.221192 -13.308853 -1.782155 19.551977 9.499434 -2.466782 5.348785 18.614496 -6.184969 -32.510056 -15.883679 -4.016313
2.449226 26.475220 -22.228895 -20.184563 4.624550 2.126738 1.464821 -1.188241 -5.000765 2.506172 3.967427 1.787921 5.628829 0.587885 4.124617 -7.541455 -4.793451 9.542994 -1.761976 -12.497578 -0.865309 17.101091 10.221604 -2.409086 4.852111 18.706646 -3.583314 -31.788147 -14.929099 -3.127366
2.332631 26.251991 -22.715124 -20.699270 5.223635 1.243387 1.208705 -1.300819 -4.683143 2.382845 3.945757 1.538294 5.504743 0.951987 4.170633 -7.925507 -4.899275 9.783172 -1.839324 -12.668402 -1.108475 17.689615 9.989457 -2.336610 4.966424 18.874002 -4.448941 -32.006435 -15.240747 -3.792185
