-13.225465 24.911263 -20.283756 21.101215 -9.906322 -4.436716 0.673978 0.906246 4.814053 -8.398598 4.533253 3.696682 0.483326 -11.278122 5.179000 2.058778 -1.758891 4.243260 -0.273182 -8.915764 9.032212 5.912261 10.281767 -13.804406 -11.810914 11.034954 1.002233 -27.547449 -1.952249 20.655775
-13.776172 24.833961 -20.483519 21.190865 -10.419678 -5.024820 1.306279 0.699586 5.405419 -8.673138 4.563113 3.757939 0.460511 -11.254436 5.141850 2.066325 -1.796441 4.244915 -0.267674 -8.921451 9.413028 5.984694 10.287717 -14.299850 -11.418432 11.132250 1.032468 -27.833679 -2.069587 20.757927
-12.475564 24.609913 -21.753172 13.729584 -13.046410 -3.204674 1.233709 -2.825937 3.671694 -10.113398 5.845383 4.913819 -0.912566 -8.029468 5.769571 0.419379 -4.809209 3.489025 -0.260285 -9.223520 7.918060 3.253739 10.159443 -12.412656 -6.093993 10.135523 6.383725 -24.243029 -9.248915 18.402912
-13.865197 26.187250 -22.405476 11.558695 -10.797836 -5.609454 2.403593 -4.857732 1.868977 -9.111597 6.212088 6.349154 -2.559128 -7.231536 5.361251 0.215292 -5.536046 4.149498 -0.375495 -10.021057 3.987061 1.638788 10.156262 -16.805653 -6.957298 8.035224 9.525249 -25.707228 -10.869148 19.591282
-14.254132 27.699560 -22.903521 8.672920 -10.269997 -7.660123 1.271636 -5.526399 1.791968 -8.562873 5.748177 5.323745 -3.651017 -7.166078 4.657804 -0.992004 -5.244403 4.070242 -0.417161 -11.020582 2.505860 1.276637 10.200875 -17.731541 -6.202671 8.900835 10.974381 -25.179703 -10.995157 19.796503
-13.918603 27.683208 -23.786161 7.290140 -10.881958 -7.903959 1.850716 -6.806079 1.295652 -8.206993 5.454002 4.799465 -4.233801 -6.886506 4.378348 -1.954036 -5.423049 4.157772 -0.332157 -11.759937 1.106783 1.949925 10.435266 -18.677900 -5.711010 9.468243 11.932954 -24.942892 -11.925001 18.564995
-14.133457 27.332731 -24.893251 6.546316 -9.802549 -8.208454 3.910328 -8.327141 0.157311 -8.559784 5.417717 5.073013 -3.978927 -6.408021 4.919020 -1.667791 -6.117052 5.112222 -0.292874 -11.509285 -0.417489 3.086580 10.843824 -20.482430 -5.689559 10.346819 12.158363 -24.683249 -13.007783 16.527845
-14.706369 27.373878 -24.929216 5.904237 -8.920094 -8.096696 4.837903 -8.827619 -0.051896 -8.952170 5.583962 5.199551 -3.623713 -6.077486 5.208601 -1.265347 -6.268987 5.464798 -0.582816 -11.520586 -1.231339 3.595882 11.098422 -21.440945 -5.812609 10.943962 12.406343 -24.569689 -13.281483 15.196870
-15.383803 27.490673 -24.916399 5.191456 -9.140624 -7.911971 5.071929 -9.048290 -0.716992 -8.830921 5.658985 5.147444 -3.371192 -5.779147 5.485702 -1.066828 -6.064095 5.497648 -0.807959 -11.959221 -1.955747 3.924243 11.119254 -21.949942 -5.838124 11.471958 12.191031 -24.787420 -13.281649 13.903365
-15.193627 27.381905 -24.280416 4.550933 -8.739264 -7.979470 5.332191 -8.993738 -0.769113 -9.309982 5.589562 4.816234 -3.465667 -5.574673 5.462186 -1.258475 -5.865140 5.524054 -0.994831 -12.382442 -2.610474 4.213288 11.015977 -22.029282 -5.752911 11.693811 12.089391 -25.528385 -13.092243 12.802605
-15.568130 27.877666 -24.031084 4.024856 -8.657318 -8.376208 5.540872 -9.158729 -1.496917 -8.902573 5.471495 4.422249 -3.717531 -5.398114 5.616207 -1.416025 -5.569532 6.008128 -1.066846 -12.765409 -2.629452 3.844076 11.260969 -21.903984 -5.927465 11.649033 11.989265 -26.838360 -12.134552 11.379859
-15.848905 28.083147 -23.891367 3.330664 -8.579033 -9.119467 5.113678 -8.868577 -2.016862 -8.577688 5.402148 4.157375 -3.865696 -5.310375 5.658642 -1.613586 -5.469721 6.111280 -1.143930 -12.997591 -2.915536 3.386595 11.426594 -21.441755 -5.482769 11.932604 12.271853 -27.258287 -11.762963 10.782447
-15.987370 28.121098 -24.123005 3.424241 -7.957273 -9.886624 5.516463 -9.044065 -2.477996 -8.374372 5.292485 4.244843 -3.803020 -5.475520 5.909266 -1.438896 -5.700099 6.539241 -0.918302 -12.780294 -3.118615 3.597393 11.675160 -21.995651 -6.065169 11.475970 11.867431 -28.007303 -11.453938 10.204198
-15.633380 28.834097 -24.055666 3.431737 -7.883868 -9.849965 6.561380 -9.723214 -2.924582 -8.274559 5.232100 3.885746 -3.351409 -5.200930 6.300996 -1.336111 -5.594950 6.656029 -0.951756 -12.912498 -3.189447 4.851354 11.556868 -22.224182 -6.236829 11.377576 10.805299 -28.222113 -12.008429 9.557126
-15.030986 29.728769 -24.348608 2.868185 -7.758791 -10.857504 6.549876 -10.519705 -3.104814 -7.634470 5.131832 3.515025 -3.310348 -4.995339 6.748078 -1.396093 -5.217155 6.961661 -1.024281 -13.457083 -3.635652 6.812735 11.228845 -23.047447 -6.607179 10.965989 9.945291 -27.921999 -13.077096 9.780928
-14.944909 29.587391 -24.922953 2.429087 -7.776544 -11.649705 6.168857 -10.921823 -3.104810 -7.300449 5.094529 3.441810 -3.281921 -4.815712 6.973598 -1.278465 -5.026499 7.249613 -1.121231 -13.624842 -4.660781 8.167207 11.097598 -23.607002 -6.694663 10.837537 9.476493 -27.833797 -13.957142 9.670306
-14.944072 29.624123 -24.845024 2.431867 -7.807138 -11.522969 6.220888 -10.890764 -3.085631 -7.353871 5.099708 3.463024 -3.305218 -4.826542 7.033523 -1.289852 -4.926086 7.220624 -1.102620 -13.725752 -4.670766 8.369578 11.171479 -23.693609 -6.650013 10.895298 9.362933 -27.702974 -14.074952 9.443257
-14.961234 29.773441 -25.064432 2.451672 -7.913574 -11.429074 6.196398 -11.088017 -3.133432 -7.196982 5.082479 3.285701 -3.263257 -4.795877 7.040566 -1.407455 -4.896074 7.178880 -1.155492 -13.746187 -4.533880 8.020508 11.223635 -23.674931 -6.673594 10.733172 9.602796 -27.874886 -13.875296 9.377548
-15.239123 29.736374 -24.831903 2.647504 -7.873843 -11.091216 6.313569 -11.010901 -3.078441 -7.396284 5.091344 3.291356 -3.289716 -4.796291 7.009802 -1.386703 -4.927487 7.206293 -1.179601 -13.699427 -4.602845 7.361039 11.383278 -23.375673 -6.507876 10.871718 9.776150 -28.196114 -13.551428 9.238132
-15.547278 29.584146 -24.573418 2.613407 -7.924689 -10.806460 6.547439 -10.777811 -3.201803 -7.589989 5.102801 3.370362 -3.312560 -4.936974 6.912595 -1.439164 -5.024621 7.062912 -1.055863 -13.534575 -4.464870 6.858892 11.457549 -23.048584 -6.406240 10.977241 9.853778 -28.456760 -13.348284 9.021213
-15.820615 29.279572 -24.263126 2.376403 -8.114496 -10.547487 6.506136 -10.401591 -3.424133 -7.848492 5.090518 3.401685 -3.359775 -4.989605 6.831924 -1.455993 -5.072412 7.040253 -1.035410 -13.403156 -4.385528 6.523169 11.643020 -22.800219 -6.376538 11.245630 9.977362 -28.607618 -13.077578 8.901140
-15.817946 29.289120 -24.291552 2.415220 -8.073740 -10.560323 6.504438 -10.418496 -3.386550 -7.849014 5.087389 3.369414 -3.355286 -4.975465 6.863228 -1.473136 -5.048591 7.054528 -1.032995 -13.438021 -4.343295 6.534976 11.601792 -22.825809 -6.396208 11.163337 10.014767 -28.562649 -13.098517 9.007812
-14.570708 30.530735 -23.216196 -1.256495 -11.276998 -9.810266 6.818713 -10.770178 -6.085225 -7.476448 4.758750 1.078344 -1.955066 -4.586519 7.213609 -2.431136 -4.955608 6.683450 -1.169618 -13.230191 -3.344889 7.694020 11.251094 -18.045782 -4.778159 12.989969 5.415427 -31.229486 -11.739492 5.753451
-14.423114 29.709091 -20.802498 -2.534385 -13.823050 -6.256104 7.555853 -9.294487 -5.736803 -9.925180 4.699436 -0.388410 -1.410885 -5.323600 6.464833 -2.868236 -4.602051 6.757999 -1.904247 -12.428905 -2.576650 5.707810 12.081555 -14.767788 -3.037762 14.487019 4.528365 -32.352207 -10.975189 3.664729
-14.282992 29.341333 -20.772787 -2.166742 -14.466788 -5.197702 7.076004 -9.263797 -5.542388 -10.030922 4.988526 -0.387444 -0.846497 -5.540720 6.311003 -2.471037 -4.493750 6.294278 -2.347727 -12.286278 -1.305166 5.608292 12.130876 -14.403001 -2.917742 14.451757 4.552891 -31.830683 -11.077249 3.357872
-14.305383 29.063488 -20.727839 -2.402524 -14.670252 -5.211964 6.767000 -9.100509 -5.240014 -10.187139 5.106011 -0.481516 -0.520890 -5.403854 6.412812 -2.370551 -4.435377 6.340890 -2.567258 -12.117393 -1.180981 4.942607 12.252929 -14.201542 -2.698685 14.478411 4.631087 -32.115299 -10.974366 2.703366
-14.295834 29.120935 -20.692171 -2.417097 -14.696010 -5.135861 6.642301 -9.104398 -5.258879 -10.156804 5.054672 -0.566850 -0.584222 -5.399372 6.355461 -2.492783 -4.454237 6.230004 -2.535325 -12.211090 -1.050375 5.540220 12.065497 -14.270467 -2.796982 14.437162 4.552799 -31.730833 -11.251425 3.054610
-14.277796 29.092510 -20.709902 -2.357064 -14.669758 -5.214540 6.654649 -9.098433 -5.182664 -10.168928 5.061254 -0.565843 -0.600417 -5.410980 6.364823 -2.495258 -4.448092 6.241690 -2.536459 -12.229556 -1.053927 5.581570 12.050140 -14.279804 -2.775240 14.454624 4.559498 -31.656965 -11.286634 3.099282
-14.288678 29.121109 -20.694304 -2.376164 -14.664163 -5.233270 6.704928 -9.108649 -5.225807 -10.159355 5.051946 -0.569925 -0.613267 -5.416050 6.359178 -2.490633 -4.450477 6.235867 -2.534960 -12.237349 -1.032675 5.617029 12.018054 -14.267870 -2.764369 14.402561 4.569557 -31.646622 -11.327268 3.080327
-14.289872 29.137257 -20.695473 -2.386495 -14.665121 -5.243884 6.681486 -9.106759 -5.234720 -10.136962 5.046085 -0.571318 -0.615219 -5.413062 6.346809 -2.508949 -4.450078 6.232269 -2.529506 -12.243560 -1.033207 5.626953 12.012517 -14.276327 -2.777565 14.397388 4.559091 -31.641642 -11.329803 3.089574
-14.287190 29.123814 -20.699690 -2.386002 -14.665540 -5.230410 6.688583 -9.114719 -5.238308 -10.140135 5.049432 -0.558437 -0.617618 -5.416519 6.344663 -2.489177 -4.452575 6.240954 -2.536127 -12.233885 -1.035879 5.624700 12.015496 -14.259397 -2.758234 14.406136 4.566474 -31.633829 -11.333067 3.093005
-14.300447 29.264193 -20.607067 -0.617167 -14.532873 -5.185979 5.531847 -8.623875 -3.653688 -10.191277 5.379319 0.598050 -0.630368 -5.325794 6.007748 -2.247232 -4.772597 5.326932 -2.450319 -12.112870 0.182253 4.730979 11.910352 -14.613799 -2.692549 14.723333 6.979692 -28.757860 -10.769345 5.955595
-14.163830 28.810749 -21.321882 0.951156 -14.181687 -5.113353 3.875201 -8.273135 -2.591626 -9.959718 5.463277 1.099110 -1.564925 -5.293474 5.706677 -2.578678 -5.181253 4.661430 -1.966533 -12.239836 -0.008186 2.879291 11.025506 -14.823783 -1.567645 14.573025 9.510080 -26.336535 -11.860982 8.623580
-13.560679 27.167614 -20.512711 -0.971606 -13.693484 -5.501119 1.313449 -6.370628 -2.468362 -11.463699 5.253973 0.344982 -1.818790 -5.265625 5.214121 -3.553612 -5.551692 4.084203 -1.608447 -12.015791 0.530540 -0.626673 11.476699 -15.216002 -0.850181 14.238041 11.825056 -25.350380 -11.891622 9.380624
-13.384026 27.111921 -20.150389 -0.313886 -12.409964 -6.897463 0.671223 -5.372156 -1.516959 -11.622235 4.862336 0.939078 -3.183191 -6.173684 4.292464 -3.841923 -6.081588 4.278139 -1.002640 -11.600445 0.693883 -0.916659 10.508201 -14.458461 1.341153 14.635236 13.372870 -22.726461 -14.712913 10.717570
-13.421536 27.236145 -20.335497 -0.248618 -12.412372 -7.062786 0.696257 -5.452749 -1.675433 -11.399340 4.860406 0.911062 -3.125344 -6.132642 4.230588 -3.854294 -6.184558 4.172737 -1.048589 -11.558689 0.693483 -0.749732 10.357076 -14.290381 1.520436 14.665810 13.387910 -22.561975 -14.895945 10.778184
-13.608313 27.310490 -20.485958 -0.488009 -13.089748 -6.437105 0.429295 -5.376670 -1.926984 -11.304777 4.813156 0.705153 -2.989787 -6.078389 4.297775 -4.019203 -6.109534 4.115324 -1.009680 -11.635342 0.728491 -1.370867 10.502265 -14.601465 1.139050 14.390227 13.743434 -22.696871 -14.470304 11.052018
-12.855474 26.683899 -19.750078 -0.006172 -12.861637 -7.720604 0.327900 -4.228812 -1.030746 -11.878505 4.837167 1.257594 -3.279780 -6.513690 3.632569 -3.722541 -6.470366 3.889334 -1.105153 -11.264110 1.819703 -1.717523 9.423990 -13.535671 2.385283 14.415813 15.026040 -20.828955 -15.431449 12.446727
-11.682777 27.828915 -19.157858 2.641618 -10.220445 -8.849616 2.189395 -3.950605 0.419715 -12.244081 4.941644 2.550229 -3.211549 -7.207479 3.053309 -2.698332 -6.505497 4.064107 -1.212169 -10.465961 3.077503 -0.637912 8.680891 -13.356201 2.370708 14.758556 14.852582 -17.121296 -16.997599 15.744396
-11.966832 28.308594 -20.135406 3.928241 -9.751997 -8.983992 2.207616 -4.222706 1.029450 -11.448964 5.394553 2.643237 -3.596570 -6.616910 2.626348 -3.349827 -6.031108 2.687994 -1.677168 -11.076082 3.885854 -1.845828 8.490325 -12.060748 3.805516 15.156433 15.691751 -15.043408 -16.951162 18.769657
-10.447999 27.136230 -20.056372 6.477150 -8.896819 -8.035698 3.351236 -3.607082 2.487740 -12.473824 6.080462 2.401587 -2.367505 -5.577965 3.107055 -3.406931 -4.621020 0.061564 -2.280012 -12.854575 5.296784 0.034143 7.550619 -10.091488 4.876441 14.795283 14.722861 -13.309157 -17.842709 22.170834
-9.438532 25.791096 -21.131338 8.142135 -7.438173 -6.177994 4.148544 -4.444817 1.447161 -12.947412 6.052119 1.887507 -1.541770 -5.304798 3.392700 -3.557636 -3.751222 -1.122201 -2.402102 -14.177776 6.362367 0.638942 6.432170 -7.392009 5.911797 15.966359 13.654363 -12.089664 -17.344763 23.220814
-9.900828 24.156017 -22.811522 10.877947 -6.944855 -5.764986 5.179012 -4.951511 2.121801 -12.831242 6.375546 1.501963 0.311804 -4.996327 4.363560 -2.917185 -3.464583 -1.937806 -2.441383 -14.298658 6.846636 0.029052 6.587015 -4.194250 7.701111 17.647104 12.751539 -11.071321 -18.080072 23.825731
-10.683156 23.482635 -23.843550 12.419834 -6.098505 -6.042846 6.126258 -5.125988 3.641126 -12.848753 6.705135 1.900285 1.640460 -4.723976 4.724551 -2.215713 -3.281945 -2.417624 -2.475483 -14.000879 6.919510 0.447580 5.941267 -1.320362 8.613379 18.479862 11.294549 -10.953588 -18.959894 23.564196
-10.732532 23.643681 -24.123343 12.384653 -6.413827 -5.851923 4.545460 -4.689225 2.918214 -12.209476 6.694621 1.988289 1.671608 -4.664752 5.043878 -2.149956 -3.384806 -2.042032 -2.345874 -13.802064 6.985610 0.901256 5.715174 -0.410002 8.685982 18.787104 10.572496 -11.285974 -18.830549 23.697426
-9.431334 23.434658 -23.718473 11.764493 -5.713861 -4.774285 4.389420 -4.500013 2.591617 -13.118464 6.545219 1.682096 1.830695 -4.839374 4.986742 -2.461603 -3.098282 -2.686261 -2.180087 -14.187069 7.159982 0.438240 6.191139 -0.897248 8.964895 18.527523 10.747340 -10.868992 -18.792284 23.411400
-9.451833 23.522125 -23.760513 11.717505 -5.849085 -4.407412 4.949812 -4.796070 2.631146 -13.391795 6.520371 1.569277 1.546731 -5.025708 4.935634 -2.664001 -3.014771 -2.881644 -2.098757 -14.402706 7.528926 0.400638 6.331235 -1.274513 8.864630 18.668865 11.204036 -10.164374 -18.840874 23.844738
-9.770465 23.435738 -23.728476 11.761815 -6.098289 -4.572639 5.103405 -4.828049 2.873185 -13.318478 6.541648 1.716731 1.605395 -4.995243 5.026721 -2.482937 -2.985522 -2.795132 -2.100351 -14.393085 7.510793 0.299048 6.360781 -1.429127 8.689718 18.633360 11.397030 -10.085192 -18.763638 24.221903
-9.647054 23.309273 -23.776114 11.673654 -5.969812 -4.671687 5.362759 -4.762738 2.930726 -13.606195 6.525047 1.522987 1.514297 -5.103977 5.230638 -2.635761 -2.952177 -2.777188 -1.956555 -14.309671 7.424535 0.261124 6.581506 -1.680119 8.506008 18.738628 11.271732 -10.296690 -18.559040 24.115448
-9.152659 23.207153 -23.745415 11.277525 -6.059351 -4.460294 5.210595 -4.370104 3.219120 -14.203942 6.475281 1.487046 1.391734 -5.329424 5.140629 -2.694631 -2.903196 -2.755434 -1.868504 -14.172600 7.228913 0.298308 6.397010 -1.650145 8.823902 18.742868 11.375484 -10.204766 -18.780169 23.855892
