9.079961 28.064627 -7.845584 4.257999 11.932919 2.827252 3.293377 15.617106 7.785524 -3.647334 -4.822891 10.547010 3.871220 -7.557117 5.737940 -5.078705 -0.596417 0.809687 -3.021057 -7.490160 4.231298 6.379448 7.482229 1.645096 2.355744 23.656782 -0.549812 -24.282026 -4.340976 20.069210
9.230876 28.084059 -7.666117 4.163689 12.117460 2.805035 3.341589 15.716525 7.820194 -3.865894 -4.798083 10.602442 3.859710 -7.548410 5.731563 -5.048807 -0.615857 0.798806 -3.015310 -7.472368 4.189602 6.406286 7.479542 1.625144 2.338343 23.685144 -0.598378 -24.296900 -4.340055 20.050701
9.729056 28.225510 -11.561880 -2.032010 15.750287 -0.575147 6.128163 11.343123 5.055390 -4.256233 -4.016307 12.113726 1.091954 -3.799331 7.976018 -6.941183 -3.909365 1.479385 -1.565097 -8.916925 -2.464895 2.100591 8.379335 -1.216654 6.501721 24.380728 6.696112 -25.025728 -8.807719 15.680133
9.683255 27.880537 -9.994262 -2.076549 14.327339 1.723859 7.265062 10.407311 4.858077 -5.021974 -3.598263 12.647787 1.224506 -3.460345 7.413852 -6.527894 -3.784878 1.256052 -2.419682 -8.686995 -1.237443 2.406370 7.714037 -0.891743 6.615594 22.792648 6.008080 -24.247751 -9.393194 16.841030
9.316825 29.093853 -9.733375 -3.537103 12.606518 2.940196 6.010740 10.366426 4.537146 -4.778510 -3.169941 13.509922 0.744599 -3.814834 6.405324 -6.288867 -3.856183 0.653203 -2.916709 -8.605955 -0.439381 2.405791 7.167264 -0.768832 6.463914 20.653650 6.827239 -23.589697 -11.393312 18.808388
9.539713 29.596245 -9.598710 -3.726180 10.219643 4.062281 5.473995 10.686929 4.003977 -4.058720 -3.190771 13.207270 0.727138 -4.322558 5.918178 -6.476824 -4.009840 0.601407 -3.006389 -8.224964 0.715180 3.116756 7.275961 -1.110800 5.633747 20.320089 7.112483 -22.779013 -11.843054 19.109756
9.787264 29.933353 -9.989544 -4.142306 7.994465 5.237540 5.359553 10.301496 3.385000 -3.561466 -3.606439 11.882135 0.684548 -4.461688 5.672130 -7.182498 -3.839467 0.284076 -3.099291 -8.847776 1.269409 4.278314 7.911058 -2.743132 4.585385 20.874594 6.843035 -22.192823 -11.304995 18.391766
9.832734 29.313034 -10.266744 -3.841405 6.500211 7.002962 5.482735 10.097159 3.202703 -3.743806 -3.839476 11.026657 1.378708 -4.340076 5.351057 -7.390083 -4.070932 0.135606 -3.517821 -8.643992 1.918363 4.794259 8.728497 -3.575845 3.991913 21.820326 6.589430 -21.773684 -10.693417 17.042885
9.219884 29.180641 -10.762867 -3.723003 6.213816 8.056588 6.598599 8.845377 2.408077 -3.258188 -3.676008 10.835585 1.998414 -3.973916 5.621751 -7.187238 -4.303305 0.194415 -3.856090 -8.400560 2.154439 4.452817 8.887558 -3.890692 4.477113 21.235147 6.997792 -21.738729 -11.358492 14.973230
8.664392 29.217712 -10.730323 -4.098402 4.809516 9.757076 6.680270 8.852120 1.584934 -3.147899 -3.378929 10.619257 2.711781 -3.681052 5.974888 -6.849696 -4.263226 0.151599 -4.332824 -8.172147 2.797552 5.051762 9.230388 -4.004325 4.449741 20.994282 6.715097 -21.404688 -12.072162 13.999024
7.043537 28.647268 -10.997413 -4.248887 4.714226 9.801749 6.354998 9.371755 0.757853 -2.618189 -3.175600 10.496716 2.940584 -3.315550 6.118083 -6.728782 -4.272197 0.298048 -4.730689 -7.999083 3.114457 6.057513 8.955861 -4.255085 4.171424 20.165424 6.166303 -21.080280 -12.805462 13.838502
6.069386 28.994835 -11.911275 -4.655365 4.693316 9.318826 6.302519 8.986842 -0.037458 -1.762243 -3.215451 9.895891 2.972301 -3.176746 6.146859 -6.835550 -4.200768 0.807545 -5.183554 -8.139803 3.332040 7.585377 8.918867 -5.311927 3.241822 19.305618 5.956691 -20.707624 -13.517623 14.329652
5.647586 29.160471 -12.504000 -4.335866 3.209165 10.690794 6.568254 7.950694 -0.720371 -0.898780 -3.206051 9.563066 2.872627 -3.044022 5.867976 -7.164905 -4.287507 0.711684 -5.411055 -8.247355 2.981663 8.060279 8.908854 -6.068405 2.714804 18.843664 5.978269 -20.788774 -13.861309 14.683472
5.274756 29.108955 -12.780958 -4.243849 3.080434 10.625027 6.381854 7.908506 -0.892107 -0.566870 -3.187251 9.518649 2.953156 -3.027580 5.949473 -7.119084 -4.333969 0.722662 -5.427003 -8.182661 3.028018 8.158888 8.937654 -6.058776 2.805446 18.899204 5.996277 -20.671833 -14.062038 14.507553
5.225861 29.172533 -12.709737 -4.358299 3.082020 10.642835 6.515610 7.868222 -0.995889 -0.582757 -3.200384 9.440676 2.961516 -3.050531 5.908327 -7.147172 -4.299296 0.700665 -5.467165 -8.201746 3.089965 8.058632 8.963347 -6.166980 2.724826 18.855068 5.994208 -20.693914 -13.954380 14.575925
5.326761 29.275330 -12.904088 -4.211342 2.968353 10.826235 6.618463 7.682170 -0.956529 -0.547369 -3.211800 9.330856 2.952370 -3.041492 5.890237 -7.228890 -4.314353 0.647569 -5.474236 -8.233883 3.229992 8.002298 8.957330 -6.104973 2.602665 18.744284 6.084514 -20.751381 -13.747046 14.665627
5.345358 29.328835 -12.982076 -4.087815 2.923266 10.838949 6.608443 7.628839 -0.967820 -0.435635 -3.249558 9.200884 3.008240 -3.021518 5.902004 -7.256827 -4.333998 0.702859 -5.484358 -8.201142 3.157696 7.975409 8.961619 -6.120548 2.663635 18.660631 6.027189 -20.870346 -13.850206 14.440804
5.283008 28.930290 -12.886668 -4.185958 3.017380 10.573100 6.226829 7.973127 -0.820579 -0.565409 -3.168783 9.430669 2.941473 -3.030304 5.882379 -7.171407 -4.338517 0.700541 -5.396572 -8.179801 2.986472 7.939759 8.904099 -6.009965 2.752659 18.828968 6.099868 -20.606720 -13.971172 14.696116
5.280979 28.973173 -12.907590 -4.226442 2.956874 10.624812 6.279459 7.916670 -0.890835 -0.519550 -3.181372 9.408282 2.946276 -2.993607 5.890782 -7.201335 -4.348564 0.683734 -5.421195 -8.202705 2.939255 7.890440 8.882211 -6.148777 2.753511 18.765741 6.058736 -20.797831 -13.975345 14.471280
5.517665 29.370340 -12.721906 -4.207089 2.853431 11.003768 6.743908 7.622844 -0.963373 -0.634248 -3.157130 9.203171 2.731770 -3.171793 5.983590 -6.989398 -4.315192 0.703350 -5.550116 -8.168809 3.022992 8.348680 8.903107 -6.355830 2.454193 18.562170 5.769629 -20.714437 -14.088730 14.545421
5.369586 29.036243 -12.705165 -4.229355 3.010399 10.673907 6.270354 7.890698 -0.751036 -0.613761 -3.106292 9.313672 2.720312 -3.093259 6.003627 -6.987269 -4.367763 0.646947 -5.508110 -8.151237 2.976621 7.823704 8.911807 -6.227286 2.603764 18.697456 6.070320 -20.856470 -13.820354 14.639324
5.400158 29.080532 -12.682153 -4.220891 3.052593 10.690848 6.370062 7.860770 -0.767552 -0.644695 -3.112414 9.286617 2.721088 -3.106333 5.981294 -6.996758 -4.356247 0.653468 -5.522640 -8.154190 3.001654 7.835150 8.930773 -6.317956 2.561787 18.626772 6.071998 -20.817495 -13.888329 14.624419
3.445975 26.155663 -11.886844 -9.151636 -1.891438 10.765874 -1.153302 11.084767 -0.776595 -1.094896 -3.391553 7.678563 4.148267 -3.528623 5.872458 -7.644012 -4.057973 -0.145596 -5.523796 -7.389659 6.447203 7.494676 10.033221 -4.950774 2.442577 18.106647 4.082255 -20.610668 -13.464432 12.645570
1.691747 22.073580 -12.179738 -11.581026 -4.547710 9.892928 -9.023093 14.232683 1.534074 -2.213134 -3.742836 4.041033 6.966359 -3.052647 5.646149 -9.587631 -3.729843 -2.344728 -5.777354 -6.326972 10.577740 8.718688 9.388036 -3.875519 2.109818 15.125908 1.244799 -19.732222 -15.177505 11.196239
1.572319 17.660381 -13.815645 -8.668816 -5.096510 13.091977 -10.919856 16.522701 4.150794 -4.353552 -3.364731 3.728406 8.723817 -2.840996 5.944199 -9.301478 -3.499029 -2.232321 -6.137723 -4.570344 14.435173 8.582689 9.641611 -1.958273 1.532609 12.953638 0.045223 -19.895185 -15.350448 10.511424
1.865825 16.137209 -14.102001 -7.811224 -4.698114 13.985144 -11.288013 17.719332 4.395536 -5.287920 -3.087394 3.968145 9.158367 -2.688619 5.987786 -8.857888 -3.421128 -1.865425 -6.610648 -4.308222 15.674046 8.595505 10.082522 -1.367597 1.060305 12.021337 -0.789532 -20.666811 -15.244646 9.131482
1.943779 15.988440 -14.215549 -7.669897 -4.417500 13.970845 -10.897120 17.533998 4.539092 -5.430113 -3.116853 3.925565 9.169605 -2.701109 6.068001 -8.903035 -3.402242 -1.891218 -6.529163 -4.368892 15.782146 8.390877 10.155523 -1.403380 1.139096 12.029860 -0.681505 -20.491816 -15.438349 9.401017
1.874572 16.081514 -14.278140 -7.861953 -4.850285 13.869584 -11.251082 17.739962 4.169999 -5.138340 -3.103008 3.762476 9.280932 -2.626803 6.125540 -8.940787 -3.433721 -1.929315 -6.562281 -4.418926 15.684563 8.762835 10.198698 -1.408667 1.087615 12.211277 -0.966931 -20.801538 -15.308643 8.884565
1.822980 16.055475 -14.134430 -7.666736 -4.455312 13.976501 -11.064986 17.653584 4.457972 -5.312253 -3.115471 3.925192 9.145274 -2.703674 6.055422 -8.876096 -3.416456 -1.933093 -6.539337 -4.378519 15.674658 8.516843 10.149781 -1.479349 1.124929 12.092691 -0.714849 -20.495293 -15.442965 9.423846
1.885639 15.881330 -14.206656 -7.689962 -4.516649 13.994049 -11.139399 17.642342 4.582464 -5.353476 -3.131427 3.885072 9.142322 -2.681274 6.067284 -8.932868 -3.460201 -1.904170 -6.520992 -4.343435 15.850896 8.425880 10.110949 -1.331221 1.212163 12.051086 -0.725317 -20.436262 -15.445246 9.260557
1.825998 15.195942 -14.595313 -7.362765 -3.723541 14.579369 -10.059548 17.384220 4.704960 -5.989465 -3.047695 4.073398 9.035993 -2.555447 6.165537 -8.651557 -3.464850 -1.730996 -6.662457 -4.121832 15.895509 9.104211 9.837475 -1.332085 1.240446 11.143958 -0.653028 -20.321066 -16.419615 8.722314
1.946009 14.896295 -15.240685 -8.585140 -2.416986 14.081532 -8.982389 16.740236 4.040407 -6.562510 -2.675364 4.201919 8.947555 -1.748463 6.852591 -8.204310 -3.427536 -0.774077 -7.176334 -4.386951 13.972353 9.973227 9.811084 -2.472560 2.112778 11.254957 -0.030895 -20.569130 -17.983919 6.592067
2.223175 14.598179 -15.223859 -9.190758 -2.246079 13.622429 -8.770654 16.312616 3.689285 -6.285193 -2.595816 4.718266 8.362913 -1.446601 6.826903 -8.059866 -3.606662 -0.588389 -7.124307 -4.268900 12.743144 9.694639 9.392029 -3.215252 2.596622 10.914796 1.310739 -20.354210 -18.517092 6.758755
1.955234 14.660650 -15.231572 -9.438358 -2.643348 13.761714 -8.576486 16.266150 3.414865 -6.243227 -2.500248 4.768958 8.208511 -1.370600 6.970189 -7.944093 -3.670676 -0.394895 -7.250656 -4.356377 12.664926 10.008453 9.388205 -3.092669 2.661182 11.261062 0.992448 -20.517891 -18.590277 6.520548
1.991238 14.797992 -15.263708 -9.497860 -2.612113 13.372083 -8.201186 16.268801 3.404259 -6.236327 -2.469362 4.645974 8.324906 -1.366597 7.081763 -7.931198 -3.613255 -0.433057 -7.309336 -4.431919 12.426322 9.949276 9.702514 -3.323169 2.764702 11.591430 1.162431 -20.612043 -18.606153 6.187439
2.065623 15.092747 -15.260475 -9.538746 -2.640301 13.216295 -8.223287 16.110159 3.474498 -6.136972 -2.481551 4.591197 8.412738 -1.341535 7.098890 -7.964554 -3.606264 -0.459949 -7.326088 -4.440417 12.244821 9.906496 9.801812 -3.400315 2.739069 11.614905 1.096080 -20.712515 -18.627588 6.273866
2.066604 15.052089 -15.231268 -9.833092 -2.975716 13.355647 -8.507632 16.198658 3.407142 -6.188278 -2.508173 4.514079 8.387778 -1.381604 7.086336 -7.998853 -3.564358 -0.451641 -7.309691 -4.505445 12.412288 9.936733 9.753474 -3.289139 2.626023 11.706837 1.018602 -20.762468 -18.390375 6.296303
2.106310 15.101551 -15.223968 -9.511536 -2.729816 13.189602 -8.627227 16.246407 3.407590 -5.988766 -2.520964 4.553105 8.301700 -1.383765 7.080534 -8.027911 -3.646842 -0.478261 -7.230314 -4.467706 12.314344 9.948923 9.646674 -3.280605 2.751630 11.589194 1.145931 -20.626770 -18.495893 6.460010
1.973607 15.124532 -15.162371 -9.683331 -2.649502 13.152050 -8.274126 16.251410 3.302097 -6.126835 -2.518800 4.604636 8.321861 -1.428419 7.094825 -7.998343 -3.578624 -0.419541 -7.238441 -4.438066 12.304780 10.123823 9.609442 -3.294242 2.626775 11.575983 0.880490 -20.948380 -18.422277 6.077046
1.962338 15.100300 -15.271752 -9.506563 -2.532761 12.986675 -8.096812 16.102859 3.395811 -6.049157 -2.474089 4.619358 8.422189 -1.331419 7.107197 -7.928102 -3.580926 -0.444599 -7.358050 -4.450772 12.124814 9.773130 9.788787 -3.463352 2.747206 11.715740 1.171863 -20.757088 -18.505529 6.273571
