11.702353 29.155249 -6.819081 4.666388 14.756564 5.528900 0.423631 16.015261 3.370522 -3.576214 2.373878 2.950653 4.083823 -9.219755 -3.390784 -5.179883 -4.086242 8.650702 -2.999593 -7.049925 6.247035 13.409357 -17.993895 2.229497 0.570488 22.484007 9.524514 -21.812998 -3.674670 12.171424
11.747429 29.151693 -6.773602 4.716307 14.787464 5.595816 0.472090 16.047485 3.366619 -3.672615 2.412694 2.935823 4.073580 -9.234280 -3.448570 -5.169734 -4.106935 8.664534 -3.026896 -7.010925 6.607003 13.439790 -18.007490 1.807280 1.001237 22.690794 9.512170 -22.137659 -3.697977 12.272158
11.812339 28.832216 -10.013028 0.825423 9.469955 10.603578 0.485471 11.506453 0.694055 -2.577731 3.811731 4.403959 4.027601 -5.812493 -2.118310 -6.107064 -6.916401 7.198510 -2.463427 -7.835330 5.364146 9.372277 -17.618929 1.068298 3.941189 19.545315 15.850759 -19.919567 -9.617069 10.383429
11.239417 30.698866 -9.926908 -4.046073 13.196630 6.235959 0.878846 10.275524 -0.356710 -3.369716 4.197278 5.107933 1.206878 -5.412055 -3.018630 -6.941632 -7.346987 7.917416 -3.099244 -8.509099 1.462359 8.473913 -17.943396 -1.367196 4.341384 18.542664 17.964048 -20.986708 -11.579470 11.662374
10.717882 32.199471 -10.478689 -6.268580 13.311670 4.262363 0.033297 9.179217 -0.627090 -2.181829 3.745596 4.137506 -0.301349 -5.258523 -3.937755 -8.520028 -7.046600 7.528561 -3.207909 -9.728546 -0.273555 8.053625 -17.587740 -3.864030 4.095535 18.367496 20.202581 -20.416811 -11.998087 12.218335
10.858041 32.303959 -11.464611 -7.643416 13.727330 2.968145 1.087801 7.881359 -1.816551 -1.566584 3.562950 3.974994 -0.637473 -4.776995 -3.192864 -8.872398 -7.053678 7.628529 -2.836156 -10.630575 -1.353256 9.076479 -17.023579 -5.861331 3.671139 18.874304 20.980604 -20.600925 -12.188189 9.525318
10.264297 31.063366 -12.775331 -8.198313 15.007816 2.877870 2.029969 7.176738 -2.011848 -2.286390 3.596608 4.561362 -0.299971 -4.424117 -2.380436 -8.078691 -7.599789 8.652323 -2.703805 -10.573802 -2.958985 10.919614 -16.683052 -7.930471 3.659499 20.000086 20.962778 -19.973276 -13.307846 8.040067
9.653173 30.734802 -12.981322 -8.625227 15.496623 3.321245 3.076503 6.638214 -2.291471 -2.773405 3.765121 4.723321 0.052811 -4.094964 -2.132545 -7.755000 -7.692575 8.788199 -2.837723 -10.603683 -3.631822 11.484045 -16.709314 -8.597288 3.594009 20.216419 20.772779 -20.232821 -13.699951 6.989568
9.159845 31.170889 -13.015634 -9.125267 15.134877 3.181604 3.180463 6.181778 -2.976153 -2.272941 3.792021 4.669772 -0.041388 -3.806719 -1.989745 -7.914229 -7.431307 8.669492 -2.860939 -11.186987 -3.985570 11.752647 -16.672306 -9.221342 3.314493 19.988222 20.724838 -20.293293 -14.060104 5.991882
8.821226 31.209904 -13.220315 -9.499464 14.722282 3.405407 3.188787 5.675542 -3.540418 -1.770127 3.866965 4.517736 -0.064905 -3.523984 -1.888755 -8.108039 -7.122244 8.573343 -2.995688 -11.521400 -4.572107 11.536119 -16.619164 -9.277027 3.325332 20.111616 20.951672 -20.990137 -13.720406 5.276180
8.546294 31.501968 -13.041490 -10.293960 14.349281 2.966941 2.774887 5.599689 -4.216055 -1.147471 3.831220 4.365505 -0.207134 -3.444248 -1.818627 -8.171139 -6.966188 8.852268 -3.077907 -11.600517 -4.663618 11.218603 -16.397415 -9.199020 3.198514 20.123600 20.927168 -22.089491 -12.777023 3.784968
8.196185 31.384407 -12.677375 -10.972030 14.477030 2.943942 2.987807 5.828551 -4.662520 -1.282925 3.727450 4.179482 -0.262491 -3.467622 -1.653098 -8.087318 -6.939682 9.185467 -3.053843 -11.661503 -4.721913 10.857889 -16.268835 -8.868423 3.399639 20.357790 21.013769 -22.450579 -12.515941 2.924296
8.314336 31.802643 -12.503422 -10.993316 15.577760 1.907667 3.761322 5.797379 -5.077669 -1.303765 3.539776 3.833286 0.021770 -3.429629 -1.409899 -8.084281 -6.986543 9.434120 -2.903423 -11.618774 -5.534060 10.915315 -16.344398 -8.413426 3.915711 21.038992 20.891764 -22.763918 -12.735502 2.603806
8.280622 32.832401 -12.660995 -11.250080 15.081072 2.028615 4.631079 4.763438 -6.083680 -0.547674 3.477456 3.583289 0.120023 -3.171984 -0.959515 -8.088059 -6.700907 9.601269 -2.815091 -11.965466 -5.691603 12.316742 -16.530170 -8.245587 4.131917 20.997229 19.956392 -22.884176 -13.678682 2.030499
7.427907 32.927155 -14.576417 -10.186550 13.402262 2.177673 3.967365 3.397636 -6.835854 1.762864 3.409732 3.731330 -0.306907 -3.015267 -0.157705 -8.130163 -6.005648 9.758585 -2.284241 -12.889290 -6.564093 14.493550 -16.974743 -8.468801 4.398432 21.230944 18.907625 -22.343081 -15.101062 1.972125
7.844102 33.017132 -14.825267 -10.538362 13.714708 1.560601 3.722001 3.375192 -6.681645 1.829383 3.499603 4.029947 -0.315736 -2.902618 -0.452609 -7.807208 -6.171270 10.010839 -2.694610 -12.672682 -7.100220 15.461931 -17.047747 -8.667676 4.346192 21.414186 18.392004 -22.320091 -15.380859 1.704175
7.730864 32.975922 -14.831332 -10.546965 13.592924 1.601644 3.675657 3.234946 -6.736167 1.915197 3.420785 3.790962 -0.278067 -2.835273 -0.384499 -7.955122 -6.083676 9.962757 -2.656777 -12.850853 -7.208426 15.533274 -17.055696 -8.860366 4.386032 21.396603 18.300417 -22.204027 -15.570496 1.617911
7.813620 32.934589 -14.748929 -10.504293 13.787561 1.521258 3.833611 3.281240 -6.575600 1.715180 3.402280 3.651695 -0.220009 -2.876697 -0.355005 -7.978599 -6.080045 9.936531 -2.660732 -12.887581 -7.126515 15.370775 -17.060715 -9.013795 4.384520 21.129244 18.330929 -22.181982 -15.730145 1.593200
7.635269 33.010826 -14.716575 -10.373676 13.706867 1.896090 4.075788 3.108289 -6.656453 1.669809 3.403524 3.685194 -0.231259 -2.842328 -0.337677 -8.001081 -6.137918 9.949429 -2.613481 -12.848890 -7.085835 14.819626 -16.943632 -8.985223 4.289775 21.057146 18.377827 -22.567396 -15.474667 1.229294
7.326983 33.025589 -14.702048 -10.360012 13.513658 2.360500 4.181812 3.117421 -6.906323 1.700689 3.470151 3.856277 -0.232443 -2.911054 -0.361860 -7.920134 -6.149024 9.816396 -2.547666 -12.816658 -6.899475 14.488787 -16.916004 -8.772799 4.288575 21.007196 18.459118 -22.626223 -15.417020 1.325338
7.043672 33.139984 -14.300435 -10.406931 13.318634 2.580357 4.214125 3.395247 -7.142080 1.670707 3.433844 3.751286 -0.248885 -2.912796 -0.481409 -8.126273 -6.198737 9.692560 -2.486982 -12.761599 -6.625369 14.119152 -16.873472 -8.731025 4.252263 20.812618 18.618912 -22.670538 -15.326429 1.290879
7.135058 33.017548 -14.170391 -10.519594 13.472641 2.444818 4.328659 3.638003 -7.098150 1.423067 3.385416 3.668533 -0.270328 -2.915415 -0.486301 -8.179386 -6.232694 9.745043 -2.461198 -12.772216 -6.651948 14.053409 -16.830790 -8.652986 4.299656 20.898598 18.613535 -22.732197 -15.282789 1.214546
7.321900 33.623589 -13.236385 -14.058126 9.184874 4.545515 3.945976 2.579976 -9.724026 2.260262 3.094414 1.807701 1.353524 -2.619788 0.835287 -8.928239 -5.035786 8.791320 -1.794431 -13.511147 -4.459614 15.200766 -15.902114 -8.401528 1.652687 19.045843 14.194166 -26.519733 -13.338076 -1.556414
6.430733 33.252384 -12.526930 -14.483053 5.177923 8.690049 4.540548 3.426992 -10.648574 1.637820 3.196722 1.562367 2.391324 -3.483078 0.961825 -8.735089 -4.160078 8.042407 -1.525155 -13.246493 -2.289013 12.348814 -13.839176 -8.562354 0.043102 18.004185 14.181626 -28.502104 -10.840420 -3.441971
6.376114 32.459518 -12.632408 -14.315287 4.783288 9.351836 3.986397 3.998683 -10.192766 1.183727 3.529940 1.298364 3.078584 -3.462946 0.987506 -8.420493 -3.905649 7.441905 -2.026154 -13.214378 -1.225016 11.797365 -13.484697 -8.459986 -0.145848 17.728624 14.017290 -28.490339 -10.886781 -4.039980
6.250045 32.491661 -12.582179 -14.328844 4.462797 9.943674 3.820045 3.877027 -10.039523 1.159587 3.628185 1.267324 3.447391 -3.386001 1.038371 -8.341998 -3.847106 7.305184 -2.169137 -13.051790 -0.961213 11.700808 -13.386332 -8.425192 -0.247445 17.574429 14.022843 -28.516838 -10.872181 -4.157472
6.319006 32.491516 -12.490447 -14.545872 4.540493 9.865422 3.680008 3.959888 -9.976775 1.006580 3.559767 1.038866 3.537733 -3.362715 1.061807 -8.499642 -3.836658 7.212984 -2.165617 -13.092245 -0.845787 11.527379 -13.383831 -8.418107 -0.254874 17.632093 14.170995 -28.503061 -10.694156 -4.241301
6.262059 32.414043 -12.535361 -14.570271 4.593969 9.801225 3.597808 4.016394 -10.010904 1.014529 3.586478 1.124124 3.487236 -3.340284 1.076112 -8.534894 -3.815095 7.172721 -2.125495 -13.126117 -0.925752 11.717319 -13.494041 -8.393292 -0.168270 17.721039 14.144475 -28.374832 -10.827383 -4.086064
6.256986 32.318047 -12.554540 -14.651690 4.578109 9.752194 3.509043 4.053537 -9.975898 0.974363 3.561406 1.108648 3.511517 -3.364033 1.071005 -8.529119 -3.821733 7.221170 -2.111292 -13.073776 -0.884735 11.630009 -13.495767 -8.302202 -0.155679 17.796265 14.177190 -28.495646 -10.697324 -4.270703
6.260854 32.297565 -12.552216 -14.578035 4.579168 9.747305 3.519788 4.070971 -9.929038 0.978992 3.560938 1.113349 3.489517 -3.383416 1.050085 -8.509456 -3.857783 7.255132 -2.120015 -13.051570 -0.879223 11.658609 -13.497209 -8.286959 -0.113499 17.818800 14.211766 -28.429609 -10.730357 -4.237816
6.303292 32.334610 -12.559697 -14.701925 4.753756 9.523571 3.505590 4.158255 -9.917183 0.915431 3.552948 1.070214 3.524820 -3.365888 1.032943 -8.538127 -3.849279 7.247861 -2.124145 -13.035032 -0.744608 11.679363 -13.501208 -8.255260 -0.118126 17.803886 14.264543 -28.410685 -10.722260 -4.379991
6.282001 32.270615 -12.573017 -14.796282 4.725163 9.456950 3.435168 4.177830 -9.864595 0.882759 3.548446 1.014014 3.528422 -3.371461 1.058746 -8.577575 -3.856034 7.272848 -2.124386 -13.055584 -0.741946 11.655723 -13.546369 -8.232167 -0.095354 17.799303 14.297760 -28.417490 -10.710458 -4.380049
6.208618 31.729664 -13.301467 -11.933493 4.528580 9.652465 1.394452 4.852034 -8.031476 1.330444 4.125004 2.127664 3.354843 -3.269528 0.084798 -8.472839 -4.481780 6.159325 -2.573653 -12.317535 0.431602 10.888387 -14.262292 -8.322564 0.929493 17.706038 16.868979 -24.962484 -11.935292 -2.502184
6.283962 31.786890 -13.478273 -11.301662 4.722887 9.855083 1.365176 4.617757 -7.596116 1.344021 4.330792 2.385889 2.968058 -3.038050 -0.178571 -8.592377 -4.677280 5.852239 -2.727517 -12.400103 0.521887 10.629973 -14.359976 -8.762642 1.222836 17.937132 17.782433 -23.540369 -12.303866 -1.587718
6.879351 32.624596 -14.115031 -9.833139 4.974842 10.320201 2.062669 3.287329 -7.181240 1.965881 4.434383 2.621437 2.284290 -2.897908 -0.449025 -8.941529 -4.748877 5.431827 -2.711362 -12.681052 0.045817 10.199499 -14.520843 -8.759280 1.544738 18.059237 18.422895 -22.811661 -12.478277 -0.016486
5.576358 31.145153 -14.787506 -10.496840 3.396548 11.127042 -2.528978 3.972537 -5.758950 2.492499 4.645228 2.955547 2.398765 -2.710914 -0.396465 -9.975554 -4.740433 4.352001 -1.847275 -12.283670 1.086505 9.288834 -14.267971 -8.895331 1.532127 16.667456 19.000679 -21.911791 -13.276410 1.053239
5.514565 30.534763 -15.638885 -9.414644 2.378584 12.282126 -4.855773 4.331212 -3.987295 2.843999 4.846272 4.165980 1.122951 -3.178741 -0.729690 -10.184397 -4.668274 3.595181 -1.142062 -12.296041 0.791329 9.080547 -14.464173 -9.638797 0.876912 15.762556 19.098223 -21.185381 -13.551860 4.145721
6.285417 29.038799 -16.284460 -8.166528 0.437611 13.240560 -6.895093 4.800748 -2.277133 2.827715 5.434260 6.032453 1.191712 -3.330744 -1.413818 -9.202707 -4.587997 2.585217 -1.391958 -11.767940 2.158187 9.601177 -14.794227 -9.855295 0.442310 15.713959 19.820229 -20.291603 -12.697359 5.702039
7.746794 28.064068 -16.990522 -5.969128 0.970772 13.405239 -6.642086 5.567212 -1.559035 2.580040 5.744448 7.214904 0.889526 -3.733145 -2.012936 -8.059769 -5.163422 1.953956 -1.374444 -10.967024 3.239542 9.536075 -15.493529 -9.430190 0.245143 15.258391 21.107042 -18.963707 -12.602847 8.808600
7.728941 25.058929 -18.423883 -5.198860 0.783431 13.138083 -9.072207 6.707738 0.636732 1.974741 5.873928 8.028795 1.073782 -4.201015 -2.035878 -7.108324 -5.552838 1.611963 -0.846156 -10.086739 4.104261 8.293603 -16.120678 -8.614265 0.430652 14.604387 21.661943 -18.397570 -12.993280 10.963149
7.544724 22.960758 -19.965290 -3.618518 -0.523618 13.747201 -9.853168 7.339728 1.892658 2.046175 5.885649 8.426747 1.839830 -4.032359 -1.800196 -6.778263 -5.582542 1.391931 -0.573130 -9.746195 4.524061 7.774548 -16.704710 -7.376711 1.863802 14.485983 22.077765 -17.118490 -13.826202 12.083737
7.938046 21.595398 -21.638329 -0.904619 -1.096246 14.376019 -9.626943 7.834408 2.065311 2.230790 5.906062 8.339873 2.932377 -3.403513 -1.223639 -7.193115 -5.240379 0.390719 -0.013664 -10.579052 4.049057 7.464609 -14.885839 -5.751080 4.160181 16.442190 21.759455 -15.359076 -15.024044 12.595713
7.135352 19.950603 -23.593466 1.532313 -1.591378 14.210860 -9.529313 8.409649 1.293924 3.188383 5.692079 7.003119 3.895087 -3.174200 -0.826822 -8.124763 -4.861866 -0.962761 0.523036 -11.396620 4.637470 7.986330 -14.545049 -4.733708 5.026092 18.310835 21.617823 -14.007363 -15.233811 11.736898
5.065107 18.327288 -25.963989 4.576595 -2.584861 15.525229 -7.776406 7.373146 0.036167 5.076658 6.001457 6.329658 5.215233 -3.508943 -0.212154 -7.771118 -3.977092 -2.621957 0.607783 -11.852260 5.669310 8.345421 -15.858338 -2.966118 6.145818 19.299831 22.374113 -12.135094 -16.130726 11.696274
4.075786 17.896057 -26.690300 5.245888 -3.084069 15.479077 -7.686039 7.077036 -0.797329 6.088421 5.833416 5.956284 5.691073 -3.642036 -0.215679 -8.152517 -3.719833 -3.171784 0.910354 -12.157931 5.654193 7.681872 -15.358380 -2.355552 6.715812 19.570297 22.271105 -12.205579 -15.975642 11.942539
4.098032 17.820400 -26.739092 5.546363 -3.088839 15.513093 -7.244563 7.164996 -0.699722 5.972712 5.739580 6.238422 6.041772 -3.430124 -0.482955 -8.581872 -3.599737 -3.195645 1.073015 -12.286487 5.388748 6.638463 -11.536067 -2.602289 7.102521 19.878571 20.739729 -12.316133 -16.221560 13.182254
4.017976 18.308529 -26.400614 4.331723 -1.771270 13.988194 -8.407131 7.644051 -0.245864 5.693250 5.822461 6.419950 5.368191 -3.453591 0.047330 -8.273175 -3.736019 -2.548501 1.422356 -11.637136 5.987494 7.559823 -13.474874 -2.517805 6.785594 19.781488 21.445028 -11.731427 -16.087433 12.139471
3.830449 18.023960 -26.345091 3.959214 -1.312117 14.020718 -10.256427 7.785084 0.033117 5.832325 5.668446 5.650771 5.043198 -3.623433 0.435395 -8.353905 -3.843017 -2.530197 1.713898 -11.042034 6.287158 7.475289 -14.877894 -2.418327 6.681464 19.400640 22.067778 -11.539045 -15.834131 11.644105
4.044214 17.425673 -25.962156 3.087781 -1.155665 14.044129 -11.530555 8.119864 -0.052866 5.625062 5.450053 5.101228 4.820615 -3.502726 0.704035 -8.740147 -3.776944 -2.194722 2.017816 -10.838824 6.250185 6.377975 -14.678243 -2.242293 7.037507 18.965977 21.608648 -11.793506 -15.364056 11.366663
4.572939 16.511339 -25.072210 3.528062 0.692669 12.633475 -10.833642 8.435405 -0.270190 4.785677 5.339399 4.951434 4.807230 -3.385706 1.177566 -8.632904 -3.785639 -1.384526 2.304157 -10.328727 6.024275 6.484546 -15.271089 -1.854066 7.459739 18.239092 20.531271 -12.622018 -15.291700 10.299395
