11.730925 29.121891 -6.865869 4.672052 14.652719 5.589564 0.451976 16.065840 3.324482 -3.494384 3.106272 8.249502 5.234053 -8.986395 0.688989 -3.525002 -0.396638 5.304855 1.820092 -10.418203 6.384763 13.010527 -15.926513 1.813142 0.862127 22.703543 8.762827 -22.087000 -3.684111 12.738214
11.780679 29.142780 -6.823154 4.702871 14.722105 5.611836 0.481354 16.078016 3.307769 -3.620714 3.134154 8.312022 5.239177 -8.965443 0.640787 -3.532555 -0.408433 5.306396 1.833375 -10.412317 6.725595 13.114845 -16.378939 1.424166 1.293373 22.890814 8.956880 -22.338459 -3.773659 12.739676
11.060740 10.363709 -10.550702 -1.711179 8.366695 19.568750 -2.255002 18.362957 5.080351 -14.852306 6.355955 9.779172 9.065216 -4.945430 1.222515 -3.775643 -3.165118 2.071197 0.956684 -4.337083 21.062567 10.316328 -15.088103 6.919245 7.856876 13.513070 12.713923 -9.119216 -19.045053 8.826587
7.527933 5.232653 -8.984696 -4.275041 12.687735 19.709181 -2.546135 16.698479 7.590102 -16.644558 7.707490 9.505373 7.208394 -4.137098 0.906871 -3.285913 -3.646746 0.057242 0.185664 -1.811836 16.929106 8.539168 -17.145737 10.830653 4.366039 8.969028 9.260699 -4.535331 -23.053392 3.634007
3.440929 2.585780 -7.228450 -0.925798 12.774021 24.669744 -1.405136 15.737923 9.284202 -15.282372 8.489581 8.994673 5.660220 -4.405789 0.055761 -2.842158 -2.328776 -1.029754 -0.884808 -0.316615 15.502107 8.013144 -15.634342 10.559550 2.157681 6.784895 2.784063 -3.009012 -24.663189 4.498663
6.436260 3.908121 -9.278889 -3.714787 12.553061 20.110163 -3.837993 16.378153 9.076145 -16.196934 8.131577 8.840324 6.280060 -4.062434 0.721639 -3.386313 -3.552955 -0.564318 -0.490104 -1.650448 16.379608 8.945635 -15.179862 9.605205 3.773098 8.064200 6.672379 -5.018695 -24.073347 2.805109
8.781723 4.900904 -13.242444 -5.477400 11.614593 16.542620 -7.017662 16.429869 8.304320 -15.884953 7.462915 8.147517 7.114963 -3.395311 1.138817 -4.734550 -4.676162 0.308873 0.175798 -3.494689 16.250988 9.438892 -15.382061 7.970224 5.215898 9.452502 12.279841 -8.132886 -22.232908 1.667549
9.777228 5.568126 -14.452631 -6.811216 11.346619 14.137510 -7.819442 16.624830 7.891753 -15.542970 7.265583 7.628960 7.346105 -3.091674 1.705848 -5.052418 -5.310946 0.598122 0.207462 -4.146826 16.812532 9.036413 -14.633550 5.380106 7.173477 10.208921 13.942052 -10.842425 -21.967104 1.046785
10.063670 5.679620 -16.162525 -7.988745 11.300840 11.883773 -10.289062 16.082417 8.768094 -15.224479 6.956153 6.845180 6.741131 -2.965211 1.766038 -5.474200 -6.268893 1.044897 0.056834 -4.578733 17.385914 8.701641 -14.228158 3.767931 7.476522 9.746184 15.861289 -13.039157 -21.403929 -0.035748
10.207520 5.026016 -18.343348 -9.458019 11.395343 9.766111 -11.699571 16.247379 10.115721 -15.431080 6.764130 6.557958 6.659028 -2.456323 1.607684 -6.143075 -6.817750 0.903325 0.079578 -5.250465 17.172926 8.745367 -10.533928 2.217062 7.746243 9.381373 15.021623 -14.603453 -21.449722 -1.293703
9.752372 4.165771 -19.717611 -9.279093 12.353287 7.536718 -12.404460 15.979514 10.986333 -14.964464 6.996054 6.255523 5.857304 -2.175907 1.672181 -5.931613 -7.315269 0.644282 -0.425424 -5.732399 16.600687 8.803392 -8.142564 0.901906 7.622792 9.218365 14.165608 -16.050190 -21.512682 -2.734139
8.028861 3.320015 -20.768473 -8.829668 13.396087 5.051868 -12.385373 16.075813 12.445111 -14.652554 7.263224 6.102625 5.592457 -1.631147 1.648114 -5.866433 -7.284057 0.427951 -0.917404 -6.120675 15.407908 9.215914 -7.355872 0.033958 7.530229 9.180346 13.310970 -17.200230 -21.882814 -4.442624
6.497464 3.564666 -21.150896 -8.502095 13.828668 3.190909 -12.643090 16.083096 12.737252 -13.728733 7.476803 5.766030 5.615880 -1.103041 1.974033 -5.632222 -6.906283 0.654356 -1.540403 -6.341262 13.432294 8.351135 -6.787890 -0.101434 7.325148 8.420971 12.870028 -19.421919 -21.415411 -5.048296
5.008646 4.529314 -21.093071 -8.587050 14.429197 1.882740 -12.854238 16.145609 12.185126 -12.571760 7.895614 4.947226 6.308250 -0.383130 3.069702 -4.817820 -6.348697 1.172600 -2.563235 -6.606679 10.897204 7.236202 -6.516372 0.181452 7.234236 7.849859 13.409665 -21.634693 -20.595572 -4.286842
3.965456 5.674314 -20.604092 -9.426729 13.818586 0.557071 -14.215421 16.593128 12.694194 -11.695444 8.221492 4.485838 7.276496 -0.357018 3.698546 -3.756166 -5.717585 1.485686 -3.439679 -6.476144 9.238787 5.588219 -5.591283 0.880674 6.971038 8.332232 13.104560 -23.653126 -19.360025 -3.578819
2.955164 7.174996 -19.604239 -10.586068 13.111078 -0.453351 -16.299995 17.699852 13.438174 -11.092789 8.640350 4.671086 8.430357 -0.572111 3.925657 -2.088813 -5.087162 1.742242 -4.491382 -6.232927 8.141403 3.817237 -4.226727 1.186186 6.387157 9.580519 13.012723 -25.735493 -16.975719 -3.487520
2.906614 9.998597 -18.314562 -10.927435 12.530275 -0.892158 -17.109352 18.201582 13.249553 -10.476490 8.820267 4.423290 9.549523 -0.912723 4.192191 -0.718664 -4.594035 1.615734 -5.202076 -5.464038 7.689390 1.494252 -3.659211 1.848868 6.070355 10.242373 11.703716 -28.203419 -14.457699 -4.304572
3.253184 11.009001 -16.648861 -11.123194 12.282704 -0.989603 -17.108341 19.487459 12.908098 -10.993923 8.805556 4.188730 10.110141 -1.298396 4.363451 -0.201968 -4.233179 1.834434 -5.300910 -5.048433 7.566945 0.214850 -3.335376 2.216299 5.734273 10.469552 11.291263 -29.564684 -13.170759 -3.974705
3.485843 10.370158 -16.219032 -11.646031 12.281340 -1.715041 -16.854448 20.414053 12.687051 -11.533442 8.764176 4.140858 10.336412 -1.273746 4.329577 -0.449205 -4.282721 1.991856 -5.144459 -5.189188 7.941929 0.039209 -4.128020 2.678072 6.121392 10.399880 12.311758 -28.249224 -13.473867 -2.417981
3.591103 9.865921 -15.844275 -11.947427 12.267949 -1.908155 -16.937267 20.982201 12.382095 -11.888417 8.705531 4.205336 10.447133 -1.230282 4.277077 -0.645624 -4.241895 2.073162 -5.041879 -5.192826 8.317622 0.066086 -5.255452 3.112137 6.072644 10.072238 13.116082 -27.676413 -13.407770 -1.788413
3.412618 9.505239 -15.663894 -12.040098 12.382627 -2.233920 -17.005913 21.254488 12.202643 -12.075038 8.627473 4.035299 10.562648 -1.140319 4.257533 -0.902297 -4.173409 2.113882 -4.929086 -5.274151 8.466331 0.105577 -5.579030 3.309487 6.071111 9.957694 13.177759 -27.486803 -13.544829 -1.724206
3.329785 7.193542 -16.892117 -11.349365 13.620673 -2.125420 -16.509764 19.996380 11.982987 -11.788946 8.346456 4.506523 9.746474 -0.639976 4.014832 -2.225528 -4.390102 2.098796 -3.957355 -5.510640 9.518720 0.881916 -7.129739 2.839565 6.970561 9.308479 12.966531 -24.875473 -16.092545 -3.402393
3.464815 5.852890 -17.204426 -11.075629 14.205420 -1.660094 -16.558334 19.352196 11.914835 -11.842508 8.410295 4.943256 9.136346 -0.627548 3.589779 -2.843231 -4.591301 1.874167 -3.470963 -5.614305 9.093509 2.319551 -7.173881 1.630325 6.981703 9.454519 12.184987 -24.321930 -17.349459 -5.048522
-6.555322 -3.181735 -11.060185 -4.402332 16.082069 19.917109 -12.626399 10.629884 18.826445 -9.006920 11.963751 7.888945 1.460021 -1.116369 -0.140553 -1.378802 -2.083341 -1.845181 -3.692788 -2.134007 -2.617702 5.024189 -8.369245 0.261455 -1.313591 6.282675 -3.143510 -4.360662 -29.832232 0.372475
-7.721980 -5.168588 -10.129155 -4.833319 15.028314 23.241724 -11.896626 9.249952 19.892981 -7.632120 12.262877 7.536825 0.247930 -1.457538 -0.462572 -1.345146 -2.024083 -1.971584 -3.024313 -1.579222 -2.613364 4.180658 -6.877649 0.548806 -1.300260 5.589057 -3.993563 -1.348935 -30.232927 2.052502
-3.011417 -0.614257 -15.632329 -5.050325 17.970724 11.092662 -11.809464 12.684160 15.965499 -11.355551 10.750823 6.899809 3.021443 -1.175373 1.251521 -2.023311 -4.399765 -0.416563 -3.387517 -3.236903 3.015454 6.120417 -5.882042 -1.246170 2.623124 7.614554 2.080357 -10.802679 -28.235327 -1.788061
-1.113047 -1.416213 -14.981466 -5.808814 16.304014 12.814252 -12.481533 14.672490 15.106353 -13.982531 9.946819 6.415079 2.584598 -1.566928 0.785408 -3.277530 -4.559001 -1.845730 -3.279004 -2.604484 5.782598 7.867321 -5.080823 1.722885 0.398356 6.799549 0.557510 -8.987125 -27.297377 -4.290476
-0.315883 -1.709142 -15.679358 -5.703548 16.017971 13.681537 -12.277732 14.360179 15.213681 -14.258479 9.876196 6.271291 1.810386 -2.181898 0.480358 -3.606268 -4.909497 -2.263362 -2.618708 -2.297909 7.247346 8.677097 -3.133225 1.635507 0.480165 6.775751 -0.522589 -8.070913 -28.125202 -4.331473
-2.018091 -2.445976 -13.416068 -5.076021 15.297939 20.188612 -9.684642 12.474703 17.013857 -12.680623 10.174854 6.432703 0.698730 -2.857376 -0.042448 -3.332551 -4.426947 -3.132439 -2.091283 -1.157863 7.630379 6.979885 -2.268159 2.343215 -0.525028 5.671958 -3.433678 -3.100110 -29.883993 -0.815013
-2.382246 -2.335235 -11.713696 -3.600340 13.920720 24.105532 -8.112670 12.207578 16.672327 -11.941771 10.223116 6.493404 -0.261187 -3.543463 0.315242 -2.716272 -3.873903 -3.176863 -1.529558 -0.423731 8.158195 4.811701 -1.914346 3.652694 -0.776523 4.810849 -3.786119 -1.521043 -29.263498 2.799962
-1.700861 -1.891741 -11.145260 -3.234168 12.809216 23.123909 -6.780240 13.458589 16.155565 -12.880881 9.884715 6.264574 -0.350003 -4.028640 1.024192 -2.561945 -3.811884 -2.729765 -1.073431 -0.418574 10.510211 3.520070 -1.462163 5.205389 -1.032937 4.201503 -2.696613 -0.334526 -28.392580 3.775928
5.422417 1.523863 -14.736184 -5.220978 12.655716 15.029633 -6.252864 14.803101 15.229024 -16.435249 8.415845 6.013350 0.271295 -5.083896 2.723947 -2.130917 -6.632850 -0.129372 -0.133008 -1.762448 14.611846 4.348648 0.185878 1.349133 3.142067 8.581493 5.617041 -2.103725 -26.534422 5.452013
8.015222 3.385442 -17.402693 -4.611676 10.313545 12.909621 -4.896083 15.506495 12.977700 -15.729053 8.205466 5.100496 -0.186292 -5.989624 4.724396 -0.585344 -7.522345 0.780947 0.073448 -2.113428 17.143099 2.389224 2.128222 2.006724 5.126338 10.649977 9.900724 -3.541415 -24.291359 7.126308
10.397682 5.044670 -17.357512 -4.101820 10.275648 12.737634 -2.780084 16.434830 10.113894 -15.947159 8.486731 4.102925 -1.263603 -7.154589 6.614574 2.130316 -8.082989 0.832795 -0.418583 -1.502466 22.592333 0.325507 5.108332 1.593328 9.889739 11.259914 11.903386 -5.674485 -22.226759 10.237594
10.737411 5.468932 -17.180281 -1.618174 9.700153 14.577826 -0.388920 16.642914 8.857757 -15.585846 8.616643 2.739672 -1.440168 -8.370390 8.346470 4.480427 -7.972664 0.547784 -0.778314 -0.744969 24.626633 -1.504587 8.682445 4.781093 10.262790 11.247822 11.221477 -6.171024 -19.675486 11.995960
12.002769 6.081255 -16.107664 -0.206134 10.006258 15.964054 1.758443 17.216442 6.565099 -15.401641 9.010816 0.727846 -2.050664 -10.100693 9.861690 7.192791 -8.273769 -0.263550 -1.550774 -0.114083 24.982845 -2.578397 11.197696 5.926070 10.420137 12.669258 8.905727 -6.738965 -17.811769 12.111735
13.515191 7.213450 -14.781783 0.040272 10.301105 16.587349 4.171510 17.013033 5.907369 -16.103136 9.365033 -0.585965 -1.120241 -10.385065 11.680304 8.706567 -7.925894 -1.912572 -1.472795 0.193183 23.121153 -4.189026 13.900189 6.136795 11.616223 16.013626 7.353733 -6.321902 -17.167608 11.957454
14.437182 8.093376 -13.071614 -1.527527 11.141472 16.291990 6.422585 16.772184 5.221270 -17.265842 9.396348 -1.061595 -0.390684 -10.261953 12.613603 9.108743 -7.406776 -3.089286 -1.183059 0.339269 21.903406 -5.512200 15.960831 5.962272 12.827066 17.787153 6.407735 -5.757860 -16.985373 10.880696
14.518991 8.214137 -12.769459 -1.797987 11.431288 16.161797 6.459139 16.803898 5.105465 -17.310921 9.366768 -1.187759 -0.087943 -10.154799 12.904379 9.103736 -7.226222 -3.329791 -1.072960 0.201615 22.018742 -5.405275 15.854363 6.165437 13.128565 17.862823 6.262602 -5.696365 -17.073797 10.990327
14.545716 8.125760 -12.635102 -1.904227 11.451505 16.335209 6.444011 16.833149 5.027951 -17.471777 9.347925 -1.261254 -0.151887 -10.231155 12.914162 9.181087 -7.271445 -3.406710 -1.109308 0.205017 21.702360 -5.639594 16.234762 5.951001 13.165818 18.077812 6.091333 -5.642426 -16.953016 11.105493
