-0.771364 29.123634 -13.261244 19.752117 3.998439 3.725812 -8.682043 3.972254 -10.302946 -11.494018 2.562973 2.684361 3.666630 -9.394352 -3.151296 -4.783334 -4.150765 8.639668 -3.114032 -6.896008 6.207211 13.873553 -19.404310 2.484675 0.121734 22.276693 9.678679 -21.349249 -3.707469 11.662028
-0.786964 29.125856 -13.191228 19.773523 4.075909 3.774611 -8.620896 3.985777 -10.294579 -11.479820 2.631561 2.514272 3.527086 -9.510149 -3.154223 -4.635528 -4.293348 8.644163 -3.273075 -6.684456 6.106119 14.029694 -19.890348 2.582891 0.023956 22.270254 9.798724 -21.302237 -3.730977 11.511260
-1.260274 27.180042 -13.062655 17.583223 2.577512 4.933128 -9.551326 3.839608 -10.128397 -13.295275 3.251983 3.167586 4.411548 -8.718887 -2.740196 -4.529355 -4.386946 8.042993 -3.185244 -6.396625 7.291009 13.140953 -19.738775 2.915685 1.741036 21.546293 10.808472 -20.112078 -5.668467 11.092957
-0.875700 27.923271 -12.980765 18.590586 2.562810 5.178110 -8.986763 3.937276 -10.260952 -12.958890 3.043099 2.938048 4.083709 -8.937533 -2.992060 -4.650888 -4.450845 8.321730 -3.282426 -6.532903 7.153602 14.120243 -19.552444 2.606026 1.297076 22.083204 9.893132 -20.626726 -5.227186 11.257428
-0.582928 27.187611 -12.588485 16.831938 0.933141 7.226854 -8.785887 3.886359 -10.639488 -14.240124 3.376545 3.348363 4.303161 -8.448603 -2.687141 -4.445559 -4.744498 8.103682 -3.371866 -6.428349 8.046671 14.791064 -19.726025 3.642936 2.145611 21.810595 9.862004 -19.607328 -6.798121 10.958327
-0.380746 26.023703 -12.375187 15.895385 -0.334441 9.040803 -8.304923 4.044824 -10.930725 -15.469282 3.751977 3.619612 4.759870 -7.861095 -2.219080 -4.232727 -5.100388 7.978582 -3.431262 -6.028291 8.643307 15.431130 -19.553417 4.070552 2.680867 21.439383 9.882914 -18.817940 -8.171078 10.495464
-0.359896 25.349596 -12.290728 15.513741 -0.801896 10.105127 -7.915437 4.063137 -11.063954 -16.119028 4.026912 4.134708 4.828241 -7.547370 -1.891468 -3.946317 -5.377047 8.117390 -3.431606 -5.683371 9.288909 16.595675 -19.319620 4.771720 3.172686 21.620539 9.042782 -18.566364 -9.137244 9.492931
-0.058964 24.859324 -12.174134 15.197632 -1.216923 11.449479 -7.016711 3.937995 -11.485988 -16.886120 4.223797 4.603318 4.786282 -7.324151 -1.591658 -3.606731 -5.651935 8.513886 -3.443583 -5.375588 9.879630 17.302969 -19.333797 4.990921 3.224567 21.369806 8.545386 -18.076460 -9.912645 9.103582
0.366352 24.321289 -12.142932 15.470473 -1.635632 12.435704 -6.244276 3.871590 -11.535791 -17.335791 4.413851 4.811833 4.796244 -7.117610 -1.481403 -3.506482 -5.929020 8.433927 -3.520955 -5.224898 10.412017 17.260153 -19.263147 5.837872 3.838225 21.247139 8.588337 -17.397978 -10.776163 8.918260
0.632530 23.695023 -12.471436 16.285515 -1.599467 13.187873 -5.377776 3.700545 -11.350977 -17.780478 4.488716 5.092197 4.466307 -6.979372 -1.569704 -3.575313 -6.326858 8.653262 -3.521451 -5.099467 10.680196 17.244867 -19.156025 6.278420 4.424614 21.074873 8.684978 -16.893204 -11.512668 8.700844
1.300324 22.682884 -13.168283 17.383636 -1.106306 13.973937 -4.875382 3.490044 -10.802663 -18.470884 4.521608 4.891844 4.258952 -6.798278 -2.030429 -4.136599 -6.769073 8.291191 -3.618636 -5.037890 11.281671 16.673336 -19.223078 6.912219 5.376964 20.756731 9.005597 -16.343390 -12.237728 8.912393
1.396320 21.821320 -13.989925 18.187853 -0.676985 13.854691 -4.731387 3.116751 -10.261133 -18.591602 4.537041 4.561224 4.239418 -6.641490 -2.527508 -4.651970 -7.198675 7.873516 -3.806540 -4.972009 11.891454 15.531510 -19.477041 7.846037 6.113624 20.267218 9.756296 -15.752393 -12.648418 9.595317
1.437682 20.874510 -14.708496 19.353876 0.007042 13.656466 -4.893596 2.993135 -9.588775 -18.543009 4.545620 3.847367 4.312387 -6.876801 -3.040138 -4.998099 -7.539963 7.383980 -4.070024 -4.529163 12.428571 14.691753 -19.838617 8.376950 6.569468 20.184614 10.886951 -14.870843 -12.772837 10.201327
1.620043 19.807575 -15.332978 20.204374 1.234176 12.682020 -5.111567 2.981453 -8.635551 -18.857206 4.505980 3.396710 4.491894 -6.864101 -3.597857 -5.366807 -7.674124 6.831960 -4.336527 -4.442578 12.908175 13.745743 -19.806105 8.813592 7.202088 20.278122 11.765061 -14.039243 -13.040971 10.462800
1.389209 19.286682 -15.781938 20.402456 2.327201 11.570355 -5.995310 3.234663 -8.050319 -18.805355 4.470320 2.913002 4.948368 -7.044585 -4.012238 -5.560927 -7.659475 6.472688 -4.599680 -4.062306 13.392245 12.864377 -19.728781 9.019535 7.883582 20.408400 12.814038 -12.949420 -13.464058 10.749572
1.149635 19.266665 -15.944678 20.313280 3.303426 10.163910 -6.599342 3.620834 -7.702414 -18.517780 4.446472 2.277929 5.649558 -7.100025 -4.103955 -5.709493 -7.538076 6.215354 -4.815577 -3.675020 13.558042 12.257844 -19.821089 9.442061 8.735005 20.725790 13.638077 -11.970378 -14.051504 10.928905
0.602241 19.205215 -16.357496 19.625513 3.869441 8.932221 -7.705174 3.844843 -7.447280 -18.082867 4.358613 1.911179 6.666654 -7.055085 -4.155294 -5.778748 -7.241804 6.196301 -4.990622 -3.280681 13.440794 11.551653 -19.229918 9.381379 9.431770 21.161198 14.521792 -11.083043 -14.626128 10.861917
0.112362 19.691479 -16.504843 19.132326 4.577881 7.436860 -8.420888 4.080375 -7.111499 -17.681341 4.279186 1.483695 7.138288 -7.121071 -3.945202 -5.729128 -6.952325 6.408912 -5.019739 -2.899488 13.451665 11.191137 -19.421171 9.634042 9.968531 21.404196 15.105918 -10.557960 -14.958045 10.648091
-0.717567 20.044428 -16.598703 18.838766 5.622841 6.277677 -8.661666 4.043458 -7.020254 -17.307611 4.139695 1.247706 7.764477 -7.277927 -3.732346 -5.580740 -6.588805 6.839532 -4.946434 -2.282930 13.224128 9.870831 -19.538202 9.792523 10.799400 21.422951 16.227882 -10.022517 -15.438858 10.035902
-1.307872 20.221630 -16.456274 18.952793 6.441119 5.531360 -8.796097 4.174124 -6.844872 -17.129484 3.952290 0.984610 8.055667 -7.497048 -3.574919 -5.526558 -6.349859 7.193994 -4.863006 -1.997857 12.828420 8.815324 -19.702765 9.669181 11.236721 21.318497 17.079035 -9.825320 -15.644268 9.968940
-1.481032 20.231464 -16.190168 18.501785 6.670938 5.208914 -8.861108 4.096675 -7.012311 -17.145628 4.009750 0.811665 7.871833 -7.623517 -3.382991 -5.338537 -6.358984 7.325747 -4.951141 -1.770056 12.810791 8.562632 -20.515539 9.834985 11.493179 21.249830 17.497271 -9.719725 -15.701823 9.429393
-1.575326 20.240345 -16.091354 18.328659 6.690720 5.170418 -8.847254 4.142726 -7.015978 -17.076262 3.972564 0.821555 7.856594 -7.652388 -3.354271 -5.295340 -6.316157 7.355988 -4.981370 -1.757168 12.681514 8.607897 -20.586746 9.995367 11.467361 21.273451 17.547308 -9.689668 -15.722198 9.396733
-1.718208 8.799487 -17.753115 10.590481 1.983953 14.930429 -9.068498 4.607615 -7.333893 -21.877459 5.682066 3.629439 6.919273 -5.164959 -2.490599 -5.677592 -8.002460 4.916586 -3.266404 -0.174070 20.278822 6.617808 -17.826487 10.685388 7.739636 10.702401 15.136331 -8.104021 -18.604456 7.217803
-4.867594 2.387059 -15.755826 4.008974 8.743800 16.016550 -3.696114 4.125575 -2.156206 -18.946733 7.345886 4.113917 5.946139 -2.978257 -3.482267 -5.859633 -7.508273 3.269964 -4.455198 3.047666 15.179355 3.159353 -15.050706 12.072953 6.646227 6.847945 12.060897 -2.383631 -24.507025 5.317494
-13.655459 -1.431097 -8.607021 5.820307 12.271677 27.790663 -1.788285 0.961585 1.944896 -15.861533 11.127489 7.277456 0.976654 -2.565211 -2.240020 -2.366371 -3.598265 -0.005110 -3.695843 3.445658 7.026155 -0.995894 -12.331223 12.375964 3.763110 4.500314 -1.384419 2.593980 -29.628231 6.512470
-13.206255 -3.869313 -9.807405 2.626936 15.442136 25.663229 -1.897805 1.860151 1.551530 -16.053949 10.657386 6.141314 1.132360 -1.857373 -1.828121 -3.954904 -3.923234 -0.410513 -3.432497 3.862325 7.707361 -2.142967 -12.825780 11.882089 3.125343 1.984007 -1.359132 1.655797 -29.884819 2.460127
-12.409106 -4.224182 -11.670161 2.141471 16.570322 24.026207 -1.513773 2.211925 0.919592 -15.965023 10.466861 5.777864 1.414406 -1.505605 -1.900441 -4.949413 -4.658099 -0.226908 -3.297643 4.393456 7.660197 -3.519617 -12.139019 12.618763 3.257119 1.301767 0.318064 0.671131 -29.965626 -0.776277
-11.719216 -3.596539 -13.134986 2.110512 16.801003 21.515322 -1.718270 1.955924 0.309111 -16.093042 10.004717 5.906685 1.466608 -1.518607 -2.203198 -5.348291 -5.467627 0.181664 -3.501878 4.577906 8.743860 -2.621433 -12.297811 11.143962 4.018565 2.407839 3.303369 0.388142 -29.523825 -1.719263
-10.917235 -2.685804 -13.283701 2.451031 17.938421 21.165211 -0.828029 1.391823 -0.839484 -16.251303 9.970639 6.199429 1.386570 -1.460305 -2.478103 -5.538637 -5.974124 0.669717 -3.448453 4.782114 8.511628 -2.343570 -12.949120 11.088889 4.619506 3.055773 3.841707 0.896600 -29.669245 -2.423160
-8.572633 -0.819299 -15.921784 3.524529 18.857002 17.871466 -0.058273 0.027868 -1.852311 -16.768400 9.301051 6.713081 1.896961 -1.521710 -3.123155 -5.870158 -7.631622 1.927820 -3.465384 4.279913 8.048231 -0.901910 -13.051229 9.835828 6.195774 6.315502 8.314109 1.325790 -30.272421 -3.295388
-7.963384 0.837532 -17.374975 4.601110 19.551907 16.530867 -0.328331 -1.956141 -2.797467 -16.831203 8.804371 7.635167 1.258896 -1.465854 -3.103401 -5.981604 -8.189371 2.875739 -3.125670 3.628358 6.795045 -0.587450 -13.441892 7.699112 7.202719 7.443950 10.396732 1.194591 -30.760624 -2.589318
-6.468628 4.554194 -20.396904 6.133172 18.965593 11.470790 -1.086591 -4.562507 -5.310713 -17.791433 8.113686 7.391032 0.944253 -1.544681 -3.054150 -6.473887 -10.007595 5.402716 -2.356310 1.512882 7.708025 0.232799 -14.534156 2.379656 10.973730 11.187632 15.712041 -0.394495 -30.803492 -1.841729
-5.800889 4.731683 -21.381659 6.037789 18.360495 10.387796 -1.455257 -4.286996 -5.669010 -18.169668 7.907933 7.084295 1.220017 -1.555027 -2.828662 -6.487185 -10.440374 5.671090 -2.358017 1.163946 8.707374 0.444319 -14.201562 2.742874 11.031835 11.261372 16.729782 -0.980561 -30.030756 -1.944006
-4.089116 6.108209 -24.313446 4.816777 15.779909 5.666847 -2.826603 -3.746350 -7.818682 -19.096006 6.502954 5.240260 2.877434 -1.279810 -2.435145 -7.744558 -11.768888 7.379911 -2.701117 0.537028 10.958617 1.615607 -14.077389 3.354957 12.508979 12.555569 21.705095 -3.559538 -27.655462 -2.662938
-3.649447 6.762916 -24.605265 5.051438 14.929522 3.860847 -3.906240 -4.089865 -9.214890 -20.699251 6.258650 4.764764 3.273177 -1.495864 -2.142721 -7.704933 -12.165049 7.695770 -2.728634 0.055765 12.061690 1.853653 -13.568015 3.123641 13.483390 12.769318 22.930687 -5.344637 -26.789019 -2.322970
-3.802140 7.033257 -25.067778 5.509517 14.257391 3.170557 -4.237700 -4.599804 -9.942142 -21.780123 6.166997 4.631945 3.338096 -1.501281 -2.061266 -7.704560 -12.301785 7.817554 -2.804516 0.112627 13.324158 1.799328 -13.272477 2.393708 14.711449 13.390368 23.510332 -6.318387 -26.402689 -2.704092
-3.779000 7.392107 -25.406839 6.276895 14.296637 2.616639 -3.966640 -5.126848 -10.866338 -22.020731 6.027447 5.229627 3.268636 -1.350282 -2.288621 -7.978445 -12.296009 8.098706 -2.440235 0.069591 13.182189 0.988091 -12.237126 1.719702 15.142326 13.819391 23.637375 -5.831266 -26.725433 -2.284521
-3.793862 6.633772 -24.838255 5.162280 15.156176 3.946681 -3.118268 -4.127374 -8.864655 -20.118868 6.310572 5.086013 3.000467 -1.408985 -2.187144 -7.670450 -12.137255 7.778281 -2.587945 0.194139 11.719058 1.591909 -13.246987 3.141878 13.002974 12.857409 22.898703 -4.428370 -26.941776 -2.862359
-4.521585 4.141363 -22.133345 3.915695 17.480083 9.759633 -1.025111 -1.972964 -4.994319 -16.926075 7.359255 5.694275 2.118956 -1.723906 -2.857497 -7.093138 -10.939171 5.964908 -3.049739 1.890181 9.766335 0.616091 -12.642850 5.288162 9.879162 10.489631 17.111589 -1.721337 -28.685411 -3.063571
-4.951876 3.787893 -22.237467 3.916164 17.301382 9.320480 -1.153219 -1.807149 -4.692669 -16.737457 7.347264 5.728558 2.008801 -1.620004 -2.745697 -7.146736 -10.868849 6.001205 -2.992070 1.900720 9.678842 0.663042 -12.456918 5.365129 9.989466 10.360038 17.243315 -1.743136 -28.693052 -3.027724
-4.415068 4.112410 -22.164301 3.874774 17.461836 9.646039 -1.114830 -1.833717 -4.931828 -16.819002 7.237686 5.554508 2.206727 -1.638748 -2.742581 -7.179514 -10.996843 6.011640 -3.057320 1.767349 9.697716 0.643743 -12.630122 5.312575 9.862926 10.515956 17.360575 -1.875451 -28.581961 -3.138801
-4.434555 4.962017 -22.947001 3.331474 16.951868 8.732488 -0.863776 -2.193861 -5.766596 -16.280558 6.904704 5.908307 2.331012 -1.315844 -2.725345 -7.528716 -11.225679 6.578323 -2.853257 1.353387 9.581787 0.761776 -13.074328 5.196661 10.167482 10.930154 19.003452 -1.469880 -28.441362 -3.052489
-4.606930 3.528213 -23.699625 2.068580 14.717213 6.415780 -3.365630 -0.382788 -3.966254 -17.412827 6.996348 3.852449 3.504234 -1.090628 -2.233236 -7.837354 -11.233534 5.875793 -3.496362 0.774285 10.505806 1.812347 -11.983417 6.752182 9.985848 9.945381 20.070124 -3.677424 -26.552317 -1.522542
-4.958632 5.249235 -25.264902 1.978511 11.852040 0.365697 -8.599431 -1.846039 -5.854415 -21.378313 6.501174 1.525794 3.754204 -0.731151 -1.155838 -7.968303 -11.906096 6.379758 -4.042887 -0.616081 12.165629 1.745245 -7.795323 5.030947 12.606395 9.262821 22.168898 -9.342304 -25.527578 0.644453
-5.719010 5.556595 -27.081636 1.032480 11.740475 -2.074333 -9.668005 -2.992175 -5.502024 -21.938490 6.800685 1.264473 3.019495 -0.472786 -0.669772 -7.804899 -12.236015 6.458697 -4.369703 -1.277357 10.062074 0.298898 -5.347112 1.929958 13.197653 9.769980 22.953962 -11.932534 -25.432064 0.081570
-6.810773 7.278450 -27.520952 -0.466795 11.656370 -4.619278 -9.905295 -3.984634 -5.374728 -21.580666 6.988068 1.008019 2.320667 0.014778 -0.085864 -7.396949 -12.330051 7.110146 -4.925881 -2.214832 7.465941 -1.472479 -3.625240 -0.235091 12.858356 10.319869 23.213472 -13.209434 -25.185717 0.434985
-7.611657 8.208454 -27.643715 -1.480444 11.385692 -6.154881 -10.279725 -4.285581 -4.818105 -20.823332 7.071659 0.439894 1.978518 0.354114 0.845556 -6.696543 -11.778637 8.102591 -5.333696 -2.398172 6.390115 -2.951577 -2.555600 0.138390 12.907274 10.176288 22.767916 -14.841996 -23.935308 0.406405
-9.138836 9.654493 -26.744627 -3.073946 10.942357 -6.610787 -10.138090 -4.315067 -4.664922 -20.514959 7.075824 -0.507665 2.065316 0.464308 2.343084 -5.625646 -10.972895 9.212450 -6.078915 -2.126700 5.884649 -5.784918 -0.689540 0.229778 12.701807 9.380181 21.381844 -17.235945 -23.095854 1.304667
-10.487246 10.630113 -25.874727 -4.383525 10.137974 -6.933834 -10.769620 -3.471592 -5.685283 -20.269258 7.122805 -1.247797 2.747475 0.426279 3.295700 -4.674337 -10.307695 9.881174 -6.681432 -1.740313 6.458774 -6.982885 -0.354530 2.053467 12.044211 9.356245 19.801462 -18.643686 -21.204336 0.725322
-11.605679 12.496523 -24.819199 -4.444993 9.718536 -6.945317 -10.533197 -2.998060 -6.741738 -19.395712 6.835315 -1.838321 3.972998 0.143906 3.739592 -4.126172 -9.649841 10.190420 -6.777478 -1.347910 7.846152 -7.260383 0.147112 3.832327 11.456350 10.034147 18.142622 -19.346451 -19.104069 -0.146221
-11.892526 14.128017 -23.363214 -5.391930 8.086788 -7.292027 -10.945685 -1.357121 -7.317887 -18.571966 6.846670 -2.181341 5.173627 0.039316 4.298922 -3.238717 -8.830246 10.884150 -7.167645 -1.119062 9.008827 -7.807988 -0.629316 5.853803 11.321152 9.800911 17.437490 -19.997267 -17.128088 0.697593
-12.297334 13.982835 -22.175100 -5.490186 5.987249 -6.711534 -10.949199 0.284540 -6.292079 -18.812147 6.879206 -2.296205 6.200089 -0.153383 4.718549 -2.284024 -8.124313 11.366827 -7.619748 -0.899668 9.149313 -8.301989 -1.380598 7.218680 10.945894 9.491652 16.979059 -21.728472 -15.446315 1.927600
-12.248431 14.172812 -20.724142 -5.401027 4.318282 -5.247850 -10.434327 1.673207 -6.283412 -19.607466 6.928483 -2.332108 7.424462 -0.573148 4.605710 -1.409196 -7.595213 11.165434 -8.047803 -0.287932 10.119126 -8.226528 -1.215137 9.664176 11.100767 9.022888 14.924277 -23.084923 -15.056921 2.467278
-12.973325 13.842712 -20.022160 -4.769179 2.460891 -2.984382 -10.453157 2.315087 -6.803748 -20.509230 7.000403 -2.671461 8.520787 -1.024317 4.518208 -0.850975 -7.157720 10.847016 -8.358941 0.794983 11.299610 -8.300092 -1.521297 10.997981 10.133852 7.522700 13.693067 -24.387308 -13.460716 3.003208
-12.623808 12.952555 -18.727232 -4.471090 1.318510 -0.229519 -11.203000 2.429864 -5.898414 -22.300966 7.143555 -3.351661 9.748878 -1.503079 4.090714 -0.644613 -6.728630 10.305206 -8.779023 2.100784 13.016599 -7.477634 -2.269045 13.952601 10.395779 6.976511 10.553164 -24.414669 -13.174111 3.742584
-12.867716 12.832465 -17.348352 -5.981996 -0.878908 2.778085 -12.946677 1.770744 -4.778871 -22.843979 7.125805 -4.284999 10.525952 -1.807081 3.532476 -0.941672 -6.316005 8.909009 -9.082589 2.654079 15.173577 -6.724529 -2.460324 16.521545 10.208081 6.293362 8.529599 -24.697247 -12.001642 5.108552
-13.009135 12.589701 -15.967778 -6.091636 -2.210687 4.135674 -13.950742 1.716693 -4.120774 -22.581377 7.262404 -4.777304 10.970387 -1.922038 3.379645 -1.112588 -5.757894 7.875060 -9.111213 2.264980 16.850187 -5.828597 -2.364412 17.862207 9.874838 6.616110 6.585857 -24.628353 -11.001669 6.147645
-20.671360 6.906846 -7.124743 -6.082340 6.770778 18.852938 -10.607094 0.811638 8.655282 -13.183671 11.158357 2.276388 4.511980 -0.327399 2.671537 1.389449 0.451476 3.263264 -7.893216 0.608234 -1.338660 -5.969793 -8.165778 13.667687 0.484672 1.994535 -2.525784 -13.423470 -19.457121 8.541657
-21.244709 3.504813 -2.839357 -7.100040 8.672844 22.448034 -10.017401 4.918305 11.557504 -8.439039 11.903882 2.393578 3.168360 0.043016 2.640762 0.662934 2.499473 1.715609 -7.011133 -0.214073 -3.844887 -5.328746 -10.222363 13.488088 -2.224277 0.777893 -8.651662 -10.876178 -21.773977 6.711738
-21.437618 0.865925 -0.132280 -7.841950 8.831089 22.739523 -13.560533 9.095000 12.145843 -4.311161 13.022958 2.360420 2.455922 0.469036 2.330395 -0.282841 4.126943 -0.303201 -6.068511 -0.665978 -6.453385 -7.331249 -10.636910 12.869536 -3.475508 1.426089 -10.011633 -7.076412 -20.740681 7.912239
