5.859295 30.909782 -5.885180 12.790531 11.887762 -1.750726 -6.508333 7.170464 -7.284413 -20.322790 4.549899 3.696938 0.480848 -11.257556 5.146776 2.020293 -1.765011 4.210508 -0.257650 -8.964663 6.391742 13.094808 -16.363749 1.839810 0.846273 22.642405 9.012175 -21.986906 -3.788165 12.618670
5.855415 30.977406 -5.825812 12.880003 11.956582 -1.824069 -6.516008 7.067174 -7.470896 -20.622997 4.584776 3.743140 0.476657 -11.282515 5.136806 2.095692 -1.767215 4.252735 -0.263123 -8.909615 6.789057 13.424067 -17.955286 1.611843 1.152495 22.762722 9.665968 -22.316507 -3.577739 12.333667
-1.443934 17.475948 4.534520 21.228369 18.438940 -5.168405 5.974124 13.412024 -10.824458 -24.202473 5.801265 4.955727 -2.117064 -14.304916 -1.744969 2.104976 1.456230 -0.443518 2.418492 -2.573486 9.103268 8.595655 -22.226629 -7.647798 0.944775 26.930555 -7.297209 -13.047827 -4.863433 1.245486
-1.904751 15.713791 6.020687 23.116014 17.854294 -6.339467 5.241746 12.437009 -11.127570 -26.631714 5.808435 5.798275 -1.380098 -14.655239 -1.989058 3.067832 1.453209 -0.880849 1.811394 -1.822098 9.924410 10.700152 -22.245928 -9.622411 2.049776 27.249491 -7.275155 -10.226764 -7.771136 3.153867
-2.384605 14.828239 6.438770 23.513514 18.505594 -5.062879 3.931696 12.107380 -8.823594 -26.455027 6.209394 6.183088 -1.121285 -14.368088 -2.659883 3.094579 1.684311 -1.841417 1.127650 -1.541497 10.212646 12.681541 -22.501827 -10.854717 1.935347 28.159536 -6.750309 -7.506553 -9.310509 3.600424
-3.396756 15.194136 7.535399 25.596750 19.678679 -5.290077 1.445493 11.258910 -6.423255 -25.802691 6.625237 6.796179 -1.430246 -13.981146 -3.468798 3.333638 2.425062 -2.657858 0.377222 -1.648440 9.822134 15.355993 -23.300213 -11.978602 1.915151 29.404142 -7.037572 -3.848895 -11.068148 7.199324
-3.934346 15.321411 8.071627 25.668480 20.052599 -5.009889 0.781650 10.854122 -5.703580 -25.411577 6.696984 6.866841 -1.604857 -13.860247 -3.743612 3.416982 2.875803 -2.852166 0.178890 -1.509237 9.652555 15.277519 -23.892397 -12.344180 1.988620 29.542082 -7.924133 -2.804332 -11.032826 8.281103
-3.991911 15.246382 7.979339 25.868605 20.229319 -5.292259 0.522867 10.740973 -5.583662 -25.310312 6.668509 6.941206 -1.658644 -13.861856 -3.821254 3.473892 2.987522 -2.903616 0.131608 -1.406803 9.655038 15.430938 -23.949976 -12.352878 2.102659 29.524347 -7.927627 -2.597470 -11.162291 8.521277
-4.010151 15.268470 8.011580 25.839581 20.263224 -5.187638 0.474555 10.728116 -5.472207 -25.300650 6.650562 6.938559 -1.672005 -13.863378 -3.841960 3.481200 3.024652 -2.904407 0.107160 -1.416104 9.660541 15.501343 -23.886335 -12.272046 2.068240 29.508635 -7.853796 -2.610722 -11.140800 8.571598
-3.998227 15.260430 8.020610 25.863485 20.221428 -5.110714 0.536090 10.797166 -5.504980 -25.303812 6.654627 6.940721 -1.677163 -13.868610 -3.835602 3.489126 2.990490 -2.906257 0.089654 -1.451013 9.668580 15.490574 -23.889997 -12.277563 2.037417 29.488342 -7.860569 -2.588799 -11.168938 8.545957
-4.012896 15.243139 8.030626 25.867624 20.257605 -5.105428 0.555312 10.856481 -5.456148 -25.221327 6.645044 6.940403 -1.668838 -13.885484 -3.826833 3.496193 2.998821 -2.903193 0.117049 -1.450853 9.672545 15.497581 -23.891108 -12.337966 2.080436 29.539150 -7.849841 -2.548989 -11.176471 8.547833
-4.021429 15.256991 8.001541 25.880020 20.272593 -5.171503 0.526373 10.740688 -5.492690 -25.282171 6.649082 6.945581 -1.663711 -13.888380 -3.831218 3.508704 3.015984 -2.901064 0.098611 -1.418482 9.669835 15.462269 -23.905867 -12.288695 2.077546 29.509413 -7.880332 -2.580030 -11.136541 8.517219
-4.003279 15.246091 8.022467 25.879107 20.245073 -5.159094 0.508547 10.749589 -5.475880 -25.298170 6.649868 6.947166 -1.673203 -13.883739 -3.828732 3.496582 3.014671 -2.900605 0.105462 -1.427034 9.662289 15.485017 -23.910265 -12.313022 2.056577 29.531635 -7.892777 -2.571679 -11.111021 8.582034
-4.031511 15.251233 8.034642 25.861086 20.280092 -5.117013 0.532220 10.731755 -5.458159 -25.301523 6.653021 6.949938 -1.660757 -13.869278 -3.822234 3.504259 3.011890 -2.898693 0.096177 -1.431548 9.653802 15.491109 -23.898500 -12.239549 2.056901 29.500135 -7.872185 -2.590611 -11.137897 8.544959
-4.024502 15.243507 8.030543 25.865982 20.242126 -5.100784 0.499090 10.744638 -5.454033 -25.317429 6.646852 6.938495 -1.664666 -13.869442 -3.819770 3.493616 3.020631 -2.901577 0.102968 -1.445847 9.681249 15.517992 -23.890291 -12.257471 2.026372 29.494457 -7.881976 -2.594592 -11.138939 8.558600
-4.055724 15.227319 8.058678 25.886244 20.306551 -5.030562 0.578343 10.833866 -5.413106 -25.245413 6.644973 6.939590 -1.666017 -13.877502 -3.814603 3.494850 3.007761 -2.897099 0.122150 -1.448768 9.776918 15.857521 -25.499710 -12.089990 1.922943 29.350710 -7.203306 -2.527438 -11.058184 8.183681
-4.036608 15.225455 8.054324 25.895437 20.291035 -5.013548 0.579419 10.850824 -5.426394 -25.256546 6.647241 6.926240 -1.680583 -13.889174 -3.815398 3.495296 3.005176 -2.901105 0.120127 -1.450357 9.776322 15.875570 -25.493387 -12.083407 1.907684 29.334497 -7.199492 -2.546778 -11.073952 8.181242
-4.029238 15.251230 8.044284 25.859613 20.256918 -5.094308 0.527005 10.786740 -5.493486 -25.322802 6.646830 6.916646 -1.685780 -13.883108 -3.827483 3.482773 2.984792 -2.901299 0.108689 -1.456936 9.790695 15.856353 -25.501913 -12.119895 1.914953 29.342329 -7.246487 -2.542111 -11.091986 8.144212
-3.988111 15.266712 8.023635 25.849802 20.220610 -5.142258 0.497323 10.790116 -5.513514 -25.318777 6.648068 6.924520 -1.677259 -13.884247 -3.812143 3.491345 2.993647 -2.902849 0.121212 -1.462314 9.808744 15.870594 -25.490717 -12.139659 1.940903 29.373896 -7.231027 -2.509184 -11.078772 8.160954
-4.020586 15.257318 8.047994 25.836588 20.243975 -5.132429 0.453618 10.745252 -5.467026 -25.328630 6.645359 6.946298 -1.686695 -13.892046 -3.820963 3.503013 3.004141 -2.898876 0.113670 -1.439126 9.832741 15.892071 -25.494551 -12.107415 1.916264 29.373528 -7.262162 -2.509197 -11.062404 8.141536
-3.996821 15.261267 8.028589 25.848532 20.221764 -5.125345 0.487240 10.768716 -5.496922 -25.322657 6.640373 6.936900 -1.668420 -13.882708 -3.819484 3.484580 2.993074 -2.901798 0.125593 -1.465471 9.815875 15.891953 -25.484644 -12.112914 1.925807 29.370867 -7.241542 -2.515773 -11.067539 8.144166
-3.979272 15.253086 8.027087 25.856655 20.247637 -5.150268 0.519886 10.787856 -5.503892 -25.315708 6.643965 6.935511 -1.664259 -13.878819 -3.822637 3.484365 2.997114 -2.904258 0.122454 -1.464633 9.801369 15.833616 -25.489775 -12.107617 1.921811 29.354481 -7.213750 -2.511798 -11.034253 8.158694
-7.002593 9.544466 5.034410 24.333364 13.798709 0.276974 -2.983847 10.514255 -5.528931 -25.195433 7.933816 6.969744 -0.357723 -12.136463 -3.193824 3.403001 1.900961 -4.435233 -0.211952 -0.248890 12.752430 14.501889 -25.916815 -10.275178 4.861249 27.046108 -4.125027 2.667741 -16.463379 6.983369
-7.312765 6.459927 5.076997 23.246954 11.781807 3.352538 -3.617573 11.363363 -5.385521 -27.469666 8.751914 6.601978 1.148044 -11.266070 -2.914465 3.282955 1.369089 -5.154741 -0.746216 1.327958 16.240877 14.507587 -25.410059 -10.063634 5.217422 24.774305 -3.492614 5.892660 -19.335138 6.860806
-7.095439 2.918694 5.507609 21.223925 11.055922 6.206577 -3.936474 12.227115 -5.338141 -30.431356 9.251838 6.898010 1.651442 -10.744598 -2.812407 3.344436 0.974359 -5.433939 -0.907036 2.380529 18.957354 14.506948 -25.303221 -8.800488 5.773577 22.708929 -3.344404 7.159466 -21.179562 6.700171
-5.842274 0.439287 4.858374 20.307024 12.441482 6.983775 -4.439818 12.779002 -4.291852 -32.666344 9.689576 8.168673 1.542783 -10.244333 -2.948417 3.457551 0.545564 -5.713793 -0.578366 3.065334 20.410734 13.023244 -24.632479 -7.549076 7.772287 21.844107 -2.960971 8.699443 -23.585541 5.033872
-3.199428 -3.041444 4.117465 16.614740 14.188398 10.364637 -2.301465 17.064789 0.340962 -29.000591 9.907460 8.035663 2.151470 -9.664963 -2.716612 3.172558 0.144283 -6.294419 -0.479401 3.749544 19.290945 12.828106 -24.457724 -2.708830 3.335393 18.716330 -2.279732 11.605147 -24.297632 1.767540
-3.180742 -5.577686 3.064126 13.875367 13.918663 12.196938 -1.350936 17.624195 1.120918 -29.858385 10.177934 7.843408 2.440085 -9.073203 -2.104172 2.872697 -0.573954 -6.728495 -0.503628 4.309149 20.024555 11.784722 -22.115061 -0.867946 3.582866 16.960367 -3.023686 11.573146 -25.556246 -0.076531
-3.960437 -7.626376 1.252596 12.876122 14.588318 12.566768 -1.006393 16.013754 1.420535 -30.155504 10.389899 7.664846 2.394284 -8.401349 -1.780158 2.350466 -1.397056 -7.068798 -0.439232 4.494687 19.523161 9.998000 -20.273722 -0.659583 4.031411 15.479291 -3.117464 11.607041 -26.620138 -1.644892
-4.052973 -9.284542 0.153799 10.536419 15.754630 12.674420 -0.457328 16.088333 1.568491 -30.215578 10.522243 7.533301 2.997065 -7.431112 -1.845848 1.411007 -1.690727 -7.291574 -0.360724 5.146752 18.558506 8.871454 -19.477739 2.146347 3.699125 14.199366 -3.466640 11.900526 -27.488455 -3.879894
-3.977035 -11.593707 -0.774446 8.107581 16.293793 13.917723 1.167863 16.346718 1.534197 -29.987608 10.832208 7.711451 3.013085 -6.656127 -1.597191 0.902223 -1.913252 -7.287931 -0.103139 5.583948 17.939220 6.855514 -16.601263 4.247102 2.866205 12.613747 -4.641680 11.269935 -27.310087 -5.831481
-5.145734 -12.878378 -2.523103 7.813883 16.746214 14.201793 2.133497 14.984210 1.618896 -28.858248 10.948766 7.784178 3.121183 -5.896754 -1.117736 0.625321 -1.883345 -7.617590 0.315601 5.690514 17.508848 5.078357 -15.554109 4.751302 3.064489 11.650381 -4.217628 12.025426 -28.039663 -5.976080
-6.581295 -15.061155 -4.572627 4.831679 15.100536 17.079340 4.861221 14.596687 1.337224 -26.844248 11.234220 6.909108 2.800897 -5.465847 -0.085386 0.269862 -1.428245 -7.636438 1.064031 6.057093 17.476141 2.090547 -13.371035 6.631577 2.389804 8.747452 -6.562723 10.665837 -28.175497 -7.978825
-7.296705 -17.954332 -5.953588 1.342324 12.963903 19.021166 6.365961 15.180999 -0.184186 -24.881004 11.808854 5.804720 2.667343 -5.155606 1.080748 0.034234 -1.029039 -8.032772 2.585645 6.112144 16.139425 -1.143622 -9.829298 8.510983 1.071504 6.593146 -8.749091 9.925750 -27.673096 -10.478627
-8.732093 -20.367283 -8.180692 -2.812082 9.689140 19.381895 7.632032 14.884687 -3.081941 -22.420187 11.972563 4.646647 2.705897 -5.018177 2.063679 -0.830015 -0.757873 -8.417685 4.429713 6.760880 15.087087 -4.963690 -7.105730 11.370221 0.607174 5.138782 -11.083614 7.542446 -25.536253 -13.293023
-9.776399 -21.351536 -14.827313 -4.411925 1.091826 19.513601 6.147397 14.238500 -8.365409 -14.567623 11.892023 2.432571 3.181659 -5.245922 3.926931 -1.438993 -0.939321 -8.845948 6.716790 6.595767 14.105680 -6.503821 -3.602132 14.952598 -0.615577 5.921483 -10.944779 4.800502 -22.633081 -18.763227
-9.887490 -20.385033 -20.857027 -3.153422 -3.088833 18.473852 5.297962 13.393550 -13.188103 -8.793237 11.253144 0.765256 3.683152 -4.973492 5.350138 -2.261950 -1.546288 -8.230529 8.085332 5.678163 13.963761 -7.014779 0.133041 16.408895 -1.584177 6.697731 -9.553464 2.994658 -20.988455 -22.604921
-9.527383 -18.250111 -25.832005 -2.412715 -6.031661 17.424282 4.757124 12.599404 -17.274965 -4.161989 10.742053 -0.982644 4.712693 -4.996727 6.865270 -2.711257 -2.434252 -7.161549 9.241598 4.860108 13.099841 -7.440499 3.300725 18.280094 -1.480372 8.078989 -7.225493 1.008289 -19.865278 -24.132439
-7.677800 -13.477922 -30.986816 0.788314 -7.356716 14.880572 2.863540 11.513880 -20.322855 0.718394 10.534835 -3.611479 5.987104 -5.063244 8.932362 -2.461537 -3.754986 -5.980803 9.763292 3.697538 12.411742 -8.098557 8.517325 19.821617 -1.377153 9.238495 -2.923724 -1.449259 -17.434977 -24.206558
-5.914911 -10.578050 -32.455940 2.224880 -7.536501 13.905213 2.091474 10.943292 -20.656025 1.812513 10.282018 -4.614200 6.450266 -4.739869 9.977495 -2.374685 -3.744945 -5.698262 9.569306 2.457854 13.317682 -8.220850 10.881244 21.123835 -1.414345 9.645954 -0.679675 -2.437690 -15.465431 -23.394691
-5.807955 -10.344277 -32.409916 2.179805 -7.517127 13.651044 2.201776 10.878810 -20.373283 1.871517 10.425952 -4.511446 6.474658 -4.713956 10.006974 -2.318036 -3.768342 -5.689706 9.701577 2.453752 12.989741 -8.435416 11.295617 20.814342 -1.631126 9.481449 -0.428357 -2.558623 -15.473774 -23.202236
-6.093288 -10.605132 -32.464142 1.753408 -7.323283 13.668540 2.173855 10.811836 -20.819998 1.780069 10.303567 -4.494299 6.335899 -4.734669 9.996147 -2.315187 -3.873233 -5.558453 9.622989 2.610144 13.131935 -8.489746 11.008380 20.684958 -1.481189 9.435388 -0.410880 -2.415748 -15.600576 -23.288036
-8.428584 -11.187041 -31.524744 0.135720 -5.993406 13.242326 3.671806 9.273288 -21.064215 1.465273 10.452645 -3.145409 5.105912 -4.357433 9.624292 -2.587121 -4.204829 -4.653731 10.029399 3.303824 9.963182 -9.560184 9.205120 18.903919 -1.097909 9.083645 -0.573891 -2.193326 -16.789328 -23.761013
-11.133628 -14.384240 -28.243551 -3.242795 -3.940573 13.976930 6.970097 7.956491 -19.354418 -1.306581 10.583212 -0.835245 2.843142 -4.287042 8.406856 -2.759960 -4.060964 -4.287493 10.321824 4.710936 8.596265 -10.800574 4.968069 15.866230 -0.791907 8.015227 -2.095820 -0.301756 -19.396988 -24.414864
-12.958108 -16.147808 -24.341440 -5.312895 0.238235 13.727387 9.918012 7.463395 -17.079885 -4.381932 10.705120 1.595814 1.084415 -3.781738 6.978303 -2.936707 -3.195740 -4.956472 9.962279 5.782940 8.055508 -12.416516 1.087990 13.295518 -0.331505 5.883408 -2.373128 1.645917 -21.239618 -23.551163
-14.113711 -16.508881 -20.623302 -6.790312 5.104111 13.531323 12.874795 6.162490 -14.858317 -7.272641 10.876866 3.607054 -0.644598 -3.768148 6.301262 -2.701313 -2.951493 -4.653806 9.627829 6.255374 7.385016 -13.509821 -1.168899 10.883964 0.797542 5.529624 -1.926485 4.251887 -23.362631 -22.236677
-15.210584 -15.806894 -17.200520 -8.373034 9.481174 13.491317 15.069746 4.843695 -13.646766 -9.830414 10.974154 5.124690 -2.045496 -3.482177 5.669990 -2.639042 -2.633211 -4.176533 9.155792 6.693461 7.294352 -15.427785 -3.641803 9.312507 1.920264 4.588563 -0.645555 5.525204 -24.073521 -20.674116
-16.588322 -14.627245 -14.442859 -10.145325 12.283804 12.944934 16.309177 3.556503 -12.701991 -11.721268 10.620498 6.166107 -2.797219 -3.003863 5.814672 -2.454123 -2.188659 -3.368161 8.429143 6.773187 7.034271 -16.836016 -6.154075 7.911356 2.998527 3.573268 0.175060 5.876226 -24.047232 -18.937908
-17.430319 -12.703976 -11.403474 -10.994549 15.184257 12.620743 17.853693 2.997933 -12.599284 -12.657025 10.534568 7.013904 -3.262399 -2.731472 5.910614 -2.231579 -1.403461 -2.206430 8.198885 6.919426 6.792831 -18.171318 -8.402923 7.638491 4.000295 3.381886 1.408561 6.208672 -23.440023 -16.675812
-18.519812 -10.501769 -9.332956 -12.662486 16.101799 12.399577 18.339407 3.538696 -12.687164 -13.034384 10.611480 7.314461 -3.005875 -2.720981 6.629033 -1.324141 -0.688717 -1.059603 7.830100 7.093870 6.517117 -19.490541 -10.153356 6.985195 3.770459 3.087467 1.579864 4.692584 -22.321478 -15.081956
-19.609201 -9.893442 -9.456586 -13.728580 13.275201 12.797934 16.801249 4.800348 -13.718871 -10.937111 10.582690 6.996467 -2.314510 -2.876670 7.067066 -0.961339 -0.410057 -0.437851 7.829705 7.456321 6.350294 -19.295025 -10.358523 8.836526 3.409928 3.931226 0.694863 3.583393 -21.050722 -15.075376
-19.985762 -9.566204 -9.825099 -14.797472 10.252151 12.782268 15.552653 6.328378 -14.076297 -9.201933 10.360179 6.486994 -1.625879 -3.078487 7.830126 -0.410104 -0.244818 -0.172463 7.555250 7.761682 5.929688 -19.729139 -9.461116 10.735863 3.475352 4.492480 -0.471057 1.928518 -19.792137 -14.475020
-20.210192 -8.895741 -9.732873 -14.965345 7.162813 14.627736 14.555348 7.312758 -14.444446 -8.019283 10.360507 5.922321 -0.740231 -3.311541 8.054526 0.092722 0.157303 0.043539 7.173032 8.024182 6.437303 -20.126551 -9.003718 12.482211 2.938766 4.311007 -1.216826 0.798875 -18.505165 -13.460415
-19.705429 -7.830804 -7.513024 -15.636532 6.921066 14.738120 14.516377 8.864606 -13.706567 -9.010976 10.143775 6.237727 -0.211461 -3.368370 8.213356 0.574079 0.998495 0.385965 6.681602 7.957345 7.685894 -20.689299 -9.724745 12.979191 3.091708 3.520622 -1.298370 1.078151 -17.850397 -10.278101
-18.800190 -7.845633 -6.715826 -14.264899 5.117329 16.692902 14.389094 9.805182 -13.850439 -8.976089 9.866037 5.202585 0.263406 -3.713946 8.340616 0.534085 1.445914 0.153129 6.599532 7.858862 9.976503 -20.098854 -9.286856 14.441560 2.589644 2.915080 -1.906035 1.452299 -17.167635 -9.051174
-17.605072 -7.205571 -2.587666 -12.453347 6.226393 18.467810 15.265648 11.917682 -12.526587 -12.849224 9.180491 4.733354 1.362891 -3.955410 7.904059 0.201171 2.199980 -0.303657 5.941865 8.211769 13.152146 -18.849010 -11.421334 14.754785 3.062008 3.025855 -2.358132 2.146044 -16.721813 -7.283162
-16.743845 -9.064471 -3.541734 -11.565109 2.294554 19.815115 13.928996 14.660031 -13.162473 -12.713320 8.988194 3.802423 2.671137 -3.994742 8.471535 0.212391 3.197671 -1.183830 5.805842 8.313554 15.478990 -17.475250 -10.635628 16.794487 2.026400 1.719611 -4.326305 1.836017 -15.898364 -7.990559
-16.075138 -10.178459 -3.238501 -11.075645 -0.062453 20.832209 13.575481 16.866173 -12.751655 -12.591347 8.866883 3.500129 3.367546 -4.128016 8.244501 0.026087 3.741477 -1.833268 5.683449 8.231512 17.116072 -17.037725 -10.547814 18.428598 1.083851 1.441338 -6.401953 1.239609 -14.523174 -7.700238
-16.684149 -10.979080 -5.268210 -11.029629 -2.043535 21.360399 12.495242 16.563309 -13.228538 -11.079654 8.773812 3.044925 3.413046 -4.130928 8.332899 -0.225563 3.530918 -2.103476 5.912545 7.983260 17.138237 -17.007292 -9.194730 19.512737 0.926300 1.846484 -6.793666 0.433474 -14.107052 -8.899980
-17.044897 -11.076689 -5.700146 -10.993010 -2.422775 21.771463 12.480204 16.438004 -13.315921 -10.481422 8.807446 3.039582 3.427285 -4.205776 8.351308 -0.168393 3.612559 -2.080881 5.952017 7.982208 17.194952 -16.835833 -8.888338 19.693203 0.769600 1.902907 -6.911777 0.269744 -14.108908 -9.126749
-16.908955 -11.095469 -6.067549 -10.878946 -2.591083 21.738535 12.445562 16.466572 -13.579268 -10.233790 8.832019 3.005008 3.429954 -4.212738 8.405441 -0.185222 3.543581 -2.180973 5.982169 8.028455 17.067749 -16.757965 -8.755395 19.801216 0.632698 2.033520 -7.014790 0.019470 -14.000351 -9.235896
-17.049038 -10.995913 -6.153678 -10.628918 -2.701394 21.617563 12.537579 16.355186 -13.623936 -10.124160 8.795791 2.834217 3.422929 -4.252467 8.459023 -0.079135 3.561324 -2.318822 5.989901 7.994574 17.123730 -16.837076 -8.700674 19.950356 0.675445 1.958352 -6.968347 -0.127429 -13.898136 -9.297134
-22.262276 -0.135663 3.861685 -12.331633 -0.534218 10.540482 12.779396 10.372602 -24.961069 -16.133690 5.737238 4.900640 -1.481489 -5.933320 9.552394 -0.807024 2.958307 1.031270 7.136958 8.199490 17.422194 -20.317202 -14.678006 7.519478 8.659849 9.679029 -2.661048 -2.379935 -11.514969 -11.293952
-23.849930 2.822796 1.800160 -19.939875 -2.386805 9.653464 9.082982 12.718770 -22.386337 -6.908595 5.084390 4.608877 -2.413468 -5.854060 9.860641 -1.948336 2.856056 1.256846 7.861293 8.055859 13.474364 -21.577959 -11.978693 11.187297 3.492580 9.754850 1.984408 -0.330668 -7.712739 -10.511315
-22.312712 2.451381 0.800061 -22.970768 -2.498558 10.115060 10.884898 15.452279 -21.134567 -2.180574 5.681612 4.919749 -2.380382 -5.898434 9.488178 -1.526301 2.810570 1.493727 7.811092 7.974810 12.908148 -21.810495 -11.320037 13.200334 1.273281 9.317290 2.771878 0.214138 -5.840750 -12.237273
-22.661850 2.494024 0.720142 -22.974165 -2.725247 10.277638 10.818002 15.081954 -20.989668 -2.401495 5.665919 4.762366 -2.238486 -5.854656 9.631290 -1.672014 2.717520 1.633583 7.838748 7.981937 12.967919 -21.873663 -11.378181 13.077439 1.439490 9.289953 2.885256 0.101588 -5.972651 -12.122003
-22.801647 2.475101 0.673428 -22.864737 -2.815909 10.112737 10.539559 15.029681 -21.108164 -2.237104 5.579755 4.815026 -2.260585 -5.860129 9.624605 -1.711389 2.726000 1.588720 7.855305 8.042842 13.088397 -22.022852 -11.190822 12.878065 1.483264 9.271124 2.971251 0.195331 -6.051208 -12.186753
-22.941969 2.272882 0.202670 -22.897245 -3.169668 10.300288 10.493416 14.878194 -21.425047 -2.086015 5.515546 4.756139 -2.058492 -5.876733 9.749170 -1.706643 2.756303 1.690990 7.932696 7.940945 12.848405 -21.863266 -11.077309 12.904433 1.282050 9.251873 2.831694 0.129505 -6.248578 -12.114993
-23.072144 2.297884 0.032556 -22.998724 -3.319143 10.210172 10.217629 14.917150 -21.655014 -1.860793 5.458756 4.706949 -2.156756 -5.892213 9.777660 -1.718845 2.768022 1.683559 7.970085 8.032852 12.873195 -22.009699 -11.077260 12.962114 1.267561 9.297230 2.797366 0.109802 -6.145970 -11.984977
-23.061846 2.440035 -0.190640 -22.780912 -3.365992 10.683496 10.217370 14.569449 -21.887190 -1.827943 5.363764 4.574371 -2.083149 -5.822864 9.935753 -1.773979 2.664965 1.788859 7.967282 7.995208 12.757491 -22.292280 -10.958114 12.932769 1.427052 9.291542 2.888773 -0.241916 -6.283071 -12.092459
-23.344185 2.517716 -0.702630 -22.641500 -3.731018 10.807321 10.041291 14.343074 -22.043390 -1.431479 5.425655 4.666103 -2.070984 -5.813929 9.956743 -1.707058 2.669767 1.777022 8.015700 7.902130 12.609837 -22.320559 -10.608708 12.859530 1.477908 9.377701 2.781765 -0.207564 -6.386329 -12.046819
-23.326180 2.547141 -0.737515 -22.683069 -3.749537 10.878297 10.126514 14.354594 -22.114714 -1.446791 5.395256 4.633907 -1.999910 -5.796226 9.974895 -1.734261 2.719893 1.802211 8.022105 7.907797 12.568727 -22.286606 -10.568233 13.021674 1.360403 9.351339 2.827222 -0.134292 -6.361671 -11.970648
-23.516205 2.543792 -0.962817 -22.485918 -3.985728 10.893959 10.065366 14.299745 -22.244654 -0.964807 5.440165 4.536864 -2.111693 -5.869394 9.954139 -1.799996 2.753913 1.777894 8.143765 7.996084 12.570796 -22.296968 -10.346891 13.131214 1.386594 9.408846 2.767257 -0.174016 -6.308427 -12.136124
-23.555775 2.460997 -0.995748 -22.472631 -4.147150 10.871112 10.052526 14.227578 -22.220064 -1.009596 5.418253 4.590036 -2.053356 -5.844682 10.008180 -1.795120 2.704210 1.773567 8.155763 7.938187 12.853023 -22.609665 -10.412551 13.210147 1.515565 9.282819 2.881752 -0.219003 -6.177328 -11.944897
-23.516762 2.477223 -1.134380 -22.487785 -4.194993 10.913953 10.029399 14.232838 -22.393309 -0.872975 5.449243 4.556749 -2.118729 -5.844536 10.018690 -1.803714 2.651838 1.777933 8.170955 7.987557 12.753581 -22.623966 -10.217173 13.161473 1.489074 9.350064 2.758612 -0.181177 -6.121701 -11.961693
-23.452917 2.545517 -1.183733 -22.518274 -4.320485 10.849856 9.954553 14.259525 -22.439817 -0.790749 5.415164 4.517903 -2.124438 -5.818038 10.036130 -1.814717 2.653252 1.765076 8.144477 7.978458 12.739672 -22.601141 -10.127106 13.143657 1.478649 9.432127 2.871771 -0.205165 -6.136040 -11.983421
-23.598379 2.353738 -1.327505 -22.436960 -4.298491 10.893153 9.941770 14.150050 -22.296598 -0.978353 5.440276 4.488624 -2.147035 -5.829788 10.113741 -1.776157 2.600029 1.723693 8.165168 7.978924 12.677499 -22.686758 -9.772885 12.938140 1.557442 9.559187 2.838295 -0.441955 -6.191103 -12.076462
-23.530478 2.504679 -1.322091 -22.271856 -4.199293 10.764082 9.850909 14.012313 -22.367651 -1.128885 5.375431 4.398706 -2.128475 -5.821113 10.169504 -1.811521 2.608130 1.756572 8.150949 7.877900 12.523252 -22.710445 -9.750596 12.683782 1.631809 9.648077 2.776349 -0.503814 -6.240951 -12.024158
-23.462765 2.493544 -1.389650 -22.206553 -4.335596 10.624322 9.861897 14.125811 -22.314507 -1.131121 5.376798 4.396018 -2.023170 -5.752895 10.200281 -1.811851 2.663409 1.773563 8.103129 7.880023 12.586218 -22.518339 -9.562960 12.879579 1.586814 9.604750 2.600949 -0.494537 -6.265264 -11.974261
-23.383549 2.591811 -1.343017 -22.279627 -4.270378 10.612283 9.717228 14.132883 -22.423567 -1.063999 5.342587 4.329495 -2.011309 -5.721722 10.191392 -1.891862 2.612955 1.703732 8.069388 7.824812 12.571387 -22.516272 -9.488796 12.843295 1.592075 9.546755 2.742413 -0.452504 -6.373633 -12.109355
-23.584490 2.533961 -1.499386 -22.130074 -4.602557 10.686837 9.700874 14.025542 -22.405703 -0.909722 5.382598 4.315941 -1.961158 -5.695218 10.240163 -1.866230 2.531869 1.715052 8.064456 7.844358 12.518741 -22.769075 -9.407180 12.827667 1.732195 9.596029 2.813003 -0.487157 -6.364141 -12.133285
-24.422630 2.660532 -4.414881 -20.722176 -6.276728 11.347802 8.303458 12.631622 -23.339996 0.347653 5.131315 3.548268 -1.295939 -5.493287 10.887749 -2.263501 2.242447 1.627582 8.300328 7.684791 12.152390 -22.764053 -7.512808 12.834224 2.338133 9.495478 3.500477 -1.810356 -6.729923 -11.607678
-25.151793 3.034772 -8.344687 -19.005379 -7.725831 11.066329 6.181120 10.394289 -24.243315 1.724463 4.531128 2.248473 -0.493166 -4.866180 11.872847 -2.963163 1.250085 1.793669 8.496903 7.113330 11.228266 -23.266611 -5.357130 13.072453 3.280265 9.676804 5.159328 -3.064689 -7.344702 -11.058678
-25.373051 3.438387 -11.471618 -17.186047 -9.117241 11.020723 4.663508 8.954809 -24.671118 3.177577 4.325898 1.214483 0.431836 -4.527015 12.556012 -3.298318 0.923231 1.772098 8.619390 6.451420 10.920527 -23.610826 -3.509941 13.164363 3.843734 9.701695 6.552541 -4.572932 -7.429360 -11.046210
-24.952269 4.270064 -13.646760 -14.990406 -9.845040 10.512005 3.374038 7.743581 -25.056915 4.330615 4.189786 0.397047 1.160535 -4.161885 13.246840 -3.492809 0.320295 1.753329 8.712126 5.924844 10.068784 -23.637918 -2.107017 12.942213 4.775669 10.213863 7.353748 -5.836287 -8.099898 -10.246473
