10.366994 29.501354 -6.635616 6.421031 14.084642 4.067393 -1.303345 14.123865 0.955640 -7.276832 -3.571643 6.318203 -0.537674 -9.679296 9.838881 0.029222 -1.818516 -0.173975 -4.995006 -6.129983 1.765047 15.037619 -10.182222 -0.060539 -29.453627 6.364405 11.317031 -16.434296 2.241967 9.799887
10.414840 29.510551 -6.569454 6.460434 14.159617 4.102916 -1.257012 14.124320 0.934274 -7.401958 -3.602689 6.383662 -0.547654 -9.659838 9.843012 0.032460 -1.834430 -0.212041 -5.022572 -6.102200 1.847222 15.207791 -10.575433 -0.099037 -29.600008 6.271892 11.377026 -16.409224 2.231929 9.614002
9.325433 11.847075 -11.125329 1.261255 5.653322 18.798449 -5.742989 16.028843 2.963001 -16.728708 -0.278284 6.802944 2.909056 -5.843659 10.017456 -0.260664 -4.500235 -3.390140 -6.718211 -0.476003 14.397726 13.702708 -9.365668 6.577618 -21.869928 -1.451635 14.289966 -4.082048 -12.817188 5.835004
5.354243 4.938529 -9.116095 -1.524623 11.920490 18.392656 -6.083420 15.095972 7.065896 -19.682697 4.345547 6.617659 2.096013 -5.144654 6.874525 -0.432139 -4.855089 -3.956782 -4.966443 0.796431 14.854334 10.756397 -10.407750 4.188298 -21.287609 -6.675481 8.827895 -2.761311 -18.832926 1.495987
2.900371 2.281420 -8.799216 -4.679851 14.795200 18.212225 -6.505428 13.152568 7.785905 -20.468369 5.621448 6.695155 1.718383 -3.628545 6.362259 -1.229988 -3.992577 -4.747518 -4.614458 0.870770 11.608300 7.290040 -10.249978 3.205555 -19.291483 -7.310105 8.511153 -2.333153 -21.381224 0.636103
1.647909 1.356805 -9.214289 -6.462744 16.454836 17.007273 -7.429252 12.520328 8.312282 -20.160170 6.028563 6.808251 1.448684 -3.053610 6.154157 -1.671884 -3.851435 -4.850357 -4.176909 0.744245 9.969493 5.450534 -9.958167 3.159289 -18.645878 -7.319116 8.721801 -3.120490 -21.734015 -0.507528
3.089381 2.102812 -11.343140 -8.795385 17.418192 11.781014 -8.778560 12.869830 8.377110 -21.051733 5.241014 6.707185 1.881136 -2.510955 6.788764 -2.496548 -4.981589 -4.845213 -3.940879 -0.014171 10.899774 6.604276 -7.955407 0.787091 -20.443285 -8.414823 10.682225 -4.679362 -20.917843 -2.639469
4.441016 1.968350 -13.447215 -9.853552 18.048658 7.452923 -9.526988 13.370797 9.360335 -21.225832 4.394734 6.899995 1.911516 -2.063228 7.494441 -3.071415 -5.997845 -4.618787 -4.019011 -1.218637 10.850838 7.164595 -4.500856 -0.521240 -21.980267 -8.924350 12.429963 -6.839908 -19.743061 -5.052426
5.501712 3.203235 -16.716707 -10.522191 17.942955 2.399579 -10.145829 13.341361 9.197230 -20.422083 2.783436 7.499441 1.913147 -0.998452 8.746339 -3.545113 -6.741253 -4.152687 -4.723876 -2.631992 10.261352 7.611081 -2.207877 -2.258151 -23.829012 -9.386757 16.111967 -9.713431 -17.678152 -7.055959
5.483054 4.521708 -17.110899 -11.497505 18.463091 -0.818372 -10.135037 13.396241 9.725088 -19.528154 1.197151 7.443446 2.118164 0.108577 10.190999 -3.815331 -6.760578 -3.709870 -6.118609 -3.257066 8.668759 6.367933 0.283329 -2.090317 -24.293755 -10.666250 16.956926 -13.131524 -15.781428 -7.290147
4.159910 7.204402 -19.350349 -11.043184 17.660238 -2.421651 -11.747968 12.075290 9.934547 -16.848402 0.996496 7.264357 2.998242 0.896834 10.712812 -3.347824 -6.398851 -2.823310 -7.705428 -4.025081 3.643346 6.193919 1.763126 -2.322396 -23.067377 -9.145882 17.930769 -15.400046 -15.611835 -4.486626
4.158864 9.274769 -20.318499 -11.287132 17.208742 -3.134015 -12.915523 11.616611 9.663206 -15.650677 1.046380 7.306037 3.640008 0.992330 10.694590 -3.002806 -6.307492 -2.532207 -8.510856 -4.224774 1.664821 6.893927 2.118057 -2.409282 -22.676781 -7.594765 18.537186 -16.440470 -15.424820 -4.319576
3.925143 9.884738 -20.439825 -11.567105 17.235254 -3.451506 -13.175334 11.297343 9.676671 -15.619230 0.993859 7.347661 3.645700 1.023144 10.684822 -2.993612 -6.258895 -2.446629 -8.622064 -4.355399 1.225858 6.780526 2.063251 -2.477365 -22.618547 -7.328658 18.773283 -16.803518 -15.209620 -4.412227
3.859010 9.925570 -20.397532 -11.441050 17.219971 -3.400308 -13.168456 11.247054 9.679974 -15.568193 1.006004 7.330247 3.748481 1.048856 10.688937 -2.954895 -6.196002 -2.389884 -8.695212 -4.299603 1.200480 6.896665 1.943399 -2.400154 -22.602129 -7.255415 18.783875 -16.753498 -15.245565 -4.411144
3.888720 9.891687 -20.436522 -11.414114 17.288330 -3.430590 -13.250159 11.297149 9.717416 -15.650949 1.011368 7.337718 3.748811 1.036847 10.679842 -2.939740 -6.195172 -2.409497 -8.692470 -4.306989 1.224679 6.906993 1.933078 -2.421467 -22.593676 -7.218650 18.792295 -16.793077 -15.238153 -4.447102
3.879761 9.852734 -20.434454 -11.421122 17.286440 -3.438870 -13.251657 11.314996 9.727606 -15.662885 1.011325 7.326905 3.751194 1.040500 10.687397 -2.937477 -6.192323 -2.404128 -8.688558 -4.293802 1.268413 6.900929 1.966724 -2.405232 -22.592165 -7.217370 18.780052 -16.764053 -15.215045 -4.425084
3.885228 9.860296 -20.407936 -11.419344 17.270222 -3.424994 -13.265256 11.322320 9.722957 -15.640224 1.010285 7.322539 3.754340 1.040727 10.689939 -2.940932 -6.194254 -2.404173 -8.685946 -4.298879 1.275733 6.884496 1.961322 -2.414149 -22.591425 -7.216115 18.823212 -16.740131 -15.209613 -4.377473
3.883296 9.877291 -20.386362 -11.449441 17.248072 -3.387266 -13.181208 11.291780 9.689559 -15.618662 1.014362 7.316334 3.751506 1.048129 10.696419 -2.940955 -6.200058 -2.390020 -8.693259 -4.304310 1.264241 6.886673 1.961315 -2.415884 -22.598272 -7.213260 18.827700 -16.733324 -15.212203 -4.375094
3.889837 9.876298 -20.388044 -11.456510 17.240980 -3.376012 -13.188809 11.304729 9.688306 -15.628857 1.015351 7.314999 3.744369 1.048068 10.703644 -2.936502 -6.197683 -2.384307 -8.695661 -4.310541 1.295016 6.876753 1.975484 -2.399356 -22.612719 -7.229021 18.819656 -16.762907 -15.195598 -4.402766
3.858169 9.941362 -20.372751 -11.480930 17.231489 -3.354906 -13.216576 11.278177 9.689734 -15.631517 1.016119 7.316123 3.739135 1.046214 10.702835 -2.936910 -6.196039 -2.383958 -8.693034 -4.309304 1.285403 6.888186 2.013811 -2.381235 -22.612797 -7.229715 18.851213 -16.802916 -15.191603 -4.393785
3.900344 9.905390 -20.393732 -11.459618 17.218214 -3.393487 -13.199714 11.320014 9.668902 -15.633755 1.064736 7.287029 3.753754 1.029662 10.678462 -2.919759 -6.194998 -2.346087 -8.649951 -4.332360 1.318981 6.878244 2.008043 -2.407790 -22.579096 -7.217635 18.871637 -16.802425 -15.193126 -4.398480
3.882658 9.908641 -20.380968 -11.476173 17.275383 -3.394148 -13.160461 11.286399 9.711904 -15.640121 0.999566 7.323997 3.723412 1.046439 10.715426 -2.936637 -6.206185 -2.386867 -8.703414 -4.313600 1.281534 6.867700 2.004491 -2.378314 -22.591122 -7.217736 18.833941 -16.791470 -15.218264 -4.411295
-2.802543 7.713201 -15.790870 -16.822126 21.689114 -1.840966 -7.864664 6.985857 9.003428 -17.227673 4.569161 6.529782 2.013804 1.556196 10.868639 -2.063802 -5.114325 0.331153 -5.478239 -3.244821 0.975482 -2.718956 -0.039666 -2.021339 -20.558279 -10.900745 16.464561 -14.505528 -17.714352 -3.288303
-8.183125 5.713683 -12.560916 -18.077761 23.829466 3.130285 -4.999005 4.565815 9.284270 -15.720517 6.598207 6.148650 0.741416 1.877932 9.830137 -1.825575 -3.295527 0.488762 -4.785011 -0.886718 -0.651332 -6.774033 -3.084743 1.083909 -16.656473 -11.594254 13.526876 -11.587213 -20.084894 -1.149439
-11.782444 5.991424 -11.898918 -17.905149 24.507984 7.197800 -0.808058 1.888192 7.792593 -13.445727 7.467121 6.787092 0.442906 2.161520 9.588354 -1.964629 -2.793533 0.591621 -4.202338 0.417222 -1.060517 -9.797444 -4.911528 2.184057 -14.925227 -11.097338 11.501878 -9.348735 -22.209379 -1.606308
-13.321214 4.772378 -10.438672 -19.395941 23.762131 9.655707 -0.078502 1.538336 8.076031 -13.395735 8.170159 7.126192 0.238320 2.461289 9.367413 -1.912755 -2.074687 0.366988 -3.821048 0.738508 -2.200870 -13.107219 -4.327448 4.670744 -13.598234 -12.205263 10.902954 -9.213399 -21.837831 -0.096164
-13.918705 4.211907 -9.980010 -20.281330 23.241150 10.953789 -0.865685 1.549984 8.420704 -12.927476 8.567521 7.019624 0.084303 2.627311 9.103683 -2.090069 -1.669882 -0.147502 -3.892461 0.596798 -3.330468 -12.728380 -5.558027 5.322330 -13.062847 -12.128414 10.325772 -9.078690 -22.482584 -0.249315
-14.504046 3.504924 -9.789621 -20.415848 22.523741 11.716011 -1.539778 1.612483 8.935128 -12.393616 8.792353 7.051110 -0.051893 2.671971 8.882396 -2.215082 -1.470127 -0.271293 -3.830095 0.573751 -3.825532 -12.648578 -6.144225 5.742766 -12.147787 -11.896915 9.722104 -9.394286 -22.978432 -0.087463
-15.000485 2.765103 -9.181184 -21.381783 22.355957 12.422692 -2.181993 1.768938 9.237651 -12.523348 8.926784 7.079925 -0.206440 2.676815 8.748907 -2.284406 -1.168792 -0.633146 -3.701144 0.572638 -4.655739 -12.234760 -6.645202 6.063933 -11.859690 -11.893297 8.770294 -9.452334 -23.307371 -0.276511
-15.274019 2.024013 -9.016532 -22.274542 22.160288 12.726327 -2.988750 1.888020 9.539809 -12.805784 9.150825 7.071497 -0.247764 2.733553 8.581486 -2.364381 -1.021289 -0.914727 -3.758477 0.596431 -5.053113 -12.173801 -6.774525 6.702363 -11.643332 -11.756087 8.489812 -9.709722 -23.230450 -0.525646
-15.478025 1.514758 -8.984767 -22.209578 21.624771 13.313567 -3.212470 1.969737 9.937075 -12.723776 9.210414 7.126914 -0.378084 2.784974 8.481375 -2.378306 -0.843443 -1.112170 -3.643736 0.495872 -5.460076 -12.084826 -6.855857 6.870869 -11.535176 -11.659843 8.127524 -9.640609 -23.434134 -0.489168
-15.802630 0.995461 -8.608150 -22.345499 21.523378 13.667420 -3.404913 2.079592 10.192662 -12.797163 9.250342 7.105017 -0.503947 2.719997 8.329816 -2.569445 -0.702963 -1.387685 -3.495239 0.413653 -5.818469 -12.121634 -7.009931 7.216089 -11.238712 -11.562176 7.892464 -9.710344 -23.423790 -0.329669
-16.175953 0.779583 -8.717780 -22.230181 21.107166 14.389083 -3.744523 2.007082 9.963720 -12.413590 9.313670 7.105257 -0.496104 2.710060 8.311378 -2.519989 -0.587896 -1.412934 -3.423839 0.325615 -5.876368 -12.105580 -7.211611 7.393773 -10.816877 -11.397006 7.323851 -9.740962 -23.534121 -0.293617
-16.046280 0.819708 -8.756210 -22.275217 21.237671 14.130975 -3.715680 2.042113 10.221618 -12.477234 9.344651 7.030506 -0.413219 2.713070 8.350916 -2.531314 -0.647751 -1.423537 -3.455051 0.355960 -5.803885 -12.154471 -7.101961 7.326538 -10.958752 -11.438173 7.491924 -9.813399 -23.416929 -0.452337
-16.009336 0.794137 -8.743784 -22.195536 21.222898 14.098199 -3.695817 2.091232 10.211381 -12.542274 9.301808 7.004010 -0.430938 2.701528 8.378442 -2.521928 -0.639682 -1.394808 -3.460967 0.366091 -5.808547 -12.073851 -7.049376 7.289989 -11.048567 -11.463005 7.550816 -9.767318 -23.400663 -0.509313
-15.943543 0.890757 -8.779884 -22.382029 21.294580 13.897340 -3.656505 2.075095 10.270650 -12.612902 9.288619 7.042333 -0.439865 2.701715 8.332099 -2.588936 -0.656344 -1.424435 -3.422023 0.375233 -5.737265 -12.033625 -7.062973 7.318493 -11.141473 -11.512671 7.685776 -9.705882 -23.429735 -0.520208
-15.814639 0.989980 -8.681416 -22.350657 21.422024 13.811859 -3.558009 2.058909 10.224298 -12.744614 9.280536 7.085394 -0.429863 2.698471 8.286200 -2.555628 -0.686047 -1.424152 -3.453025 0.408691 -5.733506 -12.032358 -6.985091 7.291420 -11.194928 -11.523228 7.741893 -9.742116 -23.365614 -0.453281
-15.813680 0.926992 -8.695635 -22.278728 21.472567 13.805013 -3.461511 2.030312 10.170434 -12.738463 9.237851 7.086143 -0.467573 2.720847 8.295347 -2.569032 -0.635815 -1.422125 -3.516031 0.418420 -5.659566 -11.996784 -7.107841 7.327074 -11.237617 -11.557657 7.866817 -9.675267 -23.319315 -0.427711
-15.888744 1.093744 -8.550769 -22.467276 21.505642 13.692988 -3.429993 2.087722 10.214489 -12.811969 9.234502 7.031386 -0.484342 2.748043 8.368032 -2.558908 -0.722732 -1.262771 -3.547752 0.413798 -5.741372 -12.064631 -7.128851 7.217926 -11.223883 -11.603565 8.012309 -9.707055 -23.457790 -0.396544
-15.751466 1.249697 -8.641658 -22.332720 21.596632 13.589302 -3.348435 2.066745 10.091255 -12.803867 9.193503 6.933378 -0.460604 2.717983 8.438358 -2.562247 -0.785508 -1.205358 -3.520664 0.401964 -5.555341 -12.152146 -7.034498 7.198587 -11.448577 -11.755569 7.902457 -9.702225 -23.390854 -0.493986
