-10.495963 25.759960 -17.033768 17.897158 -6.660198 -6.623719 1.683485 2.171655 6.099059 -12.070620 -4.401695 1.309983 -1.276156 -9.786134 5.336208 -2.065708 -5.401382 3.225362 -9.655536 -2.792569 -2.998013 15.326376 -13.045493 15.153794 -15.050728 19.043844 9.703713 -13.430317 -0.029982 9.203424
-11.057582 25.706381 -17.189533 18.003395 -7.108784 -7.262560 2.340047 1.990645 6.670009 -12.333416 -4.389677 1.317986 -1.277024 -9.786529 5.288699 -2.080459 -5.443810 3.225314 -9.674182 -2.755914 -2.987835 15.406233 -13.488519 15.131927 -15.008153 19.078640 9.889871 -13.422652 -0.032082 9.088601
-9.791839 25.173489 -18.564447 11.269691 -9.699773 -5.130976 2.708389 -1.212707 4.950315 -13.861387 -3.012144 2.700871 -1.347398 -6.379248 6.704874 -2.918957 -8.133442 1.637212 -9.088998 -3.739601 -4.142226 11.401076 -13.115344 14.509841 -12.044194 15.865637 16.118004 -11.163619 -6.008679 7.213746
-11.125990 26.814400 -19.273693 8.752299 -7.771706 -7.579112 3.661150 -3.366028 3.127785 -12.736529 -2.654213 3.723528 -4.008483 -5.627675 5.719643 -3.903793 -8.780062 2.682016 -9.753005 -4.342859 -8.227602 10.571885 -13.394698 11.957614 -11.665890 15.209633 18.134504 -12.360955 -7.836871 7.992655
-11.373338 28.066170 -19.629503 5.871339 -7.114053 -9.752789 2.501007 -3.916262 3.266229 -12.523174 -3.070927 2.850395 -5.281678 -5.614291 4.829892 -5.354404 -8.397449 2.310885 -9.778220 -5.394346 -9.458821 10.101591 -13.015715 9.578778 -12.121663 14.919093 20.323717 -11.740769 -8.165971 8.846287
-11.319171 28.005201 -20.818739 4.816735 -7.713789 -10.140566 2.879427 -5.326347 2.798574 -11.838679 -3.365319 2.505481 -5.809085 -5.245002 4.999648 -6.231303 -8.248211 2.152651 -9.497572 -6.477673 -10.608275 10.866365 -12.615920 7.662244 -12.466601 14.858692 21.270601 -11.648946 -8.591255 7.293777
-11.809640 27.759764 -22.182894 4.209819 -6.615746 -10.439466 4.840031 -6.973372 1.607783 -11.798021 -3.349412 3.132904 -5.496264 -4.743744 6.015512 -5.551913 -8.720755 3.150908 -9.229568 -6.564730 -12.030517 12.908081 -12.217715 5.596689 -12.729502 15.819481 21.117796 -11.373958 -9.457001 5.451738
-12.453118 27.682343 -22.166956 3.587601 -5.819433 -10.187394 5.766618 -7.432726 1.358809 -12.202850 -3.186041 3.382030 -5.066069 -4.410930 6.272115 -5.152582 -9.005016 3.387892 -9.302482 -6.421011 -13.020296 13.563547 -12.127738 4.765319 -12.547976 16.581720 21.145798 -11.255062 -10.020774 4.188423
-13.096462 27.859886 -22.246229 2.967564 -6.088280 -10.016135 5.764183 -7.707356 0.806044 -11.961668 -3.090605 3.383016 -4.896740 -4.135503 6.444231 -5.069098 -8.812859 3.278603 -9.432525 -6.791272 -13.704238 13.650184 -12.173566 4.350160 -12.474105 16.592241 21.079840 -11.493735 -10.493891 2.989496
-12.982559 27.732792 -21.840572 2.383708 -5.951343 -10.041220 5.768463 -7.704520 0.719617 -12.216842 -3.016658 3.373241 -5.093118 -3.876861 6.507921 -5.289706 -8.539293 3.117145 -9.489535 -7.239481 -14.135356 13.814634 -12.153989 4.010328 -12.796900 16.462807 21.077311 -12.120067 -10.362265 2.189699
-13.380307 28.166412 -21.627455 1.597224 -5.895612 -10.565399 5.727518 -7.841609 -0.027687 -11.851221 -3.058671 3.014777 -5.179687 -3.685356 6.713361 -5.462907 -8.239332 3.436545 -9.533074 -7.504454 -14.431396 13.474833 -11.985938 4.209311 -12.791292 16.596418 20.976500 -13.059896 -9.664316 0.900091
-13.754924 28.263903 -21.573509 1.124971 -5.739654 -11.164054 5.397726 -7.579396 -0.520521 -11.456070 -3.142565 2.845798 -5.257311 -3.660429 6.817401 -5.469996 -8.168919 3.638447 -9.580120 -7.625034 -14.341335 12.931980 -11.742337 4.282500 -12.772913 16.626711 21.460999 -13.645521 -8.858297 0.150828
-14.103656 28.262545 -21.897974 1.111237 -5.534260 -11.511228 5.752627 -7.863809 -1.127195 -11.099018 -3.359672 2.669254 -5.250712 -3.769122 7.040611 -5.372838 -8.261250 4.115988 -9.354571 -7.576182 -14.926963 12.717241 -11.673095 4.729504 -12.448142 17.267630 21.328203 -14.060842 -8.729095 -0.405766
-13.784480 28.980373 -21.799324 1.074625 -5.499475 -11.590130 6.693171 -8.511975 -1.634881 -10.970260 -3.426829 2.283722 -4.948364 -3.473139 7.440202 -5.410550 -8.031605 4.165574 -9.305080 -7.857309 -15.212947 14.036972 -11.946680 5.022823 -11.954609 17.390348 20.365843 -14.129537 -9.872952 -1.271394
-13.175797 29.904724 -22.271826 0.857499 -5.589994 -12.442882 6.816803 -9.432730 -1.925761 -10.022129 -3.517833 2.052421 -5.075435 -3.405103 7.735943 -5.347884 -7.764432 4.670430 -9.448009 -8.213309 -15.916095 15.925377 -12.319506 4.996631 -11.693069 17.409269 19.416853 -13.800653 -11.123575 -1.183207
-13.043708 29.705208 -22.743311 0.630462 -5.520985 -13.126100 6.579103 -9.718667 -1.827626 -9.813188 -3.584500 1.884113 -5.073275 -3.200115 7.963999 -5.357283 -7.590183 4.890285 -9.469030 -8.479176 -16.729776 17.378159 -12.502593 4.666550 -11.599899 17.730537 18.700260 -13.488492 -11.901334 -1.495216
-13.035354 29.824451 -22.695929 0.477869 -5.602394 -13.083600 6.661145 -9.823939 -1.926554 -9.786357 -3.591228 1.892062 -5.092867 -3.235010 7.942268 -5.379940 -7.572169 4.851617 -9.462127 -8.528767 -16.784452 17.603559 -12.485254 4.542151 -11.588621 17.712671 18.477783 -13.495760 -11.982409 -1.710174
-13.096941 29.925297 -22.919901 0.522178 -5.729269 -12.954340 6.632271 -9.956032 -1.997611 -9.643801 -3.589180 1.841381 -5.097816 -3.262330 8.016279 -5.395190 -7.536246 4.888400 -9.445384 -8.569927 -16.589151 17.168589 -12.461292 4.480215 -11.671789 17.412579 18.721334 -13.596957 -11.876123 -1.599214
-13.419471 29.834061 -22.771898 0.528007 -5.805129 -12.599382 6.654959 -9.928622 -2.051953 -9.786801 -3.588080 1.830928 -5.064178 -3.222076 7.958111 -5.428637 -7.639166 4.865425 -9.457690 -8.459307 -16.596460 16.773344 -12.387891 4.491843 -11.760991 17.290295 18.678421 -13.890823 -11.784389 -1.819153
-13.688006 29.775047 -22.521093 0.440513 -5.834812 -12.350251 6.693388 -9.702336 -2.203621 -9.915913 -3.571353 1.883650 -5.111309 -3.322701 7.877679 -5.469015 -7.707747 4.777798 -9.364308 -8.395699 -16.441141 16.131948 -12.307767 4.793269 -11.665486 17.394344 18.962038 -14.122195 -11.497738 -1.942775
-13.980113 29.477093 -22.062410 0.151603 -5.914673 -12.143756 6.528193 -9.150153 -2.304044 -10.326618 -3.596052 1.768822 -5.008775 -3.299886 7.850407 -5.599607 -7.691163 4.567138 -9.275623 -8.405220 -16.286570 15.914383 -12.244836 4.758680 -11.695332 17.272875 18.947165 -14.172911 -11.513718 -2.090871
-14.046306 29.515005 -22.051609 0.154491 -5.923783 -12.180081 6.638070 -9.175000 -2.258235 -10.328369 -3.593331 1.782347 -5.022525 -3.300996 7.854329 -5.600376 -7.694402 4.582574 -9.275192 -8.403118 -16.164274 16.131907 -13.560958 4.943222 -11.822516 17.114019 19.551607 -14.076688 -11.390165 -2.352510
-12.873332 30.709164 -21.066389 -3.690530 -9.233376 -11.355762 7.146852 -9.887170 -5.206526 -9.788127 -3.866618 0.053850 -3.667454 -2.984159 9.045354 -6.330387 -6.590517 3.716361 -8.693690 -9.150436 -13.800218 17.332926 -12.689212 5.376842 -14.418626 15.406607 15.065717 -17.572760 -9.341938 -4.899405
-13.564333 30.046341 -19.863697 -3.580762 -12.731081 -6.954359 8.039330 -8.954360 -5.333056 -10.998868 -3.867431 -0.308764 -2.673055 -3.813499 9.447265 -6.272513 -5.450890 2.756258 -8.135928 -9.125209 -11.831702 14.356813 -10.513631 5.129271 -16.031157 14.228528 14.989833 -19.941296 -6.958938 -7.074973
-13.399165 29.461658 -19.681767 -3.387428 -13.206194 -6.007193 7.517236 -8.619308 -4.926419 -11.486536 -3.538097 -0.257719 -2.028347 -3.831583 9.368082 -5.904078 -5.283974 2.115314 -8.511160 -9.114511 -10.564948 13.880445 -10.256490 5.313746 -16.226873 14.038038 14.961306 -19.860466 -6.738333 -7.555541
-13.438249 29.196604 -19.578421 -3.712064 -13.325232 -6.043812 7.201889 -8.429837 -4.632685 -11.717749 -3.377219 -0.405364 -1.654160 -3.683577 9.543406 -5.838101 -5.161538 1.995993 -8.720794 -8.904148 -10.305394 13.634145 -10.294383 5.445169 -16.269457 13.905577 15.049893 -20.009138 -6.645755 -7.954306
-13.447089 29.123049 -19.617964 -3.615252 -13.359123 -5.947013 7.122564 -8.430945 -4.562748 -11.730910 -3.429278 -0.443889 -1.677755 -3.749028 9.493664 -5.850806 -5.194595 1.997095 -8.709240 -8.955299 -10.246676 13.793644 -10.340611 5.474873 -16.203630 14.008727 15.017665 -19.815411 -6.741425 -7.850418
-13.433938 29.143791 -19.622801 -3.620846 -13.292448 -6.051025 7.095432 -8.448321 -4.530951 -11.719195 -3.439965 -0.422579 -1.711024 -3.757028 9.472404 -5.853179 -5.195940 2.002539 -8.709421 -8.984726 -10.265017 13.817448 -10.291656 5.466153 -16.187862 14.027868 15.018334 -19.784719 -6.765457 -7.780539
-13.434642 29.202665 -19.577797 -3.640373 -13.250289 -6.073117 7.166024 -8.439002 -4.554137 -11.739010 -3.436843 -0.409015 -1.750072 -3.767612 9.452587 -5.845085 -5.203934 2.008395 -8.721803 -8.989364 -10.275294 13.803930 -10.240619 5.472345 -16.159737 14.014595 14.985600 -19.778351 -6.796900 -7.767060
-13.440342 29.187899 -19.565687 -3.675350 -13.268021 -6.076230 7.129048 -8.424285 -4.551215 -11.754010 -3.433311 -0.425606 -1.738328 -3.767956 9.455952 -5.851801 -5.197289 2.014804 -8.727312 -8.986548 -10.285561 13.834991 -10.248536 5.458722 -16.179295 14.020180 14.958597 -19.809816 -6.792166 -7.799916
-13.431261 29.171299 -19.564631 -3.673661 -13.269317 -6.086535 7.126312 -8.407899 -4.567177 -11.751919 -3.436444 -0.403253 -1.757552 -3.766648 9.452943 -5.845898 -5.201768 2.014434 -8.720891 -8.989010 -10.284012 13.821503 -10.238441 5.447068 -16.173767 14.006562 14.978110 -19.770386 -6.811765 -7.751403
-13.369566 29.333538 -19.420525 -1.909171 -13.007769 -6.280075 5.627311 -7.820558 -2.961224 -11.683026 -2.831780 0.839346 -1.917040 -3.592669 8.462919 -5.576755 -5.872509 1.130736 -9.239284 -8.193730 -9.373130 13.160464 -10.771205 5.526994 -15.058317 14.185974 17.402746 -16.561743 -7.840815 -5.819454
-13.016174 28.959328 -19.891666 -0.376506 -12.506508 -6.136579 3.999981 -7.665622 -1.587175 -11.588946 -2.573622 1.345814 -3.198466 -3.333225 8.002349 -6.334304 -6.219886 0.005857 -8.875598 -8.620551 -9.695495 12.510783 -11.470115 4.774171 -14.266038 13.960743 19.565886 -13.284497 -9.665227 -2.237197
-13.060930 29.167799 -20.019423 -0.300170 -12.464029 -6.101724 4.213238 -7.701633 -1.731039 -11.470197 -2.536457 1.126321 -3.028231 -3.232114 7.964065 -6.494458 -6.226397 -0.326333 -8.940183 -8.652146 -9.823552 12.242151 -11.419225 4.832390 -14.183722 14.199902 19.747759 -13.202998 -9.669784 -2.260197
-13.117105 28.901167 -19.563486 -1.094434 -12.958678 -5.477680 4.044874 -7.196322 -1.788678 -12.112741 -2.561095 1.110672 -2.603319 -3.249689 8.043345 -6.346658 -6.274970 -0.140926 -8.997258 -8.287159 -8.902403 12.193922 -11.377122 5.047092 -14.292274 13.972304 19.529015 -13.352864 -9.361624 -3.460906
-13.021537 28.947491 -19.983778 -0.268379 -13.012398 -5.440598 2.963174 -6.888678 -1.182690 -11.745308 -2.299957 0.850929 -3.282122 -3.251608 7.352352 -7.414711 -6.183479 -1.906570 -8.932349 -8.891428 -10.413172 11.657150 -10.657294 4.903356 -14.448139 13.962043 18.982988 -13.977530 -9.167027 -0.808978
-12.595418 28.602562 -19.834761 0.552286 -12.113141 -6.202215 2.787610 -6.016212 -0.568093 -12.027485 -1.336932 2.482936 -3.654545 -3.042056 7.011930 -6.969607 -5.749576 -3.865727 -9.186812 -9.348537 -9.832892 12.141758 -10.790753 3.555476 -15.814184 13.148183 19.388514 -13.412206 -8.444420 2.694501
-12.060109 27.939825 -19.812582 1.076893 -11.472602 -6.545613 2.534102 -5.651883 0.200664 -12.479828 -1.036299 3.404244 -3.481392 -3.247151 6.699519 -6.128703 -5.864875 -4.270953 -9.440810 -8.960821 -9.453283 12.499323 -11.244739 3.295833 -16.008448 13.015260 20.356857 -12.614406 -8.325724 4.504512
-10.678008 25.634987 -18.993341 2.173178 -11.313704 -6.850837 1.684427 -4.158770 2.351153 -13.906356 -1.256853 6.208699 -3.808369 -4.348562 6.558164 -4.805119 -6.871665 -3.476740 -7.155371 -6.109492 -5.813168 10.823109 -11.740977 4.538597 -15.203520 10.770905 22.082373 -9.327966 -9.681829 6.962733
-10.639995 24.703930 -19.541414 3.668821 -11.685442 -6.173600 0.908183 -3.398513 3.393132 -14.013499 -1.161192 6.467907 -4.141128 -4.733225 6.728096 -4.576287 -7.110920 -3.823948 -6.694569 -5.593939 -4.835787 10.111444 -11.810177 5.498623 -14.505003 10.554111 22.375542 -8.244654 -10.450428 8.700068
-10.338021 24.273018 -20.457808 5.682177 -11.653216 -5.487720 2.081820 -3.675533 3.318196 -13.695546 -1.193021 6.560310 -3.348382 -4.449749 7.526693 -4.162647 -7.122073 -4.300740 -6.157579 -5.757092 -5.102859 9.740309 -12.218669 7.389388 -12.299646 11.602937 22.724302 -6.833030 -11.388925 8.856959
-9.425942 23.412235 -21.658464 7.843429 -9.777449 -5.644961 1.958589 -3.492302 3.581725 -14.015471 -1.259407 5.703492 -3.077777 -4.364748 7.939098 -4.771989 -6.702988 -5.402216 -5.806312 -6.601568 -4.908901 9.349449 -10.877759 8.429448 -11.032343 13.695046 22.503971 -5.454089 -11.808001 8.156329
-9.316152 21.533413 -23.130232 9.984957 -9.215784 -5.110415 1.852214 -2.904455 4.825901 -14.471137 -1.221459 4.924898 -1.687723 -4.382377 8.472370 -5.088871 -6.039592 -6.814880 -5.308863 -7.102825 -4.056924 10.111258 -10.046603 10.035785 -10.275749 15.828444 21.875628 -4.113297 -11.721660 8.349654
-10.056339 21.293129 -23.671352 10.166547 -9.606136 -5.168599 2.692302 -3.036595 5.667025 -14.766308 -1.260381 4.681643 -1.187848 -4.364340 8.393908 -5.424212 -5.765001 -7.441232 -5.179197 -7.214524 -3.508932 10.419984 -12.650906 11.106011 -9.849481 15.758601 23.100567 -3.240491 -12.046427 8.394397
-9.568816 21.143290 -23.659496 10.109934 -9.093010 -4.445196 2.002082 -2.787276 4.932296 -14.672693 -1.293573 4.513422 -0.986226 -4.308988 8.435278 -5.527096 -5.682064 -7.631298 -5.145793 -7.323114 -3.501400 10.371716 -12.036725 11.216383 -9.731920 15.979319 22.791582 -3.161330 -11.963075 8.336841
-9.350615 21.136932 -23.697449 10.117344 -8.936527 -4.247253 1.380509 -2.592149 4.514971 -14.391605 -1.372233 4.452204 -0.922357 -4.307935 8.578414 -5.629873 -5.570647 -7.627734 -4.946270 -7.414968 -3.564073 9.064516 -8.406864 10.869633 -9.025179 16.221573 21.578794 -3.305467 -12.202485 9.410911
-9.471234 21.181599 -23.647551 10.337333 -8.880762 -4.223911 1.857871 -2.707108 4.535326 -14.497067 -1.313399 4.524644 -1.120929 -4.375174 8.528385 -5.645985 -5.669434 -7.645857 -4.891214 -7.260938 -3.584284 9.570059 -9.640122 11.001057 -9.356607 16.069294 21.985067 -3.354382 -12.074194 8.884086
-9.596997 21.076097 -23.793697 10.346413 -8.962101 -4.466891 1.895398 -2.747358 4.966205 -14.563881 -1.355208 4.413719 -0.906826 -4.277617 8.542461 -5.677229 -5.606316 -7.673300 -4.966529 -7.361135 -3.498250 9.876880 -10.708518 11.093940 -9.408663 16.134369 22.503542 -3.044496 -12.086040 8.512478
-9.668876 21.096584 -23.815416 10.400436 -8.963388 -4.444277 2.083356 -2.768238 4.888262 -14.545906 -1.332612 4.448874 -0.913042 -4.291141 8.557629 -5.644845 -5.591084 -7.689131 -4.960745 -7.386029 -3.588500 9.935032 -10.778102 11.195012 -9.381119 16.062859 22.319139 -3.218202 -12.078508 8.548531
-9.646152 21.162603 -23.777983 10.447489 -8.922272 -4.446944 2.186674 -2.741205 4.850100 -14.561264 -1.330463 4.472895 -0.920530 -4.280711 8.493942 -5.684100 -5.617895 -7.721029 -4.982981 -7.384784 -3.646499 9.869631 -10.710849 11.166345 -9.360044 16.034529 22.403465 -3.274952 -12.089023 8.591145
