1.086193 27.020636 -17.387980 16.361715 2.563985 11.370811 -4.778045 9.745457 -3.437165 5.129591 -4.393387 1.309306 -1.275755 -9.789414 5.317458 -2.069541 -5.396813 3.210160 -9.648097 -2.788060 1.754804 15.047899 -10.172578 0.014080 -29.430855 6.426115 11.328288 -16.472048 2.316607 9.769361
1.069372 27.026718 -17.433075 16.425383 2.580071 11.383502 -4.769938 9.693423 -3.473561 5.101612 -4.421433 1.328252 -1.292751 -9.770315 5.299206 -2.091818 -5.431344 3.193529 -9.693273 -2.751002 1.870139 15.215557 -10.558098 -0.086990 -29.587767 6.280381 11.414184 -16.450869 2.281197 9.557899
-2.057387 15.054314 -10.864100 22.567583 8.074787 2.715770 4.145196 17.326630 -5.947766 6.810823 -4.767372 0.789368 -4.166013 -13.371925 -1.138670 -4.392825 -3.745632 -1.608956 -5.246941 2.995175 5.559542 12.379198 -12.404782 -9.939332 -31.586103 11.783236 1.738397 -4.247472 3.135967 -2.181738
-1.564242 12.790518 -9.546295 23.339811 8.225630 1.152235 5.074591 18.872980 -5.089348 7.843027 -5.555171 0.832801 -3.745604 -13.870338 -1.592510 -4.554830 -3.098308 -2.064254 -4.993011 5.195614 8.489789 11.242899 -12.193711 -12.104083 -31.356302 12.723191 4.515688 -0.770450 5.425837 -1.816526
-0.753164 11.937686 -8.613156 24.142683 7.529387 -0.028674 4.249584 20.315983 -5.374582 8.849312 -5.851547 0.334726 -3.763262 -14.236477 -1.675846 -4.400162 -2.169548 -1.659950 -4.601013 6.127139 10.888651 9.749156 -12.187236 -11.705028 -31.269999 12.464710 4.826030 1.549581 7.107227 -0.684047
-0.305440 11.533237 -7.591507 24.763521 6.827609 -1.250527 3.239940 20.816683 -5.522920 9.653067 -6.305992 0.102146 -3.130587 -14.354307 -1.538012 -4.074446 -1.531360 -1.883273 -4.920754 6.929034 12.931291 9.572137 -11.807456 -12.150491 -30.933493 12.596509 4.475964 2.901834 8.063004 -1.002105
0.589475 10.727703 -7.326858 25.141989 6.535628 -1.989718 2.534209 21.170624 -5.001415 10.481087 -6.436930 0.143336 -2.791319 -14.342112 -1.688523 -3.586142 -0.926802 -2.117125 -5.364563 7.678309 13.180484 9.015318 -11.948585 -12.284192 -31.212004 12.603154 4.600974 5.256129 8.696009 -0.871007
0.709022 10.436321 -6.747806 25.737890 5.943253 -2.984043 1.344244 21.238350 -4.727973 10.748450 -6.848830 0.141290 -2.453556 -14.370848 -1.842080 -3.526797 -0.653647 -2.429023 -5.625535 8.115501 13.791922 9.339335 -12.106139 -13.367846 -30.742830 12.911083 5.182915 6.765028 8.827469 -0.054216
0.735855 10.152349 -6.043001 25.977619 5.487377 -3.466572 0.473772 21.511431 -4.275513 10.866626 -7.017724 0.107543 -2.104790 -14.355806 -1.921637 -3.329210 -0.381218 -2.595999 -5.888656 8.502272 14.093609 9.387600 -12.399117 -13.548179 -30.610353 13.052750 5.839150 8.357940 8.730583 1.170311
0.699511 9.703176 -5.463482 26.468807 5.157513 -3.449833 0.017896 21.511621 -3.810965 10.609940 -7.327942 -0.034009 -1.621004 -14.305677 -1.761137 -3.180419 -0.114100 -2.768950 -6.181178 9.018509 14.417384 9.119320 -12.681743 -13.462819 -30.335527 13.057733 6.339591 9.591393 8.824112 3.023342
0.968402 9.147655 -5.171131 26.725191 4.253969 -3.469948 -1.175691 21.971941 -3.257730 9.978112 -7.214890 -0.110385 -1.127208 -14.211319 -1.707029 -2.765907 0.358630 -2.854195 -6.573811 9.393681 15.041510 9.409585 -12.591195 -12.976457 -30.437803 12.566000 6.731863 10.666914 9.208916 5.066106
1.054389 8.478344 -4.432817 26.930399 3.424129 -3.244115 -2.030195 22.576376 -2.908936 9.707368 -7.064017 -0.344361 -0.699650 -14.145838 -1.658853 -2.314833 0.839137 -2.975854 -7.122521 9.424559 15.384134 9.739999 -12.715037 -12.522767 -30.501619 12.616838 7.011452 11.920609 9.266467 6.723776
1.395004 7.667996 -3.759001 27.270067 2.748546 -2.633866 -2.601130 23.007954 -1.977835 9.234238 -7.128951 -0.688469 -0.398721 -14.115099 -1.579204 -2.184273 1.379663 -3.213554 -7.556638 9.604538 15.980674 10.482737 -12.939136 -11.957987 -30.523352 12.141265 6.967544 13.093083 9.017817 7.764202
1.692888 7.201770 -3.128254 27.280014 1.895200 -1.874447 -2.849188 23.626303 -1.374961 9.281404 -7.076693 -1.046193 -0.216569 -13.884237 -1.469599 -2.177229 1.829229 -3.726479 -8.202563 9.554899 17.104517 9.772807 -13.729441 -11.686120 -29.867682 11.659853 6.351232 13.971986 8.788881 8.452731
1.866190 6.317327 -1.855406 26.626371 0.487237 -0.781412 -3.368780 24.553074 -0.635922 9.216301 -6.962472 -1.178718 0.464927 -13.491438 -1.339491 -1.813235 2.539758 -3.964709 -8.939363 9.790176 18.882723 9.481476 -14.677562 -10.584777 -29.477907 10.820711 4.578123 14.421545 9.011860 9.155599
1.688608 4.850136 -0.307547 26.421682 -0.940335 0.858394 -4.266778 25.702990 -0.008240 8.095306 -6.726260 -1.340782 1.496225 -13.316143 -1.414766 -1.276291 3.093427 -4.215093 -9.663631 9.884576 20.446741 9.597935 -15.432386 -9.903252 -28.946051 10.421678 3.345191 14.969335 9.380289 9.634266
1.633843 4.498429 0.066765 26.439714 -1.311102 1.216662 -4.316282 25.890589 0.269114 7.696261 -6.470391 -1.612355 1.852064 -13.295731 -1.534797 -1.083916 3.364116 -4.224361 -9.768300 9.890039 21.005663 9.901407 -15.780902 -9.745288 -28.743551 10.208399 2.483618 15.138119 9.202076 9.860320
1.532385 4.391629 0.221942 26.558935 -1.720595 1.466602 -4.360120 26.074537 0.198285 7.618061 -6.397789 -1.727074 2.068280 -13.301506 -1.602959 -1.018554 3.520536 -4.290604 -9.868445 9.925690 21.473310 9.914598 -15.780790 -9.626573 -28.700863 10.197624 2.478149 15.349942 9.323356 9.696158
1.588223 4.377234 0.289670 26.643991 -1.919329 1.463775 -4.471560 26.240679 0.230925 7.691692 -6.421827 -1.771259 2.096355 -13.353545 -1.564246 -0.970541 3.595288 -4.281552 -9.918673 10.001777 21.592367 9.952902 -15.865352 -9.596063 -28.658054 10.115614 2.379812 15.398232 9.411227 9.696765
1.525133 4.182242 0.572041 26.561588 -2.297337 1.609418 -4.470037 26.567118 0.273843 7.682292 -6.469884 -1.896570 2.192807 -13.338314 -1.570413 -1.027689 3.632621 -4.438664 -9.979344 9.987986 21.602900 10.119298 -15.934072 -9.587289 -28.681522 10.039344 2.185469 15.430007 9.216894 9.663774
1.353163 4.740656 -0.048389 26.751076 -1.147426 0.510168 -4.206520 25.982115 0.011316 7.845118 -6.799365 -1.255761 1.650908 -13.277011 -1.412661 -1.238581 3.326416 -4.367298 -9.925952 10.093771 21.114454 9.838015 -16.016933 -9.710269 -28.903112 10.117644 2.332207 15.180446 9.093382 9.770371
7.501514 -1.235823 0.374479 25.132296 -9.867970 4.327560 -4.116223 34.098705 -1.830014 1.755366 -3.216854 -7.535042 5.704075 -13.258419 -2.344841 -0.464257 3.659885 -3.680727 -9.172158 5.221766 27.853703 17.654757 -14.354274 -2.314561 -31.162153 8.679440 -4.023688 6.389106 16.656755 4.314167
8.488907 1.736902 -1.292060 23.800463 -12.868505 3.692787 -4.118246 33.571289 -4.229700 1.975870 -2.490745 -7.662357 6.122282 -13.730646 -1.687705 -0.241180 3.010874 -1.597578 -8.009136 5.305913 29.378380 15.030081 -13.240930 -2.712475 -29.517988 8.750179 1.175823 5.456278 16.963200 8.023392
9.736905 5.842688 -4.355232 22.393553 -13.390992 -0.337225 -4.953395 32.697205 -7.227324 4.113422 -3.692406 -7.154577 6.270705 -15.169689 -0.949641 -0.223533 1.686617 0.102461 -5.840541 6.547953 29.087669 12.304092 -11.102072 -4.048727 -28.367313 9.455931 7.888457 4.669623 19.017740 6.471153
9.108201 7.569393 -5.896651 21.699144 -12.359195 -2.181899 -4.545411 30.975365 -8.255143 5.004697 -4.001801 -6.252745 5.610030 -15.526517 -0.884275 -0.468050 1.005387 0.789683 -4.963954 6.844925 28.023092 9.989470 -10.652753 -4.866826 -27.803839 9.715387 10.299872 3.592565 19.151485 5.706405
9.150941 7.577037 -6.092796 21.840582 -12.487177 -2.441378 -4.640166 30.944069 -8.468402 5.151124 -4.125254 -6.282264 5.757185 -15.522690 -0.846448 -0.641610 0.888435 0.874973 -4.709187 6.970410 28.117714 10.256674 -10.451403 -4.930789 -27.961031 9.986027 10.535754 3.479825 19.489904 5.384035
9.517861 7.600373 -6.089558 21.827402 -13.032480 -2.209933 -4.548695 31.269360 -8.579913 5.218171 -4.129947 -6.286600 5.854810 -15.519257 -0.809121 -0.617019 0.975142 0.902332 -4.804180 7.017984 28.523470 10.507149 -10.391484 -4.907618 -27.965708 10.054868 10.618522 3.433483 19.748878 5.376206
9.427943 7.634287 -6.090001 21.796543 -13.078043 -2.159222 -4.519004 31.184439 -8.572414 5.149460 -4.071778 -6.360476 5.897154 -15.520978 -0.850079 -0.639628 0.996096 0.928610 -4.788671 6.998435 28.662603 10.551438 -10.415498 -4.932035 -27.989479 10.085285 10.467185 3.443740 19.826338 5.208886
9.410757 7.683146 -6.055866 21.711245 -13.135317 -2.073374 -4.511132 31.135925 -8.589416 5.134541 -4.066434 -6.368514 5.887643 -15.523813 -0.820666 -0.638932 0.956219 0.935917 -4.780405 6.941196 28.664522 10.646584 -10.415349 -4.916927 -27.996508 10.069309 10.429659 3.496222 19.757275 5.303776
9.429890 7.667759 -6.083200 21.720461 -13.142492 -2.083381 -4.521338 31.147264 -8.592162 5.133871 -4.089732 -6.421528 5.912199 -15.524027 -0.814667 -0.653469 0.961880 0.944840 -4.774095 6.868135 28.637949 10.684114 -10.395844 -4.886252 -27.947695 10.133636 10.398103 3.467945 19.724356 5.259596
9.414913 7.671571 -6.052599 21.703648 -13.177761 -2.083066 -4.524642 31.170458 -8.606792 5.122685 -4.087234 -6.428648 5.914371 -15.535713 -0.835281 -0.652423 0.977100 0.942202 -4.767379 6.861756 28.674721 10.736685 -10.395049 -4.880796 -27.949217 10.140703 10.381305 3.503260 19.705812 5.151006
9.392293 7.664598 -6.055844 21.692488 -13.171429 -2.094090 -4.524677 31.154083 -8.616693 5.145605 -4.086407 -6.446717 5.923561 -15.547152 -0.858421 -0.656178 0.979094 0.955041 -4.731071 6.860847 28.674704 10.713621 -10.412424 -4.900537 -27.959219 10.115761 10.384347 3.556439 19.689989 5.119817
9.399074 7.694672 -6.056202 21.643812 -13.216274 -2.083842 -4.540747 31.172230 -8.689156 5.143714 -4.049291 -6.451867 5.874685 -15.542457 -0.886031 -0.661295 0.998058 0.987964 -4.725008 6.820084 28.716730 10.697248 -10.411508 -4.925813 -27.939497 10.096845 10.393962 3.547585 19.695372 5.128954
9.383906 7.669193 -6.047719 21.666616 -13.141487 -2.122907 -4.547728 31.185476 -8.651839 5.148964 -4.085701 -6.454141 5.866390 -15.550362 -0.882417 -0.696514 0.963182 0.964239 -4.699780 6.826495 28.740097 10.638729 -10.398800 -5.014062 -27.972082 10.041401 10.457311 3.541545 19.680031 5.116298
9.379849 7.667667 -6.047972 21.671288 -13.141777 -2.127434 -4.551425 31.178274 -8.657382 5.137445 -4.085133 -6.460491 5.872595 -15.550219 -0.879577 -0.697307 0.967246 0.967302 -4.701078 6.828063 28.760639 10.614485 -10.405142 -5.013541 -27.954433 10.034102 10.454104 3.532230 19.674799 5.125472
9.412519 7.660571 -6.152530 21.655020 -13.167765 -2.149210 -4.542884 31.179251 -8.631011 5.085074 -4.063975 -6.474376 5.861575 -15.532710 -0.876465 -0.726519 0.952488 0.975093 -4.703820 6.803657 28.642391 10.384130 -9.165421 -5.133796 -27.890593 10.142424 10.002657 3.411060 19.589672 5.365299
9.426549 7.653466 -6.132986 21.644354 -13.223781 -2.123126 -4.525825 31.214520 -8.622067 5.080428 -4.037202 -6.462441 5.914883 -15.531998 -0.885574 -0.657535 1.002790 0.997264 -4.770316 6.797144 28.686335 10.369652 -9.135911 -5.110279 -27.888020 10.188998 9.986238 3.325548 19.671040 5.254639
9.412341 7.635069 -6.139451 21.640251 -13.199570 -2.128410 -4.515996 31.220377 -8.625134 5.090984 -4.038255 -6.478360 5.902984 -15.529605 -0.873557 -0.680345 0.998083 1.000904 -4.752792 6.799622 28.651522 10.366951 -9.126623 -5.110470 -27.890051 10.188436 10.029998 3.352671 19.627871 5.267104
9.416919 7.657262 -6.129133 21.591892 -13.255985 -2.129024 -4.523526 31.220339 -8.668313 5.062805 -4.037380 -6.486257 5.912740 -15.529770 -0.864613 -0.670561 1.003506 1.006595 -4.764082 6.793312 28.691133 10.371597 -9.125659 -5.101900 -27.869053 10.203812 10.006408 3.332803 19.637690 5.254712
9.379702 7.658801 -6.126356 21.596163 -13.203018 -2.133459 -4.517149 31.187393 -8.664037 5.068149 -4.044401 -6.502690 5.914758 -15.537188 -0.854243 -0.663622 1.001031 1.013377 -4.751618 6.808109 28.633068 10.342281 -9.123594 -5.105794 -27.860361 10.208272 10.062448 3.353179 19.614496 5.276615
9.402335 7.631842 -6.125407 21.590223 -13.184373 -2.112756 -4.551413 31.226225 -8.632880 5.097016 -4.050584 -6.500334 5.908251 -15.541924 -0.843793 -0.664962 1.001880 0.988849 -4.769613 6.833631 28.624620 10.341812 -9.094666 -5.099943 -27.906149 10.197908 10.072787 3.388942 19.598648 5.278920
9.384154 7.662458 -6.166028 21.550749 -13.223236 -2.113501 -4.485047 31.194937 -8.580384 5.113444 -4.052387 -6.471336 5.903652 -15.505907 -0.866824 -0.696005 0.997845 0.983750 -4.767468 6.798851 28.443071 9.977652 -7.997628 -5.231516 -27.781229 10.245654 9.648841 3.181241 19.583212 5.575701
6.610881 9.122519 -6.219305 21.323374 -8.968766 -2.906709 -3.081817 28.120684 -8.331145 6.182616 -4.016316 -5.099754 3.373619 -15.370679 -1.950257 -1.540996 0.314362 0.724224 -4.028297 6.321740 25.090086 6.351895 -8.987372 -6.924483 -26.933489 9.812838 11.740458 3.378195 17.971920 6.995684
4.470255 11.189860 -5.622918 21.035685 -4.718587 -1.876206 -2.643790 26.225958 -7.910663 8.538013 -3.857240 -4.334329 0.837189 -15.329939 -2.418876 -2.890513 -0.147902 1.068541 -3.068133 6.005506 21.665506 1.973180 -12.893096 -7.581958 -27.002024 8.167201 13.715590 3.989489 15.883091 8.476174
4.085651 11.780796 -5.584709 21.370646 -3.519234 -1.481000 -2.282476 25.747267 -7.508976 9.081916 -3.774310 -4.505649 0.661882 -15.444831 -2.598565 -3.014252 0.045702 1.299312 -2.697132 6.021324 20.886364 1.263423 -12.499084 -8.395397 -26.904142 8.504842 13.584603 4.653020 14.995815 8.510039
3.706729 14.069727 -6.789829 21.392170 -1.756930 -2.052549 -2.150992 24.524315 -7.357139 10.083927 -3.689990 -5.376154 -0.203683 -15.323667 -2.138358 -4.304379 -0.189457 2.653570 -1.710142 5.544006 18.757717 0.398273 -8.760701 -10.033134 -26.550949 9.229131 11.177732 3.169790 11.920054 9.165954
2.932170 14.858764 -8.227463 21.071478 0.517286 -3.387292 -2.444439 22.787165 -7.681769 10.118200 -3.711284 -5.800696 -1.476696 -15.564285 -2.119958 -5.264579 -0.685082 3.012770 -0.721327 4.974977 16.483686 2.020924 -9.801007 -11.404166 -26.730455 10.113091 10.631694 1.410383 10.605385 6.992726
1.172111 15.434130 -9.018882 20.710409 2.809124 -3.777129 -1.680517 21.222349 -8.071362 9.715384 -4.105524 -5.918197 -3.201064 -15.679876 -2.388014 -6.621014 -1.412878 2.529066 -0.005968 3.684056 14.159984 3.039574 -10.772252 -13.068892 -26.489634 11.147717 10.872787 -0.912275 10.453377 5.201447
0.307766 15.898391 -8.493072 20.841494 3.622273 -2.291992 -0.298354 20.524662 -7.666012 9.718063 -3.981605 -6.311982 -3.874758 -15.583971 -2.642333 -7.347337 -1.604452 2.218346 0.330138 2.924596 11.783940 3.828683 -11.204574 -14.280288 -26.762842 12.189782 10.206884 -2.410689 10.196155 3.747051
-0.538668 16.647261 -7.416219 19.885592 4.426996 -0.672389 0.648995 20.469778 -7.237789 10.130926 -3.415921 -7.204957 -4.414982 -15.421698 -3.068684 -7.842164 -1.327493 2.232481 0.427524 1.614327 9.269936 4.550563 -11.492357 -13.995012 -27.941940 12.443013 9.014585 -3.827467 10.501959 3.312509
-0.941674 17.760395 -6.668903 18.671053 4.998271 1.300900 2.431268 20.020927 -7.135936 11.090374 -2.619086 -7.732373 -4.952182 -14.769800 -3.519570 -8.270213 -1.169126 1.953947 0.264773 0.202873 8.032577 3.761524 -12.012389 -11.930630 -29.568193 10.823476 8.318631 -4.442276 11.587609 3.609323
-1.195218 18.630953 -5.510906 17.569750 6.430934 3.291177 2.898671 19.843500 -6.464541 12.954659 -1.995296 -8.080694 -5.636458 -14.694686 -3.754561 -8.379020 -1.326175 2.359700 0.447955 -1.463198 7.127258 3.416960 -12.616860 -8.080922 -32.278576 8.651321 7.616381 -3.118186 12.126384 4.176434
-1.400874 19.503012 -4.881171 17.041307 7.374156 4.689370 3.795788 19.491770 -5.594909 14.588219 -1.391517 -8.476322 -6.049538 -14.730449 -3.507601 -8.180448 -1.347700 3.384880 0.742686 -2.333070 5.186378 2.501867 -13.180651 -6.024246 -34.096233 6.851509 7.490346 -2.398729 11.554634 5.290042
-1.442148 19.781143 -4.709135 16.966076 7.617455 4.859769 3.869438 19.291769 -5.191119 15.047281 -1.010790 -8.265821 -6.344833 -14.779026 -3.620018 -7.943582 -1.525477 3.759758 0.881267 -2.630875 4.850445 2.667230 -14.690087 -5.635361 -34.412857 6.538090 8.144090 -2.193023 11.467352 5.616554
-1.493268 19.712875 -4.843306 16.967909 7.556375 4.917892 3.861788 19.114376 -5.301200 14.989351 -0.950126 -8.283475 -6.277512 -14.740511 -3.573109 -7.890240 -1.469099 3.852133 0.823320 -2.695547 4.712891 2.372652 -13.297702 -5.803955 -34.312222 6.688060 7.373507 -2.384582 11.314581 5.755651
-1.479718 19.581743 -4.819254 16.952097 7.642227 4.936607 4.126271 19.195639 -5.162898 15.071543 -0.762520 -8.222661 -6.419861 -14.729782 -3.839272 -7.927879 -1.569893 3.837784 0.998694 -2.806932 4.556085 2.245059 -12.416699 -5.846776 -34.288136 6.777274 6.958555 -2.346010 11.248304 6.067315
-1.515956 19.604591 -4.793726 16.947544 7.605680 4.980938 4.083185 19.159269 -5.235002 15.079533 -0.794681 -8.298144 -6.442065 -14.734652 -3.751136 -7.946542 -1.582754 3.865916 0.977010 -2.862267 4.608320 2.518964 -13.332284 -5.780461 -34.403408 6.717937 7.224399 -2.269984 11.258202 5.683256
-1.522003 19.634077 -4.805049 16.900354 7.645984 5.000879 4.041193 19.148127 -5.190011 15.051699 -0.811524 -8.289419 -6.455121 -14.723838 -3.700904 -7.953492 -1.645460 3.891668 0.975994 -2.918627 4.704454 2.806520 -14.772227 -5.491890 -34.568378 6.499147 7.695428 -2.262078 11.412155 5.241961
-1.542036 19.613523 -4.850181 16.889727 7.607551 4.995586 4.056024 19.152300 -5.197874 15.079983 -0.814788 -8.258533 -6.450522 -14.712099 -3.732348 -7.977159 -1.645466 3.879491 0.988326 -2.911517 4.567306 2.409641 -13.085637 -5.729529 -34.400421 6.682454 7.085265 -2.356566 11.294234 5.694537
-1.484799 19.720837 -4.883058 16.902092 7.621503 4.938989 3.982468 19.188044 -5.162122 15.028629 -0.975261 -8.396124 -6.464055 -14.712727 -3.594185 -8.166607 -1.664500 3.848088 1.009000 -2.924341 4.542287 2.271032 -12.426333 -5.836496 -34.313931 6.752724 6.851812 -2.385355 11.223999 5.905703
