11.710191 29.130848 -6.883344 4.658111 14.727131 5.552371 0.454356 16.026125 3.269915 -3.497555 -3.562125 6.336101 -0.517920 -9.668242 9.830376 0.021436 -1.833097 -0.178882 -5.020703 -6.120293 11.131633 12.660973 -13.101417 -13.343789 -13.479740 10.074986 10.274071 -25.138842 -1.376416 13.244100
11.776072 29.124012 -6.845160 4.707704 14.782048 5.604866 0.500058 16.052462 3.274071 -3.619622 -3.582559 6.405597 -0.536418 -9.651575 9.848953 0.037889 -1.852338 -0.215974 -5.025956 -6.103827 11.556355 12.813133 -13.526221 -13.804423 -13.112457 10.148849 10.437737 -25.407476 -1.486293 13.209054
9.100240 17.386402 -0.316497 10.891354 19.929098 -3.638858 8.825245 23.542624 0.309297 -2.974783 -3.919538 5.930883 -3.422019 -13.240453 3.463636 -2.236677 -0.100592 -5.090730 -0.477595 -0.417102 14.977174 9.654448 -15.771800 -24.289791 -14.812526 15.716209 0.420243 -13.410172 -0.655672 1.892439
9.732268 14.723089 1.243795 11.623493 19.876238 -4.959588 9.737298 25.474588 1.202295 -2.439603 -4.687204 6.037232 -2.968694 -13.716040 3.103508 -2.328094 0.582895 -5.575860 -0.192341 1.658787 18.017712 8.663729 -15.169078 -26.941307 -14.115580 16.903185 3.664726 -10.312560 1.507782 2.364583
10.514917 13.778852 2.190701 12.545000 19.388201 -6.078117 9.157356 26.906551 1.380866 -1.491072 -5.012342 5.525087 -2.999073 -14.099498 3.055306 -2.165375 1.518672 -5.137220 0.218094 2.593060 19.728209 6.631586 -14.958428 -25.867102 -14.668491 16.131708 3.882634 -8.023816 3.573606 3.451288
11.065488 13.384239 3.262549 13.253642 18.857225 -7.297112 8.304467 27.478937 1.308222 -0.651568 -5.466572 5.320061 -2.355888 -14.253345 3.184757 -1.801465 2.173132 -5.413685 -0.106405 3.422866 21.939554 6.204144 -14.416111 -26.108555 -14.262724 16.347761 3.857649 -6.657544 4.631765 2.836628
11.890948 12.768471 3.442995 13.460008 18.826447 -8.157127 7.674224 27.909761 2.008932 0.664538 -5.586375 5.404888 -2.062816 -14.236238 3.068222 -1.292513 2.762983 -5.612376 -0.504809 4.167749 22.617916 5.949888 -14.674947 -27.304176 -13.391146 16.890123 3.898872 -4.896909 4.564181 3.031325
11.898807 12.466268 3.929977 13.738424 18.473429 -8.841799 6.583554 28.142145 2.640052 1.418035 -5.989869 5.437081 -1.776842 -14.253741 2.950419 -1.197557 3.033842 -5.923980 -0.786751 4.577060 23.789074 6.308413 -15.221517 -28.859608 -12.375178 17.491756 3.812526 -3.423257 4.562223 3.785087
11.917897 12.114912 4.616732 13.948324 17.942970 -9.007298 5.958722 28.465961 3.282307 1.832480 -6.174208 5.360818 -1.392333 -14.258991 2.900886 -0.970251 3.319493 -6.052606 -1.034617 5.002535 24.091980 6.379742 -15.556746 -29.031267 -12.152897 17.459852 4.439250 -1.821420 4.078575 5.254997
11.849499 11.760568 5.186519 14.308310 17.554068 -8.896646 5.548837 28.521492 3.795394 1.967659 -6.487392 5.250680 -0.969693 -14.231741 3.072077 -0.808984 3.544965 -6.225618 -1.329535 5.503889 24.614126 6.201483 -15.718398 -28.977337 -12.063257 17.417521 4.925200 -0.448753 4.072786 6.919816
11.966067 11.176217 5.570566 14.553825 16.579672 -8.807170 4.476869 28.990549 4.309080 1.687295 -6.294365 5.084760 -0.451722 -14.149511 3.048007 -0.395700 4.026011 -6.319038 -1.764215 5.850301 24.985701 6.718335 -15.877207 -28.237007 -12.427155 16.878315 5.027153 1.008618 4.185460 9.016723
12.108056 10.412263 6.110060 14.852871 15.572783 -8.650002 3.491196 29.720430 4.504493 1.529535 -6.214145 4.807328 -0.047152 -14.075926 3.101396 -0.023586 4.484351 -6.423016 -2.326179 5.854332 25.096605 7.272511 -16.165981 -27.750624 -12.686892 16.861647 5.134200 2.167238 4.379314 10.474769
12.333121 9.535078 6.630659 15.392595 14.611568 -8.215483 2.736476 30.062147 5.178276 0.839585 -6.307453 4.431574 0.274804 -14.069443 3.170066 0.087817 5.037355 -6.603772 -2.735965 6.079613 25.645658 7.355966 -16.658728 -27.018316 -12.670897 16.117426 5.338396 3.488309 4.458261 12.021027
12.494015 9.172075 7.293240 15.458473 13.595537 -7.604046 2.283038 30.539917 5.471421 0.818322 -6.255837 4.066365 0.399908 -13.813688 3.237628 0.054642 5.434545 -7.087516 -3.410650 6.039001 26.605207 6.368030 -17.261599 -26.967438 -11.842049 15.648632 5.125522 3.763462 4.480975 12.563840
12.452773 8.188539 8.464849 14.784047 12.248266 -6.451036 1.521788 31.474382 6.194113 0.958349 -6.134882 3.840716 1.062870 -13.419821 3.293641 0.375463 6.141214 -7.285649 -4.162880 6.326415 28.393869 5.944378 -18.089640 -25.709757 -11.391193 14.781080 3.495141 4.430178 4.711982 13.528404
12.204375 6.597971 9.683820 14.746562 10.799588 -4.489973 0.696089 32.644501 6.997025 0.430490 -5.937140 3.657054 2.110003 -13.195468 3.178690 0.896695 6.616199 -7.452212 -4.988824 6.421002 30.006952 6.725065 -18.922812 -24.846443 -11.075191 14.473925 1.894166 4.964160 4.783800 13.938069
12.290660 6.089325 10.051444 14.793036 10.323005 -4.047638 0.717362 33.016441 7.294138 0.203122 -5.756924 3.396278 2.491894 -13.150713 3.069312 1.065802 6.886506 -7.497001 -5.152898 6.468113 30.606915 7.208066 -19.253489 -24.590166 -11.071023 14.288246 1.010594 5.272033 4.575102 14.077905
12.271472 6.011333 10.187954 14.908242 9.956080 -3.955850 0.564601 33.234383 7.238158 -0.124456 -5.647201 3.314552 2.660666 -13.161158 2.980953 1.138290 7.029663 -7.543306 -5.233143 6.472078 31.251068 7.453766 -19.302179 -24.461050 -11.076694 14.345430 0.862922 5.459338 4.714452 13.879735
12.350983 5.963584 10.321457 14.953671 9.663765 -3.866856 0.536900 33.464699 7.245124 -0.120608 -5.684190 3.268072 2.712056 -13.198238 3.068609 1.174331 7.105359 -7.536478 -5.263442 6.580993 31.426125 7.542058 -19.321194 -24.419018 -11.105736 14.264120 0.832053 5.626490 4.663265 13.815879
12.296485 5.742786 10.537844 14.921022 9.264408 -3.632021 0.538530 33.767178 7.313263 -0.076152 -5.683060 3.136457 2.774293 -13.221109 3.008641 1.136701 7.163900 -7.681807 -5.295962 6.530129 31.407667 7.830130 -19.354740 -24.101353 -11.320482 14.156281 0.557369 5.701056 4.711476 13.658814
12.085343 6.190807 10.146592 14.865850 10.124333 -4.435164 0.707212 33.177483 7.254727 0.118503 -5.972434 3.681768 2.335874 -13.170938 3.104110 1.063828 6.929208 -7.743651 -5.354479 6.529551 30.963182 7.454429 -19.608694 -24.243500 -11.183152 14.131634 0.550298 5.635666 4.433948 14.136642
12.262063 6.202320 10.393163 14.870267 9.697833 -4.280563 0.570627 33.478897 7.098948 -0.060962 -5.830008 3.332307 2.644123 -13.270669 3.099612 1.100536 7.018057 -7.597741 -5.249218 6.583657 31.315331 7.926965 -20.632029 -23.932003 -11.459436 14.121114 1.269240 5.898379 4.913956 13.667172
17.540333 5.252562 6.493277 12.957538 -5.634675 1.373691 -1.621984 37.339813 0.510973 -9.952497 -1.326176 -3.842068 6.952042 -13.629293 3.197021 1.704386 6.271164 -3.413758 -3.414972 0.468035 31.495968 15.129143 -14.139086 -6.058389 -23.200773 8.876509 0.208557 -0.931823 15.604886 11.614546
17.299686 5.956282 6.495304 12.495888 -5.351954 1.195344 -1.754803 36.968231 0.446163 -9.827605 -1.334811 -3.526767 7.101264 -13.772923 3.293066 2.045096 6.355206 -3.075585 -3.334351 0.885878 32.366722 15.009336 -14.132438 -5.416852 -23.241188 8.386316 -0.028715 -1.108142 15.762186 11.776084
18.733055 7.973826 5.175191 11.967388 -2.405505 -5.833452 -0.877485 37.687538 -2.396357 -7.414329 -2.460071 -3.363795 6.494319 -14.896434 3.371369 1.151238 5.884138 -2.640979 -1.005988 1.726727 31.422670 8.870766 -13.082397 -9.081981 -21.756132 9.759736 7.984178 0.918746 17.740656 10.040031
18.727188 8.642277 4.988360 12.596112 -0.559197 -7.724993 -0.028834 36.879791 -2.254575 -6.116623 -2.703582 -3.257942 6.106081 -14.966310 3.358124 0.670765 5.925003 -2.689634 -0.519103 2.024218 31.030840 8.406105 -12.942374 -10.335908 -21.926264 10.571514 9.498178 2.541972 18.128023 9.836039
19.008526 8.518250 5.310910 12.858900 -0.794338 -8.387548 -0.164415 37.276295 -2.579234 -5.641730 -2.665696 -3.217350 6.298693 -14.909594 3.184127 0.657823 6.152200 -2.750215 -0.410477 2.145226 30.553045 8.112381 -12.828888 -11.109121 -21.995806 11.165460 10.255051 3.179051 18.250875 9.077298
19.297567 8.954501 4.760910 12.777550 -0.974969 -8.651275 -0.176882 37.101284 -2.837341 -5.981274 -2.925479 -3.089127 6.109807 -15.235409 3.218553 0.516895 5.749881 -2.693040 0.055853 2.229823 31.031025 7.698087 -12.784400 -11.260762 -21.545160 11.047642 10.938275 2.413649 18.560308 9.529906
18.881765 8.952039 4.967335 12.873796 -0.351233 -8.995227 -0.068973 36.697376 -2.907063 -5.627997 -2.888258 -2.716312 5.924377 -15.141945 2.987124 0.393226 5.819296 -2.695664 0.242707 2.402690 30.565414 7.519726 -12.914686 -11.294934 -22.069115 11.120602 10.765012 3.220515 18.758722 9.391826
19.173883 9.021920 4.920859 12.850580 -0.654702 -8.728723 0.150209 36.810692 -2.862216 -5.533664 -2.868972 -2.873670 5.890834 -15.195498 3.006795 0.337976 5.762801 -2.541011 0.408775 2.312337 30.921011 7.854946 -12.961478 -11.270924 -22.049032 11.155755 10.703826 3.031625 18.860243 9.318360
19.282431 9.572472 4.162193 12.060629 -1.027789 -8.846062 -0.059353 36.395161 -3.510559 -6.146185 -2.841489 -2.847797 6.261019 -15.340655 3.386777 0.585929 5.433756 -1.980193 0.594585 2.375869 30.885500 7.772817 -12.729392 -11.222638 -21.771631 11.387939 10.911035 1.667406 18.972452 9.103784
19.273308 9.750267 4.025867 11.943850 -1.065693 -8.914844 0.003259 36.286343 -3.660055 -6.269475 -2.989486 -2.741761 6.056319 -15.494328 3.406961 0.499430 5.296083 -1.875214 0.806518 2.434993 30.974174 7.826000 -12.546772 -11.111524 -21.808273 11.423025 11.122216 1.249036 19.111450 8.945977
19.257561 9.960084 4.092179 11.933265 -1.196074 -8.780448 -0.001961 36.106064 -3.602602 -6.255326 -2.984428 -2.826967 5.951031 -15.427750 3.461540 0.334599 5.222699 -1.814621 0.887565 2.301732 30.985298 7.752295 -12.489683 -10.898654 -21.806770 11.390499 11.259205 1.407576 18.992517 9.103200
19.161623 9.999033 4.030546 11.976892 -1.070040 -8.784028 0.047343 36.039902 -3.565139 -6.276244 -3.029422 -2.807265 5.906495 -15.447524 3.461928 0.303984 5.179175 -1.829556 0.885479 2.162201 30.964838 7.512324 -12.450074 -10.993350 -21.661613 11.415846 11.581897 1.262558 19.109453 9.053510
19.155624 9.975636 3.963814 11.963112 -1.072319 -8.929681 -0.008298 36.044590 -3.558561 -6.312101 -3.037357 -2.802964 5.861913 -15.467938 3.459205 0.273445 5.113061 -1.881773 0.929784 2.158759 30.771969 7.092161 -11.289397 -11.144048 -21.596170 11.500168 11.201678 1.193930 19.089079 9.347085
19.182707 10.043153 3.969184 11.906063 -1.137783 -8.893126 0.012215 36.036800 -3.599516 -6.312573 -3.034150 -2.754931 5.845303 -15.467896 3.441327 0.326904 5.120932 -1.861167 0.912946 2.131230 30.778181 7.078469 -11.293625 -11.152610 -21.550186 11.490859 11.239646 1.159898 19.098396 9.396218
19.208244 10.053782 3.945132 11.893789 -1.155071 -8.884396 0.000303 36.036102 -3.614085 -6.338529 -3.063599 -2.745343 5.851562 -15.463799 3.458570 0.309774 5.131281 -1.899980 0.868554 2.127296 30.785946 7.159873 -11.264412 -11.164674 -21.496294 11.471764 11.228610 1.030014 19.049494 9.392601
19.275806 10.098886 3.941779 11.725090 -1.351415 -8.922285 -0.061098 36.074890 -3.763501 -6.415376 -3.012979 -2.821879 5.883760 -15.482330 3.485567 0.348137 5.159198 -1.750535 0.951580 2.198163 30.672169 7.142352 -11.200207 -10.934388 -21.782652 11.402981 11.413173 1.267329 19.155443 9.480998
19.221996 9.997928 3.925344 11.861119 -1.144272 -8.908687 -0.024054 36.033176 -3.609359 -6.382179 -3.032740 -2.864617 5.870275 -15.458266 3.508037 0.260053 5.126065 -1.806303 0.949227 2.196625 30.692255 7.181071 -11.196021 -11.073546 -21.634825 11.420446 11.353942 1.178207 19.009291 9.450030
19.201458 9.977296 3.931216 11.901026 -1.086107 -8.894849 0.031824 36.002754 -3.593383 -6.387267 -3.044452 -2.863794 5.852325 -15.459757 3.507645 0.259346 5.143735 -1.832492 0.932325 2.200023 30.717598 7.130897 -11.198025 -11.133332 -21.615536 11.428410 11.417274 1.180550 19.045614 9.454271
19.237038 9.999961 3.936026 11.837784 -1.146092 -8.932515 -0.032108 36.062447 -3.624341 -6.357224 -3.024812 -2.871330 5.865278 -15.484655 3.503749 0.286318 5.126411 -1.810012 0.960822 2.232453 30.730829 7.103374 -11.206759 -11.091912 -21.684578 11.409189 11.423861 1.213387 19.083244 9.446865
19.191902 10.021969 3.912855 11.826580 -1.196506 -8.975141 0.003005 36.006836 -3.647270 -6.421491 -3.010131 -2.893736 5.931023 -15.434350 3.535098 0.295454 5.182836 -1.758215 0.910842 2.203792 30.633759 6.858506 -10.010318 -11.139081 -21.705877 11.500822 10.993026 1.158035 19.141598 9.664718
15.755158 12.252153 3.958918 11.124056 4.232032 -9.733485 1.326858 32.132534 -3.356577 -5.628044 -2.780570 -1.119419 2.985688 -15.341020 2.901453 -0.394166 4.266633 -1.200225 1.913931 2.333530 26.641932 1.687288 -10.512115 -13.004885 -20.723783 10.493326 14.020745 1.129777 16.342012 12.017629
16.768833 11.506802 4.101158 11.155925 2.243993 -9.529894 0.687602 33.377914 -3.380140 -5.694581 -2.680035 -1.498697 3.664254 -15.408726 2.894387 0.016872 4.536708 -1.538532 1.525001 2.576696 28.315565 4.019726 -12.580508 -11.475474 -21.732500 10.507421 14.009401 2.051714 17.791525 10.972443
14.797745 13.148364 4.302828 11.050601 5.951070 -9.109622 1.168709 31.572744 -2.424502 -4.221446 -2.476452 -0.620605 1.852398 -15.482252 2.725960 -0.536057 4.217179 -0.828750 2.277390 2.651676 25.874643 0.556523 -13.301584 -13.882563 -20.078144 10.089933 14.628761 1.065250 15.013086 12.606041
14.207701 15.141655 4.413960 10.842133 8.240700 -8.980563 1.546414 30.675854 -1.552803 -2.782331 -2.391300 -0.304016 1.161595 -15.249429 2.612611 -1.011720 4.126715 -0.510175 2.733358 2.388882 22.835220 -1.999372 -10.272559 -15.375151 -19.724972 10.080193 13.189762 -0.034441 13.122673 13.029351
14.084483 16.431877 3.207681 11.398867 10.711832 -9.842090 2.421936 29.791185 -1.274419 -2.039621 -2.608221 -0.588100 0.415353 -15.286192 2.716164 -2.168681 3.542532 -0.377233 3.538411 1.934811 20.836424 -0.938917 -11.356132 -15.829762 -21.213543 10.943651 13.324285 0.636805 11.798066 12.240404
13.171603 17.247646 2.417019 10.483437 12.905380 -11.016864 2.723323 28.311172 -2.178831 -2.067624 -2.756207 -0.733646 -0.530195 -15.360250 2.869768 -2.910620 2.954978 -0.251919 4.139754 1.084627 17.507387 -0.769064 -11.725500 -16.283373 -22.470385 10.991476 13.446146 -0.189097 10.767052 10.977479
11.989684 17.940735 1.644117 10.461634 14.847225 -10.977142 3.069209 26.735979 -2.685133 -2.771830 -3.369506 -0.903663 -1.874211 -15.466372 2.792475 -4.200324 2.250904 -0.857057 4.742339 0.150490 14.285302 -0.670561 -11.414498 -16.752546 -23.179041 10.978696 14.532939 -1.133780 10.157419 10.979280
9.940364 17.294174 1.972682 11.816145 16.688543 -9.245733 4.846877 24.981043 -2.687665 -4.726666 -2.851025 -2.440187 -2.439762 -15.297697 2.572878 -5.290328 2.278719 -0.752796 5.156316 -1.618496 10.142179 -1.762478 -11.885139 -15.903836 -24.973841 9.712603 15.182858 -1.975219 9.864250 11.311187
8.235370 17.680786 3.609219 10.830715 16.950598 -7.665477 5.920656 24.670244 -2.867477 -4.620250 -2.224583 -2.562789 -3.730622 -14.996201 1.856225 -5.601986 2.260447 -0.896578 5.205285 -2.937788 7.280760 -1.789142 -12.092517 -15.272424 -26.493460 9.364397 14.212143 -2.568740 10.054070 11.110757
8.040118 19.250286 4.823741 8.688200 17.056246 -5.709900 6.604951 24.785460 -2.906798 -2.905248 -1.895648 -2.048708 -5.090623 -14.606543 1.132912 -6.201453 1.965728 -1.563793 5.118238 -3.861834 4.940075 -1.585929 -13.027675 -14.045814 -27.733412 8.631954 12.048046 -4.627602 10.373204 8.988194
8.045238 20.084114 5.783622 7.338406 18.411951 -4.014821 6.571500 24.910448 -1.728794 0.148058 -0.228214 -2.443386 -6.209900 -14.570948 0.273755 -6.253261 1.757723 -0.707456 5.895295 -5.806679 2.807801 -2.003401 -14.526511 -10.614190 -29.726067 6.851645 10.681927 -5.185584 10.914238 8.202285
7.745894 20.981590 6.287446 6.735387 19.472321 -2.892125 7.735421 24.136803 -0.427710 1.957362 0.795240 -2.810873 -6.901429 -14.533097 -0.276971 -6.659738 1.574488 -0.241018 6.808606 -6.500044 2.465309 -1.222507 -16.931231 -7.905079 -31.507185 5.151094 9.022777 -6.036084 11.421043 6.276673
7.497753 21.731529 6.263726 6.492624 19.594103 -2.862410 7.803168 23.592009 -0.661891 2.026023 1.065446 -2.887441 -6.932299 -14.494968 -0.511974 -6.804407 1.566560 -0.237719 7.071184 -6.455911 2.041106 -1.704376 -15.382163 -7.919717 -31.437582 5.202733 7.768493 -6.560393 11.349707 6.649168
7.382464 21.737278 6.245365 6.490357 19.737028 -2.791079 7.944153 23.478792 -0.756849 1.868940 1.137130 -2.854539 -6.890345 -14.442209 -0.508358 -6.725589 1.675083 -0.191011 6.998491 -6.375209 2.092309 -1.620623 -14.772695 -8.565190 -31.054625 5.703147 7.119019 -7.008145 11.108979 6.264279
7.406559 21.712284 6.303819 6.531515 19.766211 -2.784494 7.939855 23.479774 -0.768093 1.867661 0.973168 -2.951881 -6.912786 -14.406361 -0.413304 -6.878427 1.683127 -0.335376 6.951407 -6.358601 2.249149 -1.296467 -15.689777 -8.512736 -31.107857 5.660383 7.443132 -6.860791 11.032915 6.008952
7.413048 21.692305 6.243960 6.545822 19.809746 -2.834499 7.890205 23.386436 -0.743428 1.819365 0.951670 -2.863071 -7.061261 -14.379983 -0.416395 -6.863442 1.699879 -0.320979 6.938766 -6.314084 2.714494 -0.947161 -17.098375 -8.685679 -30.962429 5.693311 7.947423 -6.847106 10.980429 5.615081
7.321343 21.584003 6.295599 6.513843 19.870148 -2.869734 7.992517 23.397772 -0.818804 1.847811 0.724729 -2.905790 -7.075218 -14.414285 -0.357605 -7.023360 1.693632 -0.446308 6.948367 -6.224989 2.524972 -1.406300 -15.487548 -9.128907 -30.660641 5.937724 7.350870 -7.003105 10.719259 6.117046
7.314330 21.523111 6.330484 6.558134 19.900244 -2.895099 7.950148 23.426500 -0.770554 1.873167 0.590885 -2.872171 -7.139889 -14.395964 -0.335717 -7.130168 1.683083 -0.501530 6.952223 -6.190092 2.564717 -1.480985 -14.824023 -9.312678 -30.489691 6.095576 6.970943 -7.108823 10.585157 6.192084
