-0.196291 25.704279 -18.585840 14.190094 0.536044 10.303565 -0.258265 11.197614 3.294771 8.719845 2.396433 2.958930 4.051789 -9.235815 -3.414417 -5.177392 -4.080605 8.663171 -2.994485 -7.066086 8.926464 5.972115 10.311409 -13.740693 -12.046015 10.928410 0.992175 -27.380991 -2.003505 20.593504
-0.196864 25.663677 -18.620989 14.268069 0.515947 10.357649 -0.225112 11.180202 3.344445 8.700463 2.487448 2.774229 3.862987 -9.323923 -3.345963 -5.000413 -4.177937 8.670087 -3.148355 -6.896017 9.019541 5.989466 10.347547 -13.922267 -12.238163 10.764028 0.917224 -27.425653 -1.992927 20.589508
-2.909144 27.340424 -23.743416 4.805385 5.510292 4.460298 0.840497 4.758301 -0.498831 10.546446 3.949969 4.339948 0.529806 -4.243597 -2.306201 -7.265790 -8.527182 10.415038 -3.549541 -7.852673 2.052368 0.579561 11.611018 -24.224022 -12.759630 6.130403 12.140459 -28.994396 -6.352866 16.551699
-3.480497 27.613605 -23.752594 3.882706 6.835217 3.141140 1.075703 3.343215 -0.148034 10.242983 4.095917 4.456492 -0.197130 -3.677720 -2.549688 -7.462454 -8.522587 10.773312 -4.021746 -8.415651 0.006508 0.955470 11.134660 -25.583832 -12.781012 6.166883 12.372199 -29.485714 -7.310268 16.523289
-3.390882 28.189327 -24.464478 3.342872 7.898331 1.943041 1.598742 2.050705 -0.318562 10.419373 4.112530 4.668780 -0.941238 -3.307390 -2.577608 -7.529109 -8.771446 11.195782 -4.112902 -9.068504 -2.270780 1.243202 10.656644 -25.616993 -11.968079 6.311365 12.558856 -30.305170 -8.259556 16.060011
-3.512928 28.310619 -24.676575 3.166983 8.322696 1.704062 1.643797 1.684795 -0.346358 10.467582 4.072431 4.779574 -1.252233 -3.227065 -2.539342 -7.603909 -8.890215 11.311649 -4.036617 -9.351256 -2.538818 1.119250 10.618240 -25.908958 -11.824006 6.281507 12.855235 -30.170912 -8.641523 16.143089
-3.691406 28.539467 -24.847960 3.010963 8.842577 1.264046 1.759649 1.293254 -0.485533 10.641922 4.107913 4.845971 -1.350958 -3.204405 -2.571793 -7.619062 -8.939341 11.279556 -3.991119 -9.390041 -2.880734 1.023744 10.563609 -26.149639 -11.702915 6.267552 13.103265 -30.072611 -8.955949 16.307079
-3.674816 28.527462 -24.842943 3.005872 8.801167 1.291384 1.734453 1.326411 -0.475701 10.629379 4.098235 4.847346 -1.362103 -3.194324 -2.559302 -7.626440 -8.951241 11.293939 -3.979339 -9.403343 -2.894575 1.003917 10.561492 -26.145653 -11.685440 6.245480 13.116181 -30.071877 -8.988918 16.282644
-3.674210 28.527960 -24.843090 3.004954 8.800596 1.290992 1.733591 1.326507 -0.475677 10.629517 4.097763 4.847874 -1.362993 -3.194942 -2.559719 -7.626008 -8.950500 11.294193 -3.979426 -9.404467 -2.893316 1.003985 10.562219 -26.145535 -11.685535 6.245846 13.116120 -30.071302 -8.989267 16.281307
-3.716049 28.541271 -24.864111 2.971470 8.870213 1.273500 1.772465 1.252994 -0.488959 10.628685 4.095582 4.853720 -1.374225 -3.200531 -2.561534 -7.622510 -8.944448 11.298644 -3.975954 -9.414179 -2.873652 0.995433 10.554406 -26.117588 -11.672043 6.224845 13.103652 -30.084805 -9.016363 16.287392
-3.715858 28.542221 -24.863768 2.971884 8.870173 1.273070 1.772767 1.253140 -0.489359 10.629488 4.095797 4.853985 -1.374482 -3.200566 -2.561734 -7.622404 -8.944700 11.298604 -3.975764 -9.413763 -2.874029 0.995520 10.554336 -26.117781 -11.672205 6.225063 13.103660 -30.084917 -9.015783 16.287563
-3.715763 28.541969 -24.863642 2.972108 8.869713 1.273552 1.772734 1.253500 -0.489335 10.629364 4.095915 4.854003 -1.374434 -3.200507 -2.561798 -7.622545 -8.945044 11.298378 -3.975414 -9.413116 -2.873493 0.995913 10.554160 -26.116949 -11.672544 6.224960 13.102900 -30.085382 -9.014343 16.287743
-3.718709 28.543251 -24.863092 2.968489 8.877237 1.273615 1.779017 1.252068 -0.489379 10.635471 4.089638 4.852834 -1.375016 -3.198595 -2.556452 -7.624676 -8.945341 11.295619 -3.977809 -9.412180 -2.872728 0.987565 10.556861 -26.111660 -11.677873 6.225293 13.100575 -30.101543 -9.002598 16.276840
-3.714569 28.543104 -24.862007 2.969731 8.871067 1.275974 1.774230 1.256175 -0.487999 10.635433 4.089258 4.853138 -1.375206 -3.199057 -2.556940 -7.624678 -8.945488 11.295500 -3.977395 -9.412107 -2.873170 0.995995 10.553924 -26.116489 -11.672558 6.224695 13.102544 -30.085489 -9.014124 16.288277
-3.742587 28.521997 -24.864269 3.008022 8.871246 1.268868 1.798711 1.236720 -0.429742 10.621151 4.165084 4.697537 -1.550680 -3.270711 -2.399397 -7.430549 -8.977062 11.287176 -4.057795 -9.357176 -2.872624 0.987417 10.585101 -26.116932 -11.670904 6.226577 13.096148 -30.086231 -9.016267 16.302204
-3.751143 28.523018 -24.873894 2.997579 8.888698 1.257205 1.803574 1.222188 -0.432143 10.620639 4.167395 4.697337 -1.548910 -3.270295 -2.399697 -7.429214 -8.976475 11.284681 -4.059095 -9.358856 -2.884653 0.987638 10.584605 -26.126778 -11.666600 6.227966 13.102542 -30.081549 -9.029459 16.307362
-3.714380 28.543245 -24.861813 2.969629 8.870989 1.276122 1.774530 1.256029 -0.488057 10.635386 4.089221 4.853217 -1.375195 -3.198975 -2.556918 -7.624514 -8.945234 11.295467 -3.977643 -9.412712 -2.874277 0.996079 10.553967 -26.116859 -11.672183 6.224826 13.102890 -30.085577 -9.015231 16.287550
-3.715036 28.533867 -24.893938 2.960261 8.879236 1.255962 1.760906 1.244914 -0.487679 10.635326 4.092308 4.854245 -1.381700 -3.194307 -2.557974 -7.628857 -8.945795 11.289487 -3.982845 -9.435052 -2.871914 1.009282 10.551320 -26.128139 -11.667456 6.236517 13.104592 -30.056479 -9.034103 16.303894
-3.715571 28.532492 -24.894587 2.960408 8.878811 1.254332 1.759396 1.244857 -0.487213 10.633942 4.092308 4.854245 -1.381700 -3.194307 -2.557974 -7.628857 -8.945795 11.289487 -3.982845 -9.435052 -2.871931 1.007367 10.556605 -26.128273 -11.667150 6.236465 13.101327 -30.058170 -9.033876 16.304190
-3.745183 28.510576 -24.897812 2.998562 8.877055 1.245493 1.784620 1.225280 -0.426218 10.618539 4.168056 4.698602 -1.557359 -3.265999 -2.400327 -7.434891 -8.977612 11.281379 -4.062961 -9.379896 -2.869979 0.999630 10.586700 -26.128675 -11.666079 6.238195 13.094165 -30.059889 -9.034849 16.318134
-3.742949 28.510757 -24.897886 2.998520 8.878146 1.246920 1.783472 1.226262 -0.429227 10.618844 4.168175 4.697932 -1.558179 -3.266035 -2.399586 -7.434365 -8.978251 11.281132 -4.062771 -9.379578 -2.870478 0.998869 10.589445 -26.128048 -11.666191 6.238149 13.092503 -30.060776 -9.032739 16.318768
-3.742787 28.510750 -24.897608 2.998723 8.877857 1.247158 1.783453 1.226496 -0.429208 10.618834 4.168185 4.697886 -1.558040 -3.266091 -2.399656 -7.434341 -8.978199 11.281064 -4.062821 -9.379417 -2.870150 0.998784 10.589503 -26.127508 -11.666476 6.238173 13.092074 -30.061470 -9.031894 16.318443
-17.995005 25.600643 -6.483079 3.393708 18.990208 10.034857 5.727240 -0.654626 6.226181 15.822100 6.234365 6.533282 -6.932631 -2.539324 -5.719623 -5.979856 -1.978537 10.800329 -5.968239 -6.614928 -10.067731 -5.882308 -0.062831 -27.702431 -13.318665 1.586986 -1.594963 -21.501474 -14.118539 22.966043
-20.115437 26.940458 -4.485612 3.908385 20.960249 8.308080 5.518332 -1.504279 5.902893 18.090368 6.653780 6.938214 -7.719153 -2.010238 -6.260032 -6.371979 -0.644805 11.351707 -5.239372 -6.660137 -11.074239 -8.766922 -1.779633 -28.479218 -10.439583 2.500434 -2.695758 -21.428568 -13.517124 24.858496
-21.571152 26.734882 -2.388227 2.406156 20.345720 7.045379 4.356289 -1.755153 4.406070 19.895315 6.975218 7.436353 -9.256551 -1.560255 -4.908715 -6.044537 1.188164 11.239108 -4.061552 -7.282260 -14.093600 -11.396326 -3.478325 -22.757277 -6.267452 6.199194 -4.649433 -19.864866 -11.992920 23.930916
-23.176968 25.691463 -0.890982 0.985355 20.288160 5.840964 3.039593 -2.065411 3.576661 20.906572 7.028855 6.294429 -9.837242 -0.704007 -4.218169 -6.581007 2.185607 11.461715 -3.766479 -7.005656 -15.777607 -14.934351 -4.426124 -21.458244 -5.667043 6.596143 -4.634429 -18.257467 -10.499331 23.370070
-24.101017 24.752333 1.353099 0.260129 19.815651 3.948074 2.668658 -0.993228 2.867568 21.837523 6.823607 5.676444 -9.901473 -0.262224 -3.897228 -6.987693 3.415432 11.676458 -3.237000 -6.872594 -15.613010 -16.549940 -5.633806 -19.584538 -4.579254 8.304514 -4.062755 -15.670863 -8.869556 23.001022
-24.346651 23.197729 3.318053 -1.241990 19.379282 2.231961 1.596495 0.264447 1.803092 23.024897 6.423216 4.679950 -9.864181 0.533944 -3.355120 -7.627226 4.605510 11.983171 -3.132275 -6.676224 -15.829261 -17.782816 -7.691675 -18.619978 -3.712381 8.506060 -4.961089 -14.070457 -7.813267 21.435856
-24.735245 22.065361 4.739457 -2.796324 18.784559 1.351174 0.657897 1.329777 -0.259116 24.775225 6.248154 3.342351 -10.329086 1.474054 -1.875604 -8.170901 5.938796 12.240564 -2.463086 -6.914486 -16.351217 -19.335550 -7.835884 -15.344516 -4.198335 9.444693 -4.944415 -11.018847 -6.264305 20.786182
-25.437614 20.607704 5.827183 -3.366660 17.112125 0.352918 -1.560266 1.916518 -3.159330 26.506212 5.598139 1.578133 -10.574302 2.467399 0.212925 -8.431087 7.166498 11.920340 -1.775912 -7.117840 -16.638113 -22.630171 -8.284823 -12.824284 -3.292487 10.372773 -4.438221 -9.519316 -3.490338 20.299690
-26.110989 17.830963 6.830990 -3.112282 14.570041 -0.858990 -2.584109 3.638235 -4.841629 28.466078 4.910777 0.281958 -10.590017 2.771366 1.735625 -8.616796 8.071056 11.240572 -1.039747 -6.294279 -16.646145 -25.698177 -7.931873 -10.750459 -1.261255 11.559759 -4.376423 -7.567511 -1.337483 19.003662
-26.501139 14.192331 7.755033 -2.067423 11.734301 -1.149509 -3.414796 5.519610 -7.002337 30.305086 4.443346 -0.743309 -9.662695 3.704202 2.896339 -9.157910 9.417511 10.197973 -0.310059 -5.041606 -14.611163 -27.571405 -7.118598 -8.410930 -0.034349 12.702227 -4.580861 -5.866063 1.654116 16.671816
-26.079884 10.348562 8.547103 0.102733 9.551804 -2.003027 -2.561192 7.560650 -8.516783 32.072075 4.093611 -0.936168 -9.073095 4.108342 3.234797 -9.528331 10.281691 9.224547 0.626501 -3.473044 -11.929647 -27.846697 -5.898288 -6.493003 0.268897 13.980923 -4.247703 -3.493454 4.827310 14.638492
-23.466951 7.521333 10.358447 2.354491 5.778303 -1.113382 -2.043786 11.111585 -10.422252 33.577961 3.693809 -2.614348 -7.847761 3.666041 3.661637 -9.857397 11.472389 8.235323 2.086402 -1.969252 -7.748295 -27.623896 -3.635375 -2.443065 -0.853640 15.259176 -3.604778 0.564562 10.109568 14.777612
-18.467915 4.807340 13.090306 4.212081 1.680519 1.891931 -0.110200 15.761775 -11.779517 33.596516 3.743740 -4.884708 -5.876483 2.277163 3.905058 -10.247877 12.368683 7.103204 4.795929 -0.496088 -2.146362 -26.263151 -0.890334 2.653793 -3.678965 16.718771 -5.189838 4.037795 14.695383 12.714755
-16.748363 3.632612 12.989667 4.674918 0.861770 0.803062 1.457748 17.731829 -12.883204 34.549610 3.728068 -5.054365 -5.836014 2.166802 3.599572 -10.448086 12.639355 6.836109 5.452065 0.716305 0.032679 -26.717388 -0.562833 2.994613 -3.793392 17.012325 -5.493257 6.939723 15.294603 11.528575
-16.502991 3.556215 12.615542 4.919497 1.223705 0.200492 1.462177 17.994867 -13.180354 34.820148 3.627440 -4.808991 -5.911509 2.233047 3.295637 -10.658365 12.636816 6.690572 5.600418 1.001534 0.366604 -26.868937 -0.394504 2.585021 -3.604347 17.128267 -5.682085 7.413453 14.959764 11.352607
-16.954323 3.354081 12.493033 5.247083 1.757628 -0.235932 1.622176 17.815889 -13.061730 34.809658 3.462435 -4.477138 -6.094692 2.576772 3.118328 -10.925246 12.496447 6.749251 5.562942 1.009435 -0.302071 -26.955465 -0.769238 1.608474 -3.209962 17.219028 -5.008680 7.645695 14.093567 11.977703
-16.283379 3.359657 12.732933 4.990927 1.029187 0.529119 1.436104 18.183079 -13.058330 34.782475 3.636931 -5.076598 -5.858114 2.163517 3.427124 -10.497859 12.680113 6.607610 5.534662 1.082620 0.543016 -26.714901 -0.051651 2.813090 -3.950857 17.041193 -5.883006 7.438313 15.217088 11.281489
-16.224491 3.301691 12.810891 4.940915 0.962367 0.536348 1.403486 18.294275 -13.248553 34.837032 3.713723 -5.090904 -5.763143 2.147379 3.401183 -10.563839 12.662180 6.511798 5.634806 1.126595 0.683281 -26.703157 0.129615 3.130327 -4.010113 17.011251 -5.869226 7.616680 15.256737 11.252828
-15.724839 3.863276 12.446250 4.659054 1.002038 0.155930 1.280578 18.542860 -13.673169 35.245300 3.792267 -4.953779 -5.913773 1.998335 3.097633 -10.649719 12.136662 6.462678 5.931399 1.370794 0.485495 -26.249876 0.612172 3.545769 -4.633445 17.456369 -5.346662 8.051917 14.971954 10.691186
-15.483014 3.813227 11.940389 4.615972 1.164924 -0.187544 1.033576 18.836420 -13.397754 35.496655 3.823201 -5.078146 -6.010909 1.836048 2.943266 -10.813699 11.895357 6.497506 6.170300 1.516123 0.379682 -26.322203 1.023736 3.451998 -4.589303 17.465475 -4.522598 8.059924 14.614746 10.868603
-14.747561 3.575641 9.278810 4.411981 3.250295 -3.071837 1.689412 19.011427 -13.670805 35.573734 3.765624 -3.624933 -7.805782 2.121066 1.979503 -11.298657 11.371290 5.830392 6.294068 1.745045 -0.440962 -26.075661 0.857132 -0.439569 -3.658946 18.507778 -3.065115 9.499395 12.185297 9.172258
-15.739593 3.215814 7.582177 5.138356 5.064411 -5.463364 1.475224 17.234934 -12.660515 34.571430 3.611044 -2.019504 -8.194858 3.391088 1.312314 -11.183234 12.015322 5.329870 4.701352 1.763779 -2.438925 -24.834455 -1.327981 -4.910828 -2.355632 19.065722 -3.565313 8.658875 10.457626 7.935191
-14.955082 4.079487 4.748450 4.993030 7.259470 -7.468527 0.038224 17.215351 -12.955782 35.356133 3.947207 -1.010428 -9.345107 3.358289 0.545198 -10.942840 10.641323 5.094887 4.236485 2.070953 -4.080513 -24.714359 -0.982233 -8.216146 -2.942234 19.766865 -1.524062 8.658767 7.440504 6.092569
-13.610131 3.566660 3.200483 5.466862 7.167105 -8.784959 -0.714258 18.386587 -12.166891 35.459827 4.517056 -0.441388 -9.620639 2.884094 -0.712276 -11.049979 9.920614 4.052032 4.560920 2.699974 -4.014694 -23.762297 0.463699 -8.852008 -3.933833 21.028421 -1.503890 8.796808 5.886772 3.930570
-10.701391 4.341093 -0.010850 5.643934 8.298454 -10.059065 -3.183552 18.959620 -11.631565 34.169250 5.053256 0.281545 -10.696485 2.073746 -2.280555 -11.437085 8.501459 3.437345 5.377591 3.514085 -4.396834 -22.130180 2.511742 -9.296967 -4.941131 22.105688 -0.998673 8.640131 3.709203 0.193942
-10.498096 2.927697 -0.339331 6.996184 8.089388 -10.119363 -3.221807 18.878920 -10.026349 32.719574 5.343901 -0.005607 -10.179784 1.956490 -2.556269 -11.539371 8.369051 2.724110 5.356425 3.687922 -4.272221 -20.836790 2.981771 -9.284117 -5.554214 22.556717 -1.305737 8.414979 3.950879 -2.393909
-10.352911 1.645917 -0.187620 8.240131 8.020170 -10.977990 -2.300199 19.207199 -8.654315 31.336243 5.470314 -0.352746 -9.484097 2.009482 -2.792624 -11.711907 8.482393 1.764686 5.141868 3.693710 -4.498240 -19.642002 2.409333 -9.268554 -5.653062 23.021742 -1.763146 8.062782 4.602300 -4.333984
-7.993155 1.201275 -2.520895 8.753897 8.516206 -11.502314 -2.900190 20.076529 -8.195467 29.625181 6.426588 -0.233941 -9.827878 1.120453 -3.012336 -10.931501 7.249269 1.546629 5.639359 4.372449 -4.369204 -17.770145 4.280074 -8.678832 -7.212457 23.070715 -0.758915 8.430114 3.326440 -6.809220
-10.769215 -2.838451 -0.921627 9.865959 8.808569 -11.259708 -0.609790 20.696302 -7.215277 29.316042 5.988971 -1.534824 -7.680046 3.049228 -2.166863 -11.619552 8.444822 0.794343 3.905170 3.401591 -5.479856 -18.246912 1.155363 -8.047219 -5.556243 23.875196 -4.863806 4.956595 6.302720 -7.603983
-12.259392 -6.036780 0.598851 9.284601 8.466827 -9.091611 -0.711571 22.246384 -7.019199 28.381943 6.153421 -1.736426 -6.764422 3.945576 -1.329354 -11.738764 8.777231 1.178307 3.144296 2.656646 -6.244033 -18.768099 -0.520782 -7.328394 -4.675931 23.570929 -6.653254 2.669775 7.696533 -9.277601
-13.842261 -7.568965 1.114588 8.501938 7.791482 -8.082599 -1.589909 22.180935 -6.201573 26.478798 6.646312 -2.382886 -5.937833 4.031730 -0.404124 -10.865722 8.622194 1.687624 2.491914 2.800329 -5.961748 -18.346113 -0.747047 -6.351080 -5.253834 22.348635 -8.397018 0.506551 8.154309 -10.304673
-17.543720 -10.469841 2.344270 7.143760 7.098140 -5.315249 -3.594755 20.918440 -6.876011 25.613802 6.770624 -2.274828 -5.231358 5.347409 1.434624 -9.835916 9.416061 3.441675 0.938252 1.464756 -7.572814 -19.452234 -3.090804 -6.695930 -3.890743 21.106247 -12.545706 -3.225488 9.611130 -9.797334
-20.081093 -11.736696 1.703319 3.261283 8.531121 -4.851153 -4.465987 20.370987 -7.684711 23.820082 7.356096 -1.916519 -3.821058 6.575716 2.426557 -8.682270 8.258266 5.198566 -0.626130 1.124749 -9.255362 -22.513071 -5.091979 -7.907287 -2.600841 17.519659 -14.422267 -7.414672 8.123099 -10.372353
-21.183350 -10.833916 3.259419 0.298109 9.776541 -3.998468 -3.509290 19.816843 -8.790200 22.139954 7.665063 -2.747396 -2.035358 7.406762 3.459934 -8.592028 7.803422 6.386685 -0.973471 0.689791 -8.391891 -25.189238 -6.120159 -5.839961 -3.034229 14.356283 -16.402409 -10.201247 9.082089 -10.351234
-24.158676 -11.545048 6.430527 0.072178 11.930710 -1.319437 0.191733 18.974302 -8.813123 20.526075 7.830688 -3.102981 -0.774280 7.956667 4.490339 -8.341662 7.633972 6.804803 -1.247497 -0.180841 -8.940252 -27.853445 -7.407234 -3.208328 -1.916674 12.851867 -16.766874 -12.836908 9.871109 -8.639737
-25.314270 -10.950303 6.839544 -1.080986 12.431090 -0.661542 1.171970 18.215269 -9.265828 20.363962 7.697175 -3.065720 -0.685433 8.205400 4.873304 -8.475840 7.045866 6.890450 -1.415616 -0.559555 -9.037161 -28.693390 -8.054790 -3.312356 -1.343258 11.886531 -16.695532 -12.675367 9.058815 -7.309933
-25.910440 -11.172785 6.521659 -1.424772 12.374025 -0.725222 1.239657 17.958576 -9.681248 20.758757 7.663035 -3.163013 -0.502536 8.312303 4.918190 -8.631433 6.922106 6.869178 -1.385590 -0.627195 -9.615968 -28.768160 -8.142002 -3.419302 -1.100307 11.857388 -16.557619 -12.916327 8.549149 -6.973956
-26.228636 -10.951496 6.484199 -1.415760 12.822155 -0.667194 1.591331 17.704214 -9.450500 20.713243 7.668015 -3.128040 -0.616041 8.284208 4.920640 -8.699910 6.839804 6.902526 -1.370420 -0.688757 -9.916585 -28.889357 -8.077382 -3.510829 -1.031630 11.827619 -16.584692 -12.977469 8.291422 -7.139054
-26.296448 -10.601963 6.499796 -1.519227 12.943827 -0.647812 1.712016 17.407709 -9.557328 20.675428 7.669789 -3.067430 -0.745658 8.309250 5.001208 -8.625892 6.839373 7.051762 -1.479189 -0.729105 -9.956737 -28.944159 -8.213274 -3.701051 -0.986817 11.768064 -16.489527 -12.956313 8.195937 -6.977627
-26.214981 -10.407624 6.311407 -1.606350 13.113915 -0.631627 1.720258 17.365252 -9.348594 20.617455 7.707203 -3.019084 -0.819807 8.346175 4.983635 -8.609387 6.771692 7.031714 -1.502665 -0.726981 -10.003616 -28.867636 -8.197058 -3.835084 -0.910143 11.654329 -16.507967 -12.993533 7.910799 -6.843629
-20.779430 -19.443161 -3.799968 -7.379675 15.965452 -4.259659 -0.290794 19.041313 -10.376009 9.979807 9.514473 -3.183825 0.688041 8.201704 0.011485 -10.650243 0.906548 3.462941 -4.796149 3.058243 -0.939494 -32.477619 -2.916216 -18.835854 -6.165812 -1.551355 -11.166389 -7.194606 -2.693670 -5.815808
-19.541176 -19.797749 -2.441118 -6.860821 16.671356 -5.210100 -0.090340 19.747860 -10.104508 8.904730 10.985025 1.176965 2.908055 8.228256 1.700313 -7.950893 3.785565 0.532098 -3.159085 2.955559 -1.807410 -30.615225 -6.263875 -12.170491 0.767697 4.907108 -14.693712 -5.565594 -5.629824 -9.961797
-20.095327 -20.645908 -2.314333 -7.917305 15.221583 -6.360996 -0.481321 19.206440 -11.414474 10.296778 10.779744 1.571779 1.938252 9.034809 2.292746 -8.220504 5.074841 0.477343 -2.386305 1.367298 -3.751856 -30.572126 -7.310271 -11.956428 2.191454 6.760701 -14.858617 -4.441199 -5.390208 -8.576215
-20.321321 -22.200821 -0.372013 -6.936104 14.306465 -6.508670 0.616851 20.636793 -11.756720 10.989664 10.431787 1.220988 2.394913 9.218554 2.372990 -8.464190 5.703513 0.159885 -2.450442 2.152435 -2.811945 -30.412142 -7.707100 -11.598361 1.922972 7.319764 -15.302299 -3.196713 -3.385022 -8.896726
-20.015017 -23.934212 1.247496 -5.987247 13.929953 -7.375331 1.981903 22.932102 -12.138051 11.358797 10.235925 0.638432 2.831386 9.000747 2.706311 -8.168719 6.303730 0.083879 -2.398048 3.427004 -0.324332 -30.308966 -7.139211 -10.475928 0.656080 7.445861 -15.821729 -1.403271 -0.444806 -10.835244
-19.245768 -24.732872 3.029368 -4.920856 12.351805 -6.763813 2.454563 24.462297 -12.523242 12.091662 10.174779 -0.057700 2.838073 8.646280 2.494399 -7.940641 6.670296 0.089328 -2.270165 4.584464 1.487846 -30.189882 -6.368342 -9.000013 -0.593888 7.360183 -15.772357 0.259918 2.642073 -11.065020
-19.359064 -24.595749 2.829473 -5.022104 12.550937 -6.910850 2.299925 24.271557 -12.558068 12.112791 10.228819 0.075310 2.707428 8.726391 2.600242 -7.925034 6.639091 0.080720 -2.187520 4.340575 1.136192 -30.410917 -6.694904 -9.233239 -0.373289 7.403090 -15.927100 -0.000073 2.063047 -10.952100
-19.574398 -24.491491 2.743392 -5.186581 12.867815 -6.678265 2.246048 23.901716 -12.416633 11.669731 10.342822 0.182020 2.863214 8.790406 2.587488 -7.983531 6.604637 0.175701 -2.202819 4.101614 0.846786 -30.253368 -7.053743 -9.404555 -0.066731 7.328898 -16.004705 -0.252068 1.437778 -10.688497
-19.802212 -24.561190 2.352085 -5.281969 13.058783 -6.888271 2.328340 23.666044 -12.556824 11.597021 10.178430 0.440360 2.840542 8.802636 2.548906 -8.079993 6.540421 0.043816 -2.279125 4.002002 0.502794 -30.107958 -7.050638 -9.851087 0.151017 7.470902 -16.070265 -0.581436 0.811377 -10.856642
-19.327232 -24.603111 2.891590 -5.046280 12.345116 -6.780977 2.453283 24.286886 -12.504077 12.129198 10.211436 0.090991 2.748479 8.674656 2.540512 -7.936034 6.577600 0.113327 -2.209436 4.563020 1.313626 -30.274355 -6.539208 -9.184914 -0.507905 7.460557 -15.742814 0.087998 2.398838 -11.143675
-19.542463 -24.508745 2.632800 -5.277714 12.840559 -6.722033 2.139729 23.938810 -12.557481 11.735224 10.270877 0.029578 2.850562 8.777636 2.620878 -8.002224 6.580846 0.062436 -2.221337 4.214405 0.953988 -30.323668 -6.922458 -9.296237 -0.205407 7.222095 -15.897449 -0.227361 1.560148 -10.686210
-19.879988 -24.454914 2.065759 -5.441641 13.190916 -6.999356 2.380038 23.533216 -12.498638 11.633819 10.188865 0.451494 2.813140 8.806672 2.609922 -8.009607 6.491346 0.033777 -2.331865 3.943761 0.482628 -30.174536 -7.058663 -9.961105 0.211338 7.504650 -15.953596 -0.659619 0.728534 -10.935137
-20.091793 -24.359047 1.939709 -5.690768 13.382275 -7.104817 2.189753 23.367498 -12.525327 11.683836 10.154951 0.519714 2.901307 8.918053 2.684603 -8.073043 6.412351 0.129515 -2.347453 3.888427 0.045131 -30.239981 -7.137466 -10.220310 0.347103 7.520142 -15.913695 -0.879548 0.346544 -10.954289
-19.928215 -24.174076 1.905751 -5.837077 13.527196 -7.312900 2.144107 23.425955 -12.327105 11.558758 10.222102 0.597099 2.795611 8.938456 2.707687 -8.031761 6.442422 0.079243 -2.428736 3.765734 0.075848 -29.995657 -7.178295 -10.349619 0.427090 7.537185 -16.115061 -0.993571 -0.035684 -10.856168
-20.044228 -24.105171 1.427020 -5.882543 13.662205 -7.268372 1.959216 23.165575 -12.365327 11.560993 10.216605 0.671552 2.878859 8.973457 2.748176 -8.147654 6.369919 0.096008 -2.349308 3.594748 -0.090276 -30.118324 -7.158255 -10.364562 0.558841 7.343987 -15.914024 -1.131489 -0.235009 -10.654605
-18.926308 -24.978420 3.732469 -4.145413 11.698963 -6.813876 2.375991 25.152031 -12.797000 12.260324 10.253315 -0.125101 2.823468 8.441388 2.549037 -7.725933 6.922992 0.118784 -2.169652 5.064033 2.385901 -30.053833 -6.031787 -8.121103 -0.747924 7.511799 -15.997271 0.066919 3.835762 -11.396468
-19.086231 -24.895298 3.553079 -4.297747 11.853909 -6.779378 2.332890 24.792452 -12.701455 12.202959 10.193748 -0.028178 2.799893 8.527393 2.543560 -7.752501 6.882813 0.108353 -2.295758 4.989737 2.214956 -29.973150 -6.222666 -8.588321 -0.619697 7.522638 -16.000988 -0.056231 3.468361 -11.378051
-19.255386 -24.738604 3.390555 -4.617295 12.294744 -6.797373 2.323879 24.731070 -12.680578 12.115088 10.254117 -0.075072 2.879132 8.590578 2.435616 -7.870974 6.803598 0.055816 -2.277443 4.714179 1.756496 -30.290865 -6.391097 -8.739043 -0.574941 7.377563 -15.823239 0.146087 3.063732 -11.018618
-19.175539 -24.713966 3.160558 -4.935520 12.252649 -6.846554 2.339638 24.592239 -12.663182 12.121237 10.168854 -0.064889 2.897374 8.671160 2.513411 -7.920512 6.696741 0.087529 -2.302392 4.602581 1.551111 -30.273291 -6.403758 -8.994946 -0.618337 7.431409 -15.940112 0.217710 2.766494 -11.209771
-19.404102 -24.569469 2.898373 -5.034521 12.330578 -6.775707 2.125560 24.215956 -12.578212 12.150139 10.269565 -0.021620 2.758060 8.694554 2.586231 -7.861598 6.634433 0.067798 -2.244758 4.467625 1.138665 -30.324066 -6.583411 -9.298097 -0.423080 7.521764 -15.844969 -0.071731 2.170372 -11.104239
-20.090837 -24.312790 1.962462 -5.652391 13.270432 -7.085773 2.077649 23.398703 -12.576272 11.803133 10.173202 0.474544 2.779244 8.865279 2.658090 -8.096964 6.420224 0.062993 -2.274223 3.896576 0.046280 -30.233526 -7.077497 -10.059693 0.247779 7.601912 -15.949111 -0.888528 0.493109 -11.032514
-20.029739 -24.154739 1.549486 -5.919211 13.456497 -7.174572 1.966927 23.243391 -12.377667 11.644861 10.263385 0.604430 2.722310 8.925860 2.812878 -8.014552 6.362678 0.091627 -2.376863 3.667787 -0.041404 -29.992556 -7.198966 -10.306751 0.479790 7.374972 -15.843976 -1.180247 -0.203726 -10.717191
-20.026012 -23.842403 1.308561 -6.078681 13.806086 -7.342822 1.821964 22.877520 -12.161818 11.546761 10.253596 0.702720 2.597278 8.971394 2.718338 -8.092276 6.251976 0.098509 -2.447360 3.423528 -0.340934 -30.225063 -7.129178 -10.528509 0.633152 7.483694 -15.813132 -1.428260 -0.479938 -10.930203
