11.666705 29.026794 -6.854652 4.689647 14.674078 5.480865 0.407813 16.057394 3.312465 -3.584151 -4.353230 1.290558 -1.275267 -9.790174 5.304897 -2.072427 -5.396857 3.240652 -9.592847 -2.816134 6.262220 13.020536 -15.966169 1.887023 0.805454 22.691404 8.736260 -22.012987 -3.730056 12.723676
11.720407 29.037699 -6.819347 4.726474 14.751847 5.528389 0.468143 16.052591 3.292842 -3.684091 -4.377705 1.315627 -1.281252 -9.785955 5.270466 -2.087493 -5.430387 3.217032 -9.649920 -2.757263 6.620529 13.114120 -16.415607 1.511961 1.273161 22.881680 8.951859 -22.263655 -3.821587 12.691539
10.622725 26.529533 -7.922967 4.177128 11.756352 8.550008 -1.009451 16.139215 3.484419 -4.029668 -3.716769 1.842045 -0.628692 -9.037667 5.951000 -1.790886 -5.589799 2.372745 -9.628940 -2.499186 7.566999 12.410853 -16.755190 2.286081 2.423714 21.878792 10.101546 -20.672796 -5.791705 12.119172
11.385236 27.678738 -6.988262 4.357571 12.789221 7.837321 0.130778 16.306683 3.364780 -4.395443 -3.964958 1.547315 -0.891171 -9.264778 5.528262 -2.038725 -5.756612 2.840631 -9.739296 -2.483371 7.341087 13.384283 -16.503489 1.984987 1.930876 22.373590 9.222312 -21.234224 -5.310420 12.386151
11.134330 26.836163 -7.363603 3.464317 11.003088 10.283041 0.453351 15.827670 2.846588 -4.975353 -3.681602 2.003926 -0.605085 -8.739559 5.792113 -1.887821 -6.023067 2.621488 -9.851641 -2.383359 8.268968 14.155150 -16.703524 3.125496 2.928467 22.285566 9.056766 -20.175581 -6.907050 11.993901
10.975842 25.773350 -7.646536 3.031495 9.523352 11.918405 0.494011 15.980861 2.428379 -5.533208 -3.321161 2.405628 -0.184704 -8.118992 6.210864 -1.689065 -6.363955 2.606499 -9.895372 -1.979333 8.897353 14.773758 -16.511112 3.499263 3.375248 21.857965 9.031156 -19.521385 -8.169237 11.467982
10.808227 25.241604 -7.691010 2.790973 8.721551 13.236076 0.973193 15.798779 2.133088 -5.948763 -3.034749 2.959559 -0.042962 -7.779070 6.487949 -1.429007 -6.647970 2.701381 -9.891868 -1.606058 9.512465 15.713011 -16.364618 4.273759 3.885655 22.028870 8.339173 -19.133955 -9.062941 10.738517
11.205918 24.710766 -7.589878 2.776685 8.337538 14.601393 2.004138 15.657323 1.789507 -6.747255 -2.852794 3.419782 -0.030384 -7.535174 6.762077 -1.159832 -6.909828 3.054597 -9.854031 -1.382569 10.268020 16.565977 -16.236773 4.457355 3.913212 21.790316 7.802069 -18.586369 -9.954693 10.206625
11.693669 24.072632 -7.629045 3.024115 8.013174 15.760394 2.968767 15.628720 1.658528 -7.521500 -2.665306 3.626189 0.019992 -7.312792 6.875215 -1.074988 -7.180128 3.101059 -9.925909 -1.161962 10.793374 16.503012 -16.182463 5.203332 4.670972 21.659986 7.720081 -18.050501 -10.870423 9.854754
12.178344 23.533684 -7.571496 3.095532 7.894152 16.407070 3.588887 15.584392 1.778057 -8.153957 -2.587547 3.944529 -0.341973 -7.188622 6.750727 -1.145606 -7.560423 3.243019 -9.939891 -1.084137 11.156319 16.585428 -16.097906 5.601188 5.237536 21.444942 7.822745 -17.456701 -11.657012 9.712047
13.198879 22.716467 -7.670690 3.458167 8.403563 17.077225 4.297204 15.467831 2.359101 -9.168714 -2.534850 3.677584 -0.536422 -6.981732 6.316752 -1.685298 -8.080709 2.787048 -10.066812 -0.930505 11.681723 15.785169 -16.148752 6.448589 6.250294 21.140970 8.313297 -16.715719 -12.497325 9.958892
13.663828 22.006712 -7.916297 3.800835 9.229706 16.777231 4.367843 15.426347 3.116010 -9.775221 -2.546019 3.368035 -0.702653 -6.938798 5.824365 -2.155026 -8.415499 2.391235 -10.247338 -0.966072 12.147510 14.721270 -16.327908 7.260275 6.865699 20.887728 9.046270 -16.242466 -12.616310 10.683698
14.404378 20.854029 -8.228263 4.100664 10.105370 16.174746 3.929627 15.661355 4.259397 -10.529116 -2.547399 2.772359 -0.507753 -7.040365 5.222140 -2.598970 -8.770126 1.916231 -10.519794 -0.552612 12.700044 13.715389 -16.248587 7.796207 7.311428 20.587671 9.899732 -15.512446 -12.801578 11.462972
14.918676 20.089455 -8.501445 4.342407 11.725624 14.759980 3.609103 15.811126 5.349578 -11.151427 -2.620930 2.209666 -0.224176 -7.051365 4.749138 -2.945076 -8.911839 1.519974 -10.795133 -0.349227 13.070907 12.822255 -16.350107 8.282924 8.070612 20.757618 10.920453 -14.563974 -13.203502 11.685916
15.051101 19.658823 -8.484313 4.048043 13.242788 13.299143 2.944118 16.077465 6.136258 -11.614777 -2.615427 1.650235 0.237221 -7.156291 4.397336 -3.126774 -8.865423 1.048619 -11.114362 -0.016325 13.498021 11.902275 -16.237997 8.467891 8.728844 20.892334 11.905538 -13.546374 -13.564355 11.878585
15.085178 19.575935 -8.363887 3.588097 14.460104 11.725581 2.212953 16.665628 6.729407 -11.842096 -2.635807 0.950233 0.899995 -7.260172 4.362019 -3.176973 -8.729383 0.796062 -11.373826 0.379563 13.738700 11.326534 -16.283106 8.830922 9.493475 21.174454 12.751355 -12.537975 -14.191469 12.035340
14.909175 19.583008 -8.482503 2.985438 15.339942 10.248001 1.331201 17.042156 7.234992 -11.774901 -2.609003 0.517099 1.666583 -7.344923 4.462304 -2.986655 -8.514393 0.697420 -11.574609 0.862074 13.770702 10.751345 -16.256662 8.903255 10.261456 21.603807 13.814713 -11.525914 -14.793884 11.847796
14.460139 19.843815 -8.797351 2.606354 16.250235 8.732471 0.542482 17.379984 7.602312 -11.440416 -2.684858 0.002915 2.102210 -7.469772 4.724947 -2.859311 -8.205105 0.944706 -11.634551 1.299577 13.782260 10.191845 -16.446432 9.126806 10.906750 21.834848 14.614038 -10.747264 -15.226793 11.592774
13.766984 20.024712 -8.747633 2.269860 17.245562 7.612374 0.422031 17.486479 7.651995 -11.323736 -2.781181 -0.278417 2.663936 -7.624182 4.932393 -2.728369 -7.883379 1.222569 -11.604558 1.865543 13.518194 9.104245 -16.467327 9.049264 11.454803 21.753984 15.603967 -10.529849 -15.548006 11.183958
12.958679 20.513069 -8.518472 2.251704 18.185812 6.439861 -0.116027 17.616648 7.876464 -10.866769 -3.004565 -0.488192 2.881167 -7.822459 5.140189 -2.627672 -7.633037 1.739337 -11.518790 2.121554 13.187261 8.478868 -18.094160 9.371016 11.900215 21.603930 16.817413 -10.456100 -15.640639 10.524654
12.614005 20.670288 -8.411641 1.994232 18.311146 6.186158 -0.086954 17.415899 7.564991 -10.648540 -2.990525 -0.494667 2.958311 -7.826437 5.173589 -2.643932 -7.535393 1.866167 -11.564431 2.297371 13.155398 8.018360 -18.469370 9.457790 12.167917 21.513052 17.152496 -10.253137 -15.719460 10.244186
12.458673 20.875929 -8.430184 1.931953 18.406908 6.040987 0.007493 17.299377 7.460500 -10.494225 -3.022439 -0.450466 2.881797 -7.842961 5.193385 -2.615029 -7.500919 1.954441 -11.547174 2.240791 13.119138 7.997440 -18.538906 9.435088 12.140361 21.473818 17.196497 -10.289662 -15.708292 10.238387
14.102901 20.179941 -10.093956 2.319398 15.480217 8.681150 0.530811 15.786902 7.010819 -10.162397 -2.737352 0.230229 1.773910 -7.270192 4.742928 -3.202285 -8.270180 0.927751 -11.336850 0.694846 12.585834 10.012587 -17.380926 7.292047 10.132311 21.419020 16.420458 -10.993384 -14.663239 11.432546
14.510890 22.561798 -11.504307 1.341975 10.619295 11.420400 1.332815 13.511053 3.878813 -7.554435 -2.618747 2.289698 -0.728136 -6.415345 5.220570 -3.816302 -8.877874 0.520372 -10.104064 -2.244721 10.954875 12.342676 -16.481409 2.609730 6.181167 20.053257 15.221915 -13.477540 -13.602713 10.971680
14.374078 23.890097 -11.672050 -0.188019 8.542466 11.335240 -0.659643 14.108871 3.193000 -6.604901 -2.485404 2.432953 -0.513936 -6.250626 5.636261 -3.839428 -8.573517 0.315715 -9.811152 -2.487698 10.367733 12.512583 -16.056202 1.009154 4.944044 19.823355 15.220478 -14.475345 -13.370642 9.695807
13.717673 24.806381 -12.174825 -1.290470 6.354028 11.366234 -3.158321 14.854255 2.950187 -5.743603 -2.365901 2.573441 -0.222479 -6.006504 5.809752 -3.800867 -8.327438 -0.123186 -9.717651 -2.661760 9.888184 11.774988 -15.361690 -0.406710 4.342703 20.071753 15.299056 -15.060271 -13.187572 8.080594
12.610362 25.220884 -12.180823 -1.844606 5.328338 11.059615 -4.218976 14.861968 2.471352 -4.820029 -2.301516 2.893694 -0.176096 -5.919774 5.981010 -3.793125 -7.949275 -0.398589 -9.480092 -2.817779 9.720834 10.935922 -15.297088 -1.088693 3.957054 19.624420 15.835122 -15.384873 -12.840102 8.034695
11.436368 26.048866 -11.665311 -2.918473 4.006427 11.166430 -5.498946 14.532370 1.625519 -3.585106 -2.278775 3.255075 -0.551319 -5.983398 5.776071 -3.882377 -7.619531 -0.983873 -9.302289 -3.145259 9.361148 9.943490 -15.266825 -2.037699 3.440869 18.356487 16.616098 -15.968346 -12.321009 9.118281
11.034465 27.207401 -11.841893 -3.125869 2.271599 12.946282 -5.244463 12.829659 0.822690 -2.393786 -2.076968 4.295163 -1.084117 -6.370460 5.677363 -3.430096 -7.402804 -1.550815 -9.022815 -3.667208 9.634875 8.754560 -15.477035 -2.946641 2.258605 16.705101 17.413191 -16.932014 -11.702744 10.616436
10.693686 27.847435 -11.552318 -4.313632 -0.305428 15.346231 -4.885096 11.923983 -0.737122 -1.849615 -1.960981 4.848434 -1.310478 -6.451182 6.117469 -3.071986 -6.869204 -1.822691 -8.687603 -4.119509 9.576171 7.908354 -15.382303 -3.275973 1.726017 15.733537 17.952560 -17.538568 -11.663795 11.295215
10.696406 27.809711 -11.558671 -4.364586 -0.283439 15.349982 -4.891540 11.912135 -0.730704 -1.880406 -1.952845 4.832041 -1.295571 -6.426368 6.136220 -3.086619 -6.859282 -1.841849 -8.688214 -4.121991 9.564151 7.863572 -15.379550 -3.303141 1.715703 15.711829 17.982355 -17.540606 -11.673249 11.315167
10.685740 27.766651 -11.480254 -4.446043 -0.225018 15.315303 -4.914920 12.018851 -0.745120 -1.979656 -1.960752 4.835244 -1.266001 -6.427675 6.098653 -3.105801 -6.895402 -1.837595 -8.693427 -4.068434 9.610137 7.967547 -15.386059 -3.162360 1.766528 15.798195 17.883432 -17.536242 -11.646551 11.250178
10.663283 27.721531 -11.489478 -4.381711 -0.202546 15.308788 -4.890027 12.074726 -0.753339 -1.988512 -1.984300 4.822328 -1.256056 -6.467263 6.085783 -3.095741 -6.937122 -1.814916 -8.690583 -4.019742 9.595756 8.092205 -15.390563 -3.092638 1.751373 15.849324 17.811357 -17.595366 -11.630276 11.224374
10.747715 27.661213 -11.453286 -4.329753 -0.042235 15.266656 -4.810425 12.113000 -0.733546 -2.072922 -1.977683 4.850817 -1.281018 -6.456731 6.043595 -3.061717 -6.961459 -1.740676 -8.742574 -3.982045 9.564484 8.064655 -15.375998 -3.149908 1.755690 15.821287 17.871923 -17.551218 -11.621791 11.320683
10.729344 27.674065 -11.422600 -4.376011 -0.048859 15.248423 -4.815950 12.137123 -0.769719 -2.083307 -1.982077 4.816290 -1.277218 -6.461344 6.030067 -3.050647 -6.972926 -1.689346 -8.787341 -3.953711 9.556596 8.076035 -15.408589 -3.124238 1.728089 15.863953 17.869551 -17.560144 -11.574892 11.398468
10.713163 27.697582 -11.446555 -4.344643 0.005558 15.209195 -4.796895 12.127195 -0.759886 -2.057308 -1.984083 4.823193 -1.277484 -6.466963 6.012754 -3.076344 -6.953111 -1.714516 -8.772886 -3.974875 9.545480 8.103561 -15.393763 -3.135205 1.701681 15.878604 17.854849 -17.578096 -11.551317 11.429061
10.759054 27.659283 -11.440074 -4.380089 0.003559 15.252425 -4.843800 12.153562 -0.777688 -2.105886 -1.988107 4.830096 -1.319742 -6.481347 5.998543 -3.062357 -6.968392 -1.692175 -8.783735 -3.965842 9.499986 8.054449 -15.446075 -3.129919 1.743856 15.908894 17.945559 -17.555416 -11.571012 11.481682
10.785041 27.694941 -11.445827 -4.283361 0.124121 15.191699 -4.729380 12.132903 -0.735848 -2.118624 -1.989834 4.819530 -1.325850 -6.452915 6.014528 -3.066020 -6.986235 -1.678197 -8.782834 -3.961985 9.551342 8.049824 -15.460917 -3.137690 1.735990 15.867725 17.971548 -17.540110 -11.591185 11.468458
10.762397 27.611742 -11.510005 -4.277496 0.034331 15.228263 -4.951730 12.163692 -0.627483 -2.121552 -1.968925 4.845020 -1.282183 -6.452829 6.019845 -3.054172 -6.985909 -1.698161 -8.772636 -3.921851 9.591989 8.045557 -15.412117 -3.187744 1.724155 15.851019 17.996264 -17.459475 -11.620971 11.576144
10.752527 27.700825 -11.582767 -4.201697 0.207632 15.091268 -4.918283 12.102938 -0.559927 -2.051485 -1.953502 4.816425 -1.257416 -6.408242 6.030411 -3.076197 -6.985695 -1.726100 -8.784450 -3.946434 9.386304 7.668417 -14.244285 -3.256366 1.872776 15.978992 17.498554 -17.687506 -11.663847 11.827535
10.658883 27.709646 -11.583275 -4.241405 0.260396 14.959635 -5.039914 12.169891 -0.440247 -2.052758 -1.950199 4.717050 -1.245318 -6.443285 5.995711 -3.061507 -7.030799 -1.696205 -8.851262 -3.871240 9.525291 7.662288 -14.141237 -3.245807 1.811985 15.949956 17.404131 -17.698261 -11.615668 11.799342
10.737262 27.740160 -11.605805 -3.975835 0.367233 14.904849 -4.855927 12.161620 -0.393607 -2.027599 -1.988141 4.698557 -1.198845 -6.468717 6.039079 -3.016595 -6.970299 -1.672209 -8.824424 -3.933483 9.423546 7.396595 -13.026326 -3.224301 1.929162 16.174408 16.901411 -17.780523 -11.518725 12.052981
9.134343 27.534296 -11.621634 -5.809223 -1.815853 15.894422 -5.067273 11.617747 -2.523568 -1.034039 -1.890878 4.434220 -1.094350 -5.903380 6.956514 -3.309778 -6.339949 -2.048174 -8.413344 -4.841231 9.945439 8.498428 -12.182985 -4.052974 1.395779 15.077894 16.468554 -17.808571 -12.526129 10.921638
6.780013 26.606060 -11.610532 -8.042686 -2.350839 16.490116 -3.706121 10.950160 -4.528568 -1.230093 -2.354703 2.032296 -0.622059 -5.096948 8.413006 -5.135761 -5.605704 -2.310761 -7.594795 -5.566328 9.629689 11.072849 -14.897741 -5.326711 0.435481 14.670569 17.009466 -17.685553 -12.620913 8.363564
5.347895 26.730633 -11.684129 -8.902163 -1.364673 15.527539 -3.392117 10.596080 -5.397791 -1.011399 -2.503994 0.789121 0.198667 -4.370570 8.863474 -5.944796 -5.479066 -2.517298 -7.575643 -6.352755 8.982936 11.573290 -12.530684 -6.314411 0.444448 14.973138 16.321770 -18.098471 -12.920534 5.839590
4.470354 26.412640 -12.743844 -10.543463 -0.343062 14.288943 -4.398991 10.603686 -6.046327 -0.933858 -2.641966 0.576697 0.498243 -3.955221 9.093943 -6.126553 -5.944619 -2.159110 -7.607257 -6.881513 7.363348 10.360522 -7.452757 -8.038597 1.205459 15.778446 14.648471 -18.811991 -14.142809 4.119235
4.072018 25.533581 -14.200746 -12.853613 0.387805 12.175110 -4.893388 9.801208 -6.735552 -0.707416 -2.856077 -0.020991 1.001809 -3.531114 9.521072 -6.200325 -5.983038 -1.408404 -7.812016 -6.927393 5.995607 12.186679 -8.733158 -8.360312 1.150327 15.683122 14.616237 -19.464790 -15.284321 1.714278
4.008758 25.582407 -14.619060 -14.631461 0.049726 11.973629 -4.458909 9.465338 -7.238397 -0.852950 -2.801297 -0.704106 1.629988 -3.001728 10.188176 -6.009268 -5.377992 -0.810229 -8.302921 -7.149600 5.875848 14.743644 -10.033048 -8.764736 0.762641 15.548941 13.487340 -19.893553 -15.844096 -0.720820
3.944796 25.875637 -15.221595 -16.156797 -0.690079 12.152390 -3.971079 8.760081 -8.058888 -0.643807 -2.523425 -0.918315 1.760844 -2.504570 10.721750 -5.571229 -4.994805 -0.193775 -8.966926 -7.411448 5.092409 16.353140 -9.281823 -8.503958 0.577144 16.406713 11.493343 -21.959921 -16.200850 -3.959577
4.119396 25.746605 -16.507673 -17.025871 -0.291132 10.971390 -3.382076 7.688546 -8.453614 -0.311132 -2.250016 -0.818958 2.005282 -2.063677 11.272278 -5.247650 -4.566763 0.570628 -9.410850 -7.791443 3.461061 16.319176 -9.405972 -8.795339 1.000160 16.742399 10.701110 -23.545183 -16.633821 -5.404078
4.848866 26.024639 -16.656275 -17.695822 -0.628554 9.644773 -2.862621 6.700731 -9.047910 0.296568 -2.487878 -0.752523 1.907732 -1.786809 11.467478 -5.203163 -4.138128 1.291337 -9.232774 -8.043600 1.592553 17.177925 -9.516492 -9.144291 1.012796 16.971922 9.514442 -24.383966 -17.099936 -5.848520
5.239755 27.088963 -17.324955 -18.629429 -1.267658 9.886311 -2.333702 5.319510 -9.674338 0.933122 -2.572546 -0.972371 1.734055 -1.356327 12.050283 -5.213775 -3.996452 2.188991 -9.181190 -8.290863 1.072374 19.376051 -9.864483 -8.775633 0.720919 16.674644 7.872859 -24.839087 -17.631884 -6.496481
5.424168 27.841145 -17.181948 -19.079483 -0.735645 10.728639 -0.265035 3.419857 -10.485545 1.145226 -2.550118 -0.730175 1.587874 -0.930940 12.258944 -5.021693 -4.061529 2.610563 -9.213248 -8.612772 0.760025 20.354532 -9.417695 -7.848896 0.657092 15.601256 8.663787 -26.344526 -16.649776 -6.567702
5.405203 27.595860 -17.441729 -20.102871 0.993169 9.719010 0.447070 2.033732 -10.989667 1.250872 -2.291797 0.312373 1.196363 -0.827799 12.457729 -3.895321 -3.971992 3.576505 -9.532516 -8.551901 0.903986 18.323793 -10.125232 -5.157167 1.343216 14.981092 11.027720 -29.509916 -12.773541 -6.499026
5.154377 27.563869 -18.704788 -20.031290 2.951992 7.304888 -0.272857 1.141144 -10.109299 1.961837 -2.328438 0.856101 0.903781 -0.547924 12.557019 -3.398901 -4.255055 4.306395 -9.680967 -8.675753 0.556378 19.479506 -8.978500 -3.419706 1.908924 16.235979 8.922255 -30.171618 -12.157358 -5.832902
4.936951 27.272194 -19.932180 -21.119793 4.523747 5.493229 -1.675705 -0.010396 -9.680858 2.727369 -2.411319 0.216728 0.696594 0.148854 12.776499 -4.012433 -4.903642 5.132307 -9.808138 -8.906415 -0.087420 22.940371 -9.455413 -3.354548 2.455532 16.952225 5.640047 -28.839666 -14.094528 -4.973714
5.039392 27.076160 -20.530676 -21.209467 5.150735 4.869268 -2.057704 -0.279562 -9.364922 2.846716 -2.458063 -0.079137 0.806698 0.266213 12.880301 -4.062823 -5.080555 5.252556 -9.795972 -8.856350 0.528535 23.546593 -10.299381 -2.437287 2.904084 17.009150 5.724573 -28.447824 -14.228374 -4.958166
4.721099 27.208221 -20.565817 -19.763056 5.111156 5.151685 -1.400821 0.500421 -9.000442 2.439078 -2.523256 0.350272 0.943503 -0.067261 12.802234 -4.039123 -5.182419 4.991865 -9.487383 -8.474535 0.714729 22.089554 -11.220100 -2.483439 2.584681 17.317289 7.506192 -28.379963 -13.682036 -5.665936
4.854988 26.630630 -21.598421 -20.547628 7.285299 3.223051 -2.130397 -0.117024 -8.501004 2.149956 -2.869329 -0.951693 1.422787 0.473444 13.383070 -4.674085 -5.495072 5.569196 -9.331498 -8.405596 0.957548 23.686735 -10.515075 -1.187207 3.606707 17.650597 4.910919 -27.472349 -14.773845 -4.455686
4.892149 26.647020 -21.801413 -20.837379 7.500190 3.048671 -2.247374 -0.290555 -8.687451 2.144593 -2.902109 -1.015438 1.418981 0.509284 13.476105 -4.698747 -5.516002 5.555935 -9.289279 -8.425579 0.948352 23.616758 -9.878169 -1.221237 3.913054 17.769814 4.656964 -27.072512 -15.095881 -3.962960
