-7.294652 23.161934 -21.283535 12.931931 -6.951440 3.107175 7.420862 9.847900 15.378249 8.475454 -4.991773 10.944961 4.249387 -7.354105 5.386811 -5.550289 -0.467912 0.869341 -2.899970 -7.592582 9.070194 5.952024 10.287889 -13.756371 -11.745285 11.063033 0.996500 -27.507359 -2.012926 20.651665
-7.782572 23.089735 -21.516367 12.970485 -7.387090 2.600353 8.137704 9.722142 16.100174 8.428964 -5.044843 11.013960 4.253287 -7.311417 5.392550 -5.583921 -0.477966 0.824343 -2.926481 -7.570480 9.484888 6.004836 10.300795 -14.257184 -11.348728 11.182852 1.008761 -27.829233 -2.087254 20.743757
-7.867226 17.234943 -21.457331 5.807727 -10.885713 6.124791 5.903388 9.648759 17.398584 3.483798 -3.552389 10.736052 5.965383 -5.160522 5.576375 -6.487383 -1.971729 -1.262084 -3.495709 -5.586334 13.898528 5.398028 10.007051 -9.337010 -5.123961 10.125376 4.075583 -19.744352 -10.668968 18.731541
-6.636296 12.602869 -21.231627 4.039470 -12.585191 10.381545 5.472755 11.902434 19.048985 -1.447436 -2.586537 10.584113 7.569037 -3.999898 5.439606 -6.614383 -2.530049 -1.645311 -4.529595 -3.794456 17.346548 6.150128 10.769747 -8.684926 -3.621021 8.171116 4.673207 -16.260805 -14.919413 18.369915
-6.466860 8.923632 -21.700293 2.845366 -13.459525 12.544530 3.488983 13.431003 19.331959 -3.611846 -2.246135 10.842777 7.330369 -3.948836 5.036321 -6.585834 -2.896762 -2.074554 -4.712453 -2.915077 19.906494 5.053122 10.085279 -6.861448 -2.792283 5.752252 4.102789 -15.848311 -16.305502 17.642027
-5.685475 5.998698 -21.803158 2.688588 -10.572855 12.574075 2.199459 13.262588 19.820723 -4.991949 -2.176452 10.411081 7.508286 -3.354652 5.066416 -7.124255 -3.550266 -2.621160 -4.562928 -2.147501 19.771650 5.813661 9.546902 -6.515454 -1.634874 5.558333 4.326306 -16.074041 -17.556641 14.633815
-7.669585 1.795209 -19.534441 1.871266 -5.988080 16.684559 -0.056634 12.837849 20.937960 -6.872183 2.651516 8.776937 5.706773 -3.524705 3.346313 -5.385375 -3.340358 -2.780271 -3.883733 -1.075313 15.679827 4.197629 7.437137 -3.606449 -6.789423 0.928181 0.113618 -11.120902 -20.823195 10.945718
-10.455660 -1.594912 -20.384737 1.080153 -3.508954 16.473223 -1.776410 11.710551 22.475523 -7.528925 3.906124 8.836602 4.589642 -2.932851 2.308964 -5.661273 -3.392547 -3.306321 -3.700019 -0.096428 14.380982 2.632018 7.244933 -3.255815 -7.269598 -1.146382 -1.460009 -10.219610 -22.447622 7.629040
-10.635260 -3.123780 -23.683098 -1.064828 -2.625970 13.874997 -3.650325 10.458587 22.237646 -6.868301 3.992454 8.855108 4.246332 -2.101795 3.235342 -5.737582 -4.360224 -3.212619 -3.495392 -0.715008 14.610599 2.544930 6.741805 -5.414378 -8.770082 -3.735891 0.769324 -11.879579 -23.143427 4.795648
-11.403980 -4.459440 -24.219610 -1.747922 1.981276 11.921462 -2.594009 9.633775 21.893696 -7.266867 4.659995 9.151608 3.483063 -1.141801 3.510580 -5.865078 -4.452013 -4.114823 -3.324786 -1.091197 13.117152 1.938276 5.368621 -7.018577 -8.582592 -4.118942 2.277362 -11.357594 -24.339830 2.600783
-11.886697 -2.911623 -25.839209 -3.431620 4.050900 7.608867 -3.645871 8.679011 20.395208 -5.904226 4.606446 9.354107 3.244607 -0.065968 4.615530 -5.597316 -4.713314 -3.612026 -3.495690 -2.403214 11.987807 2.071739 5.994831 -9.005631 -10.184755 -5.622783 4.072876 -14.414567 -23.906769 0.053853
-10.587605 -0.558533 -26.706600 -4.710058 5.196358 4.378806 -6.534838 9.384651 18.022196 -4.174552 4.168192 8.321580 4.185155 1.030636 5.932664 -5.310364 -4.815320 -2.250330 -4.737313 -3.462096 8.889899 1.988968 5.447570 -10.227468 -9.538145 -5.777329 6.424492 -18.536205 -22.417627 -0.238918
-8.864314 3.255925 -28.806391 -4.527758 5.432804 1.818109 -7.974793 8.852746 17.654730 -2.604065 3.966962 8.029111 4.762926 1.076515 6.776871 -4.352680 -4.862798 -1.323335 -6.008817 -4.714757 6.874916 3.671560 4.493085 -10.471267 -9.654458 -4.099143 9.571338 -20.259859 -21.040972 -0.285565
-8.844882 3.966870 -28.413252 -4.600995 5.996993 2.761958 -8.762459 8.614231 17.684534 -2.552765 4.172493 8.119209 4.652638 0.945955 6.565778 -4.011731 -4.666560 -1.482193 -6.286547 -4.477017 6.054018 3.375933 3.810198 -9.834788 -9.418696 -3.884048 9.834378 -20.535734 -21.021639 0.407678
-8.408450 4.564577 -28.752565 -4.881527 5.644567 2.104979 -8.675070 8.528273 17.309214 -2.336592 4.047588 7.926631 4.833130 0.961706 6.819011 -4.031037 -4.744828 -1.350734 -6.287496 -4.625565 6.085017 3.391768 3.867190 -9.834334 -9.408039 -3.836625 9.979758 -21.025625 -20.706951 0.117072
-8.996478 4.003872 -27.784296 -4.725050 6.195441 3.351563 -8.824452 8.679069 17.870729 -2.762153 4.337572 8.201488 4.712559 0.872392 6.459702 -3.976432 -4.644703 -1.707589 -6.191960 -4.305737 5.991487 3.537126 3.514105 -9.696507 -9.485235 -4.050211 9.156619 -20.313414 -21.470924 0.273875
-7.998898 4.764099 -29.133902 -5.037909 5.537242 1.716070 -8.458890 8.537353 16.896795 -2.338484 3.797846 7.786583 4.876782 0.973356 7.125901 -4.071241 -4.940478 -1.342407 -6.230060 -4.761268 6.702244 3.459268 4.399556 -10.534064 -9.621298 -4.091257 11.086654 -21.431437 -20.269651 0.043480
-8.002565 4.689982 -29.096821 -4.987206 5.551095 1.723263 -8.456264 8.594040 16.947134 -2.327157 3.877430 7.780321 4.860447 0.965173 7.064106 -4.090108 -4.962788 -1.330634 -6.203212 -4.775676 6.581941 3.473505 4.478827 -10.266277 -9.952712 -4.172717 11.032596 -21.260063 -20.187334 -0.127341
-7.996503 4.688245 -29.109362 -5.003428 5.594259 1.659500 -8.369363 8.557919 16.925703 -2.406173 3.777500 7.808510 4.851038 0.978182 7.101014 -4.127848 -4.969619 -1.349630 -6.191759 -4.771761 6.711230 3.470459 4.422788 -10.569196 -9.622364 -4.135833 11.097285 -21.403542 -20.296980 0.055383
-6.733193 6.176546 -30.476549 -5.561342 4.651932 0.101610 -8.958591 8.640371 15.870496 -1.942324 1.042291 8.368732 4.936582 1.334759 9.072280 -4.482965 -5.719501 -1.894932 -7.507725 -4.640257 8.869026 3.019968 4.989379 -14.574418 -7.519732 -3.687849 13.768929 -24.599463 -19.564192 0.576173
-6.682011 6.388697 -30.787649 -5.641786 4.417830 -0.138391 -9.144443 8.423001 15.589080 -2.018181 0.681853 8.446308 4.969477 1.431261 9.357353 -4.460066 -5.770287 -1.963465 -7.821967 -4.548985 9.964177 2.936268 5.030572 -15.573417 -6.320892 -3.272550 14.400208 -25.762217 -19.330843 0.492289
-6.581849 6.383580 -31.069403 -5.658590 4.353765 -0.395786 -9.290715 8.504295 15.590652 -2.061299 0.648945 8.515308 5.038125 1.480768 9.426216 -4.488163 -5.772198 -1.948199 -7.866023 -4.617698 10.113048 2.930083 5.053725 -15.669930 -6.260116 -3.344181 14.540840 -25.948616 -19.288721 0.585842
-12.078407 9.333761 -28.927057 -13.740417 10.046135 -1.070433 -3.016033 2.787970 4.763220 -0.722714 0.259176 8.613832 3.951467 3.338459 13.047513 -4.655488 -5.953925 2.555978 -5.987659 -1.550796 12.425134 -11.268825 7.623066 -20.103281 -8.664495 -9.439185 19.288933 -24.831163 -17.341322 2.070915
-15.633726 10.245510 -20.242294 -15.766500 16.455637 6.618029 -2.799483 1.252716 -0.451539 -0.362642 5.324631 6.415710 1.234851 2.056460 11.086507 -2.693382 -3.070840 3.371703 -3.443224 0.010711 6.513005 -13.512724 2.352957 -8.569493 -8.810311 -9.616852 12.436162 -14.360071 -21.677008 2.917195
-16.054380 9.133213 -17.533960 -15.161901 19.004330 8.837232 -3.884981 1.556749 -1.636655 -2.014773 6.163054 6.531354 0.280332 1.291607 10.938156 -1.952894 -2.749255 3.159300 -2.781579 1.132788 5.854858 -13.762196 1.473207 -6.003383 -8.726254 -9.960421 10.405553 -13.318991 -23.094439 1.405975
-16.739897 9.396651 -16.970249 -16.203644 19.111460 9.805326 -3.781791 1.382072 -1.131271 -1.530751 6.468425 6.434846 0.137296 1.383514 10.742965 -2.247255 -2.388688 2.970633 -2.670696 0.972199 4.834221 -13.915921 0.991235 -4.725903 -7.905374 -9.481187 10.078052 -13.098275 -23.266363 1.655393
-17.269405 8.836224 -16.517336 -16.622286 18.909561 10.843707 -3.876012 1.296750 -0.527364 -1.646403 6.576455 6.367930 0.119207 1.454443 10.632038 -2.326283 -2.083719 2.789314 -2.766124 0.819605 4.279047 -13.950003 0.265385 -4.313063 -7.131566 -9.441568 9.567494 -13.268085 -23.950167 1.478591
-18.083466 8.443535 -16.258106 -17.437117 18.802910 10.995116 -4.367427 1.220441 0.569614 -1.567446 6.776861 6.443872 0.050192 1.675125 10.451790 -2.620765 -1.949764 2.641483 -2.830441 0.469685 3.108203 -14.013775 -0.244727 -3.804990 -6.590207 -9.512203 8.938458 -13.486958 -24.259985 1.736955
-18.087612 8.315515 -15.894570 -17.687483 18.880838 11.469961 -4.565326 1.409325 1.006592 -1.535335 6.849144 6.411354 0.051344 1.790327 10.425728 -2.805853 -1.879189 2.400864 -2.827410 0.354168 2.970690 -13.938117 -0.722907 -2.924607 -6.537077 -9.979467 8.204759 -13.455488 -24.168386 1.666857
-18.448864 7.732370 -15.682948 -17.872423 18.837065 11.696473 -4.906721 1.227455 1.369703 -1.454195 7.059068 6.476677 -0.005312 1.906222 10.084870 -2.960505 -1.617756 2.122727 -2.758789 0.156831 2.515854 -13.815286 -1.293618 -2.507646 -6.263995 -9.960684 7.784469 -13.370835 -24.313545 1.726319
-19.095980 7.279267 -15.693845 -18.608799 18.832851 11.940114 -5.477871 1.225224 2.222470 -1.240532 7.184796 6.349926 0.057801 2.214739 9.982098 -3.291883 -1.183418 1.580398 -2.801992 0.040631 1.487338 -13.976811 -1.824041 -1.416414 -5.719199 -9.968763 7.074969 -13.624061 -24.734568 1.826018
-19.595551 6.606122 -15.392686 -19.060518 18.277273 12.467006 -6.026937 1.440098 2.777745 -1.412348 7.362378 6.111772 -0.101519 2.328542 9.763109 -3.507957 -1.065776 1.231029 -2.904263 -0.079065 0.909211 -13.897949 -2.553814 -1.019046 -5.013158 -9.892258 6.559126 -13.697178 -25.083927 2.224953
-19.745674 6.322958 -15.006212 -19.276838 18.247118 12.650718 -6.082190 1.540369 3.312313 -1.300751 7.546219 6.076719 -0.007633 2.350704 9.569527 -3.621492 -0.824504 1.065119 -2.810242 -0.041944 0.315833 -13.767548 -2.885402 -0.036387 -5.165519 -10.064859 6.207010 -13.590314 -25.266705 2.284438
-20.449966 5.751306 -14.673609 -19.494654 18.263468 13.134028 -6.395447 1.549348 4.160448 -0.744724 7.750014 6.127510 0.085897 2.590148 9.443806 -3.675886 -0.552361 0.701116 -2.810354 -0.144944 -0.753109 -13.595495 -3.244763 0.897346 -4.868636 -10.140102 5.079804 -13.930466 -25.310263 2.239821
-20.720882 5.422504 -14.530437 -19.990509 18.553583 12.808009 -6.373837 1.485004 4.907764 -1.048540 7.961745 6.245492 0.001720 2.710875 9.185583 -3.890761 -0.414970 0.573172 -2.769678 -0.316201 -1.206528 -13.745153 -3.532853 1.337217 -4.825811 -10.123589 4.766539 -14.012763 -25.276815 1.976019
-20.787079 5.246120 -14.310351 -19.760048 18.375265 13.225929 -6.181325 1.597388 5.164301 -0.846122 8.083919 6.363035 -0.142319 2.733074 9.055062 -3.935489 -0.324037 0.299525 -2.689514 -0.364688 -1.646382 -13.685813 -3.772376 1.551851 -4.755892 -10.079981 4.397248 -13.915903 -25.488810 1.966639
-20.797066 4.758007 -14.206328 -19.857363 18.304905 13.454061 -6.299227 1.608279 5.725845 -0.895877 8.132280 6.352336 -0.135608 2.780324 8.925496 -4.115071 -0.155340 0.073551 -2.587419 -0.483271 -1.889264 -13.620668 -4.034565 2.201253 -4.547559 -10.013125 3.892811 -13.956344 -25.393269 1.882690
-20.939285 4.828919 -14.144930 -19.865442 18.399021 13.561053 -6.299099 1.524535 5.653736 -0.898170 8.217176 6.407624 -0.098475 2.785584 8.906654 -4.051425 -0.145548 0.118016 -2.532614 -0.533965 -2.320250 -13.591732 -4.162330 2.504926 -4.634185 -10.032001 3.479578 -13.948984 -25.485334 1.595175
-20.934753 4.884963 -14.133388 -19.952679 18.388559 13.518249 -6.424050 1.531583 5.706860 -0.943994 8.198414 6.317959 -0.132828 2.770308 8.973745 -4.054087 -0.199704 0.128690 -2.543007 -0.590418 -2.248050 -13.637357 -4.071095 2.343725 -4.599878 -10.009592 3.618307 -13.949691 -25.498644 1.780434
-20.877928 4.760460 -14.123254 -19.908720 18.355066 13.486253 -6.343644 1.604538 5.770237 -0.957613 8.192475 6.342377 -0.154368 2.754111 8.925268 -4.105755 -0.204137 0.098412 -2.518919 -0.569856 -2.092597 -13.516241 -4.185650 2.309982 -4.639151 -10.010242 3.653137 -13.843080 -25.534542 1.758051
