-0.639127 29.206474 -13.426602 19.601336 3.767664 3.503134 -8.926738 4.000147 -10.505601 -11.626037 -4.360774 1.310129 -1.280376 -9.779315 5.322610 -2.059741 -5.418503 3.254616 -9.618014 -2.813819 -2.976393 15.364280 -13.034083 15.127106 -14.982712 19.043549 9.804057 -13.459088 -0.044230 9.208678
-0.676066 29.220787 -13.436470 19.697174 3.740635 3.453896 -9.011235 3.922667 -10.653734 -11.874207 -4.382512 1.327095 -1.292447 -9.777006 5.287397 -2.082353 -5.448894 3.234645 -9.663737 -2.773157 -2.934601 15.489260 -13.455394 15.136280 -15.008145 19.054739 9.952350 -13.418331 -0.054768 9.084584
-7.061081 16.808786 -5.431902 25.154366 8.827301 -1.977398 2.246810 9.799142 -15.709785 -14.340614 -5.968712 2.507818 -4.095183 -12.319363 0.033072 -3.482362 -3.079507 -2.722679 -8.151813 3.968659 -1.259384 11.055666 -16.450537 10.176649 -18.630466 21.795416 -5.034901 -4.414599 0.649671 -5.941559
-4.261751 18.496754 -8.076287 25.551935 8.767227 -4.111340 0.084858 10.132403 -15.360663 -12.842386 -5.790813 1.939678 -3.728812 -12.554287 0.330291 -3.800023 -4.075074 -1.978290 -7.352280 3.511849 -0.545522 13.240699 -14.380045 9.712049 -18.302170 23.092226 -2.111317 -4.087096 0.560559 -5.705458
-3.637698 18.951538 -7.834943 26.470943 9.051088 -4.753925 -0.424874 10.121956 -14.144921 -11.737878 -5.474135 1.698411 -3.499395 -12.917727 0.359233 -3.622729 -4.339271 -1.201512 -6.693375 3.170734 -0.771085 13.787261 -13.986008 7.765013 -17.591677 24.354307 -0.061334 -3.009489 0.247276 -3.908674
-2.806551 19.869614 -7.519877 26.767548 8.564463 -5.335320 -1.534044 9.848052 -13.430434 -10.655933 -5.239165 1.269235 -3.277338 -13.245037 0.219666 -3.557919 -4.189523 -0.694619 -6.128054 3.176317 -0.455876 13.360010 -13.749042 7.181636 -17.440981 24.670919 1.541294 -2.301606 0.798467 -2.268677
-2.070234 20.069098 -7.157254 26.597235 8.310083 -5.631724 -1.790800 10.459339 -12.704967 -9.244026 -5.201571 0.818959 -3.324895 -13.394609 0.098650 -3.725533 -3.841848 -0.258008 -5.760521 3.088385 0.264683 12.704308 -13.687530 6.987220 -17.112944 24.621546 2.493079 -2.199832 1.773335 -1.278478
-1.632021 21.317183 -6.185517 24.953051 6.501781 -6.166409 -2.710906 11.308036 -13.302800 -8.341263 -5.320274 -0.173761 -3.155386 -13.301677 0.302376 -4.081615 -2.998311 0.191608 -5.662849 3.018300 2.170612 11.319728 -14.183880 7.163086 -16.428192 23.883944 3.390907 -2.205451 3.556878 0.591970
-1.365688 22.094227 -5.525000 22.657093 5.195898 -6.352513 -3.026022 12.762841 -13.486772 -7.085951 -5.742675 -1.511230 -2.847637 -13.263307 0.535402 -4.800578 -2.213268 0.480660 -5.601449 2.464667 3.638004 9.531261 -14.333302 7.655645 -15.997274 23.311781 4.122622 -2.336820 5.196199 1.689211
-0.728450 22.034586 -5.004415 20.963696 3.787712 -6.275999 -3.607777 13.878616 -13.255455 -5.854329 -5.526609 -2.523201 -2.745304 -13.440187 0.395569 -5.075357 -1.833268 1.162179 -5.069367 1.897515 4.099582 7.889857 -13.967360 8.525746 -15.875227 22.678074 5.767201 -1.969978 6.519336 3.823427
0.299660 22.550079 -5.306931 18.834848 2.500075 -6.656747 -4.820309 15.083188 -12.711969 -4.151045 -5.251964 -3.409406 -2.030477 -13.684363 0.336716 -5.100707 -1.868531 1.601299 -4.530862 1.534805 4.505453 6.376684 -13.648885 9.128307 -16.019754 22.244150 7.757308 -1.756058 7.918051 5.592771
1.970973 21.437208 -6.626155 18.209528 1.613632 -6.665204 -4.864874 16.683567 -11.381616 -2.951728 -4.878617 -3.715648 -1.354707 -14.033998 0.315029 -4.579233 -2.137522 2.320990 -3.999106 1.438693 5.082709 5.871923 -13.010020 9.247160 -15.726698 22.455755 9.836078 -1.841470 9.070039 5.619442
4.354690 20.629341 -8.534806 18.612619 1.038045 -7.093424 -5.641242 17.796556 -10.220301 -1.507903 -4.582754 -3.943193 0.025831 -14.453061 0.653122 -3.622445 -2.485016 3.202469 -3.497806 2.238138 6.696122 6.867635 -12.016706 7.687850 -13.929001 23.301981 12.803588 -1.874314 9.155443 6.051029
5.848216 21.016109 -8.623752 18.461054 0.173844 -7.291224 -7.020546 18.542604 -9.386674 -0.439025 -4.287968 -4.429867 1.037530 -14.625029 1.180512 -3.019115 -2.341496 4.322007 -3.272911 2.809350 7.717179 8.041990 -11.351822 7.484076 -13.458874 23.560726 13.762588 -1.271095 8.639884 7.163342
5.821600 21.222778 -8.667213 18.449940 0.213146 -7.130208 -6.974267 18.462641 -9.260294 -0.295552 -4.250552 -4.412557 0.957037 -14.642998 1.159417 -3.048226 -2.365049 4.320000 -3.204169 2.783069 7.757313 7.905635 -11.395228 7.425896 -13.342775 23.545603 13.867189 -1.196515 8.685407 7.493237
5.964007 20.998529 -8.607929 18.460770 0.077092 -7.310955 -7.141877 18.620455 -9.286922 -0.193802 -4.323781 -4.484140 1.125495 -14.651902 1.165979 -3.038290 -2.329592 4.324444 -3.210944 2.828012 8.042078 7.906813 -11.325711 7.385740 -13.235013 23.609638 13.949381 -1.017838 8.665712 7.401372
5.870082 21.096445 -8.692213 18.476635 0.187111 -7.205817 -7.018828 18.481178 -9.310065 -0.352265 -4.278133 -4.430117 1.064065 -14.620195 1.189077 -3.014594 -2.344543 4.326205 -3.249227 2.799684 7.704491 8.040040 -11.388116 7.440626 -13.388671 23.598726 13.737000 -1.244812 8.606876 7.231833
6.046141 21.018866 -8.636821 18.444733 0.119775 -7.312280 -7.185860 18.683411 -9.212107 -0.023080 -4.294448 -4.522716 1.114156 -14.678928 1.154248 -3.036889 -2.341295 4.380894 -3.171298 2.794093 8.201057 7.794306 -11.267545 7.358528 -13.171150 23.632774 14.140623 -0.901201 8.762493 7.631269
5.882779 21.074465 -8.588928 18.414249 0.151527 -7.275467 -7.029576 18.520708 -9.302596 -0.212259 -4.310429 -4.459832 1.096780 -14.650913 1.168036 -2.993695 -2.308304 4.353119 -3.245308 2.815541 7.919115 7.936955 -11.308125 7.515047 -13.319537 23.571714 13.909558 -1.193478 8.692896 7.309483
5.895208 21.245268 -8.683209 18.509159 0.246702 -7.219613 -6.991333 18.448637 -9.405334 -0.383721 -4.285477 -4.419522 1.007364 -14.617334 1.201887 -3.041099 -2.354288 4.333962 -3.248815 2.801841 7.800177 8.219442 -12.628352 7.575097 -13.436274 23.457653 14.385402 -1.166601 8.758629 7.065526
6.015351 21.010555 -8.633842 18.480320 0.137657 -7.259007 -7.122929 18.634157 -9.247020 -0.149169 -4.283965 -4.502783 1.123460 -14.662878 1.141235 -3.043405 -2.339429 4.368191 -3.176556 2.809518 8.170154 8.133860 -12.564622 7.518445 -13.297474 23.511049 14.537528 -0.912097 8.788610 7.210186
0.616079 19.553366 1.728267 15.596266 -1.062229 8.887071 -10.690676 17.847368 0.095608 0.184474 0.245964 -0.779000 -1.475153 -12.449636 -1.035802 0.599331 1.622353 5.160403 -6.866305 3.271904 6.328188 5.314639 -19.454153 12.761518 -11.638949 15.678637 6.587897 -0.943397 4.242071 20.755007
-6.797358 25.265951 7.705869 8.936045 1.462057 13.348573 -12.237620 14.163487 -2.774343 0.713041 0.954123 -1.120151 -4.841488 -11.581694 -0.483836 -0.428626 2.928627 7.587284 -6.399826 1.652127 1.367867 1.424857 -24.667875 10.088881 -10.527104 14.146029 3.210627 -3.386231 0.169466 22.500744
-8.693914 27.274834 9.522153 6.018320 2.079658 14.103309 -11.120063 13.833196 -2.531420 2.552254 1.047551 -1.203564 -5.296654 -10.705938 0.361998 -0.242628 3.604178 8.953993 -6.980636 1.052356 1.062632 0.551061 -25.856861 10.061423 -10.164745 13.830746 2.275571 -4.062796 0.314918 23.059265
-8.600668 27.302357 9.257685 6.902358 2.676723 14.153051 -11.189691 13.324048 -3.042468 2.116794 0.967619 -1.236269 -5.381465 -10.997543 0.184581 -0.332648 3.389141 8.647965 -6.758214 1.211858 0.942247 0.636655 -25.485886 9.928064 -10.163177 14.004578 2.248716 -3.916435 0.152266 22.946022
-8.042825 26.615915 9.168480 7.146284 1.808005 13.994784 -11.711284 13.920003 -2.807150 1.867519 0.917700 -1.166773 -5.262149 -11.139019 0.012010 -0.314245 3.333984 8.429344 -6.686499 1.275476 1.528006 0.782308 -25.370264 9.969649 -10.095572 13.872448 2.210839 -3.748124 0.276709 23.126184
-8.476220 27.099575 8.875063 7.049759 2.876299 13.494105 -11.737123 13.314828 -2.808747 2.074549 0.927797 -1.006784 -5.534885 -11.103275 -0.122852 -0.418825 3.328850 8.396864 -6.746208 1.082230 0.698462 0.700736 -25.644625 9.697519 -10.187012 14.104843 2.455891 -3.760764 0.032535 22.890003
-8.182521 26.872833 8.725754 6.873446 2.440247 13.363151 -12.126114 13.739179 -2.474133 2.202732 0.930364 -0.945612 -5.541465 -11.105749 -0.158711 -0.432068 3.340034 8.410484 -6.717109 0.973230 0.997374 0.709905 -25.445805 9.729539 -10.151712 14.043205 2.478139 -3.600011 0.118467 22.972456
-8.155076 26.602631 8.700859 6.705795 2.120801 13.258359 -12.451907 13.908867 -2.503024 2.016637 0.937900 -0.963701 -5.461223 -11.114510 -0.178778 -0.483445 3.240040 8.381177 -6.660641 0.945863 1.249564 0.883511 -25.254618 10.016206 -10.275103 13.978842 2.335958 -3.677578 0.179941 23.034964
-8.427377 26.971783 8.648664 6.842767 2.790831 13.176913 -12.204820 13.468721 -2.355429 2.189441 0.967182 -0.854951 -5.625163 -11.086022 -0.164018 -0.411415 3.297206 8.451340 -6.783543 0.881015 0.791355 0.737354 -25.617529 9.807667 -10.205327 14.109858 2.353663 -3.806250 0.079427 22.959734
-8.738804 26.530693 8.908263 6.895452 3.233341 13.487647 -11.662642 13.278138 -2.062477 2.331191 1.050872 -0.676531 -5.825417 -11.010099 -0.247627 -0.303370 3.379089 8.318501 -6.935071 0.911412 0.439633 0.765905 -25.982117 9.841982 -10.307360 14.049564 1.787733 -4.169668 0.032406 22.662935
-8.517084 26.571316 8.718284 6.927631 2.689009 13.386988 -12.037026 13.508583 -2.140912 2.095513 1.015823 -0.787597 -5.628344 -11.086863 -0.237444 -0.316201 3.382519 8.354506 -6.850595 0.968000 0.923631 0.739886 -25.597364 9.975427 -10.268133 13.970417 2.190009 -3.805531 0.174897 23.020882
-8.089016 26.384491 8.736094 6.866625 2.116119 13.388157 -12.275166 13.998333 -2.315806 2.024938 1.000485 -0.862751 -5.458676 -11.114977 -0.218826 -0.366069 3.313884 8.389083 -6.767776 0.923351 1.432981 0.876346 -25.296270 10.068570 -10.251919 13.913952 2.183523 -3.633296 0.180874 23.087811
-7.992095 26.329008 8.781512 6.847958 1.878460 13.480666 -12.360242 14.210173 -2.259143 2.037890 0.962493 -0.886657 -5.494289 -11.149798 -0.192997 -0.398316 3.241835 8.415161 -6.667322 0.909149 1.686938 0.949579 -25.223150 10.163074 -10.170146 13.926966 2.016360 -3.898446 0.249711 23.077213
-8.174419 26.665520 8.617344 6.675064 2.376323 13.172589 -12.193677 13.897774 -2.244635 2.320557 1.005908 -0.888578 -5.534061 -11.129785 -0.199285 -0.356343 3.306820 8.476879 -6.734310 0.924893 0.918100 0.775590 -25.390184 9.884568 -10.312496 14.062390 2.381122 -3.657891 0.169397 22.837627
-8.142997 26.598072 8.600569 6.713672 2.351692 13.229632 -12.255069 13.917952 -2.326437 2.222701 0.965230 -0.882022 -5.500001 -11.121580 -0.168048 -0.381047 3.242368 8.492548 -6.711742 0.906246 1.022824 0.809519 -25.296373 9.898902 -10.253700 14.063554 2.452118 -3.743196 0.144891 22.932133
-7.968214 26.356447 8.753839 6.855816 1.982273 13.337120 -12.333792 14.095189 -2.368291 2.063301 0.975843 -0.910841 -5.465035 -11.117239 -0.170703 -0.424688 3.253241 8.462013 -6.668009 0.920117 1.422723 0.800089 -25.290430 9.999179 -10.207294 13.961443 2.277130 -3.640577 0.180043 23.050751
-8.020961 26.265881 8.801521 6.830517 1.934616 13.530555 -12.367463 14.242616 -2.108244 2.049147 0.960780 -0.874821 -5.484677 -11.141107 -0.202481 -0.395644 3.240507 8.421745 -6.657939 0.929732 1.588721 0.986490 -25.224686 10.135846 -10.237480 13.850248 2.028742 -3.855901 0.160654 23.075768
-8.325674 26.757462 8.574413 6.778860 2.609927 13.131999 -12.130585 13.594326 -2.307348 2.177785 0.978023 -0.894346 -5.586193 -11.122940 -0.207840 -0.423572 3.292963 8.417423 -6.701292 0.964270 1.043378 0.785798 -25.440577 9.914216 -10.284336 14.003969 2.250999 -3.807036 0.232412 22.932823
-8.410495 26.640358 8.596839 6.858624 2.720905 13.249641 -12.093678 13.561281 -2.209341 2.117592 0.987812 -0.893094 -5.543225 -11.119288 -0.212602 -0.384177 3.308650 8.333304 -6.755533 1.001873 1.050718 0.511694 -24.153490 9.891320 -10.138699 14.067023 1.719644 -3.824015 0.096184 23.446644
