-13.191832 24.917927 -20.264704 21.083242 -9.923666 -4.461888 0.620977 0.917438 4.818279 -8.445562 -3.562204 6.330022 -0.530061 -9.680172 9.843314 0.035593 -1.831455 -0.178069 -5.004668 -6.137512 -0.213511 8.272283 13.378850 -0.498319 -27.733065 7.423069 2.063300 -18.840746 1.722039 17.186111
-13.783593 24.850811 -20.504335 21.200377 -10.433357 -5.038991 1.286837 0.659339 5.372910 -8.674337 -3.585207 6.381968 -0.546946 -9.653735 9.830722 0.023442 -1.859085 -0.207890 -5.039246 -6.113220 -0.203401 8.351259 13.384270 -0.557044 -27.769407 7.399352 1.995781 -18.876440 1.709347 17.114464
-16.970398 13.260203 -13.734385 26.970837 -5.133647 -14.374410 9.436721 8.984736 2.474188 -6.746141 -3.934917 5.908184 -3.410706 -13.260291 3.488818 -2.231250 -0.075314 -5.103611 -0.477741 -0.419139 3.791895 5.706516 11.618011 -10.598521 -29.764128 12.982927 -7.857166 -6.559251 2.727835 5.086306
-16.636383 11.505747 -12.638648 27.778986 -4.866750 -16.654003 9.597257 10.010016 2.822668 -5.744059 -4.690651 6.046959 -2.990360 -13.735136 3.113779 -2.313630 0.600911 -5.562066 -0.175715 1.671022 6.690747 4.658879 11.553223 -12.807126 -29.542509 13.827736 -4.995946 -3.094933 4.922780 5.439094
-15.966376 10.771933 -11.792037 29.353889 -5.546896 -17.730288 8.919932 10.882863 2.075418 -5.961152 -5.018579 5.509038 -3.002906 -14.120892 3.040129 -2.168436 1.522506 -5.144717 0.226765 2.597134 9.201385 3.113772 11.420645 -12.401891 -29.467730 13.488927 -4.623558 -0.759324 6.597694 6.568703
-15.694171 10.230109 -10.488296 30.135744 -6.380394 -18.172436 8.131345 11.009370 1.870476 -5.681746 -5.461586 5.300366 -2.393343 -14.243464 3.166422 -1.821565 2.165817 -5.384601 -0.107955 3.413584 11.229224 2.947383 11.690034 -12.730844 -29.183897 13.703943 -4.881405 0.761430 7.627269 6.206423
-15.059591 9.720350 -9.963672 31.531370 -6.806294 -18.954374 7.151759 10.584138 1.428079 -6.199193 -5.598884 5.380139 -2.075695 -14.238688 3.075954 -1.310698 2.788455 -5.603117 -0.501650 4.159458 11.413371 2.500353 11.522877 -12.850810 -29.595978 13.706849 -4.836025 3.101818 8.272861 6.296506
-14.970143 9.352385 -9.353663 32.018230 -7.033938 -19.759745 5.892478 10.589219 1.284741 -6.076977 -5.985064 5.398296 -1.761917 -14.263127 2.937557 -1.200649 3.041208 -5.901149 -0.779872 4.590643 12.028157 2.695342 11.240952 -13.944312 -28.994246 13.997585 -4.102519 4.522812 8.433577 7.182275
-14.646883 8.939242 -8.669986 32.092239 -7.558395 -20.141748 5.000638 11.171403 1.656018 -5.705978 -6.176928 5.369196 -1.395290 -14.285286 2.895654 -0.961978 3.310264 -6.054603 -1.015772 5.009194 12.416383 2.768297 11.004448 -14.063186 -28.899105 14.015635 -3.530903 6.081013 8.195126 8.344172
-14.598010 8.375192 -8.047254 32.582161 -7.786017 -20.196836 4.638314 11.254027 2.133801 -5.776671 -6.492897 5.244834 -0.969863 -14.224933 3.071391 -0.812645 3.538142 -6.217344 -1.340099 5.519018 12.830596 2.490908 10.743119 -14.175106 -28.673544 13.990147 -2.950594 7.308907 8.294044 10.126784
-14.299081 7.797241 -7.704992 33.192154 -8.687221 -20.021046 3.281017 11.531505 2.503522 -6.602904 -6.311121 5.103418 -0.445604 -14.140688 3.053864 -0.385798 4.008126 -6.320229 -1.788096 5.869417 13.418980 2.818124 10.623554 -13.599458 -28.628218 13.601255 -2.558816 8.523664 8.532039 12.250346
-14.191814 7.067559 -7.150787 33.909760 -9.396969 -19.929945 2.272148 11.825883 2.580156 -7.514454 -6.224540 4.810548 -0.033474 -14.074432 3.114493 -0.012888 4.492584 -6.416615 -2.313414 5.878006 13.655274 3.216929 10.423635 -13.204936 -28.789557 13.602774 -2.215169 9.683313 8.721360 13.763303
-14.013438 6.313339 -6.482923 34.196453 -9.696218 -19.336761 1.402089 11.979881 3.139774 -8.044516 -6.304355 4.430878 0.271382 -14.068426 3.162209 0.088532 5.036242 -6.608707 -2.739709 6.081942 14.351783 4.019112 10.312228 -12.720914 -28.943262 13.047936 -2.420875 10.857867 8.563610 14.844696
-13.506242 6.096963 -5.776508 33.754810 -10.321210 -18.544149 0.788171 12.748306 3.316996 -7.594556 -6.258610 4.080523 0.389130 -13.808290 3.235217 0.055530 5.421131 -7.087855 -3.414256 6.043489 15.426166 3.237986 9.686565 -12.400884 -28.241488 12.605638 -3.175881 11.737647 8.293317 15.583089
-12.919231 5.168363 -4.511415 32.719994 -11.872813 -17.336954 -0.278179 14.316958 3.747218 -7.370090 -6.169210 3.843918 1.093585 -13.428442 3.303163 0.372880 6.117548 -7.309590 -4.185859 6.340430 17.304304 2.892313 8.726949 -11.231652 -27.771778 11.819139 -4.893364 12.159461 8.647475 16.358719
-12.924050 3.580826 -2.924720 32.861687 -13.097109 -15.722801 -1.209281 15.435412 4.220051 -8.523317 -5.960242 3.665250 2.110415 -13.190228 3.176108 0.886210 6.615788 -7.458265 -5.002562 6.427180 18.770096 3.149892 7.861474 -10.596660 -27.335781 11.426275 -6.049321 12.648852 9.003111 16.690687
-13.014557 3.256723 -2.328324 33.101978 -13.436237 -15.364915 -1.312466 15.506440 4.329011 -9.104748 -5.744911 3.434708 2.463592 -13.149691 3.076375 1.074771 6.879222 -7.464381 -5.147813 6.470112 19.333857 3.407954 7.617584 -10.515618 -27.206490 11.158228 -6.779828 12.861455 8.776926 16.941631
-13.211457 3.222965 -2.205359 33.292072 -13.742100 -15.180019 -1.289965 15.531419 4.366339 -9.161873 -5.635527 3.272133 2.675922 -13.148438 2.979005 1.120449 7.038270 -7.526658 -5.233117 6.464267 19.802437 3.471917 7.647699 -10.352763 -27.059820 11.302827 -6.912787 13.076008 8.928521 16.832975
-13.217540 3.163384 -2.184038 33.338570 -13.987840 -15.173870 -1.302873 15.705270 4.482307 -9.135936 -5.670375 3.232667 2.712957 -13.197516 3.034294 1.161983 7.111766 -7.536192 -5.261802 6.556217 19.829029 3.476504 7.614700 -10.293833 -27.010424 11.175899 -6.973416 13.144238 8.927034 16.882915
-13.239948 3.016174 -1.925498 33.319035 -14.275685 -14.989630 -1.189042 16.002800 4.533720 -9.040956 -5.693641 3.124145 2.794378 -13.202167 3.006319 1.125473 7.151188 -7.690971 -5.327996 6.525082 19.920713 3.565695 7.661262 -10.272640 -27.085165 11.013498 -7.355566 13.171435 8.776533 16.847088
-13.168291 3.262451 -2.209968 33.429203 -13.934591 -15.198581 -1.039565 15.861413 4.455990 -8.983436 -5.876361 3.396383 2.608454 -13.221886 3.118697 1.062202 6.995349 -7.681897 -5.311441 6.519546 19.740446 3.495516 7.693385 -10.200071 -27.348280 11.142382 -7.227400 13.253431 8.846708 17.107828
-13.002177 3.236059 -2.205299 33.228348 -14.043007 -15.195071 -1.180983 16.168480 4.485144 -8.804150 -5.805582 3.270427 2.761370 -13.284794 3.039446 1.089240 7.038186 -7.655389 -5.250266 6.536560 19.724894 3.508733 7.737150 -10.205035 -27.348791 11.137194 -7.072804 13.057225 8.868242 16.820837
-6.385031 -0.724538 -2.705884 28.317617 -19.130709 -11.521892 -0.780053 24.272839 5.979996 -6.587596 -2.804804 -0.561270 6.106895 -13.316341 2.255157 2.156638 6.926318 -6.768955 -4.649668 3.952718 25.230267 7.815825 9.215384 -5.350097 -27.984970 9.685806 -10.731696 6.304987 14.689666 12.322428
-5.895090 2.190534 -4.537577 27.570135 -20.141165 -14.066566 -0.511483 24.339598 4.797272 -3.930650 -2.788485 -0.166475 5.474430 -14.061654 2.096450 1.709439 6.379755 -5.715201 -2.767735 4.124713 24.684616 4.599765 10.045225 -7.491408 -26.595213 10.483024 -5.703428 7.558858 13.821804 13.728964
-4.664093 3.292948 -6.203861 26.890005 -20.196653 -15.148931 0.833443 24.816069 3.744921 -2.759009 -2.679784 -0.705834 5.734168 -14.511181 2.541729 1.470213 5.651345 -4.681527 -1.279625 4.013465 25.328054 3.212436 11.408935 -7.414512 -26.241259 11.120253 -3.320336 6.003158 16.252878 13.902130
-2.872163 4.619880 -8.078732 24.932344 -22.893690 -15.384013 2.032057 25.830553 1.988940 -2.441611 -3.319767 -1.058508 6.271551 -15.273351 3.406071 1.537948 4.866199 -3.206056 -0.231844 3.740127 26.711540 3.926595 13.221437 -6.373679 -26.339733 11.360277 -0.335636 3.307647 18.631495 12.958383
-2.274822 5.740413 -8.788393 23.396742 -23.741341 -15.053143 2.399582 25.741259 1.490584 -2.105383 -3.259420 -1.179735 6.437858 -15.368216 3.798851 1.535057 4.654926 -2.615506 -0.073037 3.514577 26.692007 3.858895 13.848610 -6.238348 -26.074427 11.386240 0.656098 1.439563 19.008902 12.604676
-2.151101 5.706506 -8.660665 23.243759 -24.084822 -14.542385 2.525629 25.945589 1.667416 -2.048460 -3.207048 -1.190924 6.506167 -15.426846 3.846612 1.603995 4.555736 -2.452248 -0.008784 3.464289 26.897776 3.868712 14.145762 -5.751487 -26.201338 11.265657 0.758562 1.023444 19.261173 12.456801
-2.105490 5.831353 -8.884518 23.178200 -24.017202 -14.668367 2.536979 25.889513 1.587658 -2.060153 -3.195000 -1.167399 6.402113 -15.399721 3.871295 1.513861 4.512532 -2.418003 0.051615 3.419630 26.794241 3.668538 14.110681 -5.817017 -26.207094 11.217786 0.835992 0.966262 19.153778 12.322880
-2.059551 5.865656 -8.909858 23.134840 -24.086683 -14.790662 2.383625 25.899027 1.460654 -2.190725 -3.275434 -1.210552 6.446111 -15.390013 3.940624 1.486790 4.536398 -2.439321 -0.000926 3.396925 26.814611 3.737173 14.118340 -5.848962 -26.212351 11.231491 0.841476 1.000780 19.095602 12.343421
-2.063704 5.822196 -8.868180 23.094667 -24.165052 -14.739388 2.401441 25.951334 1.430069 -2.224533 -3.229607 -1.249060 6.463382 -15.385742 3.908099 1.520550 4.554899 -2.382169 0.000499 3.309986 26.919230 3.761324 14.144301 -5.870908 -26.141027 11.246574 0.811364 0.953996 19.063696 12.251196
-2.038728 5.770168 -8.899881 23.083403 -24.128351 -14.685004 2.418138 25.978907 1.533714 -2.147170 -3.261532 -1.227857 6.436026 -15.406815 3.899512 1.498653 4.523507 -2.428578 0.019380 3.333864 26.895882 3.737722 14.141501 -5.916978 -26.135235 11.247704 0.842889 0.972271 19.043869 12.270648
-2.095294 5.744060 -8.897094 23.019258 -24.102726 -14.752513 2.419471 26.050936 1.570606 -2.074022 -3.267777 -1.274899 6.433301 -15.409810 3.870995 1.469116 4.526481 -2.437861 0.030650 3.324340 26.855692 3.770798 14.143278 -5.906209 -26.127459 11.281981 0.835475 1.008273 19.039043 12.196836
-2.065251 5.615269 -8.909652 22.939058 -24.088591 -14.619072 2.484705 26.163095 1.716586 -1.926451 -3.243506 -1.310674 6.445198 -15.395866 3.865421 1.477935 4.548835 -2.406425 0.042872 3.265396 26.824909 3.786006 14.126638 -5.898817 -26.114685 11.334770 0.852963 1.026145 19.070328 12.244666
-2.061616 5.623167 -8.896195 22.937368 -24.103567 -14.598550 2.463894 26.164515 1.698392 -1.925147 -3.243098 -1.314551 6.442533 -15.400419 3.860078 1.482108 4.552612 -2.400889 0.037477 3.271920 26.854666 3.751114 14.118464 -5.880992 -26.099415 11.335161 0.842719 1.024885 19.083239 12.254283
-2.045703 5.627813 -8.877864 22.932364 -24.146879 -14.595935 2.450630 26.175886 1.677316 -1.969065 -3.233213 -1.307082 6.466264 -15.394744 3.866311 1.499438 4.557282 -2.395821 0.035967 3.262744 26.795736 3.778015 14.119686 -5.871283 -26.127337 11.333680 0.872994 1.051713 19.062056 12.241158
-2.064809 5.607154 -8.917502 22.954060 -24.100195 -14.614293 2.479111 26.143627 1.706493 -1.983274 -3.236431 -1.287438 6.460574 -15.394424 3.851586 1.481873 4.553246 -2.400657 0.044589 3.279913 26.783569 3.799567 14.102096 -5.870189 -26.139994 11.340332 0.858390 1.054823 19.070585 12.251134
-2.041143 5.629426 -8.870808 22.912313 -24.178450 -14.606558 2.467655 26.179636 1.660316 -1.991659 -3.232590 -1.274434 6.479462 -15.398760 3.871054 1.504847 4.556322 -2.398959 0.045816 3.281729 26.852720 3.804047 14.105962 -5.885613 -26.161398 11.308314 0.823362 1.025793 19.085997 12.224690
-2.043339 5.634924 -8.902556 22.946785 -24.154165 -14.618337 2.470498 26.151155 1.662273 -2.011446 -3.226965 -1.286064 6.476294 -15.398541 3.871628 1.509565 4.565897 -2.394771 0.039000 3.278240 26.854261 3.802266 14.115745 -5.916278 -26.152544 11.312389 0.845628 1.028303 19.083853 12.237247
-2.021607 5.663751 -8.887997 22.953436 -24.223867 -14.646863 2.427692 26.135027 1.582046 -2.092439 -3.253999 -1.286807 6.467194 -15.415368 3.870780 1.498276 4.562160 -2.423610 0.033854 3.290986 26.836254 3.815480 14.131643 -5.873280 -26.157064 11.324773 0.817735 1.040769 19.073935 12.205253
-2.007248 5.628159 -8.905625 22.913954 -24.153887 -14.636086 2.407648 26.181801 1.620084 -1.977626 -3.223258 -1.304023 6.464549 -15.403516 3.879781 1.522958 4.565092 -2.407001 0.026966 3.285199 26.858360 3.846527 13.966840 -5.926435 -26.158194 11.321299 0.902338 1.052565 19.078320 12.182060
-1.560854 5.704522 -8.761558 23.003050 -23.626793 -14.125649 1.810573 26.239941 0.934998 -1.968635 -3.222328 -1.293316 6.460986 -15.398819 3.882369 1.545848 4.551588 -2.396802 0.020923 3.309244 26.872911 3.809194 14.015690 -5.910975 -26.128067 11.311108 0.881342 1.025107 19.087477 12.158556
-5.191736 7.535700 -9.021702 22.173708 -17.868086 -14.848493 3.612488 22.495218 1.877786 -0.077719 -3.133935 0.346211 3.307241 -15.311792 2.559058 0.358288 3.717608 -2.708329 1.093413 2.686635 22.746103 -0.984806 12.486285 -7.831709 -25.092695 10.498363 3.424939 1.383998 17.157553 14.195340
-6.737126 8.142864 -9.122100 22.003050 -16.592165 -14.718459 4.757611 21.479795 3.564562 0.943851 -3.143394 0.637493 2.323702 -15.414491 2.560632 -0.004385 3.510916 -2.483717 1.372381 2.536261 21.370083 -2.992259 12.079860 -7.836882 -25.089426 9.729319 3.809566 1.282701 16.594521 15.442479
-8.200117 9.778611 -8.594184 22.439615 -13.795000 -14.708355 4.670517 20.126757 3.170859 2.105814 -3.470721 1.093272 1.120660 -15.268305 2.535718 -0.752389 3.459181 -2.325209 1.741065 2.482663 18.772943 -5.566990 11.501985 -9.099059 -25.317955 9.488564 4.457389 2.064627 14.418686 15.967200
-8.369337 10.243696 -8.514829 22.169371 -13.136459 -14.704537 4.393660 20.556532 3.186738 3.576245 -3.309232 0.614188 0.902651 -15.216118 2.318622 -1.248709 3.582754 -2.056731 2.158937 1.976488 18.190605 -5.347092 11.398269 -9.826879 -25.362391 10.020632 3.620301 2.903407 13.162325 15.439773
-7.262239 13.109373 -7.837848 19.204863 -12.814278 -13.576655 3.762796 21.606394 5.177941 8.572403 -2.983741 -0.904905 0.190700 -15.393411 2.397757 -2.639162 3.483999 -0.955344 3.682918 1.403453 17.131933 -4.076437 11.494159 -11.461999 -24.779667 10.987621 1.560842 1.230706 10.594896 14.283975
-8.159929 14.882317 -8.056201 16.605583 -11.350529 -14.129579 3.651592 20.808775 6.261322 10.323580 -3.135485 -1.433132 -0.909966 -15.440788 2.909514 -3.797827 2.687196 -0.671444 4.445787 0.487373 14.104521 -3.499332 12.169757 -12.348714 -25.055185 11.281382 1.172305 -1.688980 9.748225 12.890860
-9.206943 15.738476 -7.940315 15.175411 -9.717941 -13.530258 4.234228 20.579247 7.712705 12.038247 -3.380233 -1.882938 -1.869767 -15.169477 2.885813 -5.050818 2.375017 -1.055279 4.828546 -0.653654 11.737803 -2.500288 12.196154 -14.626452 -24.612690 12.724443 0.624173 -3.674020 9.318645 10.895325
-9.390367 16.680077 -7.620490 14.688259 -9.080672 -11.900107 4.883814 20.637674 8.930315 13.283504 -2.917740 -2.326145 -2.666036 -15.224626 2.510636 -5.437588 2.343986 -0.947219 5.083887 -1.459582 9.327624 -2.333944 11.675518 -14.974257 -25.155764 13.024163 0.389361 -5.213997 9.558085 10.572858
-7.729820 17.468178 -7.960889 13.938728 -8.879673 -9.495769 7.510229 21.777561 11.258533 16.827055 -1.921481 -3.224727 -3.345322 -14.745550 2.044923 -5.929807 2.430638 -0.833958 5.126609 -3.555061 7.239040 -2.931993 11.637355 -13.592731 -26.807945 12.621124 -0.341645 -6.314300 10.676854 10.200043
-7.753310 16.978235 -6.978645 13.818136 -8.113163 -7.208705 9.996936 21.926207 11.798858 17.838511 -1.208198 -2.984286 -3.750782 -14.352565 1.662861 -5.769074 2.576633 -1.026738 4.731257 -4.211798 6.066700 -3.295223 11.218541 -10.820611 -28.910921 10.885649 -1.610312 -6.050913 11.453754 10.318961
-7.431214 16.893967 -7.740796 12.263920 -6.359871 -4.075970 13.609198 21.536137 13.202156 19.791353 -0.518581 -2.975527 -5.007784 -14.505968 1.765475 -5.577709 1.799267 0.179757 5.223535 -6.314604 4.791383 -3.984569 10.738574 -7.513830 -31.296560 8.651156 -1.747823 -4.688735 11.667929 12.057097
-7.706278 16.708933 -8.386727 12.414636 -5.320019 -3.186782 15.116537 20.845682 14.084274 20.041506 -0.032108 -2.843370 -5.585249 -14.493406 1.640672 -5.400819 1.610176 0.514249 5.378549 -6.985810 2.962249 -4.029601 10.636003 -6.298151 -32.475063 7.840055 -1.872575 -4.501192 10.930393 12.613560
-7.867821 16.742321 -8.488595 12.573613 -5.124435 -2.891114 15.203548 20.396631 14.112587 19.980122 0.043074 -2.832799 -5.625527 -14.443159 1.614954 -5.376892 1.638267 0.478605 5.361221 -6.980231 2.837706 -4.076432 10.581452 -6.360643 -32.373619 7.816616 -1.996057 -4.658612 10.772308 12.806139
-7.743545 16.710905 -8.510347 12.515978 -4.673360 -2.791097 15.302046 20.403189 13.988393 20.066729 0.239287 -2.778928 -5.668708 -14.392599 1.459726 -5.332782 1.679714 0.516603 5.372612 -7.049898 2.702381 -4.098734 10.563020 -6.353785 -32.433216 7.830294 -2.229077 -4.711071 10.590336 12.793643
-7.844901 16.768902 -8.621650 12.511493 -4.973124 -2.942796 15.421479 20.397058 14.214137 20.122858 0.118664 -2.841646 -5.651301 -14.427153 1.567552 -5.371553 1.685934 0.496775 5.348254 -7.014723 2.698717 -4.004954 10.560351 -6.363964 -32.458935 7.845824 -2.206568 -4.726747 10.544359 12.690742
-7.898438 16.865973 -8.616899 12.416233 -5.039903 -2.974219 15.505353 20.375185 14.304678 20.129789 0.126464 -2.869435 -5.658866 -14.410713 1.570791 -5.411248 1.640933 0.465017 5.355343 -7.026522 2.700043 -3.930149 10.439927 -6.332787 -32.491081 7.864494 -2.062359 -4.670140 10.555765 12.774115
-7.687716 16.827349 -8.589735 12.447641 -4.887995 -2.760786 15.199712 20.436487 14.010353 20.149725 0.108631 -2.843381 -5.654494 -14.397636 1.566443 -5.437137 1.637526 0.470211 5.370257 -7.052110 2.721784 -4.023354 10.622977 -6.347280 -32.436077 7.845068 -2.188664 -4.710706 10.597862 12.794574
-7.616220 16.753254 -8.539040 12.458212 -4.829323 -2.692057 15.159329 20.503782 14.021569 20.102585 0.128923 -2.819170 -5.710279 -14.404978 1.537803 -5.437943 1.613087 0.464620 5.375978 -7.079647 2.704762 -4.051163 10.592551 -6.331045 -32.439842 7.850060 -2.160655 -4.750492 10.639150 12.795195
