5.818927 30.969231 -5.909257 12.756115 11.955005 -1.867643 -6.456882 7.043408 -7.367682 -20.362188 -4.984592 10.939577 4.251822 -7.366078 5.382599 -5.543546 -0.467115 0.882997 -2.885188 -7.596442 1.754588 15.035583 -10.173419 0.007678 -29.430719 6.389509 11.347095 -16.429379 2.250560 9.804664
5.870194 30.976685 -5.869962 12.823419 11.963097 -1.847705 -6.503414 7.059224 -7.465314 -20.608133 -5.021446 10.997329 4.255730 -7.332005 5.371393 -5.575286 -0.463144 0.844234 -2.901624 -7.585121 1.878695 15.216125 -10.544087 -0.031690 -29.594349 6.286926 11.433384 -16.431845 2.286842 9.617866
-0.498887 18.480675 2.257150 18.134623 17.018108 -7.182940 4.879996 13.011964 -12.537519 -23.268530 -6.471234 12.200180 1.414087 -9.879556 0.365681 -6.756330 1.835294 -5.096196 -1.280306 -1.099341 3.711802 10.828949 -13.616391 -5.335143 -33.358318 8.694218 -3.539105 -7.537357 2.856255 -5.316829
2.337398 20.008804 -0.212916 18.578373 17.093992 -9.440684 2.828876 13.390136 -12.004395 -21.938070 -6.329616 11.595825 1.695268 -10.089597 0.779348 -6.991572 1.045597 -4.365853 -0.480256 -1.675273 4.632459 13.047726 -11.503968 -6.256226 -33.390057 9.658226 -0.696538 -7.210693 2.804462 -5.128284
3.039152 20.551189 -0.035249 19.332134 17.477549 -10.140194 2.302930 13.395682 -10.806039 -20.772087 -6.044464 11.345675 1.834627 -10.478425 0.784936 -6.889379 0.710057 -3.652695 0.224638 -2.067166 4.370304 13.610693 -10.993150 -8.156557 -32.679195 10.993969 1.539903 -6.116085 2.520382 -3.383861
4.173469 21.498920 0.269659 19.967974 16.847088 -10.877303 1.044875 13.255757 -9.946643 -19.537127 -5.735149 10.762953 2.260156 -10.784435 0.732492 -6.719692 0.923996 -3.031260 0.726452 -2.048831 4.875082 13.040420 -10.826560 -8.852065 -32.269939 11.245234 3.088695 -5.420248 3.139976 -1.325798
4.765610 22.209427 1.134606 19.182241 16.384636 -11.120450 0.679467 13.945235 -9.319013 -17.727045 -5.830728 10.127541 2.135657 -10.931829 0.781840 -6.795558 1.570605 -2.503431 0.962291 -1.948799 5.776696 12.332630 -10.974891 -8.705894 -31.979740 10.844828 3.965789 -5.315437 4.344864 -0.204335
5.129966 23.223597 1.513500 17.822365 14.938223 -11.372252 -0.114625 14.424201 -9.582435 -17.173124 -5.753441 9.330990 2.327977 -10.801762 0.948733 -7.086506 2.112740 -1.993451 1.054237 -2.205519 7.222791 11.223538 -11.174487 -8.628585 -31.507351 10.393850 4.843208 -5.337484 5.653986 1.345738
5.016987 24.005482 2.178394 15.953716 13.737040 -11.664588 -0.693344 15.328198 -10.285941 -16.626455 -5.748394 8.394659 2.709335 -10.651392 1.101037 -7.423237 2.612180 -1.759244 0.996153 -2.579782 8.369573 9.957850 -11.388444 -8.015018 -31.183802 9.995310 5.043737 -5.918479 6.844870 2.077176
5.853670 24.177532 2.503530 14.188965 12.577148 -11.525399 -0.995523 16.680449 -10.167741 -15.369576 -5.979664 7.270922 2.714406 -10.898692 0.975096 -8.047956 3.011042 -1.469618 1.456382 -3.200927 9.094296 8.271792 -11.045554 -7.694383 -30.833824 9.515886 6.682288 -5.562420 8.225714 3.960001
6.679420 24.812243 2.695991 12.424034 11.264503 -11.734855 -2.184437 17.487391 -9.820984 -14.070139 -5.856889 6.550469 2.916928 -11.119734 1.000547 -8.083122 3.053806 -1.110266 1.818957 -3.439576 9.246635 6.629160 -10.804009 -6.990403 -30.882875 8.807777 8.456285 -5.370795 9.497660 6.006115
8.143603 24.189373 1.890849 10.861556 10.209665 -11.811660 -2.678185 19.277750 -8.467364 -12.489655 -5.449768 5.946895 3.326213 -11.600214 0.974516 -7.592837 2.965240 -0.231916 2.438402 -3.770535 10.076929 5.891475 -10.202893 -6.314663 -31.114098 8.667097 10.560287 -5.213434 10.980735 6.396424
10.298852 22.810860 0.129600 11.002598 9.595400 -12.083755 -3.104527 20.770147 -7.170371 -11.303262 -5.415301 5.814836 4.521290 -11.929262 1.256748 -6.890040 2.649268 0.230732 2.813032 -3.077504 11.230247 6.206789 -9.545689 -7.565316 -29.636259 9.328119 13.191397 -4.942478 11.365755 6.735845
12.440206 22.834618 -0.870627 11.326320 8.796063 -12.638516 -4.484910 21.637487 -6.210901 -10.151773 -4.852674 5.149594 5.936635 -12.236452 1.831138 -5.961340 2.623594 1.693362 3.338450 -2.438816 12.668957 7.426103 -8.542572 -8.405896 -28.546774 9.998125 15.254007 -4.453545 11.080276 7.590073
12.461926 22.839144 -0.871278 11.325096 8.757583 -12.633101 -4.527164 21.668245 -6.196115 -10.162637 -4.876498 5.171659 5.927304 -12.234521 1.832567 -5.981753 2.606040 1.665616 3.319182 -2.440945 12.671206 7.477540 -8.476910 -8.295788 -28.607870 10.004049 15.278357 -4.435378 11.075607 7.636731
12.585046 22.708374 -0.700233 11.249287 8.578151 -12.530614 -4.628733 21.881598 -6.081448 -10.029523 -4.836721 5.142659 5.968569 -12.219707 1.865034 -5.973109 2.626475 1.721672 3.313052 -2.441656 12.775803 7.481843 -8.437924 -8.254477 -28.568087 9.999495 15.281079 -4.388472 11.171364 7.737672
12.511353 22.621204 -0.680889 11.258495 8.625744 -12.572582 -4.499285 21.882418 -6.127299 -10.050383 -4.874457 5.157481 5.945046 -12.241800 1.875242 -6.007812 2.615721 1.722590 3.315050 -2.417001 12.750424 7.582461 -8.459991 -8.215442 -28.586386 10.023969 15.212925 -4.447004 11.118862 7.583637
12.495702 22.620636 -0.682970 11.241078 8.661686 -12.601873 -4.487327 21.864250 -6.127675 -10.045866 -4.873322 5.161122 5.945590 -12.238037 1.881443 -6.001743 2.615483 1.727289 3.316836 -2.419597 12.763867 7.574546 -8.457932 -8.215170 -28.580145 10.020201 15.221881 -4.436444 11.111465 7.568607
12.596229 22.843769 -0.847906 11.178661 8.718637 -12.585414 -4.553147 21.801502 -6.006169 -9.984704 -4.852165 5.148992 5.980063 -12.281312 1.835410 -5.977698 2.571175 1.714186 3.391767 -2.393426 12.691678 7.693540 -8.477265 -8.448078 -28.523222 10.125669 15.200288 -4.486043 10.905439 7.587686
12.641455 22.802267 -0.770975 11.232729 8.704885 -12.592107 -4.520162 21.845846 -6.032483 -9.932328 -4.801225 4.853663 5.760265 -12.392416 2.099059 -5.704246 2.502032 1.603190 3.240130 -2.289714 12.845920 8.116722 -9.750617 -8.235225 -28.635767 9.968086 15.610396 -4.370216 11.023239 7.280192
12.658813 22.837605 -0.841916 11.186580 8.671902 -12.515045 -4.580171 21.865341 -5.989088 -9.919329 -4.767963 4.832152 5.765486 -12.421776 2.127745 -5.670859 2.498990 1.680797 3.291030 -2.324984 12.775455 8.036625 -9.725499 -8.327329 -28.635355 10.038931 15.732316 -4.361477 10.971657 7.335619
12.564675 22.796619 -0.842614 11.266789 8.713639 -12.561271 -4.553331 21.761198 -6.062762 -10.026033 -4.774888 4.869416 5.762401 -12.384008 2.111431 -5.656908 2.508797 1.643831 3.240349 -2.334431 12.738574 7.961824 -9.770240 -8.220164 -28.670744 9.968751 15.697371 -4.361407 11.056180 7.306584
7.197687 21.419966 9.772120 8.344080 7.184189 4.053507 -8.507237 21.270809 3.558837 -9.177643 -0.117928 8.517208 3.426967 -10.131099 0.028038 -1.890257 6.502299 2.491487 -0.277290 -1.498135 11.390626 4.851200 -16.698368 -3.084337 -26.121178 2.469127 7.995102 -3.432260 5.866259 21.986912
-1.218997 26.143213 15.751023 3.364878 10.700373 9.267240 -8.058943 16.287750 2.188019 -8.521591 0.597624 7.842454 0.193236 -9.424364 0.392455 -2.822436 8.051033 4.638795 -0.482521 -2.897011 6.303464 1.251068 -22.158180 -4.675339 -25.295782 0.922608 3.276579 -5.903933 2.001616 23.382631
-2.823557 28.222298 17.360254 0.109719 12.075963 9.123462 -7.323529 16.208584 0.959453 -6.759071 0.766540 7.934741 -0.457183 -8.831439 1.201894 -2.181901 8.544062 5.866973 -1.121373 -3.243449 5.404795 0.259430 -23.696474 -5.304186 -24.602758 0.907389 2.417879 -7.041924 2.218173 22.924450
-2.211862 26.592167 18.076052 0.226429 9.773837 10.133657 -7.337154 17.671082 0.635504 -7.346006 0.765365 7.966825 0.460651 -8.826345 1.468095 -1.527563 8.627077 5.908553 -1.553932 -2.813034 8.647410 1.144634 -23.068319 -4.366905 -24.251402 0.783728 1.173571 -6.226010 2.974492 23.303715
-1.836822 24.022808 18.270058 0.844094 8.142902 10.400455 -7.986761 19.394306 1.036740 -8.409119 1.376186 8.663841 1.117067 -8.442470 1.292571 -0.756757 8.827848 5.719405 -2.170618 -2.231582 11.059216 2.902185 -22.857584 -2.827667 -24.497650 0.637475 -0.254076 -5.581733 3.638953 22.986858
-1.820239 22.224773 18.336973 1.100712 7.740820 10.546996 -8.181544 20.349411 1.316346 -9.006117 1.693441 8.910552 1.553622 -8.141358 1.261845 -0.534379 9.007151 5.565944 -2.519690 -1.948542 12.396331 3.705573 -23.370070 -2.019654 -24.615126 0.491403 -1.723578 -5.397631 4.204937 22.598965
-1.968707 21.855988 18.404966 1.097975 8.088277 10.551471 -7.827891 20.457808 1.357953 -9.093518 1.856956 9.046646 1.627412 -8.044896 1.276883 -0.517176 8.983078 5.544923 -2.566110 -1.953742 12.613514 3.996332 -23.487789 -1.977858 -24.686319 0.587891 -2.060069 -5.225150 4.218714 22.267023
-1.882226 21.118977 18.572220 1.074075 7.808116 11.133404 -7.722697 21.110678 1.307430 -9.565136 2.046154 9.178160 1.812852 -7.903683 1.347565 -0.371193 9.096823 5.442897 -2.857625 -1.797604 13.565566 4.246861 -23.532232 -1.292248 -24.631426 0.401503 -2.930308 -5.329563 4.585526 22.106129
-1.853472 21.514677 18.544573 0.914792 7.856817 10.695468 -8.039311 20.981504 1.589857 -8.973074 1.881930 9.039955 1.772673 -8.048156 1.355860 -0.461974 9.000057 5.595767 -2.653013 -1.949584 13.092574 4.106860 -23.373981 -1.592414 -24.614410 0.465248 -2.307772 -5.416253 4.474397 22.305113
-1.956249 21.182034 18.460897 1.059883 7.780515 10.623500 -7.772102 21.013319 1.133914 -9.688202 2.057311 9.151400 1.844546 -7.834573 1.405713 -0.418266 9.083019 5.525960 -2.894037 -1.914800 13.388006 4.163711 -23.655085 -1.395506 -24.633507 0.492580 -2.849211 -5.109135 4.589293 22.170349
-2.072632 21.077972 18.435480 1.010024 7.820670 10.774553 -7.831277 20.946665 1.234435 -9.771641 2.052261 9.094017 1.913164 -7.866888 1.404655 -0.370385 9.126608 5.493869 -2.909730 -1.822449 13.309051 4.250756 -23.580706 -1.310445 -24.745890 0.458353 -2.823338 -5.076867 4.526876 22.115719
-2.025661 21.093590 18.425476 1.014029 7.787310 10.685742 -7.844196 20.995731 1.163218 -9.742538 2.091094 9.134567 1.928188 -7.859328 1.386772 -0.362592 9.110950 5.484986 -2.915184 -1.828747 13.511409 4.184349 -23.702703 -1.309315 -24.600698 0.407021 -2.982636 -5.155838 4.527730 22.192760
-2.021529 20.956646 18.508257 0.911836 7.599361 10.937643 -7.976952 21.104626 1.377598 -9.688255 2.093829 9.106017 1.998739 -7.889904 1.399908 -0.332228 9.100201 5.512357 -2.908306 -1.808830 13.420053 4.284474 -23.500895 -1.203587 -24.716326 0.357335 -2.802974 -5.180727 4.533096 22.033794
-1.948758 21.099874 18.536722 0.979428 7.742723 11.024238 -7.881761 21.093811 1.279981 -9.604262 2.064045 9.173669 1.889079 -7.927640 1.404555 -0.332296 9.063845 5.525531 -2.864351 -1.793608 13.371873 4.278105 -23.521933 -1.346914 -24.565924 0.377448 -2.759180 -5.324172 4.500976 22.135212
-1.855976 21.202370 18.524559 0.999357 7.798243 11.024085 -7.876089 21.058161 1.369327 -9.414871 2.000677 9.137403 1.830686 -7.974185 1.314923 -0.405316 9.090790 5.486126 -2.737548 -1.790789 13.045839 4.325755 -23.454443 -1.564477 -24.736982 0.470747 -2.648603 -5.085732 4.344660 21.993782
-1.876270 21.249910 18.522856 1.017366 7.792161 11.101485 -7.728360 21.067038 1.351485 -9.469231 2.048611 9.193357 1.809582 -7.904404 1.340056 -0.375475 9.077940 5.445860 -2.856718 -1.846847 13.476406 4.296515 -23.546484 -1.280673 -24.616758 0.348596 -2.831604 -5.390477 4.627589 22.093714
-1.809705 21.267986 18.507341 1.001340 7.798459 10.995521 -7.823157 21.067789 1.353162 -9.392071 2.047560 9.167670 1.836986 -7.907055 1.336572 -0.378125 9.077227 5.451264 -2.846815 -1.830226 13.276578 4.390815 -23.539911 -1.460027 -24.643690 0.417011 -2.773942 -5.233002 4.470450 22.085320
-1.977560 21.052864 18.505943 0.993437 7.941586 10.926344 -7.756870 21.021345 1.218063 -9.584085 2.043316 9.145245 1.818076 -7.910019 1.375350 -0.403901 9.082817 5.499276 -2.823328 -1.802064 13.304109 4.302690 -23.523355 -1.441677 -24.626791 0.464414 -2.787565 -5.218438 4.479439 22.073872
