-13.194266 24.878647 -20.275206 21.100992 -9.932592 -4.490969 0.642560 0.909153 4.808511 -8.463531 3.713481 -1.321301 -0.275499 -11.375394 0.659872 -0.054421 -5.321020 7.646600 -4.895378 -5.605568 1.727778 15.068386 -10.183931 -0.011880 -29.428751 6.417565 11.321265 -16.417738 2.251518 9.799820
-13.749673 24.816460 -20.490873 21.223093 -10.442824 -5.077467 1.272285 0.701175 5.393664 -8.716187 3.742511 -1.312457 -0.280466 -11.392498 0.586770 -0.047658 -5.351530 7.663879 -4.927920 -5.558354 1.831822 15.206180 -10.564385 -0.117685 -29.628242 6.296489 11.379430 -16.429655 2.279265 9.611623
-17.342672 12.758438 -13.320396 27.353312 -4.501611 -14.633187 10.100686 8.865657 2.445255 -6.728259 2.484393 -0.758645 -3.056395 -15.074831 -5.753466 -2.309271 -3.767310 1.871434 -1.068088 1.449973 6.125259 12.324816 -12.290849 -10.459122 -31.525379 12.223303 2.281374 -3.213795 3.319522 -2.139016
-16.511131 11.001699 -12.594438 28.527163 -4.909564 -17.046686 9.806832 10.176008 2.479938 -6.046210 1.671381 -0.807125 -2.721748 -15.633135 -5.903597 -2.207158 -3.149724 1.949283 -0.640528 3.585035 8.737090 10.850906 -12.272080 -11.810272 -31.707857 12.448489 4.621900 0.050013 5.787232 -1.538651
-15.944118 10.588968 -11.455081 29.570732 -5.507014 -17.870455 8.806044 11.073331 2.188816 -5.552475 1.248269 -1.581652 -2.469635 -15.992115 -5.953628 -2.263406 -2.278000 2.154563 -0.338707 4.346519 11.220050 9.913319 -12.186327 -11.959422 -31.294605 12.507274 4.625499 1.810176 7.152009 -0.664807
-15.725396 10.110966 -10.355847 30.582989 -6.306671 -18.304272 8.177089 10.722852 1.737523 -5.984391 1.415337 -1.799130 -1.599726 -16.075687 -6.147792 -1.731638 -1.604077 2.005072 -0.529543 5.083117 13.027259 9.482977 -11.914438 -12.200239 -30.895090 12.699262 4.342737 3.275964 8.179195 -1.167539
-15.020967 9.544296 -9.879795 31.713669 -6.913911 -19.107225 6.865183 10.556397 1.435261 -6.166836 1.296184 -1.893003 -1.405003 -15.910208 -6.304079 -1.416863 -0.993979 1.999488 -0.934371 5.628738 13.363323 9.279124 -12.041995 -12.757749 -31.042589 12.722553 4.608999 5.894663 8.427995 -0.645119
-14.913245 9.278273 -9.234161 31.960649 -7.242976 -19.652790 5.798893 10.704711 1.322056 -6.050664 1.064056 -2.147235 -1.173996 -16.014494 -6.589005 -1.433261 -0.681710 1.904684 -0.871413 5.692322 13.496764 9.447392 -12.141457 -12.994914 -30.930313 12.697114 4.917308 6.841204 8.635756 0.010874
-14.625731 8.890217 -8.594587 32.194477 -7.547553 -20.112349 4.996074 11.163857 1.612162 -5.776657 1.192629 -2.222408 -0.890947 -16.032110 -6.889448 -1.223113 -0.486186 1.839932 -0.997403 5.891803 14.029582 9.402320 -12.422362 -13.685783 -30.508158 13.122123 5.907597 8.334891 8.719608 1.217300
-14.549356 8.421641 -7.975247 32.550121 -7.884333 -20.191814 4.587256 11.296321 1.981572 -5.750519 1.230394 -2.481485 -0.410020 -16.108433 -7.016820 -1.036399 -0.308711 1.735805 -1.049370 6.222419 14.438795 9.078732 -12.645568 -13.586345 -30.414560 13.087105 6.231040 9.622814 8.823647 3.016699
-14.262518 7.801021 -7.682228 33.161995 -8.750407 -20.053679 3.267182 11.602595 2.480803 -6.531143 1.383796 -2.669862 0.056683 -15.968983 -6.970172 -0.687015 0.161798 1.616186 -1.359735 6.520555 14.939791 9.341414 -12.656415 -12.991493 -30.410423 12.609013 6.737404 10.725554 9.098490 4.988833
-14.270900 7.129176 -7.105943 33.952641 -9.362349 -19.932756 2.292526 11.721553 2.490243 -7.602695 1.469307 -2.956484 0.488322 -15.951198 -6.847916 -0.199521 0.633098 1.672750 -1.767939 6.573505 15.210581 9.779804 -12.743728 -12.547881 -30.536520 12.561391 6.837736 11.791418 9.162131 6.635305
-13.960397 6.396432 -6.509851 34.066570 -9.727549 -19.302530 1.424722 11.997917 3.177747 -7.921358 1.612178 -3.405275 0.773810 -15.835490 -6.837102 -0.044478 1.190186 1.527908 -2.181231 6.621244 15.950555 10.260574 -12.919551 -12.038526 -30.476553 12.084997 7.012139 12.960157 9.061329 7.634788
-13.538247 6.100159 -5.818143 33.649570 -10.352681 -18.564207 0.848517 12.783800 3.335782 -7.584260 1.754069 -3.954232 0.987084 -15.723478 -6.907817 0.026355 1.687599 1.079655 -2.644201 6.451515 17.082352 9.923910 -13.693428 -11.638902 -29.993610 11.655338 6.340253 13.945947 8.885984 8.455417
-12.885196 5.224986 -4.620753 32.667690 -11.777130 -17.380709 -0.237057 14.287552 3.719127 -7.281711 2.070923 -4.394832 1.682183 -15.340218 -6.910006 0.145776 2.377451 0.854503 -3.175679 6.585783 18.628002 9.463240 -14.685046 -10.612582 -29.398108 10.965759 4.619690 14.338364 8.953026 9.119912
-12.885751 3.587892 -2.833691 32.778236 -13.153831 -15.700440 -1.311669 15.469268 4.145017 -8.620260 2.211347 -4.744648 2.627730 -15.147100 -6.990514 0.531686 3.018203 0.494086 -3.935874 6.623410 20.362921 9.625205 -15.455705 -9.830373 -28.819975 10.483616 3.314777 14.968858 9.225054 9.552170
-12.973693 3.217105 -2.339892 33.123215 -13.459326 -15.270558 -1.242260 15.545492 4.347188 -9.041376 2.253213 -4.899069 3.007483 -15.082470 -6.937590 0.670707 3.241086 0.428491 -4.174982 6.727359 20.996111 9.878068 -15.790206 -9.668349 -28.586405 10.309966 2.664510 15.206323 9.168920 9.855001
-13.153096 3.187560 -2.200327 33.237446 -13.867836 -15.056826 -1.260950 15.596952 4.351419 -9.118505 2.371312 -5.068267 3.207718 -15.061882 -7.025218 0.695512 3.388628 0.368622 -4.266960 6.660419 21.511742 9.878822 -15.822628 -9.484474 -28.534025 10.267457 2.515491 15.404351 9.278057 9.886379
-13.245436 3.179181 -2.168090 33.350338 -13.934333 -15.211064 -1.351372 15.668232 4.398812 -9.223751 2.406950 -5.158263 3.287511 -15.089041 -6.987827 0.745894 3.444458 0.422024 -4.313003 6.713652 21.546072 10.022409 -15.811923 -9.669100 -28.798492 10.164009 2.456902 15.370715 9.357485 9.639577
-13.132358 3.011835 -2.080875 33.349407 -14.127716 -15.012300 -1.077376 16.010452 4.519250 -9.058215 2.469140 -5.303347 3.400362 -15.102681 -7.034616 0.753278 3.459373 0.427631 -4.282369 6.640999 21.528040 10.564953 -17.204121 -9.496965 -28.988317 10.005463 2.669903 15.403771 9.339766 9.419433
-13.166680 3.341757 -2.250885 33.336945 -13.869053 -15.368009 -1.153163 15.815997 4.348223 -9.020372 2.432328 -5.103830 3.222977 -15.154388 -7.054525 0.756225 3.355108 0.447398 -4.275178 6.590480 21.543688 10.342109 -17.156691 -9.374433 -29.165903 9.977682 2.740667 15.654948 9.310237 9.631384
-12.997040 3.190075 -2.157636 33.221455 -14.086494 -15.151391 -1.197998 16.205959 4.482786 -8.825110 2.477474 -5.188909 3.346110 -15.168813 -7.076733 0.737744 3.400586 0.378931 -4.317326 6.605451 21.466644 10.437968 -17.061966 -9.396444 -29.155561 10.111269 2.956009 15.455251 9.487907 9.349429
-6.183285 -0.186834 -3.075895 28.152300 -19.728132 -11.814235 -0.657129 24.324797 6.143557 -5.504196 1.233284 -7.141464 6.083147 -14.639565 -5.251691 0.922071 3.374012 -0.432442 -5.712608 6.034193 27.548750 13.617517 -15.484460 -4.957322 -28.969103 8.721818 -0.451497 9.227468 14.758680 5.577168
-6.318935 2.242909 -4.436199 27.966726 -19.837095 -13.993375 -0.657631 23.880711 4.972440 -3.823201 1.000035 -6.676301 5.477925 -15.042717 -5.077381 0.477021 3.012380 0.254572 -4.963691 6.432291 26.566679 11.556641 -14.651047 -6.970792 -28.320616 9.755758 3.783936 10.199483 14.260916 5.992732
-5.138074 3.134889 -5.691212 27.025122 -20.470993 -14.588398 0.856036 24.887323 4.073349 -2.713146 0.327161 -6.516805 5.403087 -15.297766 -4.459901 0.073306 2.249166 0.694965 -4.164927 6.593327 26.987047 10.643005 -13.353202 -6.720812 -28.269293 10.109944 6.147190 8.633355 16.470592 6.238234
-3.081682 4.554554 -7.627682 25.215750 -22.834536 -15.278598 1.827300 25.875269 2.057491 -2.580458 -1.193844 -7.210855 6.140831 -15.754526 -3.069874 0.002339 1.612157 1.519711 -3.652463 6.321227 28.515427 10.807782 -11.372407 -5.752221 -28.274626 10.271135 9.142818 6.324479 19.143963 5.839489
-2.246812 5.531355 -8.700176 23.506865 -23.680111 -14.829649 2.337836 25.916042 1.795415 -1.928334 -1.408361 -7.168942 6.288382 -15.962896 -2.516704 -0.020770 1.069486 2.121350 -3.355247 6.174503 28.611412 10.715209 -10.691691 -5.162360 -28.006922 10.018304 10.210359 3.931693 19.625141 5.518051
-2.127181 5.693647 -8.705662 23.301447 -24.010588 -14.623718 2.414795 25.910353 1.775007 -1.990961 -1.447424 -6.989394 6.263090 -16.033562 -2.415413 0.016389 0.924738 2.235219 -3.278487 6.291028 28.549057 10.954521 -10.517502 -5.256137 -27.933275 10.197149 10.236001 3.430465 19.597950 5.231997
-2.128125 5.836898 -8.658330 23.156878 -24.147802 -14.472072 2.431885 25.918976 1.599582 -2.066688 -1.476795 -7.104433 6.302085 -15.967802 -2.348015 -0.118321 0.936433 2.221826 -3.306927 6.223768 28.825062 10.818096 -10.397584 -5.025562 -27.966955 10.078419 10.340754 3.401718 19.711493 5.241889
-1.952208 5.803332 -8.840373 23.141806 -24.189430 -14.552818 2.452347 25.975218 1.620759 -2.063874 -1.491895 -7.084335 6.099326 -15.996271 -2.326260 -0.177119 0.890479 2.288867 -3.262841 6.093035 28.719215 10.667243 -10.344295 -4.774502 -28.055670 10.049269 10.415917 3.279437 19.826620 5.147112
-2.086710 5.831579 -8.797889 23.181753 -24.116907 -14.645042 2.433262 25.905199 1.584046 -2.126506 -1.491034 -7.038956 6.135754 -16.007084 -2.326697 -0.116621 0.905293 2.308009 -3.286094 6.141665 28.665768 10.498794 -10.358296 -4.850696 -28.025068 10.062922 10.488721 3.307620 19.794729 5.031184
-2.084620 5.793340 -8.887622 23.167318 -24.094791 -14.745387 2.395126 25.926022 1.519612 -2.193559 -1.521636 -7.050503 6.169174 -15.996218 -2.311697 -0.125334 0.912819 2.277799 -3.301902 6.151876 28.621588 10.495189 -10.336275 -4.948048 -27.964088 10.112452 10.569846 3.323336 19.707956 4.992358
-2.077064 5.802817 -8.910021 23.174807 -24.092527 -14.743979 2.385055 25.917929 1.514968 -2.201000 -1.543968 -7.057027 6.138726 -15.998808 -2.295672 -0.157339 0.909301 2.290877 -3.269031 6.147028 28.635057 10.496315 -10.336907 -4.909295 -27.944077 10.127872 10.577340 3.313787 19.728003 5.006201
-2.063275 5.746278 -8.898625 23.132664 -24.078440 -14.713595 2.406912 25.959627 1.607283 -2.139208 -1.525862 -7.032017 6.158600 -15.995575 -2.297920 -0.126968 0.907903 2.260899 -3.292556 6.194835 28.673861 10.482150 -10.353316 -4.930872 -27.889175 10.152168 10.541543 3.319278 19.730804 4.962446
-2.085087 5.669021 -8.918832 23.044004 -24.038942 -14.698962 2.426230 26.057314 1.674859 -2.014320 -1.523442 -7.054532 6.153126 -15.995869 -2.290264 -0.147013 0.912697 2.286459 -3.269123 6.200613 28.660328 10.538160 -10.336266 -4.942513 -27.896963 10.179919 10.585980 3.314346 19.724592 4.918899
-2.085607 5.669390 -8.915808 23.043457 -24.042023 -14.696815 2.424450 26.058815 1.676457 -2.012059 -1.520929 -7.056942 6.159314 -15.994893 -2.286590 -0.139479 0.921618 2.295226 -3.274206 6.200935 28.666672 10.524603 -10.339032 -4.944535 -27.888060 10.177914 10.590613 3.313645 19.723671 4.922367
-2.065880 5.673194 -8.892163 23.007494 -24.096947 -14.708470 2.410266 26.079222 1.635757 -2.016997 -1.522307 -7.055623 6.158676 -15.992573 -2.287304 -0.135467 0.922601 2.297196 -3.279470 6.184137 28.718992 10.545366 -10.327941 -4.961162 -27.921062 10.157471 10.566157 3.297616 19.741528 4.901990
-2.063987 5.676663 -8.897612 22.996588 -24.098158 -14.704120 2.414125 26.076952 1.633115 -2.023155 -1.519882 -7.060780 6.157322 -15.989222 -2.287936 -0.130223 0.927933 2.295383 -3.286579 6.187283 28.730412 10.543920 -10.329418 -4.956284 -27.924074 10.148022 10.565639 3.301383 19.748135 4.900916
-2.053027 5.737636 -8.876885 23.019793 -24.144411 -14.731074 2.381032 26.047670 1.562370 -2.096601 -1.531592 -7.051587 6.157682 -16.008497 -2.293483 -0.130676 0.909623 2.273415 -3.270268 6.206506 28.737064 10.537729 -10.319911 -4.953074 -27.915876 10.145066 10.554114 3.299722 19.741926 4.885725
-2.007581 5.719065 -8.876350 23.027485 -24.180578 -14.729295 2.310818 26.067217 1.514146 -2.152787 -1.530559 -7.073601 6.154346 -15.996342 -2.276171 -0.128369 0.918267 2.277285 -3.276205 6.195793 28.565624 10.274345 -9.118963 -5.069123 -27.872866 10.234770 10.103818 3.263038 19.639385 5.147761
-2.007142 5.667224 -8.893042 22.965506 -24.158348 -14.702108 2.334731 26.094065 1.564986 -2.068806 -1.528553 -7.078593 6.138531 -15.998314 -2.269230 -0.125014 0.912836 2.292179 -3.268188 6.201372 28.580248 10.268188 -9.139243 -5.102358 -27.841177 10.239086 10.125192 3.286788 19.604803 5.166704
-1.468679 5.822253 -8.712913 23.035540 -23.675272 -14.192870 1.567690 26.166946 0.698454 -2.125887 -1.538365 -7.031215 6.181232 -15.976822 -2.294405 -0.110600 0.921273 2.283873 -3.290837 6.174475 28.507723 9.988754 -7.971210 -5.216659 -27.730391 10.332109 9.650389 3.121877 19.607668 5.410385
-5.083457 7.650843 -9.200374 22.107384 -18.021933 -14.898894 3.383594 22.510803 1.664027 -0.348280 -1.263525 -5.835618 3.411026 -15.965931 -3.160466 -1.199571 0.333745 2.902688 -2.163942 5.832932 24.097555 5.059866 -9.177688 -7.028961 -26.759716 9.454590 12.486516 3.113686 17.594654 7.424692
-6.792235 8.263747 -8.931836 22.207258 -16.503033 -14.779693 4.885242 21.364840 3.393820 0.891922 -0.923077 -5.587192 2.666998 -16.111025 -3.494009 -1.358827 0.168515 2.889344 -1.922619 5.630467 23.328516 3.865921 -12.349206 -7.043254 -26.815884 8.627794 13.625807 3.608577 17.049726 7.846298
-6.265560 8.468040 -8.450515 22.437136 -15.949495 -14.549557 4.146026 21.667345 3.099927 1.479104 -0.917077 -5.679851 2.171496 -16.220627 -3.799175 -1.511727 0.339422 2.670137 -1.898888 5.643473 23.144461 3.617852 -12.086514 -7.117072 -26.912405 8.842701 12.914527 3.882941 16.936972 7.744852
-7.603570 9.553797 -8.036817 22.109552 -14.263022 -14.397122 3.958606 20.896772 2.834215 2.376211 -1.010047 -5.098760 1.474599 -16.172022 -3.993200 -1.938638 -0.134561 2.810312 -1.358842 5.384282 21.177656 0.294366 -8.833280 -7.994756 -26.506329 8.542450 12.504771 3.908198 15.482411 9.891953
-7.330776 12.429811 -7.526591 20.377104 -13.192043 -13.246732 4.134491 21.090982 4.744753 6.820821 -1.322149 -4.861573 0.762169 -16.032955 -3.994766 -2.874035 -0.822253 2.468661 -0.997919 4.957603 19.620134 0.675102 -10.242326 -9.128199 -26.593153 8.962393 11.897498 4.322569 12.501665 9.481182
-7.086747 14.347645 -8.045689 18.442610 -12.205208 -13.730544 3.451939 21.325743 4.918742 8.707507 -1.763137 -4.835668 -0.315583 -16.183290 -3.916444 -3.879730 -1.705943 1.989373 -0.450250 4.099064 17.962179 1.968071 -10.906186 -10.344878 -26.707773 9.633703 10.953497 2.212542 11.039256 7.303198
-8.813399 15.699926 -8.541805 15.862895 -10.346354 -15.425626 2.678236 19.783495 4.750134 10.124563 -2.460526 -5.199223 -1.170202 -16.166872 -3.905219 -4.885560 -2.285744 1.563747 -0.090522 2.842968 15.509581 2.445622 -10.968385 -12.118165 -26.203150 10.548910 10.667781 0.263559 10.380478 5.953883
-9.244637 16.482529 -8.141176 15.083248 -9.473532 -14.183889 3.801929 19.548498 6.593010 11.764770 -2.964282 -5.211466 -2.732681 -16.120592 -4.070733 -5.794374 -2.593078 1.156286 0.125500 1.889147 12.957618 3.903996 -11.110482 -13.602225 -26.577059 11.745713 10.321912 -1.464777 10.173531 4.508632
-9.455496 17.348520 -7.822773 13.805333 -8.418643 -12.557044 5.598035 20.043898 8.496110 14.324862 -2.723693 -5.385632 -3.630072 -15.920212 -4.620865 -6.454493 -2.348197 0.936838 0.190081 1.126556 10.631149 4.226074 -11.318858 -13.965794 -27.298380 12.282532 9.294185 -3.562741 10.334441 3.348303
-9.612554 18.798042 -7.594019 13.208291 -8.309134 -11.034525 8.646289 19.300011 9.555946 16.286528 -1.948098 -5.377524 -4.214200 -15.671177 -5.147501 -6.363811 -1.925461 1.271287 0.000244 0.354289 9.128744 4.593837 -11.796721 -12.763148 -28.741562 11.324995 8.414281 -4.176016 10.971526 3.635012
-9.205524 19.600853 -6.779024 12.368202 -7.050410 -8.388247 11.140580 20.030355 10.915048 19.381613 -1.048209 -5.612863 -4.229171 -15.379648 -5.093452 -5.927214 -1.448463 2.122859 -0.160512 -0.137387 7.936718 3.627838 -12.640578 -9.180305 -31.160543 8.949085 7.788741 -3.503463 12.094582 4.421578
-9.911699 19.832340 -7.070930 12.127158 -4.458405 -6.619150 14.363883 19.113909 11.868056 20.547121 0.300650 -5.868382 -4.790482 -15.359850 -5.169094 -5.275966 -0.922304 3.450989 0.154909 -0.830147 5.834630 2.684594 -14.764162 -5.846217 -33.990490 6.736537 8.091918 -2.379094 12.026773 5.113969
-10.022091 19.645660 -7.530278 12.349858 -3.671767 -6.311139 15.066411 18.649996 12.370165 20.839014 0.879778 -5.868017 -4.827999 -15.397532 -5.271700 -5.142673 -0.942544 3.802088 0.318895 -0.861404 4.775428 2.361277 -13.340350 -5.745300 -34.292576 6.701720 7.628819 -2.238451 11.347328 6.155259
-9.916614 19.613899 -7.459558 12.315593 -3.280454 -5.909161 15.093206 18.502481 12.263015 20.811445 0.849455 -5.861321 -4.866340 -15.317293 -5.252395 -5.220999 -0.935513 3.810718 0.303307 -0.964721 4.734962 2.131088 -12.537172 -5.888424 -34.172100 6.767407 7.178909 -2.408628 11.252716 6.383868
-10.047891 19.418293 -7.605169 12.315634 -3.283140 -5.776197 15.609263 18.472748 12.624181 20.910629 0.921749 -5.928673 -4.895414 -15.326132 -5.288397 -5.212619 -0.918109 3.858121 0.337426 -1.018498 4.769155 2.423462 -13.428466 -5.799537 -34.293957 6.748450 7.445988 -2.286618 11.209715 6.128025
-10.505247 20.142456 -7.523568 12.096816 -3.395696 -6.118808 15.370223 18.003302 12.261381 20.671900 0.861410 -5.955558 -4.883811 -15.367766 -5.215983 -5.192511 -0.903939 3.903257 0.298665 -0.976466 4.802340 2.649749 -14.799581 -5.520828 -34.449348 6.566004 8.023038 -2.399462 11.428061 5.700823
-10.055883 20.054199 -7.697824 12.149139 -3.291395 -5.974093 15.068549 18.212358 12.171067 20.863821 0.915038 -5.983890 -4.825103 -15.380880 -5.269039 -5.223946 -0.936718 3.916175 0.379756 -0.999088 4.682151 2.257579 -13.170209 -5.820915 -34.275379 6.739966 7.315790 -2.439040 11.267231 6.132514
-9.970464 19.973434 -7.692458 11.881130 -2.909055 -5.147828 15.613955 18.180208 12.294324 20.934233 0.926496 -5.818757 -4.837228 -15.281585 -5.271010 -5.174854 -0.927444 3.854119 0.282575 -0.953775 4.795488 2.293820 -12.485772 -5.976361 -34.095882 6.826378 7.231377 -2.350266 11.055733 6.500214
