-7.230276 23.116608 -21.206053 12.977394 -6.994757 3.056126 7.478768 9.905235 15.366686 8.450650 -3.650453 6.373829 -0.535616 -9.655421 9.885903 0.000143 -1.835169 -0.261126 -5.056340 -6.081115 11.187341 12.658327 -13.079961 -13.414380 -13.431095 10.094963 10.326603 -25.149645 -1.368002 13.248028
-7.704766 23.025520 -21.419958 13.011145 -7.449487 2.548410 8.168988 9.796908 16.093714 8.391238 -3.682310 6.426311 -0.558132 -9.631086 9.887022 -0.012537 -1.852716 -0.290197 -5.067666 -6.076917 11.624274 12.806250 -13.494090 -13.905320 -13.100230 10.165602 10.477611 -25.433210 -1.457820 13.234063
-13.075495 9.041570 -11.142554 19.478071 -0.437618 1.066508 20.903183 17.820066 14.070989 8.261597 -4.534925 8.165984 -3.577271 -12.308054 4.249877 -0.242248 1.376544 -5.799963 -3.673016 0.699638 14.102984 8.328676 -19.020584 -23.205734 -13.777262 13.835831 -5.941420 -16.066422 -2.670872 2.031493
-12.924321 7.110516 -9.823338 19.699003 -0.312730 2.134302 21.172310 18.239691 15.708781 8.631384 -4.683043 8.975788 -2.948308 -12.659126 3.958911 0.566406 1.393937 -6.542580 -4.267264 1.383189 15.198300 10.526873 -19.354847 -25.556389 -13.081173 13.737514 -5.776711 -13.402427 -5.440862 3.717889
-13.556764 6.163835 -8.979786 20.139246 0.317869 3.760442 19.654663 17.919298 18.075392 8.570534 -4.241370 9.390645 -2.751062 -12.242318 3.476936 0.539821 1.601506 -7.511086 -5.020466 1.644912 15.451946 12.529142 -19.625837 -26.813431 -13.164410 14.605360 -5.205853 -10.628419 -7.106044 4.239335
-14.115243 6.855582 -8.291380 22.656765 1.771423 2.491106 17.276894 17.027773 19.875320 9.240426 -3.714052 9.924204 -2.937785 -11.877394 2.628526 0.805762 2.344326 -8.325277 -5.816722 1.710871 15.048126 15.170336 -20.393190 -27.970085 -13.203452 15.864307 -5.456705 -6.980628 -8.834436 7.845869
-14.734302 7.007115 -7.670882 22.878798 2.225384 2.674124 16.647943 16.534943 20.492779 9.571339 -3.866458 10.096369 -3.040066 -11.748490 2.553852 0.931541 2.797213 -8.578659 -6.168523 2.012477 14.844596 15.060712 -21.001835 -28.276596 -13.153159 15.933990 -6.322063 -6.006706 -8.735791 8.903692
-14.671743 6.858656 -7.816743 23.059828 2.266678 2.300534 16.365965 16.521217 20.498751 9.619485 -3.888119 10.113273 -3.084103 -11.730803 2.484166 0.951647 2.927404 -8.615779 -6.228938 2.103578 14.867702 15.216366 -21.042555 -28.343027 -13.062941 15.993531 -6.352020 -5.757565 -8.848600 9.162463
-14.665564 6.879849 -7.856309 23.055445 2.206385 2.365765 16.303230 16.511503 20.486578 9.548522 -3.906414 10.095013 -3.095236 -11.714714 2.465780 0.935354 2.946599 -8.612711 -6.268944 2.094590 14.816659 15.249090 -21.055738 -28.236200 -13.045915 15.974294 -6.368129 -5.800889 -8.855108 9.229226
-14.734814 6.900435 -7.814607 23.074520 2.287066 2.397031 16.310747 16.473053 20.512953 9.551018 -3.880349 10.120987 -3.092870 -11.730913 2.480405 0.967993 2.927853 -8.608948 -6.245969 2.058023 14.843966 15.193962 -21.050455 -28.281281 -13.081688 15.899710 -6.350670 -5.800484 -8.861775 9.205944
-14.660417 6.900873 -7.918306 23.045568 2.249175 2.320693 16.275740 16.478537 20.486609 9.560841 -3.883862 10.105210 -3.095456 -11.713118 2.466739 0.951101 2.929572 -8.611924 -6.266723 2.070015 14.867360 15.258528 -21.017300 -28.300072 -13.065224 15.978472 -6.338526 -5.710311 -8.852242 9.186095
-14.661108 6.879734 -7.910406 23.066235 2.238621 2.321136 16.298399 16.520929 20.458292 9.558104 -3.877273 10.123034 -3.090346 -11.723652 2.478843 0.968939 2.921333 -8.612666 -6.248227 2.074664 14.886440 15.223867 -21.011919 -28.287457 -13.092602 15.951420 -6.360559 -5.741401 -8.842836 9.158908
-14.664271 6.879650 -7.899425 23.058550 2.245722 2.335511 16.331966 16.554796 20.454824 9.558029 -3.883409 10.104446 -3.093856 -11.717719 2.467250 0.947137 2.914402 -8.615980 -6.254204 2.062971 14.846018 15.226464 -21.022341 -28.333933 -13.047027 16.007521 -6.350823 -5.707791 -8.883409 9.168690
-14.682994 6.877662 -7.869610 23.067099 2.281396 2.364059 16.339382 16.549618 20.498808 9.565026 -3.890366 10.122200 -3.081229 -11.722102 2.487993 0.966673 2.925639 -8.617702 -6.243994 2.062537 14.873385 15.259236 -20.983082 -28.358192 -13.090699 15.984801 -6.318892 -5.716201 -8.872944 9.158937
-14.639363 6.874195 -7.891151 23.059504 2.229083 2.359174 16.291842 16.501596 20.495647 9.512875 -3.875457 10.122885 -3.092403 -11.720133 2.478505 0.967215 2.937029 -8.611609 -6.240319 2.062013 14.901761 15.273571 -21.009623 -28.321156 -13.059917 16.023186 -6.384164 -5.675926 -8.860432 9.204025
-14.658890 6.901204 -7.832645 23.057274 2.203364 2.381167 16.297424 16.526258 20.478218 9.533922 -3.883432 10.103867 -3.096374 -11.735825 2.467288 0.957554 2.915577 -8.601124 -6.242656 2.049722 14.854812 15.239515 -21.046680 -28.275169 -13.031379 15.999252 -6.369489 -5.744547 -8.865507 9.217917
-14.633551 6.893795 -7.894995 23.049047 2.237805 2.334907 16.291689 16.509520 20.482924 9.535115 -3.887740 10.121865 -3.100337 -11.737027 2.484109 0.965523 2.929131 -8.605816 -6.238344 2.056562 14.901351 15.286589 -21.011305 -28.347687 -13.105031 15.963335 -6.377275 -5.714773 -8.874568 9.172392
-14.677256 6.875031 -7.909342 23.055279 2.258227 2.341264 16.304667 16.469149 20.484972 9.553535 -3.890708 10.131096 -3.087249 -11.720571 2.486500 0.968623 2.932719 -8.613388 -6.255405 2.073052 14.882203 15.264847 -21.003401 -28.298120 -13.091953 15.965239 -6.354445 -5.731732 -8.858175 9.134322
-14.687043 6.857181 -7.886890 23.076742 2.284230 2.358844 16.315659 16.474943 20.507864 9.537092 -3.888341 10.125448 -3.077115 -11.722364 2.486843 0.970762 2.947114 -8.607441 -6.251248 2.080254 14.872689 15.224836 -21.012421 -28.350317 -13.126120 15.954765 -6.349568 -5.744130 -8.816734 9.181897
-14.705483 6.840618 -7.885831 23.069866 2.228550 2.362407 16.382366 16.505943 20.581663 9.521015 -3.891301 10.114550 -3.080550 -11.729214 2.489015 0.964789 2.952232 -8.605452 -6.238042 2.070297 14.963041 15.525373 -22.349360 -28.137932 -13.181896 15.834986 -5.845140 -5.686673 -8.747753 8.905379
-14.778746 6.832317 -7.838565 23.115707 2.275217 2.433164 16.442463 16.535717 20.598768 9.557767 -3.903735 10.125902 -3.069867 -11.725541 2.487333 0.967139 2.937634 -8.610439 -6.250638 2.082692 14.959926 15.572996 -22.349985 -28.159479 -13.150173 15.865561 -5.845589 -5.656143 -8.808706 8.898034
-14.602816 -8.578741 -8.185124 14.098679 -3.989250 13.343999 12.885793 20.675476 24.140730 -2.408034 -0.830566 10.376335 0.837839 -8.130084 3.299270 0.966223 0.676991 -11.565477 -7.596538 7.172277 26.016581 14.794365 -21.737608 -20.878635 -5.472144 9.745758 -3.437885 5.890801 -22.602486 6.069772
-13.826483 -13.233580 -9.838022 13.697064 -2.945542 18.284027 11.647044 21.037369 21.521780 -3.985348 4.126688 10.000410 1.877934 -8.058482 1.221940 1.475597 -0.935316 -9.597231 -4.427698 7.043009 24.226471 10.715342 -17.510765 -12.530358 -10.334854 4.292657 -4.778234 8.259835 -24.054859 1.214954
-14.538813 -15.425576 -11.782894 11.530898 -2.567340 18.115339 11.889131 20.472338 21.965769 -4.202774 4.966567 9.159293 2.120063 -7.431316 1.354299 0.959757 -1.419256 -9.303889 -3.589691 7.250142 24.687632 9.437707 -17.059290 -11.261121 -11.291805 2.370576 -4.434867 8.717558 -24.474707 -2.614167
-14.377227 -16.567101 -12.803127 9.931359 -1.132323 18.675219 12.238145 19.545109 20.697025 -4.866998 5.825066 8.852001 2.281227 -6.847466 1.417472 0.326606 -1.450777 -9.861314 -3.025664 7.086975 23.198116 7.773289 -14.007716 -9.560512 -11.699531 1.265375 -5.382665 8.483357 -25.151266 -4.430520
-15.190619 -17.802984 -13.872529 8.792128 0.861219 16.210968 13.338398 17.881638 21.077196 -5.042957 6.017842 9.314965 2.498097 -5.826461 1.177842 -0.344469 -2.132365 -10.195585 -3.048708 7.536558 23.042431 6.764311 -13.759399 -10.542602 -11.391163 0.117017 -3.375435 8.762866 -25.789865 -4.733146
-15.536115 -18.350256 -15.331035 8.292843 2.415394 14.262137 14.291954 15.986180 21.484121 -5.152177 5.914612 9.778320 2.420609 -4.947665 1.626424 -0.589294 -2.319134 -10.257504 -2.746475 7.371713 23.525795 5.495122 -13.965053 -11.783517 -11.569202 -1.368317 -0.817048 9.757557 -26.537828 -4.612416
-14.681006 -19.221945 -15.072481 5.491170 3.499746 17.369011 15.761789 15.920892 17.277052 -6.139438 7.625465 8.496222 2.141227 -4.759811 2.000547 -0.634085 -1.735699 -10.007549 -1.561173 7.502922 21.862059 2.344115 -11.939988 -6.079378 -10.143744 -2.454909 -5.158483 7.802399 -26.834612 -8.030292
-14.071560 -20.405796 -15.492928 3.745412 4.526589 16.984707 16.836720 16.569857 14.010413 -6.361332 8.240288 7.388291 1.996745 -4.501083 3.239335 -0.972710 -1.076642 -10.207581 0.197724 7.565366 20.145151 -1.623538 -7.705795 -2.457883 -10.006016 -3.332012 -8.246491 7.503851 -26.287020 -9.555100
-13.479214 -20.570614 -16.925272 2.029104 5.488970 16.350836 17.055458 16.863657 8.987180 -5.990236 8.524947 5.939198 2.131378 -4.567503 4.121827 -1.761241 -0.780601 -10.575795 2.471134 7.816603 18.603386 -5.194467 -4.952244 1.842348 -9.727229 -3.677205 -10.628491 4.861745 -24.004057 -13.983672
-12.372922 -19.204704 -19.212582 0.214307 5.561472 13.519280 17.382292 16.695370 4.377205 -4.671960 8.496512 4.456654 2.242937 -4.515171 5.560777 -2.334055 -0.777438 -10.471944 4.337275 7.832829 17.499609 -6.675982 -2.869021 5.480945 -9.010733 -1.820696 -10.646529 3.258710 -22.476585 -18.958715
-10.336834 -18.257280 -23.183891 -1.622280 2.729687 10.681122 14.876478 17.720638 0.857478 -1.885233 8.018248 1.711224 3.246762 -4.438218 7.356347 -3.322850 -1.770051 -10.119769 6.259829 6.644170 16.184996 -7.203403 1.686267 9.854566 -8.323647 0.848223 -9.251876 0.969452 -20.347353 -23.143229
-7.103096 -14.809786 -26.840967 -2.873424 0.591960 8.530467 11.284986 17.811136 -3.388204 0.353892 7.356249 -1.147138 5.043946 -4.534860 9.763883 -3.620632 -2.882417 -8.911341 7.457470 5.542001 15.226621 -7.282998 7.051903 12.920480 -7.231699 3.542624 -5.275208 -1.270984 -18.253485 -24.102783
-5.820199 -12.786030 -29.077307 -4.873530 -0.654696 6.501323 9.369365 17.804840 -5.852548 1.950664 7.369158 -2.584995 5.513630 -4.516411 11.192076 -3.365152 -3.802311 -7.627749 7.907472 4.711441 14.215795 -8.237734 9.620955 14.115642 -6.709567 4.477841 -2.301838 -2.477101 -16.930319 -24.364460
-4.948807 -11.213343 -29.950233 -5.490838 -0.780143 5.193465 7.515321 17.440561 -6.635253 2.157764 7.284278 -3.513857 6.025159 -4.181428 11.920547 -3.438658 -4.052999 -7.318965 8.060566 4.033516 14.355729 -8.366382 11.318192 15.173261 -6.176331 5.171024 -0.654646 -3.119511 -15.643356 -23.930481
-5.136019 -11.124104 -30.091805 -5.348702 -0.714677 5.153062 7.840080 17.234680 -6.560033 2.361674 7.310520 -3.422534 5.998573 -4.231608 11.869290 -3.423252 -4.098540 -7.210657 8.136878 3.990760 14.401507 -8.551281 11.271058 15.286929 -6.199171 4.997569 -0.572123 -3.093251 -15.693614 -24.118305
-4.400013 -10.562504 -30.193542 -5.573020 -1.077142 4.801204 6.876339 17.392441 -6.911893 2.282610 7.362054 -3.776104 6.190776 -4.133933 12.187024 -3.262763 -3.922420 -7.090668 8.011393 3.663704 14.812578 -8.382073 12.050505 16.145145 -6.021261 5.423265 0.096218 -3.408711 -14.984903 -23.579496
-3.297539 -9.879131 -30.509356 -5.638655 -1.511397 5.065677 5.057066 17.594324 -7.035008 2.337566 7.367879 -4.112208 6.479949 -4.044783 12.420749 -3.255852 -3.848239 -7.119317 7.903855 3.188691 15.040074 -7.978108 12.695142 16.626646 -5.935413 5.967843 0.761052 -3.486420 -14.302034 -23.055637
-3.535077 -10.187590 -30.470751 -5.612320 -1.471094 5.214532 5.332983 17.553133 -6.972469 2.349662 7.406231 -3.984286 6.503330 -4.080873 12.382154 -3.181461 -3.792772 -7.170140 7.946603 3.433329 14.811268 -8.041190 12.552161 16.326633 -5.958804 5.869337 0.611144 -3.503745 -14.592344 -23.072090
-3.697668 -10.264622 -30.210325 -5.750820 -1.291132 5.207313 5.797556 17.528563 -6.993186 2.294071 7.348500 -3.937532 6.433673 -4.097767 12.291574 -3.319579 -3.860269 -7.112188 8.077101 3.512546 14.699075 -8.068995 12.137618 16.240498 -5.889838 5.627252 0.245781 -3.394056 -14.958937 -23.331734
-4.192814 -10.534573 -30.155149 -5.631844 -1.300208 5.111862 6.485889 17.398636 -6.799737 2.143727 7.373672 -3.958248 6.409628 -4.067287 12.288808 -3.269572 -3.849834 -7.166179 7.957276 3.590249 14.865490 -8.231546 12.025420 16.213280 -5.869112 5.466181 0.300330 -3.319453 -14.902525 -23.260735
-4.194318 -10.421568 -30.257118 -5.527983 -1.000361 5.076903 6.587925 17.330465 -6.924227 2.297020 7.350198 -3.892926 6.302531 -4.087739 12.232920 -3.311000 -3.893604 -7.149977 7.995597 3.657586 14.617913 -8.329578 12.076222 16.053728 -5.881684 5.474199 0.329474 -3.294900 -15.059292 -23.400978
-7.678942 -12.137159 -29.800230 -5.231165 1.244204 5.432199 12.024832 15.070016 -5.619548 2.995870 7.555975 -1.318269 4.165456 -3.954514 11.377817 -3.368628 -4.223845 -6.526952 8.241862 5.329409 11.712276 -10.159752 8.852281 12.523864 -6.361627 3.913706 -1.045987 -2.701019 -17.091562 -24.222183
-9.690537 -14.262704 -27.119268 -5.060107 4.877833 6.331475 16.681942 13.481339 -3.840079 1.816132 7.453018 1.085470 1.975678 -3.627461 10.029591 -3.576392 -4.039019 -6.637813 8.201411 6.707386 10.455446 -11.466674 5.433973 9.608671 -6.507416 2.352401 -1.565755 -1.219765 -19.362411 -24.628052
-11.414290 -15.218438 -25.827433 -4.707688 7.098006 6.822181 19.037022 12.620824 -2.502338 1.210654 7.574608 2.422818 0.756729 -3.438106 9.201042 -3.605844 -3.465750 -6.767184 8.003983 6.927336 10.370423 -12.240507 2.961821 7.444390 -6.731878 0.561105 -2.035479 0.263275 -20.529232 -23.618727
-14.262151 -16.175333 -22.658083 -4.202755 10.368187 8.727415 23.512844 10.529277 0.455223 -0.181035 7.693954 5.289739 -1.329555 -3.046082 7.962019 -3.568669 -3.053042 -6.655919 7.367694 7.871062 10.854417 -14.025713 -0.947985 3.084235 -6.396676 -1.453371 -1.886469 2.962731 -22.583403 -21.996895
-15.449187 -15.539534 -21.673294 -4.407287 11.726664 8.457026 24.630089 9.407869 0.928273 -0.196270 7.601562 6.201921 -2.313289 -2.909903 7.636014 -3.515189 -2.767091 -6.435246 7.148454 7.972401 10.350886 -15.052474 -2.086251 1.385736 -6.539001 -2.323590 -0.510642 3.441103 -22.885592 -20.956768
-17.446693 -14.260370 -19.948671 -5.154656 12.871701 8.839017 26.264519 7.829858 1.690526 0.191963 7.574010 6.885061 -2.823693 -2.830340 7.523891 -3.191582 -2.699653 -5.883609 6.706311 8.194038 10.418317 -16.475790 -3.962445 -0.727436 -6.256163 -4.256490 0.873453 4.293483 -23.452177 -19.050409
-20.210747 -12.845539 -17.976763 -5.968405 14.371149 9.306741 28.205460 6.366220 2.659441 1.143757 7.458318 8.114304 -3.470284 -2.325523 7.832837 -2.810997 -1.721236 -4.276159 6.296633 8.241804 10.732594 -17.670824 -5.951459 -2.374676 -6.135151 -5.240445 1.913033 4.355344 -22.106567 -17.014088
-22.108145 -11.407419 -16.768581 -7.312356 14.315758 9.812897 28.739040 6.405906 2.141486 2.189131 7.500450 8.644341 -3.309103 -2.274092 8.344315 -1.959599 -1.123537 -3.190182 5.961481 8.344624 10.114896 -18.706881 -8.001020 -3.183418 -6.273672 -5.641619 2.130575 3.182547 -21.105089 -14.863702
-22.259527 -10.046229 -15.216430 -8.872475 13.470447 9.811758 27.500385 7.446563 1.035391 2.536485 7.517316 8.584286 -2.923158 -2.281240 8.719784 -1.580222 -0.690606 -2.078075 5.788591 8.627725 10.072480 -19.569910 -8.878786 -2.388796 -6.618765 -5.661737 1.574220 1.357393 -20.074739 -14.469525
-22.568371 -9.109785 -14.457235 -10.015455 12.566959 10.570651 26.329348 8.799446 0.437514 3.600035 7.745905 8.117743 -2.285367 -2.539041 9.186487 -0.921612 -0.355145 -1.668181 5.670558 9.034602 9.929528 -20.123428 -8.665420 -0.528421 -6.582662 -5.195307 1.354517 0.361960 -18.965916 -13.847361
-23.065258 -8.005918 -13.433705 -9.867656 10.678506 11.719174 26.655754 9.446918 -0.679534 3.395316 7.516439 7.928912 -1.500862 -2.809094 9.471340 -0.226039 0.321485 -1.384493 5.112985 9.411367 10.010558 -20.423960 -9.190359 -0.177942 -6.792085 -5.320153 0.465766 -0.893245 -18.140881 -11.767508
-22.454681 -7.178615 -13.100062 -10.548801 8.392910 12.857427 24.721779 11.441646 -1.482609 3.784743 7.384334 7.249375 -0.858578 -2.859081 9.567614 -0.249514 0.906609 -1.371282 5.040135 8.985913 11.403682 -20.934645 -8.180489 2.348247 -6.905540 -5.306291 0.111607 -0.612378 -16.722593 -10.217280
-21.010820 -7.194373 -12.181119 -9.990959 7.039250 13.334791 24.087496 12.811719 -2.038101 2.761943 7.082192 6.456030 -0.379973 -3.180684 9.660965 -0.297591 1.277430 -1.543157 5.086178 8.685373 12.960978 -20.653194 -7.447247 4.329263 -7.043042 -5.639236 -0.419425 -0.317041 -15.946699 -9.068130
-20.740150 -6.866777 -8.563909 -8.465536 6.630413 16.603346 25.043106 14.391434 -0.374407 1.604687 6.557314 6.244524 0.426145 -3.275335 9.371069 -0.375047 1.927679 -1.683407 4.222464 8.877110 16.580076 -18.504602 -9.545018 3.003714 -7.571181 -6.334001 -1.477057 0.761262 -15.702129 -6.152726
-19.880533 -7.917426 -8.599028 -7.748720 4.046289 17.570896 24.089474 16.941786 -0.411989 0.778488 6.613082 5.264670 1.816588 -3.305575 9.790302 -0.230972 2.640203 -2.471042 4.193783 9.024647 18.671841 -18.207067 -8.980321 5.349480 -7.633035 -6.621715 -2.942662 0.275559 -14.508464 -6.528152
-19.257477 -9.022190 -9.946591 -6.756343 1.140561 17.451315 22.153532 18.779608 -1.640014 0.010532 6.547308 4.390355 3.170559 -3.580732 9.751032 -0.667057 3.467635 -3.375654 4.553126 8.868773 20.366554 -17.555464 -7.935517 9.607947 -7.099007 -6.126657 -5.515082 -1.270116 -13.463121 -7.888505
-19.350775 -9.479843 -9.785064 -6.108442 0.985406 17.577242 22.525747 18.811630 -1.257580 -0.238108 6.648655 4.362377 3.032708 -3.687823 9.533075 -0.632228 3.494758 -3.467473 4.457629 8.958817 20.716850 -17.386251 -8.466367 9.366866 -7.838439 -6.156497 -5.857960 -0.827545 -13.406218 -7.538762
-19.265297 -9.658519 -10.129809 -6.198504 0.725017 17.571520 22.274839 18.845919 -1.489111 -0.416681 6.668171 4.455555 2.923238 -3.696868 9.554693 -0.791193 3.403722 -3.606266 4.643482 8.915078 20.686096 -17.115412 -8.132451 9.840890 -7.619596 -6.088950 -6.100905 -1.137886 -13.640808 -8.158854
-19.266933 -9.545177 -10.327666 -5.974502 0.526485 17.154524 21.992094 18.946997 -1.874300 -0.255600 6.590139 4.332652 2.856194 -3.684392 9.536081 -0.877498 3.330667 -3.706905 4.686270 8.881944 20.632570 -17.044497 -7.841702 10.462608 -7.458866 -5.692782 -6.151389 -1.412961 -13.241224 -8.611158
-19.191463 -9.506156 -10.347339 -6.155274 0.418744 17.349628 21.721039 18.984945 -1.963209 -0.439773 6.592873 4.294755 2.921425 -3.656708 9.548836 -0.861111 3.211830 -3.577703 4.592647 8.798190 20.611542 -17.057749 -7.748073 10.720186 -7.430646 -5.639281 -6.175639 -1.376498 -13.404840 -8.499187
-28.551876 -2.007305 -1.148068 -8.001364 -0.020996 9.074121 30.695177 12.654504 -4.171334 2.408968 1.689490 6.934467 -5.429128 -4.430097 9.576675 -2.887867 3.149662 0.042656 4.961193 6.922327 20.090593 -19.128485 -12.898368 -4.713740 -6.454533 0.185368 2.811384 0.716710 -6.692836 -8.668568
-27.463284 -2.190164 -2.584711 -9.396283 -0.384534 10.114869 29.246740 13.479320 -6.171485 2.281619 3.483507 2.787202 -3.444521 -6.554852 8.276417 -3.367167 3.053451 -0.300640 8.405098 7.730248 18.860146 -20.968893 -9.120465 5.065863 -13.820647 -2.548987 7.635739 3.149965 -0.240131 -10.784615
-25.721413 -1.950590 -5.350919 -10.472010 -2.159065 8.547748 28.328522 15.129998 -7.948711 3.450022 3.563869 3.739266 -1.758336 -7.094857 8.701225 -2.021077 2.054374 0.000919 9.357456 9.156544 21.997475 -18.071638 -7.483801 9.300265 -13.142187 -2.075501 1.650850 3.914220 -1.274391 -16.394583
-25.315304 -2.103322 -5.820254 -10.362825 -1.982360 8.549149 27.722328 15.296403 -8.162505 3.459033 3.696525 3.548344 -0.779349 -6.990857 9.000021 -1.565612 1.966268 0.227351 9.204367 9.588195 22.575993 -17.605383 -7.488126 9.636065 -12.674957 -2.021075 0.945993 3.420694 -1.306734 -16.955650
-25.301723 -1.957322 -5.816685 -10.459463 -1.836796 8.493580 27.639500 15.192905 -8.051854 3.678412 3.663455 3.524008 -0.712073 -6.988619 8.979565 -1.632303 1.976688 0.232807 9.252280 9.577326 22.632055 -17.703211 -7.320343 9.634423 -12.511461 -1.983931 1.105731 3.400452 -1.442107 -17.005287
-25.103218 -1.898570 -6.405877 -10.568792 -1.993720 8.308774 27.781660 15.178009 -8.195312 3.713744 3.666755 3.521108 -0.602068 -6.941650 9.072476 -1.672887 2.015404 0.180588 9.308168 9.560549 22.542116 -17.900885 -7.131128 9.885322 -12.459166 -1.909150 1.403498 3.343133 -1.263621 -17.011597
-24.944248 -1.833648 -6.564024 -10.556171 -1.947221 8.209157 27.718002 15.228219 -8.340155 3.685147 3.662263 3.329103 -0.621739 -6.775709 9.191813 -1.696541 2.081342 0.249209 9.226607 9.456517 22.447998 -18.189651 -6.771967 10.343639 -12.238028 -1.629569 1.491327 2.966931 -1.222422 -17.302025
-24.957306 -1.492378 -7.064914 -10.785903 -2.375366 8.159720 27.417923 15.152191 -8.450685 4.215909 3.670998 3.373796 -0.561672 -6.752492 9.218271 -1.703368 2.022227 0.278022 9.303434 9.388491 22.247686 -18.195486 -6.546652 10.954563 -12.123558 -1.338671 1.439073 2.686090 -1.191481 -17.646523
-24.885738 -1.513957 -7.156011 -10.715603 -2.428895 8.237218 27.581650 15.097843 -8.541816 4.340308 3.721782 3.306118 -0.597315 -6.770826 9.252643 -1.712574 2.038273 0.263335 9.351073 9.410713 22.090860 -18.226608 -6.397043 11.159518 -12.036368 -1.219691 1.321646 2.744001 -1.123191 -17.587996
-24.703331 -1.485928 -7.249897 -10.816513 -2.488148 8.117030 27.471134 15.221419 -8.599727 4.465782 3.701210 3.368039 -0.584481 -6.757426 9.340446 -1.663546 2.047732 0.352060 9.361227 9.374981 22.160509 -18.334076 -6.326517 11.256368 -11.996267 -1.284512 1.512351 2.940039 -1.256484 -17.534668
-24.570740 -1.587729 -7.519640 -10.803367 -2.677724 8.078280 27.132557 15.425818 -8.787866 4.613495 3.650665 3.220925 -0.622164 -6.723774 9.403487 -1.729404 2.006516 0.284700 9.342785 9.405984 21.983458 -18.395613 -6.135954 11.324506 -11.983147 -1.192216 1.452356 2.750139 -1.177041 -17.575962
-24.386629 -1.727848 -7.753752 -11.130941 -2.842753 8.195362 26.669228 15.643510 -8.827212 4.710174 3.648701 3.184242 -0.647649 -6.685987 9.481689 -1.729738 1.967049 0.251951 9.350444 9.359550 21.830416 -18.595266 -5.578764 11.518307 -12.021709 -1.122056 1.640452 2.617784 -1.134058 -17.585485
-24.359888 -1.683783 -7.881945 -11.065784 -2.708909 8.050632 26.875284 15.531617 -8.886720 4.693643 3.612343 3.136708 -0.662727 -6.690757 9.455296 -1.772158 1.935614 0.264949 9.353940 9.269341 21.854620 -18.566614 -5.478214 11.377030 -11.976597 -1.046477 1.710815 2.688742 -1.048773 -17.530239
-24.284546 -1.658246 -7.862483 -10.996704 -2.578730 7.931426 26.784483 15.519242 -8.942231 4.611809 3.585834 3.005683 -0.506520 -6.615811 9.498941 -1.854130 1.995389 0.212210 9.311084 9.323494 21.805853 -18.607290 -5.410391 11.406779 -11.927934 -1.112381 1.627766 2.616683 -1.097818 -17.562935
-24.326546 -1.851544 -7.983429 -11.012908 -2.656760 8.090543 26.487019 15.581149 -8.861143 4.588520 3.586206 2.992218 -0.573504 -6.590084 9.540056 -1.905414 1.940137 0.147980 9.318312 9.242971 21.692453 -18.766586 -5.302421 11.650767 -11.773795 -1.004206 1.639249 2.432333 -1.128327 -17.671947
-24.207424 -1.769159 -8.112908 -11.041981 -2.582041 8.011995 26.346851 15.582578 -8.938186 4.646548 3.566207 2.995087 -0.550466 -6.625200 9.503392 -1.992790 1.891101 0.070799 9.383227 9.266847 21.391239 -18.821423 -4.894382 11.666297 -11.714255 -0.974782 1.497267 2.208631 -1.131915 -17.635286
-24.186935 -1.744004 -8.137132 -11.068638 -2.607752 8.042622 26.386395 15.601882 -8.941980 4.679350 3.549854 2.915938 -0.534621 -6.598614 9.561529 -2.029569 1.900041 0.024009 9.394305 9.265129 21.537338 -18.799196 -4.766911 11.730204 -11.660182 -0.906582 1.451618 2.204322 -1.053385 -17.745983
-24.128794 -1.746049 -8.299499 -11.123074 -2.681401 7.899754 26.316792 15.584968 -8.964249 4.741789 3.582550 2.948249 -0.520099 -6.572850 9.573984 -1.960595 1.897381 0.065216 9.415883 9.234974 21.498314 -18.788038 -4.915345 11.631873 -11.631084 -0.892995 1.396065 2.245550 -1.138258 -17.734329
-24.138775 -1.724627 -8.375667 -11.138019 -2.781966 7.872331 26.216146 15.591697 -9.066461 4.696416 3.602298 2.833810 -0.381638 -6.552629 9.710726 -1.892366 1.971586 0.019076 9.377030 9.272346 21.404676 -18.875166 -4.865003 11.632825 -11.531122 -0.842284 1.383869 2.044327 -1.118352 -17.704292
-24.150171 -1.739426 -8.305570 -11.150002 -2.690215 7.912899 26.175922 15.573890 -9.043580 4.514276 3.610089 2.845102 -0.355839 -6.547424 9.694990 -1.869260 1.973894 -0.004470 9.321051 9.236696 21.521994 -18.791372 -4.872202 11.768200 -11.577396 -0.797087 1.321219 1.949031 -0.952021 -17.813934
-23.899740 -1.630191 -8.434390 -11.062107 -2.489274 7.865837 26.105797 15.600877 -9.216226 4.673908 3.613002 2.821092 -0.386077 -6.510202 9.670099 -1.896266 1.970543 0.057607 9.293668 9.249744 21.508371 -18.862268 -4.522220 11.639367 -11.589528 -0.728905 1.398109 2.022051 -0.890030 -17.775898
-23.805462 -1.692000 -8.360846 -11.137928 -2.504472 7.910967 26.001987 15.662519 -9.184987 4.618890 3.640608 2.819581 -0.330431 -6.477981 9.671687 -1.868835 1.943787 0.082310 9.280698 9.292964 21.576475 -18.811790 -4.572485 11.622109 -11.571049 -0.737328 1.309608 2.095365 -0.935238 -17.819822
-22.516478 -0.798829 -11.540320 -11.458637 -3.441933 7.276617 24.303776 15.536296 -9.954026 5.899095 3.370922 1.401224 0.516455 -6.082177 10.180738 -2.884880 1.767094 -0.379016 9.550271 8.705100 20.572104 -19.567308 -2.057501 13.821669 -10.503578 -0.231294 2.543320 0.451787 -0.788432 -18.351509
