-13.150467 24.864302 -20.276737 21.107679 -9.957853 -4.385945 0.656915 1.013759 4.869692 -8.363958 2.277502 3.303704 4.488123 -9.060394 -3.822828 -5.647510 -3.926646 8.743809 -2.761625 -7.144614 9.129204 5.939713 10.316128 -13.737643 -11.716392 11.064089 1.049186 -27.574602 -1.948506 20.648661
-13.715442 24.801914 -20.490208 21.218500 -10.461922 -4.995223 1.291330 0.787962 5.443252 -8.633001 2.311275 3.322407 4.495193 -9.049994 -3.907375 -5.675920 -3.949354 8.751076 -2.778586 -7.112867 9.521630 5.986787 10.324922 -14.233481 -11.330079 11.183597 1.054158 -27.896685 -2.017111 20.737379
-13.567145 5.880092 -22.617727 13.116642 -14.853785 7.566879 -0.051293 3.561124 8.348248 -22.162493 5.415936 5.061147 8.529222 -5.139703 -2.752807 -5.807906 -6.559430 5.207664 -2.995592 -1.337781 24.432013 3.069288 10.803309 -9.038676 -5.080761 0.725803 5.340678 -15.227805 -17.084713 16.584515
-13.049489 2.560147 -22.107178 10.175704 -11.438519 10.015100 0.392225 5.109521 12.541736 -18.820854 6.191550 4.516431 6.977183 -5.027079 -2.806305 -5.628586 -6.921296 4.223790 -3.381441 -0.247776 21.799053 3.311364 9.393229 -6.831011 -8.507204 -1.715170 3.848472 -11.910014 -19.234270 13.769671
-14.017129 -0.775820 -18.047445 8.423493 -6.507995 15.042314 -1.018350 6.605505 15.084752 -18.923613 7.508274 4.946148 5.486873 -4.530439 -3.290112 -5.209260 -5.555528 1.655721 -4.276752 1.541290 18.117958 3.534846 6.825089 -2.902014 -8.366818 -2.196360 -2.150363 -8.669456 -22.704807 11.607060
-13.510616 -0.282850 -22.998749 6.814875 -7.961225 9.978365 -2.705197 5.419075 15.354166 -17.881216 7.036887 4.181771 5.985593 -3.754513 -2.964637 -6.200923 -7.162908 2.633892 -4.223829 0.246782 18.688097 3.604929 8.049319 -5.812441 -8.630052 -3.089612 2.206500 -11.194990 -22.255678 9.249494
-13.648183 0.920630 -25.713758 5.895802 -8.591623 5.058474 -4.366975 3.759110 14.059706 -18.767445 6.644836 3.270047 6.235426 -3.134082 -2.462447 -7.141610 -8.209919 3.313124 -3.846274 -1.192928 18.213896 3.076510 8.972295 -8.021635 -7.520565 -2.309682 6.128022 -13.705357 -21.096369 8.002861
-12.735497 1.689458 -27.303205 6.309333 -8.867863 1.264888 -7.979624 1.786423 11.100932 -22.323210 6.327342 2.727529 6.024154 -3.029790 -1.898950 -7.323060 -9.354290 3.651650 -3.688766 -2.006045 19.437799 3.054930 9.154145 -11.711230 -5.340472 -1.805846 8.643447 -17.069897 -20.997133 6.874022
-12.082520 1.692407 -29.634676 5.790462 -8.479053 -0.735725 -11.078946 1.419445 10.251138 -22.647812 6.213282 2.671674 5.651783 -2.692050 -1.839754 -7.603882 -9.813227 3.460374 -3.687499 -2.713642 20.038347 3.498116 8.583529 -12.713660 -4.068326 -1.632946 9.762233 -18.107107 -20.670614 4.951603
-11.769414 1.166312 -30.188406 5.294239 -6.652161 -2.713434 -12.962674 1.768239 10.107795 -22.674673 6.415942 2.629289 5.187690 -2.239897 -1.725368 -7.521973 -10.113150 3.194865 -3.962150 -3.403411 19.764286 4.453476 8.735972 -13.841130 -4.113773 -1.434809 9.971043 -19.211706 -20.509615 2.363377
-12.321399 0.905128 -30.475471 5.435738 -4.357602 -4.510886 -13.876060 1.910430 9.857308 -22.400740 6.691032 2.693960 4.968855 -1.758521 -1.336005 -7.184660 -9.900002 3.132605 -4.239982 -4.012157 18.184870 5.378050 8.503186 -13.859981 -3.770672 -1.006820 9.495343 -20.865589 -20.800165 0.016081
-13.094957 1.349681 -29.937384 4.779528 -3.679735 -6.195627 -15.174998 2.529361 9.221694 -21.745426 6.960608 2.264062 5.120027 -1.167577 -0.734582 -6.850585 -9.415323 3.342364 -4.820714 -4.263664 15.668257 5.075284 8.046572 -13.073451 -3.206288 -0.687739 9.261127 -22.364223 -20.701309 -0.295857
-13.592568 2.555940 -29.139585 4.285378 -1.703680 -7.385533 -16.287077 2.742477 8.224877 -20.928587 7.319022 1.685921 5.939124 -0.620726 0.304643 -5.941132 -8.817572 3.860492 -5.755611 -4.452709 13.087442 3.829646 7.725972 -11.773259 -2.710946 -0.842846 9.913224 -24.717096 -19.652382 0.420891
-13.427289 4.011926 -28.200172 3.614964 -1.558603 -8.084456 -18.245304 3.853026 7.133746 -20.405165 7.698429 1.340980 6.995360 -0.591718 0.870479 -4.880044 -8.082907 3.991821 -6.558276 -4.375635 11.676923 2.842373 5.766307 -9.829507 -2.400080 -0.154044 9.973329 -26.625425 -18.290400 0.156615
-13.609852 6.637420 -27.524096 3.601954 -2.313134 -7.852217 -20.254120 5.116642 6.641156 -19.353178 8.081555 1.191933 8.272536 -0.717469 1.010714 -3.321820 -7.432347 4.276197 -7.784560 -3.775033 10.964470 0.936630 5.240137 -8.800096 -2.641676 1.011757 10.519944 -28.550476 -15.807900 -0.328988
-13.500197 9.125414 -26.126974 2.780939 -3.222211 -6.710177 -22.018904 5.769148 5.847131 -18.356169 8.311425 0.662838 9.325969 -1.173318 1.020353 -2.248578 -7.088991 4.351599 -8.618423 -2.931704 10.550382 -1.549491 5.030511 -7.899208 -2.905527 1.657281 9.911405 -31.281065 -12.956896 -1.137193
-13.423195 9.598121 -25.580667 3.158813 -3.580367 -6.819943 -21.595568 6.587006 5.252864 -17.946306 8.256871 0.399203 9.812655 -1.441029 0.789160 -2.071526 -7.067715 4.793657 -8.923930 -2.587812 11.010661 -2.049615 4.799546 -8.280570 -3.622615 1.421213 10.609170 -31.558847 -12.247517 -0.260194
-13.958362 8.991904 -25.356516 2.768911 -3.910401 -7.362587 -21.127619 7.049765 5.116229 -18.331518 8.232543 0.408132 10.016541 -1.426978 0.761252 -2.155301 -7.061804 4.960339 -8.871398 -2.581722 11.352286 -2.292630 4.849058 -8.401024 -3.625991 1.134064 10.663560 -31.157011 -12.284426 0.683506
-14.128510 8.578611 -25.171040 2.660892 -3.998643 -7.686396 -20.912045 7.414189 5.194397 -18.324240 8.086947 0.241522 10.116930 -1.378836 0.780152 -2.444371 -7.010952 5.032537 -8.695692 -2.602445 11.557258 -2.525536 5.088176 -8.316137 -3.499149 1.099453 10.995133 -30.675592 -12.330683 1.393831
-14.598790 7.896310 -25.106138 2.560939 -4.235454 -8.225942 -20.816456 7.633147 5.376004 -18.460642 8.035700 0.250957 10.228374 -1.381744 0.655038 -2.657092 -6.963573 5.058159 -8.501668 -2.568536 11.790307 -2.599455 5.323805 -8.336720 -3.520631 1.023543 10.870573 -30.687519 -12.360912 1.531728
-14.725410 7.538444 -24.851778 2.393202 -4.328792 -8.296292 -20.730194 7.860377 5.139059 -18.477295 7.979789 0.222724 10.250624 -1.275346 0.600197 -2.813940 -6.869201 5.050946 -8.426063 -2.472412 11.834895 -2.872078 5.681190 -8.358099 -3.374896 0.956595 10.650187 -30.641935 -12.306345 1.635249
-15.668281 4.569643 -25.588121 2.958574 -3.693364 -8.948882 -18.921631 6.592463 6.559436 -19.287127 7.862689 1.117818 9.249707 -0.875644 0.347602 -3.917987 -7.170828 4.840236 -7.469152 -2.867086 12.147925 -2.175024 7.245681 -8.816407 -2.623765 0.855151 9.207973 -28.219152 -14.886683 0.894264
-15.271063 3.788018 -25.759310 3.656528 -2.757823 -8.742520 -18.342056 5.865970 7.440273 -20.032690 7.802402 1.478018 8.428477 -0.972310 0.209456 -4.238910 -7.459067 4.436493 -6.896639 -3.014032 11.965436 -0.863800 7.480695 -9.654296 -2.483498 0.723020 8.510004 -27.638590 -16.209322 -0.102170
-18.279882 -5.009669 -15.655095 7.516651 8.396872 10.634881 -13.479560 2.756895 17.961637 -17.703955 11.631363 5.817807 1.258517 -1.159541 -1.670207 -2.506318 -3.498514 -0.505894 -5.459125 -1.032343 -0.847987 1.417124 -0.668536 -5.187106 -4.716315 1.060130 -4.549392 -7.588750 -28.698774 5.168334
-17.772491 -5.886829 -16.715164 7.606174 8.725142 10.507599 -13.309501 2.206480 17.670263 -18.464903 11.552943 5.679438 0.631209 -1.520660 -1.836110 -2.693799 -4.145363 -0.479728 -4.967492 -0.930504 0.073348 1.746245 0.228484 -5.432214 -4.450142 1.085719 -4.175786 -7.038552 -29.250429 5.435475
-15.890528 -3.675384 -21.278965 6.885563 6.602054 6.778594 -13.457444 3.369794 15.508471 -18.494196 10.506960 4.818621 1.640964 -1.802628 -1.520685 -3.089068 -5.891989 0.754351 -5.569680 -1.161139 4.627334 3.003240 2.778665 -7.663833 -4.127832 -0.283892 -1.275532 -12.869596 -27.648401 3.276606
-13.901098 -4.602543 -22.201302 5.068212 5.142320 6.755103 -12.958704 6.117513 15.794335 -18.592234 9.667808 4.103531 2.077112 -2.045516 -1.564843 -4.052479 -6.578807 -0.001733 -5.600552 -0.764805 8.778086 5.025723 5.074437 -5.838280 -6.515126 -1.569590 -1.711177 -13.110356 -25.836245 0.220961
-13.277979 -7.032365 -18.044792 6.244325 6.876231 14.331498 -12.861694 5.452584 14.873444 -19.339479 10.478200 4.922346 0.233233 -2.852487 -2.114047 -3.809114 -5.596550 -1.417574 -4.438598 0.426997 6.855920 2.712495 5.325927 -3.832143 -5.804724 -0.978017 -5.749716 -7.525250 -29.050005 2.949102
-11.333310 -5.165899 -23.554529 8.391649 4.882428 8.106606 -12.301785 3.885118 12.301480 -20.077524 8.948767 3.436031 1.132817 -3.004478 -1.729291 -4.884348 -8.142199 0.443955 -4.073509 -0.711307 11.316669 3.832538 7.432106 -10.289183 -4.765498 -0.951147 -0.252465 -11.535443 -26.638571 3.065811
-11.845420 -8.126362 -15.437069 9.543914 6.266598 19.857836 -10.128669 6.437447 13.309031 -19.303453 10.323966 4.606404 -1.019550 -3.790245 -1.881618 -3.441200 -5.186479 -1.213598 -3.812447 1.792432 8.543580 0.899289 5.788435 -2.742963 -6.382187 -1.020740 -6.950142 -4.361178 -28.992125 6.253622
-7.715031 -5.516859 -23.533792 12.254627 2.671239 12.381239 -9.473647 5.589983 9.586946 -20.116827 8.260621 3.009172 0.268353 -4.546693 -0.884063 -4.369643 -8.889063 1.768009 -2.945387 -0.205243 14.237648 2.327395 10.173990 -9.157726 -5.206336 -0.053156 1.507346 -8.936218 -25.403700 6.693670
-5.154196 -3.608606 -26.111984 16.029020 0.456273 8.910453 -8.991822 4.849610 4.265334 -22.313829 6.918192 1.797940 0.728275 -5.236468 0.013946 -4.753062 -10.322449 3.725921 -2.286028 -0.624723 19.371750 1.364239 13.838870 -11.461502 -4.774507 0.254984 6.737545 -12.376737 -21.995773 7.817892
-3.299367 -2.362002 -24.960043 18.867689 0.840473 10.122915 -9.244477 5.153724 -1.390610 -23.944925 7.262851 0.347121 -1.135417 -6.682507 1.970267 -1.900526 -10.748346 3.525187 -2.792466 0.316045 22.743805 -0.357488 15.673368 -11.418235 -2.081549 1.000281 8.683085 -13.245375 -20.656057 10.410115
-0.783400 -0.384364 -24.114515 20.093044 1.880972 13.468396 -8.995135 5.475471 -5.541337 -23.390312 7.326988 -0.691197 -1.633304 -7.784993 3.336759 0.310724 -10.943974 3.408182 -3.473172 1.434458 24.191462 -1.382053 16.940466 -9.922300 -2.629968 -0.367196 8.912280 -13.473972 -19.625019 12.772810
1.402117 1.496313 -22.309477 20.660383 2.314955 16.297281 -8.694022 6.083076 -9.483137 -23.335531 7.721314 -1.506173 -2.222663 -8.866636 4.114310 2.396338 -10.945560 3.186898 -4.006752 2.484723 26.207354 -2.265371 17.855326 -8.111693 -2.864717 -1.183619 7.918030 -14.441329 -17.779867 14.172112
3.287923 3.264204 -21.778717 21.043873 2.629110 18.208363 -9.163716 6.447155 -13.258214 -22.618010 7.767468 -2.831293 -2.247703 -9.998324 4.917613 3.896276 -10.993252 2.879086 -4.513580 3.174588 27.404362 -2.717733 18.652927 -8.217231 -3.862113 -1.256244 5.865160 -14.753065 -16.653852 14.416739
2.984732 5.153814 -21.509449 21.038820 2.337291 20.351851 -7.547334 4.820111 -16.710632 -20.907480 8.070037 -4.768929 -2.194406 -10.587678 4.956723 4.577742 -11.694130 2.375013 -5.723202 4.544810 27.795328 -3.801446 21.625044 -11.666777 -6.388147 -1.955589 5.208275 -15.821660 -15.356615 13.824584
3.474226 6.378240 -20.689394 20.359856 2.736059 21.453348 -6.849911 4.202298 -19.114470 -20.533419 8.092701 -5.732009 -2.593115 -10.853474 5.185600 5.024307 -11.959555 2.287471 -6.131349 4.941848 27.765629 -4.312474 22.191660 -12.977302 -7.177418 -2.578018 5.263225 -16.237604 -14.724943 13.641365
3.499187 6.236142 -20.753202 20.436106 2.660595 21.694221 -6.999611 4.202128 -19.385851 -20.332510 7.954358 -6.039507 -2.422553 -10.828883 5.152199 4.901989 -12.047806 2.278395 -6.214035 5.120036 28.066900 -4.180582 22.294613 -13.318947 -7.565558 -2.996643 5.121016 -16.216871 -14.765856 13.673228
3.486528 6.136870 -20.784201 20.454206 2.634987 21.682884 -7.113091 4.257139 -19.446203 -20.412024 7.946443 -6.041983 -2.412014 -10.828227 5.150732 4.901675 -12.059151 2.290810 -6.253469 5.118243 28.074715 -4.226717 22.229456 -13.306972 -7.575983 -3.026984 5.108558 -16.270527 -14.708181 13.740575
