3.213781 29.956070 -6.803076 12.397322 9.155142 -4.441012 -3.468212 6.630137 -2.767245 -20.403597 3.197172 7.923954 4.847574 -9.148808 1.139776 -3.064605 -0.542502 5.207330 1.648855 -10.324678 4.183871 6.369431 7.464129 1.619117 2.370693 23.663130 -0.617796 -24.319088 -4.340747 19.994356
3.364510 29.962463 -6.636934 12.304244 9.303393 -4.436653 -3.432357 6.738904 -2.735836 -20.614290 3.213464 7.979383 4.834826 -9.138357 1.137447 -3.037389 -0.560100 5.191975 1.653043 -10.303445 4.146190 6.395987 7.471208 1.617190 2.345739 23.681259 -0.636174 -24.332157 -4.336434 19.985779
3.733046 30.077806 -10.476942 6.212372 13.065368 -8.007044 -0.701115 2.356223 -5.551857 -21.212011 4.061058 9.490636 2.077749 -5.406097 3.383545 -4.901925 -3.810364 5.902752 3.165362 -11.765594 -2.434204 2.080243 8.390089 -1.088641 6.529112 24.459944 6.634246 -25.013643 -8.733437 15.694854
3.874641 29.544083 -9.401583 6.430226 11.996223 -6.394519 0.322712 1.617040 -5.716146 -21.716150 4.212895 9.714690 2.400355 -5.190871 3.079630 -4.604685 -3.540256 5.745695 2.626172 -11.592650 -1.726805 2.481297 7.863719 -1.010493 6.584981 23.334478 5.928508 -24.273499 -8.970629 16.844316
3.819403 30.436554 -8.560712 5.478717 10.814281 -4.723261 0.367244 1.125769 -5.984446 -22.255793 4.683723 10.346830 2.009542 -5.048007 2.314544 -4.427161 -3.735352 5.370399 1.990912 -11.727241 -1.453769 1.938364 7.459352 -1.135103 6.673161 21.791090 6.571491 -24.258135 -10.171652 17.521500
3.509584 30.799164 -8.714196 4.986526 9.352732 -4.148274 -0.979938 1.472292 -6.139729 -21.666803 4.923561 10.848906 1.739524 -5.468498 1.665451 -4.279351 -3.858693 5.106942 1.784326 -11.402714 -0.133551 2.529862 7.097134 -0.603052 6.384758 20.426008 6.654667 -23.556278 -11.473576 19.026997
3.258582 31.490326 -8.709018 4.262744 8.591494 -4.317761 -1.483626 1.362704 -6.485528 -20.994049 4.878695 10.685024 1.403499 -5.766842 1.296114 -4.567139 -3.993041 5.073623 1.869473 -11.361805 -0.355280 2.780120 7.107371 -1.240605 6.075109 20.229952 7.415104 -23.157326 -11.925803 19.378765
3.755449 31.722918 -8.749196 4.040197 5.597333 -2.305719 -1.569610 1.474069 -7.277927 -20.687275 4.478834 9.368163 1.371141 -6.073690 0.945204 -5.278416 -3.766214 4.754052 1.725609 -11.837881 0.917480 3.987624 7.663230 -2.278209 4.837026 20.830538 6.895141 -22.470421 -11.348786 18.872599
4.011285 31.309566 -9.167496 4.133285 3.965493 -0.911864 -1.394409 0.984584 -7.478114 -20.687309 4.280736 8.539925 2.141252 -6.000097 0.840496 -5.289191 -4.070796 4.814008 1.318129 -11.517893 1.686814 4.436649 8.491027 -3.455973 4.026613 21.643280 6.714454 -22.055609 -10.582262 17.382393
3.374015 30.981766 -9.456283 4.428426 3.528630 0.344862 -0.628158 0.362809 -7.960705 -20.543905 4.340378 8.184165 2.947109 -5.779594 0.910515 -5.103472 -4.140794 4.613924 0.912396 -11.219653 2.021594 4.483268 8.900825 -3.932901 4.292316 21.408102 6.976298 -21.837015 -10.956514 15.344134
3.093730 30.945934 -9.662057 4.112907 2.377645 2.116469 -0.281088 -0.236179 -8.712104 -20.432730 4.604350 8.216765 3.489405 -5.401700 1.291831 -4.786591 -4.171092 4.684458 0.614974 -11.088430 2.420536 4.685277 9.150672 -4.033671 4.534414 20.977245 6.966723 -21.638575 -11.947249 14.029222
1.598542 30.463842 -9.982738 4.051438 1.684987 2.603552 -0.461021 0.193592 -9.718862 -19.801018 4.901767 7.876937 4.012768 -5.068727 1.529699 -4.601381 -4.129506 4.684653 0.097946 -10.869959 3.007594 5.777230 9.026683 -4.222272 4.094051 20.337969 6.265501 -21.297626 -12.511421 13.895225
0.264366 30.815792 -10.554215 3.714418 1.739355 2.149719 -0.552193 0.133920 -10.615380 -18.912857 4.985974 7.468758 4.045502 -4.759673 1.542646 -4.678738 -4.120509 5.122957 -0.411561 -11.011143 3.115459 7.372958 8.772770 -4.871497 3.557832 19.464376 5.926164 -20.897791 -13.419016 14.198823
-0.257371 31.239460 -11.544111 3.811404 0.577130 3.118351 -0.246129 -1.215478 -11.478799 -17.925827 4.879434 6.838092 3.808930 -4.729814 1.139812 -5.200438 -4.157815 5.077799 -0.622248 -11.146290 3.007198 8.045492 8.775761 -6.074862 2.632224 18.678837 5.979601 -20.886789 -13.759060 14.743154
-0.374545 31.105858 -11.491137 3.797614 0.102743 3.459516 -0.256141 -1.277158 -11.654223 -17.833899 4.911358 6.827150 3.862607 -4.744787 1.137336 -5.140971 -4.186616 5.126675 -0.707640 -11.081192 3.027678 8.298319 8.866597 -6.183580 2.599148 18.689672 5.850683 -20.618940 -14.100972 14.738099
-0.356530 31.141649 -11.516376 3.901074 0.161435 3.488501 -0.153139 -1.376922 -11.631717 -17.828817 4.979387 6.658462 3.698214 -4.803948 1.294644 -4.948984 -4.209157 5.128828 -0.798687 -11.048409 2.970887 8.184782 8.913437 -6.226932 2.598146 18.700262 5.851577 -20.712511 -14.015876 14.635439
-0.416254 31.268284 -11.750714 3.938777 -0.069402 3.529533 -0.323226 -1.482007 -11.664226 -17.543665 4.864311 6.608279 3.865987 -4.726415 1.144767 -5.261411 -4.249816 5.111595 -0.688197 -11.105632 3.177444 7.818903 8.861012 -6.126073 2.650934 18.571384 6.114721 -20.794603 -13.773838 14.800288
-0.360617 31.157757 -11.481694 3.912440 0.191568 3.449741 -0.147407 -1.303400 -11.650592 -17.807432 4.904318 6.797167 3.849850 -4.757064 1.124154 -5.152107 -4.181897 5.116373 -0.705454 -11.107728 3.012277 8.279943 8.887687 -6.214040 2.604181 18.753729 5.813376 -20.678133 -14.018459 14.631473
-0.325467 31.264606 -11.529681 3.932292 0.234763 3.450849 -0.148100 -1.352172 -11.604531 -17.775480 4.887046 6.714568 3.871767 -4.738515 1.157093 -5.171778 -4.209844 5.111403 -0.707219 -11.102274 2.976047 8.181906 8.892212 -6.240537 2.585287 18.707172 5.935149 -20.687939 -14.001462 14.720006
-0.413231 31.262011 -11.706876 4.053370 0.113749 3.512044 -0.182723 -1.506170 -11.611108 -17.635775 4.924951 6.485547 3.645936 -4.818864 1.265054 -5.072508 -4.258743 5.116596 -0.751591 -11.082522 3.122385 7.874745 8.882650 -6.232573 2.613201 18.593592 6.121859 -20.765215 -13.810287 14.770155
-0.352182 31.186878 -11.565204 4.013394 0.183771 3.458566 -0.179192 -1.335254 -11.564229 -17.784710 4.953278 6.519934 3.705472 -4.822145 1.285412 -4.990735 -4.222482 5.109644 -0.802927 -11.033991 2.995896 8.184412 8.904750 -6.228539 2.595293 18.696981 5.926315 -20.678524 -14.016527 14.712857
-0.349468 31.358448 -11.697072 4.029233 0.088784 3.500275 -0.140433 -1.484860 -11.622201 -17.623068 4.952928 6.435439 3.723833 -4.800758 1.270489 -5.074303 -4.281011 5.049095 -0.787597 -11.021698 3.161654 7.810497 9.047293 -6.232330 2.550806 18.605238 6.067340 -20.853510 -13.751400 14.638617
-4.069346 27.074066 -11.092872 -2.116442 -3.845396 2.036147 -10.137338 2.177731 -11.465384 -17.822966 4.498687 4.464866 4.954041 -5.047991 1.089886 -6.133192 -4.124592 4.443081 -0.794347 -10.265892 6.508351 7.753654 9.828032 -5.592803 1.634995 17.182476 3.648947 -21.576864 -13.106062 12.098714
-4.558534 23.340969 -11.525377 -2.789799 -8.156584 3.868307 -16.801283 5.615953 -8.356711 -19.333105 4.468486 1.227342 8.750707 -4.643095 1.116401 -7.537795 -3.635606 2.192688 -1.043384 -8.226851 12.378347 8.986356 9.192499 -2.961854 1.935741 14.231499 0.278825 -19.567749 -15.412645 10.968158
-1.966392 14.518585 -14.538485 -0.533633 -8.611257 6.893432 -19.217270 9.431396 -6.626022 -23.507265 5.528743 1.603187 9.716395 -3.206065 2.031741 -6.055421 -3.469008 3.534297 -2.553824 -7.431966 13.740687 9.221265 9.551013 -3.115895 2.171630 11.104570 0.578724 -20.058596 -17.732889 7.192373
-2.156837 15.597685 -13.166830 -1.780300 -9.153455 6.514625 -18.953175 10.211239 -9.708132 -22.796114 5.456451 1.020830 9.646825 -3.167899 2.073465 -6.379029 -3.322180 3.337726 -2.730323 -8.127867 12.605508 9.150720 9.909987 -3.256504 2.240104 12.440252 0.364778 -21.317766 -16.623007 6.562036
-2.515199 14.445153 -12.940689 -1.597611 -7.974815 7.213387 -18.105286 11.032399 -9.511376 -24.057928 5.801546 1.444478 9.605741 -2.844539 2.536251 -5.737248 -3.366087 3.953412 -3.060173 -7.780653 11.975980 9.462042 9.598599 -3.820793 2.610089 12.266939 0.969424 -21.075689 -18.093098 5.561954
-2.060350 14.256702 -13.730517 -1.263636 -7.189932 7.618116 -17.840816 10.494435 -9.061612 -24.367617 5.830659 1.818282 9.326530 -2.770483 2.306444 -5.672729 -3.468631 3.895227 -3.037016 -7.610969 12.405333 9.605429 9.456052 -3.552110 2.754754 11.784831 1.139174 -20.869637 -18.592268 5.453856
-2.561606 14.601946 -13.422433 -1.486597 -7.398024 7.377000 -17.259264 10.561059 -9.295432 -24.407232 5.839402 1.641964 9.544379 -2.783838 2.375074 -5.748121 -3.392507 4.110850 -3.151952 -7.741041 11.971225 9.732563 9.862508 -3.929840 2.663973 12.133724 0.988327 -21.080065 -18.578234 5.250334
-2.215720 14.409032 -13.696137 -1.347932 -7.490042 7.271529 -17.678043 10.417555 -9.231139 -24.211245 5.851843 1.693056 9.574655 -2.732498 2.335984 -5.643856 -3.316024 3.989100 -3.259417 -7.900770 11.741714 9.527475 9.717285 -4.156246 2.747534 12.338865 1.343431 -20.994947 -18.540649 5.196270
-2.122802 14.246452 -13.805897 -1.311805 -7.393086 7.382669 -17.693184 10.338410 -9.317298 -24.224813 5.893692 1.776394 9.559354 -2.651535 2.387129 -5.617118 -3.369301 4.040045 -3.255626 -7.949755 11.453088 9.724770 9.630185 -4.190132 2.856545 12.375845 1.359761 -21.160879 -18.616587 4.926231
-2.134974 14.426447 -13.825243 -1.186188 -7.387911 7.200859 -17.786806 10.298758 -8.985657 -24.202536 5.892347 1.730113 9.617387 -2.700326 2.414538 -5.604019 -3.339163 3.983092 -3.231789 -7.821325 11.798614 9.511738 9.650065 -3.958905 2.776693 12.183966 1.168834 -21.102758 -18.473871 5.256374
-1.916757 13.923707 -14.100070 -1.034262 -6.829414 7.515059 -17.527512 10.153704 -8.754179 -24.585238 5.882185 1.881696 9.461156 -2.692482 2.279089 -5.656890 -3.457446 3.995627 -3.148993 -7.591072 11.861845 9.597840 9.472732 -3.905457 2.809461 11.745927 1.367924 -20.926302 -18.686235 5.411039
-2.111445 14.410131 -13.859230 -1.180228 -7.446330 7.302310 -17.709393 10.272149 -8.922422 -24.302431 5.890837 1.823946 9.552454 -2.683978 2.419201 -5.625704 -3.432182 4.017936 -3.156447 -7.777462 11.700423 9.691661 9.560071 -3.987085 2.751205 12.002446 1.198435 -21.238283 -18.532856 5.054029
-2.126536 14.473416 -13.848434 -1.340762 -7.681303 7.397297 -17.933743 10.408653 -8.819709 -24.347391 5.833531 1.676462 9.547055 -2.786824 2.391205 -5.727427 -3.413428 3.990784 -3.088551 -7.772952 12.102877 9.885760 9.643106 -3.775128 2.639288 12.049458 0.966919 -21.108366 -18.461273 5.253973
-2.163007 14.438046 -13.810005 -1.286596 -7.485436 7.297106 -17.740040 10.235364 -9.005420 -24.222927 5.854365 1.719723 9.572709 -2.741017 2.387472 -5.711308 -3.412492 4.011128 -3.130092 -7.701882 11.870005 9.657617 9.619641 -3.909102 2.800033 12.041851 1.175965 -20.991558 -18.634106 5.331623
-1.959062 14.678008 -14.336141 -1.248345 -8.028776 7.335133 -17.890844 9.640260 -8.600421 -23.975508 5.795388 1.692472 9.461697 -2.781776 2.291427 -5.827921 -3.491436 3.875566 -3.012597 -7.773745 12.105874 10.033202 9.717841 -3.896953 2.631015 12.024495 1.012946 -20.939142 -18.570293 5.306032
-1.834440 14.183772 -14.279708 -1.149063 -7.615489 7.587859 -17.765715 9.639484 -8.504870 -24.238916 5.827065 1.835971 9.358956 -2.791400 2.258440 -5.688130 -3.439120 3.870598 -3.042619 -7.617271 12.572894 9.695782 9.642625 -3.709542 2.725363 11.789762 1.229751 -20.782898 -18.624304 5.370946
-1.935443 14.262938 -14.139332 -1.116014 -7.634763 7.556893 -17.672647 9.888737 -8.877395 -24.304321 5.869131 1.846957 9.494861 -2.703297 2.337041 -5.643083 -3.444963 3.945340 -3.141365 -7.776095 11.866992 9.824121 9.575500 -4.039615 2.722378 11.958059 1.215924 -21.042690 -18.637148 5.128290
-1.855373 14.463429 -14.289027 -1.212195 -7.996606 7.527862 -17.938097 9.666247 -8.443819 -24.136206 5.804099 1.708506 9.465552 -2.800674 2.327568 -5.784545 -3.446284 3.827657 -2.994262 -7.735642 12.227846 9.880589 9.699694 -3.766421 2.660774 12.001450 1.089779 -20.932554 -18.466213 5.450840
