-8.094222 22.979528 -21.237093 13.099813 -7.326601 2.686027 8.595452 9.647961 16.496084 8.454876 2.600679 2.669471 3.684669 -9.399593 -3.160972 -4.772219 -4.145751 8.661001 -3.097915 -6.920971 8.816703 6.015150 10.203269 -13.645770 -12.114281 10.918876 0.683151 -27.072977 -2.179375 20.593248
-8.097570 22.967396 -21.327845 13.146923 -7.369919 2.660134 8.662323 9.621467 16.518808 8.459885 2.559220 2.760949 3.846630 -9.316197 -3.410685 -4.980099 -4.175994 8.727534 -3.163306 -6.817070 9.005183 6.103397 10.214183 -13.981174 -12.461100 10.562799 0.614114 -27.116648 -2.201486 20.572674
-10.931581 24.499744 -26.348547 3.633569 -2.509970 -3.351450 9.867578 3.172670 13.018453 10.196496 4.156183 4.039123 0.139988 -4.444365 -2.106349 -6.857011 -8.572546 10.411316 -3.691913 -7.714663 1.926838 0.651747 11.513965 -24.377110 -13.040545 5.974259 11.793599 -28.859905 -6.404893 16.397593
-11.495847 24.809555 -26.375669 2.746544 -1.257424 -4.677608 10.113425 1.795522 13.412299 9.873381 4.237243 4.279750 -0.353936 -3.757865 -2.440363 -7.240717 -8.506392 10.763849 -4.117715 -8.313343 -0.059356 0.988765 11.014956 -25.544277 -12.928918 6.080582 12.052623 -29.194231 -7.447155 16.495132
-11.385457 25.341148 -27.085409 2.200030 -0.225251 -5.854750 10.617093 0.534864 13.250123 10.022136 4.251198 4.506308 -1.106255 -3.377456 -2.459572 -7.306407 -8.764891 11.192333 -4.198336 -8.970139 -2.402453 1.254792 10.529523 -25.631813 -12.117349 6.228781 12.289226 -30.013794 -8.414312 16.042103
-11.486028 25.480461 -27.318516 2.021622 0.188903 -6.129838 10.677569 0.143303 13.188394 10.105471 4.208917 4.611957 -1.424012 -3.292135 -2.423234 -7.385870 -8.883308 11.311416 -4.125163 -9.266335 -2.728750 1.162820 10.490123 -25.941917 -11.962547 6.210758 12.590297 -29.861946 -8.817871 16.135288
-11.666226 25.698851 -27.456297 1.872240 0.660187 -6.525362 10.756163 -0.207480 13.071183 10.264537 4.250934 4.685476 -1.517582 -3.280240 -2.451856 -7.393108 -8.940624 11.290960 -4.074719 -9.275419 -3.033239 1.056242 10.426747 -26.131184 -11.866129 6.198040 12.798617 -29.817558 -9.061239 16.305363
-11.672736 25.709209 -27.473894 1.854801 0.695662 -6.550032 10.760938 -0.225246 13.061100 10.269897 4.236241 4.688447 -1.545083 -3.268145 -2.442708 -7.401965 -8.939255 11.305398 -4.066154 -9.311566 -3.055240 1.022513 10.426634 -26.140747 -11.834301 6.163332 12.832610 -29.808277 -9.134800 16.278843
-11.712680 25.723763 -27.493631 1.822712 0.762677 -6.567108 10.799050 -0.295938 13.047967 10.269890 4.234429 4.694493 -1.556141 -3.273852 -2.444818 -7.398308 -8.933519 11.309374 -4.062294 -9.320271 -3.036111 1.014127 10.418305 -26.111427 -11.821743 6.142370 12.818986 -29.824039 -9.157860 16.284920
-11.711686 25.724588 -27.492533 1.823959 0.761330 -6.566529 10.799499 -0.294854 13.047517 10.270594 4.234517 4.694368 -1.555769 -3.273579 -2.444695 -7.398481 -8.933584 11.308974 -4.062237 -9.319910 -3.036747 1.014491 10.418089 -26.110600 -11.821541 6.142301 12.818587 -29.825003 -9.157659 16.284533
-11.715653 25.725430 -27.493235 1.823556 0.767412 -6.569706 10.804344 -0.298394 13.045718 10.271555 4.234791 4.694293 -1.555802 -3.273373 -2.444325 -7.398275 -8.933142 11.309107 -4.062618 -9.320197 -3.035117 1.006062 10.421037 -26.104940 -11.827180 6.142701 12.815968 -29.841383 -9.145325 16.273029
-11.711416 25.724697 -27.492624 1.823435 0.760870 -6.566420 10.799195 -0.294655 13.047513 10.270519 4.234374 4.694645 -1.556377 -3.273531 -2.444481 -7.398489 -8.933586 11.309368 -4.062054 -9.320238 -3.036587 1.014444 10.418185 -26.110241 -11.821471 6.142225 12.818536 -29.825357 -9.157622 16.284203
-11.711156 25.724422 -27.492292 1.823650 0.760207 -6.565941 10.798993 -0.294096 13.047645 10.270340 4.234426 4.694571 -1.556188 -3.273605 -2.444547 -7.398405 -8.933435 11.309242 -4.062187 -9.320216 -3.036247 1.014273 10.418273 -26.109621 -11.821849 6.142233 12.817988 -29.826387 -9.156546 16.283760
-11.733872 25.724806 -27.531595 1.793588 0.808153 -6.603780 10.799381 -0.331139 13.047688 10.267221 4.236820 4.701221 -1.566069 -3.269587 -2.441363 -7.397114 -8.940414 11.313627 -4.053440 -9.323567 -3.085713 1.018799 10.413950 -26.173317 -11.795198 6.142448 12.870368 -29.759338 -9.241161 16.318096
-11.725112 25.723234 -27.522614 1.803671 0.790286 -6.591601 10.794131 -0.316173 13.050626 10.267092 4.234653 4.701928 -1.568934 -3.269201 -2.440023 -7.398494 -8.941389 11.317171 -4.051635 -9.322628 -3.080367 1.021669 10.412992 -26.168652 -11.793869 6.142572 12.867836 -29.755318 -9.236536 16.319069
-11.725007 25.722839 -27.522615 1.803869 0.789932 -6.591285 10.793986 -0.315782 13.050739 10.266899 4.234770 4.702041 -1.569089 -3.269067 -2.440046 -7.398646 -8.941839 11.317046 -4.051226 -9.322132 -3.079361 1.021668 10.413024 -26.167229 -11.794230 6.142025 12.866485 -29.756279 -9.234703 16.319157
-11.721236 25.703381 -27.510973 1.788082 0.847591 -6.549812 10.780037 -0.330034 13.020487 10.269773 4.299083 4.560519 -1.739760 -3.377104 -2.316043 -7.211405 -8.996437 11.283968 -4.098336 -9.275689 -3.085935 0.996429 10.437236 -26.169256 -11.794369 6.135815 12.864899 -29.779970 -9.232759 16.315639
-11.707641 25.703129 -27.496332 1.802179 0.817051 -6.530720 10.767743 -0.307074 13.024117 10.271711 4.296550 4.561971 -1.743273 -3.377080 -2.314852 -7.212258 -8.997465 11.288066 -4.096073 -9.275593 -3.075744 1.008566 10.431014 -26.163910 -11.793264 6.136984 12.860133 -29.768414 -9.226877 16.321238
-11.710177 25.692745 -27.528555 1.794725 0.827554 -6.552577 10.752784 -0.319795 13.026660 10.271704 4.299578 4.562547 -1.748868 -3.372630 -2.316133 -7.216464 -8.997580 11.281510 -4.101812 -9.298670 -3.070980 1.018553 10.437650 -26.174625 -11.789021 6.149111 12.858948 -29.737766 -9.245075 16.338291
-11.710648 25.692480 -27.529039 1.794180 0.828184 -6.552634 10.752828 -0.320470 13.026767 10.271418 4.299564 4.562572 -1.748880 -3.372660 -2.316119 -7.216447 -8.997574 11.281481 -4.101800 -9.298801 -3.071434 1.019690 10.435466 -26.175379 -11.788862 6.148642 12.859855 -29.738184 -9.246615 16.336533
-11.710911 25.693394 -27.529476 1.794305 0.828547 -6.553374 10.753631 -0.320732 13.026479 10.271852 4.299675 4.561834 -1.749411 -3.372894 -2.315552 -7.215724 -8.997746 11.281198 -4.102079 -9.298714 -3.071153 1.019062 10.438582 -26.175745 -11.788773 6.148889 12.858115 -29.737949 -9.246633 16.337358
-11.710911 25.693394 -27.529476 1.794305 0.828547 -6.553374 10.753631 -0.320732 13.026479 10.271852 4.299675 4.561834 -1.749411 -3.372894 -2.315552 -7.215724 -8.997746 11.281198 -4.102079 -9.298714 -3.070830 1.013758 10.448506 -26.175900 -11.787003 6.148919 12.856984 -29.736502 -9.244946 16.341686
-22.489258 21.436140 -15.655267 1.409809 9.112517 1.571948 13.537026 -1.905128 17.743620 11.569750 5.893490 6.825366 -4.867452 -2.776028 -4.972268 -6.370136 -4.851216 9.494360 -5.862796 -6.260821 -10.287832 -3.099981 4.365759 -25.060047 -14.937095 1.686700 2.031021 -23.557291 -14.599224 18.409052
-24.866459 21.329811 -12.248720 0.845725 10.017981 2.971438 13.988451 -1.858786 18.240685 12.636816 6.270939 6.967184 -5.957074 -2.613431 -5.151882 -6.050703 -3.685690 10.056968 -5.946644 -6.480798 -10.910409 -5.482025 2.545817 -26.078804 -13.483172 1.138760 0.297761 -23.438618 -14.594460 20.072601
-25.651955 22.995647 -9.684005 1.458259 11.093557 2.861167 14.298564 -1.688435 18.387861 15.002629 6.831780 6.910951 -6.926395 -2.868206 -5.798904 -5.618608 -2.713834 10.739085 -5.617856 -6.581034 -9.959228 -6.774659 1.313382 -27.666489 -12.349806 1.537759 -0.911186 -22.516361 -13.927649 22.277058
-26.647350 24.323944 -8.196898 2.524530 12.775501 1.870546 14.547280 -2.300929 18.456247 16.847647 6.776351 6.726867 -7.766416 -2.670500 -5.752114 -5.461777 -1.775095 11.122108 -5.827471 -6.333508 -9.533521 -7.781947 -0.491191 -28.888783 -11.625433 1.440284 -2.214514 -22.072128 -13.608078 23.578058
-26.905079 25.137180 -5.339527 1.999735 15.420527 1.911720 11.550252 -2.270225 14.370709 19.019072 6.933632 7.772102 -8.852350 -1.391273 -4.955482 -6.323623 0.542264 11.040948 -4.167161 -7.212467 -13.516308 -10.077060 -2.635786 -23.598791 -7.048285 5.053237 -4.616482 -20.422773 -13.051880 23.775103
-27.496902 25.286552 -3.516960 0.119385 15.315985 1.342459 8.668017 -2.589144 11.594171 20.732332 6.978226 7.037433 -9.357606 -0.956881 -4.759038 -6.495257 1.600313 11.221382 -3.933865 -7.047786 -14.741826 -13.509959 -2.900319 -22.076525 -6.265915 5.916262 -4.530231 -19.435453 -11.032573 23.214018
-28.339317 24.666368 -1.393029 -1.246538 14.883518 -0.229224 7.359556 -2.193793 10.694164 21.606981 6.947233 5.939103 -10.018122 -0.433823 -4.188511 -6.702630 2.635090 11.710415 -3.828213 -6.898197 -15.803244 -15.581554 -4.849980 -21.540167 -5.283864 7.146782 -4.872816 -17.701036 -9.704557 22.969593
-28.727299 23.490511 0.740419 -1.662816 15.367742 -1.393291 6.028022 -1.216461 9.222486 22.100243 6.576809 5.368944 -9.896807 -0.070157 -3.882719 -7.248410 3.714792 11.816650 -3.208962 -6.746688 -15.638436 -17.105909 -6.468523 -20.300575 -4.216888 8.260248 -4.184214 -15.185840 -8.615145 22.927999
-29.407408 22.011517 2.324049 -3.346359 14.137096 -3.358912 4.516384 -0.181293 7.657180 22.968245 6.475219 4.107613 -10.248902 0.958465 -2.648966 -7.622498 5.163992 12.200280 -3.034570 -6.883411 -15.958713 -18.162939 -7.699088 -17.398394 -3.880235 8.999935 -5.036004 -13.103511 -7.295623 21.474312
-28.690601 20.356712 3.701788 -3.854925 14.506769 -3.166649 2.823590 0.830289 5.143889 24.628290 6.022580 2.681965 -10.899998 1.632185 -1.102894 -7.977416 6.246152 12.035742 -2.228631 -7.122820 -16.600847 -20.644880 -8.049899 -14.414188 -3.811871 9.752329 -4.377710 -10.468946 -5.128123 21.373032
-30.041126 18.124937 5.000213 -4.249568 12.223307 -4.166983 0.849353 1.911571 2.684307 26.476454 5.465095 1.285836 -10.534780 2.549531 0.903998 -8.288487 7.444542 11.987924 -1.677324 -6.946596 -16.611021 -24.060122 -8.179214 -12.497745 -2.470937 10.754017 -4.138269 -9.206944 -2.698784 19.701687
-30.205439 14.979097 6.467696 -4.066355 10.119049 -3.840516 -0.461220 3.593944 -0.322470 28.828512 4.676391 -0.055378 -9.956868 3.030448 2.270002 -8.631049 8.651466 10.959410 -0.794897 -5.720475 -16.314953 -26.121847 -7.327617 -9.788753 -0.867048 11.962090 -4.499626 -6.954298 -0.419747 18.500998
-29.981449 11.844025 7.528680 -3.207910 7.213188 -4.749533 -1.740312 6.052568 -3.104574 30.988237 4.419114 -0.578379 -9.287750 3.878324 2.755414 -9.422706 9.880270 9.702534 0.103814 -4.379792 -13.378945 -27.786123 -6.802091 -7.698974 0.406395 13.458961 -4.721182 -5.232054 2.905136 15.744218
-29.308403 8.613585 8.992345 -1.554603 4.564604 -6.105636 -1.011750 8.745151 -5.204393 33.284107 3.770872 -1.296029 -8.653051 4.256531 3.463753 -9.703611 10.768839 8.877181 0.871351 -2.848616 -10.618470 -27.858231 -5.598882 -5.828860 -0.049720 14.399836 -4.300266 -1.835817 6.111206 14.347074
-26.434505 6.902891 10.625966 0.113077 1.440423 -5.836667 0.758736 12.803880 -7.026227 35.257275 3.465703 -2.795722 -7.395682 3.608795 3.537821 -10.283278 11.902519 7.969302 2.698840 -1.546638 -6.956533 -27.626429 -3.263053 -2.708159 -1.111424 15.911023 -3.590529 1.455413 10.714335 14.092784
-22.478485 4.131987 12.640836 1.936233 -1.544455 -4.524848 3.063695 17.454721 -9.605843 37.006168 3.573819 -4.359286 -6.234504 2.611609 3.577929 -10.484305 12.452599 7.188618 4.774267 0.162070 -2.510638 -27.065413 -1.449438 0.944563 -3.098385 16.597277 -4.528071 5.128051 14.135889 13.069211
-21.199501 3.417116 12.575640 2.473926 -2.065197 -4.782881 3.977025 18.499121 -9.709343 37.084431 3.480356 -4.571083 -6.120101 2.678817 3.290813 -10.879426 12.604319 6.837490 5.268515 0.773904 -0.732796 -27.276445 -1.060825 1.521667 -3.126966 16.986551 -5.012454 7.054427 14.273544 12.092317
-18.965687 3.144353 13.534832 1.987966 -3.212205 -2.516241 3.652845 20.258108 -10.228692 36.811596 3.818652 -5.129441 -5.558954 1.956116 3.375237 -10.361362 12.739754 6.450655 5.623796 1.148101 1.021863 -26.349503 0.503513 4.391038 -4.395429 16.936998 -5.981060 7.463733 15.731634 10.985778
-18.006096 3.374706 13.003546 2.366976 -3.330344 -2.846239 3.550505 21.139711 -10.524473 37.422653 4.070935 -5.630248 -5.475763 1.508724 3.302689 -10.377240 12.408346 6.602205 6.241614 1.796024 1.572440 -25.656593 1.690723 5.344998 -5.428136 17.517059 -5.341783 8.073739 15.895281 10.003942
-18.658667 3.105385 13.657066 2.281772 -3.259872 -2.448904 3.543802 20.709532 -10.735002 37.165844 3.892794 -5.263428 -5.529427 1.866216 3.471597 -10.329629 12.588783 6.540547 5.822238 1.324495 1.362540 -26.260653 0.883553 4.741613 -4.727259 17.228489 -5.852012 7.863016 15.915131 10.565177
-18.777910 3.207622 10.869880 2.251251 -1.092044 -6.123902 4.721877 19.780046 -10.215453 36.782001 3.590743 -4.038101 -6.748872 2.500265 2.573436 -10.932937 12.343880 6.021677 5.626818 1.567167 0.092348 -25.944954 -0.318765 -0.044320 -3.251004 18.070038 -4.944477 8.974676 13.313308 9.774079
-20.654446 2.516952 6.340401 2.918191 2.133314 -10.960778 3.416376 16.519836 -8.216734 35.916264 3.609366 -1.465233 -8.388242 3.856352 1.376434 -10.945189 11.951571 5.329017 3.987353 1.614949 -3.607927 -25.757582 -2.256787 -6.876624 -1.666884 19.065390 -3.278262 8.481270 9.493464 8.068961
-18.390961 3.424867 4.861923 2.091805 2.117866 -11.950758 2.548147 18.864349 -8.932527 37.260120 4.011422 -1.526795 -8.941613 2.965453 0.516635 -11.180780 10.666952 5.107208 5.010168 2.180648 -3.211524 -24.382677 -0.417677 -6.640622 -3.268970 19.751062 -1.708361 9.301344 7.794206 6.455316
-10.276876 6.514100 -2.998857 2.010645 5.099915 -15.119849 0.175477 22.137947 -7.803689 34.723385 6.396881 -0.027675 -11.244991 0.041722 -2.400545 -10.700593 7.385480 4.520707 7.378378 4.335033 -2.907085 -21.519852 6.720581 -5.126462 -7.707397 20.430618 0.926065 9.972187 2.855807 -1.162770
-4.011116 8.556027 -10.145640 4.525021 13.119879 -15.056315 -2.627250 16.378721 -8.702188 35.266560 7.806571 1.201877 -15.032194 -3.329725 -4.950801 -7.464528 4.305976 1.679699 9.829587 4.981532 -7.124147 -21.582457 12.713489 1.823883 -10.583000 17.160023 7.368991 17.708582 3.520142 -6.823834
1.010413 2.823858 -12.757856 12.928333 16.038734 -8.927960 -2.456741 0.381211 -5.868441 32.546230 7.696766 -2.795434 -17.024042 -0.926786 -8.471668 -6.473526 2.006358 -5.837985 10.605529 1.092793 -19.142897 -22.113649 14.950824 9.314135 -3.908189 6.866719 11.674079 24.957256 3.969387 0.663753
1.084037 1.623684 -14.510550 13.784713 16.403431 -9.852002 -1.481537 -1.612516 -4.697443 32.100033 7.774982 -2.750886 -16.886045 -0.261288 -9.564263 -6.545100 0.505808 -7.171938 10.282025 0.722576 -21.930464 -23.441839 14.744353 8.757658 -2.537885 5.084370 14.301578 24.965216 1.714743 2.985368
3.896062 0.034988 -15.862269 14.735393 18.037495 -8.918246 -2.440303 -5.217805 -4.838817 30.011133 7.239933 -3.032560 -15.982183 0.345548 -9.955661 -5.115576 -0.383418 -8.666941 10.085118 -0.399810 -24.505726 -26.153261 14.579353 8.874967 0.404432 1.667398 16.946167 27.023664 1.144708 8.003752
5.742455 -3.739022 -16.193785 12.541034 18.948736 -5.208433 -1.639115 -12.654083 -1.718374 27.145849 6.038590 -3.375785 -13.264821 1.329952 -9.973470 -3.312703 -1.605073 -10.616442 11.033488 -1.899895 -26.197378 -23.627851 16.042744 11.929233 4.226577 -7.570570 18.613363 27.872904 0.421117 9.743823
3.739753 -5.308306 -18.141500 14.762590 21.296167 -3.079008 -1.550583 -10.279804 -3.755556 25.445797 7.798941 -1.537692 -12.821258 1.051763 -8.732372 -2.001458 -0.284197 -11.594354 8.487878 -1.521083 -24.715824 -24.236464 13.920554 8.006045 3.139644 -6.135709 15.587505 29.986643 -7.043337 12.528379
-0.689911 -5.485473 -19.327951 15.940036 23.578432 -3.834168 -3.908577 -3.399326 -7.050490 23.153301 11.126081 1.464261 -14.123209 0.733550 -7.374302 -1.972275 0.930091 -10.191648 4.927498 -1.391174 -22.136480 -23.331436 12.599428 -0.568169 0.161024 0.172805 12.399604 28.509333 -16.394316 13.003757
-1.995452 -6.075812 -18.883429 16.771435 24.733990 -3.241768 -4.384566 -1.782147 -5.935824 22.235052 11.729112 1.680760 -13.249110 0.737799 -6.983790 -1.593450 1.074226 -9.872379 3.835536 -1.121740 -22.153460 -22.931948 11.891532 -1.710530 -0.447934 0.172752 10.361547 28.156864 -19.106968 13.119697
-1.345862 -8.449538 -20.736349 17.307163 25.813398 -2.490863 -4.968902 -2.570504 -5.884105 20.858591 12.193278 0.947590 -12.977225 0.855173 -6.723593 -1.084269 0.762934 -11.194628 3.536015 -1.281113 -22.247812 -22.616619 11.981645 -0.547016 -0.778568 -1.069861 9.331437 28.729364 -19.918802 12.386043
-0.049965 -11.115676 -20.777035 17.460526 28.397120 -1.705742 -4.945161 -3.099000 -4.832427 19.489006 12.697218 0.005497 -12.976494 1.258588 -6.686276 -0.281703 -0.037787 -12.637424 2.464006 -1.157303 -20.595140 -21.647966 10.886557 0.305830 -1.357313 -5.025857 5.623802 29.284231 -20.784319 9.749289
-0.351641 -12.786867 -20.671007 16.471724 30.697241 0.513423 -4.438822 -3.786367 -3.505963 17.161779 13.035574 -1.162237 -12.643338 1.506624 -6.271075 0.727545 -0.044891 -12.970629 1.153344 -0.987819 -19.343821 -21.453314 10.199612 0.214407 -1.120934 -7.632462 1.858505 28.268610 -21.883654 7.972340
-1.360069 -14.691623 -20.009129 16.804903 32.761700 1.965054 -4.523704 -4.398730 -2.758058 15.286736 13.743291 -1.604277 -12.146697 1.631822 -5.447464 1.751127 -0.936151 -12.898718 0.498168 -1.210077 -19.120680 -20.916822 10.369298 0.927044 -0.927768 -9.191285 -1.527553 26.319170 -22.545931 6.231530
-2.040846 -15.404628 -19.886976 15.929338 33.122528 2.965335 -5.211132 -5.420653 -2.377499 14.290445 13.688697 -2.246271 -11.397294 1.673706 -5.015217 1.744092 -0.816364 -13.163000 0.405433 -1.175105 -18.596964 -21.173958 10.121085 1.127403 -0.013123 -9.558044 -2.843833 25.605562 -22.402916 6.331369
-0.365442 -16.358967 -18.800869 15.217402 32.568069 4.799538 -3.962473 -7.542677 -1.543847 13.032872 12.950345 -2.850782 -10.880028 2.047249 -5.405170 2.164019 -1.062098 -14.057369 0.865621 -1.640507 -19.527540 -19.964432 10.935676 3.465980 1.298099 -10.826939 -1.600878 27.148470 -21.059546 7.221571
0.163855 -16.615385 -17.859797 14.573376 31.366747 6.551634 -3.878875 -8.726043 -1.390511 12.902443 12.635245 -3.300215 -10.051480 2.380283 -5.270133 2.742518 -0.932889 -14.554853 1.077363 -1.960485 -20.116961 -18.727205 10.530762 5.891098 2.633024 -12.277180 -2.409351 27.364393 -20.486967 7.252396
-8.814525 -16.095091 -18.966040 23.189259 30.737930 10.062259 2.525099 -2.830453 3.011837 10.971575 14.018920 -0.557215 -8.012309 -1.197597 -3.223176 2.406522 1.269946 -12.789550 -0.046086 0.119203 -8.779843 -14.060351 9.468083 4.226142 -1.225195 -4.725068 -6.171195 24.647764 -26.520006 12.141669
-9.332590 -16.997921 -19.106895 25.252302 29.763088 12.767819 3.023170 -3.348472 3.992157 10.996681 14.139323 -1.829446 -7.437274 -1.313285 -1.930303 2.620152 2.290664 -14.038359 0.447105 -0.668739 -6.245596 -14.587605 9.729110 7.354834 0.219537 -4.975089 -6.438374 28.532265 -27.562140 13.601515
-5.899651 -17.781958 -18.932245 25.463919 28.993467 14.908097 1.460648 -6.433509 4.130277 11.394722 14.152817 -3.051193 -7.674070 -1.421321 -1.718334 3.886544 2.195346 -17.084089 1.877958 -0.985858 -5.572372 -16.032793 9.679505 11.296046 2.281283 -9.561245 -8.549792 31.266554 -26.589296 13.194049
-3.108754 -18.931961 -17.516890 24.607883 27.578011 18.533758 2.302286 -8.291404 4.221032 10.286713 13.619957 -4.245093 -6.934386 -1.008890 -1.370019 5.352900 1.728640 -18.360102 2.136912 -1.820384 -4.916773 -15.688232 9.347687 16.077188 4.366308 -12.461437 -10.580556 32.982620 -25.098692 13.540399
-1.832528 -20.355556 -16.746748 23.405975 26.830498 20.789883 2.983805 -8.942066 4.146445 9.494180 13.156420 -4.810933 -6.081611 -0.899937 -0.697005 6.489646 1.515318 -18.623760 2.523871 -1.714404 -4.584722 -13.576776 8.801747 18.072025 5.641879 -13.828312 -12.210822 32.995655 -23.654501 13.648031
1.874610 -21.796970 -16.134525 22.121124 24.548904 23.675425 3.306508 -12.342418 4.103103 7.867112 12.475829 -5.991082 -4.363998 -0.403391 -1.145172 7.204447 0.795138 -19.266348 3.521683 -1.764891 -4.489831 -11.070763 8.561523 21.979931 6.959411 -16.335489 -13.774680 33.602921 -20.980131 12.645875
2.800602 -21.870035 -15.528995 21.467319 23.459356 24.353161 2.642816 -12.195035 3.667363 7.610470 12.114915 -6.309293 -3.616679 -0.473227 -0.776920 7.329554 0.795073 -19.558912 3.581064 -1.468107 -3.868014 -10.935024 8.172705 24.036619 7.593583 -16.311249 -14.718266 33.666950 -20.146465 12.745214
4.301779 -22.530048 -15.411365 21.504406 22.572702 24.716408 1.973372 -13.667711 4.225032 6.969341 11.428681 -6.714782 -3.171229 -0.440982 -0.921073 7.247961 0.750867 -19.893307 4.270040 -1.274503 -2.737965 -11.689783 8.412021 25.947624 8.132052 -18.340338 -12.292068 34.671875 -16.196135 12.910493
5.575048 -22.956196 -13.424725 19.826769 21.902458 25.615185 2.030137 -14.423947 3.319259 6.394008 11.060631 -7.350865 -2.075203 -0.251158 -0.184814 8.169728 0.941732 -19.750589 4.292683 -1.753244 -3.125716 -7.797960 7.302838 29.581718 9.192281 -17.368420 -16.167023 33.213169 -14.865045 12.740615
7.311867 -24.122280 -13.019229 18.260416 20.790915 26.755047 2.191668 -16.438829 4.109473 5.330057 9.961320 -9.008024 -0.732694 0.174027 -0.524680 9.045791 -0.135419 -20.309992 4.794402 -1.912031 -3.493067 -5.046035 6.631292 31.069500 9.880387 -18.526487 -15.737025 33.048416 -11.168322 13.096750
8.683562 -23.785885 -11.944423 17.948359 19.841536 26.896673 2.225913 -15.707726 3.395798 5.575301 9.376262 -9.020763 -0.342533 0.214897 -0.257672 9.050424 -0.322917 -19.966669 5.343369 -1.915469 -2.841762 -4.440754 6.120868 33.434486 9.855799 -17.983206 -16.669012 33.693226 -10.253070 12.897067
11.041984 -24.055166 -10.074317 14.904967 17.974806 26.540041 2.233743 -17.729856 3.154923 4.486656 7.947238 -10.223579 2.041345 0.342803 -0.274719 8.984666 -1.050311 -19.447897 6.475634 -1.906487 -0.580508 -1.771827 5.751319 37.272324 10.270130 -17.928419 -15.828696 32.392918 -4.595759 13.888943
10.910861 -23.766699 -9.704795 14.232975 17.585886 26.345732 1.905867 -17.775297 3.499057 4.354313 7.832758 -10.499496 2.188985 0.344873 -0.113932 8.794079 -1.123295 -19.620340 6.725613 -2.091784 -0.225905 -1.648642 5.737482 37.889397 10.420817 -17.600084 -15.867458 32.087490 -4.192529 13.792377
13.251005 -25.376078 -8.264530 12.021568 15.937531 26.200382 1.877374 -20.507246 4.179484 1.916883 6.730385 -10.821006 3.908575 0.600408 -0.373677 9.115894 -1.783561 -19.095343 6.902150 -1.719518 0.301848 1.684407 4.721431 39.822582 11.136187 -19.883787 -15.959567 32.724403 -0.597567 14.773197
13.222511 -25.095005 -8.244918 11.724440 15.947066 25.927126 1.794636 -20.625532 4.370159 1.802046 6.657338 -10.788859 4.058695 0.603918 -0.409775 8.998106 -1.774942 -19.226482 7.093330 -1.821459 0.535978 1.899495 4.713101 40.097046 10.981852 -19.928400 -15.951406 32.817333 -0.427380 14.899198
11.002457 -23.642698 -9.608982 14.280001 17.300955 25.944380 1.861530 -18.116522 3.231157 4.240572 7.652659 -10.532387 2.683626 0.450002 -0.345226 8.507594 -1.175648 -19.429550 6.765123 -2.113614 -0.117679 -1.593678 5.409475 37.881599 10.443587 -17.606215 -15.668352 32.271008 -4.149347 14.264014
13.653273 -25.271061 -8.030314 10.927818 15.612218 25.842745 1.822293 -20.093658 4.276706 1.713004 6.561297 -11.175658 4.251421 0.680755 -0.243063 8.960050 -2.084741 -19.030745 7.261346 -1.888457 0.724054 2.339137 4.504243 40.635956 10.869884 -19.910654 -15.982329 32.871906 -0.208067 15.434428
13.746638 -25.059498 -8.017826 10.709648 15.522964 25.641710 1.633292 -20.154306 4.308317 1.737881 6.667644 -11.099169 4.299725 0.756379 -0.127914 9.010745 -2.032851 -19.005838 7.321428 -1.709286 0.495019 2.083648 4.646541 40.569378 11.188261 -19.664274 -15.528669 32.766647 0.515967 15.187317
13.761887 -24.791893 -7.974215 10.493301 14.960472 25.008917 1.350361 -20.154192 4.356630 1.916154 6.443344 -11.031967 4.504608 0.942119 -0.127186 8.776016 -1.948487 -18.955637 7.366475 -1.731110 0.628205 2.051490 4.764298 40.681686 11.227563 -19.517805 -15.436646 32.767887 0.289065 15.403370
15.866321 -26.412281 -6.646470 7.932844 12.642179 24.690069 1.395158 -22.498356 5.649344 -0.000474 4.854118 -11.854524 6.639489 1.206987 -0.649745 8.733098 -3.207240 -19.126844 8.455688 -1.724222 1.690555 8.688580 3.574138 43.558830 12.083718 -23.585005 -14.643263 33.452328 7.322625 16.796362
16.210480 -26.012724 -6.712132 7.459243 12.464565 24.129480 1.032005 -22.071733 5.237876 0.072734 4.525333 -12.295832 7.313601 1.225994 -0.446952 8.523660 -3.274529 -19.043631 8.979653 -1.480945 2.575788 7.885964 3.512975 44.101578 12.581642 -23.609900 -14.105409 33.301998 7.867637 17.866739
15.955504 -25.908733 -6.237112 6.740772 11.593063 23.528185 0.925779 -22.128370 5.437322 0.196274 4.492764 -12.011723 7.303019 1.388734 -0.779050 8.010152 -3.167683 -18.915646 9.053074 -1.325994 2.556370 8.119641 3.000983 44.137192 12.917759 -23.339201 -13.875270 33.216885 8.220389 17.507889
15.878318 -25.766609 -6.217037 6.672987 11.588688 23.224749 0.881091 -22.126009 5.425862 0.259123 4.452214 -11.993052 7.291751 1.344606 -0.822220 8.015373 -3.190780 -18.863718 9.037168 -1.305316 2.575981 8.198723 3.077845 44.192402 12.954727 -23.198648 -13.999778 33.267975 8.198870 17.496544
15.904735 -25.737396 -6.220789 6.705223 11.633380 23.175138 0.904845 -22.146181 5.464206 0.264158 4.463999 -12.034317 7.296623 1.355067 -0.829159 7.995452 -3.191251 -18.858538 9.049938 -1.326805 2.493129 8.222706 3.036007 44.117805 12.908643 -23.270361 -13.986535 33.188107 8.194601 17.484447
