5.851950 30.912186 -5.910360 12.841768 11.881266 -1.813420 -6.449803 7.110888 -7.374958 -20.400221 2.250055 3.307566 4.480963 -9.060014 -3.809306 -5.665463 -3.936157 8.729157 -2.763188 -7.149472 -2.996400 15.370314 -13.044168 15.133744 -15.054360 19.052126 9.762437 -13.392180 -0.031213 9.272354
5.844275 30.921864 -5.857470 12.948887 11.923887 -1.860422 -6.486251 7.033451 -7.527196 -20.730043 2.283388 3.325517 4.486491 -9.049065 -3.893728 -5.693306 -3.954771 8.739140 -2.782969 -7.117290 -2.980571 15.504242 -13.468085 15.167720 -15.134887 19.052862 9.865388 -13.306989 -0.033950 9.101563
3.157691 24.268871 -9.589052 10.097805 4.673396 4.444213 -10.323249 6.438952 -6.948594 -21.810120 4.260189 4.423151 6.956450 -6.880116 -2.642924 -5.547587 -4.706248 5.565997 -2.814201 -5.756934 1.757160 13.156471 -13.439679 16.685108 -11.842710 15.409761 14.642288 -6.081265 -7.553677 7.444706
3.912918 19.443111 -10.149762 8.989002 2.400789 9.402723 -11.188056 7.950335 -6.168106 -25.901169 4.886235 4.889026 8.226310 -6.023734 -2.221054 -5.668429 -4.799584 4.814898 -2.606979 -4.491218 6.200314 14.574615 -12.311399 15.874830 -11.504106 11.718294 14.608026 -2.392362 -12.712820 6.577560
3.861815 15.397942 -10.665580 7.024465 1.104924 12.152438 -12.819910 8.911066 -5.524526 -28.501291 5.251533 5.331701 7.817019 -5.681328 -2.244144 -5.725286 -5.096236 4.463966 -2.485693 -3.747103 8.607692 13.782217 -12.055764 16.795172 -11.594353 9.324646 13.321504 -2.439646 -13.407832 6.391387
3.686064 12.692239 -11.434308 8.315651 2.918169 11.716809 -13.674055 8.572323 -4.945996 -28.495724 5.258658 5.037659 7.930912 -5.114606 -2.065703 -6.171181 -5.749231 4.056060 -2.239738 -3.276700 8.583261 12.637430 -10.459884 16.747873 -10.746042 8.378047 13.270581 -3.107915 -14.480143 3.602321
3.025697 7.358499 -10.521063 3.342301 7.266111 16.875090 -11.937377 11.425832 2.214155 -23.907927 6.679765 4.543839 6.463171 -4.679234 -2.317557 -5.477278 -5.785059 2.624820 -3.441947 -0.834680 8.122661 11.175859 -12.864333 16.298389 -9.893593 5.771559 9.652534 -1.315913 -18.541183 1.787424
1.052923 4.441787 -10.540341 0.765400 10.852935 15.343038 -13.017593 11.067239 4.216877 -25.379141 7.626933 4.023441 5.455931 -3.733186 -2.692390 -5.891972 -6.076217 1.393602 -4.327563 0.355222 7.341749 9.781713 -12.300813 15.507483 -8.424784 4.944914 7.527436 -1.391304 -20.694094 -1.218222
2.055395 2.558264 -11.837234 -2.973177 13.051182 12.096420 -14.751214 10.869983 5.363829 -27.038765 7.650956 3.209703 4.587996 -2.925801 -2.790980 -6.582835 -7.200600 1.606506 -4.677667 0.330966 6.787364 9.202499 -10.579248 15.490968 -7.592230 4.264849 7.462479 -2.710469 -21.602377 -4.034888
-0.154975 1.478179 -12.827218 -4.574709 16.787764 8.073472 -13.329507 9.424156 6.217518 -27.210493 8.204860 3.673169 3.774699 -2.004756 -2.966146 -6.720222 -7.817532 1.159749 -5.004106 0.244490 4.251309 7.999867 -8.536815 14.022273 -6.403870 4.795933 7.851338 -3.324355 -22.865602 -5.306114
-1.177636 1.552126 -13.674916 -5.674178 18.519438 4.950781 -12.940833 8.596958 6.329964 -26.536581 8.266702 3.405730 3.395165 -1.051980 -2.437440 -6.626906 -8.097099 1.780946 -5.398358 -0.305683 1.807763 6.467569 -7.224307 14.737628 -6.021213 4.467092 7.677564 -5.791146 -22.587105 -6.339646
-1.370355 4.431620 -16.257437 -6.285758 17.456667 -0.654263 -13.382021 8.325778 7.361437 -24.626881 8.093324 1.861933 4.381229 0.191184 -0.845732 -6.196509 -8.315918 3.742635 -6.583888 -2.471063 -1.526375 5.288694 -4.496075 15.213280 -6.104652 3.859025 10.327348 -9.517619 -20.598173 -5.592148
-0.199499 8.060461 -18.458914 -6.949145 16.600739 -3.720833 -15.349156 7.472133 5.789819 -23.446991 8.340173 1.677191 4.817337 -0.143860 -0.260193 -5.020565 -8.446880 4.815473 -7.289659 -3.439564 -4.340588 6.352785 -2.849355 14.062360 -6.597285 5.767705 14.506113 -11.749777 -19.149225 -4.253578
-0.492056 8.254482 -18.072191 -6.998657 17.106987 -3.317507 -15.260771 7.727584 6.474071 -22.703253 8.412749 1.686171 4.798993 -0.186074 -0.194549 -4.767393 -8.238214 4.837419 -7.506430 -3.559635 -4.926842 6.392296 -2.852594 13.413472 -7.174766 5.653819 13.958754 -12.222733 -19.061571 -4.296507
-0.646106 8.239708 -18.068609 -7.001280 16.844328 -2.864363 -15.360669 7.704744 6.747541 -22.432079 8.388988 1.686578 4.844621 -0.183128 -0.156008 -4.754473 -8.057463 4.704430 -7.516653 -3.515951 -4.962173 6.334642 -2.928747 13.523863 -6.877925 5.808908 13.791543 -12.174562 -19.101303 -4.268287
-0.692613 8.064833 -17.873787 -6.967635 17.045031 -2.665498 -15.401000 7.748706 6.967416 -22.571819 8.373913 1.728034 4.775771 -0.207611 -0.190381 -4.746889 -7.965724 4.564889 -7.520341 -3.397640 -5.152377 6.335826 -3.134737 13.541005 -7.076418 5.695227 13.443517 -12.033860 -19.182255 -4.376385
-0.571678 8.286342 -18.071951 -7.101518 16.875679 -3.149356 -15.424839 7.719774 6.630389 -22.603453 8.390005 1.646163 4.789780 -0.231766 -0.165427 -4.752248 -8.122911 4.726597 -7.464932 -3.477006 -4.925529 6.299121 -2.972743 13.395559 -6.994383 5.840011 13.798549 -12.108045 -19.012877 -4.377062
-0.845905 9.222930 -18.650183 -6.482893 17.017221 -4.526964 -15.919600 6.484520 5.611824 -23.635149 8.296968 1.510760 4.853513 -0.198095 -0.072229 -4.766198 -8.354008 4.950808 -7.482334 -3.684355 -4.790763 6.418902 -2.365893 13.913151 -6.819580 5.969243 14.988803 -12.909039 -18.268347 -4.449400
-0.456824 10.878170 -19.323629 -5.576577 15.690907 -8.097709 -17.573498 5.003917 2.565878 -27.132181 7.880968 1.213099 5.102334 -0.328196 0.444937 -4.645564 -9.054350 5.668146 -7.378009 -4.180105 -4.531943 6.708379 -1.434706 13.847779 -6.969278 6.623384 16.795431 -13.296096 -17.720896 -5.060583
-0.707225 11.163754 -19.604126 -5.053021 15.127490 -9.185266 -18.265808 4.321313 1.471605 -28.659262 7.873097 1.126275 5.167023 -0.296706 0.492040 -4.583796 -9.115774 5.777930 -7.560019 -4.139065 -4.308095 6.800381 -1.414418 13.983933 -6.821268 6.700792 17.296946 -13.456882 -17.522043 -4.946062
-0.602584 11.252666 -19.737631 -5.162535 15.155836 -9.306781 -18.380346 4.322613 1.437443 -28.674612 7.937662 1.197517 5.258842 -0.225575 0.483417 -4.585962 -9.131250 5.809112 -7.600255 -4.184647 -4.305020 6.786996 -1.301653 14.109084 -6.777768 6.795873 17.380377 -13.650681 -17.376051 -4.986863
-0.585341 11.294302 -19.748581 -5.167180 15.135784 -9.318824 -18.405619 4.325397 1.408119 -28.689283 7.927159 1.189776 5.269276 -0.238383 0.480897 -4.583220 -9.136068 5.794118 -7.603100 -4.174874 -4.297441 6.784137 -1.283369 14.086329 -6.756389 6.807173 17.403193 -13.674722 -17.374254 -4.987432
-5.240829 8.874788 -14.525989 -14.665734 21.950138 -4.426433 -9.505734 3.239737 4.298110 -24.193293 8.643274 1.033513 3.118972 1.440452 1.348443 -4.964805 -8.429766 8.722469 -6.805486 -1.373708 -5.712116 -4.060172 -3.798483 15.084055 -2.760405 4.260633 15.653037 -9.967306 -20.512676 -3.544892
-8.985469 8.956861 -13.216070 -14.478004 22.687229 -0.480250 -5.451324 0.256421 3.065217 -22.211718 8.374181 0.287733 1.633009 1.541163 3.005576 -5.181926 -7.035870 7.919671 -6.261292 1.077402 -5.751851 -11.389479 -2.636754 15.932811 -2.691681 1.430836 16.613863 -9.168485 -18.897276 0.894104
-13.733024 6.945668 -11.120998 -14.626053 24.037081 4.685437 -2.076589 -1.292601 3.335294 -19.836012 9.516377 1.755015 1.495213 1.933644 2.930857 -4.906332 -5.257637 6.466695 -5.239214 1.855465 -6.201045 -13.501684 -5.141409 15.506593 -2.831336 -0.979219 12.197486 -7.421843 -21.684515 0.245320
-14.615399 6.533147 -10.519322 -15.158706 23.793215 6.112168 -1.485728 -1.483059 3.107794 -19.072025 9.945413 2.293494 1.483259 2.147323 2.736606 -4.810915 -4.841521 6.289519 -5.182637 2.391547 -6.278855 -13.196048 -5.748120 15.016491 -2.951604 -1.617681 11.212859 -7.331685 -22.545618 -0.512245
-15.385431 5.448946 -10.139677 -15.969131 23.435152 7.413796 -1.406262 -1.567770 4.007848 -19.254122 10.135119 2.713098 1.406991 2.333150 2.709697 -5.004736 -4.472211 5.654440 -5.038026 2.129591 -6.145821 -12.754410 -6.188723 14.458589 -3.557095 -2.533138 10.012272 -7.117112 -23.196459 -1.056842
-16.150955 4.692336 -9.939490 -16.733767 23.065351 8.638627 -2.345585 -1.591535 4.373025 -19.189863 10.163707 2.868822 1.387712 2.399565 2.718741 -4.906574 -4.101260 5.377882 -5.054332 1.990608 -7.248152 -12.831281 -6.886086 14.598872 -3.554261 -3.006276 10.006661 -7.716800 -23.505426 -1.096041
-16.741295 3.859239 -9.740377 -17.322206 22.671656 9.277033 -3.288662 -1.361809 5.070724 -18.634846 10.399714 3.115711 1.125438 2.453475 2.546684 -4.940662 -3.738815 5.019289 -4.953802 1.838605 -7.413344 -12.712641 -7.571477 14.075089 -3.569424 -3.518578 9.252337 -7.605516 -24.055841 -1.021698
-17.169674 3.466415 -9.443326 -17.545584 22.127512 9.784944 -3.592355 -1.131986 5.494384 -18.581505 10.587575 3.134604 1.149081 2.468939 2.364696 -5.053943 -3.497187 4.728079 -4.797340 1.691701 -7.561764 -12.842770 -7.621519 13.950061 -3.630338 -4.020467 8.941434 -7.916049 -24.158236 -0.830726
-17.302488 2.850525 -9.179245 -18.369171 21.889967 10.219743 -4.377244 -0.966231 5.861878 -18.691296 10.583847 3.474536 1.205570 2.723050 2.070137 -5.451849 -3.277632 4.503639 -4.747926 1.612895 -8.012584 -12.581015 -8.206479 13.994466 -3.552322 -4.256053 8.337444 -8.197217 -24.177217 -1.010324
-17.784397 1.806518 -8.803340 -19.485476 21.618454 10.878718 -5.198925 -0.674854 6.391453 -18.611252 10.904918 3.683661 1.102360 2.753595 1.766990 -5.479287 -3.119211 4.045952 -4.778401 1.796052 -8.524349 -12.635488 -8.163926 13.706902 -3.528105 -4.433057 7.803626 -8.502381 -24.278688 -0.873240
-17.552729 2.578396 -8.998230 -18.668558 21.925196 10.481621 -4.721267 -0.918131 5.938627 -18.604864 10.688222 3.324110 1.138144 2.693200 2.059889 -5.370595 -3.222687 4.367107 -4.851452 1.700065 -8.178660 -12.590428 -8.358850 14.197696 -3.475052 -4.352055 7.833507 -8.500135 -24.071346 -1.041889
-17.622385 2.463996 -8.909924 -18.916151 21.866453 10.507130 -4.915041 -0.811424 6.061245 -18.656855 10.787547 3.512450 1.148050 2.670142 1.881908 -5.392365 -3.154261 4.276547 -4.742747 1.854901 -8.429307 -12.731851 -8.269616 14.175306 -3.435876 -4.261840 7.808477 -8.485957 -24.262510 -1.088235
-17.732994 2.367581 -8.708930 -19.099268 21.962692 10.507545 -4.883457 -0.953301 6.062881 -18.806307 10.801837 3.732295 1.149560 2.761995 1.745635 -5.606750 -3.259095 4.189574 -4.660312 1.691568 -8.221303 -12.468334 -8.368052 14.130755 -3.286954 -4.119051 7.694411 -8.332108 -24.293154 -1.224528
-17.825169 2.015793 -8.708154 -19.138638 21.998402 10.658755 -5.049579 -0.951025 6.165027 -18.776766 10.913249 4.090274 1.227272 2.875970 1.594581 -5.577693 -3.142014 4.158641 -4.723170 1.630399 -8.321974 -11.764304 -8.572999 13.894771 -3.482702 -4.007335 7.300700 -8.204802 -24.788376 -1.748515
-17.838039 1.775559 -8.575259 -19.364223 21.911482 10.982074 -5.334757 -0.764140 6.273384 -18.605917 11.057598 4.332098 1.304270 2.936654 1.282244 -5.637254 -2.960495 4.179101 -4.685109 1.567835 -8.204438 -11.488240 -9.283559 13.580337 -3.740754 -4.210341 7.450310 -8.107656 -24.893551 -1.862328
-17.859768 1.736071 -8.451044 -19.415754 21.917517 11.399521 -5.488840 -0.785611 6.258902 -18.607174 11.091372 4.415498 1.334987 2.960324 1.265817 -5.700940 -2.853077 4.057444 -4.595372 1.544448 -8.213794 -11.273423 -9.567224 13.792048 -3.703377 -4.253175 7.124650 -8.082788 -24.968161 -1.855863
-17.961260 1.626793 -8.394249 -19.357046 21.820456 11.517677 -5.376437 -0.811994 6.481980 -18.627766 11.103667 4.552608 1.565950 3.013560 1.125890 -5.849510 -2.752844 4.048256 -4.526551 1.445532 -8.303523 -10.978455 -9.389178 13.346186 -3.726964 -4.154672 6.904931 -8.118867 -25.284801 -2.078258
-17.999380 1.521372 -8.171618 -19.550406 21.813963 11.705457 -5.583699 -0.733287 6.348009 -18.593538 11.016100 4.569034 1.690713 3.070746 1.013850 -6.036508 -2.701072 4.029546 -4.498340 1.318401 -8.307382 -11.159451 -9.845220 13.512843 -3.809824 -4.467000 6.724816 -8.096331 -25.303247 -1.898478
