-0.661660 29.205528 -13.412545 19.724779 3.706659 3.459036 -8.873963 3.910112 -10.566476 -11.735283 2.249014 3.304663 4.488655 -9.059513 -3.809469 -5.657967 -3.941008 8.721914 -2.775010 -7.147764 -3.015781 15.372761 -13.045049 15.118817 -15.051721 19.045263 9.751308 -13.397840 -0.049710 9.215077
-0.692056 29.217693 -13.441657 19.845652 3.674443 3.414021 -8.952851 3.818372 -10.726536 -12.017496 2.285655 3.323231 4.490664 -9.048848 -3.897129 -5.689101 -3.957826 8.732597 -2.788270 -7.122852 -2.969096 15.523743 -13.452594 15.147307 -15.141718 19.041855 9.881501 -13.322656 -0.052191 9.071757
-7.075750 16.750120 -5.416085 25.111807 8.746553 -1.943113 2.243013 9.850052 -15.719337 -14.342460 3.418787 3.615168 2.016330 -12.147535 -10.592901 -6.579538 -1.818484 3.941020 0.426408 -1.331840 -1.215167 11.048243 -16.444166 10.165551 -18.678492 21.773796 -5.078245 -4.465111 0.687381 -5.955515
-4.231257 18.447281 -8.091871 25.541641 8.665095 -4.076898 0.046053 10.165676 -15.373939 -12.877815 2.571960 3.480938 2.108775 -12.130255 -9.785192 -6.997757 -2.771745 4.173296 0.428635 -1.555030 -0.480210 13.302120 -14.349069 9.681197 -18.350477 23.107344 -2.124978 -4.104916 0.579744 -5.672748
-3.613786 18.927536 -7.844791 26.477427 9.028083 -4.719141 -0.451442 10.120452 -14.120666 -11.767640 2.138257 3.608483 2.237240 -12.366079 -9.283914 -6.851696 -3.076319 4.559754 0.561790 -1.421419 -0.738994 13.829836 -13.969836 7.758038 -17.648861 24.335939 -0.076706 -2.979934 0.242881 -3.908161
-2.800462 19.809303 -7.513833 26.747086 8.479139 -5.305192 -1.579075 9.872959 -13.443240 -10.714096 1.558871 3.411946 2.348386 -12.480753 -8.878634 -6.924162 -2.925326 4.687786 0.468961 -1.227310 -0.421746 13.389029 -13.735941 7.153454 -17.490129 24.662233 1.497127 -2.283648 0.788456 -2.272728
-2.092858 20.062321 -7.182790 26.563911 8.273493 -5.558383 -1.816303 10.405149 -12.710335 -9.297266 1.031110 3.119364 2.287703 -12.547169 -8.551975 -7.091053 -2.468215 4.975006 0.431779 -1.185340 0.272533 12.732502 -13.683957 7.010076 -17.146708 24.600080 2.468274 -2.207681 1.768678 -1.250339
-1.651761 21.270912 -6.173470 24.974630 6.512654 -6.154669 -2.723769 11.255185 -13.347784 -8.404571 0.531778 2.175365 2.552175 -12.396027 -8.116470 -7.619361 -1.679304 5.080270 0.360479 -0.915364 2.147134 11.290869 -14.166417 7.170842 -16.478794 23.851645 3.434930 -2.161057 3.574870 0.633856
-1.354313 22.097807 -5.484491 22.615011 5.139395 -6.309606 -3.013949 12.743210 -13.494074 -7.080486 -0.318404 1.028599 2.848379 -12.349173 -7.793359 -8.569575 -1.070699 4.903610 0.385979 -1.345152 3.638166 9.576683 -14.312072 7.647061 -16.011076 23.291790 4.200721 -2.261420 5.162467 1.753644
-0.750566 21.977028 -5.045965 20.994671 3.784949 -6.255649 -3.560488 13.836319 -13.290894 -5.928577 -0.712860 0.243731 3.064899 -12.388388 -7.540188 -8.836360 -0.789487 5.006548 0.425582 -1.351592 4.130150 7.921389 -13.966788 8.509763 -15.888039 22.667582 5.705629 -2.011454 6.506656 3.744414
0.294594 22.554874 -5.311832 18.837627 2.496028 -6.655048 -4.820978 15.069764 -12.718106 -4.152640 -1.060472 -0.675672 3.642743 -12.423331 -6.929053 -8.770722 -0.713129 5.474841 0.452186 -1.583968 4.519886 6.387498 -13.651842 9.095246 -16.044147 22.246962 7.743599 -1.752188 7.902208 5.578796
1.974283 21.346737 -6.673923 18.255735 1.632195 -6.672679 -4.828028 16.685984 -11.413860 -3.028604 -1.533227 -0.937837 3.842595 -12.698408 -6.470932 -8.658645 -0.849026 5.861552 0.756810 -1.271936 5.117236 5.940400 -12.999242 9.249101 -15.753387 22.459131 9.807308 -1.848433 9.080938 5.538675
4.388004 20.601349 -8.548237 18.633217 1.017209 -7.073266 -5.623335 17.800203 -10.233877 -1.540828 -2.505704 -0.718596 5.052055 -12.851945 -5.345845 -8.036698 -1.138442 6.061649 0.388741 -0.172762 6.751022 6.864540 -11.994868 7.682014 -13.941347 23.292784 12.827671 -1.844645 9.152442 6.104226
5.859712 21.071344 -8.657519 18.443449 0.170968 -7.285313 -7.036057 18.502172 -9.385609 -0.452389 -2.717950 -0.949930 6.106888 -12.964724 -4.577817 -7.426911 -1.096226 6.777230 0.264573 0.531520 7.675464 8.042343 -11.366027 7.482987 -13.469599 23.558105 13.735077 -1.278491 8.627526 7.158974
5.846727 21.201550 -8.680100 18.454847 0.241643 -7.139883 -6.951877 18.454752 -9.260041 -0.331551 -2.746319 -0.935787 6.029250 -12.989637 -4.580572 -7.480678 -1.113654 6.770226 0.332456 0.544756 7.773609 7.887240 -11.383911 7.401924 -13.342523 23.542728 13.893836 -1.179477 8.697618 7.525918
6.003144 20.989981 -8.607738 18.453352 0.071072 -7.284164 -7.151044 18.664747 -9.267069 -0.202112 -2.732088 -1.010322 6.199019 -13.007538 -4.583286 -7.411218 -1.088944 6.776430 0.300490 0.594786 8.043688 7.906525 -11.311704 7.360687 -13.290277 23.606276 13.959943 -0.969054 8.678055 7.467767
5.918108 21.058023 -8.644881 18.442419 0.152968 -7.130391 -6.992512 18.560930 -9.272305 -0.331321 -2.709014 -0.952579 6.149048 -12.971285 -4.554995 -7.379267 -1.078293 6.811054 0.249541 0.574240 7.748189 8.032465 -11.371086 7.404252 -13.394490 23.593880 13.782998 -1.235002 8.640830 7.311094
6.067446 21.004875 -8.636815 18.422297 0.076340 -7.297012 -7.222872 18.691025 -9.190520 -0.056987 -2.780626 -1.014112 6.214837 -13.016885 -4.539499 -7.405185 -1.091178 6.819591 0.312699 0.610649 8.209609 7.831809 -11.269478 7.323802 -13.207937 23.627962 14.121073 -0.883522 8.755610 7.637783
5.896114 21.044125 -8.571822 18.402994 0.081766 -7.239211 -7.065989 18.543833 -9.305143 -0.259320 -2.702689 -0.967918 6.163460 -13.005950 -4.613115 -7.369658 -1.072725 6.757390 0.279512 0.606211 8.002952 7.928673 -11.283654 7.493807 -13.341788 23.550009 13.929933 -1.154617 8.708796 7.402130
5.921636 21.219463 -8.670855 18.502996 0.186633 -7.173022 -7.009049 18.478443 -9.390220 -0.401844 -2.617623 -1.233353 5.839013 -13.098640 -4.309096 -7.090405 -1.170875 6.748513 0.141230 0.587873 7.852043 8.228233 -12.608631 7.542704 -13.468780 23.457079 14.407469 -1.149919 8.784845 7.134567
6.026116 20.980762 -8.602766 18.452374 0.047586 -7.214498 -7.158977 18.646891 -9.240101 -0.202506 -2.644907 -1.289749 5.968065 -13.160214 -4.315513 -7.055102 -1.162740 6.739368 0.181881 0.694424 8.212070 8.184876 -12.561249 7.462485 -13.355124 23.502356 14.518676 -0.905133 8.786923 7.228735
5.914922 21.099161 -8.630650 18.498264 0.174830 -7.171453 -6.969103 18.506660 -9.338866 -0.326465 -2.627650 -1.194770 5.863985 -13.131606 -4.328602 -7.059021 -1.169489 6.716928 0.139790 0.667394 7.813246 8.276834 -12.631787 7.587708 -13.547112 23.439692 14.365869 -1.066051 8.766706 7.114386
-0.447613 19.363716 2.555182 15.466005 -0.527698 10.043677 -10.724814 17.483793 0.187610 -0.295351 0.276272 2.099459 2.498342 -10.205369 -5.391369 -4.076676 3.426457 7.456851 -4.241436 0.285819 5.848825 5.282132 -19.911346 12.659547 -11.831090 15.465798 5.664517 -0.586429 3.212622 20.810875
-8.726124 27.060543 8.731583 8.203061 2.517964 14.819192 -9.017016 11.898408 -2.761249 1.304661 0.071396 2.137158 -1.137382 -8.721078 -4.834448 -5.644478 4.559998 8.420536 -5.632066 -2.447733 -0.439407 0.929171 -25.230597 9.731530 -10.512735 14.263694 2.295094 -4.498490 -0.555259 22.360470
-9.611433 28.591429 10.344403 3.483699 -0.159372 14.272065 -7.794326 14.509030 -1.810966 4.776301 -0.048332 2.182782 -1.220147 -8.632737 -4.673721 -5.748100 4.642671 8.516939 -5.625869 -2.354685 -0.003618 0.182099 -24.989965 9.219712 -9.930818 14.301298 2.655097 -4.446203 -0.176537 22.930777
-9.408446 28.367918 10.412564 3.438257 -0.586601 14.291924 -7.787156 14.921949 -1.547456 5.013118 -0.078092 2.160652 -1.169224 -8.706267 -4.692816 -5.811248 4.611253 8.535409 -5.545066 -2.292669 0.054701 0.084555 -24.803682 9.126707 -10.050053 14.277120 2.504258 -4.063762 -0.147249 22.827435
-9.468696 28.378313 10.492330 3.475775 -0.613900 14.363056 -7.853865 14.896552 -1.630669 4.853139 -0.092277 2.094594 -1.028123 -8.688686 -4.658932 -5.809891 4.653103 8.538934 -5.590516 -2.314726 0.184330 0.117648 -24.913540 9.124963 -9.996901 14.277220 2.563395 -4.108299 -0.125030 22.921734
-9.384925 28.243195 10.488090 3.458559 -0.654013 14.328132 -7.927021 15.119392 -1.525740 4.953004 -0.102183 2.071888 -1.013777 -8.697855 -4.626470 -5.815034 4.635975 8.586703 -5.574332 -2.320180 0.155813 0.109493 -24.882183 9.084656 -9.987079 14.315296 2.628657 -4.095097 -0.178877 22.944084
-9.049851 28.203962 10.333056 3.498656 -0.980249 14.140405 -8.191564 15.307755 -1.538737 4.998015 -0.118697 2.043448 -1.050050 -8.730986 -4.649240 -5.845935 4.670198 8.592332 -5.521851 -2.385364 0.450723 0.206304 -24.839214 9.260373 -9.993733 14.264163 2.710242 -4.157652 0.129166 22.763866
-8.974736 28.222975 10.244555 3.576377 -1.083256 14.075385 -8.253643 15.317336 -1.569170 4.928535 -0.145339 2.037312 -1.010843 -8.758333 -4.679146 -5.867784 4.652276 8.524878 -5.476636 -2.322355 0.507996 0.226674 -24.821257 9.215445 -9.962043 14.259928 2.796101 -4.091514 0.093557 22.731445
-9.279751 28.212360 10.253877 3.451055 -0.556322 14.080802 -8.101646 15.023009 -1.420260 5.053320 -0.098378 2.091833 -1.065003 -8.705980 -4.657279 -5.830887 4.601143 8.522977 -5.554644 -2.310607 0.262637 0.170223 -25.062128 9.058722 -9.913986 14.320930 2.444201 -4.165875 -0.060773 22.815529
-9.476602 28.212124 10.293433 3.467681 -0.260602 13.941894 -8.040820 14.887403 -1.534745 5.073349 -0.084850 2.132998 -1.141654 -8.712417 -4.711051 -5.797299 4.605344 8.537628 -5.561764 -2.343946 0.011134 0.032989 -25.049007 9.000182 -9.971317 14.282455 2.553513 -3.997717 -0.168195 22.921085
-9.294645 28.229580 10.296551 3.465406 -0.510593 14.035535 -8.077765 15.027408 -1.502763 5.071507 -0.090608 2.117431 -1.147430 -8.707495 -4.695955 -5.847746 4.591232 8.508055 -5.527167 -2.311949 0.170759 0.176010 -25.029844 9.080736 -9.986725 14.293150 2.566318 -4.018147 -0.171001 22.843601
-9.141068 28.166155 10.302100 3.414246 -0.816852 14.136563 -8.074204 15.236538 -1.403876 5.071512 -0.114619 2.059545 -0.998153 -8.709787 -4.631418 -5.836634 4.586651 8.591548 -5.552681 -2.380969 0.296248 0.194473 -24.973291 9.125919 -9.997415 14.318056 2.580394 -4.127129 0.000942 22.765146
-9.065339 28.198151 10.269269 3.489362 -0.881421 14.113259 -8.156186 15.277078 -1.454021 5.009067 -0.115834 2.044910 -1.061151 -8.724207 -4.657028 -5.864844 4.656118 8.590964 -5.511162 -2.423355 0.351896 0.266895 -24.818480 9.232390 -9.982996 14.299509 2.761678 -4.203945 0.028421 22.745642
-8.938666 28.232967 10.337931 3.527932 -1.020198 14.247197 -8.219859 15.449790 -1.600610 4.966242 -0.134687 2.015021 -1.010730 -8.738651 -4.653925 -5.847807 4.667215 8.527389 -5.511249 -2.343454 0.416659 0.261307 -24.765100 9.202682 -9.988632 14.288940 2.863923 -4.076663 0.001880 22.776981
-8.918406 28.144175 10.260308 3.477760 -1.160625 14.127463 -8.351487 15.423945 -1.510273 4.877242 -0.168181 2.035388 -1.006695 -8.749525 -4.633373 -5.851254 4.665061 8.525846 -5.524598 -2.343765 0.555238 0.345627 -24.742071 9.310875 -9.997189 14.231335 2.966612 -4.133423 0.008516 22.812561
-8.884088 28.145281 10.280200 3.552950 -1.229389 14.202910 -8.305013 15.435374 -1.529271 4.779354 -0.098400 2.097023 -0.941769 -8.728687 -4.637284 -5.752529 4.685631 8.564186 -5.577393 -2.323255 0.537546 0.366678 -24.694998 9.416430 -10.088663 14.169209 2.976686 -4.082664 0.013210 22.949913
-8.988891 28.199131 10.403646 3.579396 -0.840834 14.283444 -8.073369 15.423450 -1.532336 5.079356 -0.120866 2.015012 -1.030339 -8.730201 -4.645582 -5.865725 4.647374 8.585835 -5.518393 -2.419480 0.366656 0.184562 -24.875158 9.140756 -9.985543 14.275797 2.677059 -4.157299 0.094961 22.812174
-9.658565 28.094055 10.570761 3.693530 -0.184107 14.435592 -7.785679 14.834035 -1.315291 4.841918 -0.108318 2.172105 -1.162636 -8.696312 -4.681508 -5.800167 4.635787 8.457976 -5.636509 -2.214933 0.337804 0.195183 -25.042068 9.214684 -10.070250 14.160761 2.314905 -4.052441 -0.035519 22.916527
