1.489261 25.640503 -10.614840 2.953232 3.958888 -4.833163 11.611924 14.168039 20.591658 -3.887732 4.561375 3.698391 0.479349 -11.286486 5.146177 2.059404 -1.739026 4.245567 -0.253923 -8.921673 6.419069 13.126131 -16.388700 1.806657 0.815192 22.692802 8.875567 -21.994982 -3.721607 12.640042
1.567361 25.652222 -10.571436 3.004180 4.054433 -4.806767 11.695117 14.194054 20.580309 -3.981655 4.586271 3.731275 0.476901 -11.277454 5.131573 2.091119 -1.758666 4.247364 -0.258907 -8.908084 6.761208 13.140524 -16.374353 1.408181 1.285079 22.896338 8.951694 -22.311651 -3.762405 12.749015
0.606333 6.540925 -14.585746 -3.405685 -2.691876 8.787376 9.251901 16.592594 23.016083 -15.225050 7.989260 4.952727 4.093218 -7.374662 5.800005 2.169300 -4.556318 0.945710 -1.286917 -2.773560 21.109873 10.290380 -15.054650 6.868518 7.906702 13.534755 12.707007 -9.088686 -19.054224 8.840878
-4.055357 -0.154408 -9.852205 -2.650090 4.374725 16.710150 8.755223 14.206809 22.917809 -16.706877 9.731855 5.917437 2.540575 -6.197375 3.405119 1.849624 -3.185811 -1.325084 -2.298251 0.605217 15.518493 7.662807 -15.845860 10.938370 2.492609 7.231615 3.529804 -3.008796 -23.942427 5.179904
-1.919022 0.842941 -12.183248 -4.454828 3.230524 12.379067 6.397516 15.250639 23.515800 -17.051603 9.428199 4.957516 3.030041 -5.963305 4.210822 1.221999 -4.751482 -0.931683 -2.097547 -0.741743 17.414408 9.053644 -15.883809 10.275472 3.752037 8.091150 6.546296 -4.559020 -24.025660 3.523398
-5.647798 -1.709477 -9.633926 -2.991639 4.355704 18.553438 6.131162 14.362014 23.620493 -15.628652 10.017407 5.418455 1.650439 -5.559685 2.615400 0.592728 -3.093641 -2.105194 -2.626240 0.468477 14.141996 8.208725 -15.379933 10.030293 0.962894 5.762037 1.041691 -3.061992 -25.387114 3.125629
-3.596215 -0.492417 -13.391561 -5.647546 3.852761 11.315223 4.491267 14.470656 25.191874 -17.243742 9.733774 5.026721 2.143187 -5.264849 3.785482 0.494569 -4.529462 -1.345889 -2.310322 -0.904908 14.592497 8.693802 -14.816892 8.802155 2.923662 7.428856 6.866024 -5.199791 -24.190134 2.508449
-1.695296 0.655800 -16.803165 -7.140059 2.538136 6.575873 3.223608 14.436177 26.068060 -16.370989 9.088876 3.929914 2.493619 -4.873288 4.642102 -0.152908 -5.693142 -0.677744 -2.147141 -2.320579 13.996712 9.172731 -15.197010 7.623649 3.434186 8.750826 11.572523 -7.483034 -22.933395 0.559634
0.723396 2.037334 -19.937067 -8.825207 2.454950 2.926358 0.104785 14.372560 24.806093 -15.545572 8.411667 3.322384 2.882021 -4.590756 5.095205 -0.888393 -7.150304 0.049814 -1.851138 -3.471804 16.093090 8.948027 -14.109870 4.070881 6.288949 9.438939 15.001363 -11.903203 -21.793890 -0.381721
1.645816 1.948514 -21.584452 -10.065647 2.769655 1.456192 -1.953933 14.688887 24.945576 -15.856855 8.091872 3.170041 2.643867 -4.124939 4.887393 -1.553888 -7.813534 0.094647 -1.770737 -4.150904 17.013485 9.303114 -12.003287 2.228217 7.245369 9.044590 15.103386 -14.403508 -21.664385 -2.043182
2.000362 1.545574 -23.031725 -10.160030 4.381662 -0.393293 -3.677856 14.555232 24.680077 -15.364161 8.027632 3.430821 2.526768 -3.510363 4.577746 -2.086565 -8.067516 0.015325 -1.890666 -4.903303 16.649170 9.028786 -8.042233 0.656510 7.562052 9.269181 14.068184 -15.828567 -21.531981 -2.875720
1.104783 0.958980 -23.723146 -9.756985 6.064462 -1.918225 -4.951558 14.855176 24.421644 -14.907778 8.251798 3.469035 2.726372 -2.815312 4.273379 -2.433524 -7.877508 -0.209712 -2.300001 -5.350415 15.232795 9.292566 -7.212678 0.028813 7.499279 8.915614 13.216486 -17.425402 -22.011488 -4.336043
-0.005277 1.060604 -23.656221 -10.210868 6.724180 -3.116903 -6.127666 15.384096 23.081705 -13.916069 8.438153 3.437963 3.097687 -2.172225 4.303671 -2.522247 -7.486084 0.109260 -2.852094 -5.810008 13.315193 8.452465 -6.709094 -0.231639 7.242602 8.220875 12.859447 -19.633154 -21.421183 -5.037912
-0.690740 2.751189 -23.435312 -10.560719 8.195503 -4.492347 -7.629797 15.643291 21.511271 -12.700938 8.568164 3.078125 3.913687 -1.576066 4.770178 -2.285673 -6.850173 0.523926 -3.463136 -6.193933 10.699500 7.071785 -6.168327 0.361793 7.260457 7.801344 13.345908 -21.949831 -20.539974 -4.020051
-0.908967 4.211617 -22.650642 -11.288641 8.295715 -4.684933 -9.885331 16.240326 21.013126 -11.901202 8.835985 2.921861 5.341938 -1.335732 5.235479 -1.448846 -6.102134 0.987303 -4.382781 -5.874650 8.726253 5.349584 -5.274070 0.697103 6.737429 8.467731 13.328602 -24.068123 -19.200315 -3.544769
-1.087031 6.195923 -21.750502 -11.674293 8.101791 -5.301293 -11.998897 17.165354 21.006231 -11.203774 9.061238 3.188317 6.845563 -1.332728 5.357488 -0.258019 -5.408415 1.293024 -5.152030 -5.579114 7.949264 3.558269 -4.062335 1.066086 6.417909 9.637356 12.908680 -26.041368 -16.754072 -3.702804
-0.728878 9.219608 -20.107656 -12.024516 8.278751 -5.102196 -13.748713 17.820105 20.589294 -10.749084 9.204687 2.982893 8.073174 -1.425835 5.615940 0.905143 -4.825904 1.421932 -5.856792 -4.801449 7.668750 1.452348 -3.457176 1.756209 6.153377 10.232391 11.430356 -28.539801 -14.414671 -4.591128
-0.386962 10.072397 -18.558006 -11.933566 8.124310 -5.114620 -13.886929 19.050901 19.869596 -11.051657 9.104671 2.561254 8.700316 -1.751947 5.924628 1.282326 -4.533440 1.569735 -5.918615 -4.550199 7.532856 0.042505 -3.380659 2.219487 5.835695 10.477476 11.285270 -29.517218 -13.151196 -3.870233
-0.336963 9.448030 -17.971411 -12.447216 8.138858 -5.810431 -13.253332 19.866606 19.688887 -11.704803 9.014709 2.560605 8.815635 -1.759882 5.872241 1.058679 -4.591238 1.658860 -5.784878 -4.613017 7.878710 0.158048 -4.118830 2.646682 6.092626 10.452248 12.228694 -28.266655 -13.540585 -2.444680
-0.716262 8.976139 -17.762770 -12.956348 7.825665 -6.441936 -13.025826 20.238993 19.903635 -12.052647 9.081017 2.473792 8.962941 -1.789794 5.914664 1.096813 -4.555203 1.701284 -5.780221 -4.601287 8.102232 -0.032143 -4.810629 2.887421 6.089503 10.161913 12.761120 -27.933409 -13.504417 -1.919790
-0.939982 8.609352 -17.616703 -13.111868 7.784853 -6.886739 -12.795051 20.468967 19.907515 -12.165687 9.127301 2.400105 8.953893 -1.809035 5.984949 1.085575 -4.613367 1.753443 -5.728210 -4.587116 8.400145 0.037610 -5.313368 3.196963 6.157945 10.014782 13.019413 -27.485010 -13.584449 -1.623816
-1.401710 7.855706 -17.437529 -13.314220 7.550432 -7.388967 -12.678910 20.790676 20.137083 -12.284948 9.078162 2.289874 8.921117 -1.906456 5.979952 0.961020 -4.638679 1.723930 -5.561029 -4.531395 8.769450 0.138023 -6.014294 3.347226 6.173492 9.898928 13.077481 -27.307161 -13.622457 -1.808479
-2.591816 4.990984 -18.741299 -13.126857 8.027638 -8.087792 -11.106572 19.399609 21.030685 -12.279833 9.191802 2.321770 7.109646 -1.787945 6.315425 0.714146 -4.984620 1.470305 -5.131004 -4.874742 9.609941 0.930030 -7.382380 2.754131 7.069603 9.398654 12.970977 -24.647791 -16.159649 -3.556741
-4.762283 2.154271 -17.871367 -11.299129 8.883947 -4.959355 -9.894156 18.120913 23.271017 -12.233603 9.595046 2.534940 5.674203 -1.878815 5.683340 0.282507 -4.574518 0.819935 -4.610577 -4.399984 6.158090 3.664373 -8.345901 4.874499 2.438637 7.675320 9.535846 -20.410566 -18.100113 -6.125805
-9.339765 -3.607774 -14.841445 -8.106880 9.503884 5.941040 -8.952420 16.011961 25.486168 -13.616594 10.582597 3.497477 2.673613 -1.908114 3.536900 -0.406133 -3.254371 -1.733235 -4.704597 -2.358742 4.896101 5.473403 -8.880446 5.948406 -0.372968 5.281287 0.071800 -14.349647 -22.645548 -5.783999
-7.714790 -2.636960 -16.908783 -5.169174 12.292099 6.691391 -7.448719 13.199780 24.760582 -11.373323 11.218649 4.393954 1.943041 -1.831507 3.351972 -0.022553 -4.041583 -1.113234 -4.373482 -2.697530 2.672242 5.810780 -7.425472 -0.063859 2.288879 7.485671 1.269711 -12.211047 -27.260653 -2.384031
-7.985478 -4.370323 -16.440889 -4.853069 11.974531 10.023402 -6.644294 13.625030 25.315832 -12.678854 11.090601 4.378828 0.904147 -2.255438 2.639212 -0.703135 -4.273611 -2.364596 -4.321174 -2.162876 3.649001 6.968256 -6.891551 1.803626 -0.016625 6.140583 -0.303526 -8.921247 -27.768543 -3.200092
-6.250175 -5.251892 -16.638533 -5.251409 11.724705 10.263845 -6.731756 14.544808 24.905748 -14.134269 10.419957 4.075918 0.603357 -2.430542 2.434957 -1.570106 -4.738450 -2.770035 -3.965252 -2.060226 6.151707 8.138781 -5.449585 1.946200 0.058010 6.246738 -0.847791 -8.567967 -27.832247 -3.870581
-0.987207 -3.865891 -19.818123 -5.902277 11.952415 3.403232 -6.879035 15.494792 23.169760 -15.326284 9.534766 3.439956 1.589085 -2.488446 3.660072 -1.833827 -6.677824 -1.532509 -3.187591 -3.696374 9.554147 8.851338 -2.027437 0.132197 2.640578 8.435367 3.600934 -10.400434 -26.974430 -5.381258
3.523281 -3.019311 -22.149483 -5.488606 11.042085 1.641757 -6.607572 16.037645 21.532152 -15.793941 8.834375 2.738916 1.851386 -2.982102 4.286860 -1.986972 -7.938113 -1.087327 -2.617590 -4.312093 14.530564 10.130274 -0.187677 -2.929219 5.951778 10.798905 6.810371 -10.886600 -26.299662 -5.097958
5.817978 -3.243669 -21.316507 -4.531609 10.397478 4.270033 -5.776904 16.225191 20.318779 -16.650402 8.576950 2.090579 1.538436 -3.940525 5.030235 -1.224641 -8.298260 -0.968868 -2.291087 -3.909072 17.537285 9.188358 0.347912 -3.870853 7.541214 11.573357 8.448073 -9.150273 -26.388441 -1.946577
6.246074 -4.704729 -18.254475 -1.768052 11.135539 10.424927 -3.948994 16.893457 19.484655 -17.133705 9.347620 2.325709 0.665656 -4.851320 4.796932 0.207143 -7.258149 -1.212456 -2.561509 -2.441034 14.681320 6.669745 0.967853 0.331387 3.176306 9.614710 6.421535 -3.715800 -26.274412 2.363217
10.046304 -3.605489 -18.171961 -0.657273 11.063790 11.150384 -4.598749 18.603796 15.573336 -17.173780 8.980191 1.715225 1.289992 -5.498371 6.058252 1.032722 -7.884694 -0.404087 -2.439640 -2.529088 18.047464 3.823951 1.393701 -1.049206 6.871662 11.046520 10.234981 -5.288327 -25.052160 6.077086
12.420318 -2.075433 -16.500015 0.703496 12.209896 13.692862 -2.925311 19.271332 11.454056 -17.474478 9.184287 1.758429 0.944014 -6.113392 6.849241 2.096949 -7.644994 -0.245575 -2.487888 -2.304245 21.005884 1.925983 2.836476 0.188748 8.895079 11.829023 11.197217 -5.060044 -23.634279 8.919216
14.350030 0.270065 -15.719725 2.093896 13.197037 16.579119 -2.588547 19.226896 6.769438 -16.696465 9.189859 1.510830 0.727969 -7.000713 7.811676 3.393636 -7.663233 -0.210691 -2.470648 -1.874532 23.978891 -0.639907 7.512101 3.450151 10.347767 11.256209 11.063278 -5.912552 -21.078779 11.153615
15.874217 2.051372 -14.718400 3.207530 13.434349 19.017866 -1.853092 19.584181 3.628572 -16.296030 9.110486 1.198152 1.058579 -7.537643 8.459312 4.104270 -7.308111 -0.256424 -2.231664 -1.700878 24.827641 -1.952904 9.393228 5.233296 10.503901 11.387589 10.017358 -6.667603 -19.380308 12.679851
17.376343 4.225402 -13.512662 2.540074 14.197193 19.704992 -1.448460 19.832380 0.714268 -16.018776 8.889779 0.970650 1.795063 -8.494469 8.923241 4.752860 -6.854532 -0.716011 -1.708061 -1.428295 24.516035 -3.009489 9.875176 6.879320 10.845360 13.145216 8.615822 -6.964594 -17.528019 13.085436
19.983646 6.964667 -11.444321 0.082356 16.678915 20.472841 0.144158 19.295353 -3.056662 -16.835537 9.240293 1.502332 2.374871 -8.685049 10.381409 5.809469 -6.246994 -2.201914 -0.831625 -1.482651 22.894472 -4.212937 12.333920 7.121807 12.473309 16.361341 7.363824 -6.281743 -17.632690 12.045455
20.916042 8.052697 -10.219661 -0.421724 18.350245 20.977095 0.983886 19.079243 -4.960505 -17.030764 9.284589 1.468328 2.605033 -8.751604 10.528765 6.049694 -6.043262 -2.416397 -0.829326 -1.240725 22.442389 -4.078928 13.611223 6.252369 12.823434 17.343424 6.689224 -6.065578 -17.498674 11.003926
21.040508 8.002592 -10.074766 -0.546805 18.463068 21.033770 0.919380 19.219946 -5.184275 -17.090092 9.233474 1.322752 2.679018 -8.737717 10.671097 6.029737 -6.010901 -2.483601 -0.754929 -1.238936 22.507401 -4.016651 13.727680 6.324929 13.053756 17.547808 6.559362 -5.737297 -17.738079 10.962979
