-13.176610 24.919350 -20.322802 21.083822 -9.928277 -4.413713 0.666803 0.983396 4.877892 -8.304961 -4.361624 1.315483 -1.285051 -9.778209 5.316127 -2.062003 -5.406546 3.238467 -9.633161 -2.807856 -0.192816 8.278893 13.369171 -0.471089 -27.710676 7.429540 2.053675 -18.853529 1.742029 17.161472
-13.715132 24.839638 -20.527172 21.178801 -10.464077 -5.016418 1.269828 0.798600 5.468952 -8.597821 -4.393484 1.329919 -1.299998 -9.770146 5.292331 -2.089470 -5.429909 3.216686 -9.678821 -2.773869 -0.133950 8.341939 13.392584 -0.569218 -27.817291 7.369086 1.981094 -18.881716 1.754023 17.148001
-19.745354 12.398129 -12.336598 26.605787 -5.051878 -10.006735 12.323850 6.700326 -0.115519 -11.198119 -5.984200 2.494712 -4.093639 -12.317264 0.048006 -3.496065 -3.075623 -2.719768 -8.146056 3.969259 1.928918 4.124561 10.215091 -5.919087 -31.647953 9.773760 -13.000319 -9.759817 2.413324 1.846985
-17.316635 14.086773 -15.015991 26.838076 -5.301105 -12.407862 10.171294 6.946300 0.353862 -9.629910 -5.803008 1.934013 -3.729518 -12.557470 0.341489 -3.797356 -4.067414 -1.971242 -7.358015 3.498002 2.804782 6.303838 12.426791 -6.930426 -31.618160 10.797694 -9.994807 -9.647701 2.395453 2.254047
-16.676792 14.601873 -14.852601 27.859221 -4.969751 -13.112651 9.631363 6.808836 1.672293 -8.578003 -5.490609 1.727047 -3.509556 -12.908469 0.375239 -3.613533 -4.329093 -1.206828 -6.690334 3.199492 2.630737 6.922931 12.817407 -8.634070 -31.006624 11.999714 -8.032760 -8.532084 2.192125 3.938726
-15.855016 15.436715 -14.444369 28.090504 -5.402329 -13.656783 8.454366 6.639138 2.315602 -7.480900 -5.233710 1.280024 -3.288697 -13.238551 0.216755 -3.555573 -4.186824 -0.692128 -6.110375 3.160410 2.813608 6.461601 12.826755 -9.273404 -30.822025 12.334997 -6.304812 -7.829775 2.715213 5.665136
-15.177407 15.550803 -14.079782 27.862963 -5.649749 -13.958704 8.118557 7.281668 3.151279 -6.041611 -5.212839 0.820268 -3.339887 -13.393008 0.103037 -3.721252 -3.836593 -0.270154 -5.757340 3.083617 3.513226 5.803345 12.746465 -9.419729 -30.465498 12.353334 -5.280019 -7.684536 3.682106 6.636252
-14.741282 16.838253 -13.156958 26.218477 -7.529014 -14.509810 7.090893 8.127645 2.549711 -5.038124 -5.333800 -0.161293 -3.158015 -13.298845 0.306987 -4.086675 -3.019462 0.170105 -5.666382 3.013942 5.460891 4.506705 12.284630 -9.210901 -29.717340 11.613091 -4.475175 -7.673977 5.447495 8.430388
-14.298121 17.783007 -12.404621 23.849424 -8.855779 -14.460265 6.638017 9.744665 2.289466 -3.589659 -5.724667 -1.540843 -2.822149 -13.269257 0.543889 -4.804787 -2.233700 0.519320 -5.570569 2.432257 6.912648 2.689646 12.209481 -8.767504 -29.415928 11.028875 -3.592731 -7.787305 7.203955 9.518443
-13.486130 17.785513 -11.974157 22.340372 -10.008462 -14.293169 6.014536 10.751710 2.191822 -2.446398 -5.527508 -2.504610 -2.748809 -13.439249 0.390814 -5.074151 -1.851859 1.142123 -5.072348 1.893406 7.467855 1.119250 12.408162 -8.043849 -29.162544 10.404589 -2.097640 -7.482655 8.399797 11.480231
-12.449264 18.333992 -12.108573 20.133661 -11.234664 -14.539508 4.709360 11.995938 2.510275 -0.789569 -5.258585 -3.397410 -2.031984 -13.680690 0.344083 -5.097339 -1.878523 1.590436 -4.540610 1.537477 7.844049 -0.352885 12.518521 -7.355438 -29.317846 9.890471 -0.139926 -7.265081 9.779322 13.313406
-10.785693 17.236036 -13.402890 19.543329 -12.110652 -14.504268 4.606093 13.582588 3.621006 0.365631 -4.888031 -3.711837 -1.330733 -14.031527 0.306449 -4.586357 -2.171528 2.279415 -4.005119 1.426713 8.543159 -0.742160 13.123576 -7.168097 -29.091299 10.024849 1.980352 -7.383075 10.879614 13.311032
-8.401018 16.565825 -15.333423 19.876360 -12.831489 -14.873999 3.718311 14.618479 4.632231 1.865017 -4.599400 -3.939923 0.029008 -14.455132 0.664004 -3.635153 -2.491774 3.190562 -3.497629 2.252700 10.162361 0.220690 13.967264 -8.697976 -27.182404 10.877644 5.012031 -7.397814 10.983486 13.821616
-6.860270 16.943283 -15.440127 19.783957 -13.630859 -14.932719 2.269301 15.351732 5.400716 3.008235 -4.274770 -4.428668 1.033298 -14.611762 1.191539 -3.009027 -2.344040 4.333001 -3.280847 2.797099 11.193949 1.440018 14.533652 -8.965104 -26.704607 11.144057 6.078993 -6.783340 10.521215 14.889931
-6.866981 17.095648 -15.445790 19.781748 -13.530487 -14.782662 2.376107 15.294940 5.514220 3.093341 -4.245068 -4.414017 0.949287 -14.638670 1.154359 -3.054642 -2.377703 4.319833 -3.205125 2.782022 11.213746 1.341950 14.505081 -9.012177 -26.623075 11.133142 6.143397 -6.690539 10.562209 15.181001
-6.666877 16.865238 -15.366895 19.807360 -13.718102 -14.883901 2.154635 15.541934 5.463317 3.213202 -4.323073 -4.487881 1.100626 -14.648691 1.164577 -3.049206 -2.336169 4.327689 -3.210369 2.805462 11.542018 1.312961 14.544412 -9.073542 -26.492632 11.214584 6.261026 -6.475794 10.548049 15.185380
-6.804731 16.953510 -15.460002 19.818907 -13.637220 -14.824110 2.289253 15.358289 5.490292 3.033209 -4.269958 -4.426462 1.057492 -14.617223 1.185950 -2.998775 -2.354350 4.339943 -3.259680 2.793045 11.203757 1.456892 14.498336 -9.019723 -26.664030 11.181427 6.040305 -6.725630 10.504629 15.005946
-6.645038 16.912655 -15.421651 19.771938 -13.669281 -14.955956 2.111116 15.525253 5.568622 3.379900 -4.289379 -4.518838 1.113956 -14.674668 1.148616 -3.036449 -2.351543 4.380949 -3.172360 2.804437 11.679637 1.204978 14.611789 -9.113429 -26.416769 11.236036 6.389810 -6.389370 10.613144 15.323997
-6.816654 16.953773 -15.359376 19.747168 -13.640603 -14.902836 2.254236 15.359277 5.430606 3.182289 -4.308256 -4.458194 1.087262 -14.649128 1.163457 -3.000651 -2.315492 4.349865 -3.237484 2.818269 11.481955 1.327561 14.577626 -8.952985 -26.566055 11.134007 6.237198 -6.666189 10.583271 15.086231
-6.867556 17.107164 -15.454524 19.825045 -13.586128 -14.866049 2.419603 15.297565 5.479669 3.036079 -4.281321 -4.417309 1.003196 -14.616955 1.198573 -3.031941 -2.350061 4.339413 -3.256047 2.796583 11.249086 1.294037 14.675334 -9.031923 -26.619753 11.116060 6.155233 -6.726097 10.568738 15.182601
-6.730436 16.885685 -15.402245 19.810062 -13.671661 -14.899455 2.250989 15.460976 5.564621 3.240686 -4.284098 -4.502625 1.116196 -14.662838 1.137949 -3.051460 -2.342932 4.363193 -3.170940 2.805622 11.582204 1.233328 14.666837 -9.087903 -26.460186 11.190296 6.245833 -6.483864 10.562206 15.231679
-10.751094 16.515423 -8.267179 17.583113 -14.605474 -1.988061 -1.397453 13.792428 13.384493 3.475466 -0.670420 -1.839275 -0.776734 -12.761343 0.116328 0.242348 0.542821 5.966424 -6.235086 3.193667 10.604398 -0.874474 10.549343 -4.227123 -25.112814 5.345892 1.918220 -7.366739 7.965950 25.736204
-16.884945 18.828564 -0.606036 11.844168 -13.953070 4.326433 -3.586788 13.136010 12.992663 3.500267 0.912828 -1.376457 -3.320094 -12.170771 -0.994204 0.039629 2.756098 6.750393 -6.128089 2.432667 5.797745 -4.236158 4.299385 -5.600075 -23.220945 2.519704 -4.321665 -7.929591 2.376355 30.287611
-19.932236 22.828346 3.591104 7.015394 -12.757984 7.070817 -2.205560 12.604699 10.970430 5.546838 1.105978 -1.559613 -4.423523 -10.768679 0.615704 0.137229 3.694582 9.141935 -7.002565 1.609426 5.410117 -5.931045 3.041366 -5.372967 -22.564198 2.147982 -6.632498 -8.834824 2.160856 31.109997
-20.920380 22.895725 3.805350 6.131859 -10.970556 6.579711 -1.901567 12.391530 11.667731 6.659331 1.153161 -1.166294 -4.893912 -10.184015 0.433557 -0.155906 3.812838 9.065580 -7.487995 0.764786 4.705573 -6.439904 2.519554 -5.565281 -22.525707 2.221555 -7.317930 -9.308621 2.055240 31.193901
-20.837444 20.964722 4.491262 6.700084 -12.156876 6.862602 -2.161261 13.497841 12.135819 5.648081 1.412558 -0.686375 -4.084900 -9.988323 0.405841 0.557313 3.948204 9.015152 -8.008036 1.243676 7.345823 -5.378523 2.821600 -4.464421 -22.419895 2.049520 -8.669988 -8.209895 2.596606 31.285292
-20.855087 18.405090 4.815284 6.947516 -13.028604 6.944415 -2.406149 14.957559 12.334399 4.441698 2.000941 -0.005066 -3.388108 -9.432342 0.479223 1.160564 4.254162 8.702988 -8.813743 1.758341 9.613914 -3.794084 2.669960 -3.037652 -22.684309 1.996156 -11.171866 -7.845843 3.572118 30.453739
-21.253027 18.226135 4.774706 6.824292 -12.738202 6.820908 -2.113429 14.827785 12.321122 4.377582 2.161595 0.245845 -3.346174 -9.317731 0.430338 1.300007 4.320162 8.638794 -8.884055 1.890885 9.982285 -3.546087 2.367465 -2.817046 -22.747026 1.957128 -11.787167 -7.841686 3.627893 30.236464
-21.160885 17.373032 4.697012 6.641404 -12.750607 7.003583 -2.323821 15.457646 12.197357 3.889091 2.379702 0.306718 -3.137907 -9.088120 0.484881 1.277496 4.409140 8.480055 -9.124226 1.859344 10.820792 -3.347135 2.384355 -2.353914 -22.691771 1.827289 -12.666531 -7.990873 4.038926 29.880577
-21.049698 17.299633 4.798066 6.722921 -12.937660 7.170334 -2.350659 15.550864 12.257333 3.924328 2.362135 0.264373 -3.069518 -9.118534 0.471107 1.317154 4.441732 8.486328 -9.123946 1.933009 10.849463 -3.253290 2.342433 -2.271382 -22.820524 1.800030 -12.653764 -7.832557 4.127657 29.900021
-21.173988 17.164772 5.065242 6.681508 -12.986221 7.375993 -2.162122 15.729204 12.169730 3.702969 2.413645 0.295571 -2.904541 -9.074523 0.518643 1.435273 4.529237 8.469014 -9.277416 1.978379 11.079145 -3.233701 2.323816 -1.913950 -22.815210 1.700758 -12.963786 -8.044243 4.311214 29.819149
-20.993847 17.160006 4.827515 6.600445 -13.055703 7.133430 -2.454403 15.755111 12.357637 3.881116 2.358935 0.331962 -3.053071 -9.111252 0.432889 1.236561 4.417259 8.418057 -9.129977 1.870593 10.638825 -3.167114 2.408477 -2.200871 -22.794237 1.754195 -12.580989 -7.866117 3.997292 29.771349
-21.091654 17.075165 5.000748 6.694610 -12.960104 7.310061 -2.181274 15.830663 12.282002 3.709282 2.437233 0.336017 -2.964306 -9.074431 0.463930 1.347675 4.492511 8.424452 -9.250672 1.889538 11.048180 -3.308333 2.386016 -2.084750 -22.793432 1.706966 -12.729114 -7.957477 4.198919 29.837578
-21.063368 17.272560 4.717693 6.679897 -12.776324 7.017420 -2.398952 15.543679 12.272323 3.962341 2.345238 0.309225 -3.097395 -9.113289 0.451034 1.237023 4.427743 8.487020 -9.120945 1.856503 10.740700 -3.254098 2.437859 -2.387172 -22.910437 1.845925 -12.577172 -7.736855 4.033724 29.790545
-21.092640 17.363626 4.706595 6.846970 -12.781320 6.982853 -2.379061 15.368513 12.468444 4.147932 2.285582 0.230433 -3.017484 -9.184143 0.438213 1.285265 4.406375 8.498116 -9.075695 1.908653 10.696815 -3.332822 2.421641 -2.326327 -22.860502 1.777550 -12.379602 -7.895266 4.071970 30.183523
-21.046478 17.253872 4.798706 6.679946 -12.943823 7.142296 -2.395100 15.657396 12.287629 3.880589 2.349588 0.294712 -2.986866 -9.102636 0.434648 1.280204 4.445746 8.398140 -9.165893 1.930937 10.760150 -3.194494 2.431808 -2.303495 -22.896605 1.795639 -12.644858 -7.829932 4.062876 29.769669
-20.985222 17.351381 4.676497 6.660619 -12.814465 6.975342 -2.399896 15.542435 12.290200 3.922167 2.347904 0.296977 -3.145435 -9.108722 0.436229 1.230923 4.433945 8.474216 -9.111779 1.817909 10.869515 -3.283937 2.441727 -2.327881 -22.798588 1.781871 -12.659287 -7.926230 4.086756 29.790783
-21.023695 17.499870 4.681078 6.697141 -12.738085 7.025301 -2.275333 15.480036 12.260867 3.998458 2.311408 0.306803 -3.132841 -9.122374 0.436083 1.234282 4.452086 8.506296 -9.097631 1.857254 10.776134 -3.287158 2.324226 -2.414403 -22.820505 1.833483 -12.632546 -7.839097 4.017999 29.905605
-21.182249 17.431082 4.776213 6.865286 -12.511345 7.132649 -2.163836 15.270863 12.418979 4.008414 2.291955 0.269148 -3.143344 -9.126002 0.393185 1.170444 4.435356 8.447601 -9.073091 1.821864 10.563827 -3.382241 2.232165 -2.445603 -22.782515 1.763362 -12.569261 -7.850103 3.828840 30.049057
-21.022003 17.414406 4.673352 6.768933 -12.726321 7.047315 -2.262885 15.473207 12.322099 3.956216 2.307376 0.279195 -3.136538 -9.117722 0.429664 1.214805 4.448153 8.488678 -9.085061 1.851651 10.779016 -3.347939 2.319780 -2.348907 -22.815935 1.775006 -12.624137 -7.895814 4.059649 29.965466
