-13.188264 24.836742 -20.267893 21.117640 -10.012816 -4.379544 0.631377 0.953639 4.869436 -8.440914 -3.555441 6.293489 -0.529454 -9.664499 9.832216 -0.008045 -1.834566 -0.220585 -4.998130 -6.164469 1.757800 15.071569 -10.214896 0.091885 -29.279057 6.496386 11.286166 -16.324762 2.152488 9.813547
-13.737737 24.780321 -20.469099 21.223782 -10.496455 -4.997628 1.278853 0.744666 5.458359 -8.702204 -3.583117 6.358463 -0.552117 -9.637642 9.831530 -0.017421 -1.858907 -0.253356 -5.012712 -6.160389 1.836305 15.242226 -10.613833 0.019717 -29.418528 6.385092 11.381824 -16.303806 2.126914 9.640671
-20.410450 10.281489 -9.650187 31.756845 -3.827709 -9.168002 11.684947 6.555447 0.858340 -13.379694 -4.792366 8.583070 -3.100321 -12.382568 4.167826 0.234827 1.373239 -6.577024 -4.191255 1.193869 3.809891 13.906749 -15.590480 -7.462948 -32.955585 9.970587 -4.995434 -3.003484 0.422969 -0.986796
-20.650982 9.176835 -8.748626 32.606724 -3.962881 -9.591048 10.684174 5.889101 1.605054 -14.747820 -4.559221 9.108646 -2.421015 -12.652292 3.656658 0.564248 1.314010 -7.245179 -4.428850 1.753908 3.812967 15.331980 -15.474635 -9.376233 -33.166340 9.966690 -3.987723 -0.675768 -1.924723 -0.406820
-21.825478 9.065420 -7.543170 33.284805 -2.664192 -8.404639 9.137930 5.223045 4.136548 -14.175752 -4.045132 9.721758 -2.637320 -12.022929 3.052090 0.663695 1.839000 -8.116789 -5.500367 1.765423 4.435320 17.949696 -16.071060 -10.650921 -32.866291 10.525761 -3.860749 2.793585 -4.145426 1.512685
-22.573700 9.488729 -6.747162 33.757015 -1.908895 -7.995352 8.194013 4.910828 5.261876 -13.416894 -3.710512 9.914043 -3.001539 -11.831431 2.521359 0.779605 2.464767 -8.395923 -5.875178 1.794592 4.061001 18.472643 -17.080589 -11.628215 -32.840839 11.375282 -4.739354 4.848844 -4.680169 3.477741
-23.007191 9.544462 -6.316169 33.887550 -1.603826 -7.730248 7.615761 4.628452 5.836888 -13.039110 -3.809806 10.083223 -3.092380 -11.740185 2.478310 0.923765 2.830556 -8.605539 -6.187829 1.983866 3.834282 18.462683 -17.308811 -11.685924 -32.789547 11.355997 -4.797722 5.111544 -4.310915 4.430927
-23.119297 9.725256 -6.295714 34.061214 -1.365261 -7.635318 7.701318 4.353221 6.035765 -12.988548 -3.863724 10.097471 -3.088325 -11.750107 2.475842 0.937570 2.886350 -8.626127 -6.199518 2.010495 3.806915 18.463322 -17.408274 -11.879720 -32.737644 11.402857 -4.883782 5.194319 -4.393983 4.393735
-23.106941 9.639284 -6.348166 34.101093 -1.399200 -7.654634 7.571368 4.410697 6.001551 -13.041452 -3.881827 10.085709 -3.098435 -11.735777 2.453207 0.926601 2.898044 -8.645254 -6.219232 2.031682 3.716163 18.462992 -17.456194 -11.874019 -32.643661 11.498148 -4.918785 5.299134 -4.501935 4.601441
-23.189850 9.677317 -6.305388 34.129883 -1.345301 -7.628130 7.568359 4.278062 6.080894 -13.026487 -3.874409 10.107650 -3.097286 -11.738535 2.463790 0.949356 2.914845 -8.646543 -6.218795 2.033954 3.748195 18.490805 -17.454838 -11.897817 -32.678223 11.441766 -4.914275 5.288903 -4.485495 4.610551
-23.215239 9.668199 -6.303672 34.151886 -1.323398 -7.605783 7.590295 4.269457 6.089532 -13.010815 -3.865128 10.093765 -3.110455 -11.739548 2.443658 0.940068 2.910264 -8.637671 -6.221562 2.037354 3.697111 18.469408 -17.456047 -11.868520 -32.661137 11.480158 -4.900692 5.272557 -4.462182 4.611072
-23.193243 9.656233 -6.309505 34.119881 -1.365637 -7.608814 7.550811 4.269455 6.097077 -13.042852 -3.875744 10.093160 -3.109187 -11.741213 2.455031 0.938989 2.921145 -8.640989 -6.214264 2.027854 3.695548 18.507792 -17.459078 -11.855808 -32.657734 11.481594 -4.908488 5.255260 -4.483020 4.630785
-23.192783 9.679441 -6.320082 34.131161 -1.336559 -7.636644 7.585160 4.257150 6.066294 -13.021065 -3.876970 10.114641 -3.098938 -11.735506 2.466408 0.952840 2.917436 -8.650064 -6.225051 2.041771 3.711967 18.467031 -17.447145 -11.884843 -32.696339 11.432594 -4.884597 5.252193 -4.463890 4.587328
-23.172070 9.660059 -6.322583 34.123280 -1.346238 -7.637784 7.602298 4.335846 6.083789 -13.019308 -3.889889 10.080566 -3.097039 -11.735821 2.460039 0.930015 2.911123 -8.650202 -6.225249 2.025387 3.709563 18.477026 -17.440777 -11.866987 -32.666042 11.473902 -4.894851 5.262463 -4.464919 4.624372
-23.177982 9.667036 -6.314710 34.140240 -1.357229 -7.588893 7.601835 4.309195 6.072226 -13.022036 -3.874833 10.093742 -3.091097 -11.743494 2.466697 0.944521 2.913927 -8.644924 -6.198296 2.017390 3.712359 18.486973 -17.439489 -11.865165 -32.687046 11.426281 -4.881752 5.256591 -4.476564 4.626434
-23.158064 9.683065 -6.320602 34.107586 -1.369279 -7.627227 7.572227 4.310733 6.072535 -13.046502 -3.882978 10.078596 -3.096489 -11.741821 2.461166 0.931846 2.909158 -8.640676 -6.213545 2.013999 3.707825 18.505507 -17.446825 -11.866860 -32.661846 11.469700 -4.905465 5.248148 -4.490532 4.629080
-23.135809 9.677639 -6.333950 34.135529 -1.372185 -7.634848 7.604522 4.343991 6.043819 -13.039068 -3.892132 10.092253 -3.086079 -11.739376 2.479363 0.936394 2.905597 -8.652954 -6.206564 2.015989 3.725006 18.471251 -17.443266 -11.906927 -32.699795 11.424790 -4.887911 5.262666 -4.493260 4.613529
-23.154194 9.674118 -6.305593 34.104271 -1.347050 -7.587481 7.635407 4.403178 6.115995 -12.973141 -3.907346 10.100430 -3.091377 -11.752698 2.489030 0.943791 2.897649 -8.641999 -6.188600 2.013547 3.723604 18.506651 -17.427546 -11.903538 -32.680851 11.487051 -4.873573 5.271635 -4.515065 4.612983
-23.181396 9.661156 -6.294523 34.118782 -1.310122 -7.573805 7.661551 4.394666 6.125695 -12.955164 -3.896806 10.101092 -3.090657 -11.751120 2.478517 0.948733 2.904292 -8.643379 -6.194298 2.020372 3.716149 18.493742 -17.429201 -11.885906 -32.693607 11.461924 -4.857224 5.269463 -4.491315 4.623536
-23.232061 9.643101 -6.299052 34.177761 -1.372431 -7.553941 7.748150 4.394863 6.185475 -12.964012 -3.894697 10.099192 -3.075862 -11.755681 2.478917 0.946241 2.918845 -8.645230 -6.195325 2.035092 3.823846 18.761183 -18.739208 -11.718735 -32.826763 11.330434 -4.404692 5.319562 -4.345377 4.339014
-23.275551 9.633017 -6.272667 34.160992 -1.355637 -7.507339 7.746308 4.356346 6.208093 -13.001657 -3.904452 10.101199 -3.080590 -11.749181 2.483252 0.937871 2.907588 -8.642003 -6.191396 2.023165 3.788200 18.792208 -18.764620 -11.681056 -32.755116 11.353353 -4.392732 5.327479 -4.449886 4.355894
-23.260033 9.636856 -6.294549 34.170910 -1.334358 -7.532495 7.768939 4.373629 6.202448 -12.981010 -3.880054 10.116383 -3.085828 -11.745399 2.468801 0.950771 2.908030 -8.640361 -6.199756 2.038349 3.767304 18.745863 -18.759035 -11.664502 -32.781277 11.312643 -4.359894 5.306219 -4.421716 4.354446
-19.132164 -9.945561 -7.926969 22.336435 -5.592266 10.150143 7.146537 12.775710 12.186160 -20.612020 3.558181 10.379610 2.040046 -8.453236 1.606356 1.713466 -0.049749 -9.910342 -4.603440 6.687050 18.094717 15.491987 -17.294725 -2.233063 -24.325788 1.898842 -3.294067 16.240511 -19.929579 -1.694993
-18.201086 -15.537432 -8.537971 15.356642 -3.131756 19.759996 10.033207 14.882357 9.358815 -20.391058 6.829152 7.955189 2.194846 -7.498712 0.849529 0.740696 -0.898567 -8.797622 -2.585836 7.853257 18.003855 7.028436 -10.998012 3.154358 -19.974577 -1.554400 -9.665671 11.823090 -22.378674 -6.770661
-18.838457 -16.721405 -10.223256 13.382711 -1.676138 19.433828 9.760377 14.608981 9.033946 -19.081770 7.375871 7.407598 2.028336 -6.769532 1.390211 0.204354 -0.718875 -8.903463 -2.043640 7.774767 17.139521 4.783594 -10.069140 3.922090 -19.616095 -2.469868 -9.364799 11.532113 -22.299646 -7.582237
-20.459068 -16.701435 -13.232921 14.845196 -0.083898 11.380916 8.257978 9.678435 10.976569 -19.406307 6.506392 9.128486 2.507607 -5.598842 1.438889 -0.256724 -1.892545 -10.588966 -2.953171 7.530440 16.763884 6.400534 -11.171174 -1.529741 -20.344917 -2.547628 -3.004440 14.051620 -23.511887 -7.268775
-20.334246 -18.002235 -13.877925 12.697302 1.984736 13.088511 10.728524 9.783168 11.178626 -18.839266 7.358892 8.894537 2.648840 -4.944998 1.645904 -0.751838 -1.513100 -10.095548 -1.619693 7.492971 16.543137 4.775134 -10.776083 0.160161 -19.248819 -3.690740 -4.196325 12.897918 -24.367945 -9.181222
-19.045618 -19.448467 -14.489178 9.570198 2.903002 14.270820 12.521280 11.358049 8.654469 -17.546244 8.227654 7.803339 2.097023 -4.559217 2.861624 -0.895572 -1.110523 -10.060874 -0.129381 7.429514 15.346852 0.874265 -7.202986 3.821369 -18.095608 -4.692883 -6.735299 11.827451 -23.956715 -10.846494
-18.049465 -19.967735 -15.306162 7.364876 4.674718 13.853163 14.189309 12.150279 4.940016 -15.343340 8.475096 6.335990 2.288691 -4.381410 3.996552 -1.590843 -0.816295 -10.511255 1.753345 7.920854 14.175705 -2.889680 -3.886068 6.145688 -16.712938 -4.761792 -8.387509 9.871184 -22.487551 -13.167699
-15.909419 -19.470394 -18.437738 4.047360 4.927244 11.063113 14.257470 13.190136 0.396633 -12.883879 8.458899 4.768316 2.125469 -4.446930 5.240503 -2.348910 -0.795378 -10.652151 4.000175 7.842597 13.797695 -5.209956 -1.852351 9.684331 -15.421356 -3.592415 -9.826768 7.019481 -21.049164 -19.152016
-14.899154 -18.407202 -21.563906 2.730176 3.839699 9.083844 13.705161 13.472160 -2.501487 -10.390862 8.242547 3.147596 2.691211 -4.327886 6.655762 -2.982879 -1.257395 -10.304369 5.716512 7.181305 13.222827 -6.613929 0.867788 12.673697 -13.730074 -1.701728 -9.189747 5.382529 -19.568277 -22.171654
-12.649004 -16.942368 -25.478174 1.611270 1.146444 6.974375 12.618273 14.173402 -6.659424 -7.609543 7.691083 0.574456 4.016278 -4.401749 8.642151 -3.572738 -2.207012 -9.694666 7.130920 6.400445 12.795291 -6.923687 4.599033 14.886470 -12.890690 0.327350 -6.265982 2.953500 -18.006479 -24.715014
-11.037728 -14.971851 -27.622450 -0.641847 0.048333 5.108780 11.121006 14.018955 -8.908906 -6.494655 7.444766 -0.708127 4.354299 -4.350347 10.230984 -3.621492 -3.390882 -8.087365 7.835169 5.867730 11.585953 -7.891159 7.199833 15.421538 -11.808512 1.861510 -3.782299 1.470266 -17.179956 -25.521048
-9.972909 -13.341261 -29.182184 -1.028839 -0.783806 3.955287 8.839025 13.768914 -10.161489 -5.575220 7.437301 -1.902185 4.893917 -4.382554 11.146088 -3.571480 -3.865467 -7.428081 8.240266 5.357317 10.896908 -8.037699 9.003444 16.138615 -11.013977 2.877889 -2.081640 0.796244 -16.513536 -24.661530
-9.138489 -12.385661 -29.841688 -1.269575 -1.343548 3.225306 8.140143 14.004465 -10.785541 -5.069020 7.333312 -2.359877 5.176972 -4.288385 11.488787 -3.394337 -4.069898 -7.195206 8.168133 4.867522 10.942572 -7.968627 9.831197 17.125401 -10.737406 3.459098 -1.316806 0.142673 -15.641645 -24.411549
-8.378779 -11.553408 -29.830656 -1.985296 -1.728420 2.703911 6.754795 14.359000 -11.087115 -4.972837 7.259192 -3.035712 5.407742 -4.248502 11.716708 -3.539489 -4.133216 -7.233695 8.101846 4.415644 11.247836 -7.772660 10.886373 17.656265 -10.502320 3.708302 -1.005517 -0.280934 -15.329356 -24.508400
-8.321802 -11.393558 -29.960804 -2.070542 -1.776477 2.755511 6.595304 14.330488 -11.164485 -4.900873 7.265615 -3.078198 5.496390 -4.259982 11.805073 -3.486188 -4.139004 -7.136802 8.104403 4.426774 11.186872 -7.815332 11.015523 17.762758 -10.563132 3.725831 -1.041756 -0.332087 -15.325673 -24.660841
-8.087984 -11.179346 -30.244373 -2.154620 -1.844802 2.510138 6.230705 14.435575 -11.109756 -4.604153 7.413198 -3.180696 5.684682 -4.249416 11.676067 -3.402122 -4.142690 -7.218878 8.110336 4.228498 11.466432 -7.453431 11.225382 17.812321 -10.438952 3.949077 -0.558588 -0.136973 -15.057375 -24.439592
-7.770828 -10.676259 -30.391861 -2.175076 -1.868683 2.354431 5.975600 14.303234 -11.378905 -4.530351 7.250531 -3.426687 5.950429 -4.215173 11.840931 -3.472280 -4.080106 -7.196197 8.128087 3.978362 11.520803 -7.722020 11.607628 18.062870 -10.286998 4.121158 -0.319370 -0.248268 -14.807621 -24.429104
-8.213709 -11.156633 -30.189375 -2.244111 -1.790939 2.576254 6.278706 14.372274 -11.080121 -4.626488 7.441000 -3.085098 5.641446 -4.256107 11.648427 -3.399698 -4.159750 -7.223708 8.134093 4.237705 11.407695 -7.413988 11.277447 17.835545 -10.483014 3.942442 -0.528740 -0.215281 -15.072964 -24.463657
-7.705679 -10.761780 -30.417267 -2.124650 -1.705617 2.413858 5.921129 14.302348 -11.417834 -4.614852 7.288758 -3.382535 5.894933 -4.160828 11.989573 -3.412067 -4.110737 -7.147187 8.134913 4.016893 11.487399 -7.669636 11.583955 17.951435 -10.322307 4.097478 -0.290032 -0.321992 -14.926971 -24.529495
-11.006522 -12.085995 -29.339659 -1.660550 0.663552 2.810812 9.652691 11.719404 -10.762966 -4.766974 7.502066 -1.187171 4.067484 -4.000445 11.308418 -3.411865 -4.183895 -6.566642 8.300426 5.443166 8.749597 -9.541828 9.088010 15.252254 -10.778480 2.738967 -0.545542 0.080963 -15.948277 -24.826147
-13.894300 -14.669933 -27.046614 -1.005887 4.183886 3.685439 14.817594 9.641643 -8.621983 -6.418033 7.694384 1.834219 1.456909 -3.633833 9.543621 -3.443703 -3.846009 -6.785656 8.155480 6.824086 7.832400 -10.543154 5.189400 12.783710 -11.963681 0.363904 -1.306992 2.308997 -17.925524 -25.386921
-16.250172 -15.236670 -24.851778 -0.943360 7.451758 3.708642 18.114569 7.720117 -6.805280 -7.300692 7.602263 3.635782 -0.101898 -3.153127 8.586401 -3.710407 -3.347402 -6.600634 7.798124 7.176535 7.257829 -12.154415 2.777886 10.024973 -11.884989 -1.443890 -1.232841 4.375763 -19.469105 -24.200493
-18.499918 -15.022425 -22.814589 -0.675818 9.728424 4.510430 20.636223 5.804355 -5.264618 -7.968168 7.729760 5.296066 -1.688691 -2.937573 7.871356 -3.826375 -3.073249 -6.577863 7.523227 7.636021 6.494245 -13.249869 0.518212 7.776593 -12.151330 -2.830775 -0.310547 6.137341 -20.347908 -22.435911
-20.627518 -13.701007 -20.106493 -0.799499 12.052514 5.449958 22.659986 3.609143 -5.023563 -8.578330 7.470971 6.699208 -2.550059 -2.799236 7.579300 -3.389128 -2.733280 -5.986892 6.905961 8.069710 6.327443 -14.819456 -1.754812 5.289104 -12.484886 -4.699515 1.614905 7.771221 -21.010603 -20.813980
-23.694233 -12.887312 -17.883005 -0.763290 13.450987 6.444975 24.962704 1.809885 -3.359657 -8.873269 7.467086 7.958196 -3.425777 -2.312552 7.681825 -3.022565 -1.914710 -4.471055 6.255723 8.234190 6.043046 -15.811547 -4.512012 2.757579 -12.866198 -6.142661 3.142879 8.072238 -20.383871 -18.348486
-25.484333 -11.467563 -16.540617 -2.121224 13.279309 6.303048 24.983513 1.499968 -4.473548 -8.452169 7.407612 8.618811 -3.447725 -2.354077 8.086841 -2.295089 -1.426520 -3.617298 6.060157 8.471178 6.276390 -17.025026 -5.679563 2.677434 -13.165795 -6.849102 2.976217 7.759575 -19.204763 -16.706108
-26.254848 -9.646513 -15.498074 -4.119446 12.433922 6.272334 24.072132 2.344833 -5.387544 -7.270658 7.594960 8.598494 -3.010656 -2.284671 8.642166 -1.717701 -0.648484 -2.490489 6.014557 8.569122 6.505582 -18.349216 -6.812889 3.574094 -12.914018 -6.874240 2.957917 6.197067 -18.086800 -15.952727
-26.485956 -8.944980 -14.450223 -4.863471 11.601976 6.951731 23.221146 3.695501 -5.806559 -6.734308 7.600066 8.334508 -2.251404 -2.409332 8.995549 -1.214268 -0.327534 -1.825190 5.669665 9.102629 6.468063 -18.957918 -7.185639 4.453979 -12.944075 -6.837697 2.112240 4.479208 -17.264879 -15.287860
-26.489206 -7.722467 -13.394177 -5.405691 10.134908 7.776780 22.648573 4.966068 -6.479771 -6.504498 7.543793 7.942566 -1.570162 -2.649074 9.404942 -0.507139 0.274316 -1.484269 5.252535 9.394208 6.311150 -19.154606 -7.672553 5.020416 -13.391298 -6.977506 1.256653 3.099924 -16.438679 -13.734890
-26.480749 -6.717558 -12.333449 -6.011450 8.394663 9.569082 21.980896 6.284409 -6.810757 -6.030284 7.329727 7.679554 -1.122321 -2.850378 9.390827 -0.138005 0.701400 -1.170855 4.878897 9.254830 7.143822 -19.693918 -8.133597 6.045446 -13.407978 -7.407012 1.086559 2.925045 -15.272771 -11.366938
-25.853153 -6.401345 -11.299432 -5.592374 7.248327 10.622807 21.603626 7.468614 -6.981018 -6.357053 7.120887 7.306212 -0.603240 -2.968904 9.391687 -0.221127 1.297671 -1.343589 4.751091 9.091900 9.150584 -19.228636 -7.973696 6.983515 -13.309727 -7.689954 0.533750 2.880346 -14.368906 -9.895934
-25.392305 -5.105557 -7.550609 -3.418394 5.864045 12.596648 21.205812 7.785820 -6.898341 -9.752480 6.086434 6.835062 0.352782 -2.975024 9.704041 -0.236634 2.002281 -1.398407 3.561424 9.071006 12.403010 -18.054728 -9.166883 6.538740 -13.733524 -7.827064 0.531638 4.136880 -13.862059 -7.090177
-24.116150 -6.020900 -8.634184 -3.222666 3.472076 12.954486 21.183851 10.513032 -7.455812 -9.280736 6.239732 5.254446 1.678033 -3.343543 10.213337 -0.102644 2.579244 -1.732906 4.024835 8.934685 14.441115 -18.158108 -7.472671 10.562717 -12.311958 -7.151665 -1.449690 3.476155 -13.691738 -7.530961
-23.261219 -7.333183 -8.093425 -2.058810 0.246392 13.813792 19.878529 13.294560 -7.037838 -9.843066 6.072721 4.775050 3.079933 -3.445814 9.899687 -0.441575 3.294335 -2.864560 3.838033 9.337996 17.282995 -16.804632 -8.194575 12.382586 -12.543371 -7.738533 -4.497702 2.070362 -12.338259 -7.751693
-22.870560 -8.359228 -8.298450 -1.572887 -0.555051 14.266970 19.844625 14.085594 -6.934958 -10.052025 6.212663 4.442979 3.391092 -3.596421 9.860245 -0.470728 3.734253 -3.087168 4.037376 9.268894 18.029902 -16.360733 -8.253112 13.118343 -13.015951 -7.543248 -5.294154 2.219922 -12.333416 -8.259470
-22.906796 -8.544019 -8.426337 -1.627346 -0.712634 14.226586 19.702782 14.238858 -6.769790 -10.070045 6.195945 4.389917 3.430628 -3.664824 9.858969 -0.474768 3.794269 -3.061314 4.009959 9.129419 18.043983 -16.750694 -8.104515 13.370469 -13.040888 -7.431473 -5.381598 2.089680 -12.459991 -8.377795
-22.535326 -8.597852 -9.019732 -1.717138 -0.849062 13.864425 19.486668 14.547715 -7.051126 -9.723271 6.155070 4.387933 3.304131 -3.747849 9.883120 -0.576844 3.692212 -3.139968 4.187685 9.059073 18.405138 -16.869040 -7.780769 13.733512 -12.780404 -7.345717 -5.466427 2.097003 -12.275738 -8.457517
-22.431412 -8.646354 -9.367183 -1.990794 -1.134171 13.700189 19.111385 14.790013 -7.414984 -9.435673 6.249851 4.310296 3.327510 -3.811929 9.950289 -0.612296 3.672270 -3.275350 4.318306 9.075113 18.212589 -16.731436 -7.216570 14.124505 -12.810141 -7.249415 -5.609267 1.667804 -12.055609 -8.846045
-22.142006 -8.584808 -9.681273 -1.993160 -1.413775 13.566554 19.096422 15.034685 -7.614033 -8.988515 6.277451 4.038680 3.324081 -3.803379 10.024872 -0.645817 3.695902 -3.271733 4.392683 8.987864 18.300901 -16.447088 -6.779423 14.777480 -12.668515 -6.963511 -5.707845 1.464397 -11.716505 -9.525887
-22.092758 -8.409769 -9.754321 -2.196212 -1.550406 13.702999 18.920240 15.192941 -7.643581 -8.886930 6.315653 3.903188 3.391468 -3.723356 9.939272 -0.737457 3.562247 -3.196539 4.385823 8.841691 18.351870 -16.491276 -6.805030 15.223000 -12.434459 -6.868233 -5.783153 1.426531 -11.735837 -9.445702
-31.241022 2.284219 1.087015 -5.711506 -1.055385 0.635127 22.852398 7.621356 -12.585107 -3.518491 2.368518 6.696701 -4.858171 -3.513519 9.162793 -2.823755 3.590505 0.915766 4.507857 7.233099 15.212583 -17.227667 -13.465695 -2.090854 -11.844128 -2.251890 3.074882 4.105643 -8.528123 -8.992120
-25.302973 -2.168566 -3.411824 -11.677607 -0.763964 7.263895 30.608665 17.073179 -6.021882 6.839025 4.661378 5.342486 -3.826754 -7.416628 8.774817 -1.127661 0.923702 1.795175 8.034167 7.833956 16.563780 -18.319832 -10.695998 3.973122 -12.783622 -2.468041 0.069254 3.146158 -7.437968 -12.099043
-25.933157 -2.914643 -4.711985 -9.505549 -1.734919 8.874661 29.005198 14.903158 -7.588552 2.645435 5.736397 5.118968 -2.313645 -6.159713 9.336033 -0.669832 2.743586 1.560167 7.336047 8.073434 17.471893 -19.180567 -10.047119 5.492363 -12.193374 -2.257884 -0.033806 1.955836 -6.685698 -13.459853
-25.902161 -2.918346 -5.107971 -9.831259 -2.309572 8.923705 28.784229 15.436736 -7.837772 2.534352 5.654598 4.957587 -1.930145 -5.959899 9.545098 -0.837033 2.862948 1.383172 7.341824 8.070511 17.367163 -19.167158 -9.306863 6.721663 -12.057099 -2.110921 -0.532101 1.125825 -6.370961 -13.760998
-25.367386 -2.918428 -5.712672 -9.710326 -2.476596 8.828792 28.420559 15.599195 -8.263968 2.758828 5.646204 4.789132 -1.853622 -5.849293 9.700469 -0.903467 2.857354 1.396467 7.309395 7.984998 17.226330 -19.045860 -8.970820 7.227975 -11.803123 -1.881041 -0.616574 0.948118 -6.205713 -14.102427
-25.095314 -2.851920 -5.975399 -9.723195 -2.372180 8.759721 27.963898 15.596677 -8.544578 2.864963 5.660117 4.707129 -1.674968 -5.808763 9.731047 -1.006008 2.812489 1.438573 7.377786 8.002628 17.201017 -18.956377 -8.744469 7.270119 -11.498860 -1.509961 -0.485321 0.812692 -6.300365 -14.447585
-25.215195 -2.891679 -6.047168 -9.896557 -2.214167 8.771410 27.821569 15.465793 -8.587564 2.816011 5.637868 4.549274 -1.566991 -5.824909 9.775947 -0.960285 2.770486 1.549692 7.344543 7.968750 17.300619 -19.251352 -8.724375 7.328538 -11.462135 -1.509185 -0.385625 0.877672 -6.342485 -14.690186
-24.812481 -2.782751 -6.525976 -10.012156 -2.282368 8.524355 27.994167 15.616630 -8.790096 3.101712 5.592052 4.535784 -1.362356 -5.837870 9.933606 -1.096941 2.727986 1.501586 7.557788 7.975731 17.170904 -19.311329 -8.394884 7.779305 -11.422597 -1.400960 -0.346851 0.691533 -6.264399 -14.804343
-24.852066 -2.562827 -6.546440 -10.008286 -2.289271 8.507565 27.949997 15.561090 -8.703511 3.177873 5.560627 4.447830 -1.297263 -5.812063 9.933746 -1.041788 2.730492 1.548866 7.549719 7.947739 17.159821 -19.530764 -8.366389 8.162555 -11.098398 -1.210002 -0.196319 0.535630 -6.171078 -14.790249
-24.767550 -2.586391 -6.593934 -10.081148 -2.422822 8.521504 27.743935 15.540557 -8.836661 3.081597 5.532537 4.423864 -1.232751 -5.750161 10.007322 -1.110918 2.644196 1.580813 7.560750 7.848760 17.069170 -19.452417 -8.260608 8.292256 -11.006544 -1.065791 -0.168210 0.549455 -6.160584 -14.813457
-24.763538 -2.351489 -6.973197 -10.159832 -2.637171 8.447442 27.611708 15.470294 -8.951056 3.598113 5.520907 4.415574 -1.215508 -5.747957 10.066268 -1.078091 2.697256 1.641763 7.581688 7.826766 16.995874 -19.530851 -8.074931 8.673349 -10.855453 -0.925027 -0.197697 0.511424 -6.267192 -14.862552
-24.910374 -2.377102 -7.099577 -10.066328 -2.728397 8.491271 27.686031 15.518710 -8.933646 3.720775 5.532795 4.450011 -1.197869 -5.738734 10.064310 -1.143306 2.683087 1.602160 7.662348 7.843324 16.866291 -19.600248 -8.063657 8.866612 -10.824171 -0.818814 -0.282676 0.478022 -6.179286 -14.904574
-24.727345 -2.421742 -7.098505 -10.036966 -2.757574 8.655066 27.733374 15.552888 -8.934875 3.718056 5.580049 4.406710 -1.256852 -5.775925 10.069942 -1.083264 2.710850 1.662248 7.691504 7.868016 17.072556 -19.552874 -7.992339 8.988065 -10.726647 -0.850239 -0.444346 0.583419 -6.254957 -14.819862
-24.657028 -2.370976 -7.300013 -10.139345 -2.756504 8.502822 27.644249 15.513292 -8.970347 3.759980 5.545309 4.397629 -1.187432 -5.784818 10.104294 -1.137497 2.715940 1.636948 7.725781 7.819705 16.948715 -19.584791 -7.834917 9.059025 -10.714142 -0.811391 -0.281922 0.512112 -6.249016 -14.896866
-24.701099 -2.387492 -7.432572 -10.232840 -2.878718 8.533791 27.241098 15.666789 -9.157767 4.011065 5.551082 4.291348 -1.160695 -5.786747 10.154610 -1.110984 2.648703 1.622812 7.718567 7.884964 16.841488 -19.675570 -7.683364 9.169526 -10.711172 -0.743228 -0.318044 0.293514 -6.163227 -14.973973
-24.544495 -2.426764 -7.558203 -10.455643 -3.046391 8.642806 26.974840 15.819585 -9.183272 4.008043 5.529410 4.218402 -1.228487 -5.802673 10.281718 -1.070385 2.578485 1.658200 7.736114 7.809043 16.834909 -19.775892 -7.363487 9.254809 -10.697088 -0.670141 -0.280503 0.330400 -6.123188 -15.001378
-24.421818 -2.430981 -7.796662 -10.455509 -2.997166 8.460861 26.852493 15.710580 -9.234862 4.081425 5.506535 4.220946 -1.186581 -5.786812 10.246397 -1.068875 2.539125 1.587781 7.735559 7.807286 16.730963 -19.650133 -7.065456 9.255276 -10.768991 -0.602301 -0.190537 0.404111 -6.150478 -15.017381
-24.404982 -2.522407 -7.801061 -10.369490 -2.906048 8.469932 26.896084 15.739460 -9.223459 3.974970 5.532992 4.162621 -1.114218 -5.741822 10.266448 -1.055231 2.597878 1.565929 7.676370 7.741786 16.708403 -19.646082 -7.067979 9.292512 -10.727760 -0.624969 -0.324893 0.319575 -6.125518 -14.944946
-24.314297 -2.445361 -7.779634 -10.496649 -2.859672 8.454038 26.577766 15.761048 -9.321731 4.049757 5.487986 4.091270 -1.059579 -5.692582 10.288578 -1.160215 2.527249 1.557833 7.672280 7.701673 16.515856 -19.723806 -6.948201 9.260218 -10.695669 -0.635980 -0.186291 0.319013 -6.171902 -15.059175
-24.168089 -2.477805 -7.957071 -10.338160 -2.819170 8.422701 26.572720 15.724641 -9.248603 3.957743 5.490376 4.059330 -1.026324 -5.695799 10.349693 -1.134890 2.503139 1.549189 7.657568 7.697437 16.626444 -19.767237 -6.918456 9.484674 -10.538243 -0.523386 -0.259573 0.223026 -6.150483 -15.192552
-24.224298 -2.317100 -7.985525 -10.462901 -2.638909 8.341637 26.518219 15.655437 -9.304581 4.092164 5.523126 4.177683 -1.015879 -5.665481 10.279454 -1.181347 2.477587 1.517575 7.615904 7.718679 16.306126 -19.754879 -6.358057 9.254109 -10.413254 -0.426576 -0.277062 0.201634 -6.369574 -14.920424
-24.165297 -2.312164 -7.998215 -10.462019 -2.642269 8.333462 26.552792 15.691063 -9.308496 4.072615 5.530107 4.131989 -0.971375 -5.677961 10.280487 -1.186295 2.461585 1.491914 7.649304 7.734429 16.331682 -19.764936 -6.356871 9.374598 -10.389214 -0.392984 -0.291318 0.160586 -6.326312 -15.062619
-24.179665 -2.298478 -8.029731 -10.411600 -2.608342 8.300834 26.597950 15.609559 -9.256147 4.055874 5.502891 4.124567 -0.979523 -5.667979 10.270269 -1.228606 2.461573 1.486549 7.691630 7.726221 16.364368 -19.745665 -6.385007 9.370591 -10.362757 -0.378875 -0.298603 0.230427 -6.348342 -15.065832
