-9.355519 23.495180 -21.134888 14.763343 -7.999684 0.965418 6.771702 7.677358 14.068267 4.730671 -4.359630 1.355767 -1.297156 -9.733036 5.303374 -2.085779 -5.382906 3.264174 -9.659680 -2.852190 1.925556 15.466216 -12.182807 0.071979 -29.659750 6.136375 12.073348 -16.313112 2.382392 9.215081
-9.438513 23.446627 -21.198641 14.860332 -8.046621 0.944955 6.959555 7.609029 14.178771 4.691314 -4.334736 1.315273 -1.309473 -9.752048 5.218519 -2.080375 -5.456849 3.273429 -9.749421 -2.731918 2.048565 15.635745 -12.565019 -0.066081 -29.896467 5.933797 12.082120 -16.362303 2.375846 8.972110
-12.213471 25.007231 -26.266680 5.290553 -3.200908 -5.048633 8.001057 1.160607 10.574470 6.455425 -2.962863 3.044608 -4.548533 -4.459055 6.145770 -4.571400 -9.735189 5.045438 -10.157723 -3.807538 -5.499650 10.092285 -10.613719 -10.118312 -30.915667 1.258135 23.078299 -17.807661 -1.769539 5.056986
-12.760270 25.278519 -26.324938 4.407032 -1.940689 -6.272827 8.200355 -0.184513 10.956609 6.145919 -2.819469 3.158925 -5.271949 -3.893272 5.919304 -4.773224 -9.751497 5.399559 -10.622732 -4.399891 -7.341637 10.504925 -11.038150 -11.374190 -30.924665 1.233444 23.229633 -18.143841 -2.847489 5.116020
-12.667352 25.835670 -26.979368 3.874007 -0.903573 -7.458844 8.734812 -1.464036 10.773528 6.314285 -2.804003 3.377211 -6.008320 -3.530530 5.897664 -4.828922 -9.995625 5.831559 -10.698262 -5.009204 -9.654192 10.758411 -11.508719 -11.433918 -30.120214 1.387954 23.456432 -18.984486 -3.792378 4.647661
-12.758663 25.962282 -27.194979 3.709463 -0.533026 -7.704218 8.772102 -1.824546 10.730643 6.389297 -2.841450 3.489037 -6.315641 -3.447413 5.928139 -4.896105 -10.112364 5.949104 -10.627266 -5.272079 -9.937982 10.686800 -11.538782 -11.748908 -29.967340 1.377098 23.741306 -18.788523 -4.196084 4.703547
-12.938283 26.181076 -27.357065 3.550446 -0.032883 -8.106214 8.866391 -2.191263 10.611524 6.541701 -2.805039 3.552755 -6.405454 -3.428774 5.906132 -4.917643 -10.176996 5.919247 -10.574819 -5.309932 -10.282893 10.561355 -11.612933 -11.947932 -29.872267 1.350472 23.969645 -18.780170 -4.446878 4.908769
-13.041535 26.268564 -27.456047 3.468531 0.187147 -8.273313 8.927910 -2.376074 10.557563 6.597499 -2.825022 3.573744 -6.454987 -3.436565 5.905808 -4.904361 -10.151878 5.930571 -10.564685 -5.404018 -10.196336 10.499589 -11.612056 -11.981093 -29.753508 1.282072 24.047369 -18.584993 -4.808118 4.938615
-13.003215 26.201942 -27.461645 3.465057 0.109644 -8.202138 8.889532 -2.316905 10.585492 6.551707 -2.817749 3.572883 -6.470047 -3.411649 5.915963 -4.929205 -10.179953 5.937929 -10.554545 -5.382019 -10.318102 10.534813 -11.623344 -11.996863 -29.795044 1.306639 24.044554 -18.680723 -4.645052 4.940786
-12.986106 26.215164 -27.395664 3.498370 0.073859 -8.154314 8.911019 -2.284475 10.583269 6.553691 -2.820401 3.564152 -6.450063 -3.419995 5.912909 -4.924955 -10.171238 5.936591 -10.560216 -5.357669 -10.284277 10.516960 -11.618931 -11.932580 -29.826578 1.295996 23.995432 -18.781290 -4.550204 4.887281
-12.986421 26.213707 -27.396023 3.497592 0.073605 -8.154028 8.910686 -2.284455 10.583537 6.552820 -2.820670 3.563811 -6.449305 -3.420644 5.912287 -4.924814 -10.170847 5.935910 -10.560462 -5.357547 -10.282037 10.516994 -11.619169 -11.930684 -29.829268 1.296663 23.992990 -18.784262 -4.543763 4.886220
-12.995219 26.215408 -27.405550 3.487636 0.091504 -8.166043 8.916105 -2.299453 10.580684 6.552969 -2.818312 3.563607 -6.447356 -3.420381 5.911809 -4.923442 -10.170265 5.933208 -10.561705 -5.358825 -10.293040 10.516993 -11.619609 -11.940398 -29.824926 1.297806 23.999426 -18.779135 -4.557602 4.891924
-12.989163 26.213238 -27.396236 3.501529 0.070378 -8.157047 8.905705 -2.289621 10.579961 6.543008 -2.820804 3.563906 -6.449538 -3.420626 5.912421 -4.924788 -10.170858 5.936137 -10.560333 -5.357919 -10.283093 10.515816 -11.621243 -11.931100 -29.828405 1.295213 23.990919 -18.783758 -4.546619 4.886286
-12.988971 26.213514 -27.395880 3.501845 0.070195 -8.156964 8.905813 -2.289450 10.579862 6.543239 -2.820771 3.563878 -6.449419 -3.420687 5.912287 -4.924795 -10.170891 5.935948 -10.560365 -5.357759 -10.283425 10.515732 -11.621264 -11.931121 -29.828152 1.295078 23.991043 -18.783825 -4.546964 4.886292
-13.065738 26.161963 -27.405184 3.539305 -0.002900 -8.192017 9.052744 -2.311965 10.717868 6.513800 -2.816742 3.550048 -6.460615 -3.430929 5.923691 -4.910479 -10.175718 5.935651 -10.562254 -5.350198 -10.254308 10.647624 -12.017586 -11.890715 -29.874760 1.263592 24.071787 -18.787617 -4.545667 4.687172
-13.067077 26.151470 -27.438425 3.528949 0.005948 -8.212555 9.038665 -2.323728 10.718472 6.513027 -2.813976 3.551168 -6.467601 -3.426132 5.922918 -4.914859 -10.176296 5.930172 -10.567290 -5.373566 -10.251864 10.658841 -12.017427 -11.902169 -29.869589 1.274917 24.073978 -18.756910 -4.564142 4.706316
-12.989847 26.203184 -27.428495 3.491966 0.078071 -8.176709 8.891818 -2.300379 10.580449 6.542522 -2.817749 3.565022 -6.456294 -3.415795 5.911482 -4.929352 -10.171881 5.930173 -10.565043 -5.380042 -10.280070 10.527145 -11.621303 -11.940912 -29.823721 1.306220 23.991947 -18.754793 -4.562738 4.905166
-12.998379 26.204777 -27.437540 3.481988 0.095222 -8.188334 8.897408 -2.314933 10.577382 6.542645 -2.815678 3.568177 -6.453638 -3.415564 5.908494 -4.929974 -10.171064 5.927523 -10.565272 -5.381716 -10.290124 10.526960 -11.621572 -11.949122 -29.819921 1.307385 23.997187 -18.751493 -4.574431 4.909953
-12.989821 26.203369 -27.428274 3.492431 0.077855 -8.176544 8.891902 -2.300202 10.580360 6.542722 -2.817950 3.566907 -6.456057 -3.416613 5.909767 -4.930224 -10.171618 5.930026 -10.564614 -5.379196 -10.279055 10.526998 -11.621238 -11.940254 -29.823778 1.306034 23.991552 -18.754881 -4.562707 4.905221
-13.067145 26.151426 -27.438358 3.529177 0.005600 -8.212205 9.038606 -2.323637 10.718420 6.513049 -2.814070 3.553602 -6.467443 -3.427108 5.920597 -4.916075 -10.175875 5.929935 -10.566566 -5.372575 -10.249347 10.659216 -12.017377 -11.900462 -29.870279 1.274759 24.072504 -18.757246 -4.562305 4.706320
-13.067245 26.151978 -27.438833 3.529291 0.005802 -8.212721 9.039090 -2.323670 10.718235 6.513258 -2.814466 3.552979 -6.467676 -3.426969 5.921122 -4.915581 -10.175955 5.929585 -10.566512 -5.373518 -10.249631 10.658651 -12.017331 -11.900596 -29.870352 1.274641 24.072418 -18.757799 -4.562047 4.706193
-23.901621 21.943649 -15.586602 3.458218 8.167021 -0.493080 11.985713 -4.075043 15.460687 7.734342 2.348106 4.508260 -9.126067 -3.361118 1.311155 -3.315793 -5.666566 6.066955 -10.500638 -4.062162 -15.022712 5.878291 -19.480806 -13.986512 -29.229372 -2.665414 12.652864 -14.057465 -11.141770 6.831046
-26.287285 22.041210 -12.454426 2.882316 9.465715 1.009463 12.234551 -4.329532 16.028061 8.855061 2.129274 4.713734 -9.994941 -3.196959 1.291944 -3.278843 -4.509407 6.381814 -10.698455 -4.050817 -16.762072 3.770119 -21.184483 -14.054571 -28.876860 -3.410455 10.956723 -13.599049 -11.092911 8.181933
-27.251591 23.371716 -9.450112 3.426600 10.667247 1.057518 12.881320 -3.939208 16.123861 11.333271 0.810010 5.783389 -11.052007 -3.017304 1.745345 -3.250175 -3.609354 6.159251 -11.707875 -3.437302 -16.578913 3.011480 -22.632477 -15.269206 -28.910696 -2.891378 9.646792 -11.510260 -10.692574 10.057311
-27.809273 24.917557 -7.937341 4.068431 12.180710 0.483020 13.307773 -4.031337 16.146021 13.642719 0.751231 5.811884 -11.993313 -2.809544 1.619597 -3.181044 -2.813165 6.505184 -11.730795 -2.998082 -16.613491 1.385118 -24.168270 -15.972169 -28.819324 -3.069257 9.183419 -10.619703 -9.890612 11.756389
-27.992790 25.743862 -4.811295 3.503112 14.587217 0.665553 10.084738 -4.214642 11.816841 15.521986 0.602203 6.955467 -13.716837 -2.040124 2.684795 -3.641646 -0.795130 6.018229 -10.328244 -3.389096 -19.579344 -1.844705 -22.515629 -12.640759 -22.884605 0.838260 5.594756 -9.787274 -10.141514 13.893989
-29.827246 25.679203 -3.089934 2.443038 13.384113 -1.271943 9.115865 -5.054482 10.871235 16.293282 0.041186 6.295629 -14.514367 -1.811843 2.952715 -4.086274 0.316962 6.281448 -10.223040 -2.759292 -20.407721 -4.181073 -23.924267 -11.248794 -22.254549 0.913695 4.817150 -9.817061 -7.956921 13.756345
-30.224154 25.418762 -0.738175 1.265264 13.651070 -2.547253 6.365824 -4.872393 7.836802 16.768456 -0.231771 5.425909 -14.596361 -1.004186 3.437629 -4.815834 1.316946 6.251122 -9.891315 -2.721777 -20.389933 -7.524867 -23.751314 -10.911099 -19.682737 2.399640 3.401110 -9.116076 -6.731312 13.880568
-30.277956 24.228426 0.729485 0.754026 14.487732 -3.334905 4.120963 -4.223477 6.253312 17.150742 -0.146844 4.473556 -14.731643 -0.243620 3.812731 -5.281924 2.711297 6.836402 -9.700082 -2.937036 -20.746138 -9.872393 -23.025225 -10.574981 -17.588013 3.940678 3.180489 -7.185447 -6.047566 14.231150
-30.748428 23.136162 2.591085 -0.721499 13.508312 -5.061069 2.599683 -3.325120 3.835973 18.321383 -0.007295 3.358673 -14.455972 0.550456 4.638069 -5.668097 4.206846 7.375056 -9.144271 -3.062585 -20.441114 -12.515162 -21.522112 -8.706109 -14.650953 5.568657 2.151046 -5.622702 -5.444557 14.080979
-30.177723 21.259258 3.723983 -1.356932 13.622723 -5.243993 0.418178 -2.263169 1.550174 19.317379 0.522708 2.255639 -13.854734 1.295672 5.012261 -6.130482 5.549844 8.239234 -7.544617 -3.958247 -20.416582 -15.343731 -18.485455 -8.096526 -13.005936 6.772800 0.653957 -4.358870 -4.309774 14.564036
-31.720461 18.829805 5.488967 -1.942739 11.697468 -6.086075 -1.238882 -0.963818 -0.738588 21.496223 0.868163 0.786166 -13.203665 2.432263 5.882536 -7.034565 6.879606 8.475164 -5.903176 -4.464114 -20.003035 -19.658808 -16.781242 -6.306458 -10.820477 8.198763 -0.765608 -3.915056 -2.125722 14.355462
-32.711689 15.955240 7.206572 -1.620657 9.419829 -5.896298 -2.365272 0.438481 -3.778181 23.702326 0.631137 -0.778739 -12.348217 3.139574 6.486738 -7.819507 7.960240 7.774165 -4.417809 -3.768390 -19.173071 -22.467760 -13.977462 -4.257391 -8.120859 10.009760 -1.163618 -2.373821 0.479632 14.325810
-32.641346 12.652371 8.394631 -0.667256 6.518386 -6.716339 -4.038290 2.932169 -6.697811 25.335699 0.771617 -1.470983 -11.351060 3.832569 6.746950 -8.443665 8.948277 6.501919 -3.224866 -2.562582 -16.724792 -24.323336 -13.222903 -1.438474 -7.087327 11.239916 -1.108752 -0.259460 3.711907 12.270179
-31.009966 10.490150 10.498816 0.295171 2.248164 -6.867498 -3.430939 6.910131 -9.657568 28.492559 0.826212 -3.355742 -10.458428 3.486831 7.109062 -8.729091 10.323105 5.921162 -1.427866 -1.418783 -12.795918 -25.290140 -11.028681 1.787960 -7.184825 12.174723 -0.654728 3.281234 8.295646 12.172795
-28.926910 7.938442 10.652743 2.491205 0.734551 -8.442058 -1.504319 9.484053 -10.527728 29.619173 0.617600 -3.462073 -10.166568 3.172262 7.205822 -8.692328 10.914057 5.586436 -0.520025 0.054782 -10.160163 -24.967112 -8.641165 3.194519 -8.214155 13.692918 -1.225085 6.533482 11.190243 11.466476
-24.693119 4.841964 12.881023 4.809327 -2.434398 -6.565451 0.914790 14.415009 -12.827834 31.300543 0.193716 -5.364108 -8.634952 2.322893 7.536636 -9.167197 11.675394 4.403979 1.609341 2.166679 -5.203525 -24.355749 -5.733913 6.642339 -9.451036 14.285946 -3.213950 10.118798 14.282908 10.753389
-23.291950 4.169228 12.861732 5.278293 -2.787962 -6.837267 1.900716 15.515471 -12.946290 31.610172 0.288257 -5.392753 -8.544721 2.273711 7.230012 -9.380431 11.802727 4.110873 2.177265 2.714164 -4.161981 -24.637341 -5.390224 6.631603 -9.768061 14.892395 -3.767626 11.748018 14.445257 9.541175
-21.461843 4.021528 13.719707 4.740777 -3.630658 -4.542201 1.697171 17.061401 -13.373830 31.747944 0.602574 -6.081140 -7.671941 1.703699 6.981872 -9.515107 12.169815 3.747117 2.896661 3.125615 -2.291859 -24.058226 -4.331843 8.312750 -9.893637 14.889226 -5.412394 11.421109 14.997481 8.658792
-21.755621 3.767269 13.428389 4.950030 -3.563767 -5.295455 1.747584 17.071751 -13.587819 32.052189 0.486392 -5.809886 -8.052009 1.852443 6.927536 -9.630048 11.908501 3.740683 2.835889 3.056927 -2.618951 -24.101212 -4.124491 7.746884 -10.085317 15.130388 -4.923974 11.733334 14.804737 8.619473
-21.507015 3.886932 13.542640 4.960606 -3.528621 -5.107284 1.719929 17.128231 -13.437992 31.841883 0.493227 -6.038228 -7.789137 1.741798 6.907419 -9.616696 12.027933 3.742757 2.870239 3.131947 -2.489150 -23.996992 -4.039138 8.172542 -9.927159 15.048056 -5.068846 11.667047 14.779556 8.653573
-21.058853 3.894340 13.626732 5.018120 -3.800510 -4.783620 1.564931 17.557875 -13.586938 32.091808 0.641788 -6.174655 -7.651237 1.573072 6.815967 -9.585446 12.006960 3.833383 3.162375 3.203240 -2.055276 -23.693056 -3.659846 8.505785 -10.041248 15.515320 -5.842770 11.589569 14.815508 8.167043
-21.399530 3.951847 10.253917 4.775953 -1.356651 -9.182830 2.254987 16.286440 -13.786666 31.703375 0.602322 -4.196727 -9.765809 2.360305 6.129561 -9.477942 11.245136 3.088065 2.345574 3.134037 -4.011821 -23.152981 -4.535330 3.875009 -9.753567 15.866423 -2.961453 13.396086 12.637668 7.268191
-22.955833 3.284758 6.483865 5.757354 1.640792 -13.442362 1.176229 13.400258 -11.372645 29.981682 0.536212 -2.066461 -10.830743 3.722350 5.451034 -9.290299 11.010489 2.618689 0.555987 3.315106 -7.392675 -22.390381 -6.832813 -0.685367 -9.246658 16.946041 -0.896881 13.314265 10.335348 5.010461
-22.603523 1.603116 5.997411 7.756863 1.891005 -13.505179 1.075219 13.530075 -10.607764 29.345850 0.667337 -1.821189 -10.754556 3.892771 4.972380 -9.390096 11.253056 1.797202 0.248280 3.421808 -7.484589 -21.750271 -6.824412 -1.460199 -9.287526 17.672625 -1.593060 13.105857 10.245916 3.688387
-21.974216 1.859769 4.379692 8.485905 3.002213 -14.834498 -0.348691 13.738133 -10.225049 29.993044 0.926972 -1.575617 -11.194192 3.704620 4.159841 -9.379647 10.544712 1.204308 -0.016177 3.491264 -8.322995 -20.554836 -6.411727 -3.494357 -9.426126 18.160555 -1.295452 13.024200 8.856962 1.969634
-21.379757 0.064351 4.301872 9.969556 3.224899 -14.477620 -0.044623 13.581449 -8.823659 28.664906 1.038660 -1.743667 -10.929124 3.720309 3.935755 -9.493277 10.781900 0.212328 -0.083883 3.970554 -8.331510 -19.778866 -6.672331 -3.566977 -9.301500 19.234945 -2.832047 12.674544 9.703384 -0.183729
-21.624580 -2.096452 2.819036 10.849161 4.863838 -15.100693 0.285431 12.870903 -7.474967 26.599350 1.345191 -0.834908 -10.751887 4.284687 3.091884 -9.575179 10.503967 -0.536682 -0.912619 3.483825 -10.090721 -18.616573 -7.189487 -5.154793 -8.776066 20.091103 -4.251909 11.335520 9.183750 -2.187802
-21.740574 -4.184716 1.301915 12.612005 7.138077 -16.416288 0.430807 12.065837 -6.517060 24.137251 1.764769 -0.857695 -10.134730 5.065932 2.734970 -9.611193 9.955584 -0.855517 -2.250728 3.160659 -11.426087 -18.110659 -7.514668 -7.044482 -8.378967 20.460825 -5.684697 9.367724 8.039234 -4.104558
-23.063988 -4.710727 -0.101298 11.851854 8.582868 -18.069162 0.643547 11.865094 -6.027332 22.841827 2.097675 -0.318366 -9.552720 5.827754 3.186788 -9.275854 9.568941 -0.307711 -3.122433 3.109043 -13.189549 -17.833693 -8.725820 -7.630482 -8.380022 19.885214 -7.447160 6.481727 6.192079 -6.399395
-23.910027 -6.752608 -0.755510 10.703028 8.393530 -17.767042 0.013051 12.766103 -5.853309 21.115036 2.713157 0.130882 -9.154445 6.338511 3.504780 -9.003577 9.336224 0.379493 -3.724613 3.296206 -13.944052 -17.812304 -9.370349 -7.586795 -8.278578 19.272608 -8.255435 4.434378 5.218031 -8.486697
-25.575214 -9.253145 -1.580073 9.893324 8.419014 -16.982752 -0.964025 12.987845 -4.697512 19.287161 2.947856 0.281299 -8.755262 6.643055 4.260134 -8.543672 8.500463 0.981056 -4.159081 3.018462 -14.369985 -17.623585 -9.458321 -7.328676 -8.760330 18.716688 -9.327229 1.737577 4.956159 -11.240202
-25.432297 -10.260094 -0.815626 8.513798 6.119262 -14.936161 -2.744529 14.555638 -5.303012 19.247581 3.310605 -0.335342 -7.895399 6.597348 4.769754 -8.436736 8.628487 1.450897 -3.764558 3.073486 -14.084939 -17.323141 -9.365663 -5.680550 -9.585974 18.829016 -10.644549 0.264755 6.375531 -12.898164
-26.966152 -12.178022 -1.359625 6.175182 6.004545 -14.489510 -3.760839 15.312045 -4.683033 17.717093 3.582380 -0.485626 -7.199768 7.092969 5.631631 -8.159373 7.946985 2.261036 -4.233299 2.878986 -14.296053 -18.814579 -10.017922 -4.156896 -9.568715 16.547573 -11.361753 -2.735389 6.870253 -14.360538
-27.946856 -12.868610 -0.784080 3.485849 8.037743 -13.353753 -3.428437 14.824655 -4.569942 13.986980 3.815691 -0.818945 -6.020344 8.069373 6.647966 -7.707255 6.493085 3.457847 -5.734808 2.732486 -14.383964 -20.308863 -10.703939 -5.136278 -10.505466 12.901680 -12.882166 -5.481492 6.039779 -14.480232
-31.170506 -12.087799 2.217842 1.643811 11.092599 -10.813226 0.649292 12.823314 -5.052086 11.641489 3.548157 -1.836735 -4.276912 8.512724 7.865062 -7.622691 5.353944 4.486095 -6.519411 2.637220 -13.852181 -22.146936 -12.311879 -5.414272 -11.385027 8.524789 -14.716176 -9.097060 5.537919 -13.541901
-33.141582 -10.794044 3.800979 0.025604 13.033710 -9.065337 2.831221 11.752421 -5.885847 11.305958 3.674369 -2.375933 -3.714995 8.915871 8.757494 -7.924457 4.873594 4.863791 -6.581804 1.684789 -14.497619 -24.309778 -13.383376 -3.889235 -10.244951 6.868036 -14.750458 -11.039382 5.407476 -11.764712
-33.491104 -10.604229 4.358321 -0.531031 12.177897 -8.642539 3.033923 11.911602 -6.325368 12.311119 3.644688 -2.838063 -3.488903 8.798046 8.831036 -7.949809 5.038026 4.993046 -6.137360 1.653316 -14.489356 -24.737738 -13.550540 -2.643785 -9.807164 7.202192 -14.471328 -10.499784 6.076736 -11.212356
-33.270905 -11.194801 5.496765 0.071894 10.489060 -8.332902 3.118110 12.780263 -7.374703 13.147991 3.864383 -3.593677 -3.192990 8.528067 8.853227 -8.047161 5.735108 4.695123 -5.398015 1.625839 -13.426571 -25.440067 -12.889428 -0.689465 -9.900385 7.842074 -13.772331 -9.327060 8.459952 -10.304255
-32.221478 -11.577814 7.142992 0.201581 8.453547 -8.049324 2.310643 14.548358 -8.571704 14.246342 3.981232 -4.287807 -2.769476 8.320422 8.561285 -8.146610 6.392156 4.620187 -4.705436 1.688466 -12.453703 -25.688566 -11.958505 1.396848 -9.795628 8.652637 -13.729476 -8.229612 10.319736 -9.650397
-31.896622 -11.223551 7.670049 0.402425 8.054152 -7.800107 2.102916 14.709144 -8.782035 14.616002 3.910164 -4.704911 -2.717405 8.119093 8.467951 -8.327269 6.781270 4.493328 -4.435109 1.741991 -11.883162 -25.697763 -11.692834 2.277231 -10.187904 8.665325 -13.672535 -7.856354 11.239998 -9.384906
-26.787415 -21.451927 -6.194227 -5.173584 11.844492 -12.608347 -0.728062 15.184337 -6.306868 2.932917 4.725323 -2.811551 -1.045703 9.111429 5.074316 -8.988003 1.092017 -1.633161 -9.798429 6.086836 -6.133243 -25.710037 -12.101561 -14.476657 -14.014970 -3.185907 -10.607125 -2.449975 -4.656609 -12.720446
-26.912518 -20.685966 -5.779646 -6.588969 10.869343 -13.100275 -0.923057 14.184272 -7.937347 4.343482 5.514365 1.686200 -0.969073 8.669701 7.928644 -6.680552 3.492899 -3.182185 -7.029902 4.252692 -8.536330 -25.650507 -14.331199 -5.897674 -6.136144 3.939165 -11.151872 -0.440935 -5.543722 -12.847775
-27.552879 -21.123106 -4.015271 -5.873617 11.697557 -14.616686 1.366322 14.969316 -8.412165 4.024140 4.704575 0.009833 -2.469535 9.458652 6.912282 -7.790248 3.379850 -2.027573 -7.477069 4.109244 -10.365897 -26.367895 -15.775125 -4.162774 -3.584782 6.716484 -10.782728 1.273836 -3.939837 -10.654044
-27.775021 -22.477161 -1.783811 -4.987244 10.994389 -15.316062 2.867092 17.090494 -9.264222 4.475825 5.048308 -0.521728 -1.960547 9.773549 6.480944 -7.949252 3.744700 -1.359602 -7.462974 4.913708 -10.025458 -26.766958 -16.217087 -3.179836 -3.007285 7.861969 -11.391364 1.952868 -1.844214 -11.421910
-27.548456 -23.106647 -0.746945 -4.182685 10.726917 -15.613058 3.910799 18.135750 -9.593646 4.745819 5.233988 -0.943215 -1.788463 9.736338 6.380324 -7.994344 4.282665 -1.196720 -7.061743 5.233235 -8.760235 -26.981474 -15.887277 -2.549366 -3.310854 8.168704 -11.598275 3.078024 -0.194105 -11.541008
-26.172394 -25.168724 2.027350 -3.356241 8.050054 -15.662856 4.096392 21.455187 -10.695996 6.221005 5.583645 -1.835056 -1.287298 9.455807 5.823472 -8.192113 5.457831 -1.207994 -5.907841 5.832327 -6.115646 -27.281361 -14.635713 -1.271423 -4.540486 8.885065 -12.172041 5.656250 3.962199 -11.854455
-26.266556 -25.185299 1.899004 -3.143201 7.969861 -15.584540 4.130128 21.401539 -10.575562 6.226973 5.588436 -1.760512 -1.339448 9.345232 5.843416 -8.133631 5.428962 -1.302498 -5.845419 5.839724 -6.125869 -27.233278 -14.623353 -1.127623 -4.476123 8.980317 -12.096349 5.799769 3.874115 -11.725718
-27.173336 -24.745594 0.842655 -3.388438 9.030905 -15.871843 4.363328 20.279501 -10.086397 5.794049 5.472150 -1.548012 -1.526954 9.508706 6.060659 -8.105068 5.070177 -1.249918 -6.280121 5.659090 -7.174469 -26.993263 -15.256131 -1.517305 -4.224099 8.622332 -11.746243 4.888319 2.523755 -11.974682
-27.243383 -24.638151 0.514184 -3.567805 9.327993 -15.722581 4.413920 19.981226 -9.890949 5.416658 5.444128 -1.264953 -1.633591 9.622641 6.139803 -8.094708 4.866052 -1.300264 -6.470211 5.600935 -7.461637 -27.076880 -15.495066 -1.799188 -3.954138 8.340364 -11.594565 4.487297 1.844595 -11.661642
-27.404850 -24.376999 0.104282 -3.614901 9.689610 -15.914495 4.305428 19.515356 -9.655916 5.333429 5.482006 -1.309684 -1.615086 9.597822 6.137384 -8.074156 4.700445 -1.310711 -6.553322 5.537959 -7.933796 -27.264719 -15.491409 -1.831617 -3.752515 8.405972 -11.472922 4.063380 1.552213 -11.914697
-27.572067 -24.097363 0.032237 -3.749132 9.964437 -15.711790 4.377132 19.024790 -9.662320 5.113059 5.392103 -1.112142 -1.682765 9.649434 6.159605 -8.095039 4.585464 -1.429594 -6.759516 5.517799 -8.139291 -27.212420 -15.681512 -1.890269 -3.473706 8.487698 -11.556659 3.936684 1.123406 -11.618717
-27.374104 -24.098150 -0.171387 -3.735238 9.987421 -15.529965 4.077995 18.996126 -9.683838 5.070636 5.403311 -1.107683 -1.740577 9.686225 6.253754 -7.993451 4.656243 -1.276312 -6.832140 5.501883 -8.331412 -26.984987 -15.707591 -1.866123 -3.511321 8.424294 -11.746270 3.862760 0.913834 -11.573795
-27.590405 -23.778446 -0.424984 -3.850534 10.195841 -15.400366 3.899672 18.577887 -9.422463 4.900227 5.414268 -1.010490 -1.732548 9.641899 6.315666 -7.959064 4.478618 -1.229307 -6.845871 5.287625 -8.364346 -27.137011 -15.954563 -2.119607 -3.253748 8.254395 -11.756038 3.481142 0.397230 -11.524957
-26.495346 -24.968679 1.782030 -3.367805 8.259776 -15.348598 4.001158 20.924902 -10.379005 5.919291 5.596385 -1.852888 -1.265786 9.380225 5.879391 -8.145016 5.304871 -1.315473 -5.993515 5.694863 -6.515285 -27.138102 -14.920927 -1.154030 -4.308642 8.802071 -12.182393 5.495937 3.283670 -11.563115
-25.379292 -25.502111 3.043134 -2.369681 7.255953 -15.270616 3.721559 22.927095 -11.188600 7.049418 5.729606 -2.092789 -1.316288 9.346737 5.631817 -8.338063 6.121787 -1.118733 -5.316526 6.060745 -5.688923 -27.155878 -13.742213 0.064962 -4.775931 9.386450 -12.264937 6.013899 5.405608 -11.637313
-25.729736 -25.360123 2.577140 -2.413169 7.443202 -15.433208 3.865937 22.182152 -10.995549 6.684160 5.665132 -1.971998 -1.414155 9.372849 5.721474 -8.275702 5.946511 -1.163391 -5.517556 5.984754 -5.754384 -27.153692 -13.998343 -0.185241 -4.713322 9.210961 -12.275601 5.903870 5.056107 -11.943602
-25.984571 -25.298855 2.484154 -2.482095 7.667523 -15.519370 3.961393 22.050108 -10.879034 6.572303 5.699478 -1.905185 -1.343514 9.437536 5.697157 -8.289030 5.732087 -1.226421 -5.593364 5.923539 -5.871414 -27.164730 -14.081833 -0.529398 -4.506597 9.228758 -12.166355 5.910594 4.679068 -11.746842
-25.930017 -25.402817 2.389135 -2.934657 7.821541 -15.507399 4.060791 21.965664 -10.705894 6.291821 5.699606 -1.999173 -1.273813 9.391138 5.682869 -8.261177 5.660678 -1.193707 -5.653611 5.881010 -6.071878 -27.256910 -14.159203 -0.787503 -4.612886 8.978527 -12.233037 5.926974 4.377667 -11.790490
-26.301487 -25.063030 1.863687 -3.165761 7.996518 -15.564821 4.110970 21.351545 -10.594522 6.254557 5.557811 -1.760633 -1.362213 9.322073 5.842924 -8.105676 5.415104 -1.272683 -5.848346 5.811521 -6.205868 -27.252211 -14.683657 -1.163110 -4.382071 8.988271 -12.187704 5.832316 3.785825 -11.632281
-26.534817 -24.996450 1.798749 -3.272936 8.324234 -15.311848 4.011082 20.907017 -10.386106 5.929204 5.583849 -1.847017 -1.252718 9.392019 5.909666 -8.145924 5.334648 -1.336251 -5.974898 5.684459 -6.556720 -27.182451 -14.936763 -1.156356 -4.267156 8.831430 -12.167799 5.492029 3.287394 -11.550646
-27.133385 -24.791485 0.802305 -3.390257 8.961704 -15.771539 4.365831 20.190235 -10.072377 5.788118 5.496282 -1.536684 -1.525204 9.484533 6.038712 -8.062786 5.027868 -1.241525 -6.268685 5.698299 -7.116743 -26.997107 -15.173435 -1.493142 -4.234762 8.565919 -11.743174 4.864080 2.544710 -12.003368
-27.107912 -24.778786 0.680541 -3.536976 9.156855 -15.841638 4.389352 20.237274 -9.949079 5.672460 5.528636 -1.524710 -1.437558 9.540415 6.039982 -8.071080 4.951832 -1.229500 -6.353382 5.644799 -7.368048 -27.001675 -15.271962 -1.708757 -4.113998 8.540886 -11.752587 4.726865 2.219061 -11.806535
-27.223461 -24.677322 0.447825 -3.580609 9.390696 -15.715186 4.356696 19.951828 -9.993081 5.490112 5.481346 -1.357548 -1.599302 9.615331 6.104150 -8.129291 4.803596 -1.289791 -6.443546 5.553404 -7.539458 -27.201136 -15.324880 -1.666819 -3.872545 8.442135 -11.690625 4.600693 1.866798 -11.641736
-27.202061 -24.403034 0.106734 -3.525684 9.720829 -15.803317 4.207107 19.704216 -9.975164 5.461500 5.466117 -1.314848 -1.675114 9.584714 6.184786 -8.100064 4.742821 -1.265982 -6.434669 5.505276 -7.928340 -27.318064 -15.304702 -1.812852 -3.851084 8.429949 -11.564046 4.039550 1.619994 -11.835652
