-13.857346 24.879429 -20.406240 21.023100 -10.381516 -4.920597 1.593495 0.751717 5.841817 -8.342497 3.215685 7.926623 4.836583 -9.160067 1.119403 -3.054303 -0.537600 5.220036 1.639741 -10.320210 8.896124 5.906705 10.362670 -13.699545 -11.940175 10.988743 1.029741 -27.450743 -1.991310 20.626770
-13.915937 24.940742 -20.458269 21.227167 -10.429896 -5.056930 1.515571 0.593530 5.579000 -8.647766 3.264146 7.964571 4.836455 -9.181565 1.084803 -3.003137 -0.537506 5.224186 1.634282 -10.291073 9.391459 5.925168 10.343913 -14.248753 -11.375645 11.177435 1.007566 -27.881983 -2.041560 20.735298
-20.642696 10.287883 -9.710673 31.745539 -3.739768 -9.220373 11.928695 6.391603 1.055193 -13.329813 4.507758 9.487327 2.576278 -12.393661 -5.845367 -2.261941 2.460035 0.201489 3.884115 -3.717136 12.941017 3.936860 4.487965 -24.754339 -11.567087 15.543796 -15.647014 -16.705797 -4.516368 10.289113
-20.878128 9.203255 -8.679526 32.705082 -3.869930 -9.695817 10.907870 5.765753 1.718139 -14.791707 4.695170 10.075083 3.482641 -12.630322 -6.298217 -1.712270 2.632190 -0.485748 3.424260 -2.877522 13.492225 5.586597 4.547190 -26.886562 -11.458317 15.415321 -15.133379 -14.452096 -7.012793 10.929638
-21.963264 9.101728 -7.512823 33.400425 -2.638771 -8.432458 9.281010 5.130149 4.344078 -14.155447 5.349768 10.675219 3.263835 -12.008252 -7.135430 -1.643620 3.194215 -1.340833 2.464922 -3.154593 13.852695 7.913708 4.042912 -28.135624 -11.303275 16.209146 -14.483809 -11.095442 -8.929680 13.150643
-22.788456 9.476454 -6.684776 33.854904 -1.766910 -7.963990 8.361257 4.800971 5.541925 -13.368774 5.415346 10.937639 2.896955 -11.818430 -7.554029 -1.607187 3.763049 -1.685417 2.119961 -3.127942 13.485202 8.797738 3.146983 -28.845430 -11.483175 16.794842 -15.302388 -8.778040 -9.588814 15.238987
-23.231544 9.523090 -6.233744 34.023251 -1.448073 -7.710198 7.882893 4.563028 6.042931 -13.028323 5.431689 11.049794 2.716583 -11.789665 -7.739308 -1.478334 4.131795 -1.816883 1.975330 -3.030385 13.202124 8.595237 2.758524 -28.867764 -11.496819 16.769640 -15.660082 -8.385861 -9.355522 16.138218
-23.276169 9.661529 -6.257148 34.140469 -1.307602 -7.717034 7.907251 4.340375 6.131004 -13.037344 5.433500 11.059925 2.693250 -11.787853 -7.782902 -1.483416 4.161533 -1.805280 1.953308 -3.023031 13.252384 8.703030 2.765713 -28.954350 -11.431770 16.908785 -15.700173 -8.240664 -9.384552 16.006903
-23.298136 9.656964 -6.311616 34.195358 -1.235085 -7.711265 7.846137 4.331495 6.194958 -12.963896 5.429404 11.088480 2.674374 -11.764011 -7.807063 -1.475920 4.211623 -1.862355 1.937220 -3.019539 13.187138 8.635884 2.636439 -29.010242 -11.428438 16.836905 -15.814459 -8.128985 -9.437496 16.223839
-23.314041 9.670517 -6.320408 34.230038 -1.273273 -7.761493 7.849642 4.247048 6.152117 -13.048710 5.427343 11.083018 2.659343 -11.762928 -7.827364 -1.476370 4.218951 -1.856469 1.916024 -3.011482 13.157208 8.616548 2.642379 -29.001383 -11.395953 16.881819 -15.777309 -8.135516 -9.409496 16.253141
-23.308834 9.678407 -6.306993 34.217854 -1.275003 -7.776219 7.835618 4.261655 6.168681 -13.052140 5.433790 11.106853 2.656357 -11.768387 -7.805728 -1.461376 4.223011 -1.860323 1.935652 -3.015642 13.169203 8.590480 2.655250 -29.033123 -11.437406 16.809887 -15.742553 -8.162473 -9.416176 16.251860
-23.316319 9.664401 -6.290425 34.228054 -1.280346 -7.737809 7.851372 4.293215 6.176194 -13.012043 5.432223 11.086508 2.657567 -11.765827 -7.820389 -1.475265 4.211033 -1.855872 1.925957 -3.012854 13.158677 8.608524 2.637252 -28.992340 -11.411532 16.848125 -15.764880 -8.134263 -9.414042 16.284710
-23.358704 9.653078 -6.310345 34.149826 -1.186200 -7.642154 7.905148 4.260095 6.309739 -12.891150 5.417251 11.097124 2.668499 -11.768463 -7.808343 -1.465070 4.221629 -1.858009 1.936790 -3.007336 13.093678 8.644673 2.677103 -28.906960 -11.570686 16.787678 -15.747575 -8.042536 -9.431927 16.219154
-23.348515 9.636581 -6.301701 34.167328 -1.206265 -7.623748 7.919467 4.309119 6.309034 -12.899449 5.428742 11.098005 2.659751 -11.765949 -7.810039 -1.474926 4.220062 -1.872094 1.930127 -3.005289 13.073027 8.616381 2.690617 -28.921694 -11.620222 16.777555 -15.731141 -8.078581 -9.374107 16.252895
-23.362091 9.627146 -6.283656 34.167759 -1.166585 -7.625353 7.933290 4.324216 6.327685 -12.892893 5.421560 11.096172 2.668326 -11.775745 -7.794627 -1.456596 4.223125 -1.856272 1.939953 -2.995114 13.054797 8.585230 2.654928 -28.872581 -11.596555 16.771544 -15.749644 -8.066938 -9.370808 16.259581
-23.314606 9.638889 -6.305322 34.161816 -1.284070 -7.649013 7.824718 4.291238 6.274873 -12.973877 5.414319 11.064583 2.660474 -11.763418 -7.788654 -1.493688 4.219031 -1.859649 1.962234 -3.012780 13.020916 8.588505 2.638077 -28.850622 -11.398595 16.982616 -15.748678 -8.004115 -9.454512 16.315262
-23.321766 9.644722 -6.323200 34.162708 -1.273304 -7.657851 7.837763 4.271934 6.260837 -12.974702 5.424993 11.079601 2.655604 -11.755340 -7.801575 -1.483119 4.222951 -1.861967 1.939531 -2.998151 13.050929 8.620376 2.665941 -28.853300 -11.393940 16.983881 -15.723744 -7.982970 -9.470409 16.308380
-23.306658 9.647464 -6.321712 34.158016 -1.291065 -7.656736 7.818380 4.281905 6.269248 -12.983744 5.423023 11.076822 2.652601 -11.756433 -7.802861 -1.484589 4.224906 -1.863309 1.938997 -2.999066 13.053871 8.618085 2.659884 -28.848652 -11.392406 16.987772 -15.730363 -7.980964 -9.476652 16.321667
-23.360962 9.637506 -6.289694 34.163353 -1.264212 -7.590546 7.802969 4.242484 6.308766 -12.987761 5.415642 11.052160 2.662185 -11.757197 -7.810435 -1.491425 4.221431 -1.855300 1.924879 -2.993248 13.022644 8.622776 2.638168 -28.793898 -11.376090 17.005507 -15.770518 -7.978734 -9.467394 16.344664
-23.350052 9.628888 -6.289789 34.160648 -1.271213 -7.595044 7.843789 4.278074 6.284357 -12.974131 5.411519 11.048607 2.659301 -11.747926 -7.808902 -1.521028 4.177295 -1.861643 1.949693 -3.027902 12.978599 8.614182 2.627680 -28.797920 -11.355733 16.999739 -15.722010 -7.983442 -9.501111 16.340321
-23.298836 9.661970 -6.326963 34.160896 -1.310653 -7.644012 7.810391 4.288552 6.253083 -12.965719 5.421610 11.073135 2.664933 -11.756157 -7.805466 -1.494326 4.200691 -1.867209 1.945010 -3.019400 13.070382 8.654838 2.670039 -28.842449 -11.393972 16.981066 -15.754983 -7.970476 -9.506716 16.298506
-23.303665 9.656963 -6.332028 34.178864 -1.277126 -7.661807 7.805640 4.276688 6.262141 -12.971333 5.428352 11.079264 2.657635 -11.755075 -7.814280 -1.493806 4.208678 -1.870530 1.935595 -3.006392 13.062296 8.648591 2.626454 -28.816292 -11.395834 16.997305 -15.746860 -7.979100 -9.471309 16.283478
-23.751190 4.990763 -6.127542 28.938465 -4.772821 -4.566981 5.498658 4.283097 6.789625 -15.889418 6.690784 11.359516 4.084560 -9.897063 -7.342617 -1.760973 3.091726 -3.355868 1.661224 -1.897276 15.587241 9.362867 1.874846 -23.667078 -5.661629 17.437386 -14.311342 -1.807978 -15.930268 14.984858
-23.493179 1.330215 -5.660534 27.766922 -6.271026 -1.621557 5.312671 5.644465 7.883904 -19.350695 7.480368 10.979463 5.734385 -8.993484 -7.021817 -1.894053 2.683944 -4.112497 1.114866 -0.314729 18.884222 9.329802 2.171266 -22.859558 -4.750182 15.785861 -13.656264 1.087723 -18.786415 14.322963
-23.142059 -2.308082 -6.042505 26.965416 -6.684882 0.821778 4.775015 6.679358 8.475947 -21.913233 7.938809 11.464069 6.314924 -8.340433 -7.085260 -2.023597 2.329342 -4.331240 1.024139 0.650296 21.431301 8.155513 1.986955 -21.895727 -3.906591 13.153955 -12.720595 2.277860 -20.681965 13.854243
-22.650770 -4.820907 -7.551339 25.433718 -5.877739 2.826566 3.777535 7.434952 8.739013 -21.607038 8.625044 12.031265 5.738863 -8.194212 -6.718486 -1.360876 1.623731 -4.701654 1.218098 1.524113 22.631575 6.425971 3.175830 -22.128010 -5.634830 9.601709 -11.609288 3.273617 -21.998831 12.800461
-20.216299 -8.382175 -9.121000 22.181252 -5.439221 8.332530 5.299502 11.365479 11.211106 -18.429613 9.047924 11.266775 6.142946 -7.947845 -5.631586 -0.930405 0.869625 -5.354980 0.871844 2.459085 21.402391 5.519848 3.759292 -16.104546 -8.432760 7.258968 -11.358302 5.709116 -23.142828 9.587272
-19.762220 -10.648350 -9.926143 20.449766 -4.532215 10.789597 5.204679 11.936399 11.793692 -19.204790 9.334699 10.768111 6.061157 -7.404526 -5.154753 -1.431015 0.178023 -5.918234 0.836918 3.255574 21.320250 3.496606 3.750860 -12.977838 -8.446108 5.275162 -11.456967 6.301772 -24.137281 6.817700
-20.479368 -13.497027 -11.848463 19.569880 -4.428305 10.944316 5.731731 11.440484 11.810326 -19.436771 9.432193 10.568392 6.115050 -6.480792 -4.717641 -2.074191 -0.286074 -6.251300 1.040232 3.764307 21.755079 3.110179 3.458937 -12.345258 -8.937773 3.664485 -10.342732 7.513103 -25.076357 4.956786
-19.663536 -15.392187 -12.645150 17.207497 -3.075677 11.897155 6.995472 12.221771 12.090644 -19.629967 9.898433 10.190723 6.106151 -5.989285 -4.365316 -2.204221 -0.568736 -6.493611 0.876646 4.304978 21.675190 2.169446 3.991468 -10.854617 -10.277287 1.502488 -10.990378 7.253757 -25.470465 2.161580
-20.240316 -16.324398 -13.390506 15.914915 -0.914360 10.709172 8.261810 10.546748 12.134312 -19.871099 10.221993 10.347357 5.911179 -5.526118 -4.211195 -2.242459 -1.039618 -6.567091 0.976359 4.780670 21.564367 0.922054 4.384951 -11.237907 -9.594181 0.809357 -10.226893 7.320344 -26.080835 1.315205
-20.259701 -17.291193 -13.996896 14.457832 0.452575 11.568875 9.665668 9.770466 11.443014 -19.388573 10.418785 10.028090 5.746124 -4.861934 -3.309757 -2.515184 -1.043732 -6.915285 1.469412 4.871283 20.581339 -0.436167 3.043310 -9.834289 -9.075027 0.093603 -9.833286 7.013266 -26.585030 -0.737936
-19.715414 -18.508419 -14.312357 11.484742 2.473309 13.334234 11.564754 10.022777 10.276977 -18.742426 10.695750 9.326813 5.019676 -4.511660 -2.318911 -2.277181 -0.596690 -7.207439 1.911799 5.115167 20.072744 -2.408889 2.269772 -6.862625 -8.836618 -1.473213 -10.563313 6.217746 -26.587894 -3.316400
-18.499096 -19.585503 -14.782356 9.056354 3.533839 13.951245 12.970806 11.343486 7.512907 -17.023581 11.200320 8.075562 4.909833 -4.023717 -0.908782 -2.366958 -0.005639 -7.576356 3.391482 5.463407 18.707674 -4.581059 2.915896 -3.144320 -8.940941 -2.636048 -11.674676 6.032271 -26.401873 -6.097752
-17.382603 -20.024094 -16.075298 6.061120 4.805533 13.397635 13.856309 12.627626 3.629281 -14.507467 11.545214 7.025789 4.658378 -4.029731 0.341653 -2.995293 0.177062 -8.096504 5.297344 5.791986 17.399099 -7.937242 3.515391 1.066141 -8.825619 -3.016150 -13.172617 4.528529 -23.948145 -10.238227
-15.728078 -18.972675 -18.990725 3.605976 4.797951 10.664741 14.436419 13.236144 -0.618749 -12.142296 11.361394 5.444987 5.287157 -3.901414 1.719773 -3.892998 -0.051894 -8.033733 7.216183 6.028254 16.920181 -9.342046 5.353784 5.015227 -8.202706 -1.381368 -13.094751 3.035569 -22.287910 -15.423573
-13.508998 -17.955935 -23.257769 2.201084 1.759563 7.715238 12.369044 14.211692 -3.796052 -9.332787 10.548005 2.734486 6.249016 -3.919091 3.584388 -5.023424 -0.897503 -7.789791 9.230018 5.101865 15.859551 -9.633974 9.253445 9.439592 -7.343834 1.322200 -11.326182 1.123416 -20.140471 -19.450777
-10.117616 -14.718655 -26.947826 0.454352 -0.258862 5.714392 9.073806 14.684353 -8.342824 -6.825204 10.058469 -0.035221 7.844764 -3.988971 5.784472 -5.298962 -2.064963 -6.486451 10.174577 3.627866 14.365586 -9.611454 13.390195 12.583131 -6.309796 3.923068 -7.278053 -0.919997 -17.992435 -20.213741
-7.313810 -11.322832 -29.987648 -1.721833 -2.174337 3.194089 5.238934 14.921259 -10.965548 -5.043961 9.581498 -2.551162 8.703383 -3.744751 7.841210 -5.280221 -3.265407 -5.702452 10.420026 2.034170 14.391265 -9.845577 16.737555 15.088164 -5.553611 5.380363 -3.247821 -2.278703 -15.667962 -20.234016
-4.825411 -8.928640 -31.011354 -3.081177 -3.106359 2.890161 2.486009 15.427576 -11.861917 -4.346807 9.469155 -3.692417 8.952138 -3.500943 8.649511 -4.993794 -3.410569 -5.237910 9.822602 1.219122 15.016936 -9.712229 17.529554 17.380783 -4.927969 5.863366 -0.368495 -2.422678 -14.055532 -19.181877
-3.762488 -7.544129 -30.460169 -4.403579 -2.662117 3.140401 0.181357 16.065102 -12.248511 -4.005634 9.285823 -4.019347 8.713023 -3.415577 8.831312 -4.886596 -3.432950 -5.249057 9.386384 0.628547 15.203865 -9.080098 17.508604 18.264755 -4.875070 5.956501 0.284748 -2.332572 -13.573332 -18.295187
-9.034522 -10.022539 -30.444384 -2.273279 -0.627692 1.903986 6.762607 12.502195 -11.455093 -3.716894 9.699663 -1.935279 7.312260 -3.590545 8.073144 -5.195333 -3.840319 -4.558943 10.941893 2.593457 11.179898 -11.618758 15.382783 13.610768 -5.255115 4.663051 -1.251998 -2.686959 -15.961556 -20.056087
-11.830817 -12.849851 -28.544714 -1.386646 2.527820 2.692922 11.838153 10.344624 -10.077702 -5.314517 9.954152 0.824810 5.379039 -3.409214 7.011958 -5.124084 -3.727087 -3.963113 11.351508 3.945464 9.799245 -13.055836 12.422165 10.367795 -5.549461 2.975541 -2.676750 -2.044546 -18.394058 -21.040728
-13.371009 -14.447990 -27.421534 -1.265669 4.876434 3.069271 14.624357 9.575614 -8.832078 -6.584583 9.892220 2.327128 4.012919 -3.191308 5.847852 -5.329838 -3.234025 -4.178907 11.172062 4.583807 9.631192 -13.924845 10.412629 8.445800 -5.919722 1.550543 -3.768672 -0.584032 -19.688126 -21.427673
-16.687710 -15.378955 -24.183134 -0.608825 8.211777 4.532077 18.929661 7.257425 -6.315276 -7.818547 10.310091 5.554731 2.472695 -2.962481 4.798146 -4.985909 -2.297141 -4.255032 10.807666 5.581164 10.279660 -15.395798 5.916352 4.589794 -5.832986 -0.941444 -3.674430 1.975713 -21.590763 -20.193172
-18.480202 -15.080383 -22.279957 -0.923859 10.148375 4.721677 20.780405 5.852727 -5.523044 -8.255509 10.445698 6.635890 0.981916 -2.589823 3.900985 -5.257705 -2.331209 -3.618281 10.407504 5.858998 9.873475 -16.783964 5.129306 2.542914 -5.454566 -1.814208 -2.819551 2.900270 -22.403738 -18.882080
-20.644739 -13.923143 -20.038528 -0.690301 11.919951 5.414073 22.941145 3.823315 -4.823784 -8.721745 10.245958 7.626346 0.361296 -2.238483 3.701495 -5.258196 -2.011935 -3.242452 9.787549 6.116866 9.933969 -18.604864 3.769849 -0.309191 -5.326102 -3.321996 -1.653658 3.548748 -23.016352 -16.841942
-23.966854 -13.056902 -17.621630 -0.874041 13.627401 6.414563 24.858923 1.803905 -3.514232 -9.291082 10.090543 9.428968 -0.578806 -1.572226 3.387865 -5.222775 -1.347097 -1.933767 8.903374 6.212371 9.643863 -19.986570 2.472788 -3.562146 -5.294756 -4.949456 -1.109810 3.672538 -22.635052 -13.311881
-25.315540 -11.416140 -16.425697 -1.839805 13.734631 6.539013 24.874180 1.346313 -4.289340 -8.284363 9.852633 9.793832 -0.601007 -1.607924 3.866758 -4.728393 -0.616878 -1.134299 8.932908 6.089726 9.762181 -21.067987 1.375517 -3.645402 -5.252478 -5.050085 -0.761694 3.301380 -21.502802 -12.064324
-25.956423 -9.338688 -15.430104 -4.021283 12.807042 6.273108 24.532961 2.266202 -5.214894 -7.219845 9.845803 9.469179 -0.323416 -1.658138 4.637690 -4.051465 0.092635 -0.192119 8.915195 6.477093 9.691150 -21.895245 0.199431 -2.088719 -5.260452 -4.767669 -0.880198 1.872256 -20.112471 -12.435084
-26.633099 -8.868236 -13.898267 -4.834487 11.574235 7.045792 23.332800 3.718392 -5.640831 -6.826676 9.643872 9.607820 0.450542 -1.799200 5.171378 -3.451679 0.240876 0.406855 8.512887 7.112326 9.801906 -22.257637 -0.457247 -2.595148 -5.801404 -5.291397 -1.826484 0.352289 -19.380754 -10.718684
-26.386240 -7.730168 -13.726750 -5.440301 9.963049 7.546269 22.843525 5.043794 -6.031434 -6.135891 9.570387 9.306065 1.234105 -2.120690 5.379241 -3.029790 0.778825 0.692536 8.306630 7.512103 9.677484 -21.833399 -0.690249 -0.496379 -6.020924 -4.687850 -2.005089 -0.671635 -18.184206 -9.922767
-27.189396 -5.485460 -10.832215 -4.966876 9.451156 10.313904 22.496490 5.038893 -6.543908 -6.948369 9.453309 9.836222 2.008252 -2.018498 5.062736 -2.289459 1.642928 1.335842 7.339705 7.462387 10.801257 -22.345636 -1.283760 -1.970567 -6.368681 -5.645740 -2.618075 -0.880810 -16.955542 -5.692509
-26.307037 -4.981825 -9.658538 -4.853446 8.109230 11.493009 22.205029 6.438262 -6.821069 -6.960450 9.111146 9.384604 2.455333 -2.298876 5.120031 -2.332502 2.163599 1.578425 7.134651 7.120180 12.934823 -21.501446 -1.087172 -0.447628 -6.787206 -5.652073 -2.753657 -0.628311 -15.832512 -4.928539
-26.036402 -5.525073 -7.563714 -3.491165 6.355657 12.691288 21.870367 7.774292 -6.074456 -8.477287 8.682154 8.976917 3.442127 -2.324017 4.956321 -2.652271 2.802529 1.311572 6.730802 7.020797 15.039062 -20.754282 -1.740991 0.080188 -6.808472 -5.838953 -3.416932 -0.389905 -15.540779 -3.253453
-24.260426 -6.816967 -8.947572 -3.659901 4.505610 13.646264 21.723774 10.602874 -6.017297 -8.133591 8.445589 7.440806 4.462778 -2.775459 5.799321 -3.174820 3.143314 0.214533 7.445997 7.287258 16.911966 -20.372862 -1.405748 4.702973 -6.378548 -5.995534 -4.892008 -0.389521 -15.666230 -4.279530
-23.653189 -7.289482 -6.851139 -1.494252 1.712862 14.737340 20.155741 12.361515 -6.074327 -10.496879 8.083668 7.053573 5.722658 -2.587211 5.625902 -3.158413 4.383148 -0.720688 6.601841 7.059459 20.044727 -19.576067 -1.892704 4.652397 -7.162457 -6.812468 -6.752686 -0.940737 -13.637080 -3.217288
-22.573282 -9.063641 -9.390727 -2.211797 0.000495 14.702916 19.734730 14.602998 -6.096707 -8.447035 8.118872 6.070773 5.709680 -3.162747 6.104838 -3.141967 4.323426 -1.259426 7.074682 7.320817 19.948231 -19.162020 -1.699182 8.954524 -7.035334 -5.979752 -8.082097 -1.150507 -13.500539 -5.286404
-22.110407 -9.009577 -10.590919 -2.882608 -0.576096 14.766977 19.170427 15.139726 -6.481081 -7.462028 8.141883 5.131328 5.998940 -3.304336 6.591820 -2.929667 4.169983 -1.723988 7.138538 7.216229 19.701845 -18.684582 -1.116034 11.643558 -6.376978 -5.259204 -8.291726 -1.881218 -13.565186 -6.703452
-22.044157 -8.909462 -10.817683 -2.857928 -0.713727 14.659265 18.993290 15.179992 -6.665447 -7.313931 8.110727 5.151783 5.903019 -3.340779 6.630888 -2.915523 4.121607 -1.627752 7.210515 7.137416 19.498081 -18.813133 -1.079227 12.027089 -6.119551 -4.896797 -8.350654 -1.968795 -13.539980 -6.857356
-22.306190 -9.018805 -11.173125 -2.875664 -0.735091 14.794183 18.927429 15.074722 -6.576197 -7.216204 8.047288 5.104404 5.834155 -3.351979 6.709649 -2.950506 4.077937 -1.681327 7.260321 7.142288 19.548859 -18.819027 -0.830029 12.205322 -6.053678 -4.810341 -8.272868 -2.193227 -13.355266 -6.997932
-22.171211 -9.154842 -11.284130 -2.894964 -1.076838 14.951480 18.466738 15.204967 -6.752302 -7.164559 8.092130 5.107066 5.788252 -3.431365 6.728664 -2.869613 4.055579 -1.763610 7.276994 7.086573 19.474653 -18.779026 -0.843491 12.275578 -6.072158 -4.841774 -8.260583 -2.149646 -13.489613 -6.973625
-31.291189 0.579380 -3.818178 -3.161924 -3.358433 0.949648 21.112164 7.360031 -16.878166 -11.129198 4.529240 7.964310 1.660903 -4.441330 6.970779 -5.003518 3.834935 1.646942 8.883003 7.093933 20.880772 -24.086477 0.633077 -2.745091 -1.516264 1.320009 -4.826192 -5.605962 -8.432501 -7.091196
-28.818003 1.231896 -4.793085 -11.084775 -3.590319 1.122397 23.752649 14.304399 -13.111850 0.878942 4.535198 7.355389 0.929124 -4.482006 7.648673 -5.000539 3.655315 2.246572 8.968542 7.132140 17.890957 -25.815992 1.942831 4.189456 -6.177896 0.846979 -0.234475 -2.569582 -3.162340 -8.108971
-24.459499 -0.167327 -3.824639 -11.372866 -4.082278 1.472952 26.841894 17.358971 -11.263623 6.710288 4.674090 7.608954 1.408788 -4.564022 7.526112 -4.392902 3.607578 2.235754 8.685694 7.353232 17.820921 -24.361374 3.314155 7.212992 -10.485870 -0.305300 1.400423 0.583075 -0.641263 -8.487721
-24.146572 -0.247787 -3.803888 -11.590260 -3.653026 1.679783 27.064209 17.488106 -10.803357 7.088019 4.650920 7.494821 1.487919 -4.545467 7.493220 -4.389891 3.678397 2.268207 8.674908 7.284868 17.620094 -24.478968 3.857159 7.491539 -10.974367 -0.395625 2.079802 1.225889 -1.069407 -8.675599
-24.261992 -0.195630 -4.102458 -11.564968 -3.691927 1.232661 27.197138 17.385679 -11.043274 7.162363 4.641457 7.435928 1.553596 -4.578333 7.599899 -4.430686 3.651149 2.283298 8.843022 7.251157 17.456167 -24.323551 3.858972 7.618585 -10.922375 -0.304236 2.071439 1.120860 -0.961564 -8.955663
-24.283211 -0.111753 -4.299866 -11.739273 -3.630342 1.580962 27.093460 17.155016 -11.132569 6.917768 4.620169 7.339321 1.572026 -4.599864 7.696467 -4.396540 3.620638 2.341613 8.881391 7.265671 17.306562 -24.485647 3.790165 8.005459 -10.729481 -0.243549 1.891921 0.780229 -0.849520 -8.980680
-24.076714 -0.047263 -4.330978 -11.847910 -3.712073 1.520719 27.017250 17.333765 -11.183724 7.096348 4.578413 7.266725 1.582679 -4.591619 7.737610 -4.449416 3.537390 2.393609 8.929319 7.251738 17.357494 -24.397844 3.735387 8.125380 -10.563442 -0.156862 1.922741 0.741270 -1.023167 -9.202746
-24.210012 -0.023419 -4.643135 -11.767431 -3.860530 1.623766 26.875702 17.208197 -11.186459 7.200281 4.594903 7.199201 1.593480 -4.595111 7.828711 -4.412303 3.487440 2.343040 8.917165 7.224566 17.319462 -24.375601 3.632608 8.322242 -10.431286 -0.104466 1.730353 0.565999 -1.021308 -9.245019
-24.206516 0.137686 -4.757352 -11.725031 -3.885034 1.560645 26.850399 17.081900 -11.306350 7.286364 4.622284 7.213314 1.587874 -4.602424 7.815886 -4.392152 3.502714 2.374041 8.921527 7.255113 17.234018 -24.384108 3.747798 8.581751 -10.158474 0.105539 1.719264 0.459937 -0.966154 -9.158584
-24.256617 0.049957 -4.711272 -11.797239 -3.949255 1.846816 26.752377 16.938272 -11.135510 7.369270 4.742712 7.222799 1.547201 -4.660658 7.865003 -4.287586 3.512295 2.405759 8.939563 7.324282 16.717928 -24.474440 3.540976 8.484536 -10.077371 0.351738 1.417517 0.400244 -1.171955 -8.951557
-24.221214 -0.021224 -4.977540 -11.614674 -4.119545 1.796226 26.725567 17.115431 -11.330556 7.392162 4.774465 7.183792 1.474640 -4.662889 7.906896 -4.293303 3.539711 2.420751 9.012919 7.251994 17.419542 -24.568552 3.567773 8.705945 -9.874832 0.184456 1.900828 0.543543 -0.810157 -9.007796
-24.133881 -0.095991 -5.208966 -11.836185 -4.333560 1.811060 26.210445 17.229063 -11.458158 7.489715 4.760145 7.087993 1.533140 -4.651189 8.018903 -4.234447 3.499728 2.361624 9.019506 7.203724 16.819195 -24.577990 3.293399 8.269130 -9.670543 0.412150 1.826124 0.458622 -1.388622 -8.885094
-24.269066 0.018287 -5.173797 -11.766876 -4.361315 1.969265 26.319302 16.968023 -11.560800 7.156428 4.739253 7.063922 1.505326 -4.619177 8.025085 -4.283960 3.507675 2.342372 9.013957 7.234637 17.093044 -24.505045 3.399548 8.574763 -9.651579 0.221605 1.805718 0.353493 -1.180006 -8.749766
-24.226048 0.136772 -5.455681 -11.829448 -4.292257 1.890198 26.135040 16.760073 -11.637673 6.952100 4.661534 7.021774 1.526716 -4.615628 8.117143 -4.287581 3.389513 2.255893 9.016360 7.195415 17.060953 -24.608528 3.478386 8.647384 -9.522774 0.198748 1.971356 0.232899 -1.195737 -8.588506
-24.481590 0.094322 -5.634615 -11.789562 -4.204716 1.800050 25.812727 16.462542 -11.798763 6.629287 4.644399 6.888600 1.631088 -4.572023 8.215370 -4.310807 3.315368 2.302320 8.984986 7.102180 17.122730 -24.606241 3.334451 8.551455 -9.251517 0.197989 1.807434 0.065637 -1.338708 -8.562538
-24.561012 0.135025 -5.526698 -11.868463 -4.336388 1.697002 25.148266 16.395559 -12.055579 6.310247 4.678026 6.748445 1.676175 -4.604015 8.292286 -4.289594 3.333293 2.286991 8.940338 7.198687 17.471159 -24.550034 3.168141 8.555694 -8.975815 0.051610 1.624139 -0.047683 -1.388937 -8.441133
-24.449913 0.238390 -5.466326 -11.807265 -4.317040 1.437065 25.290653 16.517908 -12.182052 6.534136 4.695971 6.811604 1.590419 -4.550833 8.261258 -4.365982 3.338917 2.205473 8.946006 7.209463 17.611048 -25.040600 3.156844 8.551986 -8.849569 0.083285 1.952599 0.148580 -1.090282 -8.489602
-24.446228 0.374233 -5.727824 -11.738935 -4.101872 1.177391 25.291960 16.348076 -12.188880 6.372198 4.608626 6.826156 1.542154 -4.578683 8.373526 -4.458487 3.275930 2.224793 9.024449 7.270610 17.724562 -24.979328 3.313210 8.497874 -8.575676 0.216174 2.215537 0.120753 -1.155545 -8.493757
-24.397612 0.453623 -5.803365 -11.855888 -4.282564 1.113552 25.082752 16.450258 -12.247497 6.522779 4.666547 6.691898 1.612092 -4.567153 8.403214 -4.472355 3.253756 2.229026 9.037549 7.251038 17.676861 -25.261751 3.289081 8.616715 -8.541657 0.222129 2.325219 0.039748 -0.955838 -8.593603
-23.899448 0.158466 -5.612848 -12.042553 -4.427286 0.979595 25.329550 17.239386 -12.206178 7.241561 4.654104 6.580300 1.693390 -4.550744 8.468344 -4.293322 3.242639 2.191234 8.954303 7.131037 17.376255 -24.918634 3.555548 8.830473 -9.156838 0.305026 2.514547 0.311027 -0.846326 -8.899800
-22.549908 1.015555 -9.088771 -12.295512 -4.896344 0.586291 22.993446 16.853228 -13.363901 7.668385 4.716475 5.480834 2.163960 -4.370039 9.681303 -4.418452 2.659836 2.009667 9.209872 7.093826 16.562574 -25.206371 4.299134 10.433986 -7.778764 1.126398 4.030864 -0.925597 -1.195050 -9.607874
-21.892881 1.341665 -12.275775 -12.690989 -5.333807 -0.169002 20.049858 16.147604 -14.190208 7.566785 4.514131 4.253669 2.559340 -3.814610 10.613999 -4.802463 1.903509 1.992019 9.433205 6.535559 15.330411 -24.999382 5.268239 11.023897 -6.153513 1.866243 5.625366 -1.758193 -2.298890 -9.436769
-20.994688 1.902094 -14.236797 -12.109612 -5.893532 -0.239578 17.728899 15.743250 -14.585164 8.052604 4.363779 2.972242 3.420352 -3.681082 11.425157 -4.762879 1.236546 2.327061 9.332823 5.839736 14.838834 -25.259558 6.011809 11.791707 -4.986328 2.427027 6.651868 -3.036457 -2.330566 -9.808995
