1.066597 26.969130 -17.365499 16.318005 2.544840 11.311441 -4.808330 9.806373 -3.414201 5.148163 -5.096226 10.948114 4.252828 -7.338947 5.434727 -5.599288 -0.472616 0.798761 -2.927388 -7.561173 1.827312 15.069439 -10.098096 -0.017380 -29.492083 6.388218 11.389632 -16.383890 2.320456 9.702385
1.069058 26.957249 -17.391125 16.391666 2.568638 11.341687 -4.777223 9.759578 -3.429957 5.108610 -5.128278 11.013472 4.254411 -7.300652 5.423433 -5.622939 -0.471345 0.767685 -2.946330 -7.543377 1.917720 15.247106 -10.495080 -0.035744 -29.655092 6.288085 11.452475 -16.341421 2.309042 9.522261
2.304542 12.133104 -17.674759 7.394351 -2.341500 22.483934 -8.312677 13.093673 -0.676108 -7.238649 -2.241909 11.007322 7.849174 -3.637565 5.488795 -6.476477 -2.787355 -2.091287 -4.589065 -2.661844 12.500952 14.591975 -9.960939 6.595686 -21.544788 0.893558 14.430911 -3.940726 -12.273472 6.164136
2.327795 8.011401 -18.892702 7.739800 -0.432974 22.278818 -8.834380 12.722224 1.142658 -8.712217 -2.039230 11.195963 7.443902 -3.196702 5.296722 -6.806356 -3.768129 -2.560137 -4.390150 -1.567052 14.905740 13.828880 -8.922219 6.100263 -22.073969 -2.320896 14.138323 -4.534337 -13.707338 4.153620
-0.523166 4.216012 -18.778969 6.388561 1.825379 23.040472 -10.550023 11.940783 3.196329 -9.389397 2.242549 9.971756 6.199783 -3.263749 3.489664 -5.764153 -3.794901 -2.486906 -3.148206 -1.196146 14.303567 12.309937 -11.990260 5.045339 -21.439745 -5.125983 11.814670 -3.348105 -17.420357 0.788810
-2.162150 2.326424 -19.922960 3.168443 3.577727 21.169401 -12.102227 10.799212 3.506182 -9.711636 3.051450 9.671788 5.829413 -2.392820 4.291019 -5.759933 -4.056917 -3.442992 -3.178764 -1.128250 13.245391 9.792563 -9.092109 2.652879 -21.781818 -7.154663 10.750915 -3.997976 -19.044811 -0.563718
-2.736986 1.780478 -22.257071 0.686030 4.797450 17.801458 -12.211852 9.356683 3.128393 -9.581144 2.967806 9.893425 5.971091 -1.504407 4.694538 -6.440605 -4.712946 -3.298488 -2.794994 -1.693742 11.653068 7.993405 -8.609420 0.807076 -22.454744 -7.852671 14.725919 -5.087171 -18.991747 -1.502717
-4.237344 -0.055807 -22.643389 -0.265854 6.495326 15.956101 -12.234652 8.995091 4.605742 -9.630790 3.719356 9.526485 5.136902 -1.066087 4.681884 -6.320782 -4.851507 -4.161214 -2.858789 -1.487766 11.539007 7.305003 -6.473576 -0.101341 -21.516163 -8.672254 12.287789 -5.454424 -20.142519 -3.316356
-4.110356 0.115126 -24.075676 -1.091401 7.900355 12.888046 -12.356910 8.582218 4.812184 -9.302054 3.471786 9.783137 4.638420 -0.635940 5.130565 -6.494449 -5.326977 -3.865218 -2.771629 -2.515819 10.248208 7.435482 -4.618422 -0.554388 -22.326696 -8.892624 13.338288 -7.402886 -19.468103 -5.311730
-3.430705 1.228584 -26.762453 -2.040507 7.755746 8.498318 -12.731538 8.611774 4.273733 -8.275460 1.367791 9.881041 4.273828 0.460543 7.263764 -6.565546 -6.148713 -3.523590 -4.135464 -3.466385 9.738830 7.297470 -1.650640 -2.587309 -23.913233 -9.460302 16.494120 -10.440406 -17.377123 -7.137318
-4.386867 2.600470 -27.330582 -2.905345 7.891619 5.731051 -12.952571 8.165317 5.601205 -7.205897 0.400107 8.532326 4.516996 1.604610 8.676523 -6.463019 -6.097831 -2.587130 -5.433206 -4.002944 7.683797 6.269259 -0.172360 -1.722234 -23.984179 -10.712406 17.353907 -13.532057 -15.757435 -7.284304
-4.022990 6.149179 -28.682739 -3.177881 8.170950 3.139265 -14.776460 7.555503 5.961615 -5.466258 0.371119 8.586823 5.069803 1.727602 9.547205 -5.151124 -5.781605 -2.053212 -7.253357 -4.485757 2.778393 6.647776 1.225174 -1.854535 -23.004946 -8.755574 18.605053 -16.230461 -15.202379 -4.958136
-3.644119 7.529878 -29.065247 -3.439520 8.120871 2.690508 -15.548587 7.524417 5.894355 -5.346030 0.516293 8.545975 5.003329 1.552070 9.514749 -4.616968 -5.817577 -2.037314 -7.875497 -4.509149 1.395269 6.777477 2.170422 -2.364538 -22.672554 -7.539732 18.885700 -16.825577 -15.168573 -4.239586
-3.820903 7.915676 -29.037092 -3.574417 8.234349 2.358848 -15.549922 7.309796 5.975500 -5.288300 0.589515 8.532606 5.092219 1.563021 9.490399 -4.473117 -5.751993 -2.014434 -7.960710 -4.543237 1.203022 6.785153 1.944325 -2.187142 -22.600100 -7.311101 19.005196 -17.133657 -14.956451 -4.514868
-3.751779 7.968000 -29.031467 -3.561542 8.330917 2.373329 -15.660031 7.308162 5.976835 -5.372811 0.549358 8.542994 5.100950 1.544198 9.487804 -4.478593 -5.748958 -2.057950 -8.006569 -4.535465 1.173087 6.891191 1.869147 -2.290431 -22.583834 -7.283239 18.982435 -17.103783 -15.060389 -4.495601
-3.752583 7.928491 -29.048471 -3.535960 8.333185 2.347884 -15.688135 7.364929 6.016574 -5.387285 0.558776 8.544983 5.081171 1.530806 9.478928 -4.466000 -5.750148 -2.067113 -8.000670 -4.528903 1.216453 6.864658 1.848654 -2.293031 -22.557756 -7.289917 19.007471 -17.117210 -15.044382 -4.487837
-3.743329 7.924299 -29.053411 -3.533689 8.378396 2.336422 -15.704265 7.361737 5.990281 -5.380122 0.543777 8.564286 5.088003 1.552279 9.483294 -4.481902 -5.750383 -2.075960 -8.015840 -4.526927 1.188807 6.858681 1.893986 -2.276576 -22.579998 -7.276676 18.972855 -17.110455 -15.037752 -4.485414
-3.749673 7.940052 -29.033716 -3.552709 8.344848 2.359976 -15.643636 7.320518 5.970536 -5.366865 0.553813 8.552015 5.094775 1.553753 9.481812 -4.484462 -5.749766 -2.059120 -8.002895 -4.533213 1.183841 6.865313 1.894145 -2.281944 -22.582697 -7.273325 18.946688 -17.091341 -15.035454 -4.493237
-3.754195 7.947699 -29.037714 -3.570456 8.340023 2.341527 -15.662196 7.325367 5.981498 -5.370481 0.557963 8.546469 5.094877 1.548580 9.478497 -4.483960 -5.746805 -2.055894 -7.992243 -4.531854 1.217279 6.840377 1.898603 -2.285201 -22.566261 -7.294592 18.945887 -17.139269 -15.018172 -4.504704
-3.747010 7.934333 -29.027325 -3.557466 8.342168 2.348161 -15.636561 7.327354 5.972913 -5.368003 0.558589 8.548745 5.092569 1.553926 9.484966 -4.480799 -5.747364 -2.052537 -8.000909 -4.538223 1.209770 6.828990 1.881999 -2.282459 -22.582769 -7.300205 18.924047 -17.112093 -15.012783 -4.514359
-3.774021 7.948964 -29.024303 -3.569100 8.357170 2.329995 -15.647214 7.311657 5.982826 -5.363273 0.558797 8.554252 5.094591 1.554537 9.478954 -4.482319 -5.747989 -2.053950 -8.002502 -4.541980 1.192932 6.828054 1.880670 -2.278229 -22.586147 -7.302820 18.929136 -17.132462 -15.011159 -4.512224
-3.765795 7.934819 -29.019255 -3.574650 8.368915 2.337474 -15.611453 7.313604 5.989961 -5.380859 0.556731 8.563540 5.076233 1.554012 9.480059 -4.483819 -5.751370 -2.046329 -8.002232 -4.556655 1.192249 6.815983 1.889791 -2.276951 -22.577993 -7.283382 18.945398 -17.114599 -15.020125 -4.504339
-10.049569 11.129943 -26.835300 -8.511015 12.769494 2.417659 -1.307158 -0.509862 -2.906122 -4.247277 0.046334 9.426892 4.008739 3.172339 13.940741 -3.831957 -6.185775 2.910631 -5.472809 -0.401583 6.518464 -10.179760 3.876460 -7.563803 -24.521452 -14.564857 24.513319 -13.224833 -13.349300 -1.453724
-15.168271 8.110905 -20.790306 -8.977575 16.858990 8.383682 3.296638 -2.038748 0.438738 -4.142429 5.636982 7.652585 -0.072215 0.913576 11.460659 -1.120037 -3.251982 3.621145 -2.404114 1.960572 3.923227 -16.993938 4.381592 -2.108198 -15.720384 -12.356834 13.191812 -10.795821 -18.195971 2.667135
-15.424012 7.136033 -19.439779 -10.308825 16.832676 9.510550 2.525945 -1.039542 2.212425 -3.320214 5.916538 9.756398 -0.955910 0.944916 10.763060 -0.638205 -2.893260 3.012650 -3.468080 1.999997 2.851551 -15.334438 2.927160 -4.025185 -14.136570 -10.564394 11.217340 -10.473722 -21.048758 2.310848
-16.250507 6.293015 -19.155710 -10.940070 17.137236 10.074125 1.967493 -1.090531 3.417192 -3.829869 5.899210 8.919297 -0.819931 0.993116 11.013341 -1.086907 -2.470521 2.633630 -3.314572 1.931930 1.846888 -15.221456 2.549912 -1.475013 -13.535795 -10.469522 10.704602 -11.100021 -21.241991 2.317041
-16.512817 6.046741 -18.858654 -11.172523 17.215635 10.431249 1.776318 -0.958932 3.907275 -3.885925 6.229446 8.783892 -1.222824 1.018940 10.665629 -1.087302 -2.309834 2.726727 -3.341566 1.670934 1.215991 -15.296764 2.123982 -0.688193 -13.020216 -10.208482 10.418535 -10.544082 -21.332293 2.773278
-17.482090 5.526075 -18.479715 -11.779770 17.564688 11.549037 1.184911 -1.170167 4.909409 -3.921359 6.848982 8.319187 -1.295891 1.113384 10.234216 -1.246947 -2.034827 2.471385 -3.043107 1.352827 0.384841 -15.590310 1.775895 0.488171 -12.337092 -10.455588 9.861430 -11.265199 -21.580324 2.593156
-17.907635 5.080643 -18.110609 -12.491518 17.372702 11.786659 0.466668 -1.212528 5.663859 -3.998575 7.154169 8.026428 -1.212608 1.262394 10.166767 -1.559590 -1.918386 2.190086 -3.020125 1.212494 -0.433766 -15.835489 1.286574 1.535922 -11.765368 -10.707008 8.821833 -11.914134 -21.574736 2.486595
-18.678625 4.104899 -17.744690 -13.000639 17.321859 12.697776 -0.070709 -1.121375 6.476349 -3.922282 7.198282 7.903247 -1.224120 1.347464 9.929365 -1.882314 -1.612539 1.709265 -3.047735 1.069527 -1.273133 -16.136396 0.471752 3.059600 -11.073928 -10.990370 8.241470 -12.181497 -21.646637 2.988056
-19.426205 3.576802 -17.426929 -13.630839 17.478605 13.379151 -0.582946 -1.188397 7.123635 -4.052611 7.370801 7.401473 -1.153000 1.511497 9.879696 -2.077714 -1.403332 1.382777 -3.035752 0.896015 -2.185525 -16.775043 0.278639 4.165514 -10.624510 -11.367941 7.701547 -12.866791 -21.532246 3.205928
-19.682743 2.989653 -16.843853 -13.634005 17.229242 13.711804 -1.029066 -0.804684 7.708221 -4.055688 7.497695 7.073627 -1.160394 1.528058 9.815380 -2.354609 -1.133350 1.094336 -2.927716 0.749840 -2.608012 -16.674021 -0.613854 5.279712 -10.062077 -11.465584 7.497030 -12.887685 -21.351088 3.444657
-19.897512 2.508258 -16.648211 -13.851041 17.262674 14.144084 -1.621520 -0.524026 8.203837 -3.964153 7.625363 6.742377 -0.966361 1.655079 9.693588 -2.564832 -0.972993 0.841182 -2.922969 0.826092 -3.391389 -17.105989 -0.661808 5.904434 -9.803330 -11.476053 6.973689 -13.009602 -21.237597 3.625875
-20.258257 2.276511 -16.201553 -14.194971 17.404814 14.280528 -2.157105 -0.533924 8.555725 -4.026956 7.827738 6.750109 -1.029504 1.800036 9.657070 -2.578989 -0.658947 0.611815 -2.924885 0.704221 -4.184248 -17.151617 -0.954013 6.595813 -9.590167 -11.694584 6.533936 -13.312884 -21.298765 3.810610
-20.279655 1.906694 -16.020721 -14.230387 17.483587 14.405299 -2.318080 -0.492056 8.838384 -4.331847 7.843820 6.690799 -1.031897 1.813266 9.611452 -2.631797 -0.635212 0.592578 -2.935473 0.632703 -4.312712 -17.129343 -1.018602 6.580491 -9.491482 -11.686892 6.583791 -13.288181 -21.251890 3.788260
-20.422100 1.753899 -15.882833 -14.014481 17.238823 14.557049 -2.393945 -0.474789 9.013005 -4.352493 7.862855 6.707009 -1.099791 1.895065 9.568169 -2.705677 -0.531202 0.534239 -2.949972 0.600539 -4.532656 -17.216297 -1.196703 6.740169 -9.290884 -11.500338 6.514101 -13.290856 -21.254951 3.845516
-20.593037 1.799386 -15.694510 -14.120942 17.162186 14.805619 -2.435731 -0.500487 9.117562 -4.418553 7.865098 6.705484 -1.191738 1.830716 9.487230 -2.861452 -0.436071 0.461240 -2.788948 0.542572 -4.369437 -17.308365 -1.292183 7.218054 -9.044146 -11.740949 6.387383 -13.244687 -21.315491 3.809219
-20.622812 1.456102 -15.371572 -14.140484 17.254814 14.999200 -2.726957 -0.364358 9.329091 -4.533514 8.003050 6.757797 -1.236286 1.875370 9.326359 -2.890245 -0.262688 0.185179 -2.741439 0.407810 -4.705715 -17.400648 -1.717536 7.567696 -8.891010 -11.705989 6.131256 -13.313606 -21.199827 3.922497
-20.622341 1.619856 -15.255556 -14.261219 17.359854 15.191123 -2.741805 -0.331151 9.093571 -4.382837 8.002458 6.704844 -1.095905 1.923451 9.425735 -2.869644 -0.202455 0.204984 -2.734979 0.315153 -4.986420 -17.591116 -1.815605 7.963087 -8.770626 -11.780890 5.819286 -13.418414 -21.003826 3.982527
-20.743340 1.229934 -15.159631 -14.094872 17.124634 15.524588 -2.954052 -0.164973 9.217948 -4.281759 8.101990 6.691058 -1.186744 1.885743 9.338346 -2.762918 0.074815 0.063219 -2.659728 0.218500 -5.113200 -17.480646 -1.924857 8.187320 -8.689821 -11.704504 5.587377 -13.303538 -20.893763 4.109479
