-13.885660 24.869158 -20.411638 21.092150 -10.401097 -4.861931 1.617735 0.740784 5.777286 -8.384629 2.381582 2.945600 4.067960 -9.205609 -3.402916 -5.190522 -4.095642 8.660436 -2.998927 -7.059962 8.979801 5.987236 10.321437 -13.667237 -11.971235 10.978246 0.972031 -27.396021 -2.019439 20.594221
-13.879302 24.866756 -20.453287 21.148224 -10.394977 -4.838020 1.641956 0.715771 5.751002 -8.389345 2.403313 2.912744 4.062370 -9.213749 -3.495119 -5.205255 -4.165754 8.673347 -3.079194 -6.950751 9.075745 6.013147 10.332152 -13.828585 -12.134124 10.832238 0.922415 -27.432808 -2.010863 20.578033
-13.855361 24.892429 -24.656477 14.963219 -7.566327 -8.391682 4.265586 -4.085783 2.481327 -8.325970 3.186003 3.877526 1.184115 -5.435691 -2.141234 -7.134205 -7.892972 10.090321 -2.590451 -8.017297 3.884369 2.090795 11.855244 -20.739698 -11.454582 7.616174 8.607973 -28.727224 -7.242633 15.632710
-13.980561 24.373676 -23.653093 15.181651 -8.847422 -6.811721 5.034700 -4.803211 1.963264 -8.384596 3.401780 4.309976 1.622172 -5.375741 -2.424140 -6.667988 -7.620568 9.842100 -2.998214 -7.721581 4.371237 2.442521 11.367230 -19.875893 -10.720541 7.336400 7.986812 -28.001295 -7.644654 16.229673
-13.916490 25.368858 -22.709753 14.080439 -9.592871 -5.414460 5.186178 -5.422119 2.021518 -8.909715 3.832361 4.843823 1.285933 -5.322026 -3.041549 -6.620143 -7.581085 9.123696 -3.409441 -8.028739 4.188704 1.979371 10.659417 -18.242764 -9.505795 6.940028 8.212836 -27.636482 -8.908981 17.567572
-14.083982 25.486036 -22.364618 13.242138 -10.710603 -4.922945 3.899986 -4.793001 2.281349 -9.056557 4.033170 5.059506 0.961856 -5.686940 -3.465929 -6.766291 -7.399396 8.622813 -3.426149 -8.064584 5.262059 2.742520 10.152779 -16.456944 -8.455450 6.815411 8.021180 -26.456057 -10.144604 18.918137
-14.189285 25.782406 -22.182953 12.369712 -11.083712 -5.048467 3.271397 -4.579660 2.254555 -9.041878 4.060161 5.099895 0.631211 -5.851185 -3.678117 -7.039294 -7.310287 8.381050 -3.333156 -8.182828 4.943028 2.739364 10.068786 -16.283634 -7.999270 7.077764 8.511901 -25.968914 -10.576252 19.305725
-13.508773 26.373966 -21.941277 11.896813 -12.654696 -4.189842 3.450063 -4.378837 1.912124 -9.115887 3.878749 4.487521 0.682450 -6.046110 -3.849617 -7.584761 -6.955311 7.789388 -3.194892 -8.646418 5.646235 3.201765 10.349290 -16.720049 -8.128093 8.204308 8.657935 -25.140543 -9.913355 18.686649
-12.680516 26.176729 -22.091099 11.155596 -14.149683 -3.340685 3.990447 -4.526397 1.671780 -9.603775 3.640865 3.449391 1.407967 -6.109589 -3.594479 -7.785762 -6.517887 7.236241 -3.217111 -9.161987 5.805089 4.039440 10.877994 -16.535969 -7.720077 10.244524 8.368571 -24.197271 -9.541035 17.658941
-12.921078 25.872665 -22.131105 10.763205 -14.735168 -2.339406 4.742137 -5.024105 1.104050 -9.769108 3.858427 3.006896 2.425945 -5.793903 -3.317921 -7.724257 -6.105511 6.075347 -3.426498 -9.358356 6.281959 4.383207 11.297300 -15.973956 -7.102192 11.068348 8.133445 -23.815168 -9.571043 16.074398
-12.799989 25.760109 -21.828466 9.743795 -15.385780 -1.000299 4.897243 -5.435801 0.882905 -10.321030 4.103572 3.176255 2.765212 -5.549834 -2.873306 -7.521414 -6.075392 5.986133 -3.383687 -9.317978 6.374580 4.172577 11.460940 -15.554660 -6.351407 11.338066 8.346035 -23.732727 -10.022119 14.740317
-12.706254 26.558155 -21.092096 9.363545 -15.296802 0.080686 6.447872 -5.521351 0.259446 -10.893053 4.525486 3.733799 3.348844 -5.101786 -2.193783 -7.021575 -5.887275 5.575997 -3.347156 -9.352601 6.435859 5.751373 10.928718 -14.702907 -5.452455 11.606859 7.579729 -22.723558 -11.524963 14.226541
-12.677693 27.455166 -19.964691 8.087735 -14.715506 -0.016237 7.079847 -5.475854 -0.026371 -11.497368 4.519991 4.718908 3.084386 -5.144748 -1.567446 -6.400982 -5.952760 6.216619 -2.728328 -9.092251 6.012312 7.610631 10.339539 -13.844453 -5.160722 11.705605 6.404253 -22.710196 -12.410311 14.264145
-12.792626 28.331646 -19.135004 6.284583 -14.159802 -0.730659 7.471296 -5.935156 -0.542048 -11.973885 4.673477 5.056946 3.246728 -5.029237 -0.854758 -6.080438 -5.849854 6.156693 -2.379318 -9.344955 5.329467 7.940644 10.874660 -13.280333 -4.022135 13.198332 6.216826 -22.367270 -12.758751 13.954787
-12.723199 28.196028 -18.926762 5.864967 -14.358473 -0.723706 7.175682 -5.745515 -0.633314 -12.172253 4.637681 4.935768 3.302949 -4.995429 -0.682858 -6.126898 -5.668540 6.052132 -2.288132 -9.545023 4.977843 7.991085 10.746144 -13.191680 -3.631521 13.434649 6.195659 -22.057451 -13.283086 14.010955
-12.880010 28.142056 -19.005234 5.910848 -14.422998 -0.780594 7.362783 -5.846736 -0.583194 -12.175129 4.711226 4.761105 3.098644 -5.064229 -0.529032 -5.950306 -5.678529 6.037762 -2.374790 -9.564020 4.911996 7.629071 10.781581 -13.180072 -3.539402 13.434587 6.431359 -22.156389 -13.167733 13.975684
-12.706012 28.117619 -18.893343 5.737033 -14.263486 -0.816161 7.137803 -5.690760 -0.692754 -12.238403 4.633599 4.941781 3.279129 -4.997697 -0.663839 -6.125481 -5.644357 6.053625 -2.272263 -9.610315 4.802985 7.810717 10.709598 -13.143371 -3.483463 13.516750 6.335246 -22.113701 -13.257582 13.966632
-12.631527 28.122074 -18.959295 5.756807 -14.182460 -0.813303 7.163927 -5.740385 -0.612352 -12.297255 4.641379 4.923621 3.306638 -5.003149 -0.650347 -6.111570 -5.649053 6.018372 -2.266517 -9.634478 4.868967 7.640956 10.713481 -13.075351 -3.389693 13.551622 6.467083 -22.132807 -13.127185 13.982057
-12.635651 28.078506 -18.877275 5.775525 -14.182178 -0.811302 7.136257 -5.662165 -0.580953 -12.361912 4.624472 4.969693 3.275894 -4.994185 -0.630044 -6.116498 -5.643427 6.065248 -2.217807 -9.640022 4.778504 7.679619 10.704852 -13.092570 -3.381736 13.552345 6.425814 -22.177797 -13.179415 13.949486
-12.807065 28.042534 -18.944574 6.140542 -14.482016 -0.661857 7.372648 -5.765739 -0.353173 -12.263102 4.683352 4.722826 3.067888 -5.039608 -0.561591 -6.008362 -5.726318 6.028074 -2.354658 -9.514963 4.785303 7.486831 10.647016 -12.852620 -3.266874 13.456104 6.370693 -22.221716 -13.186063 14.069398
-12.744434 28.102375 -18.818369 5.905756 -14.388512 -0.724681 7.379455 -5.771121 -0.440218 -12.377042 4.713110 4.780527 3.111660 -5.036410 -0.495505 -5.925442 -5.685987 6.036049 -2.357973 -9.541809 4.971594 7.824588 10.580222 -13.078062 -3.503644 13.354032 6.370280 -22.020916 -13.242017 14.154965
-12.755784 28.047503 -18.936274 5.832199 -14.365659 -0.787262 7.305270 -5.784392 -0.464284 -12.379332 4.723695 4.786858 3.096640 -5.062137 -0.490602 -5.919508 -5.659701 5.987066 -2.351643 -9.597599 4.943972 7.796332 10.551791 -12.992649 -3.341240 13.453528 6.423047 -21.970232 -13.271914 14.109746
-13.629957 24.886044 -16.950716 2.659736 -18.004578 -0.647306 1.117808 -1.772659 0.911556 -14.417896 4.171097 2.719476 5.670863 -5.142685 -0.034670 -6.974782 -4.790082 4.214983 -1.746031 -9.083563 8.175193 6.990257 11.343793 -7.841493 -1.467014 14.896082 2.757587 -23.099852 -11.488054 11.778418
-10.845103 20.819569 -15.311042 -1.205131 -20.021751 -1.035580 -4.073530 3.192436 4.552867 -19.485949 4.725213 -0.162902 9.785188 -3.968354 -0.006899 -8.165936 -4.156770 0.545894 -2.545223 -8.192928 12.824682 3.900291 12.359302 -4.955935 1.012053 14.173883 1.880163 -22.859148 -12.047085 7.344374
-10.896535 14.583305 -17.300938 -0.995678 -17.820330 1.172032 -5.055082 4.201634 7.012471 -23.241457 5.364406 0.875724 11.013988 -2.753113 0.636759 -7.085236 -3.296577 1.862307 -3.326190 -6.712996 14.413711 6.485522 12.012120 -4.412099 1.425003 11.543701 0.466973 -21.917072 -15.913263 4.581088
-11.074650 13.870356 -17.386810 -2.174814 -17.454905 1.278181 -5.376359 4.266498 6.341021 -23.806467 5.573166 1.210289 11.046317 -2.150356 0.935010 -6.969445 -3.291541 2.308027 -3.549324 -7.026759 13.061502 6.596270 11.814542 -4.884708 1.772478 11.566423 0.974668 -22.604017 -16.871231 2.807879
-11.072960 14.335078 -17.652525 -2.391226 -17.450468 0.987332 -5.432130 3.808754 5.865805 -23.220367 5.712538 1.313787 10.844216 -1.948779 1.208304 -6.737165 -3.215405 2.533449 -3.674008 -7.281612 11.292593 6.926248 11.701900 -5.602959 1.829651 12.022261 0.780400 -23.377501 -17.176033 1.928182
-10.985160 14.209796 -18.018602 -2.443839 -16.677599 0.806378 -5.392829 3.623984 5.814193 -23.412565 5.731339 1.358309 10.765141 -1.842671 1.241323 -6.775927 -3.253569 2.683224 -3.648481 -7.309325 10.661454 6.947213 11.881572 -5.780854 1.939323 12.024094 0.732607 -23.350386 -17.567469 1.980511
-10.906425 14.361914 -17.813658 -2.294575 -17.426043 1.002309 -5.577643 3.853330 5.968589 -23.419266 5.729852 1.117731 11.000512 -1.851444 1.382034 -6.806155 -3.153657 2.588067 -3.697974 -7.477892 10.349589 7.183620 12.177739 -5.787566 1.908549 12.351295 0.336798 -23.659349 -17.595030 1.773494
-11.003812 14.712861 -17.796665 -2.494282 -17.469334 0.734405 -5.673138 3.712127 5.893282 -23.145882 5.679252 1.110448 10.922448 -1.925034 1.239811 -6.897325 -3.256193 2.350002 -3.592659 -7.510623 10.692183 6.907820 12.175504 -5.753773 1.988073 12.438957 0.641966 -23.347492 -17.390547 1.968625
-10.983373 14.500385 -17.676462 -2.660378 -17.608524 0.896144 -5.704039 3.860070 5.805765 -23.336908 5.708277 1.078272 10.982495 -1.845794 1.446390 -6.788743 -3.140523 2.637740 -3.678513 -7.495995 10.357580 7.026614 12.112835 -5.856421 1.726980 12.325572 0.411513 -23.889555 -17.253366 1.668157
-10.997848 14.545817 -17.757597 -2.606088 -17.644728 0.857952 -5.784110 3.872024 5.846046 -23.288965 5.698927 1.077231 11.008323 -1.865222 1.432591 -6.808713 -3.132321 2.680934 -3.703425 -7.524940 10.243340 7.081619 12.043971 -5.759777 1.807065 12.398507 0.291896 -23.968746 -17.226633 1.582994
-11.022799 14.350315 -17.913515 -2.454948 -17.432932 0.560932 -5.724208 3.748660 5.880332 -23.169046 5.708860 1.143495 11.007562 -1.842238 1.456389 -6.769305 -3.088772 2.724000 -3.714496 -7.505683 10.158965 7.064315 11.944903 -5.767319 1.940217 12.333845 0.290909 -23.793711 -17.482298 1.722520
-10.832227 14.325017 -17.944174 -2.395518 -17.227573 0.548470 -5.720550 3.806754 5.941369 -23.330206 5.725825 1.156227 10.964103 -1.829683 1.438742 -6.777135 -3.158139 2.804391 -3.730881 -7.536287 10.154068 7.043276 11.950462 -5.867729 1.969318 12.373026 0.430071 -23.596870 -17.662888 1.743246
-10.864879 14.437738 -17.879623 -2.492812 -17.401634 0.613186 -5.817771 3.822286 5.832822 -23.280275 5.713444 1.120287 10.996857 -1.870787 1.429113 -6.811056 -3.109102 2.775890 -3.716685 -7.523287 10.154515 7.073260 12.024432 -5.853623 1.895212 12.465494 0.283962 -23.740442 -17.525206 1.674170
-10.895745 14.768512 -17.665892 -2.518616 -17.554516 0.885244 -5.933132 3.859425 5.816075 -23.252913 5.694275 1.072768 11.038894 -1.841376 1.365471 -6.834285 -3.142368 2.670626 -3.732577 -7.573654 10.346208 7.040237 12.092257 -5.803375 1.875726 12.456920 0.405075 -23.684221 -17.384077 1.859304
-10.860407 13.938108 -18.073874 -2.512210 -16.898355 0.625537 -5.737015 3.882094 5.839087 -23.492085 5.880949 1.266954 10.881437 -1.738482 1.470091 -6.439806 -3.132372 2.902898 -3.886086 -7.275756 10.061771 7.268694 11.602130 -5.984203 1.719533 11.902349 0.426178 -23.960381 -17.790264 1.093734
-10.922663 14.220999 -17.853529 -2.436979 -17.409718 0.781126 -5.602111 3.942863 5.956588 -23.515457 5.763506 1.028132 10.915509 -1.874939 1.471060 -6.602232 -3.138391 2.751626 -3.839439 -7.455569 10.067003 7.534492 11.718539 -5.959335 1.698460 12.339334 0.162369 -24.051512 -17.505583 1.050627
-10.991754 14.419228 -17.806292 -2.469350 -17.531069 0.572533 -5.757224 3.938552 5.957577 -23.305029 5.777867 1.102085 10.957215 -1.859861 1.468984 -6.570015 -3.057263 2.779726 -3.834558 -7.525668 10.067449 7.229637 11.745711 -5.933500 1.793377 12.450459 0.281527 -23.973032 -17.471777 1.233556
-10.918839 14.390439 -17.757048 -2.580837 -17.316721 0.874239 -5.736319 3.898635 5.805674 -23.443523 5.790773 1.175673 10.956029 -1.863132 1.407155 -6.561526 -3.085878 2.694334 -3.797945 -7.436214 10.031096 7.156299 11.775463 -5.923360 1.804312 12.254007 0.385099 -24.064762 -17.476316 1.279687
