10.370934 29.515095 -6.626384 6.427153 14.088343 4.073401 -1.313366 14.128022 0.957239 -7.277467 -4.996496 10.926821 4.260907 -7.361422 5.379207 -5.557390 -0.464702 0.870635 -2.891713 -7.587970 -3.022856 15.358937 -13.033225 15.134312 -15.087032 19.037172 9.757409 -13.367238 -0.034179 9.260651
10.408174 29.525387 -6.546762 6.463095 14.155392 4.097581 -1.275812 14.131854 0.933823 -7.402521 -5.025766 10.986221 4.266591 -7.330498 5.365704 -5.578795 -0.464785 0.842704 -2.901059 -7.571070 -2.982557 15.488571 -13.464190 15.136930 -15.110855 19.049284 9.894435 -13.335422 -0.046334 9.122045
8.802434 14.133890 -10.841870 1.473409 4.855645 18.212383 -6.159489 15.992429 2.572791 -15.460472 -2.142501 10.963066 7.858400 -3.673150 5.449693 -6.444169 -2.773746 -2.010102 -4.517691 -2.714103 8.895709 14.226298 -12.255645 17.297600 -11.153298 9.554911 13.160247 -2.091944 -13.925123 6.245070
8.491868 9.822586 -12.114439 1.850397 6.809576 17.626541 -6.565380 15.519102 4.132267 -16.595427 -1.923583 11.165128 7.421041 -3.197640 5.281062 -6.756857 -3.750558 -2.495493 -4.339732 -1.580623 10.721713 12.796120 -11.234753 18.509056 -9.844692 7.978941 12.961992 -1.987454 -15.543049 3.531207
6.756613 5.912755 -10.628103 -0.782389 10.212953 17.733038 -7.918059 15.475090 6.583230 -18.602850 2.271960 9.980665 6.215217 -3.282950 3.460270 -5.741319 -3.752424 -2.504523 -3.131602 -1.096731 9.774304 12.349254 -14.707472 18.388102 -8.430084 6.426605 10.104255 -0.635024 -19.294256 -0.010157
4.168581 3.124584 -9.104869 -3.892317 14.053608 17.833656 -8.124082 14.509816 8.212747 -20.546732 3.937313 10.050753 4.916489 -2.633269 3.137439 -5.302677 -3.306589 -3.593657 -3.242170 -0.419290 7.659519 9.709491 -13.094498 17.159351 -6.601698 5.662477 6.812719 0.058335 -22.048416 -0.598912
4.030294 2.968368 -10.540996 -6.461969 15.848751 14.311810 -8.535634 13.513572 8.586591 -21.118977 4.070277 9.909112 5.202420 -1.677006 4.024576 -5.756441 -3.832195 -3.927369 -3.044716 -0.812900 6.636290 8.044296 -12.080595 16.683323 -6.439236 5.173924 8.924874 -0.852042 -22.337822 -2.039060
4.015133 2.240922 -11.557059 -9.029429 17.413576 11.027524 -8.999421 13.378833 8.667739 -21.648682 4.041215 9.576237 4.884896 -1.234509 4.294571 -6.084900 -4.430135 -4.126058 -2.844863 -1.102575 5.947809 7.393142 -11.020709 16.492825 -5.416685 5.475731 9.811234 -1.340933 -22.606852 -3.509208
4.552994 2.453594 -13.583657 -9.741467 18.007166 7.494095 -9.143682 13.054882 9.362079 -21.162977 3.555486 9.494624 4.800409 -0.901911 5.186320 -6.275129 -5.258377 -3.933908 -2.877766 -2.120615 5.230449 7.428491 -8.205037 16.374485 -5.500243 5.728261 11.026593 -2.759427 -21.996981 -4.907393
5.159831 3.100893 -16.228373 -10.466999 18.340456 3.011071 -9.402551 12.780177 8.988952 -20.472570 2.822828 9.381920 4.470568 -0.093116 6.148162 -6.500800 -5.880533 -3.165381 -3.018177 -3.528622 4.015823 7.593560 -6.430737 15.896459 -5.429986 6.531531 14.489573 -5.113231 -20.648129 -6.628741
5.588860 4.111842 -16.999725 -11.580437 18.629377 -0.242097 -9.618726 13.194953 9.520848 -19.803596 1.095128 9.242489 4.158560 1.036495 8.115894 -6.311731 -6.258207 -2.874460 -4.667172 -3.970193 1.989185 6.717375 -3.551204 16.181183 -5.914076 5.935465 15.285669 -8.576903 -18.835226 -7.542153
4.479553 6.610539 -19.084068 -10.970803 17.534044 -2.217762 -11.111517 12.422331 9.918094 -17.137663 0.294715 8.279532 4.905361 1.965762 9.620633 -5.648995 -5.799344 -1.933233 -6.690260 -4.471620 -1.311640 5.616416 -1.610304 15.626719 -6.091260 5.321196 16.093163 -11.812119 -17.830408 -5.183982
4.057802 8.932453 -20.108488 -11.466961 17.100000 -3.012127 -12.795201 11.829982 9.809011 -15.800122 0.522375 8.344875 4.942552 1.755439 9.741693 -4.673013 -5.750119 -1.811468 -7.801275 -4.605466 -3.363764 6.217982 -0.607683 14.066031 -6.387572 6.423289 16.833435 -12.995574 -17.665682 -4.430223
3.872419 9.766211 -20.384869 -11.614326 17.135462 -3.470434 -13.000468 11.327703 9.771289 -15.609404 0.476527 8.350030 4.966093 1.676075 9.702664 -4.576091 -5.784894 -1.884503 -7.963143 -4.620434 -3.812553 6.178960 -0.727672 14.108479 -6.423110 6.697863 17.114244 -13.348361 -17.486320 -4.430281
3.787948 9.922203 -20.458851 -11.552393 17.013504 -3.514936 -13.065131 11.284862 9.797299 -15.586122 0.549427 8.316750 5.058042 1.676051 9.688816 -4.489807 -5.705452 -1.850829 -7.994345 -4.590959 -3.854468 6.326823 -0.737614 14.000381 -6.451241 6.755546 17.286684 -13.416556 -17.454922 -4.497096
3.803724 9.915565 -20.453531 -11.543617 17.089394 -3.457999 -13.147707 11.302779 9.776969 -15.651936 0.529935 8.340998 5.056865 1.673558 9.675682 -4.507463 -5.700314 -1.872663 -7.997805 -4.590988 -3.892834 6.306255 -0.728956 13.958656 -6.455966 6.806878 17.275614 -13.429529 -17.506186 -4.469545
3.828382 9.857994 -20.493149 -11.483951 17.117376 -3.501892 -13.203416 11.346327 9.820703 -15.652892 0.502200 8.361945 5.052105 1.687883 9.686016 -4.514525 -5.693804 -1.902207 -8.021129 -4.576030 -3.864972 6.309335 -0.730847 13.973308 -6.482555 6.784386 17.262716 -13.399694 -17.477877 -4.464779
3.840078 9.861038 -20.484735 -11.471493 17.121229 -3.480808 -13.200295 11.354001 9.821333 -15.650969 0.519751 8.430578 5.061283 1.683173 9.646688 -4.518661 -5.696983 -1.920280 -8.036072 -4.586805 -3.885651 6.297000 -0.659001 13.958122 -6.480607 6.795454 17.210875 -13.400602 -17.493612 -4.437288
3.790836 9.886664 -20.433161 -11.519402 17.107416 -3.507958 -13.132409 11.288594 9.793160 -15.643148 0.545027 8.335217 5.074355 1.681503 9.671286 -4.506939 -5.697674 -1.857093 -7.982542 -4.600739 -3.873376 6.263030 -0.753236 13.937854 -6.432021 6.799697 17.269976 -13.438388 -17.469816 -4.471469
3.830798 9.910063 -20.452608 -11.538519 17.102274 -3.465125 -13.124837 11.299831 9.778344 -15.631939 0.505131 8.361424 5.050480 1.699587 9.700613 -4.514780 -5.698701 -1.887128 -8.023602 -4.590240 -3.869266 6.272616 -0.724468 13.988714 -6.473464 6.787810 17.284212 -13.404509 -17.447023 -4.468912
3.832188 9.937549 -20.443884 -11.534622 17.137066 -3.453578 -13.144330 11.286263 9.762998 -15.624674 0.513175 8.435013 5.080021 1.710348 9.654535 -4.539887 -5.697557 -1.900982 -8.036665 -4.606208 -3.914599 6.257438 -0.663885 13.975403 -6.476315 6.793116 17.233316 -13.434137 -17.471582 -4.456277
3.831455 9.930380 -20.419882 -11.551435 17.175001 -3.462981 -13.122773 11.273458 9.772400 -15.639828 0.511560 8.443652 5.064336 1.704690 9.646378 -4.540391 -5.701854 -1.896683 -8.034362 -4.611504 -3.912343 6.253062 -0.654376 13.972785 -6.471849 6.810569 17.232630 -13.441888 -17.475576 -4.467278
-2.290388 8.243281 -16.287912 -16.876385 21.555738 -3.094423 -8.116680 6.973293 9.084521 -16.800961 3.904294 7.795742 3.542718 2.832911 10.166648 -4.017957 -4.795303 1.589293 -4.931531 -4.153357 -5.390205 -3.072351 -2.918475 15.076156 -2.998053 4.804904 16.036734 -11.358111 -19.489105 -4.090650
-7.594133 5.931234 -13.322444 -17.403320 23.807943 2.845453 -5.378448 4.460391 9.079481 -16.342518 5.527628 7.009551 2.350856 2.783263 9.081990 -3.939942 -2.655081 1.354380 -4.345659 -1.702991 -5.562891 -8.803473 -4.262707 16.419720 -2.543111 0.680708 14.544692 -9.227340 -19.763674 0.078572
-10.509233 5.934583 -11.923872 -18.176447 24.232574 6.532669 -1.848292 2.760293 7.883920 -13.873312 6.698664 7.946271 2.665644 3.203984 8.324316 -4.264325 -2.037548 1.340233 -3.540288 -0.256833 -5.106932 -10.475623 -6.602222 15.264412 -3.067343 -0.308598 11.725781 -7.225135 -22.296862 -1.583470
-12.384067 5.241065 -10.665015 -18.614923 24.549246 9.193551 -0.336708 1.650620 7.366597 -13.362707 7.400048 9.094398 2.599772 3.528216 7.684991 -4.251236 -1.510638 1.057156 -3.210907 0.256364 -5.852985 -10.790117 -8.009891 14.135749 -3.442721 -1.610023 9.627026 -6.936778 -23.765368 -2.199615
-13.300979 4.253867 -10.320893 -19.695822 23.885277 10.655971 -0.737074 1.653055 7.834025 -13.048531 7.715018 9.271582 2.371878 3.685380 7.286161 -4.531998 -1.219587 0.272459 -3.008160 0.014071 -6.618239 -10.841075 -8.277281 14.250766 -3.590114 -2.452235 9.029607 -7.355891 -24.332485 -1.764414
-13.971040 3.276832 -9.695676 -20.048491 23.118843 11.695022 -1.896808 1.897578 8.411407 -12.551580 8.020156 9.218750 2.197447 3.753599 7.060791 -4.776119 -0.932858 0.241633 -3.005175 -0.215251 -6.805313 -11.101926 -8.907012 13.922244 -3.603684 -3.262410 8.237009 -7.740383 -24.666271 -1.795080
-14.529003 2.378665 -9.431978 -20.904631 22.703104 12.514609 -2.360289 2.059955 9.107771 -12.488914 8.340100 9.463959 2.152590 3.893229 6.614040 -4.898561 -0.715917 -0.340299 -2.948715 -0.101443 -7.461517 -10.813070 -9.341400 13.829951 -3.641262 -3.607297 7.387548 -7.928552 -25.054926 -1.956338
-14.922010 2.040778 -9.215320 -21.624842 22.434740 12.714720 -3.040914 2.024521 9.382592 -12.702579 8.536416 9.444026 2.083390 3.935528 6.481951 -4.910332 -0.400237 -0.515208 -2.883928 -0.137254 -7.909420 -10.840221 -9.909579 13.993567 -3.582485 -3.861491 7.032539 -8.189562 -25.039162 -2.003505
-15.098987 1.393907 -8.955580 -21.890041 22.234896 13.198955 -3.497500 2.108874 9.514188 -13.067915 8.633283 9.377749 2.062909 3.997073 6.476501 -4.899121 -0.331150 -0.660037 -2.943789 -0.125561 -7.956219 -10.794168 -10.008742 13.845161 -3.544923 -3.887418 7.124509 -8.135024 -25.075899 -1.818446
-15.237313 1.027876 -8.712488 -22.121614 21.928221 13.781854 -3.726321 2.278310 9.768840 -12.933500 8.656924 9.411021 1.978095 3.947196 6.302862 -5.082119 -0.194011 -0.808346 -2.801885 -0.272750 -8.150486 -10.858906 -9.968967 13.599286 -3.781780 -4.316115 6.657774 -8.245521 -25.322279 -1.782595
-15.386802 0.680781 -8.563999 -22.007071 21.886963 14.143411 -3.993477 2.278320 9.808599 -12.835718 8.741422 9.538627 1.787290 3.879228 6.138234 -5.092652 -0.040386 -1.054340 -2.712417 -0.375903 -8.502620 -10.783072 -10.253920 13.702306 -3.690879 -4.351346 6.597598 -8.376727 -25.359566 -1.739256
-15.298071 0.605582 -8.534443 -21.997028 21.867086 14.226603 -4.092931 2.359121 9.795724 -12.831682 8.736306 9.548323 1.905056 3.921355 6.113176 -5.163174 -0.016591 -1.089896 -2.683792 -0.379773 -8.553748 -10.799696 -10.177233 13.778063 -3.742201 -4.326702 6.611541 -8.348825 -25.287390 -1.753720
-15.290200 0.630024 -8.553429 -22.020414 21.839331 14.230304 -4.118554 2.363106 9.808742 -12.850647 8.734162 9.553522 1.913225 3.919953 6.116690 -5.164583 -0.014910 -1.079545 -2.689202 -0.373840 -8.557407 -10.801409 -10.179271 13.763576 -3.743757 -4.300003 6.614027 -8.334180 -25.265764 -1.749114
-15.342661 0.596061 -8.496346 -22.027632 21.852613 14.216357 -4.092821 2.358515 9.821020 -12.858970 8.739775 9.548954 1.952413 3.929313 6.143039 -5.155824 -0.037670 -1.068055 -2.679210 -0.396644 -8.591096 -10.769607 -10.129017 13.764289 -3.732996 -4.287683 6.625053 -8.401207 -25.300678 -1.761791
-15.325030 0.609226 -8.536950 -22.078245 21.858213 14.224565 -4.133081 2.370572 9.793122 -12.854977 8.729787 9.575771 1.959346 3.932237 6.119214 -5.196164 -0.049818 -1.064687 -2.665140 -0.392304 -8.483140 -10.791939 -10.358774 13.864124 -3.727961 -4.372682 6.716837 -8.378792 -25.253963 -1.682278
-15.333811 0.705880 -8.483339 -22.034063 21.834276 14.191702 -4.087915 2.324336 9.810707 -12.842415 8.767598 9.582086 1.917782 3.894515 6.106834 -5.132853 -0.052241 -1.053647 -2.657084 -0.375144 -8.554461 -10.753097 -10.168038 13.781285 -3.723361 -4.304017 6.614207 -8.383961 -25.284969 -1.773391
-15.366003 0.672190 -8.529955 -22.069948 21.857058 14.209111 -4.104674 2.314431 9.830946 -12.878809 8.764446 9.533901 1.910162 3.903271 6.105099 -5.168758 -0.073128 -1.057503 -2.641267 -0.410520 -8.529542 -10.796380 -10.199368 13.753747 -3.747512 -4.385910 6.553745 -8.374007 -25.315420 -1.775388
-15.407221 0.695626 -8.552104 -22.077707 21.874266 14.184029 -4.062769 2.267885 9.838991 -12.839876 8.768149 9.539206 1.927747 3.903045 6.091526 -5.167834 -0.065227 -1.062755 -2.659884 -0.397289 -8.508383 -10.752586 -10.199144 13.738992 -3.736455 -4.374411 6.532740 -8.325154 -25.322845 -1.818186
