9.102963 28.155434 -7.881775 4.256659 11.952640 2.855346 3.319388 15.576747 7.779579 -3.600644 -5.668654 5.609900 3.070085 -7.603133 1.221090 -7.208261 -4.159123 4.239285 -7.711090 -4.223825 4.232324 6.411068 7.439943 1.601183 2.394686 23.654181 -0.657266 -24.227392 -4.386630 20.004202
9.252459 28.170746 -7.704590 4.154733 12.131536 2.841179 3.357955 15.676404 7.819804 -3.814336 -5.645484 5.586958 3.062481 -7.613162 1.128916 -7.212823 -4.222805 4.254935 -7.798048 -4.107137 4.214467 6.435729 7.445213 1.572947 2.364908 23.679611 -0.704736 -24.235319 -4.378378 20.000713
7.365166 29.512342 -12.507548 -5.160692 17.862419 -3.016113 4.922140 9.504920 5.046143 -3.125952 -4.174646 7.002111 -0.471825 -2.612348 2.335037 -9.313784 -8.574862 5.938125 -8.317143 -5.020285 -6.372560 0.138933 7.180825 -0.135123 10.046206 26.551619 9.539290 -24.848303 -9.697775 15.401376
6.607291 29.987680 -12.680730 -6.013495 18.594053 -4.205957 4.995960 8.266680 4.875671 -2.853925 -4.029585 7.110240 -1.190056 -2.048614 2.110905 -9.517934 -8.596148 6.289757 -8.772626 -5.595906 -8.049725 0.909353 6.781297 -1.515029 10.059610 26.251837 9.719754 -25.078447 -10.864986 15.296518
6.351244 30.530441 -13.592940 -6.249542 19.236258 -5.183523 5.291199 7.059304 4.509360 -2.236493 -4.017717 7.326516 -1.925389 -1.679064 2.090693 -9.575006 -8.834246 6.722331 -8.859439 -6.222023 -9.644607 1.487067 6.628230 -2.785633 9.808905 25.690130 10.219315 -25.522364 -11.655906 15.201351
6.263451 30.619726 -13.820819 -6.363088 19.569063 -5.400658 5.399160 6.649954 4.429156 -2.158901 -4.055263 7.440203 -2.233469 -1.599942 2.121396 -9.639215 -8.947882 6.840962 -8.787493 -6.489716 -9.972164 1.437260 6.552048 -3.083734 9.883064 25.608320 10.397601 -25.475597 -11.938292 15.296746
6.106062 30.845779 -13.962705 -6.459368 20.013594 -5.808288 5.480208 6.296907 4.316812 -1.970591 -4.018815 7.513190 -2.341088 -1.571778 2.105218 -9.662847 -9.030519 6.827524 -8.725503 -6.521938 -10.276089 1.297030 6.493530 -3.248450 9.921649 25.580322 10.583072 -25.543552 -12.080948 15.478584
5.993769 30.899216 -14.102525 -6.590446 20.264801 -5.994005 5.526728 6.072564 4.287937 -1.948457 -4.039549 7.527772 -2.383595 -1.583462 2.107732 -9.650489 -8.987255 6.831696 -8.727899 -6.638754 -10.349244 1.257151 6.487116 -3.441777 9.977871 25.440655 10.712833 -25.419626 -12.432778 15.535487
6.047835 30.856825 -14.034087 -6.546803 20.149876 -5.878911 5.509122 6.177159 4.308502 -1.984167 -4.033031 7.513533 -2.366296 -1.571096 2.106004 -9.668677 -9.005640 6.826562 -8.723095 -6.577370 -10.322743 1.269199 6.492877 -3.343233 9.960548 25.473211 10.664536 -25.503918 -12.250716 15.486089
6.038090 30.858517 -14.044797 -6.558043 20.168324 -5.891966 5.513103 6.160413 4.306387 -1.983672 -4.030607 7.513177 -2.364224 -1.571183 2.105032 -9.667088 -9.004818 6.823893 -8.724776 -6.578693 -10.337625 1.269523 6.489706 -3.352520 9.962721 25.475088 10.668145 -25.503839 -12.259167 15.493898
6.037747 30.857569 -14.045295 -6.559120 20.168577 -5.891252 5.512872 6.159830 4.306791 -1.984710 -4.030840 7.512956 -2.363980 -1.571359 2.105018 -9.667062 -9.004494 6.823906 -8.724977 -6.578995 -10.337712 1.269420 6.489878 -3.353399 9.962563 25.474695 10.668464 -25.503714 -12.260313 15.493557
6.033758 30.860615 -14.048021 -6.561607 20.181437 -5.897425 5.516646 6.151958 4.302441 -1.984031 -4.030482 7.512010 -2.362734 -1.571525 2.104343 -9.667544 -9.004375 6.822548 -8.725653 -6.577569 -10.341562 1.263338 6.490809 -3.355551 9.958351 25.475039 10.671746 -25.513594 -12.254642 15.487021
6.049668 30.857155 -14.033240 -6.549270 20.154325 -5.874996 5.507527 6.177484 4.307756 -1.979570 -4.032991 7.513453 -2.366245 -1.571475 2.105542 -9.668418 -9.005417 6.826659 -8.723414 -6.577422 -10.323634 1.269760 6.491144 -3.345049 9.959935 25.473551 10.665777 -25.503412 -12.250063 15.486942
6.049668 30.857155 -14.033240 -6.549270 20.154325 -5.874996 5.507527 6.177484 4.307756 -1.979570 -4.032991 7.513453 -2.366245 -1.571475 2.105542 -9.668418 -9.005417 6.826659 -8.723414 -6.577422 -10.323634 1.269760 6.491144 -3.345049 9.959935 25.473551 10.665777 -25.503412 -12.250063 15.486942
6.049601 30.857742 -14.032853 -6.548863 20.154543 -5.875297 5.508063 6.177312 4.307359 -1.979066 -4.032980 7.513709 -2.366516 -1.571571 2.105411 -9.668250 -9.005478 6.826724 -8.723293 -6.577513 -10.322946 1.269560 6.491066 -3.344614 9.960257 25.473490 10.665750 -25.503057 -12.250854 15.487329
6.040224 30.860359 -14.042529 -6.559643 20.172379 -5.887892 5.512742 6.161018 4.304812 -1.978223 -4.030572 7.513678 -2.364883 -1.571211 2.104976 -9.666855 -9.005112 6.824275 -8.724458 -6.578727 -10.336413 1.269878 6.487747 -3.351768 9.963587 25.475094 10.668932 -25.502768 -12.260414 15.494698
6.049391 30.858049 -14.032857 -6.549055 20.155119 -5.875455 5.508483 6.176620 4.307139 -1.978971 -4.032798 7.513874 -2.366633 -1.571280 2.105597 -9.668281 -9.005648 6.826780 -8.723279 -6.577303 -10.323651 1.269361 6.490932 -3.344583 9.960804 25.473305 10.666156 -25.503344 -12.251935 15.487191
6.046025 30.860184 -14.033672 -6.550948 20.161438 -5.878994 5.513619 6.172655 4.305875 -1.977952 -4.032382 7.513612 -2.366426 -1.570863 2.106014 -9.668303 -9.005524 6.826734 -8.723614 -6.577249 -10.324152 1.264031 6.491252 -3.342854 9.954884 25.475275 10.665721 -25.517677 -12.241119 15.475419
6.049444 30.856308 -14.033069 -6.548733 20.153276 -5.875923 5.506740 6.177739 4.308012 -1.980797 -4.032829 7.513863 -2.366547 -1.571359 2.105428 -9.668412 -9.005972 6.826440 -8.722919 -6.576866 -10.323173 1.270189 6.492741 -3.343850 9.960754 25.474131 10.661898 -25.505190 -12.250814 15.484492
6.027312 30.849382 -14.028855 -6.511142 20.163183 -5.869704 5.539394 6.148548 4.348118 -1.987185 -3.965860 7.350976 -2.548508 -1.641875 2.271112 -9.480025 -9.046188 6.814088 -8.801788 -6.522731 -10.323687 1.263227 6.518238 -3.345447 9.963285 25.474726 10.656805 -25.506193 -12.254731 15.497768
6.029431 30.849869 -14.028898 -6.512306 20.165272 -5.868080 5.536954 6.149204 4.344371 -1.987041 -3.966138 7.349792 -2.548393 -1.642578 2.271478 -9.479300 -9.045900 6.813337 -8.802214 -6.522858 -10.321284 1.262015 6.520820 -3.344070 9.961861 25.475266 10.655145 -25.507242 -12.250263 15.496187
6.029431 30.849869 -14.028898 -6.512306 20.165272 -5.868080 5.536954 6.149204 4.344371 -1.987041 -3.966138 7.349792 -2.548393 -1.642578 2.271478 -9.479300 -9.045900 6.813337 -8.802214 -6.522858 -10.321284 1.262015 6.520820 -3.344070 9.961861 25.475266 10.655145 -25.507242 -12.250263 15.496187
-4.653765 26.458729 -1.650718 -6.850243 28.535944 2.801046 8.657798 4.423807 9.300323 -1.105295 1.153351 8.209496 -5.297097 -1.566173 -2.186878 -7.850104 -4.566591 7.016381 -8.793708 -5.293929 -17.768351 -2.726193 0.361528 -2.172531 6.786352 21.084753 -0.421229 -19.187946 -17.703016 17.544041
-6.950511 26.373611 1.774499 -7.543155 29.489748 4.242723 9.323610 4.499619 10.054466 0.079885 1.001353 8.330242 -6.294989 -1.390489 -2.113448 -7.668705 -3.363868 7.346318 -9.065232 -5.199043 -18.430044 -5.190962 -1.498881 -3.157247 8.171549 20.517130 -2.200961 -19.095736 -17.662893 19.252403
-8.111544 28.083878 4.518960 -7.237698 30.414583 3.844283 9.720265 4.573433 10.411864 2.519272 -0.401256 9.324867 -7.402647 -1.272821 -1.524793 -7.556732 -2.553619 7.106010 -10.121007 -4.548923 -17.478455 -6.364820 -2.692362 -4.869738 9.314737 20.945333 -3.501262 -18.176666 -17.132063 21.344486
-9.278045 29.423532 5.650400 -6.536985 31.635698 2.211892 9.618260 4.083030 10.936206 4.531810 -0.340896 9.333702 -8.464699 -1.146945 -1.667099 -7.336111 -1.740348 7.478716 -10.149362 -4.201121 -17.017082 -7.418414 -4.430280 -5.997268 9.937021 20.815855 -4.861789 -17.759195 -16.667160 22.658955
-12.784230 28.913555 6.587879 -5.769511 31.348042 1.447562 8.241846 2.909471 9.396276 7.898186 -0.550302 10.686825 -9.818428 -0.314505 -1.167232 -7.838863 0.123176 7.106677 -9.003442 -4.306705 -17.926493 -10.332617 -5.323186 -7.654595 9.602274 19.833921 -6.202051 -17.406746 -15.623309 23.166729
-15.186900 28.776630 7.103337 -5.893457 29.817667 0.648079 6.471777 1.812820 7.390205 10.637257 -0.711914 9.395602 -10.499824 0.480074 -0.457658 -8.790507 1.502633 7.176188 -8.314476 -4.410856 -18.589544 -13.524054 -5.231235 -7.226697 8.076086 18.744576 -6.355963 -15.822043 -13.375443 22.419571
-16.943623 27.918524 8.246778 -6.489555 29.360022 -0.824257 5.073930 1.760934 6.410883 12.152567 -0.423943 8.460701 -10.997024 1.285294 0.182195 -9.080483 2.479592 7.426130 -8.135625 -4.419078 -19.443789 -15.416408 -6.271622 -8.148479 6.529987 18.120005 -5.984322 -14.121446 -11.979612 22.158792
-18.105778 26.869232 9.932093 -6.693337 28.818161 -2.376743 4.653636 3.119096 6.120131 13.527372 -1.059148 8.049944 -11.223248 1.583534 0.446699 -9.565441 3.607322 7.370504 -7.881000 -4.192332 -19.149649 -16.758871 -7.973245 -8.663243 6.725394 18.178818 -5.676558 -12.549562 -10.866449 21.834530
-19.556503 25.391695 11.089859 -7.998385 27.494562 -3.471081 2.958923 4.058810 4.024350 15.486973 -0.799096 6.412317 -11.062148 2.535547 1.709585 -9.742854 5.128734 8.213143 -7.610166 -4.466877 -19.629601 -18.225271 -8.630741 -6.880553 5.261858 17.644709 -6.000192 -10.721744 -8.789974 20.900513
-20.941673 24.283712 12.026486 -9.544897 25.888470 -4.262239 0.320164 4.488353 1.750569 18.127161 -0.097490 4.814692 -11.598953 2.692820 2.808697 -9.289626 6.459032 9.193460 -5.998551 -4.996499 -19.681654 -20.549685 -9.133851 -5.542196 4.625483 17.429346 -5.143187 -8.203291 -6.709824 20.573109
-22.455561 22.487329 13.562924 -11.180722 23.396624 -5.528118 -3.005844 5.646258 -1.841334 20.289968 0.494479 3.012819 -11.233443 3.493252 3.968570 -9.611449 7.683782 9.400297 -4.567002 -5.306643 -19.237513 -23.712824 -8.469133 -3.414054 5.965367 18.170670 -5.206571 -6.903683 -3.946372 19.417242
-22.811478 19.021900 15.076938 -11.618242 20.647594 -6.423286 -3.810906 7.415188 -4.225623 21.818102 0.198498 1.346220 -10.451777 3.947929 4.775161 -9.802023 8.764259 8.609179 -3.420312 -4.176084 -18.151869 -25.638056 -8.137094 -1.399116 6.572150 18.464998 -5.551524 -4.858311 -1.484236 17.968929
-22.377998 14.924005 16.073677 -10.477957 17.762306 -7.364145 -4.354367 10.011991 -5.830204 23.457918 0.175358 0.537088 -9.491442 4.743153 5.263614 -10.447417 9.558672 7.491258 -2.209574 -3.253157 -15.333233 -27.217279 -7.791049 -0.530745 7.108848 19.464319 -5.909850 -3.153292 1.604059 15.906775
-21.219547 10.923595 17.563475 -8.296072 13.023273 -6.930614 -5.155580 13.380771 -8.093501 26.458136 0.306776 -1.464737 -8.490670 4.578742 5.775806 -10.694037 10.803944 6.547462 -0.505198 -1.763158 -10.753560 -27.950840 -5.641249 3.331679 5.646148 19.664732 -4.916732 0.052642 7.871140 14.486788
-18.322523 8.527849 18.055824 -6.497647 10.451277 -7.000710 -4.381417 16.549509 -10.104701 28.306822 -0.020042 -1.139575 -7.889396 4.324661 5.502302 -11.064635 11.632219 6.222060 0.597849 -0.454322 -8.182084 -27.066320 -4.069957 4.400517 5.125630 21.073618 -4.643509 2.860648 9.304508 13.576858
-15.268136 4.588946 19.341913 -4.414304 3.857910 -3.928165 -3.596076 21.053202 -12.813719 30.638039 -0.300616 -3.474352 -6.559828 3.135117 5.856101 -11.553309 12.563631 4.744733 2.839520 1.506063 -2.822942 -26.255236 -1.840184 8.125375 1.830506 21.213942 -6.154305 6.240743 13.495976 12.073602
-14.323579 4.276765 19.073702 -3.937264 4.106813 -4.839235 -2.864338 21.933107 -13.348264 31.204687 -0.364625 -3.153798 -6.870064 3.278950 5.539735 -11.752048 12.621391 4.648317 3.021047 2.097971 -2.047207 -26.832544 -1.584836 7.422902 2.094102 21.333418 -6.025420 7.871488 13.227289 11.574524
-13.650196 3.319784 19.077396 -3.842097 1.715805 -3.159422 -3.814725 23.074562 -13.601269 31.370152 0.030703 -4.249204 -6.013340 2.543191 5.610304 -11.533273 12.854280 4.300715 3.588221 2.609336 -0.348091 -26.054487 -0.310049 9.155088 0.415723 20.991327 -6.138458 8.693561 14.586658 10.974027
-12.738860 3.598706 18.663132 -3.639819 1.127952 -3.172130 -4.862227 24.243277 -14.119570 32.180832 0.435700 -4.597837 -6.213402 2.117537 5.374652 -11.537885 12.386641 4.460381 4.266436 2.900588 -0.180192 -25.063509 0.755687 9.868049 -0.523656 21.725565 -5.629956 9.371364 14.686617 10.150465
-13.310119 3.397829 19.060316 -3.754076 1.502758 -3.334349 -4.362334 23.649813 -13.699695 31.662472 0.260806 -4.399647 -6.065971 2.434585 5.547570 -11.510051 12.638151 4.507309 3.914380 2.775221 -0.406041 -25.689728 -0.146294 9.292644 0.035364 21.459463 -6.298568 9.100257 14.622185 10.353536
-13.070747 3.624136 16.522131 -4.159123 5.648029 -7.678707 -2.362684 22.468748 -13.213288 31.071955 -0.116461 -2.076651 -7.870357 3.475021 4.620513 -11.910280 12.139977 3.755293 2.991361 2.620697 -2.025369 -25.770250 -1.824116 4.482974 2.507751 22.417845 -4.515837 9.784987 11.294735 9.841407
-12.788398 3.523018 14.224393 -3.275018 8.767212 -10.781990 -1.697964 20.883848 -11.738915 29.590740 -0.294694 -0.267790 -8.527591 4.359807 3.677618 -12.001285 11.939638 3.103585 2.143294 2.833226 -3.676769 -25.098415 -2.309830 0.804507 3.539952 23.433189 -4.166097 9.889895 9.068758 7.820033
-11.679245 4.664190 12.512841 -3.729045 10.217836 -12.863381 -2.667180 21.841290 -10.789671 29.600965 0.305063 -0.078230 -9.553432 3.993697 2.845815 -12.209939 11.036633 2.849574 2.388599 3.200247 -4.886748 -24.379904 -1.455075 0.097510 3.153627 24.624441 -3.240883 10.118541 7.450990 6.246359
-9.355810 3.221869 10.473999 -2.307192 7.878634 -11.130120 -4.768717 24.476070 -10.951459 30.189577 1.113952 -1.542280 -9.483645 2.509532 2.227518 -12.402491 10.392372 2.006537 4.267977 4.049140 -2.992899 -22.684412 1.233892 2.789078 0.645775 25.657270 -2.825020 10.461396 8.566886 2.758162
-10.153035 1.639157 10.899163 -0.735087 8.756829 -12.231921 -4.246085 23.799902 -10.169909 29.596844 1.044892 -0.900428 -9.209430 3.052717 1.865557 -12.440101 10.636423 1.042108 3.377313 3.712967 -3.473435 -22.384951 0.604554 0.884496 1.071971 26.188213 -4.188069 10.124633 8.497109 1.456781
-11.502744 -0.718592 11.270159 1.553526 10.433167 -12.945912 -1.885710 21.593277 -8.745349 27.617102 0.613745 -0.226632 -8.224524 4.387814 1.941624 -12.342572 11.545616 0.024091 1.324599 3.384177 -4.871561 -21.591156 -3.022981 -1.637539 2.621005 26.714109 -6.151835 9.251307 8.801550 0.519395
-9.984026 -2.073537 10.678851 1.616057 9.243542 -12.219455 -2.050105 23.174978 -8.308110 27.182333 1.137910 -1.051778 -8.127017 3.730157 1.579233 -12.466368 11.314531 -0.579628 2.213876 3.655960 -3.521328 -20.785135 -1.570512 -0.175507 1.215429 27.200102 -6.420094 9.882875 9.999638 -1.486635
-11.707349 -3.198128 8.352460 3.124872 15.652392 -15.838353 0.602266 20.057793 -6.053853 24.326609 1.308419 0.435598 -8.133568 5.915903 1.409166 -11.892827 10.735661 -0.602750 -1.102639 2.510266 -8.457208 -20.881891 -4.677112 -5.252781 4.478965 27.023212 -7.535245 6.223555 6.366501 -2.540447
-12.578152 -4.877027 7.658355 4.273545 18.021410 -16.146263 1.081954 20.588417 -5.901323 22.525637 1.768886 0.734945 -7.449147 6.555209 1.749237 -11.514440 10.084703 -0.246574 -2.029404 2.575123 -10.754941 -20.841518 -5.925248 -5.516678 4.704748 26.355158 -10.046840 2.828910 5.331238 -4.806003
-13.537507 -5.786940 6.409728 3.406167 19.629745 -15.803466 0.523483 19.863371 -5.312244 20.121445 2.298740 1.492936 -7.482291 7.163970 2.398800 -10.835342 9.713448 0.914775 -3.085577 2.950189 -11.744937 -20.260174 -6.587878 -7.327231 4.580787 26.027704 -11.471194 1.050851 4.024260 -6.390350
-14.154286 -7.437890 6.729631 2.604021 18.532263 -14.308034 -0.722578 20.631449 -4.591435 18.860514 2.607909 1.449764 -6.828990 7.157634 3.055461 -10.094499 9.140423 1.595302 -3.440680 2.792556 -11.884926 -20.368067 -6.355616 -6.915371 3.889062 25.473017 -13.282085 -1.338522 3.687163 -8.714718
-14.726758 -9.024788 6.400588 1.329303 17.772848 -13.195451 -2.186048 21.747831 -4.170569 17.982347 3.016457 1.036633 -6.155879 7.305860 3.786135 -9.897135 9.019766 2.252339 -3.304111 2.470345 -11.964722 -20.471746 -6.304503 -5.464879 3.181324 24.330732 -14.420646 -3.711993 4.634276 -10.469954
-16.087215 -9.820449 6.093435 -1.761620 17.800665 -11.516667 -3.047286 22.047602 -5.268064 16.403366 3.271161 1.538071 -5.580930 8.052053 4.465447 -9.713840 8.243746 3.238007 -4.007563 2.193580 -11.254838 -21.692463 -6.738705 -4.206486 3.893505 22.473032 -16.591330 -6.718876 3.363478 -11.941130
-18.073788 -10.885415 6.355933 -3.653122 20.105196 -10.492747 -1.498023 21.208174 -5.900290 13.991977 3.141574 1.756435 -4.114798 9.019573 5.171637 -9.525881 6.485264 4.338216 -5.582045 1.751503 -10.551119 -23.062283 -7.753446 -4.589972 3.981758 18.772606 -18.241144 -9.769229 0.812917 -11.927032
-21.495930 -9.906075 7.598552 -4.947531 20.934095 -6.545954 1.475822 18.714554 -6.378227 13.905067 2.975152 0.568775 -2.598494 9.449511 6.427499 -9.619540 5.736435 4.986888 -5.731685 1.097559 -11.231405 -26.270021 -8.666967 -3.274259 3.667242 15.745048 -18.389585 -12.398976 2.018885 -8.941607
-23.456676 -8.782511 8.131141 -6.120468 21.315592 -5.028204 2.107015 17.620434 -6.900822 14.099882 3.118820 0.004054 -2.309483 9.867008 7.151291 -9.996350 5.564988 5.003036 -5.438472 0.485400 -11.767361 -27.872559 -8.728576 -2.670704 3.980610 14.678619 -17.708281 -13.317347 2.207516 -7.593664
-23.658932 -8.942738 9.235750 -5.280671 19.814753 -4.804354 2.953111 17.858313 -7.587933 15.210011 3.169348 -0.910974 -2.078070 9.725176 7.435254 -10.082192 6.028491 4.789800 -4.691724 0.533309 -11.411750 -28.340895 -8.790453 -0.735488 3.826189 15.159344 -17.259140 -12.546353 4.274514 -7.980134
-23.145269 -9.149237 10.667415 -4.746964 17.798845 -4.148962 3.120929 19.093000 -8.265496 16.631956 3.342068 -1.779224 -1.393258 9.262231 7.321081 -10.025569 6.690063 4.632689 -3.998836 0.723504 -10.552837 -28.778000 -8.764913 0.898004 3.193917 15.146936 -16.542475 -11.731563 7.046167 -7.572051
-22.698071 -8.893328 11.739288 -3.955736 16.379450 -3.528630 2.486720 19.691864 -8.973530 17.522575 3.345176 -2.402915 -1.335093 8.907852 7.321964 -10.075919 7.307150 4.501403 -3.401315 0.930687 -9.349128 -28.551420 -8.194695 2.231091 2.659455 15.097856 -15.753293 -11.057639 9.026829 -7.166433
-22.690802 -9.017570 11.520314 -3.983318 16.504519 -3.553929 2.402913 19.732565 -8.700151 17.235430 3.394225 -2.347699 -1.420576 8.910995 7.202147 -10.056005 7.162998 4.511066 -3.445050 0.989036 -9.710800 -28.778925 -8.262006 2.173591 2.800211 15.208917 -15.870708 -11.193846 8.814104 -7.290886
-17.164223 -17.760906 3.826846 -8.061592 22.018391 -8.750079 4.165732 21.663141 -9.098018 6.061495 3.834158 -0.929955 -0.646450 10.056702 3.384874 -11.279508 2.734679 1.741749 -7.645368 4.616610 -6.214265 -30.746250 -8.476699 -7.325543 5.019265 9.524877 -15.178870 -4.777748 -2.500401 -6.759253
-19.035732 -24.443041 4.145500 -14.618343 13.019711 -3.115317 -1.678246 21.724970 -8.651530 3.458871 4.804241 3.339920 1.257771 9.521181 3.713042 -9.404646 4.025292 -0.484081 -8.346012 5.497232 -6.048407 -28.300686 -8.858893 -9.180276 4.932994 9.229470 -16.224798 -4.615917 -5.962857 -6.390893
-21.268459 -27.764961 1.854182 -10.150717 6.402220 0.395108 -2.128708 21.956398 -10.667676 8.758623 5.498127 2.776329 1.543717 8.945127 3.976140 -9.383898 5.893520 -2.318717 -6.564694 5.256070 -3.869258 -30.017591 -8.560681 -8.381637 4.142578 9.998515 -15.932702 -2.340159 -1.585880 -8.133413
-19.195929 -29.392611 5.853450 -9.096054 5.234007 0.044292 -1.171204 25.806128 -11.161980 8.937082 6.063777 0.509411 1.311998 7.953326 3.172324 -9.274073 6.909224 -2.107891 -5.781707 6.759539 -1.086981 -30.615824 -6.830017 -5.780851 2.337153 10.680243 -15.111297 1.044203 4.307077 -8.621493
-19.021938 -29.405005 5.626708 -9.107436 5.262634 0.291625 -1.373391 25.703243 -11.279489 8.932331 6.093175 0.477969 1.381308 8.013199 3.199003 -9.277822 6.855912 -2.225323 -5.838628 6.833015 -0.977674 -30.545090 -6.908885 -5.963913 2.403404 10.332575 -15.069542 0.907346 4.088822 -8.606303
-19.113117 -29.338371 5.024689 -9.125499 5.177875 0.206943 -1.599667 25.342409 -11.295192 9.124832 6.135667 0.592811 1.432467 8.140669 3.204202 -9.236123 6.795093 -2.250692 -5.861026 6.801908 -1.174244 -30.804426 -7.126445 -6.101212 2.618917 10.515224 -15.293906 0.988405 3.683650 -8.636944
-19.569935 -29.286091 4.596007 -9.158381 5.113742 0.422211 -1.387764 25.164230 -11.363946 9.429094 6.087271 0.898012 1.423583 8.218078 3.266096 -9.320563 6.693561 -2.337338 -5.868373 6.508680 -1.310897 -30.897373 -7.322475 -6.190296 2.768039 10.312740 -15.248103 1.000348 3.216350 -8.677464
-19.767654 -29.293119 4.034226 -9.108231 5.336523 0.447734 -1.525505 24.722994 -11.249913 9.453618 6.038899 1.088993 1.338879 8.230776 3.431782 -9.187839 6.487472 -2.336338 -5.958419 6.354504 -1.698073 -30.828939 -7.614617 -6.552416 2.884788 10.303344 -15.600661 0.769305 2.361917 -8.692168
-20.131310 -29.157015 3.815157 -8.928946 5.743260 0.718328 -1.595336 24.353558 -11.205966 9.251120 6.010438 1.124619 1.417521 8.308298 3.498821 -9.242850 6.415912 -2.257619 -6.019082 6.154853 -1.892950 -30.648977 -7.829030 -6.697449 3.003641 10.143639 -15.521154 0.484345 1.896415 -8.476694
-20.317043 -29.165508 3.150578 -9.235435 6.171611 0.297947 -1.558162 24.120089 -10.868308 8.972874 5.948206 1.682773 1.351611 8.434779 3.386234 -9.407014 6.193584 -2.359761 -6.168458 5.901669 -2.453294 -30.458897 -7.905361 -7.309362 3.318230 10.234613 -15.411056 -0.163543 0.931336 -8.744561
-20.501459 -29.118801 3.032674 -9.203652 6.267190 0.225930 -1.787818 23.947329 -10.959182 8.961928 5.891928 1.710066 1.487135 8.469080 3.476136 -9.375753 6.184941 -2.325722 -6.186061 5.835541 -2.511164 -30.312853 -8.028531 -7.471649 3.597300 10.259603 -15.639495 -0.155983 0.450441 -8.725000
-20.595020 -29.107464 2.548990 -9.361989 6.367678 0.185617 -1.683028 23.733309 -11.010295 8.999283 5.935350 1.937735 1.478933 8.614550 3.607138 -9.347847 6.130137 -2.405034 -6.221840 5.854726 -2.602819 -30.298382 -7.978487 -7.566324 3.620590 10.089199 -15.531056 -0.475029 0.179660 -8.568051
-20.625135 -29.008463 2.263011 -9.426804 6.424727 0.146295 -1.811634 23.547232 -10.970153 9.066826 5.958386 1.915065 1.599833 8.646352 3.677291 -9.447421 6.049489 -2.588854 -6.169783 5.678245 -2.844083 -30.560450 -7.966788 -7.763252 3.663484 10.120616 -15.416327 -0.667188 0.107009 -8.731761
-20.924313 -28.772079 1.964579 -9.528882 6.378139 0.217712 -1.682296 23.029463 -10.977233 9.421564 5.979794 2.041043 1.601604 8.715965 3.796957 -9.398747 6.018785 -2.675370 -6.152534 5.607766 -3.032290 -30.526680 -8.046855 -7.763968 3.818144 10.173526 -15.551631 -0.801673 -0.072509 -8.720464
-18.638420 -29.426470 6.126373 -8.703444 5.192862 0.151841 -1.112733 26.417665 -11.115032 8.927060 6.205274 0.062837 1.561511 7.948178 3.080889 -9.254022 7.083388 -2.087004 -5.649775 7.162216 -0.034103 -30.501291 -6.212080 -4.756275 2.100956 10.760234 -14.879079 1.439303 5.339293 -8.963054
-18.862085 -29.390377 5.816775 -8.661368 5.552284 0.010159 -1.030640 25.976522 -10.948436 8.795452 6.095536 0.286640 1.490407 8.040705 3.049542 -9.367756 6.997666 -2.104018 -5.786689 6.977695 -0.321735 -30.765869 -6.609343 -5.222631 2.272881 10.475971 -14.867760 1.235501 4.740725 -8.818160
-19.041857 -29.539406 5.402073 -8.712956 5.388353 0.401980 -1.135847 25.629438 -11.123648 8.793623 6.094288 0.510847 1.374448 8.034811 3.124257 -9.350665 6.867960 -2.220500 -5.810186 6.850742 -0.643168 -30.679873 -6.848002 -5.600835 2.501127 10.506408 -15.153146 1.122569 4.075590 -8.638847
-19.176983 -29.475887 5.239720 -8.859325 5.634810 0.328130 -1.162664 25.368525 -11.014268 8.747927 6.082176 0.629027 1.284687 8.062614 3.159156 -9.268819 6.845453 -2.180685 -5.906412 6.834106 -0.921094 -30.620724 -7.141372 -6.045911 2.583336 10.508131 -15.370925 0.966353 3.666499 -8.794778
-19.431061 -29.319082 4.856902 -8.878339 5.615012 0.289036 -1.143306 25.090565 -11.290370 9.076050 6.161998 0.874771 1.349645 8.128729 3.091618 -9.262618 6.664251 -2.270989 -5.852113 6.638710 -1.036499 -30.818567 -7.184138 -6.102423 2.684116 10.465595 -15.308496 1.031080 3.481715 -8.746537
-19.709312 -29.120886 4.347803 -8.987156 5.435479 0.551459 -1.362305 24.749384 -11.132284 9.402206 6.098284 0.961901 1.346460 8.184406 3.474131 -9.164521 6.516181 -2.276679 -5.842669 6.488361 -1.427205 -30.760315 -7.377368 -6.459581 2.685062 10.354918 -15.215663 0.872481 2.834038 -8.798326
-20.059570 -29.171066 3.801100 -8.942648 5.763186 0.708669 -1.642106 24.379543 -11.193305 9.226486 6.004870 0.995617 1.383500 8.250113 3.550371 -9.182302 6.420652 -2.301379 -6.029962 6.193158 -1.868909 -30.582376 -7.869940 -6.684731 3.004340 10.168093 -15.514658 0.477121 1.914887 -8.497869
-20.388474 -29.162136 3.103332 -9.133326 6.164495 0.331810 -1.482079 24.012857 -11.183625 9.172787 5.938223 1.444509 1.360115 8.382976 3.540100 -9.265220 6.206433 -2.410343 -6.186028 5.991109 -2.280389 -30.561666 -7.844489 -7.293805 3.263463 10.295521 -15.453357 0.003371 1.112281 -8.726491
-20.577246 -29.144966 3.148117 -9.226217 6.310301 0.300418 -1.640495 23.926281 -11.100194 9.157351 5.914773 1.651892 1.273764 8.380243 3.476681 -9.282002 6.138876 -2.237504 -6.140882 5.890716 -2.430802 -30.449440 -7.945834 -7.461617 3.363491 10.256040 -15.561069 -0.068485 0.774704 -8.794414
