-0.815837 29.106281 -13.205857 19.830238 4.052950 3.739412 -8.640383 3.921522 -10.276923 -11.548632 3.770202 -1.316543 -0.332818 -11.348436 0.644344 -0.038450 -5.287543 7.683485 -4.928852 -5.594624 -2.789798 16.143908 -16.563383 15.343310 -15.341498 18.780981 10.639802 -12.917405 -0.066575 8.202463
-0.776759 29.133068 -13.227317 19.836023 4.085866 3.801899 -8.602099 3.936783 -10.281654 -11.571607 3.767202 -1.358328 -0.337438 -11.370460 0.529057 -0.074994 -5.382964 7.713272 -5.038417 -5.447392 -2.793645 16.271811 -17.028482 15.320872 -15.305148 18.832399 10.794883 -12.942391 -0.064455 8.058970
-1.323383 27.161335 -13.065907 17.616680 2.613534 4.953274 -9.579033 3.845085 -10.063363 -13.276908 4.458668 -0.931588 0.364225 -10.724285 1.134847 0.289166 -5.567772 7.056333 -5.037823 -5.040146 -1.913715 15.445297 -16.859591 16.285151 -14.018127 17.933302 11.777828 -11.338518 -2.030517 7.541699
-0.902912 27.961918 -12.967546 18.551895 2.609639 5.177096 -9.013733 3.971207 -10.287652 -12.882158 4.223733 -1.052693 -0.003921 -10.898322 0.818214 0.091229 -5.612691 7.361753 -5.101461 -5.264857 -2.270745 16.331995 -16.694956 15.863587 -14.548548 18.507593 10.902308 -11.983161 -1.399046 7.829200
-0.572416 27.158623 -12.541670 16.828777 0.997078 7.244117 -8.788758 3.974012 -10.532086 -14.179808 4.511754 -0.630495 0.352192 -10.370775 1.106180 0.240891 -5.933704 7.127707 -5.184760 -5.077434 -1.265624 17.126219 -16.856680 16.896345 -13.561402 18.267790 10.751367 -11.005120 -3.136174 7.416961
-0.381070 26.104364 -12.364205 15.863722 -0.248154 8.952843 -8.378545 4.097556 -10.816996 -15.290081 4.853413 -0.335839 0.730013 -9.744023 1.478467 0.328428 -6.286618 7.082036 -5.230158 -4.753817 -0.708192 17.707306 -16.775408 17.239277 -13.117436 17.915445 10.769732 -10.246934 -4.385923 7.027067
-0.448163 25.370251 -12.207519 15.451460 -0.608035 10.061921 -7.989914 4.043568 -10.937132 -16.009029 5.108635 0.240551 0.901608 -9.387744 1.806241 0.578389 -6.541665 7.106799 -5.188137 -4.519286 -0.050014 18.856508 -16.979418 17.792961 -12.845435 17.848873 10.217699 -9.997703 -5.307069 5.918179
-0.230384 24.988056 -12.111793 14.984439 -1.281263 11.243175 -7.205529 3.824822 -11.573555 -16.730066 5.372152 0.746765 0.891681 -9.157408 2.034576 0.914253 -6.820333 7.534666 -5.181930 -4.151953 0.393356 19.581656 -16.873499 18.189377 -12.673364 17.799458 9.888723 -9.470325 -6.094450 5.464547
0.345478 24.412178 -12.121430 15.558712 -1.495555 12.369308 -6.259677 3.769492 -11.520686 -17.419458 5.547444 1.036957 0.876574 -8.937150 2.123754 0.982605 -7.111850 7.599485 -5.214764 -3.976144 1.166415 19.651739 -16.857828 18.847393 -12.180468 17.421118 9.736360 -8.867862 -6.949748 5.251977
0.598584 23.741653 -12.453839 16.298492 -1.376680 13.077708 -5.442576 3.643082 -11.321916 -17.907612 5.619542 1.246009 0.622571 -8.819468 2.033016 0.938373 -7.445382 7.763902 -5.240713 -3.874807 1.431023 19.749584 -16.868479 19.490353 -11.498875 17.264044 9.664461 -8.402649 -7.753823 5.084768
1.332278 22.885166 -12.997478 17.285137 -1.029798 14.039914 -4.834317 3.435621 -10.891765 -18.503893 5.670564 1.078181 0.364856 -8.626522 1.627066 0.466789 -7.889634 7.398300 -5.348252 -3.823874 2.046406 19.107224 -16.859575 20.185150 -10.680634 16.944454 10.101967 -7.712376 -8.480479 5.253897
1.300091 21.792683 -13.975226 18.289907 -0.733108 13.775160 -4.747271 3.158281 -10.283031 -18.517023 5.700323 0.717069 0.376679 -8.512294 1.202040 0.026303 -8.278820 6.955435 -5.550355 -3.637977 2.613391 18.098080 -17.026083 20.985170 -9.904758 16.521849 10.772305 -7.012147 -8.935135 5.886727
1.376332 20.951199 -14.616513 19.313763 -0.018163 13.720172 -4.858473 2.970489 -9.659121 -18.552633 5.684078 0.131889 0.431254 -8.596501 0.595644 -0.493903 -8.638008 6.433057 -5.797766 -3.345533 3.019813 17.121218 -16.985201 21.725431 -9.376349 16.561134 11.532633 -6.413396 -8.973724 6.635188
1.612227 19.809402 -15.309156 20.166327 1.030449 13.022452 -5.100295 2.973812 -8.747426 -18.903399 5.615660 -0.316789 0.629705 -8.644090 0.057334 -0.823825 -8.728382 6.025687 -6.050645 -3.219460 3.620861 16.048050 -16.978092 22.030828 -8.814394 16.456915 12.687497 -5.351703 -9.327692 7.119330
1.418752 19.238569 -15.783302 20.406725 2.372315 11.587203 -5.986052 3.242044 -8.032476 -18.841042 5.614720 -0.795059 1.067901 -8.809241 -0.311436 -0.918969 -8.732800 5.623257 -6.361022 -2.863764 4.114777 15.196989 -16.802446 22.268656 -8.108636 16.631516 13.674760 -4.254600 -9.745348 7.182628
1.143049 19.320892 -15.909840 20.361559 3.353503 10.207253 -6.697427 3.607147 -7.731744 -18.460369 5.607043 -1.533172 1.720035 -8.822064 -0.340712 -1.084187 -8.627380 5.344997 -6.597918 -2.500682 4.216356 14.633983 -16.991274 22.656223 -7.368819 16.967396 14.597571 -3.305687 -10.267145 7.447607
0.643355 19.285625 -16.275858 19.733934 4.246195 8.647217 -7.635635 3.819790 -7.268461 -18.128233 5.600923 -2.104609 2.391921 -8.939756 -0.251826 -0.908887 -8.435692 5.296459 -6.853839 -2.014415 4.162010 13.881546 -16.473082 22.643318 -6.546315 17.405848 15.538201 -2.350583 -10.947335 7.270468
0.159672 19.686535 -16.465151 19.333706 4.565126 7.642637 -8.308433 4.094176 -7.079484 -17.711744 5.535436 -2.595609 2.847623 -9.070560 -0.012796 -0.806656 -8.134232 5.432976 -6.900081 -1.698372 4.234090 13.528606 -16.562841 22.973557 -5.965770 17.716288 15.969148 -1.700217 -11.327692 7.028220
-0.631633 19.940350 -16.548512 18.946079 5.370664 6.541468 -8.705158 4.108028 -7.014211 -17.384342 5.430007 -2.875103 3.532212 -9.251554 0.208481 -0.592354 -7.785953 5.789454 -6.895450 -1.005895 3.889476 12.322619 -16.569363 23.009201 -5.209263 17.768982 17.167900 -1.280319 -11.754947 6.568326
-1.198779 20.164146 -16.469896 18.976448 6.397639 5.590052 -8.839554 4.103690 -6.825042 -17.170923 5.237240 -3.154285 3.830092 -9.414728 0.341244 -0.587453 -7.604972 6.219770 -6.846266 -0.684688 3.467873 11.271587 -16.904394 23.000904 -4.651366 17.593588 18.042795 -1.207923 -12.001325 6.235281
-1.521965 20.135815 -16.193438 18.539684 6.786554 5.175953 -8.865584 4.080228 -6.866659 -17.245417 5.264345 -3.143352 3.914466 -9.404839 0.424874 -0.528360 -7.429767 6.328401 -6.866783 -0.527822 3.640291 10.900666 -17.543610 23.207756 -4.414145 17.592539 18.431530 -0.933102 -12.018079 5.791161
-1.182684 17.182274 -17.036915 16.663157 1.709602 7.974470 -12.455712 4.652185 -6.698126 -17.404066 5.324136 -2.722404 3.271904 -8.994899 0.618305 -1.135513 -7.769656 5.700377 -5.855370 -0.926299 5.455348 11.642111 -16.843414 22.173199 -6.363457 14.837444 17.034899 -1.258143 -12.049928 6.327970
-1.366291 14.781705 -16.698488 14.027012 -0.454620 12.728688 -13.388983 4.969526 -7.640785 -20.023336 5.660385 -2.419225 2.867319 -8.271722 1.050287 -1.444616 -8.317638 4.735668 -5.170749 -1.088781 8.521824 11.545044 -15.053088 19.799717 -9.233517 9.995584 17.241077 -1.173997 -13.052254 6.616292
-1.560583 14.064188 -16.283957 12.448790 -2.153185 13.897601 -13.991282 4.948220 -7.524075 -20.698690 6.104147 -1.896960 2.497973 -7.952630 1.037987 -1.440610 -8.547886 4.055864 -5.162842 -1.336131 8.219878 10.789410 -14.569602 18.962658 -9.739187 9.140646 17.500874 -1.771492 -12.502441 7.115936
-1.644363 12.965881 -16.605204 10.926008 -1.557075 14.335021 -12.855355 4.000524 -8.393620 -21.439054 6.674545 -0.680219 2.602175 -7.245636 1.649297 -0.984346 -8.491693 3.741528 -4.882721 -1.252145 9.132813 10.597595 -14.622561 18.748825 -10.014507 7.392946 17.255308 -1.974356 -13.162238 5.528782
-1.220679 9.279057 -17.902456 10.795476 0.446495 13.758319 -12.694144 4.272534 -6.935210 -23.678156 7.133883 0.424594 2.265642 -6.925692 2.210745 -0.412599 -8.776335 3.672877 -4.687923 -0.579849 10.912569 10.242759 -14.213574 19.419996 -9.139692 6.137218 17.860353 -0.737797 -15.059827 3.921275
-2.780469 4.652791 -16.036491 7.357771 5.515811 18.976681 -7.003860 6.266612 -0.952378 -18.691069 8.645211 0.843420 1.972295 -5.768402 0.866275 -0.543286 -7.878154 2.663657 -5.724562 1.730865 10.704266 7.741387 -13.950202 19.575241 -7.183310 4.343140 11.679875 2.720428 -20.394989 4.492399
-6.683571 1.443851 -13.416659 5.866983 8.838652 20.881620 -4.640092 5.137953 0.464933 -19.484207 9.709067 2.063121 1.321046 -4.702282 -0.117464 -0.748589 -6.269515 0.900214 -6.118182 4.068677 8.788016 5.092002 -13.239856 18.324642 -5.370474 3.055352 7.035080 3.689006 -23.831850 3.045002
-8.144746 -1.377407 -12.843390 4.380482 10.553953 20.521231 -3.742158 5.704618 1.452684 -18.214188 10.186511 2.296286 0.845529 -4.191000 -0.366209 -1.258789 -5.939264 -0.026117 -5.550767 4.489237 7.926831 2.756656 -11.859700 18.182690 -4.428153 2.224738 3.936134 3.108629 -24.842718 1.138577
-10.102260 -2.672691 -12.218778 3.413783 12.830221 21.508677 -3.286146 4.284989 0.668220 -16.766470 10.565639 2.569766 0.195539 -3.268405 -0.305593 -2.049034 -5.728581 -0.550036 -5.060402 4.784544 5.981665 0.171213 -10.951394 17.578274 -3.740028 1.031571 3.117401 2.851973 -25.777924 1.311857
-10.457211 -3.104205 -12.734019 2.557224 16.094564 21.191233 -2.640703 2.711806 -0.145642 -16.656025 10.703313 2.666455 -0.400496 -2.573695 -0.049894 -2.564605 -6.279316 -0.195285 -4.841616 4.895452 4.530354 -1.232605 -11.480950 16.623703 -2.973991 1.319744 4.088365 4.027350 -27.644341 -1.411555
-10.243571 -2.521669 -13.788323 2.761598 18.539396 20.446905 -0.536507 1.043771 -1.049760 -16.492195 10.660057 3.209366 -0.723355 -2.284329 -0.034082 -2.802357 -7.186610 0.337688 -4.574131 5.299366 4.002915 -1.307536 -11.584283 16.430004 -1.644606 2.409473 5.493888 4.659259 -28.326841 -3.887394
-9.714170 -0.971471 -14.775853 2.900829 19.723572 19.040579 0.108574 -0.234899 -1.585068 -16.228645 10.599248 3.696681 -1.441881 -2.311610 -0.068349 -2.520027 -7.960398 1.059346 -4.489928 5.105721 2.626503 -0.887421 -11.894551 15.240961 -1.108301 3.784142 7.496950 5.111435 -29.023443 -4.146462
-8.954247 -0.702652 -16.141260 3.049183 19.167421 17.909605 0.072645 -0.399815 -1.935270 -16.103024 10.236159 3.661400 -1.189545 -2.416383 -0.053912 -2.509794 -8.383402 1.378347 -4.572966 4.880194 2.733524 -0.420470 -11.426945 15.104589 -1.029197 4.354721 8.569407 5.133560 -28.576210 -4.664581
-7.925012 0.865217 -18.289385 3.579822 19.109934 14.224294 -0.251509 -1.510721 -1.976376 -16.338888 9.772208 3.799141 -1.547735 -2.163811 0.126021 -2.830936 -9.465263 2.542745 -4.857378 4.144234 2.222916 0.728071 -10.697224 14.158925 -0.497889 5.850003 11.577262 4.924122 -28.375866 -4.616241
-11.953259 1.236987 -13.553868 7.733033 19.964998 20.890017 -0.430601 -6.560589 -2.167450 -16.060385 11.899419 6.495057 -4.297937 -2.494539 -0.118974 -0.084851 -7.490542 1.904625 -3.484722 2.601912 -4.386716 -0.614928 -9.044192 12.207290 -2.323622 6.691725 6.684485 9.345462 -30.983013 -1.325396
-7.475547 3.694015 -19.665548 4.544374 19.004198 13.121230 -0.810452 -3.684525 -4.125780 -16.793137 9.569321 3.940640 -2.523959 -2.708129 0.130877 -2.484617 -10.615633 4.260003 -4.202271 3.081718 0.808946 1.807385 -12.178743 13.227626 -0.802929 7.408264 15.105374 6.131954 -28.229971 -4.375799
-5.171845 4.496270 -22.875662 3.499216 17.651093 8.868060 -1.388295 -2.473012 -4.861198 -16.325144 8.612533 2.496517 -1.599138 -2.881069 0.675581 -2.932389 -12.078159 5.645647 -4.633869 2.508369 2.816981 2.216767 -10.512278 14.189776 -1.027931 7.717381 18.745611 4.321192 -26.236534 -5.337806
-5.034575 4.446329 -22.926975 3.341161 17.623453 8.424314 -1.222207 -2.154352 -4.780098 -16.365274 8.429728 2.211557 -1.405947 -2.860187 0.643427 -3.195978 -12.228376 5.628977 -4.652304 2.530501 2.804470 2.074545 -10.102994 14.148890 -0.869387 7.831822 18.938639 4.041089 -26.020714 -5.339181
-4.109680 4.968296 -23.900612 2.955153 16.859007 7.198061 -1.804679 -1.788136 -5.542407 -16.131105 8.184723 1.933048 -1.361578 -2.967746 1.026239 -3.068896 -12.505322 6.161486 -4.447040 2.238929 3.120925 2.963179 -11.212182 14.460301 -1.034501 8.449112 21.502932 3.626961 -24.992802 -5.796430
-4.513854 6.970194 -25.789221 4.757526 14.859178 2.598031 -3.262805 -4.492208 -9.433897 -20.006777 7.591157 1.312678 -0.769240 -2.939257 1.587444 -3.205839 -13.444500 7.053348 -4.304706 1.312300 3.673050 2.997287 -9.731992 15.270516 -0.910965 9.147063 25.159986 2.345688 -23.139936 -6.117785
-4.686213 7.414730 -26.359631 5.106778 13.906179 1.525551 -4.081352 -5.262899 -10.606830 -21.559294 7.515849 1.196539 -0.635354 -2.846430 1.671976 -3.274582 -13.535862 7.272120 -4.388772 1.174070 3.876812 2.682211 -8.297511 15.328801 -0.652612 9.267479 25.390308 1.881760 -22.832705 -5.724089
-4.247710 4.256742 -24.376516 5.227870 10.324234 2.377037 -10.021548 -1.343412 -8.221546 -23.585661 7.476734 -0.777884 1.637098 -2.962658 0.893723 -4.208650 -12.625900 4.901575 -5.416244 1.080372 6.267120 4.214373 -5.193138 17.147282 -1.948454 6.841731 22.543798 0.037066 -21.480339 -0.595021
-5.101605 4.909434 -25.241585 2.270359 12.067487 0.125242 -8.902860 -1.742711 -5.474700 -21.258915 7.537036 -0.383306 1.072647 -2.058431 0.784515 -4.940404 -12.574865 5.341849 -5.137179 0.406194 4.023474 3.951935 -4.653017 16.870998 -2.103724 5.691757 23.177824 -1.425837 -21.988012 -2.549128
-5.926752 5.871161 -26.446733 0.379875 13.060069 -0.596561 -8.009778 -3.093558 -4.666805 -20.009796 7.574622 0.217278 0.579370 -1.287119 0.681593 -5.513723 -12.526667 5.633047 -5.209941 -0.491808 0.448638 1.940024 -3.851302 15.031096 -2.099701 5.934741 23.101492 -2.628566 -22.465818 -2.991187
-6.748931 7.259668 -27.220232 -0.152561 12.240912 -3.976562 -8.757473 -3.814193 -4.775842 -20.428375 7.258953 -0.107189 0.866534 -0.645389 1.116533 -5.616993 -12.708286 6.674633 -5.514456 -1.583923 -1.518178 1.272506 -1.605957 12.911342 -3.078777 6.340339 24.395746 -4.098197 -21.785334 -3.046202
-7.576859 8.440454 -27.543415 -1.078205 11.967050 -6.104819 -10.074151 -4.402653 -5.246655 -20.822458 7.308138 -0.221498 0.972863 -0.130480 1.587140 -5.514072 -12.116245 7.847186 -5.722364 -1.966302 -2.553965 -0.405041 -0.183266 13.149131 -2.798529 6.610886 24.149473 -5.725159 -20.465479 -3.135647
-9.120174 9.708046 -26.963449 -2.858971 11.167421 -6.881920 -9.875352 -4.420306 -5.088100 -20.582510 6.978021 -0.781236 1.319222 0.197988 2.711130 -5.017951 -11.232262 9.019437 -6.162594 -1.929663 -2.915589 -3.418788 1.238340 13.334771 -2.940055 5.638376 23.262188 -8.147078 -19.288008 -2.150170
-10.572778 10.811633 -26.003168 -4.197884 10.293953 -6.953894 -10.323855 -3.826306 -6.078076 -20.109346 6.761053 -1.356169 2.054842 0.132080 3.465417 -4.529892 -10.537714 9.639610 -6.566315 -1.722869 -1.953398 -4.932389 2.246909 14.169917 -2.792467 5.800978 21.056242 -10.083344 -17.703621 -2.402390
-11.553223 12.509884 -24.836523 -4.658850 9.731581 -7.438973 -10.817377 -2.905045 -7.063657 -19.474771 6.484967 -2.086284 3.205311 -0.271616 4.110924 -4.339311 -10.035614 9.909052 -6.485931 -1.731300 -0.478083 -5.089808 2.755942 15.654792 -2.914618 6.508979 19.147322 -11.429980 -15.734355 -3.519069
-11.543376 14.305667 -23.636305 -5.317907 8.362556 -7.508644 -10.939921 -1.600975 -7.731640 -18.492914 6.458668 -2.332728 4.368622 -0.486806 4.592165 -3.519837 -9.458050 10.566755 -6.624774 -1.342754 0.461440 -5.868056 2.308263 17.545074 -2.956008 6.344875 18.301651 -12.090623 -13.787580 -2.479264
-12.027377 13.517886 -22.191589 -4.870340 6.371070 -6.558442 -10.909161 0.269336 -6.784164 -19.019089 6.545799 -2.324034 5.567569 -0.742734 4.750895 -2.487522 -8.650845 10.950982 -7.046439 -1.022888 0.788358 -6.035936 1.387128 19.340179 -3.552953 6.154708 18.095701 -13.272399 -12.047475 -1.307107
-12.195505 14.005072 -20.704388 -5.092209 4.392332 -5.224223 -9.905305 1.649933 -6.600707 -19.630369 6.802257 -2.374841 6.851016 -0.942687 4.604221 -1.395991 -7.976346 10.954455 -7.757943 -0.252105 1.654558 -6.550830 1.683008 21.047825 -3.191523 5.769998 16.359896 -14.857263 -11.487329 -0.895002
-12.866405 13.404945 -20.005594 -4.581962 2.628068 -3.305436 -10.552014 2.480277 -6.767479 -20.532427 7.049649 -2.427162 7.913242 -1.375436 4.246526 -0.782501 -7.422289 10.614902 -8.205111 0.670816 3.282613 -6.173725 1.126060 22.072134 -3.752310 4.504743 14.592982 -16.053194 -10.351064 -0.571809
-12.793277 12.616861 -18.564726 -4.405266 1.304301 -0.478319 -11.006816 2.554039 -6.086080 -22.663248 7.165425 -3.225834 9.099032 -1.732769 3.846112 -0.657566 -7.021878 9.801369 -8.586690 1.843548 4.665431 -5.431638 0.681281 25.075872 -3.485206 4.043567 11.694571 -16.562613 -10.022289 0.428239
-12.789667 12.471721 -17.215811 -5.556785 -0.740706 2.448872 -12.341588 1.902492 -5.032877 -22.913382 7.083222 -4.001781 9.909932 -1.919817 3.140375 -1.258326 -6.613256 8.356466 -8.825183 2.320065 7.032096 -4.741254 0.064039 27.612032 -3.856085 3.110722 9.266392 -16.754278 -8.836533 1.788439
-13.005569 12.569056 -16.064014 -5.956396 -1.864853 3.722082 -13.485155 1.487116 -4.682776 -22.582140 7.036719 -4.409799 10.409514 -1.978208 3.056134 -1.430092 -5.999501 7.491203 -8.860700 1.833991 8.976111 -3.678581 0.504796 29.559917 -4.204119 3.462458 7.012108 -16.372694 -7.812781 2.759774
-21.080395 6.128869 -6.078600 -6.567474 7.309021 19.103378 -10.056419 1.247819 8.577138 -13.867249 11.049630 1.611502 4.783196 -0.489020 2.663382 0.729413 0.719271 2.604124 -7.741922 1.261685 -4.318353 -5.702895 -7.110453 20.601452 -6.871234 -0.577044 -3.688083 -9.992764 -17.184181 5.518227
-18.524738 7.357533 -7.707914 -8.091239 7.477147 15.690183 -9.332479 3.019267 7.221231 -14.886194 10.360118 0.635016 5.805238 -0.797391 2.583286 0.002327 0.030263 2.778132 -8.274387 2.092726 -1.237691 -4.747487 -5.391020 21.578819 -6.992324 -0.509505 -3.252326 -11.325119 -17.043243 3.373778
-21.038860 3.073852 -4.972786 -7.226694 7.682990 19.836630 -8.738796 4.389403 10.986865 -12.251934 11.219909 2.557366 3.827391 -0.362266 2.480366 -0.009766 1.178831 1.875492 -7.127882 1.307628 -4.790734 -5.229494 -7.580220 18.649525 -6.629940 -0.428573 -5.248643 -7.639541 -18.614141 4.514705
