-5.076012 23.959702 -18.161085 9.794039 -4.101532 0.372730 9.197215 11.015208 17.413609 4.777468 -4.377170 1.339564 -1.276076 -9.759028 5.324960 -2.078801 -5.412116 3.225552 -9.645671 -2.827080 6.294422 13.076337 -16.431587 1.913175 0.905816 22.678091 8.868356 -21.987621 -3.839421 12.579144
-5.140506 23.962883 -18.179842 9.868342 -4.063634 0.347039 9.395194 10.970544 17.509119 4.719387 -4.404897 1.321187 -1.297187 -9.766086 5.308433 -2.076503 -5.438696 3.203628 -9.709570 -2.774106 6.748736 13.418694 -18.013794 1.669059 1.208665 22.729681 9.550914 -22.259132 -3.728359 12.240600
-3.504961 23.867496 -19.186464 4.688260 -4.620976 1.624983 11.179619 7.900270 15.706210 3.229455 -3.260453 2.281695 -1.946632 -6.565543 6.153194 -3.217787 -8.053156 2.253267 -9.620747 -3.851583 4.860723 9.797556 -16.286272 0.374002 3.586459 20.671587 14.174889 -21.199787 -8.088553 10.150111
-4.083868 24.552868 -19.664009 1.847401 -4.772190 1.098834 10.934263 6.478079 14.604502 3.378845 -2.647660 3.722822 -3.137866 -5.594692 6.344609 -3.389076 -8.853888 2.458117 -9.429555 -4.288585 2.842753 8.299407 -16.293882 -0.643052 4.580587 19.044678 16.497908 -21.016315 -11.243224 11.130832
-4.906019 25.866125 -19.958235 -1.452416 -4.681134 -0.957197 9.587522 5.765312 13.999770 3.947416 -2.630058 3.588233 -4.553974 -5.550683 5.453248 -4.515993 -8.377497 1.922254 -9.732407 -5.039740 1.002996 7.733312 -15.990453 -3.497217 4.127842 18.313225 18.923964 -20.538919 -12.155779 12.472432
-5.052051 25.998466 -20.854790 -3.448866 -5.237247 -1.786042 9.179770 4.456799 13.664497 4.446650 -2.928662 3.230759 -5.487662 -5.267433 5.327085 -5.952505 -7.432885 1.048570 -9.053588 -6.569628 -0.007166 8.259382 -15.498357 -6.260912 3.270808 17.917198 20.405821 -20.218130 -12.389908 11.858087
-5.342308 25.786980 -22.452307 -4.341085 -3.994112 -2.824163 11.051782 2.680787 12.507268 4.868657 -3.167298 3.885665 -5.934110 -4.663917 6.121185 -6.072162 -7.729569 1.721142 -8.308206 -7.235760 -1.713347 9.746309 -15.220073 -7.766586 3.210099 18.872316 20.292234 -20.697611 -12.620905 9.622383
-6.487869 25.912418 -22.745218 -4.876588 -3.135248 -2.625911 12.554626 1.750553 11.665204 4.948290 -2.989472 4.616863 -5.642807 -4.093797 6.834307 -5.285943 -8.268158 2.562561 -8.226991 -7.178349 -3.370082 11.166088 -15.105281 -9.093776 3.800227 20.140892 20.407530 -19.849777 -14.131239 8.128209
-7.109664 26.065491 -23.142519 -5.198760 -3.147153 -2.733106 12.462958 1.329249 11.193499 5.398654 -2.939346 4.695776 -5.498359 -3.819294 7.083960 -5.232267 -8.139944 2.514441 -8.182029 -7.625636 -3.894710 11.596395 -15.118073 -9.513012 3.722339 20.119257 20.227865 -19.897520 -14.601086 7.010055
-7.092652 26.059143 -22.903833 -5.748821 -2.973619 -2.856157 12.593259 1.232656 11.015853 5.289326 -2.893356 4.673172 -5.673601 -3.593128 7.138902 -5.252450 -7.888913 2.603181 -8.421144 -8.066067 -4.895171 11.627281 -15.155386 -9.764150 3.634854 20.138021 20.219246 -20.959135 -14.441403 5.757817
-7.284669 26.333126 -22.557287 -6.491287 -2.902630 -3.365962 12.364625 1.316729 10.558120 5.453025 -2.914354 4.511024 -5.745972 -3.519356 7.300406 -5.176919 -7.568398 2.841438 -8.509860 -8.287081 -4.872881 11.272326 -15.007388 -9.652846 3.750102 20.234291 20.274174 -21.569395 -13.916124 4.709615
-7.820688 26.408497 -22.584913 -6.930024 -2.847472 -3.816088 12.159272 1.495611 9.883330 5.898529 -2.997575 4.209055 -5.743258 -3.473954 7.405650 -5.242276 -7.510510 2.968181 -8.485838 -8.443678 -4.889655 10.947052 -14.933246 -9.309222 3.928487 20.414656 20.263014 -21.963701 -13.387703 4.063885
-8.077901 26.404902 -22.888523 -6.965147 -2.544710 -4.109625 12.718360 1.168268 9.350301 6.072172 -3.128515 4.052446 -5.717493 -3.449793 7.667475 -5.251889 -7.503768 3.299653 -8.339700 -8.440294 -5.203655 10.566960 -14.810030 -9.090602 4.091349 20.721498 20.403906 -22.426382 -13.176279 3.436856
-7.966128 27.134237 -22.878069 -7.203127 -2.588460 -4.269293 13.556576 0.512022 8.911179 6.282569 -3.197840 3.861682 -5.610214 -3.286233 7.930854 -5.128306 -7.399099 3.593917 -8.341553 -8.560883 -5.688570 12.072069 -16.660606 -8.371844 4.472882 20.910040 20.267550 -22.719301 -13.845966 2.368374
-7.375192 27.764870 -23.415251 -7.412440 -2.760045 -5.047595 13.531404 -0.278889 8.741022 7.085615 -3.310492 3.656602 -5.724357 -3.235871 8.328652 -5.064438 -7.105795 4.108607 -8.372310 -8.969268 -6.344379 13.971722 -16.879028 -8.708846 4.641663 20.950567 19.280174 -22.312998 -15.108026 2.068842
-7.235047 27.787020 -23.761198 -7.618384 -2.651356 -5.635840 13.358527 -0.644448 8.810395 7.338825 -3.347516 3.633730 -5.761402 -3.120314 8.455955 -4.987540 -6.967339 4.271205 -8.425648 -9.206911 -7.073187 15.236194 -17.037153 -9.091418 4.734233 21.156845 18.637045 -22.122427 -15.780965 1.787960
-7.220734 27.851948 -23.875158 -7.613604 -2.718749 -5.585334 13.384227 -0.743310 8.846837 7.366741 -3.348503 3.618698 -5.722615 -3.147501 8.501913 -4.975490 -6.916443 4.289250 -8.422194 -9.184580 -6.919716 15.156816 -17.069197 -9.157395 4.709801 20.973686 18.621155 -22.069344 -15.812494 1.878256
-7.339391 27.917421 -23.886585 -7.598688 -2.719622 -5.410573 13.488007 -0.862406 8.821702 7.346906 -3.359445 3.507130 -5.628063 -3.085320 8.527040 -5.011354 -6.933649 4.267519 -8.429645 -9.176511 -6.885926 14.698768 -16.992826 -9.089957 4.683936 20.934931 18.757353 -22.318083 -15.570091 1.762954
-7.638570 27.834070 -23.739704 -7.600721 -2.747959 -5.176475 13.521736 -0.716315 8.611582 7.287580 -3.335993 3.667831 -5.796990 -3.133644 8.368478 -5.026172 -7.054986 4.273469 -8.422950 -9.068366 -6.819097 14.145469 -16.934162 -8.918109 4.693754 20.849966 18.769911 -22.583899 -15.352107 1.680560
-8.071344 27.601515 -23.296162 -8.032419 -2.968652 -4.883032 13.321761 -0.224436 8.388700 6.970290 -3.376696 3.469598 -5.657589 -3.096905 8.392391 -5.258811 -7.041917 4.038432 -8.254899 -9.038583 -6.572531 13.808380 -16.918303 -8.686837 4.727803 20.807549 18.863134 -22.646791 -15.322708 1.623846
-8.157762 27.469162 -23.162363 -8.060324 -2.910544 -4.818691 13.308898 -0.046881 8.380481 6.820209 -3.342582 3.559487 -5.639400 -3.143704 8.360262 -5.156999 -7.043275 4.010912 -8.275591 -9.045833 -6.601395 13.790983 -16.856016 -8.669860 4.748851 20.900023 18.813873 -22.773546 -15.282310 1.395444
-8.152580 27.446743 -23.183332 -8.024693 -2.892790 -4.824065 13.277061 -0.036018 8.423549 6.818192 -3.333383 3.571263 -5.646760 -3.147247 8.353538 -5.153296 -7.042566 4.012160 -8.285293 -9.038805 -6.582154 13.774734 -16.867777 -8.641429 4.752275 20.879141 18.847376 -22.756380 -15.269922 1.460491
-6.938302 28.823772 -22.026836 -11.554497 -5.993995 -3.779719 14.061852 -0.993129 5.750394 7.250630 -3.734922 1.244712 -4.011991 -2.748211 9.511264 -6.200785 -6.053791 3.201519 -7.823675 -9.653227 -4.250662 15.190474 -15.903074 -8.658098 1.913895 18.870802 14.575117 -26.202160 -13.543959 -1.027778
-7.633578 28.235840 -20.985312 -11.581623 -9.643920 0.686321 14.975318 -0.243566 5.362534 6.199277 -3.716167 0.392722 -2.743199 -3.511519 9.587546 -6.195872 -5.251272 2.542504 -7.883058 -9.215298 -2.079005 11.932472 -13.682107 -8.671943 0.324887 17.872543 14.577299 -28.456188 -10.916349 -2.952198
-7.374160 27.832344 -20.611965 -11.653756 -9.763685 1.235135 14.436339 0.274381 5.881214 5.554477 -3.505254 0.132821 -2.030157 -3.702160 9.553074 -5.890523 -5.121254 2.105933 -8.263044 -8.985074 -0.863032 11.906274 -13.607466 -8.558433 0.261797 17.846025 14.431906 -28.225584 -10.975605 -4.213368
-7.201968 27.344530 -20.377939 -12.008671 -10.008070 1.357860 13.844344 0.763188 6.044577 5.182734 -3.405495 0.091821 -1.497017 -3.633272 9.713457 -5.860119 -5.052491 2.096240 -8.317856 -8.726961 -0.615178 11.760756 -13.599896 -8.484222 0.224933 17.559755 14.333875 -28.241034 -11.254358 -4.456324
-7.258750 27.333977 -20.399210 -12.014542 -9.930801 1.453681 13.732006 0.710869 6.139353 5.141993 -3.413392 0.009190 -1.441322 -3.603537 9.694693 -5.905566 -5.026587 1.976079 -8.364038 -8.765162 -0.428476 11.626385 -13.556022 -8.492992 0.267510 17.600286 14.556115 -28.052332 -11.135037 -4.402130
-7.300406 27.379477 -20.405184 -11.969938 -9.902473 1.459943 13.796741 0.640618 6.128805 5.189119 -3.408769 0.021482 -1.445737 -3.606635 9.699274 -5.900964 -5.025177 1.973900 -8.361346 -8.762974 -0.474318 11.620697 -13.565500 -8.462729 0.292802 17.615618 14.552537 -28.090143 -11.131264 -4.449009
-7.314547 27.405525 -20.390682 -12.024946 -9.926710 1.415773 13.734389 0.636007 6.118838 5.222873 -3.414810 0.009118 -1.438752 -3.595891 9.698477 -5.910547 -5.035083 1.972771 -8.363793 -8.764408 -0.470341 11.619978 -13.566278 -8.483954 0.291602 17.621416 14.567225 -28.075172 -11.123075 -4.433605
-7.298511 27.389290 -20.393688 -12.001459 -9.893179 1.412080 13.737193 0.641045 6.142751 5.196809 -3.408382 0.018791 -1.445509 -3.596270 9.701697 -5.909068 -5.032775 1.970806 -8.359408 -8.772301 -0.469385 11.608231 -13.555732 -8.497222 0.284608 17.626371 14.578713 -28.045828 -11.119183 -4.391637
-7.295973 27.391710 -20.409101 -12.027571 -9.916690 1.444945 13.708344 0.664656 6.148082 5.180352 -3.403594 0.020362 -1.436783 -3.596905 9.699387 -5.906723 -5.033915 1.975946 -8.365828 -8.761288 -0.459785 11.631256 -13.536670 -8.487709 0.278864 17.619385 14.529459 -28.069292 -11.128784 -4.403489
-7.309186 26.840752 -20.249834 -10.613838 -9.905949 1.325591 11.629361 1.745428 7.774907 4.913326 -2.849725 0.986131 -1.854620 -3.488919 8.610414 -5.989460 -5.641630 0.839454 -8.861791 -8.286049 0.417493 10.746819 -14.066955 -8.435006 1.317429 17.714376 16.975517 -25.037296 -12.155508 -2.349891
-6.773240 26.588501 -19.970758 -9.782528 -9.193798 1.672610 10.013324 2.514907 8.765979 4.474722 -2.245886 1.460921 -2.715482 -2.844961 7.920732 -7.142135 -5.812243 -1.011279 -8.795379 -8.678744 0.554301 9.424788 -14.569595 -9.288835 1.488869 16.675982 18.933657 -22.282112 -13.265287 1.834874
-6.643270 25.993370 -20.056751 -9.098539 -9.252791 2.192255 8.909741 3.096401 9.959303 4.156082 -1.741927 2.248481 -3.165674 -2.638688 7.524925 -7.532968 -5.591560 -2.698041 -8.615767 -8.791124 0.151648 9.088024 -14.626449 -10.089183 1.088257 16.156902 19.326635 -21.821161 -13.343347 3.975103
-6.045138 25.280846 -20.186136 -8.117090 -8.785066 1.848040 8.222160 3.675518 10.852418 4.019812 -1.266054 3.843904 -3.443962 -3.033142 7.120714 -6.625681 -5.669040 -3.291137 -8.648303 -8.319445 1.056251 9.531418 -14.733781 -10.291162 0.844004 16.356358 20.100554 -20.567314 -13.017557 5.992183
-5.000484 24.879944 -19.808384 -6.454427 -8.245617 0.942194 8.762353 4.983799 11.779197 3.633300 -1.000281 5.290283 -3.436728 -3.545946 6.219587 -5.372934 -6.008905 -3.979175 -8.785464 -7.814801 2.639546 9.975056 -15.463839 -10.288060 -0.104254 16.039978 21.138954 -19.309254 -12.113510 8.867455
-4.781578 24.663654 -19.865984 -4.960911 -8.417995 1.308969 8.958604 5.229335 12.561954 3.619607 -0.848595 6.438195 -2.588985 -3.997317 5.880805 -4.206845 -6.652173 -4.880439 -8.549050 -6.952784 3.707698 9.372963 -15.865402 -9.344863 -0.061506 15.207069 21.670345 -18.518940 -12.530654 12.018538
-4.903638 24.400990 -20.315634 -3.134829 -9.151829 2.563496 9.071245 5.171653 13.263446 3.859501 -0.620587 6.736455 -2.316276 -4.436880 6.026488 -3.866858 -6.650350 -5.964999 -8.211432 -6.916985 3.921674 7.969035 -16.638273 -7.932757 1.544492 14.248981 22.062103 -17.620138 -13.897139 14.026834
-4.808367 23.815350 -20.844099 -1.468184 -8.626720 2.832299 9.982190 4.716591 13.655597 3.878785 -0.819871 6.377508 -1.257001 -4.582613 6.106436 -4.679339 -6.118410 -7.089744 -7.502707 -7.497715 3.895454 7.268258 -17.107910 -5.928717 3.911634 15.564007 22.806934 -16.029839 -14.643984 13.730128
-4.589954 22.385456 -22.399336 0.639336 -7.630028 2.295106 9.881500 5.178919 14.637666 3.633405 -1.032386 6.063184 -0.378295 -4.603858 6.423119 -5.395383 -5.271747 -8.151472 -6.716601 -8.328934 4.182734 7.626456 -16.633865 -4.580539 5.361550 17.813803 22.596899 -14.620742 -15.142166 12.416909
-4.034765 20.466038 -24.053175 2.337385 -6.644745 2.273244 9.626097 5.654112 16.071623 2.938413 -0.990544 5.048676 1.595521 -4.769484 7.477194 -4.943611 -3.953721 -9.452074 -6.268983 -8.429728 5.110906 7.808425 -15.736367 -3.677754 6.500059 19.321722 22.783113 -12.817478 -15.845913 11.934427
-3.431754 20.328653 -24.272680 2.680288 -5.712703 3.086498 9.197850 5.864577 15.459247 2.627748 -0.956305 4.515306 2.364614 -4.733002 7.736678 -5.046576 -3.261554 -10.273340 -6.191973 -8.727547 5.251138 7.352302 -13.653561 -3.031631 7.281085 20.003288 21.733530 -12.440246 -16.196955 12.270349
-3.505422 20.284748 -24.315388 2.657409 -5.647844 3.222677 9.060441 5.810708 15.394161 2.622782 -1.006063 4.396918 2.377027 -4.784765 7.705337 -4.997192 -3.236938 -10.335289 -6.229533 -8.830847 4.915864 7.249742 -13.723338 -2.666260 7.364487 20.389311 21.696199 -12.346488 -16.102606 12.208991
-4.094094 20.088308 -24.483820 2.961579 -6.067668 2.900086 9.943360 5.809013 16.309200 2.520733 -0.997451 4.394702 2.446249 -4.817194 7.729249 -4.994686 -3.196277 -10.401358 -6.202098 -8.829808 5.241415 7.609194 -15.436919 -2.443448 7.272976 20.268702 22.481838 -12.033483 -16.047989 11.743018
-3.600363 20.195660 -24.297962 2.919065 -5.574606 3.234807 9.320356 5.882207 15.617281 2.560339 -1.017527 4.326126 2.483893 -4.820917 7.732824 -5.033943 -3.172601 -10.404015 -6.189285 -8.860628 5.295636 7.501475 -15.197589 -2.502859 7.315380 20.295050 22.582537 -11.937819 -16.031277 11.789288
-3.322340 20.267477 -24.229628 2.823384 -5.438376 3.423980 8.723812 5.960245 15.147292 2.584913 -1.020006 4.372684 2.438872 -4.811316 7.750205 -5.003738 -3.187493 -10.366046 -6.184771 -8.861135 4.935493 6.426512 -11.434247 -2.841584 7.666368 20.503939 21.059263 -12.237258 -16.222013 12.882817
-3.323062 20.206713 -24.232105 2.929460 -5.485076 3.492641 8.971895 5.936759 15.282094 2.548041 -0.974768 4.383550 2.377179 -4.854909 7.664219 -5.011336 -3.250341 -10.473583 -6.226366 -8.877542 5.063300 7.219028 -13.223653 -2.680735 7.439687 20.555599 21.702477 -12.051853 -16.248344 12.254546
-3.563625 20.192907 -24.337107 2.903773 -5.621194 3.326816 9.151977 5.884732 15.472890 2.628229 -1.039518 4.183054 2.582042 -4.845103 7.737419 -5.008828 -3.122820 -10.445739 -6.232530 -8.856373 5.139019 7.334737 -13.600763 -2.623582 7.418180 20.554667 21.754286 -12.083774 -16.169292 12.129371
-3.613983 20.168633 -24.405748 2.951862 -5.513221 3.242463 9.222131 5.872636 15.495419 2.627076 -1.042141 4.129169 2.631570 -4.818559 7.751731 -5.039603 -3.091082 -10.454834 -6.240600 -8.867943 5.154814 7.309889 -13.595924 -2.653466 7.478723 20.565298 21.853580 -11.962813 -16.234537 12.086019
-3.582870 20.178053 -24.366297 2.927545 -5.509285 3.230226 9.212377 5.873312 15.511523 2.601068 -1.023507 4.181866 2.612149 -4.857431 7.738010 -5.014490 -3.135623 -10.463570 -6.232066 -8.837765 5.163998 7.277039 -13.620234 -2.678761 7.486059 20.517471 21.862757 -11.963228 -16.230751 12.044856
