1.080979 27.054636 -17.368690 16.319342 2.565718 11.387317 -4.823062 9.751333 -3.412604 5.128643 -4.984437 10.942615 4.262639 -7.362387 5.339912 -5.586382 -0.449339 0.884061 -2.864123 -7.616164 1.823544 15.156441 -10.572570 0.000742 -29.509581 6.350506 11.512519 -16.369116 2.255263 9.678321
1.100201 27.051243 -17.394012 16.403570 2.570350 11.414025 -4.798978 9.724575 -3.426489 5.071654 -5.009493 10.993814 4.246832 -7.344613 5.360921 -5.572476 -0.463617 0.852067 -2.883117 -7.594034 1.873383 15.212149 -10.542035 -0.080167 -29.608809 6.292130 11.439091 -16.403055 2.277833 9.623027
-4.203744 13.887138 -9.841315 20.062447 7.799682 7.309999 7.523578 17.044512 -6.715398 5.188148 -6.460553 12.215317 1.393209 -9.888062 0.337089 -6.756125 1.840230 -5.116538 -1.278068 -1.085954 3.700136 10.799268 -13.609840 -5.368542 -33.402794 8.674931 -3.536342 -7.534261 2.907811 -5.323119
-1.778472 15.829267 -12.206607 21.300077 7.460193 4.694917 5.289688 16.427752 -7.275188 5.549455 -6.337234 11.614753 1.697115 -10.095263 0.766426 -6.997924 1.031892 -4.395194 -0.476379 -1.686422 4.656773 13.072815 -11.438395 -6.259123 -33.442482 9.614922 -0.572547 -7.246918 2.871516 -5.069399
-1.373340 16.297058 -11.785849 22.909090 7.953336 4.121627 4.727244 15.855343 -6.131782 6.034532 -6.008085 11.350910 1.903159 -10.468550 0.806329 -6.813353 0.766188 -3.629643 0.195239 -2.007147 4.392088 13.633297 -11.023228 -8.168208 -32.709164 10.863640 1.500009 -6.213590 2.485727 -3.279818
-0.694816 17.344326 -11.386783 23.445942 7.490683 3.550481 3.513182 15.554189 -5.583040 6.790352 -5.759577 10.840348 2.075604 -10.801022 0.699369 -6.743096 0.900458 -3.120328 0.740364 -2.051094 4.702396 13.181317 -10.786069 -8.767015 -32.521931 11.215385 3.094556 -5.481594 3.094620 -1.657350
-0.316158 17.473656 -11.145690 23.734301 7.175166 3.087050 3.020947 15.748883 -5.241960 7.317047 -5.744364 10.378696 2.079524 -10.923308 0.624952 -6.897301 1.206574 -2.720320 1.003216 -2.146364 5.387687 12.527015 -10.728132 -8.855008 -32.227345 11.153338 4.016364 -5.314839 4.031920 -0.637702
-0.142960 18.716595 -10.285045 22.251314 5.678367 2.444239 2.104605 16.199623 -5.718157 8.242216 -5.841838 9.427560 2.246740 -10.844037 0.809930 -7.225767 2.000565 -2.276494 1.110941 -2.111445 7.286703 11.094642 -11.220283 -8.682083 -31.502401 10.451286 4.933396 -5.352053 5.860415 1.231054
0.126994 19.350277 -9.812883 20.101048 4.103527 1.405392 1.068073 17.459436 -6.769202 8.654308 -6.177374 8.035908 2.618468 -10.837486 0.994318 -7.902609 2.742104 -1.941145 1.208958 -2.701683 8.772998 9.409197 -11.324077 -8.224407 -31.135868 9.868475 5.657544 -5.469596 7.493226 2.303216
0.538645 19.245338 -9.214165 18.932013 2.254710 1.034244 0.052972 18.126469 -7.098172 8.926291 -5.999479 7.031058 2.707966 -11.057121 0.890393 -8.135138 3.081384 -1.336564 1.692406 -3.204319 9.284633 7.694194 -11.001837 -7.368871 -30.898396 9.236763 7.226744 -5.191072 8.826723 4.346939
1.125853 20.083099 -9.393867 17.459053 0.772244 0.184209 -1.817778 18.667555 -7.425945 9.453777 -5.718094 6.075360 3.243897 -11.324463 0.911962 -8.076637 3.066195 -0.928777 2.167716 -3.546378 9.607492 6.213074 -10.730319 -6.783151 -31.074986 8.812650 9.238403 -4.944688 10.166373 6.160434
2.112516 19.687347 -10.274959 17.792698 -0.533608 -0.754217 -3.389736 18.946241 -7.512371 8.727316 -5.403534 5.722625 3.884550 -11.672942 0.946857 -7.511442 2.803303 -0.251277 2.668751 -3.660485 10.272801 5.803774 -10.068748 -6.652617 -30.837149 8.989706 11.261355 -5.014248 11.307098 6.132060
3.468244 19.076267 -12.164961 19.003389 -1.479259 -2.317185 -4.727873 18.959650 -7.510924 8.149486 -5.139089 5.506248 5.169888 -12.114422 1.352511 -6.536813 2.509019 0.723135 3.172627 -2.896988 11.832879 6.728115 -9.093040 -8.168676 -28.942265 9.879310 14.217188 -5.023608 11.353706 6.639700
4.776077 19.119732 -12.321045 19.405458 -2.547028 -2.609463 -6.072867 19.723616 -7.189629 8.356561 -4.837468 5.053160 6.137331 -12.335457 1.900676 -5.882832 2.647715 1.835118 3.413918 -2.247806 12.808642 7.846895 -8.442401 -8.375396 -28.498972 10.093309 15.169580 -4.467273 10.880793 7.746043
4.675767 19.287815 -12.248023 19.468225 -2.515503 -2.477022 -6.021941 19.646231 -7.063009 8.341314 -4.797611 5.074699 6.096051 -12.341516 1.860048 -5.900237 2.614496 1.842077 3.476330 -2.252635 12.927335 7.685488 -8.452483 -8.400002 -28.373661 10.061416 15.307860 -4.354606 10.962248 8.100136
4.860179 19.112900 -12.224555 19.479321 -2.657345 -2.668445 -6.194147 19.804783 -7.247202 8.432734 -4.868214 4.995442 6.205850 -12.367882 1.876957 -5.917181 2.622483 1.832204 3.482471 -2.251431 13.193631 7.707520 -8.402595 -8.476857 -28.266279 10.166738 15.394479 -4.132821 10.932176 8.055154
4.765308 19.141802 -12.302159 19.433031 -2.571820 -2.603670 -6.082369 19.698446 -7.162714 8.359512 -4.807979 5.042007 6.159018 -12.331867 1.876861 -5.896296 2.619848 1.849700 3.448764 -2.266910 12.896518 7.808818 -8.439825 -8.446906 -28.417212 10.142692 15.199743 -4.379385 10.915287 7.866112
4.830262 19.108501 -12.215577 19.549042 -2.621314 -2.737488 -6.219293 19.803289 -7.268067 8.435035 -4.837008 4.975990 6.183422 -12.389919 1.837877 -5.935894 2.618126 1.863172 3.554127 -2.257542 13.363482 7.588843 -8.327468 -8.510534 -28.152880 10.204747 15.649076 -4.038091 11.002558 8.295112
4.738140 19.161154 -12.207966 19.416048 -2.564095 -2.634790 -6.096988 19.688303 -7.229252 8.414520 -4.860592 5.028800 6.180573 -12.364288 1.870944 -5.881162 2.647200 1.827038 3.460353 -2.244551 13.084194 7.755718 -8.397329 -8.373675 -28.373472 10.106733 15.310588 -4.357107 10.975905 7.899178
4.799132 19.285522 -12.298724 19.486214 -2.510623 -2.539080 -6.053460 19.653959 -7.185432 8.326882 -4.735507 4.790899 5.876871 -12.468637 2.137303 -5.560777 2.554299 1.767177 3.306935 -2.183976 12.980419 8.043919 -9.686022 -8.319118 -28.513680 9.983421 15.827111 -4.344619 11.060103 7.668613
4.863194 19.095726 -12.202695 19.487501 -2.621701 -2.708560 -6.187115 19.843231 -7.314281 8.428236 -4.732763 4.683316 5.978477 -12.522306 2.082925 -5.601927 2.550406 1.783583 3.427275 -2.171070 13.337279 7.977941 -9.651257 -8.357566 -28.334063 10.066843 15.959122 -4.057394 11.031909 7.811889
4.777879 19.209393 -12.329663 19.511892 -2.461693 -2.565966 -6.043124 19.653933 -7.163019 8.405590 -4.730952 4.792403 5.922215 -12.479807 2.120275 -5.564231 2.527792 1.788547 3.340003 -2.170543 12.902854 8.115655 -9.691471 -8.243543 -28.574461 10.012621 15.774962 -4.247503 10.986493 7.635451
0.068113 19.101080 -3.306528 16.949520 -5.029583 10.566888 -11.228271 18.350674 0.051981 7.214579 -0.172177 7.821762 4.152768 -10.290442 0.524378 -1.710238 6.348033 3.216727 -0.125982 -1.153328 12.615323 5.841929 -15.262890 -3.064009 -26.645121 3.171590 9.673332 -3.685477 7.385592 20.700365
-5.315713 21.856335 2.208258 13.390706 -3.801722 14.614476 -11.574752 16.033047 -0.724188 6.707511 0.482987 7.858583 1.507414 -10.074991 -0.257992 -2.704235 7.604478 4.069429 0.556659 -2.487529 8.220490 2.451720 -19.993731 -4.679792 -25.111137 1.146171 5.694977 -5.192126 2.892640 22.934801
-8.452948 22.420868 4.706527 12.216629 -1.770796 16.546595 -10.586570 14.648188 0.002215 6.988368 0.587325 8.429613 -0.195340 -9.325483 0.513931 -2.407581 8.046124 5.238733 -0.479020 -3.062885 7.864168 1.581796 -21.947145 -4.338280 -24.581631 0.833415 3.015983 -6.149781 2.471937 23.469938
-8.850833 19.602604 6.015761 13.407026 -2.637154 17.978037 -9.315217 15.642089 0.929702 5.630514 1.330112 9.230139 0.872595 -8.618021 0.655475 -1.191494 8.664293 5.172710 -1.893588 -2.221656 11.279510 3.531084 -22.904936 -2.425915 -24.719656 0.710782 -0.635201 -5.446399 3.908816 22.868019
-9.279946 19.226562 5.928740 13.565098 -2.017658 17.750257 -9.122094 15.282584 0.717679 5.465267 1.455722 9.344359 0.958189 -8.546995 0.687636 -1.105791 8.639467 5.143715 -1.927804 -2.167340 11.417006 3.686257 -23.142519 -2.556311 -24.812330 0.813888 -0.978734 -5.320277 3.878648 22.663820
-9.462195 18.509342 6.363483 13.567301 -2.611483 18.232920 -8.885562 15.821452 0.604490 4.901791 1.696135 9.400955 1.399900 -8.358902 0.758779 -0.794192 8.787123 5.110799 -2.259046 -2.003634 12.798205 4.083671 -23.521315 -1.803918 -24.564486 0.544461 -2.101635 -5.509387 4.366242 22.675186
-9.638749 17.952328 6.437241 13.519033 -2.683183 18.373957 -8.510774 16.136280 0.412484 4.108395 1.967224 9.392517 1.594633 -8.038464 0.985443 -0.624554 8.979448 5.098927 -2.677654 -1.911497 13.149948 4.268810 -23.639750 -1.704020 -24.603910 0.731926 -2.640335 -5.018676 4.486068 22.233908
-9.418904 17.972401 6.340062 13.367070 -2.774725 18.379025 -8.885795 16.126423 0.710618 4.560451 1.864130 9.489476 1.510113 -8.163975 0.847115 -0.729235 8.842136 5.038498 -2.447317 -1.878728 12.855107 4.357193 -23.406584 -1.726504 -24.699152 0.633862 -2.317071 -5.160147 4.326616 22.126957
-9.470222 18.118279 6.354506 13.451858 -2.719444 18.465704 -8.865367 16.078747 0.491380 4.479503 1.852543 9.510775 1.505635 -8.208826 0.855022 -0.714064 8.897989 5.060881 -2.444300 -1.876511 13.014390 4.215566 -23.494772 -1.779136 -24.681139 0.644436 -2.495324 -5.180754 4.482178 22.245335
-9.634692 18.256226 6.232036 13.481294 -2.303506 18.133009 -8.675920 15.728618 0.521809 4.719073 1.813763 9.562736 1.383443 -8.266848 0.776286 -0.751677 8.828381 5.050154 -2.335660 -1.879621 12.853562 4.203765 -23.557457 -1.832552 -24.681986 0.612899 -2.445795 -5.266143 4.289005 22.214708
-9.570224 18.244770 6.177250 13.556540 -2.291519 18.325289 -8.656483 15.745425 0.563519 4.563025 1.862098 9.561810 1.286037 -8.151250 0.794032 -0.831155 8.826967 5.009429 -2.339075 -1.982224 12.684382 4.083370 -23.594193 -1.898496 -24.745836 0.645245 -2.503058 -5.103952 4.207348 22.237333
-9.536498 18.207500 6.209140 13.375046 -2.441160 18.324514 -8.702325 15.921558 0.480308 4.567825 1.857442 9.519828 1.321461 -8.219446 0.845934 -0.755816 8.885286 5.039791 -2.402275 -1.929583 13.051324 4.228903 -23.482069 -1.824989 -24.661888 0.733139 -2.508073 -5.188696 4.485802 22.274588
-9.507434 18.431099 6.238219 13.386642 -2.381306 18.239223 -8.765597 15.873242 0.463549 4.755219 1.858017 9.540420 1.294095 -8.186617 0.885593 -0.742433 8.840265 5.109067 -2.337585 -1.932274 12.825933 4.040149 -23.602072 -1.725483 -24.726940 0.583177 -2.455820 -5.219272 4.487771 22.423241
-9.537848 18.179419 6.243887 13.389566 -2.435347 18.354961 -8.716367 15.938126 0.531166 4.631620 1.887175 9.532198 1.256333 -8.189975 0.881897 -0.760696 8.833002 5.073087 -2.358360 -1.930947 12.784314 4.274507 -23.475300 -1.753288 -24.806250 0.704125 -2.486408 -5.143012 4.475131 22.246269
-9.618787 18.117874 6.557957 13.364953 -2.559563 18.632677 -8.479702 16.221308 0.548368 4.522079 1.940807 9.463279 1.432928 -8.149906 0.990478 -0.566925 8.944946 5.160578 -2.557265 -1.894955 13.148170 4.339445 -23.490526 -1.481327 -24.725229 0.635438 -2.709582 -5.315744 4.589501 22.260323
-9.573827 18.242622 6.296667 13.411526 -2.388832 18.423267 -8.658156 15.929558 0.570781 4.597003 1.884177 9.538622 1.301850 -8.205870 0.872611 -0.731189 8.849474 5.104498 -2.375494 -1.919240 12.877989 4.286559 -23.436651 -1.677191 -24.793005 0.681697 -2.478210 -5.195987 4.541634 22.268488
-9.612335 18.127037 6.566288 13.369699 -2.586746 18.624716 -8.482160 16.221540 0.552499 4.498866 1.950830 9.507256 1.421600 -8.143195 0.964944 -0.573124 8.940090 5.139140 -2.557578 -1.877968 13.125646 4.357819 -23.532278 -1.436914 -24.720840 0.644164 -2.698390 -5.272388 4.598614 22.286354
-9.583555 18.137585 6.535453 13.353296 -2.605397 18.680014 -8.544293 16.215137 0.600911 4.478100 1.954060 9.513481 1.459833 -8.151078 0.976797 -0.530450 8.932968 5.164227 -2.574041 -1.871469 13.145183 4.413615 -23.503351 -1.449181 -24.705080 0.634433 -2.697384 -5.354870 4.658203 22.275541
