-7.272512 23.140577 -21.270082 12.947887 -6.958393 3.104183 7.424189 9.857459 15.379622 8.468784 2.246639 3.316360 4.475502 -9.050520 -3.798145 -5.654506 -3.945931 8.734573 -2.772911 -7.155803 9.060934 5.943494 10.288988 -13.775172 -11.743723 11.043980 1.007653 -27.546217 -2.016722 20.619869
-7.762246 23.059059 -21.495369 13.003054 -7.386308 2.599583 8.146100 9.728505 16.102407 8.419441 2.283623 3.335854 4.477546 -9.039301 -3.883700 -5.682863 -3.963686 8.749135 -2.790775 -7.125757 9.453009 5.987576 10.302276 -14.270994 -11.368416 11.164011 1.022597 -27.844450 -2.080770 20.714821
-12.537743 9.879179 -13.978324 16.595842 -2.335118 -1.580083 19.764204 17.153545 12.207088 8.141884 3.445959 3.597266 2.041464 -12.146486 -10.525335 -6.558316 -1.841626 4.046723 0.463069 -1.380578 12.581721 1.356856 6.272051 -22.392860 -12.409007 14.454535 -13.998238 -20.835655 -2.181773 6.320918
-10.400940 11.667708 -16.253859 17.727898 -2.909894 -4.655458 17.737013 16.753283 11.460856 8.476076 2.609664 3.537780 1.997462 -12.168456 -9.890541 -6.997408 -2.713769 4.109200 0.457695 -1.511011 13.649083 3.493326 8.061908 -22.830706 -12.656107 14.984767 -11.690957 -19.952452 -1.960880 6.916185
-10.082392 12.454233 -16.010027 19.140253 -2.373746 -5.404161 16.792042 15.931098 12.754854 8.865040 2.204765 3.684138 2.207450 -12.378588 -9.333706 -6.780954 -3.047781 4.566848 0.585968 -1.381297 13.251584 4.088530 8.744463 -24.406546 -12.324051 16.220695 -9.323045 -18.715153 -2.076969 8.626950
-9.456868 13.488762 -15.540115 19.988760 -2.752085 -5.902281 15.516582 15.420901 13.512331 9.563483 1.544698 3.432232 2.327112 -12.549067 -8.908085 -6.951559 -2.916647 4.710382 0.547417 -1.207703 13.067874 3.714676 8.942924 -24.683569 -12.733953 16.422390 -7.493107 -17.645760 -1.431974 10.436229
-8.967790 13.912861 -15.020350 19.826910 -3.636498 -6.557746 14.825974 16.009237 13.656957 10.325186 1.009446 2.932652 2.416392 -12.560636 -8.478538 -7.092829 -2.379119 5.093469 0.477835 -1.154801 14.132506 3.159539 9.091919 -24.248009 -12.758492 16.128393 -6.329457 -17.383062 0.093055 11.379907
-8.790678 14.951555 -14.604066 18.827414 -4.919494 -6.846631 14.074347 16.152493 13.048214 10.655752 0.566945 2.311383 2.436876 -12.454462 -8.178576 -7.479144 -1.624531 5.171620 0.367292 -0.893765 14.868920 2.104432 8.949329 -23.658703 -13.053307 15.703712 -5.612514 -17.040274 1.856860 12.045657
-8.884429 15.724730 -14.245182 17.717197 -6.220629 -7.732897 12.914282 16.761209 12.148694 10.353461 -0.071756 1.435322 2.831420 -12.212708 -7.797188 -8.339746 -1.314025 4.851688 0.236339 -1.253661 15.400602 0.652310 9.154476 -22.466612 -13.446064 15.087482 -4.716431 -17.286585 3.405610 13.313671
-8.219890 16.001171 -13.870033 16.679770 -7.479672 -7.961250 12.359978 17.565779 11.219516 10.539191 -0.451149 0.689033 3.056421 -12.344562 -7.720225 -8.627036 -0.958010 4.853251 0.376832 -1.342916 15.771798 -0.975820 9.299726 -21.864422 -13.365564 14.465113 -3.668429 -16.926971 4.846386 14.705703
-8.114318 16.194725 -13.079470 15.688628 -8.396145 -8.443965 11.032967 17.749447 10.732680 10.948404 -0.811602 0.058248 3.172308 -12.375832 -7.339113 -8.724101 -0.724320 5.163540 0.314444 -1.410077 15.712878 -2.415155 9.489827 -20.806206 -13.755469 13.627329 -2.209827 -16.345676 5.881748 16.262238
-7.404649 16.485235 -13.423066 14.746971 -9.584993 -9.003097 9.299425 18.331881 10.455722 10.981763 -1.112480 -0.774600 3.583566 -12.533318 -6.695841 -8.617242 -0.711755 5.800931 0.512883 -1.589729 15.631116 -2.765142 10.300927 -19.697025 -14.716445 13.576095 -0.260701 -15.769398 6.789485 16.410437
-6.462929 16.078779 -14.505960 15.052502 -10.621378 -10.007497 7.716827 18.261068 9.903295 10.447884 -1.688265 -0.850528 4.177557 -12.732011 -6.264515 -8.451412 -0.917385 5.845100 0.662951 -0.900850 16.478931 -2.513824 11.224540 -18.293644 -15.894297 13.076100 2.169764 -13.782100 7.727645 16.447737
-4.874053 15.517198 -16.059921 16.595625 -12.274481 -11.577223 6.027998 18.639500 9.842943 9.418095 -2.726419 -0.910841 5.571981 -12.963188 -4.976659 -7.820255 -1.128779 6.382509 0.352803 0.119183 16.800787 -0.971557 12.513512 -17.139219 -17.214384 13.135277 4.681766 -11.905224 8.180900 16.658039
-4.196155 15.697506 -16.136608 16.673182 -12.872950 -11.749970 5.303650 18.995455 10.017127 9.623941 -2.715706 -0.927208 6.088576 -12.952713 -4.598767 -7.442662 -1.117018 6.770473 0.257962 0.513275 16.709047 -0.008668 13.036254 -16.642956 -17.614981 13.246885 5.217185 -11.442492 8.025850 16.996149
-4.161180 15.667639 -16.117882 16.682816 -12.868920 -11.762340 5.304383 19.020712 9.987271 9.663988 -2.697025 -0.953997 6.132934 -12.946676 -4.589804 -7.431367 -1.116878 6.791699 0.260587 0.521027 16.774679 0.004171 13.040999 -16.637428 -17.568186 13.246266 5.283909 -11.470519 8.061720 17.064793
-4.238359 15.663475 -16.051798 16.747515 -12.824919 -11.801552 5.335705 18.962528 9.861080 9.630320 -2.705917 -0.969232 6.140297 -13.005125 -4.630905 -7.434146 -1.109194 6.782570 0.318536 0.575863 16.812693 -0.072675 13.036261 -16.596962 -17.623684 13.223096 5.262340 -11.376580 8.108040 16.988155
-4.340560 15.601892 -15.994770 16.922390 -12.763479 -11.884526 5.454328 18.896259 9.898088 9.612044 -2.736104 -0.918670 6.068849 -13.047566 -4.730752 -7.434393 -1.109068 6.638341 0.305695 0.634384 16.846483 -0.135941 13.062604 -16.525078 -17.708036 13.224775 5.273210 -11.139773 8.147130 16.958897
-4.335946 15.837444 -16.112867 16.699970 -12.748221 -11.726775 5.363577 18.862749 10.117721 9.607506 -2.698893 -0.924536 5.987702 -12.962315 -4.600919 -7.446984 -1.110436 6.798846 0.309131 0.487588 16.782383 -0.050698 13.055360 -16.834408 -17.445387 13.288462 5.293147 -11.558283 7.914635 17.139896
-4.294946 15.799875 -16.071575 16.714544 -12.814079 -11.708226 5.456137 18.903574 10.042691 9.609449 -2.597978 -1.192560 5.831264 -13.074223 -4.345982 -7.058888 -1.170395 6.714059 0.101673 0.570666 16.631895 -0.038591 13.139572 -16.590160 -17.666697 13.205925 5.102675 -11.495713 8.018403 17.118580
-4.283450 15.825212 -16.063356 16.821787 -12.883240 -11.728786 5.479194 18.887209 10.092020 9.547379 -2.660526 -1.231034 5.817957 -13.121117 -4.346020 -7.154990 -1.200651 6.675112 0.191317 0.633150 16.800879 -0.104033 13.233674 -16.559044 -17.582964 13.162983 5.267921 -11.473931 8.112684 17.270863
-4.300494 15.680551 -16.026840 16.744577 -12.772736 -11.783620 5.458723 18.950617 9.991492 9.661018 -2.606562 -1.224127 5.879470 -13.119102 -4.366407 -7.080674 -1.193203 6.731915 0.154641 0.620507 16.765368 -0.055683 13.181125 -16.599148 -17.623190 13.231560 5.176050 -11.425941 8.057379 17.046669
-4.008576 16.522530 -14.642613 16.416409 -14.526374 -9.216033 2.661784 18.603317 11.529752 9.011633 -2.427004 -1.383487 6.175498 -12.625906 -3.772352 -6.507642 -0.580260 7.601816 -0.587456 0.741418 16.140844 0.391899 13.090520 -13.604377 -18.995382 11.421461 5.087795 -10.248733 7.571743 19.968620
-8.757955 16.177927 -6.610951 14.660314 -15.142590 1.383218 -1.119979 17.082199 15.762115 7.774108 -0.187796 1.191220 3.852427 -10.477596 -4.650446 -3.735784 3.315142 8.323277 -4.166854 0.807398 13.860649 -0.755308 8.111665 -7.017397 -20.243881 5.276707 -0.950707 -8.003896 5.060787 29.096893
-15.445359 20.346939 -0.721691 10.635366 -11.490328 6.033490 -0.956032 13.733412 15.010974 8.266902 -0.107978 1.818995 0.343566 -9.359867 -5.145236 -5.446159 4.227067 7.958556 -4.921697 -1.682683 7.672768 -4.815126 3.442398 -6.442132 -20.838655 2.504476 -8.768912 -11.331685 0.249414 28.971167
-17.742100 21.845919 0.532561 10.001691 -9.104060 6.459626 -0.960216 11.721547 15.244308 8.543712 -0.006207 2.002764 -1.023789 -8.844587 -4.768394 -5.657833 4.548597 8.383043 -5.622404 -2.359964 7.294580 -7.756414 3.373014 -5.444721 -20.208731 1.127279 -9.582648 -12.654771 1.000207 30.660351
-17.891161 22.095108 0.559524 9.908284 -8.678394 6.708497 -0.599541 11.523910 15.253198 8.769730 0.118811 2.112969 -1.069885 -8.776344 -4.806968 -5.492106 4.597508 8.434607 -5.747626 -2.416959 7.085338 -7.742464 3.108706 -5.493946 -20.192284 1.261449 -9.685729 -12.709179 1.145726 30.817829
-17.904640 21.887409 0.666487 10.009661 -9.275621 6.618803 -0.893790 11.760089 15.293081 8.409411 0.051920 1.999402 -0.932689 -8.824515 -4.703502 -5.501825 4.679274 8.481515 -5.735031 -2.286374 7.432560 -7.721588 3.360798 -5.306922 -20.213041 1.160362 -9.691321 -12.518970 1.273933 30.850840
-17.703541 21.711742 0.718237 9.877112 -9.517977 6.666827 -0.941813 12.105041 15.339122 8.563135 0.048547 1.973286 -0.814175 -8.857416 -4.731109 -5.464927 4.682808 8.464464 -5.736282 -2.238853 7.544447 -7.750686 3.525142 -5.356172 -20.201197 1.163755 -9.635262 -12.497573 1.298218 30.699909
-17.602129 21.714149 0.706710 10.030550 -9.653800 6.675909 -1.041357 12.181087 15.268914 8.392042 0.049719 2.013856 -0.786518 -8.864840 -4.726264 -5.438447 4.661948 8.450788 -5.746338 -2.198022 7.650999 -7.691892 3.630888 -5.361965 -20.102991 1.194122 -9.486438 -12.578722 1.317735 30.731752
-17.502703 21.672096 0.657399 10.013216 -9.787193 6.633467 -1.083409 12.215331 15.284900 8.290295 0.043669 1.952402 -0.764397 -8.874100 -4.678027 -5.438910 4.653889 8.479436 -5.756074 -2.280301 7.675653 -7.714577 3.762804 -5.306043 -20.068089 1.215254 -9.558573 -12.630021 1.315562 30.693647
-17.392864 21.509993 0.797918 10.131620 -10.144856 6.817549 -1.217153 12.301076 15.249250 8.018027 0.048722 1.959324 -0.717186 -8.902308 -4.685846 -5.437997 4.641888 8.468546 -5.732414 -2.279160 7.872365 -7.705932 3.780622 -5.061209 -20.085653 1.197669 -9.782869 -12.590303 1.384330 30.824146
-17.650379 21.805014 0.678144 9.888645 -9.621325 6.609876 -1.003522 12.092174 15.260348 8.497007 0.047580 1.971892 -0.785370 -8.851234 -4.703687 -5.472486 4.673454 8.491730 -5.728534 -2.258977 7.496765 -7.716666 3.529619 -5.265603 -20.251196 1.195951 -9.661275 -12.636448 1.441179 30.683134
-17.785591 21.798420 0.635454 10.053565 -9.270263 6.649556 -0.852078 11.835113 15.425481 8.504587 0.027032 2.014879 -0.901264 -8.836184 -4.720652 -5.539543 4.624177 8.440319 -5.694160 -2.241475 7.509456 -7.705035 3.445982 -5.182236 -20.245108 1.124807 -9.568166 -12.583632 1.331078 30.908194
-17.882221 21.795181 0.565997 10.086812 -9.124090 6.524533 -0.859354 11.696526 15.353860 8.431377 0.004280 1.960238 -0.951846 -8.844376 -4.719632 -5.567911 4.600247 8.462063 -5.691410 -2.306227 7.320156 -7.761416 3.417109 -5.483932 -20.230038 1.199920 -9.505898 -12.502057 1.132690 30.790888
-17.669188 21.713993 0.725607 10.047599 -9.610043 6.620402 -1.068157 12.117324 15.239335 8.366600 0.029068 2.021189 -0.827673 -8.866051 -4.709177 -5.447448 4.661778 8.478855 -5.739578 -2.197485 7.625266 -7.703328 3.550386 -5.466862 -20.088566 1.247136 -9.476948 -12.513949 1.326087 30.738304
-17.581009 21.739706 0.735802 10.038033 -9.672136 6.718016 -1.029266 12.177743 15.271103 8.368103 0.054491 2.023323 -0.804278 -8.870403 -4.725483 -5.432359 4.664459 8.455294 -5.754282 -2.221699 7.623277 -7.692092 3.589144 -5.465466 -20.043104 1.220775 -9.434772 -12.503940 1.202012 30.780907
-17.598011 21.760746 0.748934 10.064729 -9.635309 6.671588 -0.999917 12.182444 15.290336 8.361694 0.054496 2.033565 -0.801184 -8.869869 -4.726394 -5.425735 4.664259 8.455771 -5.748458 -2.194220 7.683691 -7.727285 3.587991 -5.438217 -20.046471 1.222681 -9.440459 -12.541833 1.303828 30.802574
-17.409176 21.645405 0.768376 10.129642 -9.974064 6.732091 -1.137050 12.285048 15.281449 8.124725 0.023539 1.961077 -0.679922 -8.906907 -4.691363 -5.440642 4.613929 8.442629 -5.720068 -2.244482 7.725224 -7.814581 3.696486 -5.269823 -20.063185 1.238741 -9.632220 -12.509058 1.386649 30.831758
-17.500828 21.667768 0.748589 10.031717 -9.735218 6.702810 -1.047421 12.224362 15.332870 8.262808 0.056397 1.971022 -0.757999 -8.873110 -4.689501 -5.401834 4.660997 8.469678 -5.779198 -2.280125 7.618064 -7.743552 3.729710 -5.418914 -20.020370 1.242926 -9.450791 -12.533277 1.222277 30.716530
