11.690453 29.088343 -6.877270 4.651135 14.651509 5.582933 0.387473 16.067301 3.311502 -3.558582 -3.561711 6.313617 -0.534324 -9.674417 9.851984 0.013872 -1.821790 -0.185675 -4.989259 -6.160864 11.073586 12.721651 -13.125328 -13.283158 -13.507975 10.048346 10.248880 -25.067541 -1.497689 13.295583
11.748912 29.101894 -6.843367 4.683852 14.743567 5.605335 0.459678 16.054464 3.282550 -3.662042 -3.578650 6.388249 -0.541372 -9.657803 9.838546 0.034209 -1.850773 -0.207523 -5.029788 -6.109865 11.457767 12.836675 -13.542384 -13.769348 -13.167446 10.145220 10.408677 -25.380100 -1.551787 13.249372
6.691867 15.937397 0.675347 8.337717 19.655802 1.261861 12.385837 23.426100 -0.119678 -3.990756 -5.159664 7.702818 -3.376139 -12.177872 4.747581 -1.314679 0.566214 -6.132364 -3.341799 0.503566 14.313514 8.058463 -17.650030 -21.815556 -14.175158 13.337894 -4.696336 -18.563768 -1.660712 -0.785577
9.255929 17.892914 -1.580516 9.394910 19.135401 -1.758382 10.066150 22.995354 -0.818372 -4.023041 -4.966908 7.204522 -3.041516 -12.438230 5.106816 -1.565679 -0.356877 -5.437407 -2.450069 -0.045814 15.137824 10.475701 -15.681470 -22.010717 -14.622314 13.957405 -2.084786 -17.711641 -1.646323 -0.098834
9.655318 18.645731 -1.173293 11.030017 19.771584 -2.310383 9.422081 22.225412 0.272914 -3.652433 -4.664919 6.934922 -2.775650 -12.775219 5.159253 -1.379650 -0.610189 -4.670434 -1.832569 -0.393110 14.896609 10.719600 -14.976140 -23.675503 -14.287853 15.034277 0.247788 -16.325403 -1.633989 1.667764
10.269509 19.697117 -0.716718 11.626154 19.427025 -2.823666 8.341259 21.849712 0.823629 -2.850917 -4.383004 6.500024 -2.573485 -13.104897 4.992146 -1.330706 -0.484616 -4.136587 -1.225809 -0.395760 14.836060 10.455583 -14.545617 -23.978806 -14.547752 15.361692 1.753225 -15.551154 -0.956922 3.025005
10.603864 19.773149 -0.400718 11.872746 19.019417 -3.279445 7.856276 22.126102 1.073932 -2.380020 -4.365585 6.059470 -2.603220 -13.258791 4.835211 -1.476470 -0.123565 -3.761598 -0.911779 -0.419154 15.599234 9.781005 -14.372532 -23.784096 -14.496412 15.312620 2.703618 -15.508325 0.438957 3.631650
10.826317 21.108734 0.352385 10.609491 17.568954 -4.110960 6.952566 22.599121 0.601948 -1.636508 -4.529864 5.087514 -2.434162 -13.158078 5.062764 -1.862728 0.679323 -3.310689 -0.855419 -0.470375 16.666613 8.330009 -14.500363 -22.812881 -14.893885 14.435249 3.973330 -14.725978 2.586833 5.162868
11.002347 21.777328 0.627754 9.008287 15.759228 -5.523063 5.648417 23.574087 -0.650997 -1.949493 -4.902912 3.685385 -2.036744 -13.122835 5.288869 -2.554910 1.444146 -3.027945 -0.799218 -1.045882 17.332022 6.194009 -14.464206 -21.934425 -15.019617 13.742817 5.110721 -14.744687 4.610845 6.689934
11.203085 21.785114 1.264159 7.709376 14.154422 -5.886917 4.711087 23.951015 -1.009131 -1.729447 -4.669343 2.653680 -1.952458 -13.324640 5.105686 -2.809944 1.868284 -2.337341 -0.273404 -1.601318 17.512474 4.752035 -13.968162 -20.432617 -15.497139 12.879099 6.434568 -13.916028 5.984767 8.450861
11.790986 22.418148 1.205027 6.355826 12.860352 -6.581898 2.941883 24.467237 -1.423655 -1.351697 -4.418734 1.782700 -1.264302 -13.544279 5.086560 -2.822514 1.829280 -1.887887 0.224824 -1.968028 17.549170 3.519647 -13.392842 -19.236706 -16.179754 12.225946 8.450086 -13.439775 7.193358 9.430652
12.701439 22.096136 0.807542 6.155881 11.902504 -7.210948 1.216055 24.992298 -1.604688 -1.792040 -4.039265 1.471607 -0.614234 -13.913529 5.046067 -2.314921 1.554865 -1.199016 0.806460 -2.082644 17.740185 3.700553 -12.213738 -18.068462 -17.390583 12.261644 10.390949 -12.282620 8.010309 9.054491
14.017411 21.230976 -1.175936 7.676936 10.628864 -9.078490 -0.400817 24.863552 -1.600952 -3.130537 -3.762830 1.306124 0.758880 -14.327904 5.404730 -1.328525 1.200477 -0.309855 1.310783 -1.257535 18.382704 4.963655 -10.937194 -17.019398 -18.444563 12.325169 12.861335 -10.219020 8.350887 9.076013
15.391950 21.398441 -1.403226 8.163990 9.538980 -9.495526 -1.679352 25.503824 -1.401477 -3.102787 -3.442131 0.809765 1.762117 -14.499039 5.909872 -0.713822 1.346052 0.812730 1.524103 -0.741815 18.447399 6.413946 -9.928899 -16.039867 -19.317919 12.205927 14.276207 -9.206820 8.481341 9.829933
15.217274 21.642372 -1.347584 8.221936 9.530328 -9.425713 -1.663605 25.258667 -1.276937 -3.152977 -3.411075 0.817924 1.686855 -14.493622 5.902263 -0.758368 1.312436 0.813774 1.569710 -0.774649 18.486677 6.354836 -9.910556 -16.019545 -19.273569 12.168680 14.402863 -9.140893 8.523453 10.116832
15.384937 21.397434 -1.326374 8.320632 9.396700 -9.540840 -1.838667 25.422461 -1.408561 -3.138993 -3.479267 0.749229 1.848811 -14.522924 5.894470 -0.734592 1.350621 0.810267 1.569506 -0.738485 18.630127 6.271655 -9.893629 -15.890830 -19.344053 12.176523 14.436005 -8.871498 8.644529 9.987115
15.338147 21.488480 -1.373930 8.236876 9.540180 -9.469169 -1.689340 25.392481 -1.413377 -3.109469 -3.446414 0.833172 1.784324 -14.505417 5.921469 -0.689971 1.327079 0.798607 1.521555 -0.716319 18.440928 6.450057 -9.959485 -15.985518 -19.320307 12.204805 14.214946 -9.164233 8.472328 9.996790
15.359491 21.471640 -1.357852 8.328959 9.502504 -9.673337 -1.843212 25.370125 -1.538540 -3.094410 -3.443185 0.732929 1.839545 -14.559444 5.883195 -0.709802 1.329991 0.857097 1.629052 -0.743107 18.697029 6.242669 -9.819724 -15.824581 -19.411753 12.181814 14.584386 -8.721503 8.745806 10.082992
15.317486 21.466541 -1.305646 8.246304 9.426107 -9.497744 -1.786694 25.351095 -1.424700 -3.138259 -3.469973 0.763969 1.807432 -14.523078 5.895171 -0.711747 1.381297 0.824493 1.550805 -0.753608 18.559713 6.239172 -9.875620 -15.816072 -19.413851 12.103672 14.415433 -9.050736 8.669332 9.979335
15.388729 21.539455 -1.389864 8.299417 9.513027 -9.365798 -1.682094 25.371500 -1.292418 -3.160545 -3.439372 0.818941 1.736533 -14.497320 5.927881 -0.735504 1.333538 0.808679 1.540324 -0.746700 18.610132 6.653015 -11.122388 -15.832191 -19.397360 12.042253 14.961525 -9.077015 8.637267 9.885954
15.400771 21.403969 -1.299454 8.314657 9.381242 -9.537087 -1.828952 25.441027 -1.474281 -3.119133 -3.470337 0.772632 1.850237 -14.535723 5.892245 -0.709405 1.353423 0.828127 1.581834 -0.720652 18.724010 6.523346 -11.129508 -15.707583 -19.479092 12.042477 14.973759 -8.756468 8.765870 9.741025
15.361121 21.541462 -1.406597 8.302656 9.544347 -9.431723 -1.637641 25.346857 -1.356125 -3.126848 -3.424843 0.831057 1.761804 -14.527016 5.885460 -0.696974 1.322982 0.835285 1.565979 -0.724637 18.486151 6.722891 -11.162517 -15.810846 -19.490507 12.066391 14.841524 -8.988708 8.613883 9.703379
10.632598 21.723068 7.324684 6.310940 6.766150 2.725911 -7.315208 23.862938 4.841627 -4.936342 0.774732 3.622925 0.115039 -12.555000 4.390778 3.151784 4.947672 2.543465 -1.678273 -0.136894 16.759167 5.631227 -15.397017 -7.385388 -21.243807 4.856169 10.126251 -5.932715 5.943037 21.515177
0.824454 25.703657 14.593041 1.961318 11.213540 8.882059 -6.704923 18.527773 5.517722 -4.451041 1.916613 3.341095 -3.423566 -11.379496 4.560637 2.303411 7.142447 3.785611 -2.622189 -1.472885 10.154004 0.761751 -23.483049 -3.497313 -22.152756 -0.820779 -0.399853 -10.883439 1.988441 21.948174
-0.001513 25.943146 15.371417 1.715614 11.371589 8.727342 -7.031253 18.148481 4.744092 -4.678578 1.800428 1.430031 -2.419895 -10.391617 6.264867 2.543273 8.285780 5.724944 -3.611477 -2.618003 10.506597 -1.779417 -21.083147 0.530033 -24.504318 -2.727438 -0.238832 -10.363805 5.778788 25.521736
-0.199607 26.270714 15.278867 1.275088 11.829889 8.192769 -6.864697 17.868132 4.655648 -4.348179 1.784483 1.176148 -2.370661 -9.942879 6.194061 1.931316 8.361265 5.852302 -3.572011 -3.243292 9.768377 -2.319632 -19.587786 -0.009864 -24.717421 -2.399819 -0.572195 -10.402730 5.845892 26.125202
-0.369774 26.379450 15.460896 1.310351 12.056261 8.564412 -6.715896 17.786379 4.722160 -4.293549 1.804266 1.283989 -2.438907 -9.884560 6.198697 2.046414 8.422413 5.869642 -3.695093 -3.257131 9.532471 -2.250485 -19.663568 0.148462 -24.674902 -2.381578 -0.695844 -10.609590 5.857250 26.161100
-0.052561 25.279303 15.727712 1.744387 10.916834 8.968461 -6.927836 18.550320 4.793346 -4.861085 1.853981 1.341518 -1.980480 -9.878771 6.238761 2.251723 8.436716 5.811660 -3.899215 -3.045958 10.596515 -1.959912 -19.478813 0.051034 -24.626682 -2.145694 -1.053396 -9.665067 6.056147 26.485920
0.018681 23.329971 16.371714 2.351478 9.737022 9.646520 -6.901280 19.579323 5.077145 -5.574326 2.177960 2.045512 -1.347102 -9.683258 6.079881 2.998139 8.724630 5.682926 -4.530311 -2.577978 12.233360 -0.812141 -19.631544 0.559651 -24.329834 -1.799916 -2.111843 -9.299460 6.231829 26.002340
-0.089050 23.337732 16.170101 2.431456 10.271020 9.400066 -6.773273 19.265680 4.870983 -5.777158 2.152193 2.056785 -1.320054 -9.610550 6.048555 2.871897 8.708906 5.567272 -4.548563 -2.544588 12.053259 -0.741176 -19.719427 0.370624 -24.549810 -1.768965 -2.194811 -9.029256 6.136067 25.819637
-0.328251 21.495697 16.603395 3.310644 9.156361 10.330946 -6.021162 20.087744 5.146932 -6.926268 2.740851 2.838317 -0.644285 -9.164254 5.888228 3.485657 8.996481 5.169994 -5.192266 -1.976306 14.156716 0.273016 -20.050943 0.571567 -24.166288 -1.377792 -4.020819 -8.681893 6.802776 25.354185
-0.219608 20.850437 16.714264 3.309695 8.953455 10.851585 -5.939762 20.632193 4.966168 -7.382299 2.874754 2.995788 -0.369496 -8.986568 5.936798 3.488288 9.006027 5.060979 -5.366528 -1.970965 14.487336 0.347589 -20.090834 0.704053 -24.184263 -1.283087 -4.339966 -8.333148 6.889340 25.010551
-0.148511 20.442406 16.797512 3.487704 8.802168 11.220518 -5.663034 20.901218 4.958131 -7.603323 2.936922 3.088313 -0.233529 -8.959541 5.882252 3.489675 9.004539 4.960084 -5.423162 -1.830728 14.505481 0.477706 -19.891500 0.518893 -24.064487 -1.219767 -4.259612 -8.328791 6.765338 24.743237
-0.355679 20.357941 16.865051 3.620151 8.820887 11.052370 -5.432424 20.796701 4.750942 -7.917075 3.010359 3.000119 -0.183200 -8.888470 5.950033 3.528669 9.113251 5.038960 -5.580071 -1.913154 14.688142 0.259939 -20.090214 0.306260 -24.001629 -1.061867 -4.195897 -8.091913 6.856532 24.941036
-0.293211 20.953178 16.598415 3.384969 9.313219 10.489593 -5.793957 20.321993 5.042450 -7.219347 2.807689 2.935380 -0.460347 -9.111425 5.933106 3.506125 8.928532 5.124291 -5.219733 -1.914774 14.269926 0.417915 -20.008654 0.545796 -24.165573 -1.353604 -4.205743 -8.439215 6.512888 24.983438
-0.228846 20.536139 16.851625 3.496587 8.875525 11.275523 -5.557174 20.901426 4.883990 -7.611984 2.951725 3.080425 -0.231528 -8.939353 5.870505 3.523575 9.079529 4.927440 -5.472386 -1.880300 14.796298 0.496967 -19.946680 0.731780 -24.065958 -1.268718 -4.411008 -8.455200 6.934234 24.767574
-0.187676 20.533611 16.732624 3.438980 9.112405 11.035354 -5.745927 20.741434 4.968290 -7.549158 2.916893 3.036149 -0.314521 -8.980618 5.885684 3.501161 9.023619 4.948510 -5.385527 -1.837311 14.705508 0.464701 -19.984940 0.743078 -24.245863 -1.311142 -4.321691 -8.339769 7.015533 24.843868
-0.217912 20.496315 16.741077 3.481654 9.046150 11.073119 -5.709242 20.784784 4.977475 -7.587231 2.952435 3.074746 -0.286549 -8.938402 5.866440 3.516744 9.012333 4.918985 -5.434978 -1.878546 14.717568 0.526375 -19.945450 0.722274 -24.162931 -1.281145 -4.320695 -8.342712 6.954181 24.824415
-0.301198 20.343231 16.935484 3.545309 8.882360 11.378930 -5.447500 20.933847 4.914759 -7.713032 2.966074 3.084548 -0.174467 -8.941959 5.860669 3.537709 9.071861 4.909613 -5.506234 -1.816104 14.902100 0.437373 -19.931440 0.621935 -24.012436 -1.211592 -4.411593 -8.335353 6.921419 24.901365
-0.205066 20.367022 16.799868 3.436310 8.785088 11.155444 -5.609773 20.922575 5.020863 -7.571287 2.959849 3.101460 -0.241545 -8.947826 5.859685 3.504770 9.018843 4.967301 -5.414357 -1.828658 14.452655 0.472343 -19.626890 0.638237 -24.114836 -1.253585 -4.472749 -8.346589 6.713785 24.733934
