-0.226852 25.640295 -18.660578 14.215598 0.539793 10.211876 -0.276033 11.222355 3.285700 8.761398 -4.989826 10.941755 4.285395 -7.354323 5.358681 -5.581593 -0.435852 0.868031 -2.879761 -7.604610 9.108994 5.927214 10.309700 -13.837265 -11.839142 10.965799 0.964446 -27.528761 -2.002191 20.645687
-0.216784 25.626755 -18.700891 14.326676 0.551853 10.289599 -0.231092 11.192632 3.274723 8.725318 -4.869226 10.616304 3.857663 -7.547543 5.760200 -5.058508 -0.605180 0.746375 -3.100508 -7.456068 9.479643 5.976722 10.349944 -14.293338 -11.436892 11.105423 0.955427 -27.839554 -2.075892 20.733543
1.267172 25.451801 -19.896830 6.992512 -1.876466 12.263965 -0.368096 7.715292 1.274245 7.256707 -3.719469 12.080731 2.768603 -4.151830 6.046758 -7.164744 -3.528623 0.057772 -2.924630 -7.864167 7.875564 3.222647 10.188857 -12.405747 -6.042437 10.146674 6.372986 -24.268396 -9.275261 18.368666
-0.105976 27.062138 -20.575514 4.651924 0.407097 9.707741 0.613780 5.629067 -0.532647 8.311123 -3.357904 13.382973 1.153379 -3.423187 5.719531 -7.308024 -4.211860 0.736318 -3.041445 -8.629854 4.043994 1.594236 10.147182 -16.718063 -6.913757 8.075221 9.433187 -25.739153 -10.790074 19.582479
-0.539159 28.456326 -21.121832 1.797551 1.018294 7.790590 -0.449207 5.012016 -0.562957 8.734888 -3.821323 12.326616 -0.145105 -3.383638 5.104092 -8.448858 -4.004672 0.733793 -3.068026 -9.652934 2.386334 1.237378 10.185625 -17.755779 -6.093737 8.903771 10.968080 -25.266310 -11.096437 19.574020
-0.242370 28.481148 -21.956345 0.456623 0.446823 7.462862 0.371821 3.552120 -1.130183 9.148548 -4.038769 11.748737 -0.720778 -3.056644 4.938194 -9.347830 -4.206917 0.706999 -3.057340 -10.387735 1.098442 1.909604 10.392354 -18.757206 -5.690812 9.260879 11.903674 -24.997231 -12.082796 18.405710
-0.398091 28.114014 -22.897791 -0.582889 1.416652 6.983992 1.933481 2.364957 -2.120461 8.714788 -4.070760 11.937700 -0.497202 -2.672015 5.431874 -9.022173 -4.863395 1.640393 -3.075562 -10.087460 -0.237974 3.081728 10.865378 -20.289326 -5.459450 10.595617 12.012496 -24.670797 -12.772558 16.371794
-0.999609 28.046772 -23.178856 -0.731570 2.118075 7.240862 2.848579 1.843239 -2.381018 8.573303 -3.922045 12.091916 -0.074079 -2.382009 5.712972 -8.610461 -5.012147 1.950442 -3.311048 -10.021814 -1.093645 3.438387 11.113067 -21.463230 -5.820149 10.997831 12.311433 -24.665407 -13.100773 15.151821
-1.709005 28.455297 -23.240923 -1.781213 2.003759 7.373899 3.246381 1.379876 -3.145161 8.707240 -3.878126 12.035732 0.063979 -2.133470 5.970571 -8.435488 -4.890916 2.100506 -3.503572 -10.373869 -1.682248 3.859178 11.196991 -21.900011 -5.804113 11.465466 12.210387 -24.673134 -13.344593 13.987793
-1.903453 28.425520 -22.828276 -1.868108 2.180247 7.527164 3.637955 1.294330 -3.421574 8.644026 -3.866322 11.818026 0.122177 -1.897781 6.034308 -8.509003 -4.592971 1.992822 -3.765919 -10.819017 -2.437964 3.990748 11.039085 -22.017796 -5.644162 11.582110 12.094459 -25.371572 -13.318090 12.839511
-2.082226 28.569214 -22.521463 -2.285054 2.487873 7.156446 3.760321 1.303830 -3.805411 8.700423 -3.910615 11.492578 0.032365 -1.714152 6.195913 -8.524808 -4.384383 2.409964 -3.915820 -11.120316 -2.860412 4.094704 11.048615 -21.761417 -5.610846 11.835237 11.708666 -26.418776 -12.827324 11.709051
-2.407344 29.129837 -22.333824 -2.855358 2.553196 6.531710 3.677591 1.285170 -4.422564 9.152576 -4.055046 11.115108 -0.280857 -1.597612 6.175572 -8.865170 -4.222780 2.674865 -3.963925 -11.411638 -2.905715 3.884208 11.300603 -21.665667 -5.527503 11.942062 11.905782 -26.930960 -12.379414 10.912401
-2.556608 29.129902 -22.305237 -3.207512 3.101207 5.727452 3.629883 1.463173 -4.744287 9.193713 -4.170251 10.891632 -0.318728 -1.602334 6.329361 -8.903320 -4.321156 3.007242 -3.931390 -11.419113 -3.052129 3.495476 11.584109 -21.679605 -5.704405 11.796787 12.023607 -27.662218 -11.747688 10.247832
-2.209764 29.387932 -22.335005 -3.293630 3.295209 5.537309 4.293438 1.044998 -5.035520 9.103306 -4.281870 10.887634 -0.084408 -1.664356 6.581050 -8.715383 -4.492185 3.293119 -3.719954 -11.244125 -3.067182 4.224007 11.691336 -22.042862 -6.108872 11.569155 11.208470 -28.055838 -11.777249 9.623027
-1.811228 30.136705 -22.090805 -3.884517 3.279171 5.288720 4.939998 0.487425 -5.586318 9.235556 -4.410020 10.454196 0.137502 -1.450031 7.037196 -8.807438 -4.208128 3.410512 -3.636199 -11.726701 -3.299294 5.911895 11.454866 -22.624369 -6.541399 11.094436 10.076103 -28.288172 -12.530784 9.418323
-1.263290 30.445551 -23.036413 -4.253576 3.301374 4.035880 4.508668 -0.357287 -5.468917 10.062909 -4.248425 9.970161 -0.229711 -1.405324 7.873655 -8.098940 -3.944741 3.742523 -4.042933 -12.065260 -4.385245 7.911004 11.239229 -23.621742 -6.746312 10.808945 9.423514 -27.945551 -13.732997 9.526988
-1.204733 30.623379 -23.230303 -4.538747 3.356561 3.705930 4.499063 -0.558660 -5.539142 10.252010 -4.283953 9.992142 -0.167830 -1.340162 7.978319 -8.064376 -3.801152 3.713215 -4.040794 -12.117671 -4.693715 8.330893 11.175817 -23.704567 -6.588026 10.867504 9.349278 -27.787092 -14.063869 9.487407
-1.384322 30.593174 -23.326658 -4.612000 3.419832 3.623912 4.403533 -0.680127 -5.573008 10.312706 -4.290429 9.798707 -0.073512 -1.223192 8.027195 -8.140746 -3.721970 3.716197 -4.154479 -12.160252 -4.690911 8.354567 11.259260 -23.884926 -6.631338 10.740561 9.397929 -27.793877 -14.096651 9.349024
-1.593720 30.601425 -23.466513 -4.306403 3.500130 3.891394 4.470151 -0.767823 -5.483616 10.319345 -4.289865 9.825542 -0.149685 -1.250759 8.065701 -8.140023 -3.674889 3.745911 -4.132569 -12.193642 -4.812225 7.987655 11.334190 -23.868046 -6.693009 10.729080 9.649985 -27.996229 -14.004835 9.328515
-2.193713 29.934536 -23.748535 -3.628697 3.886845 4.229708 4.562315 -0.560409 -5.067246 10.109327 -4.084664 10.458733 -0.382780 -1.357807 7.828489 -7.858918 -3.969470 3.650695 -4.076840 -11.888240 -4.859696 6.919040 11.217711 -23.886190 -7.063644 10.347630 10.345696 -28.551863 -13.593786 9.872754
-2.398116 29.827263 -23.179613 -4.181280 3.392221 4.719647 4.513465 -0.207798 -5.623164 9.878729 -4.104195 10.421917 -0.500805 -1.438600 7.637896 -7.982978 -4.106256 3.613130 -4.044944 -11.772892 -4.708776 5.733882 11.373700 -23.351490 -6.662925 10.468656 10.586026 -28.909479 -13.175331 9.688588
-0.441530 30.597685 -20.112831 -10.261448 -1.719384 7.227531 5.493487 0.209627 -8.171187 8.158501 -4.781278 6.393339 1.322202 -1.148141 7.697543 -10.036431 -3.785785 3.399352 -4.460749 -11.595970 -2.771192 6.897414 11.957745 -15.852815 -3.067832 14.435044 5.024153 -31.711973 -11.642803 3.789920
-0.963712 30.707850 -19.290255 -9.022633 -1.455412 8.119292 5.835367 0.940944 -7.660120 7.562821 -4.565099 7.156196 1.407309 -1.832093 7.146978 -9.423085 -3.800555 2.940199 -4.530370 -10.865685 -2.839896 6.213606 11.572116 -14.962226 -2.315114 14.845858 5.107044 -30.786253 -12.234887 4.424440
-0.653602 30.652760 -19.096138 -9.028175 -3.004663 9.665517 5.542799 1.004806 -7.629551 7.466033 -4.337495 6.727201 2.121594 -1.982592 7.064836 -9.108680 -3.561368 2.762017 -5.117322 -10.589064 -1.870560 5.311728 11.580119 -14.535194 -2.474791 14.532043 5.377973 -30.995012 -11.740992 4.299364
-0.627284 30.219116 -18.804453 -9.266909 -3.448918 10.278285 5.219974 1.373805 -7.660514 7.174720 -4.230723 6.373268 2.572459 -1.964547 7.236297 -9.091640 -3.409076 2.697031 -5.404982 -10.508142 -1.328251 5.354975 12.089437 -14.513643 -2.877058 14.420988 4.680232 -31.744028 -11.262211 3.227782
-0.570294 30.114876 -18.966223 -9.480864 -3.549459 10.288302 5.130740 1.419597 -7.680887 7.118427 -4.362021 6.118814 2.438989 -1.945969 7.178435 -9.284427 -3.347003 2.800081 -5.393671 -10.622850 -1.264965 5.444159 12.008744 -14.080308 -2.406664 14.506069 4.610128 -31.590023 -11.484221 3.020036
-1.217136 30.105804 -20.436106 -5.954155 -1.402266 8.851738 4.925233 1.338751 -6.687942 8.167772 -4.241019 8.099389 1.008739 -2.073241 6.781825 -9.106891 -4.063950 2.165956 -4.481307 -10.950752 -2.117565 4.910792 11.191352 -15.731790 -2.178703 14.550335 7.829597 -28.359844 -12.765478 7.055976
-0.544622 30.537613 -19.016905 -8.161604 -3.049685 10.215222 5.441097 1.436422 -7.473752 7.390609 -4.557762 6.511271 1.603860 -1.943194 6.886015 -9.633636 -3.606333 2.677718 -4.907133 -10.670966 -1.702324 4.975564 11.586673 -14.446963 -2.221203 14.300097 5.769438 -30.504999 -11.923871 4.768308
-0.213643 30.146576 -19.047747 -9.790033 -2.999804 9.853317 5.130258 1.354967 -7.385662 6.704436 -4.503515 6.073321 1.919325 -1.600796 7.149136 -9.878695 -3.491356 3.083529 -5.233402 -10.727436 -1.305495 5.768634 11.781795 -13.729650 -2.192704 14.521685 4.618526 -31.217409 -11.599807 3.848000
-0.051349 30.266232 -18.753311 -8.188282 -2.923091 10.336282 5.126230 1.843595 -7.321499 6.883819 -4.526984 6.441155 1.893250 -1.968940 6.938186 -9.596837 -3.448466 2.619631 -5.001206 -10.579504 -1.574741 5.076869 11.437581 -13.777293 -2.082748 14.464938 4.940912 -30.785999 -11.409225 5.016130
-0.077249 29.004768 -18.562527 -10.525191 -3.794532 10.259381 4.207904 2.398182 -7.460201 6.158718 -4.495678 5.431899 2.629096 -1.470879 7.047877 -9.959746 -3.071679 2.518090 -5.529736 -10.792973 -1.140725 5.495543 12.251792 -13.120038 -1.478855 15.409571 3.743962 -31.616926 -10.909525 3.462693
-0.379239 29.664158 -18.668715 -9.790203 -3.525049 10.103390 4.616047 1.813527 -7.597539 6.866428 -4.497858 5.942657 2.519310 -1.751269 6.974291 -9.596100 -3.301854 2.706119 -5.384619 -10.589054 -0.902370 4.483860 12.765298 -13.402211 -2.016808 15.717283 3.899491 -32.062305 -9.778709 3.172125
-0.318658 29.353050 -18.521431 -9.606483 -3.328808 9.696434 3.736868 2.121557 -6.833304 6.575816 -4.163184 6.018756 3.081921 -1.618040 6.964030 -9.391272 -3.468300 2.165227 -5.689793 -10.449514 -0.259607 3.394461 12.948619 -13.976344 -1.993863 15.543896 5.591960 -30.740538 -9.901492 4.038588
-0.210021 28.050447 -18.381430 -8.416774 -2.859723 9.531299 0.879542 3.965847 -4.887770 5.806507 -4.183771 6.750010 1.794160 -1.590828 6.313522 -10.229594 -4.176267 0.825275 -4.844889 -10.526733 0.619880 -0.192198 12.263396 -14.208188 -0.467015 15.482827 10.670117 -26.509859 -10.693115 7.857931
-0.283114 27.884438 -18.525433 -7.736921 -2.311474 9.000756 -0.177572 4.576299 -3.673203 5.601969 -4.388969 7.043160 0.648732 -2.040380 5.833117 -10.751441 -4.688210 0.865608 -4.150003 -10.407373 0.206153 -1.620106 11.084419 -14.647340 0.761597 14.677240 13.235143 -24.192339 -13.196241 9.859875
0.131249 27.876656 -18.037743 -7.487429 -1.029086 7.668285 -0.551408 5.442312 -2.867239 5.273010 -4.609138 7.265547 0.027065 -2.768302 4.739840 -11.033744 -4.993331 0.557304 -4.131565 -10.103483 0.758651 -0.973795 9.872142 -13.979505 2.454400 14.875451 14.160251 -21.349222 -15.887299 11.078908
1.110019 28.128035 -17.611328 -5.911247 -0.399945 7.103011 -0.305213 6.237584 -2.305889 5.334263 -4.488802 8.191869 0.036111 -3.059318 4.296865 -10.207854 -5.208321 0.474330 -4.227073 -9.550070 1.768676 -0.461261 9.256007 -13.591196 2.325664 15.450500 14.391957 -19.228167 -16.350830 13.319755
2.053841 28.747610 -17.454573 -3.797145 0.614646 6.666362 0.159121 6.648313 -1.854405 5.547399 -4.421332 8.923809 -0.429960 -3.715183 3.560387 -9.866227 -5.126623 0.086130 -4.344230 -9.263873 3.274523 -1.570703 8.605622 -13.009684 2.949065 15.140542 15.357245 -16.545191 -16.812628 16.099686
2.210806 29.008850 -17.930378 -2.702583 1.629676 6.583142 0.601282 6.474781 -1.103864 5.502693 -3.786680 9.489491 -0.373580 -2.884954 3.707755 -10.135335 -4.544437 -1.140888 -4.578972 -9.675150 3.948076 -1.655252 8.535351 -11.844251 3.861336 15.407199 15.443431 -15.114773 -16.762859 19.298277
3.626352 28.929701 -17.894930 -0.866284 2.790404 6.961440 1.382422 6.962080 0.120381 4.852870 -3.396799 9.162949 0.492874 -2.332410 3.737319 -10.380461 -3.484716 -2.981460 -5.073145 -11.179710 5.107418 0.080721 7.952300 -10.273326 4.384578 14.766707 14.332913 -14.213886 -17.449108 21.764223
3.862198 26.863939 -19.045454 1.613191 3.518255 8.659137 3.605520 5.822402 -0.234336 4.446207 -3.292009 8.744931 1.957170 -1.664178 3.971703 -10.546338 -2.458538 -4.748164 -5.372206 -12.732264 6.194425 0.212963 6.310604 -7.740092 5.712002 15.422071 13.803142 -12.557774 -17.187307 23.149553
3.510062 26.259764 -19.581411 2.372315 3.566508 8.866449 4.123430 5.437195 -0.293431 4.588830 -3.388421 8.954561 2.691923 -1.413618 3.859490 -10.836331 -2.191593 -4.906533 -5.253789 -13.060293 6.617204 0.565976 6.664050 -7.181492 6.055764 16.170742 13.491222 -11.864717 -17.379177 23.005047
2.685428 25.872738 -19.960798 3.979437 4.217073 8.086427 4.456444 5.558308 -0.081595 5.220534 -3.407926 8.896095 3.063196 -1.504917 3.915356 -10.670775 -1.790314 -5.174987 -5.325935 -13.534811 6.447436 0.101420 6.864662 -6.182899 6.258840 17.036863 13.508015 -11.318002 -17.589117 23.535330
2.165851 24.782791 -21.902567 5.704051 4.985811 8.796716 5.188277 5.212229 0.485696 5.138489 -2.847843 8.736815 4.190760 -1.287071 5.178367 -9.803864 -1.245811 -6.592116 -5.337749 -14.035846 6.768736 -0.443710 6.962943 -4.680928 7.454445 18.038115 13.798707 -9.968986 -18.303341 24.283026
2.567666 24.450788 -21.922792 5.692739 5.056595 9.183894 4.793880 5.220784 0.792704 4.871584 -2.734258 8.539986 4.572300 -1.254637 5.606812 -9.778558 -1.337138 -6.914509 -5.213423 -13.991395 7.283021 -0.986688 7.135042 -3.587937 7.600104 18.461042 13.276330 -9.653172 -18.256859 24.861881
3.062892 24.324076 -22.392771 4.817520 4.939685 9.516595 4.607783 5.192954 0.942892 4.393835 -2.898254 9.133984 4.840453 -1.026366 5.591101 -9.848926 -1.397759 -5.974957 -4.870949 -13.568683 7.936772 -0.696000 7.449430 -2.582009 7.777641 18.677252 11.866582 -9.847266 -18.505713 24.517790
4.040948 24.417416 -22.554682 4.031965 4.372269 9.942966 4.276358 5.477305 1.360423 3.658782 -2.866114 8.845116 4.882236 -1.101310 5.597091 -9.946882 -1.709577 -5.951406 -4.829719 -13.236389 8.270892 0.911636 6.549662 -1.072302 8.049951 18.925014 10.038371 -10.415771 -18.534517 24.053818
3.473980 24.133663 -22.569029 4.730396 4.409450 9.866265 4.271849 5.405252 1.324105 3.971292 -2.839185 9.065868 4.977530 -1.078427 5.638513 -9.801232 -1.936537 -5.685230 -4.767125 -12.708434 8.092834 1.014669 6.132524 -0.870039 8.125959 18.784010 10.205307 -10.384961 -18.738928 24.411482
3.000686 23.937634 -22.600744 4.892135 4.287969 9.816378 4.332780 5.344470 1.425374 4.008931 -2.839831 9.253729 5.022763 -1.004249 5.580335 -9.760650 -1.871052 -5.711854 -4.770280 -12.740789 8.057902 1.107658 6.077403 -0.454749 8.294523 19.032185 10.111053 -10.525101 -18.699398 24.387590
3.016218 23.751162 -22.614349 5.055675 4.531106 9.708026 4.345337 5.276379 1.600226 3.953937 -2.761398 9.377888 5.105029 -0.895111 5.585767 -9.667264 -1.906184 -5.634481 -4.855066 -12.598050 7.676444 1.131868 5.977251 -0.434635 8.315409 18.954836 10.106641 -10.995465 -18.587667 24.187927
