11.654372 29.109600 -6.771821 4.775813 14.792874 5.637149 0.483843 15.991405 3.381815 -3.544722 2.574223 2.655915 3.701264 -9.385619 -3.129058 -4.793253 -4.176021 8.658705 -3.103022 -6.959009 6.310427 13.834108 -19.418589 2.370842 0.285936 22.297657 9.655469 -21.553877 -3.739968 11.673579
11.725464 29.050558 -6.257113 4.660884 15.143920 5.586846 0.601850 16.109276 3.519219 -3.967984 2.627005 2.522054 3.524301 -9.513256 -3.145250 -4.634739 -4.293537 8.642456 -3.268503 -6.696671 6.097776 14.018445 -19.880579 2.591093 -0.007471 22.275511 9.829852 -21.324743 -3.692741 11.545228
10.579732 26.453590 -7.525195 4.033786 12.111097 8.430095 -1.055771 16.203943 3.691848 -4.279063 3.299176 3.199362 4.497315 -8.654574 -2.676819 -4.530094 -4.372863 7.913375 -3.156218 -6.437864 7.378365 13.003216 -19.718386 2.990429 1.674129 21.505602 11.010150 -19.968710 -5.728231 11.165071
11.246040 27.769987 -6.575760 4.275202 13.339643 7.713404 0.272256 16.210268 3.547603 -4.470589 3.038869 2.959335 4.056110 -8.937746 -2.992692 -4.642498 -4.451606 8.377058 -3.283165 -6.559675 6.979335 14.015232 -19.554983 2.612231 1.340241 22.215292 9.987693 -20.753897 -5.023906 11.363179
11.053758 26.878181 -6.965256 3.599635 11.644668 10.131595 0.659551 15.721520 3.139462 -5.082842 3.357764 3.342126 4.339454 -8.496376 -2.696496 -4.431372 -4.728793 8.159084 -3.359122 -6.362808 8.003527 14.841817 -19.678808 3.735267 2.213935 21.940735 9.771861 -19.704134 -6.733296 10.874927
10.992045 25.779465 -7.262598 3.347614 9.584913 12.314518 0.497907 16.029287 2.728878 -5.607451 3.709639 3.565846 4.642803 -7.910993 -2.270194 -4.304964 -5.065968 8.024584 -3.429978 -6.086125 8.511109 15.354071 -19.586233 3.916337 2.449464 21.611708 9.849086 -19.061819 -7.743719 10.609468
10.606328 25.261312 -7.306733 2.678814 8.876051 13.252877 0.836154 15.784329 2.260837 -5.939099 3.977978 4.069048 4.844775 -7.635277 -1.948108 -3.953379 -5.311612 8.107471 -3.420103 -5.766479 9.161334 16.260683 -19.388775 4.462078 2.952365 21.468466 9.343340 -18.624668 -8.866040 9.940213
10.890145 24.884121 -7.222051 2.486558 8.540904 14.395562 1.834933 15.561227 1.879640 -6.679619 4.259562 4.577094 4.829483 -7.307876 -1.598386 -3.642766 -5.669098 8.425171 -3.432827 -5.424863 9.559004 17.155745 -19.258078 4.719537 3.157035 21.437578 8.843522 -18.257925 -9.761278 9.171714
11.498034 24.315628 -7.153213 2.696905 8.225540 15.635811 2.774885 15.571603 1.756856 -7.506191 4.413930 4.741552 4.742629 -7.160555 -1.528164 -3.552786 -5.933263 8.530256 -3.525178 -5.237402 10.440175 17.232920 -19.287643 5.683840 3.813021 21.182274 8.571163 -17.644724 -10.614491 9.006347
11.907294 23.689133 -7.168196 2.976280 8.265423 16.400785 3.651122 15.480850 1.885617 -8.190432 4.514606 5.073706 4.465823 -7.002864 -1.545174 -3.519350 -6.300820 8.708703 -3.522933 -5.126879 10.735807 17.353476 -19.209877 6.141389 4.403734 21.033960 8.535583 -17.129847 -11.438210 8.739078
12.939853 22.936020 -7.120650 3.402493 8.283724 17.584524 4.335669 15.453471 2.224105 -9.157080 4.616044 4.825050 4.161949 -6.878779 -1.901422 -3.880402 -6.802393 8.354195 -3.681341 -5.018349 11.588628 16.747766 -19.645884 6.891072 5.217516 20.654608 9.255061 -16.132391 -12.200464 8.884859
13.507215 22.003044 -7.517927 3.850011 9.404996 16.892511 4.530627 15.322867 3.196353 -9.862291 4.605547 4.394846 4.160817 -6.748158 -2.350700 -4.440953 -7.188334 7.869986 -3.848703 -4.854054 11.937012 15.816288 -19.848494 7.781129 5.964102 20.230904 9.744099 -15.747155 -12.629043 9.448780
14.120975 21.146923 -7.716942 3.938989 10.261515 16.328020 4.143305 15.454789 4.198214 -10.542199 4.581625 3.983719 4.268370 -6.816884 -2.959463 -4.950798 -7.546854 7.436428 -4.027668 -4.589431 12.256276 14.745984 -19.905008 8.371729 6.510733 20.128407 10.726967 -15.197419 -12.622332 10.163448
14.739895 20.167768 -8.015193 4.368784 11.688488 15.370149 3.845158 15.691434 5.315521 -11.307968 4.477883 3.447449 4.447534 -6.927322 -3.539066 -5.318939 -7.621758 6.957726 -4.279243 -4.461241 12.825288 13.717799 -19.873522 8.766718 7.095830 20.230671 11.730243 -14.166484 -12.921032 10.691140
14.894284 19.710278 -8.140451 4.052155 13.271915 13.577486 3.060376 15.955512 6.189747 -11.662149 4.484535 2.993258 4.950113 -7.066634 -3.984833 -5.497221 -7.632883 6.480371 -4.572120 -4.109259 13.380832 12.909696 -19.705666 8.943929 7.775238 20.366404 12.758601 -13.025187 -13.404091 10.802355
14.992942 19.497799 -8.084769 3.627332 14.673334 11.872636 2.245423 16.494360 6.868467 -11.895716 4.456339 2.377827 5.602592 -7.065910 -4.092811 -5.721190 -7.562861 6.212947 -4.768170 -3.744087 13.457700 12.227567 -19.857616 9.299072 8.585362 20.595350 13.804101 -12.024950 -13.967354 11.031072
14.774091 19.816891 -8.047827 3.116372 16.052000 10.046371 1.526788 16.862494 7.427927 -11.797495 4.335091 1.944997 6.514045 -7.069285 -4.143474 -5.784209 -7.279438 6.270017 -4.948201 -3.363246 13.393261 11.656988 -19.277243 9.289632 9.246758 21.179646 14.566307 -11.116494 -14.596882 10.919278
14.565427 19.932562 -8.221370 2.741867 16.218380 9.266988 0.801603 17.317488 7.621514 -11.652760 4.270462 1.536318 6.992543 -7.117956 -3.959433 -5.770135 -6.994823 6.358538 -4.973452 -3.114671 13.503397 11.183627 -19.395346 9.604651 9.884970 21.395041 15.104277 -10.440323 -14.981758 10.640456
13.701628 19.988304 -8.316930 2.364600 17.096842 8.138459 0.327181 17.482847 7.911257 -11.490932 4.156595 1.273374 7.776175 -7.322350 -3.776538 -5.582008 -6.618930 6.776974 -4.936667 -2.256088 13.293393 10.105019 -19.484552 9.822766 10.741635 21.458555 16.194979 -9.945893 -15.533175 10.233658
12.888391 20.673876 -8.153369 2.301286 18.379101 6.725120 0.213709 17.364361 7.894579 -10.904381 3.951995 0.958104 7.965614 -7.500674 -3.566221 -5.574749 -6.460607 7.208366 -4.860224 -2.022707 12.709893 8.950777 -19.791231 9.627202 11.256860 21.254232 17.105524 -9.986917 -15.666893 9.863519
12.464604 20.724838 -8.057853 2.119698 18.669931 6.297729 0.071421 17.266138 7.792242 -10.754000 4.050451 0.828682 7.940023 -7.589292 -3.417525 -5.332063 -6.367076 7.246009 -4.961808 -1.782476 12.901694 8.582139 -20.423063 9.889308 11.477520 21.264711 17.492596 -9.692718 -15.711818 9.374707
12.332419 20.860794 -8.019737 1.968062 18.724136 6.135967 0.143355 17.181528 7.645589 -10.625776 4.007380 0.822524 7.835057 -7.654600 -3.377249 -5.307006 -6.322359 7.369545 -4.964564 -1.789421 12.816035 8.587200 -20.569483 9.936560 11.555769 21.297609 17.571911 -9.639728 -15.744799 9.392594
7.515989 6.536838 -9.123902 -2.886004 13.332219 19.991961 0.261827 15.672433 6.632020 -15.715975 6.628155 4.000545 6.076397 -5.042798 -2.938986 -5.286874 -6.844099 3.583949 -4.014987 1.457831 17.839802 5.937938 -17.116980 13.591304 4.512350 8.833475 10.209617 -4.331604 -20.522657 7.075691
5.465630 2.537313 -10.600005 -6.769949 18.235884 14.395024 1.430757 13.425099 7.830350 -16.913685 7.368813 3.806548 5.810763 -2.783324 -3.613090 -6.240391 -7.955023 3.301960 -4.483060 3.012738 15.247810 2.991467 -13.855746 11.039109 7.250837 6.706155 12.228776 -2.828094 -24.943663 5.139052
-1.859595 -1.537808 -8.439384 -3.801295 18.670046 25.143675 3.129962 9.791224 9.904510 -12.889764 10.097030 6.804819 2.588213 -2.262252 -2.785017 -3.655259 -4.982855 0.619732 -4.060979 3.842126 9.145089 -0.032437 -13.081504 10.536064 4.984385 4.881116 3.190956 1.247865 -29.081383 5.291790
-1.096833 -1.834131 -9.905808 -5.488517 22.444128 21.752378 3.124199 9.331651 9.041530 -14.002756 9.364932 5.703453 2.320532 -1.516410 -2.805035 -5.447979 -6.040200 0.543979 -4.005080 3.769922 9.086707 -0.295673 -13.171110 10.555556 4.921625 4.551535 5.860975 0.924571 -29.378740 2.009477
-0.967842 -1.981118 -9.882792 -7.083892 24.660385 20.984268 3.863539 8.464835 7.619879 -15.264655 9.705938 6.199081 2.035127 -1.447745 -2.573165 -5.460503 -6.735655 1.104524 -3.687028 4.389857 8.151235 -1.204243 -12.703334 10.608405 5.299603 4.741496 6.152010 0.674155 -30.058760 -1.794283
2.254006 1.249258 -11.738130 -7.510734 26.693729 16.054920 5.495156 7.349418 6.375928 -14.522213 8.584859 6.935963 2.143370 -1.372085 -3.388343 -6.375885 -8.476341 2.852839 -3.449632 3.476805 7.862935 -0.155891 -13.225502 7.961207 7.352349 7.814638 11.247409 0.893285 -30.173704 -2.268752
-1.844830 0.889982 -10.580633 -3.394956 26.253778 22.879892 6.952922 3.220445 7.300669 -10.719324 10.590571 8.677093 -0.928259 -1.572815 -2.987485 -3.617577 -7.032094 2.039647 -3.086165 2.917461 3.122709 -1.634766 -11.498729 4.901246 7.829752 8.684986 5.110758 3.724827 -33.179649 0.495935
3.513374 3.810796 -13.895320 -6.546432 27.631964 14.014792 6.714686 5.425438 5.421767 -13.273676 8.425457 7.518427 1.031083 -1.579118 -3.517515 -6.398975 -9.645697 4.575275 -2.627495 2.294795 7.191388 0.444867 -14.385103 4.604528 9.030597 10.139261 14.232562 0.482006 -30.551811 -2.325002
2.847556 2.272343 -12.516930 -6.874795 27.273100 15.898452 5.766886 6.118524 5.424738 -14.148290 8.435849 7.604924 1.489585 -1.374707 -3.399774 -6.524607 -8.926151 3.772115 -3.033349 2.935770 7.569661 0.244410 -14.590257 6.759130 8.322645 8.579287 12.696748 0.811349 -30.402430 -2.439718
3.246311 2.635763 -13.316703 -7.064296 26.780336 14.590012 5.758144 6.379801 5.470106 -14.515846 8.166000 7.052956 1.583477 -1.450238 -3.221462 -6.608467 -9.208658 3.792032 -3.040671 2.873173 7.856468 0.172582 -13.577365 6.829526 8.228107 8.847574 13.429324 0.410795 -29.850376 -2.455845
3.373237 2.592065 -13.307839 -7.020944 26.793592 14.497188 5.869498 6.466757 5.258227 -14.480591 8.164144 7.050586 1.568047 -1.488044 -3.194886 -6.579506 -9.224478 3.830994 -3.015370 2.800535 8.095448 0.126894 -13.567948 6.746716 8.394130 8.958439 13.420428 0.186738 -29.633188 -2.668762
5.499893 4.215397 -13.316301 -8.598570 28.022772 11.256197 5.832479 7.225659 5.257612 -15.672204 7.696444 6.247921 2.092802 -1.662071 -3.368753 -6.985456 -10.290230 5.166044 -3.144740 2.353215 9.081350 0.606204 -13.546230 5.918448 9.255781 9.852230 16.472647 -0.726819 -29.124502 -2.489549
7.236240 5.809070 -15.552939 -9.166287 27.160021 8.558835 5.890963 7.304749 4.582505 -14.663895 6.877124 5.638851 2.323924 -1.427019 -2.622985 -7.441337 -11.206751 6.603292 -2.925999 1.253078 9.791243 1.200211 -12.980745 5.508932 10.204937 10.900372 19.055029 -2.050150 -28.274912 -2.754129
6.997286 5.496985 -15.150703 -9.145318 27.335760 9.025399 6.132144 7.458388 4.925699 -15.011739 7.031890 5.644585 2.284314 -1.560193 -2.742588 -7.395335 -11.161991 6.244414 -2.929804 1.532809 9.822829 0.806095 -12.630954 5.256926 10.033687 10.767810 18.338957 -1.577724 -28.556593 -2.696151
7.030696 5.444161 -14.972968 -8.980559 27.425201 9.348678 6.119676 7.499013 4.999121 -15.152243 7.147813 5.694506 2.258588 -1.630191 -2.887793 -7.344394 -11.081308 6.187846 -2.982187 1.654012 9.902717 0.578795 -12.554805 5.112092 9.980482 10.735220 17.934214 -1.492293 -28.565002 -2.623247
2.601087 1.952640 -12.191356 -6.869677 27.508698 16.503111 5.749279 6.320416 5.614524 -14.154655 8.528268 7.612356 1.535066 -1.439695 -3.426151 -6.445151 -8.683550 3.380566 -3.153706 3.393045 7.277261 0.179810 -14.231081 7.239967 7.876243 8.183299 11.716001 0.906853 -30.723207 -2.408314
6.034852 4.445994 -13.529760 -8.124718 28.071974 11.234315 6.471864 7.239175 5.127197 -15.345096 7.603420 6.181405 2.087110 -1.721304 -3.179472 -6.895361 -10.490154 5.573013 -3.141104 2.248321 9.286252 0.654959 -13.481072 5.166882 9.522117 10.209369 16.456944 -0.982236 -28.997023 -2.827681
8.861940 7.154221 -17.358530 -9.441536 26.474558 5.725467 5.615367 7.911165 4.117280 -14.237423 6.386740 5.215419 2.884346 -1.367019 -2.398762 -7.743234 -11.883675 7.586922 -2.677521 0.454770 11.231706 1.587270 -13.600848 3.426393 12.526566 12.629353 22.089653 -3.838421 -27.269672 -2.729967
6.660979 5.250564 -14.741235 -8.875587 27.656548 9.295441 6.364169 7.385765 5.211047 -15.186905 7.194711 5.477614 2.111115 -1.663195 -2.733261 -7.185080 -11.105286 6.101046 -3.055953 1.703537 9.846957 0.619349 -12.544383 5.207451 9.965492 10.545870 17.290260 -1.587912 -28.767893 -3.063335
-1.759441 -2.615181 -9.976996 -4.886003 23.040251 22.597948 2.810203 8.744405 9.767795 -13.957272 9.958241 6.436809 1.224494 -1.763177 -2.663143 -4.833352 -6.060040 0.498990 -3.887893 3.539037 8.201455 -0.933035 -12.502139 9.411339 4.707640 4.413393 4.652282 1.476932 -30.431910 1.980887
0.207954 -0.275747 -13.433589 -9.555397 23.607874 12.118320 0.574760 8.972476 9.752313 -14.432396 8.148484 4.372592 2.900228 -0.531245 -2.538664 -7.353587 -8.118301 2.116104 -4.083951 2.374515 8.223767 0.657988 -10.146886 9.040626 6.572592 5.258314 10.862514 -2.445612 -28.472250 1.240860
3.937613 2.487136 -15.236743 -11.886469 23.743052 5.579661 -0.359978 9.656711 9.266026 -15.567342 7.444080 2.570539 3.143807 -0.369202 -1.960778 -7.983913 -10.175905 4.048125 -4.336310 0.785698 8.769326 1.245075 -7.805831 7.894785 8.527476 6.433470 16.476542 -5.966109 -27.264441 0.347960
5.352120 4.158184 -18.127552 -14.003832 23.043234 1.787700 -0.637433 9.432840 9.319459 -14.846390 7.361958 1.907877 2.709216 -0.244626 -1.142536 -7.895360 -11.151339 5.384505 -4.464568 -0.735555 5.763332 0.377576 -6.179667 5.226993 8.610319 7.989026 19.555487 -8.428338 -26.199894 -0.667537
6.216059 7.181607 -19.971575 -15.809359 22.849810 -2.592296 -0.565836 9.122825 8.961873 -13.721291 7.133095 0.949379 2.243905 0.169634 0.037935 -7.257450 -12.059925 7.205217 -4.961412 -2.192580 6.100168 -1.328064 -3.881865 1.135087 11.324598 9.629211 22.654280 -12.353963 -25.071077 0.155960
5.747694 8.627179 -20.418547 -16.954525 22.707964 -4.195765 -1.189221 8.712348 8.960362 -13.269906 7.023537 0.293396 1.982021 0.458559 1.140052 -6.584433 -11.588869 8.417509 -5.434726 -2.520258 6.640397 -4.039136 -1.976247 0.013267 12.949358 9.827940 22.687288 -14.990404 -23.808767 1.157970
4.044775 9.810864 -19.464930 -18.820589 22.381502 -4.721137 -1.226874 9.030578 9.136078 -12.740303 7.088585 -0.570850 2.172645 0.562908 2.473621 -5.414401 -10.792049 9.452358 -6.203994 -2.093994 5.840111 -6.015179 -0.675603 0.342640 12.516668 9.310261 20.961405 -17.808786 -22.849920 1.193638
2.477233 11.327748 -18.103434 -20.368860 21.389498 -5.061110 -1.740144 9.632637 8.138831 -12.428679 7.172589 -1.306805 3.227441 0.502549 3.435067 -4.480789 -9.993004 10.083165 -6.855992 -1.583530 6.827522 -7.621036 -0.067496 2.269285 11.970142 9.411107 19.124739 -19.298883 -20.341253 0.347542
1.588543 13.408461 -17.120775 -21.134554 20.459208 -6.089044 -2.274482 10.291348 7.157135 -11.770155 7.089166 -1.890656 4.216323 0.184758 3.912565 -3.633980 -9.403706 10.457443 -6.983346 -1.222064 8.428797 -7.743620 -0.502662 4.234500 11.610663 9.912930 17.901558 -19.779898 -18.536104 -0.008508
0.653651 14.100063 -15.592611 -20.548550 18.796726 -5.544950 -2.679537 11.136840 6.785085 -12.004642 7.050971 -2.144878 5.167296 -0.184971 4.501626 -2.716121 -8.667820 10.935751 -7.265739 -1.040664 8.443686 -8.047688 -0.276516 5.401627 11.470901 10.037955 16.874117 -20.613386 -16.963301 0.787727
0.386726 14.236040 -14.405429 -20.511284 16.374353 -4.496049 -1.786927 12.279863 7.150297 -12.679111 6.802515 -2.362716 6.529393 -0.305514 4.971185 -1.889528 -7.979082 11.259136 -7.794916 -0.733226 9.535466 -8.464464 -1.118924 7.712963 11.338633 9.620104 16.399496 -21.980675 -15.557985 2.461266
0.144031 14.303392 -12.976180 -20.087070 15.126138 -3.164441 -1.584270 13.933382 7.089099 -13.594957 6.872398 -2.216824 7.677076 -0.822950 4.471595 -1.140624 -7.433305 11.007872 -8.004368 -0.234610 10.330318 -8.570801 -1.182031 9.600127 11.255735 8.840326 14.787091 -23.949781 -14.267236 2.638815
0.538864 13.877016 -11.312573 -19.684679 14.518168 -0.989746 -1.460522 15.304109 7.720318 -15.189137 6.980539 -2.816153 8.786187 -1.244226 4.546245 -0.599083 -7.026764 10.736959 -8.494504 1.142545 11.697009 -8.307637 -1.353793 11.689692 10.447573 7.776736 12.996406 -24.486055 -13.381130 3.295492
0.880620 12.846820 -10.576677 -20.254219 13.029625 2.145998 -1.984617 14.961917 8.722297 -15.815769 7.031231 -3.405688 9.750358 -1.698389 3.899839 -0.646536 -6.670387 9.906643 -8.661946 2.123126 13.507397 -7.668618 -1.986127 14.189115 10.865404 6.940007 10.102128 -24.433207 -13.158646 4.167799
1.020913 13.088812 -9.433118 -20.651239 10.432093 4.160251 -4.232049 14.713006 9.504222 -16.393282 7.193272 -4.454071 10.493777 -1.910638 3.400776 -1.067247 -6.177890 8.280861 -9.046659 2.407057 15.927807 -6.372279 -2.234856 16.532780 10.355223 6.746724 7.616833 -24.749140 -11.619864 5.608072
1.197557 12.952621 -9.340009 -21.280956 9.849918 4.714218 -4.624628 14.475297 9.699177 -16.834055 7.236271 -4.764688 10.906962 -1.881012 3.453515 -1.083732 -5.801425 7.853303 -9.248234 2.151110 16.397577 -5.667852 -1.974150 17.402340 9.677097 6.685404 7.168010 -25.053545 -10.919043 5.631251
-8.212135 8.991106 -6.837073 -16.753191 11.775141 15.258866 -3.806448 10.383931 14.685723 -11.382866 9.863871 -0.899876 7.108392 -0.986815 2.656940 -0.520127 -1.761327 3.690425 -8.721179 2.171890 4.749695 -4.596279 -4.984415 16.839832 2.286296 3.268843 -1.089014 -16.777300 -17.736677 5.271765
-15.946571 -0.464180 -3.175422 -12.674862 5.881930 26.553076 -9.787565 9.194015 20.066692 -5.628118 12.092505 3.026146 2.590811 -0.099700 1.843289 0.960571 1.643857 1.721283 -7.522204 -0.148701 -2.247540 -3.680622 -8.634851 11.239962 -1.708470 2.052303 -6.627307 -9.850657 -21.858450 7.594613
-15.005960 0.196916 -3.584509 -14.790699 7.102895 24.318377 -6.981143 9.037169 18.493933 -7.799727 11.250532 2.127831 3.793548 -0.358947 2.370240 -0.029148 1.149447 2.113807 -7.441401 0.526738 -1.372391 -5.293874 -8.641450 13.186444 -0.822364 1.627295 -5.912601 -11.218099 -21.244259 7.670085
