-11.323010 25.579571 -17.043928 18.194006 -6.997415 -6.962305 3.047062 1.930115 7.319681 -12.076008 2.562165 2.761247 3.847079 -9.314412 -3.421609 -4.983598 -4.180011 8.723946 -3.165607 -6.810954 4.045129 6.453303 7.312365 1.652460 2.255286 23.647015 -0.908598 -23.990719 -4.482039 20.012449
-11.372970 25.612299 -17.018574 18.267233 -7.013851 -6.993312 2.918133 1.848106 7.118668 -12.308111 2.649682 2.577249 3.678252 -9.447599 -3.400692 -4.810909 -4.303528 8.756645 -3.298153 -6.647850 4.381509 6.449186 7.332480 1.274254 2.735604 23.832153 -0.844763 -24.292463 -4.541104 20.120529
-12.961472 24.648346 -14.925891 18.002716 -5.225127 -5.149624 4.120288 1.908268 8.894446 -11.141096 2.859201 3.022569 3.369683 -9.328633 -4.080685 -4.863901 -3.654652 8.339877 -3.429728 -6.076741 2.433658 6.216390 6.239697 1.459985 1.481452 23.220026 -3.295031 -22.078108 -5.960567 20.683432
-13.325965 23.460550 -13.441767 19.191973 -3.961747 -4.714668 5.647225 2.565766 9.836108 -10.211150 3.149957 3.209239 3.179301 -9.600905 -4.425498 -4.236227 -3.120563 8.703164 -3.410555 -5.516423 2.186378 5.795238 5.690383 1.018125 0.872732 23.442408 -4.300525 -20.140020 -6.272871 21.349861
-14.271717 22.024616 -11.422193 19.569485 -2.413954 -3.810055 7.306014 3.621767 11.156299 -8.843845 3.452491 3.448430 2.739991 -9.786061 -4.801902 -3.848612 -2.565429 8.718798 -3.446289 -4.938030 1.208971 5.189418 4.752963 0.289682 0.114538 23.482414 -5.985518 -18.030697 -6.951244 21.827866
-14.682026 20.798347 -9.969544 20.546415 -1.412147 -3.790644 8.355581 4.447313 11.640320 -8.465892 3.723616 3.498707 2.363805 -10.002753 -5.291925 -3.595995 -1.899051 8.808712 -3.411201 -4.525065 1.274256 5.220645 4.281840 -0.382002 -0.124987 23.708921 -7.004241 -16.603178 -7.183046 21.595381
-15.006228 19.959631 -9.058338 21.559275 -0.620146 -4.007234 9.160349 4.885855 11.778844 -8.341203 3.924139 3.589016 2.194015 -10.102221 -5.497198 -3.186040 -1.354997 9.042688 -3.532474 -4.320167 1.185267 4.897542 3.776867 -1.375121 0.211531 23.964708 -7.711029 -16.097507 -7.882826 21.812799
-15.313254 19.283627 -8.177676 22.284655 -0.212714 -4.152258 9.587670 5.243925 11.684034 -8.550083 4.073907 3.326622 2.058508 -10.180111 -5.700915 -3.077550 -0.975624 9.338278 -3.341864 -4.339299 1.234783 4.731096 3.581140 -2.258337 0.596288 24.350588 -8.154213 -15.670547 -8.128973 21.704519
-15.700490 18.878975 -7.598427 22.871279 0.326407 -4.415124 10.056754 5.292057 11.725469 -8.401536 3.896789 3.180415 1.895074 -10.304466 -5.765509 -3.161286 -0.710606 9.481153 -3.272705 -4.446095 1.031772 4.223510 3.165745 -2.830131 0.804428 24.403536 -8.624421 -15.659286 -8.173483 21.839027
-16.093149 18.870226 -7.233064 23.431593 0.468768 -5.231525 9.780682 5.074375 11.231951 -8.877263 4.043787 3.205701 1.630510 -10.433963 -6.041522 -3.163745 -0.631440 9.522754 -3.129105 -4.377467 1.262013 3.699646 2.767100 -3.865300 1.543785 24.601900 -8.901944 -15.404248 -8.528733 22.243502
-16.827332 19.161709 -6.364695 23.700451 0.718596 -5.825761 9.645053 4.706421 10.719933 -9.062050 4.141229 3.232528 1.231437 -10.524048 -6.270607 -3.168498 -0.571715 9.555045 -3.000691 -4.397414 1.277792 3.230057 2.158867 -5.174529 2.464561 24.852468 -9.558636 -15.671578 -8.913691 22.136332
-17.822659 20.020924 -5.764064 23.844110 0.665511 -6.492079 9.361117 3.859834 9.632764 -9.709109 4.126296 3.374247 0.657578 -10.680549 -6.674136 -3.362629 -0.491875 9.320811 -2.792747 -4.262521 0.907474 2.874807 1.741249 -6.070059 2.981158 25.108727 -9.997445 -15.961781 -9.172256 22.105522
-18.522346 20.859444 -5.459623 23.709660 0.622876 -7.378618 8.801245 3.256119 8.468560 -10.237432 4.265391 3.462573 0.363015 -10.792507 -6.982773 -3.424205 -0.537376 9.090221 -2.626221 -4.140724 0.643616 2.713234 1.306089 -6.429703 3.191513 25.070005 -10.814057 -16.317295 -9.354795 21.505627
-19.311443 21.980682 -5.024090 23.128798 0.534596 -7.594380 8.528381 2.459722 7.644768 -10.400325 4.175333 3.639148 -0.248289 -10.872898 -7.343558 -3.798990 -0.624403 8.733900 -2.400514 -4.133969 0.455382 2.258553 0.828664 -6.582741 3.384780 24.920984 -11.370045 -17.230282 -9.111168 20.911312
-19.947786 23.282936 -4.644003 22.326178 0.114264 -7.732886 8.080067 1.560715 6.390700 -10.790506 4.442693 3.616044 -0.693582 -11.007635 -7.535490 -3.795144 -0.892534 8.439313 -2.196827 -3.847248 0.509941 1.755579 0.499434 -6.165493 3.646684 24.413363 -12.117041 -18.445332 -8.719488 20.414490
-20.140234 24.155752 -4.303549 21.512194 -0.502069 -7.284525 7.910737 1.064248 5.982233 -10.854368 4.593741 3.805563 -0.972209 -10.928239 -7.841641 -4.169244 -1.237857 8.026670 -2.000227 -3.824390 0.640404 1.219117 0.253472 -5.923029 4.074818 23.966518 -12.327432 -19.991461 -8.556080 20.118107
-20.159142 25.688278 -4.302809 20.519079 -0.984333 -7.279806 7.469594 0.622083 5.285951 -10.717484 4.657838 3.732973 -1.461990 -10.838166 -7.964981 -4.753607 -1.648868 7.797528 -1.622883 -4.046041 1.099863 0.631497 0.240293 -5.138855 4.484237 23.316927 -12.828439 -21.849897 -8.053092 19.266891
-20.273029 26.807598 -4.556882 19.760105 -1.389936 -7.103088 7.223921 -0.066955 4.845223 -10.793449 4.871975 3.754522 -1.623595 -10.668981 -7.966385 -5.001203 -1.931696 7.692180 -1.464771 -4.294987 1.033967 -0.261675 0.318050 -4.531739 4.970443 22.712681 -12.644422 -23.601051 -7.592534 19.413042
-20.298485 27.539444 -5.048003 19.087679 -1.630012 -6.810678 6.855044 -0.546043 4.779293 -10.772425 5.242754 3.513062 -1.729921 -10.430986 -8.041412 -5.357340 -2.135886 7.672322 -1.228401 -4.713059 1.264330 -0.712153 0.590526 -3.630381 5.274748 22.076025 -12.215302 -24.903816 -7.122411 19.726408
-19.988037 28.625870 -5.574295 18.744223 -1.855624 -6.312614 6.363563 -1.140380 4.515381 -10.802849 5.553488 3.322624 -1.804953 -10.358519 -7.898308 -5.350083 -2.344327 7.522622 -1.226451 -4.750170 1.424841 -0.971283 0.682388 -3.402316 5.799395 21.834106 -12.216113 -25.882833 -7.042188 20.035580
-20.057274 28.432335 -5.596563 18.776449 -1.814739 -6.277087 6.292098 -1.179241 4.480047 -11.001276 5.532330 3.327778 -1.739860 -10.312325 -7.781665 -5.352122 -2.428940 7.590523 -1.244698 -4.841266 1.333853 -0.881656 0.661901 -3.656852 5.916539 21.956419 -12.258939 -25.958315 -7.079020 19.996548
-20.059603 28.441387 -5.584052 18.783995 -1.813039 -6.265422 6.305797 -1.193788 4.462373 -10.998999 5.562660 3.327509 -1.746062 -10.278970 -7.778581 -5.365180 -2.406507 7.579606 -1.252002 -4.861711 1.349330 -0.882226 0.692693 -3.640844 5.908041 21.961517 -12.243465 -25.971529 -7.074900 20.000690
-18.456406 27.046392 -4.330084 20.721228 -2.389367 -10.011940 8.123720 1.679246 2.808828 -9.118689 4.010614 3.023184 -1.552120 -11.705687 -8.122895 -5.161559 -1.544185 7.297525 -0.670328 -2.800531 1.987165 -0.988880 0.673622 -5.427268 3.707992 23.656221 -13.040854 -20.837944 -6.732259 17.054342
-16.368212 22.918930 -4.841336 23.054743 -1.127104 -10.880698 9.346764 4.767094 5.291754 -7.365402 2.891058 2.526855 -1.110747 -12.409613 -7.652034 -4.898296 -0.964913 7.853680 -0.382673 -2.019164 3.076031 -1.245153 2.065676 -6.519142 2.243780 25.286200 -10.824458 -16.402927 -4.588348 17.262121
-15.224154 21.438484 -4.585489 21.120386 -2.232628 -10.257739 9.485822 7.224089 6.346637 -5.826365 2.036676 1.833450 -0.471770 -12.511351 -6.846133 -5.158155 -0.692510 8.007648 -0.362555 -1.681971 4.408278 -1.595041 2.840134 -5.233708 1.294779 25.081186 -9.472007 -15.201021 -2.826834 17.801250
-14.600434 20.769779 -4.209265 16.934122 -4.173969 -9.389722 9.113793 10.020173 6.041795 -4.711435 1.401492 1.130216 -0.085990 -12.058348 -5.972419 -5.651078 -0.424635 8.059013 -0.770546 -1.767555 5.343375 -1.685242 3.994809 -3.020366 -0.013779 24.436527 -8.266194 -14.564078 -1.415304 17.643074
-13.490062 21.335730 -4.482962 14.132645 -6.714834 -7.952525 6.607887 11.215451 6.595575 -4.067522 0.909041 1.152991 -0.121340 -11.741911 -5.054357 -5.983770 -0.760859 8.207006 -1.100129 -2.086385 6.134178 -2.118515 4.349409 -0.622433 -0.125186 23.226572 -6.808204 -15.025887 -0.090898 19.560955
-11.456522 21.941593 -6.512952 13.201458 -6.979472 -10.837450 4.889748 12.418644 7.194080 -1.421732 -0.362174 0.640003 -0.191196 -12.236870 -4.862762 -6.777203 -1.396708 7.626342 -0.715260 -2.195514 5.635381 -2.737708 5.886715 -0.927886 -2.062040 24.004938 -3.643579 -13.848826 1.672529 18.116964
-8.917692 22.559225 -8.163228 13.048461 -7.826600 -12.611493 2.896777 13.948587 8.269390 0.661803 -1.428721 0.184526 0.203350 -12.656469 -4.283258 -6.808181 -1.778653 7.772213 -0.520725 -2.467339 5.123195 -2.610870 7.430793 -0.227223 -3.750233 24.798697 -0.361162 -12.251528 3.552026 17.861950
-8.951783 22.565126 -8.091713 13.012883 -7.740363 -12.527118 3.055285 13.926763 8.235565 0.697796 -1.512054 0.136405 0.220988 -12.661005 -4.271769 -6.864798 -1.740337 7.737298 -0.523550 -2.456233 5.049513 -2.717526 7.454565 -0.248229 -3.740174 24.863447 -0.489273 -12.383193 3.376221 17.569092
-8.980901 22.566145 -8.143301 12.924322 -7.754664 -12.626633 3.022082 13.912992 8.142046 0.619844 -1.535608 0.165484 0.122565 -12.672812 -4.328486 -6.919356 -1.755372 7.678136 -0.508801 -2.442981 5.084647 -2.754910 7.428403 -0.215246 -3.790410 24.808054 -0.530721 -12.336861 3.425942 17.574024
-9.042135 22.523806 -8.095800 13.007291 -7.654097 -12.641072 3.131213 13.877807 8.146098 0.569571 -1.510776 0.152947 0.185829 -12.658907 -4.335291 -6.926023 -1.786136 7.667599 -0.505832 -2.469563 5.124253 -2.812021 7.357419 -0.250286 -3.720444 24.802984 -0.621861 -12.332004 3.399274 17.628035
-8.836199 22.529667 -8.143583 13.035216 -7.757153 -12.614105 2.948952 14.097007 8.223008 0.810943 -1.523315 0.068255 0.273770 -12.679978 -4.234043 -6.887298 -1.800997 7.738344 -0.476738 -2.488510 4.893257 -2.521434 7.502416 -0.243980 -3.959914 24.925310 -0.362843 -12.140315 3.380712 17.637552
-8.840324 22.603321 -8.132384 13.006213 -7.794823 -12.504132 3.018529 14.004710 8.232909 0.755285 -1.497003 0.130582 0.197801 -12.671800 -4.270856 -6.856977 -1.726505 7.743962 -0.509756 -2.454930 5.001464 -2.684692 7.440162 -0.311139 -3.686355 24.856314 -0.420948 -12.428594 3.381135 17.681786
-8.962569 22.585423 -8.133792 13.009115 -7.705740 -12.566705 3.057212 13.950462 8.210601 0.708723 -1.528103 0.144466 0.212985 -12.672705 -4.258575 -6.899138 -1.804159 7.736341 -0.495531 -2.499306 5.058946 -2.663996 7.433769 -0.267522 -3.730415 24.891291 -0.524479 -12.381656 3.402389 17.446747
-9.000270 22.563778 -8.183903 12.987229 -7.680322 -12.625232 3.045449 13.884187 8.144633 0.597112 -1.495702 0.179248 0.143584 -12.675982 -4.331682 -6.904608 -1.768183 7.708046 -0.496084 -2.441862 5.003582 -2.712814 7.416950 -0.213538 -3.788740 24.841467 -0.525240 -12.364017 3.415833 17.537174
-9.020885 22.550938 -8.091301 13.045971 -7.654867 -12.648419 3.137224 13.926530 8.159988 0.579272 -1.484293 0.204382 0.213987 -12.656228 -4.336508 -6.903149 -1.787104 7.675616 -0.516669 -2.454204 5.071033 -2.661514 7.372483 -0.305048 -3.756346 24.823183 -0.659555 -12.393191 3.382491 17.543568
-9.187075 22.427776 -7.996680 12.952914 -7.738019 -12.834429 3.188408 13.899272 8.112478 0.558324 -1.561437 0.339400 0.207038 -12.584657 -4.510358 -7.131758 -1.691805 7.652246 -0.432930 -2.450925 5.103960 -2.635283 7.299837 -0.450426 -3.764382 24.940527 -0.841658 -12.265114 3.304805 17.345558
-9.071141 22.586784 -8.113664 13.017982 -7.722591 -12.714475 3.114157 13.886463 8.233847 0.591590 -1.548164 0.286389 0.353223 -12.583965 -4.426760 -7.056913 -1.705455 7.771265 -0.442455 -2.488343 4.998016 -2.658448 7.332672 -0.260573 -3.822822 24.839842 -0.545463 -12.302749 3.406224 17.602394
-8.886523 22.563297 -8.158265 13.092916 -7.810894 -12.703069 3.066998 14.024842 8.273151 0.699886 -1.577558 0.240972 0.371614 -12.574421 -4.369710 -7.003159 -1.667775 7.726421 -0.491591 -2.487117 4.989917 -2.492534 7.373201 -0.408017 -3.764603 24.936560 -0.297217 -12.233813 3.338979 17.712894
-8.841128 22.510521 -8.219159 12.845234 -7.932795 -12.744089 2.967726 14.164454 8.374418 0.932566 -1.680964 0.265384 0.532471 -12.477006 -4.443669 -7.300870 -1.699021 7.801151 -0.384493 -2.642295 4.957736 -2.650207 7.457744 -0.181025 -3.988119 24.885298 -0.094751 -12.061503 3.577597 17.723536
-6.383303 20.749567 -9.190652 13.181522 -8.235967 -12.023225 2.200946 15.816517 9.283078 2.021743 -2.338034 -0.621768 2.031159 -12.445503 -3.640025 -7.022304 -1.187124 7.904422 -0.553776 -1.359751 5.523333 -0.945514 8.637881 1.581618 -5.854239 24.911661 1.266304 -9.167388 4.307419 17.377907
-4.383739 18.871220 -9.146100 13.503130 -10.775610 -10.826219 1.768179 18.060410 11.188626 2.357945 -2.508278 -1.379422 3.298252 -12.318553 -2.503718 -6.484339 -0.876972 8.047768 -1.165448 0.427164 7.700226 0.661741 9.783549 2.969954 -6.921597 24.741390 1.645802 -5.771245 4.029224 18.029264
-3.140368 18.727676 -8.039153 13.757895 -13.172516 -10.651714 1.198058 19.710558 11.714625 2.492838 -2.296920 -1.420957 4.278009 -12.220647 -2.926495 -6.206458 0.137381 8.071337 -1.609024 1.446000 10.303493 1.123878 9.647321 4.956277 -7.408359 23.546484 1.429301 -2.031628 4.004167 21.761641
-2.739798 17.859797 -5.309263 14.132868 -13.411928 -8.262889 0.510274 20.366186 10.696276 2.523694 -2.280691 -1.533597 5.199728 -11.861997 -3.372364 -6.345392 1.364752 8.380106 -1.664350 1.736268 11.879281 0.523611 8.776685 6.894674 -7.485868 22.239790 0.094263 -0.744283 5.521970 24.251289
-3.243423 15.307607 -4.308646 14.641791 -14.535699 -7.592811 1.216371 20.488190 11.387540 1.719616 -2.065662 -2.159319 5.705940 -11.965147 -3.032900 -5.185927 2.460436 8.343781 -2.437124 2.446461 13.905840 -0.565800 8.343016 8.472638 -6.998202 21.272923 -1.039673 -1.609914 8.018955 24.864769
-2.431556 13.165989 -4.320460 14.558327 -16.975597 -6.611924 1.196969 22.048117 10.638526 0.049258 -1.803675 -2.374374 6.832848 -11.578293 -3.124676 -4.417845 3.041507 7.638159 -3.503372 2.238846 16.777220 -0.945278 8.777871 9.655261 -6.365861 20.413755 -2.239969 -3.857450 10.455416 23.321115
-1.366735 10.847139 -4.957170 14.791008 -18.841475 -5.480996 1.435403 23.697336 10.211865 -1.774188 -1.372950 -2.516812 8.522060 -11.234835 -3.535807 -4.066699 3.073331 6.620785 -4.616265 1.939757 19.576216 0.991101 9.386007 11.560158 -7.295990 19.716188 -4.346843 -5.060328 12.205368 21.348293
-1.132666 8.031370 -4.100415 15.503605 -20.714256 -3.193293 1.709710 25.959217 9.622340 -3.883782 -0.990093 -2.786195 9.870957 -10.944118 -4.068855 -3.586462 3.216227 5.034650 -5.752086 1.652650 22.554846 6.651630 10.208700 12.438365 -8.781365 19.885096 -8.298535 -5.778284 12.400391 18.823433
-1.102134 6.208466 -2.487835 15.928590 -22.239944 0.580139 2.507213 27.759974 10.023130 -5.408247 -0.951030 -3.215485 10.266511 -10.776485 -4.957201 -3.499586 3.626888 2.976323 -6.939155 0.339260 23.792009 9.817424 9.330088 13.106335 -10.858408 19.533064 -13.146878 -5.314247 12.350071 18.074251
-1.672862 5.089205 0.071115 16.461811 -23.111506 4.918060 5.348775 28.794096 10.529080 -5.165137 -1.234281 -3.955287 9.457388 -10.925046 -6.009269 -4.065510 4.062681 1.490575 -7.208693 -1.093548 23.977926 11.817755 7.602596 14.540789 -13.480350 17.919296 -18.769655 -6.604874 13.856831 17.402716
-2.509620 4.307976 1.935067 17.538721 -22.847301 6.807182 8.425382 29.173353 10.429099 -5.204740 -1.514106 -4.270487 8.712131 -11.310068 -6.702437 -4.279675 4.432439 0.790398 -7.206272 -1.475864 22.922817 11.996065 6.723141 14.985841 -15.151081 17.384218 -21.110342 -7.531816 15.660775 15.899844
-3.800483 5.152446 1.633907 17.617186 -21.501661 5.246786 9.495708 28.242189 10.352663 -5.265803 -1.358140 -3.762959 7.876619 -11.700615 -6.753086 -3.998443 4.165781 0.633690 -7.241051 -1.224832 22.832766 10.412173 6.656570 14.504470 -14.154924 18.383219 -21.033224 -7.656876 14.506825 16.456877
-4.699553 6.643663 0.545433 17.829512 -18.512798 3.159576 9.148503 27.323536 9.002221 -5.494886 -1.325833 -1.675463 7.239471 -11.881742 -6.885846 -3.875601 3.627867 1.647891 -6.488569 -0.321857 22.077475 8.696492 7.401824 13.212639 -12.062923 20.304455 -19.000107 -7.482672 12.690125 15.533282
-5.703710 7.106518 1.207142 17.781778 -17.084202 2.435795 9.711656 27.361628 8.526864 -4.754364 -1.393854 -1.021293 6.193901 -12.263224 -7.362936 -3.890349 3.571286 1.591801 -6.288638 -0.184104 21.300182 6.429320 6.973317 12.492354 -12.169645 20.613754 -18.772720 -6.988650 12.395487 15.082652
-5.272483 7.419047 6.099425 17.096258 -20.037680 4.314082 9.182221 28.819794 9.187864 -1.952733 -1.864131 -1.364646 4.955022 -12.550661 -8.519842 -4.459879 4.000393 0.561760 -6.259811 -0.974284 21.034275 3.664998 5.127429 13.760114 -13.488256 19.285479 -19.254812 -5.362162 16.276712 16.831108
-3.988342 7.599834 7.945287 16.196886 -23.062868 5.165339 7.320800 29.859995 10.039145 -0.865631 -2.326247 -1.975837 4.136018 -12.675194 -9.002848 -4.725752 4.385128 -0.288420 -6.219794 -1.567600 20.034719 4.370797 3.793373 15.097765 -13.805824 17.691551 -21.810377 -5.316202 17.435900 18.414808
-4.218860 7.713313 7.987938 16.011326 -22.771585 4.897740 7.410052 29.660261 10.028584 -0.754473 -2.285771 -1.683299 4.236493 -12.595598 -9.210416 -4.835802 4.435362 -0.281715 -6.172509 -1.537967 19.768230 4.077276 3.882885 14.830911 -13.654325 17.727654 -21.371862 -5.198804 17.309858 18.689371
-4.030897 7.473658 8.117707 16.179090 -23.008829 5.074229 6.949255 29.747080 9.968894 -0.855495 -2.328264 -1.917572 4.281749 -12.519266 -9.240432 -4.883403 4.477983 -0.310628 -6.068549 -1.550563 19.527834 4.060039 4.019913 14.893758 -13.724277 17.639193 -21.109827 -4.864284 17.317930 18.883635
-4.217424 7.469798 8.172621 16.169821 -23.020395 4.964964 7.363882 29.719561 10.108806 -0.654143 -2.260579 -1.949108 4.417698 -12.481317 -9.296737 -4.957501 4.503718 -0.465446 -6.234905 -1.726418 19.278053 4.039058 3.893006 14.596748 -13.642125 17.739523 -20.614405 -4.547807 17.137377 19.042934
