0.594996 26.120152 -10.265769 4.677358 3.848642 -5.881143 9.288795 12.289487 17.644426 -7.486657 -4.381760 1.305019 -1.285801 -9.790792 5.322489 -2.063989 -5.390058 3.228587 -9.635222 -2.803150 -3.002852 15.357042 -13.008534 15.120175 -15.123292 19.073902 9.788013 -13.419972 0.067565 9.240301
0.129143 26.037722 -10.350234 4.679526 3.464886 -6.400223 10.074323 12.179946 18.347971 -7.642383 -4.409697 1.322630 -1.306203 -9.780036 5.294541 -2.089149 -5.417008 3.204715 -9.685315 -2.772589 -2.969070 15.489544 -13.428891 15.140979 -15.134218 19.057381 9.944969 -13.350190 0.013419 9.068733
-3.030034 13.961817 -3.594069 10.351702 8.872684 -15.451719 18.698465 19.907413 16.142860 -6.076252 -4.755046 0.773316 -4.177004 -13.391546 -1.144948 -4.390619 -3.738997 -1.590522 -5.218384 2.985078 0.542766 12.605772 -15.341850 5.576805 -16.815889 24.928324 0.177565 -1.193462 0.930790 -2.821782
-2.304790 11.601574 -2.147422 10.942531 9.381460 -16.976233 19.422058 21.592937 16.929977 -5.227066 -5.550065 0.840966 -3.747216 -13.864813 -1.588721 -4.549056 -3.104570 -2.058599 -5.003669 5.197432 3.312414 11.454458 -15.157969 3.792870 -16.259420 26.175154 3.044488 2.428325 3.139305 -2.389702
-1.478361 10.831254 -0.940118 11.826927 8.788355 -17.913240 18.679790 23.155191 16.446924 -4.365408 -5.834188 0.340320 -3.770072 -14.236572 -1.674462 -4.385187 -2.159751 -1.644401 -4.584071 6.137344 5.746935 9.932888 -15.139532 4.213675 -16.159288 25.942566 3.407372 4.705256 4.863899 -1.219639
-0.761608 10.643847 0.094327 12.552777 8.100250 -19.017160 17.554180 23.738070 16.004639 -3.703227 -6.299872 0.072217 -3.136773 -14.376857 -1.556588 -4.083434 -1.515258 -1.875831 -4.901674 6.907596 7.721066 9.801460 -14.818902 3.844936 -15.807580 26.109987 2.974367 6.155959 5.732142 -1.516382
0.200966 10.044071 0.498680 13.210594 8.039773 -19.693907 16.802526 23.993738 16.037901 -3.087859 -6.426875 0.100325 -2.770679 -14.363712 -1.684475 -3.584877 -0.915271 -2.087776 -5.323333 7.636693 7.993461 9.182149 -14.947580 3.591172 -16.172298 26.096390 3.150229 8.441960 6.517159 -1.320241
0.454857 9.820694 1.258124 13.868952 7.686735 -20.364733 15.576068 24.053715 16.033447 -2.769079 -6.869167 0.149974 -2.465078 -14.379378 -1.827081 -3.540956 -0.643145 -2.452649 -5.623550 8.107621 8.598029 9.544026 -15.017593 2.368949 -15.822360 26.346296 3.710474 9.894742 6.640446 -0.592815
0.499746 9.549398 1.868610 14.165465 7.217101 -20.703310 14.580491 24.320913 16.225294 -2.544462 -7.026341 0.099733 -2.128223 -14.368818 -1.923595 -3.337029 -0.361045 -2.600121 -5.882671 8.461306 8.986631 9.676531 -15.297783 2.095060 -15.810270 26.385080 4.286582 11.418594 6.540230 0.520871
0.470330 9.014730 2.289337 14.662924 7.036098 -20.604076 14.214392 24.329887 16.740326 -2.561082 -7.333825 -0.036542 -1.629456 -14.299880 -1.757779 -3.183858 -0.127737 -2.772593 -6.194841 9.016877 9.343463 9.361027 -15.570489 2.024703 -15.668747 26.258360 4.903456 12.636195 6.656390 2.311211
0.749660 8.407896 2.455880 15.050835 6.034106 -20.356092 12.831773 24.750204 17.036036 -3.052684 -7.191542 -0.130575 -1.117936 -14.209532 -1.695243 -2.745968 0.318188 -2.839837 -6.583959 9.345563 10.066077 9.726887 -15.534506 2.531304 -15.707958 25.717604 5.355842 13.720728 7.009405 4.399851
0.856973 7.722024 3.051222 15.358523 5.242904 -19.983358 11.826672 25.400463 17.276917 -3.126910 -7.052048 -0.357653 -0.713756 -14.150521 -1.656556 -2.313058 0.832730 -3.003861 -7.126561 9.410014 10.517840 10.057292 -15.530812 2.763611 -16.059710 25.599318 5.603953 14.970364 7.121950 6.067097
1.178522 6.979347 3.619015 15.669336 4.611759 -19.130167 11.134877 25.780798 17.998655 -3.431400 -7.170048 -0.675944 -0.455015 -14.139849 -1.557879 -2.213353 1.350669 -3.233467 -7.549798 9.587563 11.130834 10.727406 -15.756287 2.999143 -16.286119 24.990931 5.729456 16.076416 6.954845 7.140248
1.458415 6.535888 4.295988 15.707989 3.735166 -18.263899 10.587646 26.397802 18.436420 -3.249725 -7.082721 -1.070522 -0.231529 -13.908648 -1.469900 -2.183799 1.846061 -3.729683 -8.180908 9.544838 12.281890 9.997658 -16.512323 3.055743 -15.883044 24.349018 5.124904 16.894457 6.870402 7.876718
1.645437 5.637463 5.476358 15.178286 2.241523 -17.101152 9.789397 27.412733 18.964483 -3.211640 -7.007545 -1.176519 0.456616 -13.517408 -1.304680 -1.830241 2.529152 -3.966364 -8.881443 9.808971 13.877621 9.765181 -17.465591 3.949661 -15.676405 23.443731 3.375210 17.224009 7.014029 8.573806
1.423820 3.951703 6.804962 15.451448 0.630151 -15.153939 8.782340 28.456545 19.418444 -4.212669 -6.739060 -1.351441 1.490307 -13.326829 -1.409632 -1.285831 3.107993 -4.243435 -9.662059 9.847035 15.714383 9.968392 -18.188457 4.439932 -15.394035 22.823692 2.018615 17.813301 7.398901 9.186007
1.410231 3.582808 7.114708 15.610353 0.323687 -14.701142 8.842342 28.578718 19.617609 -4.514879 -6.475933 -1.598611 1.827599 -13.319870 -1.532051 -1.079576 3.366891 -4.234886 -9.754983 9.868961 16.293259 10.256801 -18.498987 4.525294 -15.217773 22.564133 1.217744 18.013544 7.187764 9.437099
1.358087 3.438118 7.342942 15.655182 -0.002934 -14.582862 8.805488 28.848747 19.752504 -4.673975 -6.390444 -1.737321 2.058463 -13.315442 -1.606577 -1.018182 3.541943 -4.300778 -9.862721 9.891010 16.789442 10.208401 -18.508966 4.749247 -15.106293 22.532068 1.214907 18.267458 7.325541 9.309423
1.390916 3.404918 7.404416 15.677773 -0.200249 -14.698066 8.820428 29.051262 19.799978 -4.599935 -6.424204 -1.780287 2.099573 -13.335322 -1.560164 -0.992410 3.612447 -4.354921 -9.950698 9.968365 16.786600 10.302839 -18.587158 4.745374 -15.150879 22.482084 1.130464 18.353748 7.346387 9.239966
1.332017 3.273014 7.662530 15.626354 -0.520746 -14.583587 8.867776 29.313774 19.755678 -4.613354 -6.473410 -1.917935 2.195966 -13.358820 -1.571880 -1.035079 3.638915 -4.439033 -9.951451 9.977974 16.985962 10.741994 -19.843819 4.913383 -15.211172 22.331734 1.448508 18.418112 7.363821 8.967391
1.171635 3.853631 7.138183 15.753968 0.621275 -15.552995 9.081102 28.723997 19.517981 -4.572311 -6.820278 -1.262867 1.626175 -13.278616 -1.393210 -1.257610 3.325444 -4.381067 -9.895745 10.055885 16.307341 10.409790 -20.017939 4.821881 -15.360591 22.410789 1.597970 18.093645 7.127037 8.995754
1.405566 3.759033 7.383029 15.607381 0.099535 -15.215589 8.901532 29.126766 19.648851 -4.421591 -6.648761 -1.646256 2.017282 -13.396001 -1.444826 -1.144831 3.432857 -4.358471 -9.900434 10.013094 16.773865 10.484981 -19.867702 4.868127 -15.342737 22.522125 1.833541 18.339993 7.484334 8.990191
6.738153 -2.486997 6.755922 15.260271 -9.418295 -9.146873 8.602483 36.359848 16.256311 -9.087440 -3.093342 -7.675488 5.543228 -13.301285 -2.436985 -0.572951 3.665138 -3.626105 -9.120824 4.881319 23.794422 19.118021 -16.718676 11.711443 -19.249283 19.635607 -6.737321 8.460320 15.453524 4.170064
8.203358 1.091073 5.338849 13.588554 -11.524208 -11.131116 8.769329 35.921234 13.557057 -9.294713 -2.425482 -7.909009 6.159459 -13.801781 -1.758990 -0.246954 3.158030 -1.539210 -7.969034 5.194574 24.890333 15.871868 -15.629745 11.471461 -16.639570 20.521261 -0.706499 7.915828 14.912846 7.673347
9.433282 4.797612 3.129162 11.775167 -12.084515 -15.887597 8.013073 35.706238 11.762402 -8.327431 -3.653534 -7.220283 6.311775 -15.041245 -1.033764 -0.170902 1.789006 -0.198988 -6.072733 6.498702 24.409300 13.007305 -13.901617 10.271971 -14.693117 21.894003 6.030152 7.867032 16.670820 6.121612
9.445297 6.888760 1.406895 10.391105 -10.702634 -18.617817 8.664784 34.041664 11.148282 -7.406293 -4.079320 -6.511473 5.692579 -15.533386 -0.828682 -0.565250 1.053716 0.617553 -4.964240 6.871047 23.594818 10.985577 -13.235109 9.889618 -13.936807 22.652147 8.941842 6.542619 17.212807 4.722850
9.567674 7.045121 1.383824 10.203815 -11.179111 -18.666048 8.828183 34.216110 11.029024 -7.284118 -4.145841 -6.324903 5.863292 -15.503878 -0.801460 -0.627937 1.000619 0.814793 -4.873111 6.961069 23.644421 10.868185 -13.190354 9.974030 -13.953457 22.791067 9.069173 6.388219 17.495317 4.487026
9.552562 7.114860 1.474291 10.208065 -11.242661 -18.724741 8.797673 34.254162 10.955390 -7.282539 -4.100503 -6.358356 5.857841 -15.526482 -0.809737 -0.683013 0.996190 0.853164 -4.782253 7.042496 23.791645 10.929839 -13.189867 9.981700 -13.863025 22.862026 9.172050 6.403205 17.627823 4.518524
9.538236 7.132737 1.443775 10.166697 -11.297781 -18.684538 8.792237 34.143433 10.920287 -7.362447 -4.102794 -6.338436 5.849596 -15.513337 -0.810722 -0.674044 0.989800 0.851920 -4.798272 7.018018 23.760153 10.947281 -13.237660 9.916482 -13.854670 22.852777 9.130044 6.479252 17.590332 4.608763
9.539969 7.213923 1.446697 10.077078 -11.343203 -18.656416 8.810809 34.107647 10.866986 -7.355011 -4.092185 -6.333554 5.829739 -15.514906 -0.814231 -0.684625 0.972152 0.859064 -4.798089 6.975543 23.804087 10.949965 -13.224603 9.945061 -13.835439 22.831392 9.103024 6.423702 17.584482 4.602314
9.500019 7.179697 1.442971 10.105898 -11.239281 -18.677038 8.834570 34.077950 10.939265 -7.345053 -4.082721 -6.341924 5.832845 -15.524019 -0.817520 -0.695679 0.957828 0.858573 -4.785620 6.998412 23.767237 10.940613 -13.231227 9.931169 -13.819689 22.841871 9.142407 6.449767 17.570347 4.592184
9.485995 7.173273 1.446061 10.115447 -11.315339 -18.600058 8.800719 34.089916 10.932663 -7.349282 -4.106531 -6.376145 5.853780 -15.523897 -0.807796 -0.688404 0.975344 0.857173 -4.789117 6.951372 23.796673 10.977068 -13.226104 10.008259 -13.875275 22.796963 9.045821 6.412583 17.578878 4.617862
9.488645 7.154510 1.440331 10.139753 -11.301170 -18.634485 8.796672 34.089226 10.942590 -7.374448 -4.119274 -6.389735 5.863287 -15.529696 -0.793942 -0.686945 0.972566 0.879447 -4.786407 6.933053 23.788359 10.991026 -13.210161 10.006154 -13.841427 22.806881 9.047766 6.393045 17.549887 4.535079
9.481486 7.175165 1.432825 10.134082 -11.298126 -18.619822 8.799236 34.074745 10.893559 -7.349532 -4.106979 -6.412337 5.872981 -15.534898 -0.823080 -0.671673 0.984187 0.879849 -4.786654 6.861115 23.831259 11.004957 -13.196815 9.980067 -13.835422 22.841475 9.060979 6.417898 17.554684 4.466548
9.483835 7.198720 1.457670 10.083225 -11.358434 -18.576254 8.784293 34.077667 10.829110 -7.362494 -4.081358 -6.452849 5.849222 -15.541935 -0.856004 -0.690358 0.992953 0.917188 -4.758553 6.796228 23.912699 11.023901 -13.183429 9.996188 -13.855888 22.847092 9.001483 6.458322 17.581070 4.451173
9.467622 7.142699 1.441746 10.097881 -11.281000 -18.664038 8.809672 34.103870 10.843772 -7.389412 -4.091837 -6.456410 5.837937 -15.550431 -0.858680 -0.703280 0.974080 0.923205 -4.726911 6.806818 23.855450 10.918489 -13.187768 9.925275 -13.800545 22.848335 9.124558 6.459266 17.567869 4.465131
9.451282 7.168363 1.441613 10.121906 -11.269080 -18.685190 8.806175 34.088757 10.833533 -7.395483 -4.108128 -6.431647 5.841929 -15.551090 -0.843812 -0.693230 0.979024 0.910554 -4.756648 6.833529 23.871250 10.906765 -13.203204 9.942403 -13.803896 22.852629 9.071238 6.426699 17.604164 4.465646
9.444869 7.149466 1.441996 10.126348 -11.251431 -18.685963 8.808465 34.092247 10.845635 -7.391683 -4.086470 -6.454339 5.865933 -15.561055 -0.840009 -0.671222 0.988999 0.938091 -4.747455 6.846482 23.831604 10.909676 -13.201674 9.952703 -13.833450 22.853861 9.092431 6.447652 17.605734 4.475013
9.506134 7.197758 1.377109 10.078390 -11.316381 -18.685614 8.808690 34.102459 10.784509 -7.444657 -4.074018 -6.455944 5.865900 -15.540751 -0.833224 -0.692107 0.978987 0.953083 -4.762011 6.811683 23.831411 10.957905 -13.159255 9.967417 -13.842329 22.870667 9.122870 6.403381 17.603331 4.434036
9.519458 7.187879 1.388756 10.066635 -11.315599 -18.688467 8.850707 34.114933 10.829330 -7.453595 -4.057508 -6.445395 5.909074 -15.530560 -0.822358 -0.649596 1.005587 0.960325 -4.819947 6.827099 23.855972 10.919492 -13.135774 9.983898 -13.849133 22.879650 9.134938 6.350974 17.647829 4.340730
9.532577 7.164157 1.364260 10.071619 -11.276309 -18.714979 8.796458 34.121078 10.838589 -7.431848 -4.043236 -6.457373 5.890258 -15.530050 -0.823412 -0.633195 1.013793 0.960370 -4.830070 6.821457 23.726082 10.614113 -11.944798 9.848584 -13.754398 22.970247 8.681386 6.274696 17.557432 4.617419
9.972086 7.213623 1.511251 10.140650 -10.698347 -18.237864 8.166188 34.190483 10.168379 -7.429365 -4.053787 -6.484659 5.903466 -15.527267 -0.808415 -0.639548 1.013186 0.966005 -4.805906 6.844634 23.604275 10.504134 -11.539422 9.803551 -13.741693 22.983025 8.582611 6.239096 17.551102 4.725706
6.355941 9.479266 1.473570 9.292871 -5.100920 -19.141445 10.045000 30.269876 10.956737 -5.948201 -4.017001 -4.614877 2.619234 -15.355194 -1.903917 -1.962751 -0.139963 0.868042 -3.692013 6.382874 18.761637 4.752876 -12.127681 8.276161 -12.447965 22.156784 11.324332 6.060105 15.435772 7.103824
3.978923 11.611504 2.136630 8.761868 -2.587106 -19.024488 10.994666 28.635794 12.725201 -3.988279 -3.654199 -4.195980 0.774243 -15.357666 -2.206259 -2.722649 -0.175350 1.564809 -2.918955 6.305804 16.309221 1.733381 -15.585908 7.359214 -12.116600 21.294744 13.247009 6.776042 13.583727 8.580089
3.941408 13.360685 1.726824 8.751915 -0.339808 -19.245451 10.780090 28.068289 12.407630 -3.160387 -3.428194 -4.929339 0.212957 -15.304289 -2.120302 -3.576090 -0.063027 2.417376 -2.217352 5.978735 14.663743 1.551775 -15.091233 6.494840 -12.210861 21.992367 11.862077 7.132078 10.820065 7.853755
3.677984 14.768595 0.442218 8.939108 1.821138 -20.115957 10.580663 26.666506 12.033847 -3.363466 -3.446466 -5.405411 -0.810754 -15.432041 -2.034332 -4.601923 -0.539508 3.178002 -1.108468 5.438691 12.485751 1.107302 -11.549111 4.824337 -11.673348 23.170761 9.054549 4.903461 9.110108 7.538223
2.609864 14.835340 -0.700838 8.341553 3.832223 -21.247509 10.291387 25.150564 12.188487 -3.698925 -3.672287 -5.303966 -2.566988 -15.777575 -2.381088 -5.651626 -1.257128 2.797615 -0.306152 4.552405 10.038998 2.190697 -12.649615 3.390526 -11.324228 24.023928 9.448807 3.099760 8.453826 5.894028
1.047944 15.023188 -0.694722 8.613695 5.112778 -20.620945 11.939381 24.018831 12.973229 -4.013151 -4.042874 -5.459143 -3.444169 -15.602217 -2.400336 -6.651089 -1.697944 2.327795 0.032190 3.571606 7.782125 3.616835 -13.838384 2.143208 -11.356060 25.128090 9.391759 1.325218 8.131160 4.200922
-0.340610 15.803045 -0.004730 8.054099 6.122496 -18.695650 13.562963 23.181978 13.418035 -3.794821 -3.723667 -6.470108 -4.596124 -15.617006 -2.866156 -7.552148 -1.678700 2.338307 0.558128 2.109193 5.116188 4.518198 -14.156940 1.333669 -12.244001 26.204256 8.207700 0.201130 7.854320 2.716696
-0.851739 16.517027 0.735241 7.323510 6.491620 -17.040464 14.964537 23.017221 13.760591 -2.931899 -3.219978 -6.823422 -5.041559 -15.333292 -3.500220 -7.940936 -1.451945 1.899305 0.448843 1.242422 3.307903 4.770162 -14.353383 2.313626 -13.589831 25.732271 7.196601 -0.993099 8.481972 2.478518
-1.000795 17.530916 1.766258 6.218477 7.402408 -14.658166 16.530550 22.888754 14.342611 -1.217192 -2.460846 -7.327343 -5.565777 -14.819743 -4.059427 -8.331733 -1.167168 1.690232 0.418821 -0.082661 2.399916 3.939737 -15.216541 5.511891 -15.666523 23.457256 6.404953 -0.401712 9.433138 3.441991
-1.463342 18.732872 2.637284 4.974993 8.741022 -13.272998 17.257032 22.475386 15.440763 1.104784 -1.720473 -8.101237 -6.277616 -14.820478 -4.041006 -8.442035 -1.126208 2.644774 0.848244 -1.557424 0.764120 2.845965 -15.934480 9.481838 -18.447584 20.871820 6.168773 0.636299 9.616919 4.758952
-1.718375 19.083355 2.844446 4.829740 9.202336 -13.166722 17.716568 22.325575 15.830890 1.970409 -0.926488 -8.310333 -6.653111 -14.744435 -4.166548 -8.342225 -1.524181 3.231654 1.216445 -2.474828 -0.413542 2.477797 -16.260792 10.154266 -19.094671 20.119619 6.194070 0.922716 9.089100 5.509654
-1.769598 19.200314 2.735922 4.911553 9.304954 -12.986478 18.023199 21.925867 15.946742 1.896070 -0.686374 -8.449755 -6.719381 -14.761519 -4.337912 -8.410114 -1.537036 3.325486 1.431734 -2.561090 -0.446308 2.887192 -17.761087 10.345843 -19.259684 19.982515 6.622717 0.911148 9.101472 5.051600
-1.656190 19.073269 2.735364 4.960917 9.270149 -12.958695 18.000908 22.045361 15.996862 1.864472 -0.746591 -8.597692 -6.675410 -14.726113 -4.248462 -8.521845 -1.555882 3.310563 1.380316 -2.757278 -0.547776 2.625168 -16.306654 10.115621 -19.124413 20.187780 5.875291 0.895607 8.797894 5.442310
-1.518443 19.125963 2.724988 4.825379 9.412210 -12.804547 17.696281 22.084265 15.753219 1.885064 -0.759077 -8.475771 -6.641110 -14.736547 -4.262388 -8.485425 -1.591798 3.375769 1.401202 -2.712815 -0.642160 2.442807 -15.388025 9.935447 -19.054819 20.302137 5.546885 0.889247 8.737861 5.746956
-1.674356 19.113581 2.683768 4.845468 9.281940 -12.926482 18.013111 22.025085 15.975856 1.901257 -0.793950 -8.541720 -6.624791 -14.737131 -4.209197 -8.503076 -1.587333 3.360593 1.381987 -2.707612 -0.580899 2.640272 -16.313005 10.105176 -19.141750 20.201828 5.830579 0.940879 8.794571 5.404759
-1.715516 19.152882 2.748991 4.854546 9.257167 -12.967463 18.126598 22.033686 16.044786 1.931152 -0.782689 -8.486225 -6.658473 -14.754189 -4.186247 -8.406693 -1.593063 3.441371 1.345464 -2.777494 -0.484648 2.960212 -18.088140 10.294119 -19.307121 20.018572 6.604052 0.993354 8.973219 4.946381
-1.520810 19.091776 2.682873 4.857998 9.388650 -12.798945 17.833141 22.075180 15.764667 1.864792 -0.795916 -8.533870 -6.636250 -14.726187 -4.225033 -8.533091 -1.572564 3.355567 1.379685 -2.736797 -0.607067 2.586708 -16.054176 10.124854 -19.138128 20.200857 5.810427 0.911184 8.805915 5.549419
-1.483658 19.127460 2.731955 4.871034 9.390407 -12.769650 17.728298 22.110641 15.772973 1.877894 -0.770836 -8.401750 -6.692852 -14.734026 -4.233799 -8.411819 -1.601304 3.432244 1.336970 -2.797021 -0.655724 2.445688 -15.415685 9.953610 -19.052410 20.281424 5.441414 0.842543 8.729936 5.682598
