-8.053815 22.967230 -21.289881 13.167551 -7.395216 2.654635 8.647120 9.657038 16.546659 8.391766 2.556084 2.760128 3.854972 -9.309333 -3.406544 -4.985424 -4.178659 8.719993 -3.158039 -6.818215 8.975837 6.104847 10.229599 -13.932948 -12.473947 10.595236 0.623342 -27.140074 -2.164849 20.622179
-8.053454 23.019169 -21.275454 13.186520 -7.296855 2.659993 8.630006 9.629615 16.492146 8.392740 2.645188 2.583318 3.688007 -9.450449 -3.391329 -4.805343 -4.303600 8.752556 -3.296380 -6.644045 9.554545 6.172345 10.350552 -14.759570 -12.430956 10.297081 0.690371 -27.534258 -2.184281 20.700100
-9.840762 22.153193 -19.231482 13.446509 -5.787015 4.070153 9.304031 9.165700 17.533674 8.515005 2.892312 2.994812 3.393896 -9.330639 -4.102634 -4.873171 -3.666474 8.334218 -3.390690 -6.088914 7.642674 5.932075 9.250612 -14.577319 -13.657276 9.675056 -1.731241 -25.328459 -3.591890 21.285065
-10.481590 21.041702 -17.504141 14.850142 -4.666557 4.433496 10.463494 9.472139 18.297945 8.832589 3.154179 3.196108 3.188257 -9.595620 -4.397024 -4.251948 -3.143646 8.715484 -3.387692 -5.560649 7.348978 5.506567 8.681090 -15.039760 -14.314442 9.919680 -2.797076 -23.317213 -3.913141 21.943207
-11.665782 19.651875 -15.633661 15.791925 -3.310831 4.553316 11.745244 9.891420 18.764265 8.950720 3.449523 3.449325 2.723845 -9.786774 -4.786649 -3.847836 -2.539743 8.728477 -3.444579 -4.939204 6.349361 4.900950 7.739753 -15.769461 -15.064659 9.934563 -4.497663 -21.295473 -4.613998 22.475643
-12.300454 18.124084 -13.919134 16.994726 -2.218257 4.567557 12.823456 10.658020 19.196703 9.038130 3.721064 3.486559 2.376215 -9.999346 -5.264044 -3.615964 -1.932208 8.809984 -3.393389 -4.569489 6.510493 4.954151 7.328457 -16.400629 -15.340889 10.133180 -5.448680 -19.859655 -4.763015 22.231276
-12.498221 17.170517 -13.144391 17.998899 -1.730192 4.451971 13.614672 11.194869 19.340080 9.205812 3.917981 3.588927 2.194460 -10.083251 -5.435489 -3.192732 -1.406168 9.072893 -3.518059 -4.395847 6.327703 4.659466 6.833900 -17.438007 -15.056925 10.407433 -6.181970 -19.375856 -5.472745 22.419239
-12.565932 16.451689 -12.373578 18.559202 -1.373064 4.291828 14.148743 11.817710 19.343927 9.386654 4.075899 3.328777 2.046227 -10.187935 -5.711188 -3.078991 -0.957550 9.317777 -3.322819 -4.339683 6.506500 4.514808 6.627944 -18.370358 -14.636646 10.778770 -6.631640 -18.916155 -5.714016 22.262369
-12.710155 16.324369 -12.095380 18.919554 -1.002098 4.018691 14.580453 11.846825 19.406507 9.788246 3.889974 3.174233 1.902942 -10.305223 -5.752451 -3.168256 -0.698177 9.482837 -3.265591 -4.451431 6.370570 3.995995 6.229413 -18.966061 -14.432495 10.813900 -7.052722 -18.878376 -5.729725 22.401768
-13.026464 16.523727 -11.504000 18.773260 -0.641963 3.727444 14.785985 11.958290 19.372786 10.366333 4.054076 3.198255 1.625252 -10.434808 -6.031191 -3.166137 -0.638492 9.535053 -3.112534 -4.408078 6.558638 3.472679 5.821999 -20.038193 -13.714645 11.006683 -7.405794 -18.678373 -6.115128 22.818062
-13.364185 16.643364 -10.747281 18.446865 -0.342924 3.546838 14.950679 12.073684 19.379454 11.206183 4.144132 3.234883 1.187408 -10.527538 -6.278543 -3.177414 -0.544003 9.549058 -2.990749 -4.413804 6.572439 2.993093 5.243588 -21.377382 -12.862520 11.224933 -8.064439 -18.908949 -6.503877 22.737114
-14.154395 17.437378 -10.053569 18.042744 -0.155911 3.350060 15.160522 11.697042 19.039557 11.683912 4.106953 3.369764 0.680630 -10.676691 -6.629125 -3.352167 -0.488012 9.339937 -2.802043 -4.288540 6.238565 2.628907 4.832396 -22.300119 -12.332500 11.456182 -8.498964 -19.210083 -6.779120 22.728554
-14.588243 18.317553 -9.764087 17.439114 -0.000323 3.120352 15.113519 11.401230 18.624460 12.155800 4.265154 3.463361 0.364571 -10.790415 -6.981880 -3.423491 -0.528770 9.069798 -2.614922 -4.162518 5.981336 2.499617 4.418022 -22.627552 -12.169035 11.415451 -9.323499 -19.546938 -6.966998 22.075855
-15.212852 19.292049 -9.277138 16.726683 0.208352 3.406292 15.296050 10.806275 18.376966 12.590050 4.271027 3.498300 -0.450126 -10.981298 -7.253743 -3.626562 -0.654063 8.706919 -2.411926 -4.114974 5.716700 2.038645 3.928151 -22.786236 -11.907873 11.300380 -9.881957 -20.474691 -6.703602 21.424887
-15.423865 20.299210 -9.210360 15.936304 -0.144794 3.434884 15.243378 10.181107 17.783516 12.736565 4.439131 3.608384 -0.702486 -11.005571 -7.525618 -3.800943 -0.882979 8.445255 -2.187550 -3.880288 5.811049 1.571869 3.586718 -22.341379 -11.617559 10.802502 -10.682641 -21.727201 -6.384650 20.910423
-15.552272 20.966120 -8.827956 15.127577 -0.596301 4.023370 15.346747 9.906791 17.554720 12.801210 4.608583 3.815448 -1.004823 -10.924311 -7.838463 -4.170208 -1.226245 8.035123 -1.990530 -3.835071 5.909969 0.993762 3.327110 -22.036743 -11.173399 10.371766 -10.906049 -23.207834 -6.267299 20.647501
-15.579652 22.347046 -8.935267 14.280710 -0.904820 4.090179 15.155736 9.472087 17.115889 13.081844 4.671624 3.755153 -1.478905 -10.840495 -7.952326 -4.697155 -1.625157 7.800570 -1.638497 -4.040221 6.322386 0.392047 3.263985 -21.335602 -10.791523 9.732378 -11.374415 -25.035334 -5.690904 19.781065
-15.425139 23.333092 -9.115825 13.480159 -1.348938 4.270119 15.132979 9.161736 16.740410 13.418501 4.848410 3.760573 -1.629495 -10.678187 -7.958610 -4.998563 -1.910908 7.683507 -1.460279 -4.273777 6.233479 -0.607908 3.268265 -20.651846 -10.202837 9.078535 -11.187493 -26.872984 -5.278751 19.986937
-15.258468 23.961548 -9.543193 12.880600 -1.698767 4.611579 14.792169 8.918958 16.572687 13.473392 5.256824 3.504203 -1.700981 -10.427917 -8.034808 -5.362012 -2.167858 7.663049 -1.203562 -4.754552 6.449284 -0.928727 3.504045 -19.722446 -9.781214 8.514446 -10.751602 -28.173676 -4.859210 20.232555
-15.040636 24.806133 -9.943118 12.474094 -1.795082 4.973120 14.267159 8.458298 16.384239 13.533335 5.582331 3.338699 -1.790553 -10.346748 -7.868187 -5.333772 -2.379273 7.565828 -1.218064 -4.776946 6.530818 -1.117866 3.608065 -19.356720 -9.344273 8.281513 -10.730054 -29.068167 -4.815794 20.566368
-15.139230 24.798319 -9.922450 12.443934 -1.760662 4.983883 14.137134 8.334332 16.238548 13.383080 5.520442 3.338334 -1.760842 -10.327307 -7.795277 -5.354332 -2.426502 7.572351 -1.223863 -4.842571 6.495580 -1.130570 3.586439 -19.610262 -9.104906 8.393664 -10.712319 -29.310160 -4.760363 20.585712
-15.143497 24.822315 -9.936822 12.431560 -1.765987 4.993153 14.114875 8.298113 16.254417 13.396828 5.554797 3.317194 -1.732238 -10.290249 -7.766629 -5.340200 -2.402025 7.595273 -1.261653 -4.869524 6.504608 -1.141375 3.569191 -19.670914 -9.125650 8.408500 -10.791546 -29.259693 -4.787867 20.553793
-14.096826 23.660936 -9.032378 14.633612 -2.166482 1.089508 15.613400 10.207726 13.857549 13.979504 4.002342 3.020931 -1.562907 -11.714899 -8.119516 -5.170934 -1.552763 7.292335 -0.664629 -2.794205 7.197166 -1.322875 3.679915 -21.592155 -11.570431 10.022173 -11.581964 -24.127687 -4.369647 17.614183
-12.756944 20.297998 -9.763385 17.532242 -1.816515 -1.309351 14.870854 12.349072 14.478068 13.189945 2.878467 2.519183 -1.121975 -12.425757 -7.647375 -4.885193 -0.942575 7.859860 -0.396798 -2.004194 8.385649 -1.520814 5.159607 -22.738110 -13.144039 11.614296 -9.353114 -19.662064 -2.182392 17.894157
-12.590890 19.323109 -8.945563 16.289246 -3.640248 -1.799871 14.165912 13.938619 14.160077 12.363750 2.027233 1.829036 -0.485113 -12.509087 -6.839762 -5.144924 -0.666492 8.022098 -0.383489 -1.667004 9.650610 -1.751912 5.853580 -21.333931 -13.948084 11.517005 -8.029567 -18.468861 -0.443853 18.354078
-12.246060 18.388607 -8.374952 13.638358 -6.213108 -1.543249 12.840359 16.084747 12.575070 11.228201 1.417926 1.111780 -0.070228 -12.065335 -5.981303 -5.626467 -0.399538 8.070122 -0.784883 -1.766709 10.543599 -1.925051 7.010072 -18.995193 -15.228916 10.848944 -6.764123 -17.878756 0.977430 18.255547
-11.814214 19.101700 -8.277217 11.660933 -8.702185 -0.646395 9.739347 16.475910 12.131190 10.498606 0.917208 1.129876 -0.094566 -11.759419 -5.068137 -5.978919 -0.758621 8.203815 -1.097465 -2.067204 11.370063 -2.384577 7.296033 -16.643929 -15.275878 9.685026 -5.301305 -18.262955 2.312981 20.112732
-10.907722 20.394836 -10.061192 11.908881 -8.909846 -4.533038 7.403424 15.808931 11.224851 10.638455 -0.349781 0.675595 -0.259896 -12.240616 -4.881246 -6.763421 -1.385680 7.640020 -0.704626 -2.167477 10.600440 -2.838328 8.890143 -16.860008 -17.290510 10.537350 -2.283185 -17.282946 4.005553 18.560862
-9.481463 21.326366 -11.594707 12.362172 -10.214331 -7.100614 4.633257 16.212843 10.719344 10.550476 -1.362111 0.319125 0.120982 -12.653988 -4.382154 -6.795370 -1.774297 7.776561 -0.528646 -2.521784 10.066838 -2.853948 10.218535 -16.435112 -18.676491 11.306027 0.330199 -16.136509 5.517827 17.931980
-9.444617 21.310337 -11.657044 12.355801 -10.159544 -7.156377 4.613026 16.243172 10.745858 10.566356 -1.382975 0.282704 0.112617 -12.642031 -4.372269 -6.832528 -1.773632 7.765925 -0.522468 -2.583266 10.098320 -2.883843 10.245698 -16.514854 -18.703802 11.361965 0.450244 -15.923340 5.574798 17.998266
-9.364703 21.320309 -11.716561 12.335100 -10.199162 -7.145673 4.601579 16.277418 10.773351 10.575178 -1.399235 0.286027 0.085020 -12.637203 -4.363425 -6.862518 -1.801851 7.744129 -0.520119 -2.620616 10.080014 -2.908532 10.261525 -16.404121 -18.800310 11.287966 0.454141 -15.949384 5.640611 18.062172
-9.425091 21.297239 -11.647641 12.342726 -10.174541 -7.129971 4.645469 16.254673 10.755104 10.548838 -1.371412 0.288186 0.095092 -12.619705 -4.342419 -6.833749 -1.778944 7.797938 -0.533880 -2.627832 10.089087 -2.869215 10.252013 -16.515408 -18.744164 11.358505 0.405425 -15.955301 5.572868 18.017708
-9.448952 21.374119 -11.674816 12.420088 -10.107748 -7.060965 4.709538 16.213205 10.760317 10.516878 -1.391645 0.319890 0.064524 -12.644690 -4.381161 -6.849725 -1.800234 7.724366 -0.530990 -2.623956 10.013980 -2.816692 10.207063 -16.440289 -18.793835 11.285610 0.417927 -15.946553 5.464072 18.087729
-9.414496 21.342365 -11.730036 12.393415 -10.159433 -7.070188 4.670155 16.219500 10.770049 10.519926 -1.370974 0.302140 0.070263 -12.659068 -4.386622 -6.850164 -1.815526 7.727174 -0.514426 -2.637433 10.027128 -2.823779 10.243070 -16.391727 -18.798765 11.275747 0.497631 -15.963813 5.501295 18.158125
-9.462014 21.357338 -11.654201 12.462676 -10.118395 -7.055590 4.752773 16.216314 10.764474 10.508913 -1.372173 0.317732 0.047658 -12.654022 -4.411923 -6.839866 -1.774207 7.684258 -0.530586 -2.601197 9.992644 -2.848530 10.233834 -16.424408 -18.804750 11.264140 0.456982 -15.921038 5.485238 18.191757
-9.440721 21.368439 -11.651036 12.470312 -10.113453 -6.980959 4.743953 16.183325 10.793822 10.493522 -1.334856 0.298047 0.134611 -12.667509 -4.354209 -6.789605 -1.782706 7.760711 -0.529221 -2.563632 10.058465 -2.895492 10.213309 -16.561733 -18.680386 11.299893 0.385554 -16.077827 5.461219 18.126427
-9.381055 21.406803 -11.623048 12.478222 -10.128390 -6.991162 4.759640 16.201998 10.831889 10.508775 -1.331563 0.307368 0.119938 -12.664897 -4.338834 -6.773580 -1.774233 7.796072 -0.524558 -2.573117 10.081938 -2.833040 10.237917 -16.594334 -18.595337 11.337588 0.445711 -16.156923 5.424592 18.059532
-9.361614 21.369053 -11.594466 12.474615 -10.196905 -6.946350 4.825020 16.257891 10.966232 10.554470 -1.397219 0.413281 0.278785 -12.583958 -4.434217 -6.949556 -1.729015 7.825537 -0.476745 -2.600280 10.088444 -2.794470 10.147872 -16.604713 -18.613464 11.341402 0.447903 -16.052280 5.406297 18.075771
-9.351411 21.363241 -11.620827 12.485406 -10.230362 -6.955356 4.783227 16.243811 10.971671 10.522943 -1.400531 0.406338 0.301885 -12.577929 -4.416474 -6.947922 -1.729263 7.835483 -0.480422 -2.581064 10.037340 -2.896789 10.139775 -16.508823 -18.659586 11.243853 0.524110 -16.050207 5.482860 18.151375
-9.333167 21.410881 -11.653218 12.468474 -10.252030 -6.968710 4.698209 16.204290 10.964676 10.468413 -1.394926 0.406016 0.295162 -12.565948 -4.414396 -6.946998 -1.730625 7.848990 -0.481633 -2.602901 10.059029 -2.873333 10.111707 -16.582636 -18.614859 11.236706 0.501603 -16.065842 5.478910 18.118179
-9.360075 21.322308 -11.700130 12.483799 -10.332861 -6.975106 4.748483 16.185658 11.000806 10.526818 -1.434811 0.528451 0.465106 -12.464269 -4.553238 -7.149764 -1.693987 7.873622 -0.419460 -2.638278 10.140733 -2.856663 10.107257 -16.681330 -18.497637 11.289454 0.532195 -16.149017 5.450165 18.140104
-7.656311 19.999981 -12.344033 14.362155 -10.748113 -6.818082 2.917759 16.273870 10.657302 9.649977 -2.090167 -0.377454 1.857985 -12.478095 -3.665004 -6.877605 -1.369217 8.069389 -0.477777 -1.539706 10.539586 -1.593564 11.426408 -14.588495 -20.719973 11.172042 2.574309 -13.207505 6.511083 18.424353
-6.995099 17.242630 -12.781265 16.789249 -12.297568 -7.388499 1.725717 16.539120 11.697205 7.507761 -2.401113 -1.232102 3.107024 -12.321890 -2.604901 -6.537919 -1.068289 7.999819 -1.089677 0.079189 12.486627 0.449867 12.662976 -13.253247 -21.898842 11.117859 3.199067 -9.691756 6.179213 18.998852
-6.309055 16.570564 -12.503739 17.016874 -14.186631 -8.661164 0.364819 17.721415 11.961717 7.496616 -2.219378 -1.261429 3.994726 -12.146228 -2.885508 -6.186759 0.023557 8.202575 -1.679647 1.225190 15.122685 0.547120 12.524041 -11.212899 -22.238382 9.773907 2.957558 -6.000302 6.243672 22.578373
-5.048146 16.639519 -10.858075 17.305277 -14.408959 -7.081410 -0.387573 18.234728 10.290744 7.604437 -2.311367 -1.443610 5.109183 -11.805646 -3.343025 -6.239037 1.229278 8.374152 -1.840655 1.535316 16.652514 0.136344 11.844768 -9.515628 -22.297396 9.034933 2.295009 -3.617569 7.452456 25.108719
-5.255158 14.772982 -9.139043 17.288185 -15.950152 -6.462035 0.122320 18.929077 10.503988 7.201208 -2.108836 -2.045557 5.437409 -11.942473 -3.091273 -5.364541 2.277609 8.360227 -2.341462 2.378958 18.647566 -1.112300 11.026480 -7.697211 -21.648222 7.973047 0.543277 -4.315636 9.681612 25.813745
-4.534657 12.492483 -8.314441 17.162565 -18.488409 -5.019694 0.096702 20.478321 10.162884 5.245216 -1.914984 -2.225116 6.417911 -11.691187 -3.088082 -4.575922 2.919796 7.892571 -3.197382 2.337625 21.236950 -0.717809 11.315921 -5.165648 -21.653688 7.208197 -0.905066 -6.122322 12.646097 24.235794
-3.199496 9.577219 -9.410496 18.064892 -20.167711 -4.039525 0.346476 22.152945 9.663850 2.755573 -1.440744 -2.222542 7.994357 -11.295377 -3.571346 -4.218475 2.935333 6.806021 -4.245434 2.142370 24.268089 1.152438 12.229379 -3.465524 -21.577797 6.827356 -2.841035 -7.977108 14.023336 22.133450
-2.656788 6.808337 -8.980989 18.733530 -22.384750 -2.370269 0.421820 24.290304 9.414746 0.286401 -1.145874 -2.740083 9.638908 -11.038536 -3.842102 -3.408131 3.327242 5.434492 -5.794162 1.668933 26.718021 5.194879 13.080194 -2.095374 -22.792852 7.155090 -5.838800 -8.306163 14.541576 19.662413
-2.776728 4.639989 -6.571390 19.409832 -22.820847 1.715840 1.517202 26.077789 10.533421 -1.424569 -0.984947 -2.802839 9.967788 -10.908283 -4.838934 -3.415939 3.368124 3.386731 -6.649765 0.638268 27.939077 9.100468 12.374342 -1.521985 -24.221853 7.455704 -11.281610 -8.228917 13.995987 18.413601
-3.426920 3.707661 -3.497349 20.003828 -22.955702 6.271171 4.713361 27.432661 11.167265 -2.213503 -1.074541 -3.775893 9.510266 -10.867544 -5.796517 -3.854828 4.109155 1.855103 -7.244006 -0.846225 28.348022 10.844323 10.668450 0.419271 -25.903509 6.708481 -16.595076 -8.913629 15.234484 17.822899
-4.087965 2.788253 -1.340223 20.920277 -22.986483 8.045672 8.141682 27.742865 11.350869 -2.633088 -1.517755 -4.030649 8.625502 -11.326373 -6.679177 -4.360056 4.251940 0.860753 -7.115134 -1.411348 27.287474 11.251957 9.631639 1.749015 -27.129427 6.357153 -19.679842 -10.596638 17.298605 15.883396
-5.448104 3.368453 -1.559696 21.466072 -21.773115 7.133284 9.364862 26.910061 11.228099 -2.546658 -1.287601 -3.658885 7.946507 -11.650240 -6.698310 -3.982526 4.091848 0.699503 -7.197959 -1.101538 27.156981 9.742496 9.558095 0.592566 -26.658812 7.003940 -19.345081 -10.325317 16.074976 16.492023
-6.003132 4.516337 -3.474835 21.883562 -19.799614 4.734061 7.934438 25.868111 9.554498 -2.313622 -1.360909 -1.834528 7.488545 -11.959246 -6.833044 -3.744994 3.622627 1.686667 -6.494810 -0.141183 26.990833 8.687645 10.165751 -1.217917 -26.012697 7.926139 -17.749674 -9.805926 14.749508 16.123442
-6.665487 4.803050 -3.106961 22.028753 -18.578928 3.304414 8.669801 26.062117 8.614423 -1.547353 -1.401872 -1.274610 6.756526 -12.316158 -7.378087 -3.814326 3.391500 1.454592 -6.187177 0.159469 26.962099 7.108421 9.955621 -2.243003 -25.976145 8.575293 -17.523258 -9.166446 14.711998 15.327653
-6.801419 5.810562 0.526028 21.369446 -19.184021 4.534593 9.053908 26.846582 9.071191 1.057132 -1.652293 -1.198571 5.337896 -12.451544 -8.329123 -4.120328 3.771623 0.580737 -6.298626 -0.460162 26.361277 4.151118 8.310390 -1.440021 -26.505587 8.099672 -18.026585 -8.068465 16.678101 16.059422
-6.129848 6.972634 3.584592 19.926075 -21.852007 5.803996 6.674399 27.523684 10.598582 2.813179 -2.235135 -1.789442 4.099883 -12.736227 -9.111191 -4.514577 4.349409 -0.234969 -6.117181 -1.373928 25.148270 2.896308 6.797006 -0.903336 -26.609301 6.225390 -18.545395 -7.549888 18.668398 18.125710
-6.313134 6.898223 3.759351 19.941404 -22.202158 5.878687 6.923967 27.489988 10.693188 2.875120 -2.335302 -1.767935 4.326078 -12.645754 -9.180809 -4.688028 4.422874 -0.194552 -6.060042 -1.459907 25.126101 3.127656 6.834682 -0.717326 -26.777376 6.025110 -18.689648 -7.316744 18.687910 18.507105
-6.324783 6.671741 4.170722 19.959774 -22.367315 6.258294 6.608914 27.603136 10.529970 2.785673 -2.256278 -1.944074 4.293953 -12.531731 -9.201847 -4.687951 4.591264 -0.144395 -6.073055 -1.500364 24.873728 2.983549 6.836840 -0.684654 -26.865208 5.744852 -18.464338 -7.394238 18.940800 18.857128
-6.555791 6.910871 3.885138 19.751360 -22.097950 5.980034 6.944328 27.474440 10.597230 2.807441 -2.255300 -1.715056 4.261062 -12.601703 -9.194502 -4.636783 4.523057 -0.069183 -6.120564 -1.444804 24.846964 2.815885 6.746318 -0.722814 -26.776960 5.948173 -18.650429 -7.475752 18.570372 18.477886
