-7.257932 23.185421 -21.282537 12.932168 -6.956334 3.109795 7.423773 9.882068 15.372605 8.490786 -4.984881 10.931795 4.258431 -7.360805 5.384942 -5.557516 -0.464486 0.878178 -2.879449 -7.597219 9.130080 5.938200 10.321607 -13.742118 -11.750067 11.045107 1.057728 -27.564363 -1.933354 20.651800
-7.767841 23.105770 -21.517447 12.972193 -7.374982 2.589879 8.153029 9.724765 16.078295 8.444355 -5.016635 10.999416 4.261212 -7.322834 5.372766 -5.578468 -0.474282 0.852506 -2.900194 -7.575816 9.514179 5.984746 10.327994 -14.205686 -11.338118 11.178808 1.068588 -27.863371 -2.019777 20.738453
-7.886847 21.230196 -21.141596 10.262697 -8.814116 3.861596 7.142705 9.722673 16.564789 6.794764 -4.574624 11.061548 4.604739 -6.578302 5.594848 -5.881176 -0.892024 0.332152 -2.937525 -7.214397 10.435052 6.302610 9.965436 -11.932404 -8.980322 11.155115 1.524752 -25.649996 -4.663406 20.251188
-7.536274 21.924522 -21.031614 11.499023 -8.693241 4.223540 8.003036 9.861503 16.186903 7.041069 -4.677655 11.158467 4.441235 -6.782122 5.570590 -5.713847 -0.834262 0.532664 -2.937378 -7.455725 10.464231 6.623801 10.366973 -13.806608 -10.817230 10.449588 1.165318 -26.817566 -3.479532 20.566666
-7.121449 21.228127 -20.405884 9.672167 -10.076897 6.230694 8.559731 9.890818 15.854539 5.454223 -4.333273 11.387499 4.752816 -6.325192 5.825023 -5.550594 -1.163471 0.224284 -3.065680 -7.306305 11.404922 7.960360 10.215156 -12.689178 -9.890411 10.132034 0.750847 -25.618467 -5.486478 20.257223
-7.089131 20.187262 -20.260818 8.688694 -11.270378 7.834588 8.797596 10.114041 15.586308 4.401711 -3.961550 11.878341 5.195778 -5.815766 6.350937 -5.103912 -1.401864 0.214674 -3.067907 -6.899242 12.236432 9.008932 10.224304 -12.360842 -9.671362 9.522030 0.274477 -25.073412 -6.828420 19.710365
-7.107719 19.617691 -20.152205 8.161299 -11.869991 9.096799 9.232814 10.101317 15.415395 3.680365 -3.655839 12.224412 5.395222 -5.470114 6.558246 -4.794332 -1.707698 0.312945 -3.236674 -6.570318 13.003708 10.236578 10.231023 -12.319268 -9.859849 8.884790 -0.522217 -24.919756 -7.815769 18.869812
-6.880572 19.165951 -20.064531 8.102993 -12.299423 10.230685 10.313323 9.751614 15.009578 3.091663 -3.405695 12.646132 5.364094 -5.169307 6.912338 -4.550485 -1.876839 0.541575 -3.219940 -6.493978 13.360843 11.094334 10.093462 -11.866822 -9.400487 8.809929 -1.073229 -24.433592 -8.788351 18.170792
-6.653932 18.464676 -20.154442 8.305226 -12.848774 11.356922 11.076959 9.621066 15.024465 2.516244 -3.249544 12.808353 5.447058 -4.856441 7.219182 -4.511956 -2.025952 0.538767 -3.175037 -6.528076 14.374934 11.098327 10.272535 -12.013784 -9.510251 7.799221 -1.126846 -24.038061 -9.672727 17.669430
-6.388992 17.954878 -20.586227 9.256927 -12.987112 12.060992 11.781230 9.536846 15.237103 2.273494 -3.108825 13.411002 5.064783 -4.796548 7.381170 -4.550452 -2.166538 0.329414 -2.783449 -6.708935 14.743873 10.818383 10.405513 -12.112617 -9.340816 7.309411 -0.655473 -23.504694 -10.317832 17.530350
-5.907535 16.948025 -21.456964 10.274771 -12.548181 12.749591 12.371286 9.174077 15.864970 1.789572 -3.026390 13.749721 4.891713 -4.713137 7.430605 -4.891666 -2.269984 -0.445927 -2.317157 -6.867470 15.895761 9.585982 10.729095 -13.134961 -10.020262 5.557955 0.400972 -23.042713 -10.823570 17.888577
-5.842480 16.314827 -22.249182 11.077082 -12.046470 12.601678 12.594799 8.768207 16.453157 1.676945 -2.984231 13.977083 4.809233 -4.671466 7.408288 -5.134317 -2.261473 -1.148823 -2.006136 -7.147751 16.828585 8.171400 10.745593 -13.292394 -10.264327 4.401082 1.437965 -22.526274 -10.993953 18.725914
-5.803631 15.208941 -22.875416 11.906431 -11.373228 12.185188 12.477407 8.631618 17.139647 1.576313 -2.892639 14.197193 5.079141 -4.659592 7.451458 -5.106837 -2.270921 -1.802857 -1.730117 -7.124904 17.573462 6.957509 10.834163 -13.798784 -10.733984 3.362553 2.515727 -22.174158 -10.941426 19.463408
-5.831710 14.231502 -23.730381 12.976784 -10.347824 11.249668 12.080620 8.610625 17.938429 1.678144 -2.829004 14.322914 5.390253 -4.607165 7.478553 -5.131953 -2.185335 -2.453172 -1.547535 -7.048845 18.363214 5.688676 10.772339 -14.331374 -10.894004 2.639809 3.838197 -21.471840 -10.913293 19.831493
-6.074912 13.703529 -24.138390 13.296468 -9.320230 10.268345 11.249516 8.751733 18.603638 1.722850 -2.749677 14.270181 5.889477 -4.649045 7.488309 -5.215246 -1.910391 -3.153502 -1.377841 -6.996075 19.256742 4.690888 10.967061 -14.940719 -11.129622 1.876394 4.888082 -20.691965 -11.002197 20.004467
-6.197413 13.454065 -24.338930 13.123369 -8.475286 8.988521 10.508431 9.205634 19.143463 1.812937 -2.755696 13.962287 6.622650 -4.728434 7.571764 -5.179251 -1.646618 -3.486967 -1.414018 -6.661482 20.013041 4.243268 10.993621 -15.797496 -11.659708 1.084778 5.818070 -20.154757 -11.267359 20.084152
-6.724326 13.321282 -24.767492 12.664791 -7.933374 7.850518 9.234439 9.497666 19.344873 2.344555 -2.769910 13.550434 7.451523 -4.729652 7.739192 -5.150395 -1.371264 -3.656458 -1.497781 -6.255286 20.310740 3.575935 11.158993 -16.969093 -12.039421 0.641799 7.142675 -19.542830 -11.451975 19.982840
-7.217621 13.646009 -25.134142 12.109699 -7.368617 6.577571 8.421842 9.689984 19.678259 2.759433 -2.847893 13.119118 8.151875 -4.823448 7.848695 -5.097088 -1.053361 -3.438200 -1.633809 -5.887442 20.638813 2.725581 11.664641 -18.432529 -12.688517 -0.134718 8.171505 -19.025999 -11.703869 19.926416
-7.934458 13.996653 -25.013788 11.773212 -6.451509 5.627692 8.195403 9.760079 19.545259 2.975918 -2.866968 12.837446 8.831169 -4.881310 7.868754 -5.009785 -0.779635 -3.258509 -1.753506 -5.326516 20.331333 1.798595 11.891337 -19.481384 -12.874352 -0.738936 9.213147 -18.998919 -11.898975 19.601528
-8.540162 14.456725 -24.745115 11.682742 -5.481048 4.525589 7.937593 9.991758 19.828091 3.192727 -2.949507 12.288384 8.867900 -5.203472 8.219051 -4.681384 -0.745624 -2.941809 -1.847513 -4.837097 20.163435 0.754015 12.029757 -20.181305 -12.961511 -1.462809 9.999962 -19.005980 -12.120657 19.497974
-8.725155 14.478867 -24.609804 11.354563 -5.456563 4.385556 7.913975 9.911596 19.559156 3.285617 -2.868515 12.236265 8.983076 -5.181088 8.266781 -4.608956 -0.716525 -2.914537 -1.974510 -4.614554 20.028664 0.117378 12.129737 -20.681255 -13.009191 -1.936858 10.292600 -19.008492 -12.156816 19.264118
-8.801396 14.605167 -24.533464 11.286431 -5.255226 4.250208 7.980007 9.894596 19.493231 3.339179 -2.886072 12.292776 8.904256 -5.211733 8.276220 -4.549056 -0.691515 -2.838276 -1.971641 -4.655779 19.930378 0.096235 12.087225 -20.651833 -12.976980 -1.942020 10.325747 -19.050871 -12.145963 19.260517
-7.080587 13.732039 -25.768520 11.326180 -8.243393 6.426466 8.549322 8.597682 19.448133 3.307905 -2.888596 12.509537 7.463914 -4.719419 7.649643 -5.416456 -1.493121 -3.406938 -1.959647 -6.252328 18.632025 2.519399 11.492091 -17.961136 -10.989938 1.581074 9.003613 -18.660141 -11.966640 19.858759
-5.023016 16.785557 -25.667414 8.439169 -11.150871 7.579694 9.076373 7.480471 17.258131 3.704122 -2.991031 12.420719 4.751829 -4.253756 6.861319 -6.326519 -3.429533 -2.485427 -2.470430 -7.535094 14.649905 5.105629 11.194936 -15.740418 -8.335874 6.603599 7.001633 -19.160975 -12.033264 19.044884
-4.633196 18.608356 -25.207594 6.450703 -12.191478 7.018639 7.738332 8.074958 16.636292 3.888778 -2.969332 11.714420 4.910074 -3.968890 6.801587 -6.513885 -3.690072 -2.115566 -2.979929 -7.240585 13.474933 5.550719 11.742211 -15.526904 -7.765810 8.224407 6.859643 -19.514297 -12.012177 18.101086
-4.276983 19.815556 -24.646441 4.371121 -14.025408 6.965188 5.680491 8.741645 16.145266 4.017708 -2.869244 11.160471 4.941249 -3.851053 6.265987 -6.655485 -3.925195 -1.923615 -3.733737 -6.801679 12.425199 5.407632 11.516135 -14.323155 -6.322322 9.827946 6.512407 -19.932539 -12.051332 16.407804
-5.159708 18.914379 -22.995058 2.102323 -16.924950 8.423148 2.280161 10.355842 15.891108 3.422818 -2.814548 11.246407 5.317361 -4.134215 5.937060 -6.399383 -3.968045 -1.716404 -3.862502 -5.815286 13.338287 5.513270 10.557188 -12.449148 -5.847135 9.185482 5.401726 -20.458378 -11.475382 16.543320
-4.813090 21.370386 -21.239983 0.397037 -15.420452 7.074787 3.201035 8.819358 15.187289 4.028121 -2.896338 10.928055 4.460013 -4.088569 4.954470 -6.997232 -3.861164 -1.791669 -4.480896 -6.365044 11.336434 4.454100 10.171354 -11.724877 -4.219489 10.651966 7.128143 -20.310408 -11.519909 17.332735
-4.376868 23.608408 -19.760529 -2.640747 -16.235020 7.926985 3.843154 8.137782 13.721868 3.685974 -2.978770 11.111404 3.174273 -4.368444 3.952282 -7.356058 -4.286902 -1.732739 -4.758474 -6.539076 10.016675 1.780429 9.629605 -9.690057 -2.246395 11.543420 8.871074 -20.541748 -11.764736 18.937160
-4.329349 24.070765 -19.309095 -3.251096 -16.489977 8.038298 4.554663 7.858088 13.195268 3.601549 -3.067675 10.779935 3.073468 -4.299724 3.883482 -7.527158 -4.251822 -1.639499 -4.903928 -6.640063 9.442853 1.613924 9.722594 -9.490275 -1.653998 11.961278 8.885648 -20.474123 -12.112345 18.733833
-4.288025 24.046310 -19.381239 -3.276915 -16.539558 8.001997 4.346151 7.906796 13.291533 3.643723 -3.054403 10.783117 3.118052 -4.322027 3.864002 -7.512402 -4.282850 -1.681174 -4.908201 -6.593982 9.403052 1.584922 9.734674 -9.492491 -1.667902 11.974435 8.820703 -20.567877 -12.075332 18.682951
-4.361833 24.077738 -19.419565 -3.283735 -16.420015 7.838253 4.333317 7.961742 13.363811 3.634936 -3.061494 10.831648 3.074372 -4.362001 3.858180 -7.489239 -4.287583 -1.649067 -4.873223 -6.612139 9.413194 1.521948 9.715167 -9.532689 -1.683303 11.944750 8.907689 -20.556406 -12.087495 18.794930
-4.386576 24.102901 -19.444130 -3.234973 -16.338110 7.811395 4.236811 7.962404 13.301173 3.692015 -3.046104 10.871683 3.032362 -4.353765 3.832989 -7.488004 -4.283237 -1.645644 -4.878265 -6.637631 9.431552 1.659255 9.782627 -9.565335 -1.730048 11.991013 8.791227 -20.509604 -12.071367 18.829157
-4.414329 24.104431 -19.481398 -3.180859 -16.295628 7.765896 4.217720 7.970371 13.375892 3.719343 -3.053828 10.889744 3.033644 -4.352538 3.868582 -7.459881 -4.291100 -1.615360 -4.865307 -6.651831 9.471411 1.519104 9.818841 -9.581595 -1.781660 11.939038 8.858653 -20.557016 -11.976358 18.838959
-4.319178 23.970493 -19.515665 -3.003760 -16.259144 7.851878 4.204895 7.991625 13.519656 3.642626 -3.016587 10.969987 3.049174 -4.317884 3.866821 -7.433015 -4.324409 -1.665131 -4.863301 -6.593215 9.545759 1.442030 9.768859 -9.780988 -1.857782 11.728576 9.072160 -20.426245 -12.081306 19.007439
-4.325912 24.133602 -19.604532 -2.671076 -16.227057 7.988757 4.604640 7.749677 13.470752 3.844114 -3.004659 10.989282 3.038476 -4.319747 3.884193 -7.400829 -4.337159 -1.679643 -4.866258 -6.581077 9.487464 1.343831 9.708755 -9.790597 -1.935918 11.649691 9.203805 -20.524145 -12.023241 19.049698
-4.273849 24.101950 -19.348434 -3.077179 -16.507326 8.048429 4.513027 7.817322 13.306511 3.718831 -3.058615 10.802967 3.049766 -4.281188 3.865721 -7.555156 -4.294659 -1.660856 -4.888703 -6.654171 9.359019 1.443958 9.697846 -9.612652 -1.644153 11.906666 9.028358 -20.455326 -12.145754 18.779966
-4.237822 24.094461 -19.381641 -3.277826 -16.530424 7.921896 4.217893 7.975351 13.419055 3.602697 -3.020806 10.838239 3.059127 -4.344543 3.839046 -7.495800 -4.298504 -1.699258 -4.908821 -6.610343 9.415354 1.615678 9.764518 -9.643179 -1.717984 11.953630 8.933597 -20.466749 -12.144402 18.783745
-4.403939 24.089405 -19.450953 -3.173368 -16.311255 7.820436 4.324176 7.939089 13.354807 3.682220 -3.048793 10.861263 3.014062 -4.336784 3.836690 -7.502373 -4.298225 -1.647767 -4.871855 -6.650949 9.414802 1.544604 9.808177 -9.574061 -1.692594 11.988853 8.822629 -20.534210 -12.059873 18.768974
-4.367659 24.078318 -19.490604 -3.113031 -16.282953 7.813393 4.149077 7.969552 13.364587 3.709236 -3.139126 11.117044 3.282514 -4.208489 3.660578 -7.765448 -4.212657 -1.539681 -4.753100 -6.691126 9.463984 1.528790 9.786839 -9.560349 -1.779404 11.939179 8.802503 -20.563658 -11.964956 18.882011
-4.215068 23.857864 -19.383360 -3.465526 -16.346045 7.903726 4.235303 8.013759 13.206885 3.451106 -3.171388 11.026293 3.190413 -4.173702 3.687283 -7.856392 -4.221960 -1.513908 -4.737816 -6.715776 9.474488 1.515043 9.800988 -9.648811 -1.760279 11.958229 8.942735 -20.443447 -12.078987 18.748985
-3.568159 24.131756 -19.149071 -3.153518 -15.865627 8.645379 3.705176 7.972928 12.431520 3.569185 -3.134322 11.019985 3.338653 -4.102896 3.559998 -7.936329 -4.211779 -1.663153 -4.828850 -6.720039 9.327033 1.470520 9.600656 -9.539869 -1.578578 11.985486 9.043172 -20.388893 -12.173493 18.793396
-3.562155 23.743652 -18.535589 -4.506848 -14.379145 7.707011 5.010165 7.979769 12.006114 2.501340 -3.425022 9.501732 3.831759 -3.490412 3.670541 -8.724782 -4.339809 -1.562508 -5.138490 -6.829614 8.358679 3.638829 9.432198 -8.599929 -0.175061 12.756420 7.505145 -20.807344 -13.406221 16.287371
-4.286090 23.007160 -17.854767 -5.435202 -12.394085 6.511312 8.099839 7.892291 12.095889 0.951159 -3.459390 8.105228 4.041383 -3.374865 4.581842 -8.330149 -4.763980 -1.178682 -5.573710 -6.817531 6.884773 6.673748 9.437681 -8.027277 0.941116 13.870695 4.906270 -21.087635 -15.282300 13.710183
-4.857087 23.243790 -17.259371 -6.918698 -10.144125 6.313335 7.555001 7.809887 10.242763 0.562810 -3.602127 7.116050 4.641249 -2.676434 4.791808 -8.871657 -4.355634 -0.912666 -5.936381 -7.553573 5.803321 6.021734 10.848230 -8.249070 1.191846 15.295292 4.619486 -21.683916 -15.054506 10.587798
-4.863526 23.420681 -17.557981 -9.950889 -9.746072 6.044293 4.911289 8.368766 7.990423 0.317492 -3.821828 6.608670 5.032786 -1.917675 4.935739 -10.237638 -4.104297 -0.995128 -5.648839 -8.451521 4.809780 5.349405 11.811105 -9.622376 1.082803 15.420591 5.829695 -22.380182 -14.905561 8.042698
-5.541501 22.984528 -18.539785 -12.361576 -9.457846 4.784695 5.149140 7.276176 7.697424 0.188354 -3.924169 5.325876 4.922970 -1.494785 5.570621 -10.895631 -4.196750 -0.740371 -5.589390 -8.729694 4.253254 7.199166 11.249088 -10.408608 1.127311 15.365181 5.582340 -22.166834 -15.893307 6.919938
-5.909931 22.472515 -19.326172 -14.330208 -10.655468 3.795231 5.074027 6.282446 8.117339 0.430498 -3.965462 4.531867 5.634117 -0.876789 6.149527 -10.671807 -3.993408 -0.420111 -6.152848 -9.007118 3.991502 9.064997 11.022784 -10.399516 0.867300 15.840961 4.308865 -23.123102 -16.108646 4.524760
-5.491284 22.289289 -20.254189 -15.772161 -10.192303 2.679251 6.311064 5.536571 7.329201 0.159327 -3.763613 3.971205 6.311076 -0.136776 6.662087 -10.584425 -3.622422 0.317245 -6.807912 -9.349430 2.988907 10.488464 10.990729 -10.532502 0.682333 16.034174 2.799628 -24.860674 -16.858318 1.837923
-5.315471 23.019844 -20.775352 -15.954563 -10.971704 2.236172 8.521514 3.958228 6.865088 1.117100 -3.878589 3.883412 5.885768 0.068076 7.115504 -10.409829 -2.976612 1.263399 -6.916090 -9.584736 1.718560 10.662316 10.927597 -10.779706 0.629959 16.465569 1.834976 -26.952112 -16.065607 -0.075789
-4.385770 23.453098 -21.254362 -17.582743 -10.818357 0.750152 8.219323 3.032886 6.325133 1.486025 -3.896955 3.508703 5.461611 0.599513 7.368185 -10.999004 -2.843704 1.649876 -6.910314 -10.080397 0.218716 10.941672 10.836719 -10.896634 1.097325 16.889048 1.413128 -28.366510 -16.391546 -1.547694
-4.672421 24.412540 -21.387720 -18.338789 -11.054380 1.310628 9.257526 1.623366 5.582936 1.865416 -3.762932 3.726905 5.401540 0.957035 7.738996 -10.654960 -3.260390 2.696028 -6.990516 -9.881927 -1.185512 12.832375 10.897875 -10.347694 1.562865 16.614950 -0.341298 -29.528677 -17.310211 -2.874052
-4.994703 24.558762 -21.467279 -18.779158 -10.600134 1.402853 11.944528 -0.156075 5.481081 1.998227 -3.691085 4.593617 4.801324 0.934691 8.073135 -9.588433 -3.336307 3.709517 -7.098185 -9.766951 -1.155988 12.854753 11.180392 -8.111455 2.212787 16.004517 0.206059 -31.156912 -15.872433 -2.521203
-4.742211 24.604836 -21.378386 -18.982237 -7.928700 0.262574 12.259453 -1.074775 5.503030 2.210129 -3.569870 5.124845 4.541365 0.870239 8.354956 -8.468820 -3.321117 4.399117 -7.366011 -9.805760 -1.226327 12.509258 11.288939 -5.866982 3.054077 16.050175 1.489864 -32.722374 -13.504076 -1.681369
-5.114685 24.559454 -23.071218 -19.567627 -6.459803 -2.222388 11.057126 -2.227717 6.081228 3.255685 -3.823151 5.410022 4.235850 1.474265 8.429129 -8.730083 -3.624046 5.051955 -7.254642 -10.113862 -1.229319 14.619382 10.645537 -4.619779 3.175753 16.939152 -0.482744 -32.836082 -13.295486 -1.838850
-4.981871 24.140129 -24.400652 -20.503380 -5.670155 -3.797953 9.728230 -3.447915 5.415200 4.535548 -3.877208 4.698751 4.072435 2.359552 8.680243 -9.504184 -4.117776 5.201484 -7.234457 -10.582438 -1.364076 18.849691 9.736779 -3.961777 3.607686 17.320803 -3.914699 -32.323700 -15.090599 -2.814599
-5.017240 24.299036 -24.671473 -20.310669 -5.543038 -3.713487 9.724469 -3.556906 5.800818 4.485295 -3.895064 4.641588 4.311635 2.381973 8.716854 -9.448269 -4.263595 5.302412 -7.221001 -10.378983 -1.050880 18.251278 10.008009 -3.620988 3.857949 17.681494 -3.344855 -32.274868 -14.934406 -2.881968
-5.398243 23.849899 -24.394489 -18.900484 -5.158539 -2.947460 10.672326 -2.522046 7.058112 2.911934 -3.831524 4.854519 4.409688 1.685392 8.718672 -8.822321 -4.541070 4.749950 -6.955472 -9.629101 -0.781303 16.189360 10.405092 -3.292974 4.047453 17.865271 -1.559236 -32.337612 -14.644084 -3.213262
-5.455392 23.535736 -24.895658 -18.451494 -3.815558 -3.483445 10.745574 -2.860667 7.166772 2.956210 -4.075715 4.644675 4.817813 2.182005 8.745720 -9.372207 -4.779507 4.606814 -6.563908 -9.564205 -0.479135 16.244318 10.591178 -2.192696 4.946282 18.167665 -2.694997 -32.466896 -14.570519 -3.776390
-5.360428 23.280209 -25.491087 -18.758936 -3.404644 -4.174767 9.862990 -3.169680 7.126281 3.403662 -4.188903 4.469995 4.775810 2.291796 8.659784 -9.647180 -4.793455 4.790864 -6.490716 -9.712775 -0.670710 17.115194 10.478398 -2.094793 5.206055 18.499910 -3.673366 -32.219677 -15.084045 -4.314612
