3.089547 29.898174 -6.625063 12.645014 9.419738 -4.206328 -3.182607 6.514359 -2.703342 -20.361959 3.404188 7.638609 4.465928 -9.348244 1.387852 -2.647936 -0.573376 5.188771 1.549154 -10.157595 3.945981 6.390397 7.351700 1.779075 2.011242 23.570862 -0.876172 -23.880320 -4.388485 20.018873
3.279598 29.966822 -6.284591 12.479995 9.778961 -4.188669 -3.085565 6.615942 -2.646952 -20.740522 3.484211 7.576529 4.336736 -9.416404 1.499755 -2.441133 -0.645903 5.153471 1.488175 -10.090048 3.984392 6.376895 7.443186 1.756710 2.079115 23.632879 -0.937317 -23.935991 -4.364900 19.995979
2.167673 27.599451 -7.357967 11.944294 6.764569 -1.614435 -4.615921 6.646212 -2.544887 -21.350090 3.885432 7.786821 4.761167 -8.636536 1.554986 -2.875527 -1.048210 4.765759 1.482368 -9.743017 5.116838 5.748065 6.973016 2.277432 3.682101 22.880980 0.301414 -22.683823 -6.310818 19.582699
2.820472 28.708042 -6.617712 12.168745 7.768857 -2.124098 -3.551159 6.649102 -2.822056 -21.489553 3.788094 7.854799 4.642331 -8.824895 1.537310 -2.708188 -0.922974 4.890777 1.468854 -10.032832 4.895308 6.676853 7.264088 1.916139 3.250289 23.415682 -0.591545 -23.224236 -5.861341 19.717510
2.559371 27.751339 -6.999018 11.288501 5.758655 0.489909 -3.390204 6.269127 -3.309324 -22.108408 4.120990 8.149803 4.953345 -8.417207 1.732932 -2.548852 -1.219849 4.571488 1.345814 -9.813301 5.769534 7.401636 7.080608 2.984562 4.142930 23.139338 -0.734213 -22.200621 -7.537056 19.304386
2.554484 26.691748 -7.262206 11.069042 4.206577 2.287977 -3.303216 6.441173 -3.639021 -22.757376 4.488037 8.556799 5.389376 -7.837686 2.368563 -2.119798 -1.479901 4.559071 1.349177 -9.533923 6.332995 7.986093 7.144316 3.417616 4.651104 22.862434 -0.750316 -21.492239 -8.720046 18.830292
2.185230 26.112656 -7.284823 10.589592 3.517513 3.305670 -2.838202 6.204104 -4.039364 -23.124483 4.793825 8.819731 5.637652 -7.493553 2.464786 -1.879270 -1.794680 4.585703 1.120544 -9.157572 7.020205 9.076381 7.239640 3.992565 5.057569 22.835215 -1.508672 -21.114323 -9.771968 17.888659
2.475114 25.725441 -7.190016 10.346159 2.921759 4.604027 -2.033612 6.068472 -4.446473 -23.798584 5.028333 9.235198 5.671622 -7.194624 2.889688 -1.571166 -1.936852 4.855180 1.163847 -9.063381 7.422995 9.797201 7.291430 4.097582 5.219972 22.749495 -1.872517 -20.680330 -10.628107 17.448170
3.061187 25.254051 -7.200806 10.738371 2.784858 5.640020 -0.971261 6.033588 -4.499805 -24.531422 5.202122 9.451035 5.641016 -6.893055 3.118423 -1.574601 -2.112382 4.841109 1.193538 -9.111916 8.251203 9.816531 7.318708 4.894808 5.816357 22.426825 -2.107173 -20.049948 -11.508776 17.258633
3.448530 24.616121 -7.214992 10.889085 2.838562 6.280687 -0.171260 5.874013 -4.350894 -25.210905 5.340510 10.091629 5.300783 -6.783968 3.371239 -1.551243 -2.263395 4.709269 1.603667 -9.300471 8.446930 9.811179 7.257809 5.435206 6.507621 22.269653 -2.058721 -19.627348 -12.243036 17.058748
4.451820 23.853237 -7.232688 11.326599 3.064706 7.334862 0.587086 5.834871 -3.846330 -26.219439 5.455482 10.428633 5.135662 -6.700985 3.352994 -1.873459 -2.355257 3.993319 1.985088 -9.468915 9.079467 9.148176 7.215650 6.114183 7.272411 21.869194 -1.590209 -18.861731 -13.032445 17.250147
5.024616 22.802786 -7.614694 11.656158 3.744253 6.882038 0.686965 5.801778 -2.902953 -26.925089 5.495870 10.529112 5.180340 -6.609319 3.271299 -2.142500 -2.431195 3.328740 2.213131 -9.589884 9.648137 8.135185 6.970728 6.946961 8.051933 21.445070 -0.830393 -18.101669 -13.477470 17.959652
5.660744 21.979698 -7.805273 11.895733 4.644900 6.397229 0.417148 5.924783 -1.852347 -27.614634 5.578867 10.886982 5.392339 -6.624472 3.461811 -2.131294 -2.352436 2.547286 2.686917 -9.727795 10.065865 7.158381 6.919453 7.596336 8.486902 21.456644 -0.043911 -17.526285 -13.450031 18.734428
6.224976 21.045830 -8.152429 12.247746 6.173793 5.330146 0.102396 6.091400 -0.721912 -28.295607 5.685690 10.892668 5.473705 -6.664442 3.541947 -2.002348 -2.324707 1.889713 2.796196 -9.625381 10.638707 6.059447 6.874465 8.043304 9.179796 21.349779 1.047324 -16.560877 -13.783921 19.090958
6.366381 20.547966 -8.266845 11.974174 7.782063 3.692840 -0.701388 6.360275 0.121683 -28.689363 5.777720 10.990238 5.910235 -6.751193 3.561729 -2.007488 -2.064038 1.194872 3.004855 -9.567576 11.268495 5.091029 6.880028 8.151046 9.853596 21.326891 2.250091 -15.331004 -14.278912 19.267586
6.372869 20.510540 -8.007158 11.436090 9.155162 1.887364 -1.417430 6.976949 0.752447 -28.807610 5.764367 10.640583 6.617990 -6.788750 3.601924 -2.038988 -1.826010 0.858219 2.939833 -9.265699 11.432291 4.586941 6.498756 8.877409 10.669039 21.571737 3.198504 -14.332653 -14.832397 19.483673
6.178201 20.741886 -8.097277 10.829424 10.524878 0.029779 -2.175124 7.293443 1.253253 -28.694765 5.690607 10.335356 7.591752 -6.748858 3.715874 -2.124057 -1.517798 0.791991 2.914415 -8.862142 11.147412 4.132990 6.464722 8.807273 11.278063 22.095047 4.280148 -13.621589 -15.346567 19.090847
5.950290 20.857716 -8.241124 10.401119 10.739748 -0.909225 -3.038576 7.886094 1.528867 -28.547440 5.627756 9.890719 8.224891 -6.905698 3.799818 -2.059773 -1.223391 0.884094 2.797947 -8.537189 11.281695 3.771175 6.559748 9.084786 11.810540 22.413113 4.698538 -12.950364 -15.737693 18.939095
5.185754 21.100906 -8.217772 10.155508 11.877645 -2.061533 -3.219656 7.938038 1.635563 -28.312788 5.552137 9.545189 8.953094 -6.973454 3.848256 -1.969323 -0.936370 1.132724 2.682554 -7.848830 10.840438 2.521252 6.572798 9.175262 12.657059 22.525711 5.885993 -12.589067 -16.153025 18.492277
4.487483 21.490974 -8.203275 10.093641 12.816758 -3.222019 -3.761760 7.973451 1.793175 -27.957077 5.472098 9.224478 9.367480 -7.098380 3.898674 -2.049507 -0.818887 1.306150 2.666308 -7.490265 10.513272 1.416986 6.631924 8.990964 13.226105 22.409019 6.570756 -12.602067 -16.351751 18.213596
4.006165 21.733547 -8.093723 9.988905 13.240337 -3.591880 -3.769760 7.737682 1.410200 -27.654715 5.567380 9.060390 9.282337 -7.175319 4.062751 -1.753750 -0.825463 1.425135 2.519310 -7.191922 10.523768 0.725294 6.703773 9.032063 13.629565 22.373392 6.787210 -12.411827 -16.439741 18.004330
3.957669 21.875263 -7.985948 9.873034 13.254113 -3.647945 -3.712181 7.706343 1.292464 -27.617952 5.563335 9.059587 9.270286 -7.219665 4.110429 -1.706152 -0.765414 1.456606 2.509776 -7.205386 10.560334 0.713772 6.650671 9.120481 13.689627 22.347673 6.755903 -12.420245 -16.444845 18.028934
3.527450 10.770487 -12.023774 6.106074 6.463388 6.190169 -4.575572 7.135044 -0.753059 -31.667521 6.632907 9.021953 7.508145 -5.087230 2.789235 -3.405091 -4.022415 0.857507 1.883682 -4.460197 19.210291 0.015650 6.608046 9.009690 10.625083 12.576431 4.969726 -12.293345 -18.549011 14.919322
1.556865 5.742517 -13.271075 -0.550053 13.665842 2.575619 -1.839266 5.295758 0.525362 -30.376711 7.523050 9.815022 7.692214 -2.321962 3.214420 -3.880909 -5.024584 -0.000181 1.849680 -2.985862 14.803481 -2.892922 5.286428 8.361097 11.903297 10.170616 9.628918 -7.143139 -24.433714 11.051633
1.113520 3.276814 -12.015450 -2.263472 17.576946 5.684953 0.046131 6.837075 3.496395 -28.171896 8.089632 9.889830 6.112607 -1.875987 3.108379 -3.981568 -4.718544 -1.135801 1.772448 -2.003478 12.220906 -2.861612 4.051723 8.782425 9.163345 8.626685 7.594521 -4.268672 -26.497805 8.683013
-0.096498 2.450250 -11.973798 -2.690167 21.377268 6.602688 0.829045 4.927484 3.647211 -28.687235 8.696639 10.799849 4.719263 -1.342118 2.375516 -4.099435 -5.102246 -0.294272 1.492832 -1.499663 9.866075 -3.856835 4.280351 7.459913 9.233547 8.642685 7.696876 -3.026390 -28.442554 6.713114
-4.055254 0.482683 -12.375871 -2.722654 22.375834 8.506124 2.887482 2.363899 5.112228 -26.047649 9.530694 11.560963 3.109507 -1.094946 1.502420 -3.858251 -4.986459 -0.511621 0.914727 -0.125194 7.294757 -5.137084 3.467873 8.610533 8.684134 7.429847 4.767978 -2.162165 -29.491531 3.931128
-6.412262 2.078155 -12.072065 2.412133 23.689877 12.648125 3.729882 -2.572946 2.990067 -24.283983 10.589299 12.976034 0.992523 -1.641821 1.212044 -2.430473 -4.765069 -0.364772 1.556447 -0.373901 3.219097 -4.985640 3.418309 4.764066 9.445267 9.623020 2.628495 0.521043 -33.012730 4.907080
-6.094852 3.196583 -12.712723 2.906239 24.100332 11.950940 3.855421 -3.488617 1.643549 -23.382170 10.667209 13.700965 0.533801 -1.656825 1.235841 -2.138289 -5.029626 -0.041631 1.601715 -0.798347 3.227297 -4.925904 3.588169 3.447580 10.084884 10.544437 4.026690 1.061133 -33.365936 4.833418
-5.279403 0.502265 -11.237123 -1.921220 22.806580 11.735990 3.189358 1.314025 4.159192 -25.313437 9.957410 12.255178 2.627544 -1.345186 1.065078 -3.640314 -4.661356 -0.920999 1.035225 0.291116 6.357414 -5.257087 3.430797 8.280128 8.440176 7.692985 3.177479 -0.371487 -30.920980 4.035289
-1.555840 3.257735 -13.754726 -2.593108 22.914900 5.561252 3.060288 1.384537 2.786145 -26.771458 8.947965 12.217663 3.251352 -1.382363 2.050062 -4.059707 -5.918153 0.579560 2.080286 -1.588011 7.980110 -4.686625 5.082860 5.776553 10.550171 10.081400 7.962870 -2.625582 -29.680475 3.786203
2.050340 6.987222 -16.399567 -3.509984 23.000547 -0.443644 3.000801 0.941478 -0.109408 -27.113468 7.868400 12.363892 3.621460 -1.324947 3.351044 -4.717981 -6.927791 2.253359 3.543386 -3.715528 9.116515 -4.825627 7.282003 4.196333 12.614036 12.450135 13.124372 -5.010655 -27.686880 3.910663
1.646794 7.365514 -17.069843 -3.180839 22.891083 -1.607116 2.757262 0.351063 -0.264000 -27.328497 7.713855 12.065392 3.670369 -1.219285 3.568658 -4.713550 -7.367362 2.902713 3.433424 -4.076283 9.085285 -4.804699 7.189042 3.750646 13.061954 12.967663 14.195928 -5.127872 -27.508286 3.581390
2.319308 8.607744 -17.220905 -2.553841 22.435896 -4.552791 1.609088 -0.496171 -2.711429 -30.552559 7.414001 11.872602 3.815792 -1.272986 4.092375 -4.756417 -7.667313 3.136627 3.646982 -4.539330 10.618110 -4.742274 7.655031 2.474473 15.078966 13.698353 15.145772 -6.785655 -27.364609 3.750563
2.043851 8.997956 -17.481030 -1.805788 21.951670 -5.549982 1.047782 -1.315658 -3.902190 -32.082607 7.365344 11.883264 3.886300 -1.292930 4.082750 -4.791999 -7.669235 3.067216 3.670616 -4.620288 11.715232 -4.684088 7.694045 1.536465 16.432570 14.302863 15.663515 -7.738883 -27.157637 3.822592
2.149147 6.875823 -16.503187 -3.833308 22.833921 -0.514583 3.101226 1.276643 0.071126 -26.779793 7.819565 12.189003 3.727879 -1.271702 3.468382 -4.738736 -6.997671 2.357938 3.491944 -3.808978 9.174762 -4.748750 7.515021 4.625449 12.368063 12.355705 13.083187 -4.971840 -27.679565 3.510392
2.313735 8.579510 -17.234486 -2.374135 22.398134 -4.680204 1.241428 -0.475317 -2.514465 -30.540670 7.453498 11.905927 3.804753 -1.285613 3.893010 -4.831254 -7.658106 3.067093 3.619468 -4.490308 10.779017 -4.453169 7.605148 2.185718 15.113578 13.991265 14.839088 -6.687022 -27.433962 3.766149
1.991261 7.055719 -16.488981 -3.389298 23.074591 -0.729374 2.934049 0.788719 -0.167829 -27.237503 7.883084 12.390091 3.655448 -1.358433 3.233080 -4.741507 -6.993886 2.373256 3.544967 -3.742144 9.111906 -4.812997 7.285031 4.033587 12.762920 12.590634 13.446595 -5.282413 -27.525434 3.945130
0.999134 5.396190 -15.576484 -3.975323 23.280905 1.711917 3.806554 1.581437 1.614328 -26.404800 8.178493 12.347757 3.404172 -1.303045 3.213478 -4.434695 -6.593917 1.675250 3.122242 -3.066200 8.504567 -5.170102 6.489736 4.879570 11.488167 11.411877 11.222831 -3.920307 -28.564028 3.319384
1.433468 5.704165 -15.622811 -3.993604 23.309065 1.611597 3.729339 1.602890 1.366023 -26.518089 8.162211 12.483225 3.429852 -1.318130 3.218719 -4.416062 -6.543057 1.778320 3.174363 -3.108720 8.605767 -5.194387 6.609654 4.771582 11.572879 11.630657 11.169744 -3.817623 -28.513147 3.481709
1.559891 5.873257 -15.722274 -4.070188 23.384855 1.095148 3.706730 1.614791 1.451482 -26.391729 8.051571 12.425226 3.419701 -1.217419 3.201953 -4.632549 -6.634131 1.892091 3.237024 -3.293603 8.595636 -5.023015 6.725914 4.740285 11.533606 11.678005 11.630019 -3.926348 -28.418961 3.398502
0.129721 4.851192 -14.665919 -3.676872 23.648359 2.745858 3.957737 1.337796 2.055024 -26.625542 8.490430 12.395452 3.013653 -1.511603 2.998743 -3.993963 -6.357318 1.383987 2.890813 -2.405144 8.197104 -4.985060 5.816362 4.424635 11.329405 11.233078 9.951907 -3.290648 -29.172291 3.146523
-2.503576 1.753114 -12.376759 -1.097825 18.520479 6.546405 -1.968765 4.683266 4.900935 -27.263472 8.935937 9.959607 4.929659 -1.397545 2.074218 -4.167709 -4.353386 -1.157571 1.087824 -1.773595 9.744746 -2.146863 2.331497 6.426014 7.966768 7.835745 6.191465 -3.068557 -28.339622 8.237649
-2.401399 2.155515 -13.890641 -5.609418 20.309675 2.200240 -3.397188 4.165790 5.254633 -26.506758 8.645858 8.596134 4.503718 -0.509154 2.916230 -4.799090 -5.391408 -0.523683 0.986801 -2.318308 8.679353 -1.110546 2.938473 6.196235 8.422369 7.431141 8.785969 -5.191980 -27.968821 4.608962
-0.821272 3.698618 -15.822793 -7.954493 20.594244 -0.941205 -4.087419 3.920032 4.933093 -26.464914 8.535574 8.425389 4.135030 -0.126215 4.000086 -5.013155 -6.265697 0.092614 1.115699 -4.022337 6.315598 -1.332389 3.664893 5.214073 9.328077 8.061841 11.994338 -7.692266 -27.706610 2.519313
-0.477534 7.415784 -19.000166 -7.547229 20.452852 -7.747581 -4.883617 0.687023 1.845128 -28.262186 8.341805 7.552255 3.403686 0.102191 5.031681 -4.722633 -7.603686 2.126784 0.773291 -5.874464 5.066314 -2.606713 3.232142 1.482023 10.906919 9.894229 17.396547 -10.778572 -25.941919 2.268930
-0.365973 9.681177 -19.491812 -8.646832 19.780550 -11.469186 -6.857740 0.038649 0.207458 -29.379526 8.135053 6.819838 2.989190 0.525844 6.213131 -4.236714 -7.411433 3.828292 0.428068 -6.609270 4.983660 -3.984216 2.302168 0.306997 11.613087 10.298321 19.480772 -13.591412 -24.557688 1.725659
-2.234147 11.204069 -19.023149 -10.297590 19.097057 -12.922708 -7.159385 -0.629572 -0.413488 -29.893690 8.263465 5.708746 2.889478 0.707199 7.429719 -3.275992 -6.818048 4.847529 -0.426193 -6.307966 5.813951 -5.932369 1.409118 -0.416539 12.916462 9.875763 20.796984 -16.158497 -23.521299 2.534712
-3.580763 12.374163 -17.715376 -12.283274 18.480711 -12.997719 -8.000794 0.263090 -1.290555 -29.757462 8.225590 4.911911 3.767634 0.716693 8.518822 -2.352247 -6.296595 5.507118 -1.121090 -5.660484 6.311911 -7.691651 1.552977 1.833098 12.814949 9.258347 19.735224 -18.552828 -21.407595 2.053688
-4.168179 14.275407 -16.332104 -12.537001 18.435450 -13.232672 -8.502702 0.949088 -2.706156 -28.987303 8.012757 4.069927 4.641899 0.385888 9.063757 -1.593917 -5.811028 5.942723 -1.525560 -5.419903 7.649875 -8.072906 1.784326 3.437459 12.436893 9.712609 18.231619 -19.352589 -19.571383 1.726075
-4.731460 15.724390 -15.153399 -13.367773 16.751812 -13.293725 -8.710691 2.249182 -3.452746 -28.298346 7.960687 3.677351 5.827188 0.287316 9.382017 -0.880634 -5.122077 6.861321 -1.846427 -5.153227 8.516934 -7.663225 1.241153 4.859295 11.640966 10.379545 17.329912 -19.817644 -17.434185 1.144601
-4.710976 15.245024 -13.643477 -13.073513 14.711605 -12.131486 -8.859910 4.287942 -3.001803 -28.582747 7.886118 3.261535 7.132956 0.000458 9.842761 0.135981 -4.438460 7.205064 -2.340054 -4.822159 9.546298 -8.048559 0.958623 6.414582 11.524752 10.089186 16.181080 -21.475725 -15.373320 1.679882
-4.600341 15.537408 -12.581455 -13.066479 12.514194 -10.626117 -8.305114 5.718853 -3.055506 -29.109259 7.771967 3.286637 8.208601 -0.258279 9.714491 0.704005 -3.833768 7.010034 -2.644371 -4.458789 9.748521 -8.759229 0.049439 8.146034 12.003183 9.325681 15.063335 -23.465567 -14.839580 2.717435
-5.015535 15.401548 -11.164264 -12.220470 11.716955 -9.124345 -7.925605 6.671880 -2.930690 -30.526188 8.005831 3.296636 9.215024 -0.830620 9.743809 1.554546 -3.109004 6.780522 -2.907207 -3.356264 11.424426 -8.575704 0.095351 9.904664 11.051967 8.136656 12.840302 -24.211233 -13.945049 3.306530
-4.790091 14.912900 -9.598792 -12.413924 10.707494 -6.509623 -8.338016 6.557512 -2.333867 -32.747967 8.161831 2.957840 10.173604 -1.274824 9.685134 1.856370 -2.533176 5.974455 -2.879429 -2.268755 12.039646 -7.726844 -0.296273 12.634692 10.643841 7.423041 10.137099 -24.770107 -13.411703 3.859191
-5.262101 14.773325 -8.435540 -13.418309 8.769554 -3.833096 -9.722878 5.921325 -1.431129 -32.584538 8.351222 2.199273 10.954233 -1.539754 9.084976 1.812155 -1.946937 4.596107 -3.237275 -1.752122 13.972671 -7.076771 0.054019 15.255357 10.594999 6.963125 6.823111 -25.185286 -12.760478 5.341033
-5.249583 14.932132 -7.025313 -14.179937 7.252118 -2.202419 -11.175523 5.781928 -0.639747 -32.823895 8.340869 1.229920 11.701922 -1.545835 8.858768 1.466979 -1.324581 3.480699 -3.558959 -2.263066 16.408762 -6.301001 -0.268289 17.218914 10.199233 7.119331 4.858142 -25.152449 -11.435749 6.265723
-8.980078 11.134270 -6.033143 -13.593058 9.968269 7.431128 -7.576019 6.723998 5.863291 -24.554596 9.595598 2.138968 9.400031 -1.267122 7.104123 1.319145 0.535888 2.139493 -4.195568 -0.914508 9.699662 -5.514760 -2.256199 18.543892 4.169826 4.293668 -0.128836 -18.261736 -15.087200 6.207805
-8.288104 10.088662 -6.439250 -12.455050 10.039158 6.407705 -6.075379 7.520391 4.823229 -24.983244 9.255933 2.178561 9.153951 -1.248063 7.415206 1.160855 0.134177 2.982461 -3.852758 -1.689875 9.828029 -5.619264 -3.084227 17.801617 4.916701 5.340470 2.093393 -17.130617 -15.312040 6.847079
-5.212545 10.932204 -7.454622 -12.095035 9.178980 -0.528216 -7.070639 8.182553 1.199752 -29.441019 8.210687 2.180287 10.032881 -1.416499 8.675172 1.085348 -1.007718 3.903809 -2.859926 -2.637367 13.476502 -5.488407 -2.385468 15.968045 7.894300 7.185913 5.913634 -18.880764 -14.141916 7.547363
