-4.560777 27.295666 -9.132925 10.985867 1.434979 -12.279026 5.485397 5.278313 10.610732 -21.001640 3.784128 -1.374940 -0.338140 -11.374219 0.527022 -0.054802 -5.391084 7.737743 -5.031310 -5.433270 3.948664 6.446863 7.334047 1.746972 2.173609 23.622915 -0.889023 -23.990980 -4.475406 20.024166
-4.446065 27.349346 -8.929254 10.835356 1.559832 -12.478621 5.408554 5.329351 10.531248 -21.479839 3.811760 -1.423292 -0.339781 -11.404707 0.422370 -0.065683 -5.460233 7.796428 -5.118674 -5.318521 4.310181 6.484777 7.344358 1.352013 2.609847 23.804335 -0.829039 -24.267202 -4.536298 20.139263
-6.123160 26.368223 -6.789788 10.751353 3.456302 -10.599902 6.658084 5.304180 12.278581 -20.407011 4.159797 -1.086370 -0.815792 -11.368465 -0.225555 0.088631 -4.802039 7.362903 -5.299397 -4.691828 2.495921 6.213615 6.260187 1.472689 1.504251 23.232336 -3.241505 -22.095575 -5.920511 20.657471
-6.449450 25.200211 -5.338417 11.856553 4.635376 -10.199750 8.143676 5.995812 13.202738 -19.477034 4.417974 -0.914036 -1.035621 -11.694377 -0.555891 0.686021 -4.315379 7.707605 -5.262613 -4.214774 2.158265 5.786528 5.681732 1.010728 0.832047 23.446152 -4.344084 -20.085421 -6.289589 21.369654
-7.390253 23.714634 -3.324281 12.209414 6.195983 -9.294168 9.807834 7.067026 14.545611 -18.146364 4.770604 -0.640768 -1.485869 -11.920584 -0.971854 1.118336 -3.757918 7.724975 -5.284142 -3.622826 1.176534 5.186767 4.747454 0.283788 0.112422 23.488371 -6.029699 -18.054949 -6.963629 21.776352
-7.771145 22.543188 -1.928093 13.158162 7.107493 -9.326549 10.748891 7.885046 14.968658 -17.840227 5.009099 -0.602265 -1.818455 -12.122944 -1.449393 1.287666 -3.183361 7.785666 -5.211434 -3.262173 1.293744 5.223671 4.307465 -0.326936 -0.145668 23.698044 -7.003075 -16.653187 -7.146887 21.607634
-8.074897 21.697792 -0.973985 14.102037 7.910139 -9.497614 11.573938 8.337304 15.142556 -17.698832 5.196308 -0.470256 -2.029653 -12.244362 -1.680531 1.655492 -2.683975 8.008739 -5.263291 -3.075027 1.144851 4.886480 3.787619 -1.335211 0.179921 23.965014 -7.722470 -16.106625 -7.866657 21.808098
-8.377873 20.997402 -0.084722 14.872293 8.321428 -9.660671 12.000087 8.693337 15.031162 -17.927498 5.350001 -0.708123 -2.201645 -12.322234 -1.950048 1.714679 -2.264448 8.241606 -5.054211 -3.029119 1.257461 4.747719 3.580393 -2.273990 0.601116 24.351984 -8.146761 -15.674645 -8.128377 21.680254
-8.721175 20.654362 0.472971 15.347389 8.847562 -9.935761 12.454272 8.736833 15.031167 -17.812712 5.152340 -0.831158 -2.377498 -12.438396 -2.045712 1.608918 -1.986974 8.362886 -4.982399 -3.131843 1.048007 4.233282 3.162822 -2.828185 0.819445 24.401987 -8.614166 -15.688465 -8.180296 21.841431
-9.100427 20.663427 0.966464 15.891400 9.027775 -10.671977 12.201017 8.563258 14.583136 -18.218081 5.309809 -0.798374 -2.652972 -12.575208 -2.314220 1.605793 -1.890803 8.431023 -4.834132 -3.065276 1.272300 3.720175 2.764056 -3.834218 1.508445 24.578669 -8.895638 -15.376520 -8.516504 22.232166
-9.767538 20.975407 1.845445 16.148552 9.271352 -11.229421 12.026595 8.182045 13.956235 -18.484606 5.430013 -0.819850 -3.054717 -12.698821 -2.563443 1.620782 -1.843449 8.449364 -4.669017 -3.070582 1.322679 3.243579 2.181441 -5.194790 2.476509 24.856586 -9.565047 -15.665397 -8.906763 22.119289
-10.717501 21.760523 2.506700 16.200397 9.209023 -11.918246 11.735900 7.386554 12.844586 -19.216196 5.441468 -0.708279 -3.542953 -12.845141 -2.929641 1.476848 -1.762653 8.219711 -4.503654 -2.922261 0.950601 2.872048 1.762230 -6.105204 3.006412 25.103195 -9.994947 -15.987666 -9.171215 22.133167
-11.391914 22.657743 2.809793 16.041674 9.157457 -12.810542 11.193790 6.720557 11.636989 -19.754526 5.569759 -0.625598 -3.837752 -12.947775 -3.245853 1.424629 -1.786974 7.968650 -4.352189 -2.812180 0.697263 2.716776 1.322454 -6.480815 3.182684 25.064703 -10.806582 -16.322495 -9.325942 21.521606
-12.133389 23.805407 3.381286 15.401287 9.195118 -12.902797 10.957618 5.957870 10.790385 -19.924150 5.482761 -0.485323 -4.386243 -13.030905 -3.632328 1.032592 -1.847250 7.619968 -4.114654 -2.741248 0.469610 2.208962 0.915870 -6.625951 3.391056 24.921503 -11.370025 -17.279270 -9.065029 20.899984
-12.728464 24.983149 3.714926 14.614670 8.732151 -13.096318 10.570731 5.100053 9.668855 -20.389795 5.686678 -0.320150 -4.649910 -13.050544 -3.930781 0.886001 -2.080453 7.397856 -3.862991 -2.531259 0.561822 1.766256 0.581583 -6.197998 3.660475 24.425114 -12.149121 -18.476168 -8.704494 20.361549
-12.995803 25.848045 3.980433 13.833035 8.019663 -12.733264 10.443671 4.582186 9.271399 -20.378351 5.841281 -0.135473 -4.936947 -12.979615 -4.203310 0.538491 -2.425445 7.032159 -3.670296 -2.495812 0.673505 1.260736 0.264157 -5.906726 4.064220 23.956949 -12.352244 -19.994478 -8.590502 20.098778
-13.012054 27.426964 3.855483 12.855597 7.499148 -12.697553 9.972560 4.078540 8.573804 -20.236820 5.874304 -0.188757 -5.445290 -12.934952 -4.347245 -0.073323 -2.857960 6.797815 -3.256749 -2.732570 1.068303 0.661823 0.220554 -5.128297 4.450029 23.305285 -12.855693 -21.826075 -8.080708 19.304592
-13.190642 28.510445 3.561971 12.227301 7.090513 -12.528407 9.753770 3.363399 8.112258 -20.255140 6.102439 -0.155549 -5.547151 -12.736862 -4.344272 -0.307803 -3.099091 6.682337 -3.147515 -2.912407 1.078822 -0.220724 0.330900 -4.567556 4.977760 22.723627 -12.652810 -23.588577 -7.610326 19.375477
-13.235183 29.257992 3.040447 11.574972 6.827768 -12.234278 9.370336 2.875559 8.023913 -20.194998 6.476491 -0.395405 -5.569073 -12.468803 -4.429500 -0.695131 -3.335327 6.637462 -2.915950 -3.326629 1.315467 -0.663207 0.581422 -3.700994 5.317832 22.094191 -12.241111 -24.914927 -7.166556 19.685955
-12.931590 30.318731 2.436309 11.346278 6.560309 -11.799455 8.865282 2.269192 7.707172 -20.229141 6.715104 -0.443496 -5.504458 -12.280066 -4.367064 -0.862706 -3.506161 6.559908 -2.881858 -3.468186 1.346962 -0.901706 0.673515 -3.369034 5.750472 21.829042 -12.258035 -25.901791 -7.128951 20.028666
-13.071733 30.165195 2.434160 11.396236 6.673290 -11.660197 8.863853 2.210904 7.760046 -20.322393 6.654686 -0.424471 -5.437395 -12.250937 -4.285552 -0.862665 -3.558092 6.601804 -2.881541 -3.483264 1.388218 -0.849746 0.675925 -3.686699 5.927844 21.954081 -12.249829 -25.969765 -7.089157 19.996494
-13.081525 30.185375 2.442869 11.404032 6.680347 -11.679437 8.858113 2.175182 7.737339 -20.330488 6.683206 -0.429075 -5.444703 -12.219456 -4.280173 -0.880933 -3.526751 6.597778 -2.891810 -3.495641 1.383545 -0.855146 0.685440 -3.677418 5.921216 21.961470 -12.256838 -25.963587 -7.088835 19.984718
-11.299893 28.655741 3.885084 13.106695 6.116189 -15.434011 10.713183 5.188823 6.099662 -18.651606 5.119480 -0.753267 -5.381387 -13.652224 -4.576004 -0.682318 -2.666657 6.318133 -2.303246 -1.505242 2.026112 -0.949870 0.691948 -5.466095 3.686456 23.668810 -13.022260 -20.811815 -6.734809 17.044853
-9.329242 24.698181 3.346009 15.483747 7.456534 -16.294363 11.821879 8.221677 8.505075 -16.786947 4.005917 -1.163753 -4.892094 -14.334304 -4.130226 -0.418766 -2.108545 6.836838 -2.043370 -0.748151 3.081235 -1.254949 2.051198 -6.534359 2.209117 25.270826 -10.855691 -16.390533 -4.597054 17.286684
-8.370735 23.158674 3.497349 13.761316 6.261374 -15.652509 11.971462 10.648849 9.580805 -15.107496 3.185177 -1.890220 -4.378113 -14.419803 -3.312302 -0.722840 -1.745286 7.081089 -2.009214 -0.404401 4.373502 -1.590491 2.855996 -5.198431 1.250933 25.070045 -9.437415 -15.191143 -2.834615 17.820007
-7.710503 22.488321 3.820534 9.646000 4.278778 -14.792701 11.560989 13.493381 9.357594 -13.933722 2.516364 -2.568563 -3.916059 -14.011994 -2.472524 -1.218868 -1.518797 7.091338 -2.407298 -0.514948 5.342341 -1.699154 4.004637 -2.974453 -0.029799 24.401617 -8.236987 -14.576418 -1.415241 17.662298
-6.607286 23.047806 3.593892 6.864358 1.776322 -13.362074 9.029066 14.679465 10.013902 -13.326738 2.085678 -2.557624 -3.917775 -13.725171 -1.578985 -1.493583 -1.830583 7.304211 -2.707483 -0.778398 6.197968 -2.085344 4.347215 -0.636459 -0.117606 23.248274 -6.811692 -14.976134 -0.093936 19.576630
-4.493293 23.618664 1.605582 5.829822 1.506552 -16.179598 7.330842 15.906701 10.577209 -10.796329 0.818567 -2.941559 -3.912489 -14.132367 -1.517858 -2.386016 -2.448118 6.832927 -2.235166 -0.968991 5.623602 -2.709127 5.910622 -0.934067 -2.052431 24.037863 -3.621222 -13.867156 1.645338 18.093792
-1.883040 24.210859 -0.050548 5.639152 0.622800 -17.989069 5.253335 17.508619 11.638066 -8.761990 -0.392854 -3.439915 -3.394694 -14.472840 -0.992641 -2.601039 -2.791706 6.915389 -2.040634 -1.257260 5.136297 -2.567837 7.461905 -0.252850 -3.726728 24.831469 -0.293541 -12.266188 3.534952 17.858192
-1.964051 24.206108 0.050182 5.596669 0.754074 -17.881681 5.476357 17.464846 11.602426 -8.738303 -0.462032 -3.499479 -3.389571 -14.474566 -0.967159 -2.652282 -2.748076 6.894496 -2.042199 -1.236881 5.056434 -2.719867 7.442661 -0.260096 -3.732518 24.857191 -0.478297 -12.372508 3.372461 17.578941
-1.980891 24.222549 -0.036670 5.495662 0.760479 -17.976831 5.439494 17.445911 11.535752 -8.794125 -0.480863 -3.461412 -3.479185 -14.488410 -1.016818 -2.687576 -2.757644 6.846786 -2.029433 -1.211818 5.073506 -2.747576 7.430236 -0.203244 -3.806330 24.810827 -0.521534 -12.332006 3.428586 17.572300
-2.052307 24.196144 0.028536 5.589602 0.856654 -18.002174 5.547480 17.404997 11.512078 -8.847532 -0.462836 -3.468429 -3.434031 -14.458349 -1.014628 -2.706068 -2.786791 6.841334 -2.037858 -1.256131 5.122796 -2.789112 7.358792 -0.250619 -3.769895 24.794146 -0.639421 -12.321207 3.404159 17.610767
-1.820191 24.199295 -0.063916 5.590506 0.720403 -17.981556 5.337705 17.641764 11.571655 -8.640574 -0.464532 -3.549468 -3.309035 -14.495865 -0.954838 -2.679886 -2.804049 6.885352 -1.994917 -1.258842 4.901700 -2.519438 7.501052 -0.279695 -3.942938 24.946672 -0.369083 -12.136636 3.358907 17.640701
-1.846735 24.192612 0.049043 5.645700 0.723494 -17.855783 5.463650 17.558729 11.640485 -8.661445 -0.459816 -3.488868 -3.414494 -14.488770 -0.982283 -2.648603 -2.723514 6.879426 -2.031345 -1.218453 5.033269 -2.656591 7.441016 -0.294555 -3.714183 24.863619 -0.464412 -12.382890 3.376389 17.658342
-1.966216 24.221508 -0.000965 5.582819 0.780935 -17.940737 5.459885 17.480661 11.566631 -8.736992 -0.484632 -3.481354 -3.392050 -14.481482 -0.951681 -2.687246 -2.803085 6.882577 -2.024121 -1.279611 5.077130 -2.661487 7.435087 -0.278993 -3.752709 24.877995 -0.527506 -12.384009 3.407283 17.456585
-1.999690 24.223721 -0.064216 5.550012 0.815135 -17.989244 5.462377 17.410513 11.520734 -8.824609 -0.445732 -3.447893 -3.455781 -14.487504 -1.024471 -2.687657 -2.778589 6.864360 -2.017127 -1.231539 5.029534 -2.696130 7.435016 -0.228451 -3.810323 24.863935 -0.530380 -12.336484 3.399402 17.546814
-2.067302 24.194477 0.091178 5.632664 0.832607 -17.989830 5.548669 17.431171 11.521862 -8.842083 -0.416251 -3.419091 -3.410119 -14.467862 -1.039191 -2.674823 -2.769045 6.843706 -2.041876 -1.226817 5.100210 -2.654579 7.362850 -0.340667 -3.780030 24.817030 -0.675154 -12.360877 3.370939 17.589142
-2.208497 24.046461 0.117615 5.552405 0.771734 -18.185186 5.605068 17.407187 11.469410 -8.892582 -0.439826 -3.402444 -3.546984 -14.485197 -1.104719 -2.731331 -2.745322 6.766923 -2.006053 -1.157500 5.117276 -2.622484 7.309824 -0.427122 -3.822757 24.917521 -0.819181 -12.227294 3.321406 17.393702
-2.081741 24.229702 0.008738 5.597706 0.769867 -18.036184 5.528836 17.396824 11.603431 -8.840196 -0.423645 -3.457643 -3.377557 -14.481641 -0.995360 -2.635940 -2.752380 6.908908 -2.038352 -1.208809 5.021727 -2.623610 7.341011 -0.248246 -3.856899 24.830757 -0.550907 -12.304326 3.408607 17.595947
-1.856493 24.180244 -0.056679 5.581845 0.665920 -18.026663 5.386049 17.617874 11.674420 -8.650599 -0.458668 -3.594063 -3.286338 -14.477583 -0.908006 -2.665753 -2.777861 6.922582 -2.013596 -1.294250 4.953380 -2.444396 7.416908 -0.212307 -3.967220 24.887499 -0.291019 -12.160886 3.402297 17.754250
-1.761701 24.135981 -0.160993 5.394818 0.569092 -18.057186 5.368302 17.749321 11.847991 -8.402313 -0.593766 -3.668156 -3.276000 -14.480368 -0.866337 -2.813293 -2.818645 6.915749 -1.974842 -1.350857 4.803187 -2.630417 7.551124 0.127799 -4.343906 24.780693 -0.009137 -11.848413 3.703319 17.731560
-1.271763 24.217422 0.015299 5.484948 1.128846 -17.638916 4.601400 17.774481 10.968053 -8.570266 -0.528945 -3.550665 -3.323815 -14.486874 -0.955701 -2.734550 -2.810137 6.841042 -2.000859 -1.265626 4.955377 -2.625450 7.410274 -0.288909 -3.880190 24.993254 -0.306207 -12.213090 3.428702 17.426867
0.453330 22.316696 -1.008270 5.704999 0.066667 -17.515427 4.850995 19.393402 13.095111 -7.564702 -1.146493 -4.469221 -1.768471 -14.389835 -0.142241 -2.528242 -2.252108 7.038679 -2.159346 -0.057425 5.580864 -0.978689 8.738566 1.612821 -5.851227 24.861650 1.280375 -9.195428 4.305534 17.458525
2.518958 20.679808 -0.896916 5.938598 -2.561554 -16.554354 4.431624 21.724749 14.906634 -7.158360 -1.399841 -4.948900 -0.187306 -14.105646 0.712340 -2.313591 -1.859916 7.273877 -2.653145 1.641889 7.699169 0.909517 9.762774 2.841373 -6.959684 24.794676 1.486762 -5.534190 3.847804 18.048466
4.631863 20.632851 0.432894 6.388733 -4.085634 -15.410666 2.467336 23.599562 14.025641 -6.966967 -1.138981 -5.030526 0.671227 -14.053961 0.436137 -1.899501 -0.932219 7.217612 -3.181642 2.698007 10.554072 1.073995 9.617275 5.165956 -7.366585 23.418615 1.035510 -1.957510 3.977879 21.946888
4.089502 19.657787 2.631365 7.047225 -4.640735 -13.944566 3.179558 23.743628 14.256543 -6.906918 -0.960086 -5.541296 1.139191 -13.940054 0.355872 -1.545444 0.162267 7.414793 -3.393440 3.127177 11.987644 0.297069 8.829185 6.575834 -7.247426 22.269037 0.177006 -0.784105 5.417099 24.195122
3.409251 17.330030 3.883698 7.480979 -6.114165 -12.953989 3.739390 24.116156 14.831283 -7.452168 -0.986782 -5.925146 1.945351 -13.845398 0.410684 -0.920929 1.300692 7.402642 -3.942372 3.726888 14.168172 -0.590418 8.367124 8.683368 -7.023722 21.152979 -1.084790 -1.593945 8.192525 25.105183
3.997899 15.097414 3.729420 7.856228 -8.230425 -11.828233 3.887846 25.376642 13.945390 -9.073759 -0.634315 -6.027282 3.133445 -13.437812 0.251884 -0.069833 1.920390 6.694315 -5.058949 3.555265 16.720381 -0.831932 8.753345 9.691531 -6.443502 20.415102 -2.254085 -3.904108 10.393247 23.081387
5.278023 12.793524 2.864603 7.854738 -10.505648 -10.754688 3.736045 27.242529 13.282397 -10.661306 -0.133701 -6.406868 4.553990 -13.257307 0.086052 0.599700 1.855573 5.544538 -6.285912 3.370308 19.947491 1.178550 9.459073 11.741138 -7.258909 19.705952 -4.565096 -5.298482 12.464128 21.268774
5.404547 10.015462 3.699660 8.623823 -12.472104 -8.266377 4.147713 29.488890 12.677182 -12.609213 0.235470 -6.768569 5.762794 -12.964419 -0.331369 1.133184 2.037562 4.007734 -7.400380 3.100307 22.487202 6.711353 10.276658 12.501589 -8.890460 19.900698 -8.274465 -5.774330 12.395162 18.718792
5.330663 8.178504 5.157235 9.001421 -14.024999 -4.372348 4.994200 30.952787 12.870960 -13.930390 0.295646 -7.254739 6.002968 -12.768074 -1.128531 1.299118 2.354110 2.013387 -8.599281 1.810753 23.861834 9.685436 9.315736 13.200182 -10.792762 19.456034 -13.160947 -5.493702 12.533355 18.078978
4.633608 6.705257 7.553899 9.577272 -15.257118 0.289716 7.678396 31.930136 13.239678 -13.673181 0.074719 -8.075416 5.332966 -12.897483 -2.163639 0.759249 2.835882 0.522241 -8.959102 0.401939 24.013838 11.816979 7.628188 14.491046 -13.438722 17.915266 -18.738230 -6.556488 13.876362 17.429745
3.306966 5.986029 9.301328 10.490891 -15.772919 1.946447 11.371612 32.254662 13.541135 -13.629582 -0.249735 -8.309906 4.542334 -13.306446 -2.923948 0.473730 3.147291 -0.247779 -8.903081 0.016571 23.117783 11.946056 6.790138 15.014862 -15.089997 17.409203 -21.070177 -7.606423 15.748819 16.047688
3.024949 6.498390 9.197348 10.889402 -13.277958 1.097115 11.546306 31.473881 12.895010 -13.932487 -0.168220 -7.583845 3.945135 -13.534172 -3.118870 0.630421 3.068009 -0.211650 -8.909041 0.182550 22.383081 10.319000 6.493839 14.410862 -14.188761 18.307198 -20.853163 -7.582860 14.558356 16.218775
1.361475 7.578012 9.216271 10.872405 -11.006430 -0.035889 12.548929 30.906446 11.889567 -14.299793 -0.007828 -6.262871 2.978903 -13.765862 -3.155137 0.904184 2.784613 0.309209 -8.560435 0.782381 21.871706 8.496677 6.354204 13.342039 -12.984888 19.417349 -21.113592 -7.756853 13.006176 15.981359
1.050736 8.938090 8.283856 10.204330 -9.222555 -2.056483 11.804844 29.985865 11.832267 -14.614754 -0.108392 -5.149622 2.635483 -14.016541 -2.909879 1.058131 2.240769 1.279506 -7.973051 1.452659 21.108528 8.171447 7.122809 12.954033 -11.765234 20.742704 -19.701420 -7.631057 11.592707 15.711804
1.129621 9.173609 12.547483 10.683708 -11.574136 -0.618714 12.448284 31.885006 11.482885 -11.062703 -0.380026 -5.445957 1.161267 -14.479532 -4.462897 0.691468 2.738474 -0.267259 -8.200408 0.655825 21.403654 3.841790 5.552339 13.164004 -13.029916 19.882105 -19.128141 -5.901089 15.436501 15.995528
1.189399 9.848003 14.976785 9.569725 -13.545921 -0.529227 9.860181 32.004459 12.826468 -8.563148 -0.902515 -5.936305 -0.067163 -14.625753 -5.203040 0.303219 3.236925 -1.102567 -7.926488 0.076384 20.191626 3.166020 3.849925 13.477126 -12.961252 18.381025 -20.242039 -4.539160 16.613766 18.280125
1.426455 9.807445 14.707057 9.589226 -13.548566 -0.521248 9.941543 32.040119 12.920259 -8.557880 -0.878004 -5.961688 -0.077158 -14.639647 -5.256885 0.269132 3.217523 -1.156378 -7.910473 0.048780 20.143471 3.368071 3.920055 13.633729 -13.104321 18.381849 -20.274891 -4.544330 16.614832 18.192133
1.471672 9.851696 14.650616 9.568506 -13.782214 -0.469278 9.811694 32.049332 12.910679 -8.703335 -0.830607 -5.836901 -0.065566 -14.624582 -5.278336 0.234682 3.134139 -1.218042 -7.950616 0.084948 20.095995 3.532574 3.849856 13.492750 -13.149064 18.493563 -20.532820 -4.511136 16.386559 17.885536
