10.414799 29.569084 -6.637186 6.435716 14.131721 4.057906 -1.217756 14.136403 0.990310 -7.182823 -4.354999 1.319854 -1.281262 -9.780888 5.317687 -2.054390 -5.395792 3.246947 -9.632119 -2.810085 -2.980228 15.363192 -13.024970 15.154214 -15.059024 19.065374 9.774107 -13.358275 0.001625 9.219451
10.461165 29.601931 -6.568882 6.456482 14.204201 4.119346 -1.177751 14.127429 0.966649 -7.307724 -4.387756 1.346422 -1.301626 -9.768795 5.293474 -2.079089 -5.426968 3.218741 -9.691266 -2.770822 -2.945972 15.501512 -13.418264 15.199935 -15.122115 19.072624 9.938841 -13.303569 0.012220 9.088212
9.761365 10.824772 -10.272347 0.044969 7.856439 18.099606 -3.929963 16.446268 2.744296 -18.546339 -1.122969 2.943780 2.587520 -5.925310 6.485955 -1.934602 -7.961934 -0.375800 -10.054815 2.949275 11.462173 12.727863 -12.096913 20.582619 -8.550044 9.698792 13.671922 -0.118000 -15.269225 5.162339
4.962243 4.862714 -7.417673 -1.604653 12.714802 20.333185 -3.365624 14.701164 5.702806 -20.595970 3.990379 2.352564 1.603261 -5.376305 2.774076 -1.934691 -7.001888 -1.060642 -8.926847 4.564978 10.808471 9.814575 -15.423546 19.403015 -6.852813 5.675686 7.600163 1.897438 -20.644026 2.020725
5.468939 5.064102 -8.721269 -0.789590 11.572275 19.793039 -4.865664 15.265420 6.094604 -19.689569 3.507278 2.041508 1.772164 -5.401834 3.220295 -2.225504 -7.583353 -0.878834 -8.967627 3.828123 10.945658 10.598964 -13.999877 19.223667 -7.210052 5.811650 7.786900 1.017846 -20.456638 1.609451
4.470717 3.718539 -8.620776 -1.193112 12.154367 20.448914 -5.514080 14.463497 6.871411 -19.915167 4.274481 2.441557 1.377099 -5.083080 2.779909 -2.231971 -7.028427 -1.484582 -8.688581 4.110873 10.119012 10.572313 -14.387026 18.100578 -7.248486 5.304489 6.247836 1.293948 -21.677996 0.644076
7.144449 5.015549 -12.076646 -2.971131 11.388359 16.255354 -7.875731 14.735473 6.445286 -19.358620 3.076854 1.796520 1.808614 -4.637334 3.891362 -2.866787 -8.521816 -0.621466 -8.839879 2.989281 9.393110 11.494169 -13.872416 18.242546 -7.360495 6.494310 11.694057 -0.424825 -20.015356 -0.970806
8.798388 6.031211 -13.947042 -4.663925 11.057745 12.970438 -9.095265 14.829011 5.602565 -19.466089 0.072833 2.058404 1.812734 -3.748739 5.873862 -3.991706 -9.618700 -1.380415 -10.092353 2.497514 8.710074 11.468966 -11.937739 17.821407 -7.513866 6.999026 15.257514 -2.679559 -18.149836 -2.270708
8.839707 6.142916 -15.078770 -5.822235 10.676126 11.319675 -10.613743 14.619676 5.963574 -19.278082 -0.452719 1.912149 1.631018 -3.242281 6.374758 -4.563833 -9.863983 -1.657550 -10.321980 2.010272 8.438045 10.801391 -11.182113 17.689663 -7.872619 6.625177 16.203716 -4.034126 -17.742403 -3.240623
8.987412 5.865475 -16.636707 -6.829633 10.959514 9.605316 -12.159141 14.162586 6.850657 -19.288790 -0.700716 2.054204 1.329971 -2.924271 6.378644 -4.986508 -10.336250 -1.716430 -10.099032 1.506132 7.631446 10.583973 -9.118947 16.228970 -8.348612 5.922773 16.780857 -4.919156 -17.728903 -3.617633
8.748513 4.913786 -18.614485 -8.036940 11.110895 7.547175 -13.582698 14.190144 8.233733 -19.264952 -0.829858 2.154807 1.184685 -2.603784 6.242330 -5.353234 -10.668406 -1.928143 -9.946933 1.010509 7.554823 10.699759 -6.535107 15.478735 -8.453726 5.612747 15.919472 -5.842283 -17.765438 -4.973498
7.857737 4.503569 -19.682381 -7.660189 12.532476 4.918990 -13.951080 13.904704 9.158595 -18.606943 -0.726298 2.513918 1.031921 -1.906732 5.932309 -5.779176 -10.753109 -1.977871 -10.088018 0.204979 6.578585 11.099890 -4.907186 14.156550 -8.452683 5.535008 15.163583 -7.107295 -18.126715 -6.737418
6.169500 3.602444 -20.391043 -7.015554 13.294521 2.805975 -14.288838 14.239877 10.136892 -18.141218 -0.599942 2.757410 1.153235 -1.397951 6.022455 -5.833295 -10.467419 -1.973784 -10.203100 -0.448957 5.063169 11.360285 -4.047305 13.211923 -8.820120 5.009020 14.338546 -9.042362 -18.257254 -8.371816
4.661848 4.095364 -20.852854 -6.673692 13.573070 1.228003 -14.607902 14.206378 9.999934 -16.916000 -0.330365 2.798102 1.799405 -0.725334 6.408425 -5.701538 -9.773417 -1.802788 -10.656846 -1.028548 3.198491 10.493936 -3.839852 13.444768 -8.885102 4.504302 13.936643 -10.817206 -17.706369 -8.449155
3.187672 5.141727 -20.523918 -6.892553 14.113415 -0.169221 -14.895169 14.175886 9.838480 -16.006109 -0.076959 2.685783 2.767297 -0.251107 6.917332 -5.203864 -9.162338 -1.368449 -11.283946 -1.143267 0.740554 8.904250 -3.468692 14.202181 -8.945920 4.361518 14.590258 -13.150970 -16.587557 -7.570360
2.116172 6.069177 -19.570107 -7.916765 13.179993 -1.393963 -16.643394 15.074632 10.282824 -15.376260 0.155934 2.510313 4.226099 0.037326 7.032954 -4.556632 -8.494501 -1.041198 -12.239835 -0.907294 -0.612054 6.888868 -2.682192 14.586724 -9.153534 5.076517 14.241884 -15.333552 -14.820116 -7.062713
1.474837 8.210120 -18.847528 -8.813496 12.732142 -2.563790 -18.331459 16.254065 11.072096 -14.859462 0.510207 2.388983 5.857834 0.233849 7.109033 -3.411264 -7.733504 -0.570958 -13.388341 -0.439883 -1.612764 4.984524 -1.322077 15.067893 -9.270042 6.253439 14.080651 -17.410309 -12.559896 -6.803462
1.414956 10.916132 -17.136423 -9.275063 11.795534 -2.460129 -19.285324 16.864038 10.557970 -14.310186 0.585173 1.707196 7.106474 -0.114516 7.180659 -2.440810 -7.279217 -0.340404 -14.195228 0.438161 -2.034638 2.738478 -0.837158 15.275762 -10.097899 6.730224 12.515180 -20.651001 -9.860077 -8.074481
2.020594 11.009447 -16.054136 -9.657700 11.699514 -2.952306 -18.709488 18.027010 10.184536 -14.927193 0.429436 1.217378 7.450931 -0.370034 7.133029 -2.422180 -7.385921 -0.013292 -14.388082 0.828286 -1.575566 2.132874 -1.222155 15.711198 -9.894529 6.751813 13.113424 -19.941639 -9.813267 -6.650402
2.019332 10.065467 -15.690549 -9.956140 11.724268 -3.538033 -18.558990 18.913721 10.132632 -15.690811 0.335355 1.116645 7.575968 -0.417465 7.266222 -2.481204 -7.402916 0.145190 -14.405503 0.948224 -1.223916 2.234429 -2.074625 16.047577 -9.708079 6.488616 13.756516 -19.160215 -9.845776 -5.524343
1.905164 9.749854 -15.354615 -10.140132 11.815100 -3.833991 -18.474245 19.225065 9.981797 -15.932417 0.213796 1.019797 7.527076 -0.454291 7.295654 -2.640096 -7.477274 0.111187 -14.281004 0.990536 -0.849703 2.308288 -2.645033 16.391869 -9.660236 6.240586 13.948396 -18.793558 -9.992410 -5.265423
1.717083 9.336372 -15.046670 -10.135038 12.028093 -3.885630 -18.324879 19.380766 9.629407 -15.977808 0.243625 1.015476 7.397890 -0.462485 7.341119 -2.565708 -7.432128 0.116070 -14.355833 1.115025 -0.610867 2.173030 -3.054257 16.398989 -9.494063 6.110343 14.101743 -18.475325 -10.216081 -5.049743
1.597630 7.254843 -16.242123 -9.544165 13.264333 -3.792884 -18.042000 18.023283 9.429722 -15.763608 0.350625 1.162775 5.512459 -0.402847 7.713694 -2.874146 -7.736763 -0.191968 -13.610534 0.756146 0.258035 3.106360 -4.142269 15.989472 -9.016293 5.721660 13.673827 -15.816837 -12.533772 -7.086964
-0.176421 3.808106 -14.945680 -7.725440 14.575191 0.502651 -17.859184 17.194921 11.395455 -15.981533 3.830243 0.635809 4.364408 -1.113338 5.363980 -2.784500 -7.185077 0.123206 -10.950489 0.296812 -0.884765 4.787752 -5.897016 14.215713 -9.302223 5.105637 8.903538 -13.676293 -15.772213 -8.749650
-4.663008 -0.471950 -12.277341 -5.263557 16.031416 9.713730 -15.780425 14.008891 13.214438 -16.330738 6.231216 2.666910 1.662324 -1.197870 3.334884 -2.478500 -5.561802 -2.364667 -10.052785 1.096188 -1.344305 6.801151 -6.258138 11.394326 -8.863911 4.088448 0.924454 -7.796754 -22.149504 -6.836935
-5.892467 -1.679484 -11.658861 -5.177539 14.938888 16.107092 -15.315556 12.617230 13.471656 -14.978448 7.418596 3.139892 0.586538 -1.592303 2.313457 -2.616401 -4.799972 -3.560156 -9.075700 1.477293 -1.045592 7.594038 -6.030403 10.498624 -8.922946 3.131936 -2.319076 -4.755583 -25.524815 -5.434323
-3.634871 -1.504558 -13.160499 -4.739051 15.911221 12.511447 -14.605977 13.632886 13.300403 -17.036940 6.562711 2.848515 0.898568 -1.643765 2.827952 -2.911574 -6.013933 -3.007102 -9.117730 1.276651 0.026548 8.261137 -4.205298 9.538154 -8.552155 4.039335 -0.124415 -5.307112 -24.848558 -5.902090
-2.148353 -1.083595 -15.128592 -3.894906 15.551222 11.308661 -13.712369 12.756120 12.665576 -17.575161 5.689296 2.938481 0.260145 -1.896021 2.893466 -3.452344 -7.092549 -2.954648 -8.768012 1.034689 1.195575 9.354804 -2.877527 8.608432 -8.247484 4.852853 1.525697 -4.081378 -25.339598 -6.257880
-4.543206 -3.008513 -12.656497 -3.373524 14.898211 19.814970 -11.487516 10.524180 15.445763 -15.419491 7.337018 3.922025 -1.378841 -2.557305 1.391908 -2.929187 -5.737953 -4.372473 -7.915127 2.280944 2.422836 6.792298 -1.407756 9.274177 -8.324549 3.233733 -3.282441 1.001300 -27.472246 -2.337690
-10.853572 -5.820650 -3.499375 -2.264529 9.269610 35.460720 -6.691932 8.597955 18.367100 -8.105279 9.914151 4.267817 -4.583148 -3.010039 2.422822 0.935387 -1.249550 -3.167421 -7.289130 1.462650 -1.503700 -0.894948 -2.311182 12.193632 -8.872261 2.222126 -6.215162 9.146127 -28.531191 9.031298
-4.338569 -1.456470 -11.562705 0.228543 12.887114 23.845016 -6.624368 8.414216 16.238363 -14.789174 7.742961 4.204671 -2.868760 -3.703163 2.542263 -0.347878 -5.452532 -4.215958 -8.477452 3.344552 3.230644 3.759047 -0.976024 9.685896 -9.108848 3.674316 -0.284685 7.348085 -27.104666 5.073712
-1.227814 -0.103140 -13.080422 -0.231874 12.147738 19.526821 -6.622054 10.803960 13.939652 -17.192488 6.361695 1.998530 -1.385243 -4.179442 3.098772 -1.390204 -6.949314 -3.237342 -8.597341 3.446387 6.980650 4.311544 0.446040 10.554007 -7.284492 4.727681 1.598978 4.781984 -25.546761 4.468095
4.999047 2.707364 -15.350675 -2.540525 11.008643 13.493516 -6.321818 13.289535 12.226878 -19.615831 4.102851 0.341300 -0.568285 -4.572720 5.193122 -1.498994 -9.486128 -1.669186 -9.331993 2.924878 9.176744 3.900458 3.295141 11.897271 -6.899691 7.107653 7.484463 3.791788 -22.963167 4.648157
8.169726 4.605054 -17.020124 -2.352515 9.439833 11.635753 -4.624579 14.381330 8.681108 -19.547625 1.848744 -0.143288 -0.621310 -5.018367 7.507211 -0.936893 -10.401649 -1.740754 -10.062776 3.176976 11.764503 2.849528 7.149271 14.111701 -6.717515 7.702997 10.840456 3.254058 -19.307795 5.745944
8.916606 5.649356 -17.088165 -0.655365 9.033413 12.564801 -2.428002 14.591002 7.044557 -19.051775 0.353654 -0.057470 -0.674367 -5.468446 8.990805 -0.130571 -10.529497 -2.058182 -10.840934 3.880077 14.493001 1.455347 10.735145 17.105188 -5.821493 7.279792 11.851050 2.978256 -17.072477 7.761971
10.227120 6.098071 -16.298733 1.164629 9.173162 14.514620 -0.361204 15.294132 4.688519 -19.120285 -0.121057 -0.760750 -0.450625 -6.350746 9.409906 0.329587 -10.490061 -2.136536 -10.657519 4.277639 15.314166 -0.375832 13.457799 19.091270 -5.802320 8.347173 10.488200 2.157058 -14.488615 9.193752
11.826599 7.289431 -15.102309 2.058838 9.804289 14.928743 2.010785 15.201349 3.441968 -19.365540 -0.454966 -1.852311 0.280168 -7.284600 9.497308 0.860191 -10.589088 -2.231409 -10.826665 5.278259 14.376245 -1.925037 15.103997 19.834944 -4.990531 10.501612 8.994852 2.156449 -13.342749 9.037803
13.248247 8.312729 -13.194841 0.646533 10.664888 15.213820 4.663220 14.961875 2.916763 -20.661024 -0.594957 -3.122506 0.813003 -7.321304 9.011318 0.512493 -10.976446 -2.275173 -11.598620 6.368942 12.780269 -2.568961 17.672092 19.653004 -3.557289 13.508285 7.849245 2.799756 -13.584434 8.048816
13.302525 8.587481 -12.795537 0.260952 10.898119 14.908706 4.909482 14.990260 2.783566 -20.887705 -0.585930 -3.456025 0.837228 -7.354187 8.910807 0.451831 -10.994173 -2.219498 -11.777551 6.679679 12.892875 -2.559525 17.250013 19.966444 -3.268616 13.565828 7.611467 2.992483 -13.430484 7.781161
13.428536 8.512269 -12.619696 0.157067 11.073164 14.822778 4.896305 15.061072 2.596010 -21.022879 -0.620246 -3.586652 0.912939 -7.350256 8.863395 0.391020 -11.080200 -2.214535 -11.794044 6.684492 12.606113 -2.675452 17.596914 19.840616 -3.145773 13.844983 7.600860 3.009017 -13.526421 7.945879
