-0.005127 25.930725 -9.893353 4.691878 3.782490 -6.490478 10.571177 12.168214 18.847097 -7.985280 -4.631531 10.349323 3.463205 -7.743912 6.008325 -4.625270 -0.686039 0.778342 -3.134035 -7.363028 -0.011882 8.395468 13.318907 -0.924490 -28.090759 7.021469 1.769258 -18.703087 1.574534 17.133030
0.144888 25.976538 -9.667073 4.482008 3.989340 -6.610498 10.599750 12.293701 18.907984 -8.241507 -4.669832 10.389645 3.487594 -7.758584 6.049633 -4.586033 -0.669909 0.751482 -3.170113 -7.324793 0.259321 8.478157 13.432876 -1.383402 -28.555693 6.549698 1.721467 -18.822721 1.654005 17.076706
-1.754921 25.021523 -7.531509 4.913398 5.609665 -5.212224 11.394597 11.797033 20.000324 -8.269849 -3.416655 10.507682 3.236210 -7.859277 4.764400 -4.326531 0.179851 0.905033 -2.745720 -7.085849 -0.871035 7.926821 11.995139 -2.115473 -28.714277 6.167135 -0.807480 -17.173044 0.049784 17.709866
-2.376334 24.001907 -5.946295 6.393068 6.633523 -5.061221 12.501964 11.948091 20.539042 -8.048637 -3.279870 10.632526 3.011325 -8.152295 4.512158 -3.786504 0.642748 1.150682 -2.747783 -6.557445 -1.018317 7.579933 11.323009 -2.862155 -28.996088 6.582062 -1.871188 -15.495946 -0.279597 18.271954
-3.626238 22.578342 -3.917001 7.288919 8.123564 -4.684236 13.855435 12.431911 21.191364 -7.866493 -2.785419 10.857859 2.582245 -8.325084 4.021927 -3.261408 1.263482 1.313064 -2.782444 -6.095209 -1.869336 7.176885 10.383212 -3.518250 -29.815037 6.570076 -3.517776 -13.066503 -1.014931 18.974764
-4.092053 21.155289 -2.309264 8.460114 8.923693 -4.662674 14.769532 13.184304 21.617304 -7.870767 -2.670514 11.075392 2.218220 -8.405263 3.741616 -2.968417 1.840270 1.241501 -3.008912 -5.634352 -2.024217 7.197171 10.109584 -3.864795 -30.413877 6.634424 -4.411281 -11.442485 -1.162585 18.818766
-4.242036 20.218302 -1.409784 9.435797 9.613614 -4.805826 15.671181 13.776668 21.854969 -7.591851 -2.724786 11.243275 1.868353 -8.546705 3.648761 -2.601640 2.348610 1.403831 -3.222041 -5.416158 -2.704709 6.872206 9.777666 -4.288182 -30.768145 6.667056 -4.893258 -10.651732 -1.551664 19.168030
-4.238026 19.472622 -0.569482 9.877067 9.895504 -4.878204 16.202539 14.528626 21.971422 -7.271278 -2.851354 11.110305 1.666825 -8.561712 3.609929 -2.555155 2.661582 1.456401 -3.199458 -5.317045 -2.885648 6.546185 9.580598 -4.660096 -30.785772 6.654707 -5.300464 -10.109757 -1.626068 19.039824
-4.282176 19.296680 -0.288732 10.115592 10.229193 -5.187798 16.639145 14.659455 22.031706 -6.877249 -3.100745 11.004185 1.495192 -8.686785 3.593050 -2.589305 2.967541 1.540004 -3.187748 -5.305660 -3.125463 6.115480 9.216450 -5.172243 -30.844126 6.736522 -5.698971 -9.646128 -1.648778 19.249073
-4.609508 19.344519 0.414895 10.096370 10.758272 -5.413742 16.873566 14.799283 21.928312 -6.404903 -3.376151 11.058525 1.011493 -8.780415 3.763204 -2.467550 3.110338 1.284418 -3.416199 -5.054867 -3.486484 5.764871 9.090423 -5.542753 -31.300303 6.998315 -5.970252 -8.578506 -1.819511 19.190914
-4.926706 19.498531 1.118365 9.826338 11.062801 -5.677928 16.929577 14.820251 21.825691 -5.768554 -3.821181 11.348469 0.580663 -8.794201 3.820911 -2.621250 3.088272 0.955767 -3.544915 -4.764540 -3.893415 5.605314 8.686724 -6.186015 -31.345837 7.212665 -6.683997 -8.169709 -2.252562 18.795033
-5.561518 20.241798 1.772495 9.356336 11.184745 -5.874936 17.071716 14.513272 21.461439 -5.374876 -4.288754 11.598352 -0.004096 -8.824378 3.713658 -2.953574 3.112129 0.618667 -3.593445 -4.550601 -4.607611 5.283381 8.359702 -6.869081 -31.202303 7.384188 -7.127226 -8.392457 -2.450447 18.569281
-5.993970 21.117552 2.064171 8.712839 11.349001 -6.194426 17.037699 14.295117 20.877234 -4.939058 -4.684356 11.849304 -0.368070 -8.818209 3.614210 -3.240916 3.024082 0.071400 -3.693453 -4.228379 -5.100878 5.037951 7.982121 -7.015968 -31.218760 7.216900 -7.951166 -8.756793 -2.456012 17.878529
-6.534765 22.168556 2.543770 7.980879 11.576575 -5.949739 17.115166 13.692935 20.571035 -4.553707 -4.905202 12.001534 -1.070182 -8.897816 3.599154 -3.451145 2.899911 -0.278871 -3.652404 -4.058880 -5.633489 4.717690 7.673036 -6.763048 -31.360125 6.929395 -8.625883 -9.615146 -2.333804 17.092068
-6.793365 23.175428 2.670377 7.233148 11.337111 -5.831998 17.085943 12.962842 19.907009 -4.563450 -5.089755 12.165630 -1.407961 -8.825604 3.594085 -3.738545 2.699237 -0.596304 -3.618327 -3.808734 -5.897075 4.405736 7.474749 -5.999127 -31.415186 6.389487 -9.276118 -10.770622 -2.061770 16.425003
-7.034440 23.959270 2.959488 6.398886 10.814845 -5.231811 17.232193 12.598288 19.718290 -4.262337 -5.130791 12.419399 -1.576875 -8.665409 3.255769 -4.378829 2.442063 -1.030622 -3.395651 -3.692227 -6.052087 4.029444 7.341345 -5.050419 -31.595125 5.662411 -9.276074 -11.899907 -1.745985 16.073330
-7.030225 25.362556 2.766335 5.529784 10.482576 -5.056786 17.112717 12.139732 19.308996 -3.879193 -5.075345 12.507961 -2.101285 -8.528365 3.174667 -4.913680 2.080289 -1.347897 -3.201304 -3.794860 -6.090164 3.366608 7.529628 -3.421293 -32.273003 4.701142 -9.626112 -12.967459 -0.919463 15.289616
-7.061371 26.398018 2.463399 4.776379 10.022831 -4.911050 17.053247 11.690902 18.855471 -3.585072 -5.109514 12.497480 -2.351190 -8.280901 3.306141 -5.407668 1.806921 -1.528737 -3.141128 -4.015076 -6.680197 2.387953 7.632431 -2.502703 -32.184258 4.036935 -9.537036 -14.499701 -0.388952 15.276792
-7.027767 27.177858 2.042407 4.133787 9.596118 -4.771788 16.526676 11.367353 18.537104 -3.557768 -5.291327 12.513193 -2.379236 -7.944964 3.615048 -5.825560 1.500177 -1.779444 -3.284124 -4.269338 -6.856517 1.901049 8.206022 -0.964056 -32.413177 3.314042 -8.730887 -15.601010 0.462881 15.518789
-6.901773 28.002287 1.709248 3.798517 9.514973 -4.398565 16.055531 10.954468 18.235390 -3.453765 -5.096871 12.339237 -2.585479 -7.888589 3.757402 -5.884634 1.321076 -1.965485 -3.310128 -4.263918 -7.273695 1.832552 8.482110 0.091524 -32.673870 2.879695 -8.673561 -16.167849 0.643119 15.847920
-6.949456 28.030972 1.493495 3.806519 9.432888 -4.332262 15.817379 10.779772 18.112202 -3.692885 -5.149269 12.404003 -2.479597 -7.842027 3.887539 -5.819085 1.298284 -1.928219 -3.402034 -4.306458 -7.389565 1.752081 8.555536 0.150717 -32.582005 2.848288 -8.576909 -16.570251 0.900833 15.710083
-6.992239 27.999636 1.587178 3.831976 9.523169 -4.329291 15.898622 10.788777 18.106182 -3.682267 -5.098101 12.404490 -2.451377 -7.794750 3.898319 -5.844850 1.303935 -1.923788 -3.391715 -4.288711 -7.449942 1.821951 8.581730 0.079809 -32.601368 2.918374 -8.497006 -16.457554 0.803840 15.765586
-5.454621 26.330143 2.812001 5.562040 9.184448 -7.851862 17.905842 13.334798 16.567799 -2.326718 -5.694436 11.773299 -2.248158 -9.425896 2.889210 -5.293438 2.052133 -1.766673 -2.117349 -2.820754 -4.082016 1.450876 7.867977 -4.240312 -31.977943 5.128770 -9.813996 -12.599030 0.727443 13.073067
-4.123908 22.858471 2.031567 8.558907 9.872808 -9.830466 17.385227 15.513017 17.591761 -2.776911 -5.650153 10.996437 -1.563309 -10.401253 2.541905 -4.724496 2.746748 -0.815882 -1.249727 -2.337171 -1.706774 1.607176 8.595599 -7.467839 -31.015913 7.314158 -8.500566 -9.703126 1.517167 13.290149
-3.863970 22.001350 2.677745 6.986123 8.090776 -10.193068 16.462111 17.219061 17.128433 -2.862066 -4.968208 9.673605 -0.700524 -10.845138 2.409484 -4.646873 3.023644 0.133888 -0.243116 -2.505693 0.293761 0.575433 9.235568 -7.127264 -30.634886 7.460242 -6.817453 -9.193019 3.149674 14.423472
-3.664623 21.108280 3.093637 4.737666 6.095419 -10.125472 15.837994 19.142242 16.081417 -3.485305 -4.190582 8.193192 0.080199 -10.817049 2.244423 -4.975883 3.124050 0.636765 0.346599 -3.191195 1.982898 0.052774 9.802421 -6.969237 -30.055536 7.422221 -5.483849 -9.609372 4.388759 14.840302
-3.234524 21.669281 2.720242 3.089123 4.167001 -10.717829 13.539569 19.652407 15.691585 -3.910453 -3.887821 7.697583 0.137085 -10.774279 2.489249 -5.109526 2.838573 1.190578 0.619475 -3.953493 3.450153 -0.592636 10.095796 -7.128371 -28.922312 7.477871 -4.436535 -10.641781 5.111494 15.467185
-1.650980 22.971308 0.690558 2.720061 2.820421 -13.457162 10.318158 19.346395 15.024707 -4.039140 -3.800882 6.870460 0.268802 -11.398190 2.127080 -5.578484 2.176474 1.566156 1.838934 -4.775617 4.746840 -1.026725 11.079271 -8.548917 -27.562967 8.397680 -1.126368 -11.701065 6.479993 15.704851
-0.188429 23.618763 -0.316033 2.943627 1.551967 -15.570790 7.627208 20.006699 14.806244 -3.928611 -3.402744 5.845013 0.872783 -11.998409 2.036515 -5.505712 1.893185 2.608685 2.989097 -5.265521 5.712013 -1.610277 11.873383 -10.335219 -26.423002 9.697487 1.669925 -11.395720 7.500448 16.020874
-0.199422 23.668095 -0.352754 2.905560 1.574991 -15.591059 7.605481 20.012798 14.800904 -3.920769 -3.410043 5.836606 0.832237 -11.995528 2.017038 -5.519278 1.914405 2.586514 2.965478 -5.281857 5.697643 -1.589543 11.878060 -10.300015 -26.428362 9.696759 1.665709 -11.409081 7.488731 16.044975
-0.198080 23.651022 -0.305238 2.945063 1.555325 -15.578334 7.617745 19.992674 14.830067 -3.914976 -3.389663 5.832325 0.852935 -11.994398 2.039922 -5.495229 1.930408 2.635305 2.972648 -5.274257 5.719698 -1.614844 11.873771 -10.358959 -26.410784 9.686380 1.675582 -11.383307 7.500774 16.057699
-0.213124 23.660351 -0.293471 2.970130 1.595784 -15.575062 7.681474 19.997961 14.829377 -3.894881 -3.374236 5.834065 0.898069 -11.996808 2.033116 -5.480537 1.905293 2.610385 2.980229 -5.275610 5.655312 -1.631034 11.833728 -10.316083 -26.458574 9.601864 1.660462 -11.393008 7.494248 16.094992
-0.237235 23.725498 -0.294144 2.931544 1.582353 -15.568899 7.664683 19.972231 14.786969 -3.894914 -3.367913 5.832098 0.848242 -12.000050 2.024890 -5.503603 1.922306 2.635748 2.988528 -5.292367 5.638904 -1.589994 11.840001 -10.325950 -26.465494 9.629218 1.650536 -11.451275 7.557114 16.117931
-0.197633 23.663715 -0.330830 2.990412 1.602147 -15.613021 7.627900 19.975107 14.801942 -3.944565 -3.345895 5.905222 0.765178 -12.016165 2.002498 -5.471881 1.927172 2.633981 2.973384 -5.252039 5.572258 -1.701801 11.806056 -10.361169 -26.497540 9.556965 1.691793 -11.394269 7.574706 16.151232
-0.214493 23.770733 -0.386446 3.001251 1.609964 -15.585361 7.679771 19.935293 14.812845 -3.859887 -3.346983 5.901674 0.762855 -12.028521 2.001993 -5.473166 1.917252 2.612231 2.984862 -5.246487 5.572984 -1.679075 11.811305 -10.261771 -26.574846 9.543684 1.718843 -11.350378 7.573769 16.158943
-0.231404 23.730106 -0.318149 3.046134 1.620344 -15.573752 7.701652 19.949244 14.816146 -3.855697 -3.337740 5.927277 0.738194 -12.022477 1.995595 -5.469604 1.912084 2.609791 2.969153 -5.260119 5.554184 -1.695675 11.797004 -10.328424 -26.548727 9.564240 1.729565 -11.332103 7.557705 16.176567
-0.212607 23.793167 -0.438232 3.045553 1.662852 -15.523200 7.734944 19.942827 14.799492 -3.893449 -3.310112 5.969861 0.709637 -11.986491 1.995126 -5.434779 1.902580 2.594241 2.922412 -5.283757 5.469203 -1.638339 11.770170 -10.257618 -26.574677 9.512063 1.632829 -11.463110 7.418519 16.141205
-0.233456 23.818157 -0.457856 3.000076 1.607606 -15.520470 7.744549 19.945126 14.903647 -3.880851 -3.347952 6.074527 0.830725 -11.913376 1.856918 -5.613036 1.946776 2.619244 2.994601 -5.334437 5.418616 -1.586232 11.692622 -10.277946 -26.576845 9.515982 1.721327 -11.463247 7.431646 16.126751
-0.277575 23.831448 -0.466918 2.962062 1.597344 -15.592669 7.763648 19.895691 14.845588 -3.912419 -3.392505 6.130661 0.790166 -11.898472 1.872915 -5.626292 1.933106 2.575581 2.937888 -5.346334 5.377928 -1.641880 11.664223 -10.289607 -26.532793 9.505326 1.629437 -11.551270 7.351094 16.083344
-0.225788 23.851521 -0.456941 3.004811 1.594409 -15.537180 7.687642 19.900072 14.868055 -3.912630 -3.391233 6.089439 0.890146 -11.913891 1.909299 -5.592292 1.938609 2.622271 2.953442 -5.295925 5.394148 -1.591313 11.654544 -10.327336 -26.548948 9.499329 1.626100 -11.554744 7.371420 16.051771
-0.217624 23.867100 -0.512818 2.943339 1.530686 -15.634740 7.657268 19.927189 14.881255 -3.907701 -3.446573 6.212879 1.030318 -11.807922 1.810526 -5.804197 1.981808 2.658525 3.012494 -5.363146 5.380400 -1.653744 11.647767 -10.372910 -26.527563 9.520939 1.677160 -11.517137 7.377721 16.089252
0.345289 23.905607 -0.352245 2.948006 1.993893 -15.103403 6.851503 20.064669 14.123435 -3.923629 -3.445797 6.160830 1.028051 -11.813942 1.850503 -5.781455 1.974815 2.670814 3.000046 -5.372087 5.418310 -1.653159 11.632540 -10.373591 -26.513342 9.528419 1.720405 -11.500980 7.370075 16.115917
1.373183 21.890244 -0.794984 4.960051 0.727176 -15.735700 6.188193 20.541321 15.361272 -5.056583 -2.617311 4.983593 2.203573 -12.185999 2.130912 -4.827843 2.423182 3.467879 3.465117 -4.182781 8.031199 -0.811529 12.221410 -10.966600 -25.385674 10.132588 2.942662 -10.384920 7.767749 16.862896
2.642657 19.948845 -1.168657 5.976125 -1.011036 -15.952258 5.028602 21.706501 16.554092 -6.118450 -2.182400 4.067252 3.993695 -11.994780 2.822961 -4.170768 3.634905 4.845653 3.271478 -2.508609 10.818839 0.637974 12.877810 -11.809890 -23.930838 10.548050 3.843590 -8.885894 7.417113 18.053352
4.434381 19.854460 -0.522064 6.196972 -1.953574 -15.759809 3.073468 22.967976 15.369315 -5.824961 -2.021970 4.294945 5.519819 -11.691039 2.251660 -4.156791 4.848639 5.246542 3.001033 -1.613055 13.385318 1.274967 12.900590 -10.536036 -23.735128 9.777578 3.800274 -6.242249 7.081596 20.796288
4.580855 19.630434 1.330302 6.623185 -3.132280 -15.070713 3.236375 23.347992 15.046940 -5.655228 -1.768465 3.833127 5.603988 -11.655195 2.150917 -3.271858 5.463562 4.793242 2.339159 -1.368037 14.904448 0.491105 12.054076 -9.115659 -23.807606 9.085104 3.186419 -3.292790 7.661855 23.265909
4.021819 17.325489 2.977800 6.914092 -4.746281 -13.695016 4.004490 23.946808 15.478498 -6.212186 -1.817272 3.474521 6.066879 -11.692518 1.991224 -2.508124 6.339213 4.514079 1.658459 -1.267663 16.843124 -0.770342 11.465508 -6.552450 -23.834394 7.685096 1.787987 -3.133219 9.952335 24.628370
4.728377 14.851006 2.770284 7.172459 -7.151253 -12.860618 3.904348 25.632080 14.693542 -7.615443 -1.718726 2.860892 7.291478 -11.532570 1.691015 -2.574648 6.756751 4.023827 1.369570 -1.546977 19.430401 -1.424077 11.412530 -5.250959 -22.552996 6.981128 0.410096 -5.193898 12.471729 23.530394
6.068490 12.046553 1.871122 8.115709 -9.316309 -11.281639 3.960831 27.259909 13.968212 -9.975948 -1.126063 2.265572 9.191110 -11.235515 1.468615 -1.716474 7.206191 3.090475 -0.075084 -1.472531 22.617466 0.135360 11.944285 -3.067395 -22.542439 6.340175 -1.532181 -7.065617 14.698214 21.710384
6.325034 9.079598 2.285381 9.113707 -11.502720 -9.306798 4.166998 29.443563 13.548608 -12.227306 -0.542816 2.189445 10.320496 -10.853664 1.018255 -1.205442 7.329031 1.976170 -1.348519 -1.833690 25.774389 6.324327 13.666783 -1.998630 -24.348124 7.466843 -5.459673 -6.953012 14.344871 18.270924
5.795279 7.098020 4.061079 10.070328 -12.099003 -4.695295 5.412478 30.572069 14.488710 -13.147896 -0.414249 1.627513 10.434061 -11.056081 0.266531 -0.718784 7.413058 0.564989 -2.110593 -2.726440 26.933369 9.464914 12.349727 -1.357795 -25.602207 7.232952 -11.224303 -6.576606 13.376831 18.182228
4.823320 6.070004 6.772136 10.678960 -13.490057 0.103605 8.203689 31.519754 14.657203 -13.361803 -0.563585 0.974453 9.862613 -11.202894 -0.925433 -0.978481 7.880440 -0.811593 -2.617482 -3.856292 26.718323 11.126431 10.454199 1.400169 -27.318655 6.290582 -16.518789 -7.686612 15.181204 18.462774
3.524790 5.254635 8.449290 11.694372 -13.878918 1.863731 11.918977 31.681589 15.079489 -13.412520 -0.667442 0.703034 9.263916 -11.592234 -1.605032 -1.103246 8.021467 -1.692410 -2.670546 -4.228621 25.789446 11.439648 9.682045 2.349116 -28.446312 6.244156 -19.514936 -9.453504 17.033484 16.189743
3.412276 5.703860 8.498654 11.749430 -12.206320 1.229099 11.795298 31.319159 14.269820 -13.589125 -0.692577 1.207865 9.208341 -11.536524 -1.857193 -1.433137 8.087502 -1.619954 -2.499037 -4.293518 25.505684 10.542373 9.590488 1.303569 -28.016554 6.680901 -19.132410 -9.181607 15.960352 16.358425
3.489467 5.622519 8.797064 11.764605 -12.587139 1.536235 11.733937 31.528345 14.205994 -13.490575 -0.669426 1.230241 9.102378 -11.579920 -1.988639 -1.378690 8.116396 -1.630028 -2.530491 -4.295029 25.373323 10.590843 9.503338 1.484304 -28.159479 6.670789 -19.312265 -9.173348 16.054964 16.397961
3.122983 6.287121 7.958545 11.870272 -10.743847 -0.082067 11.795381 30.850100 13.938099 -14.025743 -0.638074 1.870040 8.839313 -11.705837 -1.715346 -1.287915 7.872354 -1.128058 -2.195912 -3.865607 25.487455 10.108580 9.707036 0.306198 -27.607450 7.267763 -18.734161 -8.855271 14.699116 16.864065
3.013328 7.668616 6.113671 10.961102 -9.016705 -3.803624 9.472787 30.165035 13.383681 -14.448712 -0.508193 3.040030 8.071073 -11.885129 -1.036313 -0.906945 7.350378 -0.438915 -1.776360 -3.110691 25.912558 8.880343 11.505625 -2.222334 -25.973915 8.542740 -14.812034 -8.345339 12.804492 15.527362
2.544751 7.707026 6.721879 11.126991 -8.557810 -3.990179 10.685263 30.095663 13.321111 -14.232639 -0.658342 3.458787 7.878129 -11.962934 -1.739002 -1.389753 7.447781 -0.679226 -1.531392 -3.223465 25.478308 8.151043 11.058294 -2.626434 -26.332317 8.729836 -15.407717 -8.247501 13.084803 15.225484
1.811983 7.115873 7.652353 11.860472 -8.037294 -2.899746 12.053743 30.423977 12.806658 -14.278721 -0.713710 3.578581 7.356348 -12.092995 -2.058221 -1.339150 7.612806 -0.867672 -1.662455 -3.367888 25.174366 7.495585 10.166264 -2.471299 -26.820236 8.617964 -17.186918 -8.040325 13.216187 15.295537
1.329607 8.217739 10.449265 11.899211 -8.643578 -1.507195 13.126349 31.129824 13.256559 -11.277506 -1.019450 3.275839 6.546389 -12.333297 -2.949488 -1.722424 7.675844 -2.004078 -1.625034 -3.867753 24.685308 5.300479 8.819674 -1.781443 -27.453913 8.238000 -17.877527 -7.567772 14.732806 15.827096
