-13.236363 24.852695 -20.244406 21.122421 -9.877384 -4.524082 0.684503 0.931370 4.813816 -8.394678 4.582306 3.655495 0.513895 -11.292953 5.129119 2.032831 -1.755128 4.223051 -0.223380 -8.895662 1.845284 15.059824 -10.114676 -0.009011 -29.459787 6.415398 11.386661 -16.385088 2.332674 9.703769
-13.780926 24.781713 -20.478821 21.187452 -10.385201 -5.102307 1.316273 0.738451 5.428687 -8.620322 4.598595 3.722196 0.505652 -11.288951 5.102328 2.056545 -1.780476 4.220362 -0.227949 -8.879742 1.928087 15.222064 -10.529793 -0.077919 -29.568779 6.333682 11.449376 -16.381786 2.311530 9.542561
-12.885630 10.085503 -20.857801 11.865497 -15.962350 5.459744 -2.078198 4.170846 8.447480 -20.756468 7.664760 3.490695 3.840734 -7.701504 5.346412 1.565201 -4.121099 1.257243 -2.022457 -3.960964 12.495761 14.579435 -9.975385 6.546130 -21.496635 0.896430 14.448487 -3.898366 -12.334654 6.193853
-12.202948 5.356508 -20.885092 12.005505 -11.960909 8.224672 -1.756048 4.636656 11.192957 -20.138824 8.026866 3.659083 3.473135 -7.298476 4.790709 1.228202 -4.722008 0.704840 -1.985051 -2.685901 14.556632 14.351570 -12.295653 6.790909 -22.010572 -2.390061 13.917852 -3.868067 -14.145399 3.263307
-13.098075 0.803940 -21.695539 8.056148 -9.868709 10.429996 -1.968556 6.845327 15.595397 -17.306297 8.906190 4.066201 2.887274 -6.200010 4.256219 0.586974 -4.860188 -0.517385 -2.167060 -1.886684 14.055936 12.395486 -11.956179 5.111804 -21.325663 -4.912416 11.760820 -3.351815 -17.463060 0.733770
-15.139908 -2.017060 -19.658276 6.876184 -4.667497 13.035875 -3.834759 5.673732 15.687501 -17.990829 9.743573 5.075445 1.993101 -4.988440 3.422444 0.130419 -3.839522 -1.802650 -2.463445 -0.567603 11.652678 8.611226 -9.974362 3.945907 -18.783506 -6.126148 6.476797 -2.510291 -21.147917 0.431369
-15.957881 -4.358709 -18.541887 4.112471 -1.787154 14.183164 -4.460750 5.911988 15.879352 -17.436834 10.377281 5.153713 1.427726 -4.045128 3.138120 -0.682984 -3.510038 -2.805598 -2.190471 -0.246903 10.563159 6.088543 -9.515409 4.632245 -18.366545 -6.819100 4.284940 -2.628004 -22.425035 -1.007490
-16.445198 -4.004385 -21.333895 2.444501 -0.253498 10.240176 -4.639900 3.770565 14.810506 -18.561485 10.086073 5.267705 1.626821 -3.367103 3.537980 -1.274700 -4.361492 -3.072639 -1.706839 -0.781940 9.965934 5.877009 -9.192787 3.064057 -18.444475 -7.194340 8.177320 -3.473619 -22.226513 -2.447575
-15.167982 -2.310730 -24.934671 1.904180 0.334903 5.261827 -6.103785 3.053903 14.020532 -17.435209 9.784067 5.557468 2.023419 -2.902209 4.091313 -1.692706 -5.338298 -2.267450 -1.195307 -2.580571 10.291246 7.192305 -5.778038 0.154208 -20.974613 -8.598033 10.638314 -6.025020 -20.730362 -4.744349
-14.207276 -1.043404 -27.724134 1.890858 0.762025 1.489450 -6.906956 2.982924 13.019988 -16.230482 9.475099 5.628366 2.334269 -2.180305 4.807209 -1.764005 -5.986966 -1.166255 -1.329551 -4.198349 9.027464 7.533712 -3.679265 -1.701587 -22.810299 -9.020885 13.556725 -8.265599 -19.751154 -6.795897
-13.210621 0.685881 -27.802568 0.452478 1.521186 -1.707020 -9.552544 3.260203 10.185235 -15.570060 9.235991 5.027735 2.586354 -1.436923 5.181459 -1.926930 -6.130281 0.146330 -1.733666 -5.355672 7.262402 6.036815 -1.958207 -1.318028 -23.003302 -10.438339 15.397668 -12.449491 -17.214975 -7.136858
-13.207817 5.577451 -29.495045 2.159239 1.961166 -6.461373 -14.094825 0.375034 6.474916 -18.108194 9.022152 4.590821 4.199487 -0.625877 5.991480 -1.408269 -6.163806 1.554999 -3.197199 -6.708138 2.812859 6.731543 0.721448 -1.857593 -23.188467 -8.947086 18.101704 -15.510348 -15.590268 -5.022236
-12.657589 7.663669 -30.124931 2.533892 1.130822 -7.469178 -15.629700 -0.337247 5.256488 -18.815725 8.987315 4.573939 4.567734 -0.624244 6.053453 -1.165863 -6.292200 1.905902 -3.736954 -7.076916 1.500649 6.801909 1.864180 -2.299642 -22.615925 -7.621912 18.598303 -17.032631 -15.187819 -4.576643
-12.551728 8.303105 -30.245832 2.310580 1.254760 -7.932219 -16.197687 -0.507360 4.954289 -18.867092 9.022035 4.598597 4.608504 -0.578394 6.053412 -1.095682 -6.210642 1.975860 -3.847543 -7.179243 1.243164 6.760127 1.937607 -2.301697 -22.632708 -7.393261 18.919334 -17.110723 -14.924782 -4.493533
-12.517890 8.320221 -30.173199 2.351088 1.310817 -7.879207 -16.168951 -0.489565 4.921340 -18.926809 8.994849 4.581827 4.689980 -0.584291 6.083569 -1.064088 -6.189106 1.985320 -3.877986 -7.153816 1.140679 6.871712 1.908255 -2.234748 -22.600445 -7.313186 18.987558 -17.069639 -15.076673 -4.435972
-12.525250 8.371357 -30.200176 2.299397 1.368725 -7.872646 -16.150097 -0.547625 4.998921 -18.942652 9.032852 4.594633 4.706274 -0.567662 6.084848 -1.038510 -6.182171 1.998675 -3.917834 -7.147418 1.187290 6.908854 1.905066 -2.270944 -22.595125 -7.277318 19.043955 -17.087309 -15.049153 -4.505534
-12.425178 7.178269 -29.368475 2.167995 2.477560 -5.938973 -14.901542 0.543981 6.748119 -17.117769 9.197821 4.541519 4.537510 -0.568329 5.915049 -1.131257 -5.950389 1.788770 -3.811941 -6.990589 0.335595 6.996321 1.346711 -1.613171 -22.078365 -6.931592 17.682207 -16.390158 -15.836441 -4.610052
-12.450149 7.798062 -29.469809 1.894013 2.248528 -6.704486 -15.071380 0.245952 6.388355 -17.361898 9.028923 4.514759 4.623267 -0.561283 6.049376 -1.115353 -6.068607 1.970932 -3.808362 -7.162133 0.864929 6.877067 1.626899 -2.262528 -22.605459 -7.353180 18.099207 -16.811647 -15.363585 -4.635214
-12.594534 8.182580 -29.958380 2.446872 1.472803 -7.583707 -15.893766 -0.512306 5.111605 -18.875488 9.047275 4.552738 4.640572 -0.593063 6.014452 -1.067240 -6.159413 2.028584 -3.848721 -7.113537 1.142969 6.948834 1.587997 -2.267949 -22.660521 -7.410971 18.775934 -16.985634 -15.114403 -4.681439
-12.234546 6.935476 -28.863556 0.792518 3.507032 -4.198318 -13.639560 1.606643 8.710765 -14.633028 9.357943 4.595555 4.313674 -0.496088 5.681915 -1.079320 -5.653514 1.684899 -3.950067 -6.739486 0.213562 6.707020 0.783345 -1.251688 -21.695585 -6.839846 16.481432 -15.737241 -16.170671 -4.228853
-12.318213 7.706353 -29.536072 1.978907 2.240598 -6.325422 -15.260402 0.301490 6.279327 -17.213364 9.104573 4.539121 4.508776 -0.621653 5.965937 -1.075385 -6.010811 1.896724 -3.791537 -7.030466 0.542792 6.857225 1.399498 -1.936699 -22.343725 -7.118344 18.086416 -16.536615 -15.577887 -4.628731
-12.499932 8.031478 -29.837976 2.249468 1.714765 -7.238285 -15.559955 -0.259006 5.519717 -18.315451 9.018059 4.553821 4.643147 -0.587228 6.025470 -1.086236 -6.140644 2.021595 -3.851603 -7.094805 1.068679 6.938106 1.621990 -2.292407 -22.717634 -7.435835 18.529087 -16.929092 -15.193668 -4.698351
-16.025391 7.376671 -28.853067 -4.079518 5.617294 -7.902357 -13.484963 -4.053620 -1.200807 -18.095976 9.157122 4.129616 3.083588 0.656944 8.938123 -0.734415 -6.380674 4.871280 -2.176427 -5.519027 2.459175 -3.608809 2.193510 -5.486832 -22.804594 -12.320806 22.596733 -15.670657 -15.553289 -3.583426
-20.156891 6.536716 -21.171843 -10.368518 13.349699 0.895874 -10.911491 -2.601711 2.190871 -11.773561 10.541671 5.099393 1.110389 1.144681 7.190875 -0.744744 -3.429871 2.941923 -2.487146 -2.580108 -1.873804 -9.606288 -0.397355 1.076228 -16.532877 -11.952192 16.409454 -12.169384 -18.242300 1.249125
-21.878963 6.845158 -19.157976 -11.695777 15.343265 3.523956 -6.672979 -4.067894 1.085156 -10.863907 11.064592 5.738327 1.118094 1.415577 7.460269 -0.740669 -3.066540 3.002558 -1.999487 -1.015099 -1.143538 -13.369207 -1.284613 2.372369 -15.725754 -12.591755 13.915071 -10.766188 -19.474092 0.976887
-23.864586 6.158205 -17.289127 -11.745361 15.926544 5.814543 -3.118299 -4.911359 2.648021 -10.714697 11.505557 6.246196 0.737235 1.636673 7.476944 -0.528478 -2.223749 2.732538 -1.964563 -0.237589 -1.996006 -12.878155 -3.429591 3.512427 -14.215589 -12.043461 11.745479 -9.674421 -21.370777 -0.718580
-24.667988 5.112340 -17.109701 -12.276581 15.978954 6.917693 -2.737076 -4.777012 3.729080 -10.583302 11.598357 6.357965 0.490291 1.754242 7.535487 -0.734905 -1.796413 2.342402 -1.795558 -0.268364 -2.907177 -12.681767 -4.294241 4.145290 -13.363751 -11.606041 11.048348 -9.532629 -22.277903 -0.899394
-25.222481 4.508193 -16.627592 -12.833939 16.074427 7.683452 -2.885447 -4.737819 4.005410 -10.910282 11.694375 5.996542 0.404522 1.875946 7.316863 -0.994981 -1.740660 1.872757 -1.999184 -0.281453 -3.792703 -12.802837 -4.983282 4.505147 -13.059992 -11.593487 10.670737 -9.417613 -22.734016 -0.789610
-25.378458 3.889153 -16.377001 -12.613392 16.137854 8.337225 -3.168275 -4.600774 4.772544 -10.720327 11.803727 6.213139 0.151296 1.902794 7.177778 -1.165027 -1.546988 1.517698 -1.923353 -0.484947 -4.236311 -12.332943 -5.298321 4.875042 -12.214581 -11.394147 9.630212 -9.771937 -23.399202 -0.711983
-25.656860 3.352284 -16.101793 -12.798603 15.932652 8.724450 -3.306510 -4.233644 5.494876 -10.469329 11.930202 6.223228 0.037907 1.959691 6.986587 -1.215301 -1.257970 1.140481 -1.899143 -0.303315 -5.014505 -12.253797 -5.690382 5.411590 -11.971081 -11.248697 8.934854 -9.697848 -23.573315 -0.650680
-26.222061 2.957164 -15.853448 -13.211346 15.732965 8.744657 -3.438380 -4.099625 6.161808 -10.477216 12.003209 6.148798 -0.068152 1.991510 6.993193 -1.303079 -0.936209 1.000692 -1.875391 -0.363594 -5.667836 -12.344362 -6.332714 5.993087 -11.630922 -11.406304 8.612842 -10.102264 -23.737162 -0.766516
-26.049650 2.423779 -15.790925 -13.088774 15.967939 9.051389 -3.281839 -3.805938 6.715350 -10.351976 12.059845 6.177626 -0.141922 2.109560 6.921739 -1.412387 -0.835073 0.829876 -1.915553 -0.437667 -6.032327 -12.246042 -6.486444 6.105126 -11.346882 -11.154468 8.296925 -10.194807 -23.623610 -0.872384
-26.176056 2.076993 -15.403003 -13.214622 15.825180 9.459641 -3.413050 -3.581455 7.028913 -10.482668 12.040114 6.164208 -0.234748 2.118012 6.785625 -1.683741 -0.767787 0.535177 -1.746038 -0.568406 -6.556472 -11.961905 -7.054979 6.243609 -11.030011 -11.010879 7.702584 -10.251077 -23.940912 -1.134578
-26.208649 1.624131 -15.445434 -13.143927 15.961128 9.920948 -3.199049 -3.438055 7.641870 -10.299048 12.188972 6.286823 -0.272400 2.138319 6.673075 -1.678269 -0.585805 0.322920 -1.695272 -0.635571 -6.521941 -11.998018 -7.200983 6.491632 -10.697350 -10.930782 7.232929 -10.183434 -23.976282 -1.086142
-26.118908 1.848610 -15.448743 -13.136850 15.751658 9.519605 -3.249681 -3.552485 7.361683 -10.553728 12.067163 6.226930 -0.273151 2.113659 6.719223 -1.728100 -0.634275 0.360464 -1.729974 -0.588863 -6.359623 -12.064550 -6.978393 6.398479 -10.943790 -11.065987 7.716444 -10.252284 -23.797049 -0.957686
-26.212063 1.975361 -15.339843 -13.291424 15.766817 9.481697 -3.292745 -3.558412 7.337702 -10.604998 12.093336 6.240528 -0.252648 2.141551 6.760005 -1.717974 -0.696880 0.423097 -1.721187 -0.584550 -6.311571 -12.212872 -7.084978 6.518170 -10.954528 -11.187639 7.840744 -10.322401 -23.714386 -0.815339
-26.385546 2.073382 -15.343047 -13.361711 15.763039 9.472501 -3.341890 -3.587734 7.215148 -10.474306 12.073348 6.154807 -0.203698 2.130463 6.810106 -1.654530 -0.735302 0.559829 -1.779595 -0.571142 -6.311376 -12.127325 -7.198180 6.563433 -11.014780 -11.214512 7.950615 -10.269576 -23.782097 -0.832144
-26.297144 2.153932 -15.396492 -13.335674 15.729378 9.377788 -3.367046 -3.600237 7.139313 -10.486003 12.036256 6.138882 -0.215333 2.124538 6.818342 -1.686413 -0.741367 0.555942 -1.763341 -0.560610 -6.296897 -12.118258 -7.187243 6.548393 -11.030707 -11.208844 7.946043 -10.204922 -23.746029 -0.803008
-26.193293 2.201522 -15.358860 -13.292999 15.818701 9.486064 -3.313642 -3.541829 7.068625 -10.467407 12.053483 6.093863 -0.216841 2.108686 6.861406 -1.641695 -0.746801 0.594453 -1.772726 -0.527511 -6.069489 -12.156067 -7.038742 6.489902 -11.200207 -11.325779 7.916800 -10.231042 -23.699944 -0.878990
-26.184643 2.237048 -15.403908 -13.291112 15.808527 9.548176 -3.184523 -3.605829 7.027362 -10.444639 12.052871 6.117579 -0.227450 2.103198 6.875235 -1.610749 -0.768718 0.627238 -1.790571 -0.568313 -5.995215 -12.192101 -7.034053 6.340219 -11.217607 -11.348690 7.887162 -10.099573 -23.819231 -0.916634
