1.979897 25.735031 -10.488145 2.928037 4.460909 -4.341104 10.874137 14.254381 19.830368 -3.892807 -3.561820 6.329253 -0.532191 -9.661445 9.838355 0.022271 -1.849397 -0.183584 -5.021717 -6.128649 6.281243 13.017918 -15.982028 1.829940 0.891891 22.672926 8.687577 -22.065916 -3.797297 12.673460
1.512658 25.683254 -10.602578 2.932420 4.090653 -4.864532 11.655268 14.140444 20.524017 -3.999995 -3.590774 6.392895 -0.528121 -9.650016 9.864690 0.035671 -1.850509 -0.215236 -5.030170 -6.105000 6.665773 13.094114 -16.420471 1.461618 1.300485 22.890188 8.884460 -22.326563 -3.808973 12.703727
-3.296742 12.480905 -2.981871 6.531309 9.295946 -9.044777 23.245136 21.612812 16.797144 -4.315392 -5.133319 7.714112 -3.389464 -12.204202 4.697587 -1.296040 0.586382 -6.156402 -3.339195 0.549830 9.373876 8.278396 -20.458689 -6.270393 0.552308 26.452730 -6.161823 -15.462110 -3.805555 -1.432547
-0.937816 14.548057 -5.289423 7.543989 8.761990 -12.166584 20.872250 21.047422 16.129698 -4.239921 -4.964722 7.209134 -3.036066 -12.426943 5.122641 -1.563706 -0.368481 -5.412880 -2.459660 -0.065313 9.917308 10.581266 -18.645361 -6.116586 0.459903 27.370331 -3.617294 -14.485148 -3.951875 -0.666715
-0.559051 15.104261 -4.976876 9.064308 9.230517 -12.865876 20.246929 20.394821 17.342827 -3.847824 -4.663358 6.947453 -2.773244 -12.770544 5.168938 -1.369365 -0.607568 -4.664765 -1.831733 -0.372408 9.878281 10.994566 -17.894320 -7.842487 0.881581 28.517187 -1.350181 -13.207740 -3.932132 0.918895
-0.009714 16.103100 -4.461032 9.587656 8.806773 -13.393126 19.051035 20.053221 17.957409 -3.127599 -4.384204 6.523767 -2.573725 -13.104002 4.994286 -1.312845 -0.487133 -4.140890 -1.234946 -0.399557 9.708421 10.629338 -17.517168 -8.084086 0.538584 28.765959 0.164022 -12.369580 -3.254926 2.379336
0.348026 16.276875 -4.070981 9.831007 8.312381 -13.910230 18.421337 20.332733 18.163935 -2.665740 -4.364568 6.070394 -2.641365 -13.260525 4.836904 -1.484568 -0.134164 -3.746284 -0.897822 -0.432747 10.477073 9.945065 -17.323065 -7.950669 0.555905 28.680178 1.261092 -12.319715 -1.811465 3.068785
0.622644 17.606730 -3.310166 8.639942 6.789649 -14.589635 17.448078 20.840675 17.552937 -2.086630 -4.539138 5.077486 -2.430891 -13.158115 5.066312 -1.866836 0.674785 -3.306749 -0.842607 -0.485532 11.476284 8.491135 -17.454517 -7.031538 0.160939 27.824343 2.500917 -11.591868 0.282337 4.589757
0.886724 18.278854 -2.926495 7.166989 5.061838 -15.654187 16.227577 21.844999 16.204437 -2.362305 -4.909528 3.669661 -2.046551 -13.115937 5.279818 -2.570561 1.437748 -3.014369 -0.803579 -1.054259 12.165336 6.385334 -17.436592 -6.114470 0.054691 27.147375 3.642525 -11.565036 2.271626 6.135628
1.344085 18.465620 -2.203114 5.932582 3.804542 -15.864924 15.242984 22.281687 15.458501 -2.055365 -4.674153 2.648787 -1.962358 -13.315946 5.102636 -2.826348 1.858749 -2.334875 -0.273821 -1.609410 12.360435 4.948029 -16.931065 -4.603182 -0.434417 26.294992 4.980151 -10.736729 3.669655 7.924398
1.944680 19.081123 -2.275647 4.453109 2.533968 -16.566389 13.352269 22.836626 14.927632 -1.626573 -4.420323 1.769540 -1.267972 -13.544613 5.079698 -2.835208 1.824378 -1.882612 0.225204 -1.964085 12.420636 3.683471 -16.316551 -3.346957 -1.150294 25.666504 6.980021 -10.238631 4.942301 8.904645
2.808536 18.789209 -2.642945 4.150531 1.500981 -17.282881 11.748492 23.326803 14.713231 -2.077398 -4.045488 1.461700 -0.611266 -13.907780 5.037966 -2.329329 1.546407 -1.197185 0.798191 -2.083376 12.585440 3.810810 -15.147059 -2.177175 -2.310182 25.707775 8.934665 -9.117991 5.772035 8.516244
4.190566 17.995846 -4.523634 5.780345 0.203304 -18.979698 10.102035 23.171671 14.484596 -3.524368 -3.756986 1.300211 0.766360 -14.331580 5.387618 -1.314142 1.202806 -0.285269 1.303548 -1.237066 13.334533 5.110901 -13.829263 -1.226654 -3.491275 25.736155 11.515506 -7.032133 6.189463 8.517584
5.544577 18.182961 -4.722986 6.188362 -0.887715 -19.416313 8.825819 23.851053 14.676964 -3.457863 -3.452368 0.803171 1.755296 -14.502752 5.900417 -0.727632 1.343580 0.815344 1.516189 -0.743043 13.316735 6.605044 -12.847211 -0.197661 -4.316900 25.662022 12.841781 -6.028172 6.231744 9.326456
5.404021 18.456802 -4.640707 6.242057 -0.905707 -19.364641 8.808078 23.645079 14.768502 -3.490392 -3.416341 0.824893 1.692422 -14.504151 5.908424 -0.757779 1.322982 0.812367 1.583145 -0.775336 13.332973 6.542967 -12.833490 -0.173623 -4.260860 25.642775 12.990428 -5.951837 6.269391 9.620921
5.585576 18.201689 -4.631090 6.356108 -0.951566 -19.474310 8.668216 23.768465 14.613667 -3.479067 -3.481576 0.760867 1.855886 -14.543274 5.900046 -0.718167 1.363407 0.811654 1.589713 -0.719464 13.465940 6.425498 -12.792711 -0.033465 -4.389006 25.604570 13.032066 -5.695570 6.451677 9.489464
5.524494 18.351839 -4.679952 6.267815 -0.921702 -19.443571 8.768505 23.673914 14.705166 -3.444305 -3.461447 0.820694 1.789503 -14.524850 5.915828 -0.693750 1.337562 0.822462 1.542064 -0.736707 13.265246 6.565372 -12.813464 -0.052930 -4.415472 25.617079 12.954650 -5.860477 6.343973 9.486220
5.602072 18.252893 -4.675008 6.318258 -0.948839 -19.622713 8.571586 23.815155 14.510859 -3.379500 -3.469331 0.699026 1.877212 -14.552801 5.895341 -0.749822 1.364251 0.838349 1.625633 -0.757998 13.652362 6.366461 -12.722413 0.055169 -4.476872 25.609221 13.140361 -5.401734 6.537457 9.661780
5.613203 18.215679 -4.634932 6.397728 -1.007293 -19.504900 8.613845 23.796371 14.564383 -3.520312 -3.457500 0.730695 1.823064 -14.549608 5.887486 -0.749275 1.347488 0.859178 1.644040 -0.757638 13.629657 6.428115 -12.754080 -0.034967 -4.337356 25.587114 13.099605 -5.564780 6.459935 9.660350
5.329898 18.522703 -4.567032 6.220170 -1.002505 -19.174593 8.830829 23.654411 14.892850 -3.486881 -3.374551 0.872084 1.680912 -14.511564 5.889152 -0.683944 1.326600 0.896174 1.603375 -0.802647 13.466366 6.735739 -14.081515 0.017960 -4.402034 25.435850 13.543703 -5.807631 6.339262 9.509302
5.554118 18.256449 -4.628987 6.350791 -1.072893 -19.498922 8.607701 23.759871 14.644730 -3.436933 -3.462078 0.712929 1.832124 -14.527855 5.904372 -0.770028 1.349799 0.888513 1.644591 -0.753516 13.809813 6.707933 -14.027757 0.117268 -4.440775 25.410780 13.661899 -5.415229 6.533094 9.448595
5.581916 18.310562 -4.637267 6.300680 -1.028749 -19.393120 8.693954 23.719770 14.699735 -3.441043 -3.464795 0.776885 1.854712 -14.520582 5.962349 -0.702267 1.342322 0.920788 1.576561 -0.745474 13.609509 6.707207 -14.048794 0.010487 -4.373726 25.486395 13.638810 -5.679430 6.527874 9.380008
4.593296 19.503799 -1.359321 5.111543 -3.408672 -13.676156 4.565664 23.000038 17.901039 -4.168551 -1.559260 1.747804 1.514512 -13.438885 5.952608 1.151174 2.716186 2.545403 -0.031867 -0.644925 12.808246 6.273498 -15.551055 5.454867 -6.241227 20.986933 12.102676 -3.872975 5.454727 15.604745
-4.134361 20.873569 8.877547 1.710202 -0.483744 -2.488609 2.736662 19.364344 20.308271 -5.074548 2.055665 4.300469 -2.250603 -11.941086 3.292597 2.384823 5.866226 2.244517 -1.729617 -1.594229 5.021240 4.005297 -23.071745 9.845498 -8.524883 15.060520 1.169488 -4.281933 -1.092153 21.287462
-7.481820 24.227688 10.953800 0.205025 1.406966 -1.570238 2.296353 17.099253 19.227419 -4.474239 1.831587 3.519650 -3.654226 -11.559885 4.272706 1.932314 6.759480 3.929684 -1.912043 -1.982214 4.882867 0.301586 -25.454414 10.688088 -7.801057 12.964590 -0.043238 -7.242347 0.031971 21.265198
-8.499043 24.153858 11.762389 0.009881 2.119783 -0.980235 2.491611 16.615778 19.676989 -4.394511 1.842851 3.397766 -4.061593 -11.331505 4.613439 2.102565 7.061448 4.211932 -2.349599 -1.913128 4.916631 0.179708 -26.677845 11.091109 -7.967662 12.577425 -0.516554 -7.165641 0.441422 21.728626
-9.109401 24.104294 12.092411 -0.005920 2.881602 -0.582383 3.069057 16.120949 19.819098 -4.026970 1.927715 3.659935 -4.515225 -11.280910 4.479992 2.128866 7.112075 4.064001 -2.438826 -1.989843 4.548340 -0.035026 -27.267441 10.921589 -8.014643 12.587532 -1.131998 -7.289897 0.455815 21.833157
-8.729783 24.259075 11.818789 -0.104599 2.365833 -0.889417 2.698091 16.349983 19.845705 -4.206377 1.895690 3.511702 -4.321800 -11.295229 4.500861 2.083097 7.122154 4.140576 -2.355192 -1.939063 4.744186 0.078030 -26.860193 11.218400 -8.145509 12.495773 -0.652280 -7.097061 0.489149 21.881134
-8.499434 23.857792 11.896595 0.196203 1.644632 -0.598888 2.541917 16.769278 19.836493 -4.491744 1.889777 3.544164 -4.196322 -11.348316 4.560133 2.108864 7.016037 4.166570 -2.329561 -1.879699 5.005962 0.099594 -26.714788 11.170155 -8.114101 12.502846 -0.322571 -6.896008 0.457577 22.059673
-8.775429 24.265032 11.891730 -0.059900 2.379505 -0.871474 2.682711 16.359877 19.794174 -4.296707 1.908015 3.691900 -4.283935 -11.261480 4.366287 2.003248 7.070976 4.227069 -2.339246 -2.136303 4.510234 0.039733 -26.832159 11.048668 -8.153792 12.606647 -0.333603 -6.966809 0.395519 21.962032
-8.860266 23.978157 12.011123 0.130267 2.275736 -0.421595 2.783417 16.391010 20.027876 -4.305080 1.926568 3.707436 -4.426428 -11.241592 4.438910 2.053612 7.126890 4.161308 -2.400829 -2.065097 4.594406 -0.065543 -26.958714 11.141829 -8.149950 12.449345 -0.503234 -7.048525 0.422344 22.151409
-8.515386 23.943195 11.875788 0.146553 1.687451 -0.626719 2.507030 16.733599 19.797781 -4.431428 1.881124 3.668559 -4.290856 -11.321731 4.438673 2.012333 7.012634 4.160702 -2.294246 -2.004645 4.749877 0.107224 -26.739183 11.045512 -8.185229 12.564099 -0.219570 -6.856625 0.442703 21.964241
-8.569602 23.705196 12.030129 0.277113 1.363112 -0.379339 2.693624 16.915579 20.057508 -4.484622 1.847706 3.620352 -4.338283 -11.353914 4.402245 1.947037 6.976707 4.133502 -2.233863 -2.059729 4.836112 0.192639 -26.701988 11.063425 -8.234445 12.551313 -0.281476 -6.869112 0.515923 22.065903
-9.098371 24.205130 12.034764 -0.056121 2.838029 -0.544220 3.040890 16.033161 19.775667 -4.107146 1.917967 3.852656 -4.645797 -11.249150 4.368181 2.055596 7.069085 4.123083 -2.424753 -2.213796 4.174381 -0.049745 -27.157721 10.874657 -8.174642 12.636533 -0.603773 -7.085365 0.365738 22.016329
-8.971870 24.031380 12.044971 0.082949 2.345770 -0.448909 2.874101 16.303890 19.969885 -4.374434 1.934537 3.824092 -4.452486 -11.243946 4.393157 2.066017 7.078219 4.144074 -2.440587 -2.093964 4.467104 0.047796 -27.000902 11.143656 -8.145663 12.495974 -0.545977 -7.078494 0.354936 22.065647
-8.624530 23.764570 11.922529 0.236179 1.842092 -0.549071 2.780434 16.717878 19.976118 -4.386643 1.901187 3.725223 -4.318264 -11.327202 4.386063 2.055059 7.055174 4.137795 -2.354507 -2.056931 4.865036 0.179132 -26.714064 11.035295 -8.151942 12.589249 -0.286721 -6.815840 0.398664 22.135160
-8.526790 23.704477 11.966479 0.191044 1.616933 -0.522081 2.641414 16.847387 19.890921 -4.452415 1.930242 3.731890 -4.292277 -11.303202 4.392645 2.042325 7.026807 4.155916 -2.336611 -2.023891 4.829647 -0.132255 -25.552494 10.936124 -8.001892 12.665668 -0.830434 -6.944047 0.325528 22.502020
-9.050977 24.177668 11.884755 -0.064811 3.354934 -0.724202 3.074845 15.893581 19.925421 -4.067829 1.942908 3.847166 -4.583407 -11.222656 4.351404 2.035126 6.984190 4.115665 -2.378140 -2.174252 4.019018 -0.172985 -26.021397 10.908636 -8.136292 12.659253 -1.202175 -7.397452 0.292668 22.009527
-9.165076 23.986658 12.065816 -0.022791 2.966800 -0.549704 3.182958 16.028778 19.877115 -4.163990 1.984937 3.841748 -4.535758 -11.187941 4.411733 2.132662 7.055701 4.058783 -2.530645 -2.091340 4.445199 -0.249419 -26.148672 10.904160 -8.056956 12.622805 -1.501775 -7.177701 0.428641 22.301517
-8.620619 23.649574 12.013341 0.272497 1.885517 -0.347510 2.814130 16.692480 20.032248 -4.418580 1.920565 3.733383 -4.326520 -11.303169 4.383946 2.069137 7.011002 4.127376 -2.358203 -2.028033 4.715820 -0.124224 -25.652193 10.888328 -8.053762 12.579838 -0.947370 -6.870174 0.263611 22.441341
