1.980295 25.707289 -10.498116 3.001539 4.379577 -4.331700 10.877223 14.279053 19.896860 -3.886533 3.076669 8.238134 5.227338 -8.994561 0.718516 -3.574119 -0.385509 5.237624 1.867610 -10.461833 4.377339 6.325277 7.494720 1.366997 2.504705 23.714319 -0.559818 -24.442327 -4.292999 20.069555
1.531034 25.649466 -10.601810 3.018504 4.023590 -4.839424 11.671637 14.163116 20.580372 -4.009373 3.115616 8.313931 5.238493 -8.971706 0.661906 -3.567776 -0.403357 5.243791 1.866530 -10.438960 4.682582 6.328278 7.480205 0.954526 2.982830 23.933565 -0.491237 -24.730095 -4.345408 20.189957
-2.860187 10.438332 -0.064468 10.850240 10.595084 -6.778395 23.348915 22.686773 19.280359 -3.750590 4.367892 9.877631 2.981881 -12.189119 -6.247400 -2.773224 2.595858 0.258614 4.113116 -3.887094 8.168772 4.192533 1.588019 -9.220311 3.430680 28.726809 -17.160217 -13.663118 -6.810779 9.772243
-2.953087 8.546682 0.987974 10.793930 10.985324 -5.737904 22.911737 23.013899 21.421329 -4.085194 4.544182 10.423273 3.889060 -12.412778 -6.693600 -2.258808 2.764080 -0.445937 3.613269 -3.009475 8.335511 5.732991 1.600470 -10.794398 3.781340 29.082457 -16.649313 -11.192700 -9.257269 10.236541
-3.973419 8.623376 1.956129 11.878756 12.479169 -5.028727 21.284521 22.181616 23.819622 -3.541809 5.169587 11.022373 3.642296 -11.810709 -7.522742 -2.219311 3.296162 -1.288331 2.689000 -3.320187 8.672083 8.135357 1.141099 -12.045648 3.886879 29.888712 -15.901925 -7.850395 -11.180758 12.515746
-4.637589 9.148493 2.615333 12.619932 13.179763 -5.041174 20.365671 21.691311 24.535391 -3.147732 5.232460 11.300207 3.258161 -11.612387 -7.957705 -2.178474 3.873957 -1.659465 2.336580 -3.269096 8.333772 8.932901 0.221302 -12.808818 3.782628 30.542700 -16.757580 -5.442894 -11.916634 14.587836
-5.063689 9.248347 3.061686 12.840771 13.417892 -4.946274 19.761345 21.389069 24.969912 -2.835919 5.281505 11.416417 3.117644 -11.539675 -8.144075 -2.046789 4.246762 -1.800217 2.168032 -3.196601 8.091372 8.854893 -0.165576 -12.761791 3.746869 30.432796 -17.165850 -5.105475 -11.669971 15.436978
-5.175846 9.389810 3.114031 12.986221 13.603121 -4.927836 19.868933 21.187286 25.091625 -2.827735 5.276402 11.434767 3.092265 -11.560092 -8.170700 -2.038238 4.278087 -1.778367 2.169713 -3.185024 8.109825 8.917677 -0.179740 -12.858409 3.780274 30.524305 -17.159563 -4.978303 -11.679010 15.386797
-5.273546 9.369198 3.136675 13.061172 13.667849 -4.861180 19.724552 21.138288 25.188066 -2.849444 5.258557 11.437855 3.076111 -11.540228 -8.193232 -2.041859 4.324960 -1.830876 2.156523 -3.190254 8.060772 8.907219 -0.306272 -12.875373 3.772849 30.469225 -17.288916 -4.869095 -11.730165 15.621936
-5.195884 9.356829 3.097236 13.062468 13.590471 -4.946429 19.706299 21.184137 25.121105 -2.865340 5.267796 11.439764 3.066487 -11.536989 -8.199686 -2.034443 4.347413 -1.835248 2.152668 -3.177086 8.058249 8.898688 -0.276795 -12.951944 3.820726 30.531195 -17.233400 -4.849094 -11.749866 15.647279
-5.209746 9.356869 3.098021 13.050117 13.583185 -4.939763 19.691513 21.170958 25.120256 -2.875211 5.273526 11.442127 3.054981 -11.527859 -8.222378 -2.048697 4.334507 -1.842297 2.133873 -3.186419 8.079492 8.912466 -0.269135 -12.957233 3.821561 30.522844 -17.235102 -4.851434 -11.792706 15.616183
-5.191048 9.393363 3.096654 13.032312 13.589931 -4.952034 19.688057 21.154583 25.113905 -2.872802 5.273580 11.449127 3.073091 -11.531609 -8.208611 -2.035228 4.320015 -1.837304 2.143361 -3.184992 8.052890 8.925917 -0.278093 -12.943282 3.866723 30.545622 -17.242069 -4.845895 -11.807502 15.612184
-5.177794 9.394642 3.102286 13.026755 13.626369 -4.972631 19.715021 21.154909 25.109564 -2.887985 5.267760 11.442986 3.065077 -11.541308 -8.215612 -2.039415 4.323277 -1.837687 2.140585 -3.187401 8.047088 8.925773 -0.278152 -12.954315 3.861036 30.546515 -17.235779 -4.839364 -11.800293 15.634973
-5.241565 9.379448 3.130458 13.049240 13.682384 -4.916214 19.709682 21.107136 25.169949 -2.865043 5.274800 11.449093 3.060081 -11.530712 -8.224461 -2.037868 4.342181 -1.844078 2.127731 -3.175514 8.061351 8.926407 -0.284422 -12.936254 3.842252 30.535067 -17.247078 -4.828368 -11.764881 15.673730
-5.185350 9.394583 3.101223 13.036311 13.627610 -4.953871 19.707308 21.132879 25.110044 -2.877398 5.270067 11.451077 3.066506 -11.543030 -8.211853 -2.034114 4.320570 -1.836381 2.142459 -3.183820 8.056912 8.949031 -0.281943 -12.919188 3.857095 30.524206 -17.244623 -4.848398 -11.793825 15.642453
-5.248144 9.395911 3.131662 13.052254 13.655910 -4.913600 19.680038 21.119291 25.161257 -2.869983 5.269628 11.437007 3.076357 -11.547638 -8.199556 -2.028467 4.344808 -1.833689 2.142180 -3.177168 8.067516 8.897414 -0.290499 -12.915945 3.811594 30.496237 -17.275719 -4.870472 -11.752043 15.689608
-5.231307 9.381063 3.121311 13.046657 13.629471 -4.888263 19.690670 21.122343 25.161320 -2.892904 5.264056 11.442671 3.063112 -11.542377 -8.195160 -2.035278 4.339550 -1.833173 2.149989 -3.183874 8.058261 8.947492 -0.286002 -12.907414 3.817802 30.505663 -17.262608 -4.875901 -11.777723 15.674019
-5.217828 9.366463 3.109566 13.062258 13.578210 -4.894287 19.666037 21.143110 25.150858 -2.883386 5.265666 11.439213 3.060966 -11.539385 -8.197311 -2.036328 4.348986 -1.830762 2.145068 -3.180649 8.088756 8.967686 -0.278906 -12.971384 3.829090 30.560114 -17.280184 -4.833297 -11.781847 15.666603
-5.206166 9.375815 3.117971 13.047314 13.602409 -4.908650 19.690502 21.145565 25.145952 -2.896810 5.260543 11.421312 3.070078 -11.542730 -8.206791 -2.040886 4.335139 -1.823922 2.137709 -3.181045 8.100065 8.978306 -0.268048 -12.945795 3.807853 30.541842 -17.299604 -4.848847 -11.786404 15.668185
-5.243539 9.383615 3.108655 13.041402 13.585402 -4.950040 19.755955 21.155481 25.212152 -2.883958 5.342134 11.152483 2.820374 -11.678751 -7.921856 -1.689322 4.254704 -1.897810 2.010945 -3.101703 8.080891 8.943962 -0.268767 -12.957630 3.830538 30.549332 -17.272663 -4.845854 -11.770483 15.666053
-5.279918 9.378096 3.127667 13.043165 13.603987 -4.910976 19.757700 21.133657 25.234285 -2.891831 5.338413 11.152510 2.809936 -11.682243 -7.921132 -1.690863 4.254688 -1.892092 2.007357 -3.097274 8.071962 8.934629 -0.275284 -12.925053 3.807301 30.507341 -17.283699 -4.871542 -11.772241 15.674063
-5.283284 9.367394 3.134012 13.031136 13.591768 -4.900166 19.752827 21.135599 25.237471 -2.907915 5.338004 11.153396 2.805221 -11.659429 -7.926665 -1.715222 4.233405 -1.900758 2.013442 -3.123269 8.074498 8.959782 -0.271649 -12.943566 3.823429 30.506390 -17.260828 -4.854316 -11.825369 15.665235
-6.556620 -10.408612 -0.517442 6.991138 4.514305 12.362865 14.567495 24.883030 25.892920 -13.493701 9.140953 11.286665 6.360604 -8.087913 -5.840446 -0.690302 0.874597 -5.264444 0.551845 3.224106 19.444746 6.718770 1.590281 -2.189390 4.367422 18.586720 -14.064787 9.368268 -25.198801 9.801513
-6.759260 -14.016312 -2.444829 3.468316 8.253649 9.888898 16.020805 23.107462 26.602024 -15.635845 9.600387 11.365220 6.463849 -6.441794 -5.539507 -2.061201 -0.443661 -6.304457 0.952652 4.243721 19.277071 4.531435 0.284933 0.697799 6.346579 16.142271 -12.532081 9.651868 -28.082378 5.362427
-7.097171 -15.197474 -3.956465 1.114213 9.389471 10.313579 15.355676 22.221914 25.375755 -15.735795 9.975542 10.671669 6.369040 -5.636325 -4.105245 -2.075067 -0.556028 -6.740227 1.044012 4.171635 17.874361 2.191436 1.068727 3.378828 5.306054 14.239748 -11.849504 10.232780 -28.080069 2.164811
-7.989294 -17.311581 -5.405760 0.119906 9.650113 12.469922 16.349689 20.980562 23.001339 -16.006132 10.536767 9.964615 5.819243 -5.162484 -3.439520 -2.408982 -0.786314 -6.871462 1.219250 4.724499 15.791894 0.050174 1.129562 4.997538 4.597102 12.394754 -12.530677 8.972972 -28.019760 -1.041475
-8.844400 -18.635479 -7.084679 -1.895543 9.148542 15.049781 16.522537 20.004309 20.483664 -15.651169 10.775233 9.263189 5.230859 -4.765196 -2.437147 -2.260833 -0.654504 -7.139919 1.836688 5.324892 15.310843 -1.834063 0.782043 6.024280 3.687512 10.041951 -12.469468 8.564795 -27.932032 -3.134226
-9.635520 -21.437281 -8.609625 -5.001049 7.003451 17.015776 16.223516 19.957026 17.567762 -15.509268 11.334221 8.241070 4.841043 -4.194885 -1.052136 -2.245306 0.071158 -7.437052 3.236930 5.297431 14.175509 -4.383376 1.055524 8.400184 2.384825 8.045317 -12.804368 8.624858 -27.250948 -5.749411
-10.057733 -23.017076 -10.706149 -7.969175 4.744128 17.941511 16.339165 19.435028 11.495189 -14.255163 11.511315 7.050785 4.729506 -3.950202 0.235944 -2.857319 0.341636 -7.946476 4.951333 5.728530 13.547028 -7.276676 1.643480 10.616897 1.393966 6.011879 -13.768956 7.148215 -25.727076 -9.225795
-11.676635 -23.352745 -15.342484 -9.305197 -0.149049 18.114349 14.702893 17.518650 4.752007 -9.289810 11.399344 5.540545 5.152679 -3.853517 1.593898 -3.872396 -0.131524 -8.226397 7.005701 5.831303 13.538337 -8.914028 3.560257 13.267394 0.641612 6.098186 -13.796041 5.130536 -23.709476 -14.343154
-12.621119 -22.905317 -21.553747 -8.830723 -4.400632 17.072981 13.220014 16.376610 -0.143446 -3.574354 10.978293 3.926548 5.860890 -3.890830 3.049056 -4.744681 -0.557947 -7.942146 8.931338 5.464694 13.169314 -9.737348 6.228725 15.262877 0.217440 6.995737 -12.223957 3.641341 -21.737419 -18.152821
-12.345289 -21.152802 -27.089483 -7.922421 -8.637264 15.388154 11.568965 15.901625 -4.101970 1.658136 10.155684 1.650275 7.040376 -3.894491 4.705883 -5.441910 -1.671810 -7.051172 10.106003 4.434186 12.533324 -9.867311 9.903138 17.004467 -0.639005 8.207114 -9.790312 1.615025 -20.108419 -20.533499
-10.335794 -16.629187 -32.601135 -5.748447 -10.086098 12.620191 7.221630 15.280200 -8.400107 6.558810 9.963469 -1.134006 8.251137 -3.849202 6.982897 -5.192466 -2.947523 -5.579260 10.490324 3.094168 11.850513 -10.668295 13.811852 18.568645 -0.697598 8.993795 -5.374216 -0.395569 -18.465866 -20.644619
-8.675367 -13.556698 -34.519375 -4.341537 -10.310606 10.744044 4.504848 14.829688 -9.273383 7.995090 9.597220 -2.793949 8.727199 -3.714972 8.117612 -5.084704 -3.265972 -5.343509 10.380542 1.944486 12.832462 -10.390919 15.760019 21.083595 -0.300477 9.793747 -2.355280 -1.073964 -16.384001 -19.440573
-7.514794 -12.356178 -34.973354 -3.616491 -10.147841 10.365083 2.688712 15.054188 -9.509469 8.461319 9.515443 -3.469032 8.829046 -3.603969 8.398764 -5.160687 -3.495664 -5.136127 10.066211 1.411027 13.082868 -10.273493 16.275314 21.605715 -0.373429 9.848312 -0.818744 -1.104665 -15.385147 -19.144447
-7.537310 -12.474481 -34.860004 -3.830539 -10.121318 10.346668 2.835997 15.025509 -9.302009 8.456535 9.676584 -3.456368 8.815653 -3.626266 8.317070 -5.078703 -3.531793 -5.104305 10.092362 1.683764 13.081740 -10.413871 16.161114 21.201937 -0.334388 9.696367 -1.133329 -1.152645 -15.737673 -19.049900
-6.953794 -11.913831 -35.230808 -3.725447 -10.088346 9.905807 2.404766 15.261716 -10.014171 8.642042 9.427749 -3.652995 8.831929 -3.591044 8.632654 -4.994742 -3.466710 -5.106266 9.917003 1.316016 13.455058 -10.163554 16.089777 21.991995 -0.253291 9.959496 -0.715145 -0.967522 -15.073513 -18.914249
-6.349805 -11.358995 -35.245800 -3.678382 -9.798973 9.790521 1.797307 15.264292 -9.999752 8.481688 9.446813 -3.768179 8.920684 -3.530194 8.646673 -4.922672 -3.496620 -4.988667 9.830077 1.187761 13.578616 -10.132038 16.306946 22.602737 -0.437513 9.733290 -0.279458 -1.024822 -14.890041 -18.439690
-6.929601 -11.948126 -35.240513 -3.725875 -10.171629 9.964372 2.428132 15.309230 -10.022931 8.679551 9.417081 -3.662907 8.860715 -3.545494 8.625700 -4.996937 -3.436103 -5.112428 9.864757 1.309304 13.526015 -10.160082 16.145311 22.090906 -0.323310 9.923634 -0.658835 -0.976028 -15.057564 -19.005939
-6.619856 -11.730923 -35.240055 -3.550051 -10.062012 9.985111 2.104317 15.361060 -9.853312 8.532030 9.473140 -3.689222 8.959603 -3.451697 8.686825 -4.962826 -3.443435 -5.113362 9.819109 1.258891 13.653416 -10.104495 16.230417 22.284992 -0.340469 9.927994 -0.464431 -0.973122 -14.921165 -18.839972
-6.186347 -11.146242 -35.123806 -3.289899 -9.758669 9.988043 1.530915 15.241744 -10.018188 8.373991 9.490488 -3.848094 8.878520 -3.553474 8.698940 -4.788089 -3.510040 -5.097366 9.722133 1.102707 13.919278 -9.910773 16.441059 23.117966 -0.377093 9.778432 -0.347647 -1.073053 -14.794722 -18.236864
-5.040466 -10.276578 -34.962078 -3.305046 -9.158207 9.921576 -0.554066 15.626163 -10.251354 8.501761 9.388396 -4.013791 8.743989 -3.411577 8.902319 -4.837300 -3.506063 -5.189195 9.385536 0.670801 13.860645 -9.556442 16.356478 23.340586 -0.368408 10.037076 0.366133 -1.036816 -14.161739 -17.653957
-10.787777 -13.753592 -33.993183 -6.238575 -8.745339 10.213186 8.392726 12.510791 -8.986431 8.328718 9.873918 -1.333334 7.157907 -3.620143 7.969676 -5.062332 -3.846083 -4.238318 11.044224 2.931866 9.387541 -11.792744 13.510818 18.143223 -0.067527 9.071172 -2.405617 -1.221293 -18.102434 -20.156143
-12.129086 -13.578899 -32.580570 -5.663424 -6.800832 11.945852 9.975743 10.764337 -8.365668 9.193012 10.173252 0.404913 5.444352 -3.450575 7.866390 -4.432205 -3.921258 -3.544180 10.999774 3.162738 7.152768 -13.438027 12.385898 17.392855 -0.032772 8.716160 -2.094862 -1.057152 -18.045317 -19.861641
-12.111320 -13.879816 -33.217136 -6.122550 -6.756483 10.171076 9.779166 9.962797 -7.738411 8.627295 9.881474 0.185143 5.232226 -3.215273 7.596426 -4.933892 -3.839476 -3.883141 11.154206 2.976508 7.304520 -12.585683 12.017434 16.292496 0.075589 8.096714 -1.462697 -0.749370 -18.891869 -20.817787
-14.483216 -16.445129 -29.428690 -9.051544 -3.661263 11.955615 14.668058 8.783413 -6.531550 6.010215 9.799389 2.886265 3.029330 -3.075959 6.143541 -5.352046 -3.515414 -3.759652 11.404599 4.190191 6.409466 -14.584023 8.370262 13.646749 0.698276 6.940040 -1.567656 1.507624 -21.027210 -20.968140
-16.026363 -17.528845 -25.092796 -11.917184 0.416664 11.749855 19.162235 8.515671 -4.168835 2.606444 10.015698 5.388728 1.326420 -2.533616 4.876681 -5.688309 -2.835627 -3.870400 11.047502 4.929246 5.850650 -16.752939 4.965255 11.663138 1.817027 5.972724 -1.555100 3.510187 -22.197149 -19.945063
-18.419754 -16.964138 -21.718145 -14.184132 3.949557 11.304345 21.695843 7.379830 -2.251504 0.885304 10.198676 6.970237 0.022899 -2.305965 4.549483 -5.264256 -2.428471 -2.785153 10.293493 5.724121 6.367252 -19.131851 2.736010 9.666556 2.832008 4.109693 -1.122724 4.797075 -22.945030 -17.456514
-18.959969 -15.770334 -21.319742 -15.035084 3.821822 10.973367 21.871803 7.350357 -2.675163 1.860097 9.981835 7.007759 -0.313880 -2.190231 5.088120 -4.979857 -1.964560 -2.170925 10.074345 5.422128 5.584314 -20.576208 2.346468 10.112782 3.004193 4.020799 0.333495 3.887699 -21.251844 -16.592110
-20.966640 -13.825714 -20.383430 -16.758158 4.030740 10.837405 21.666586 7.032821 -3.316974 2.695489 9.922263 7.534186 -0.362087 -1.955397 5.849997 -4.134447 -0.991616 -0.895881 9.491929 5.873856 5.498748 -21.577671 0.582376 10.677027 3.117831 3.654331 0.257104 2.998485 -20.336205 -15.522516
-21.433401 -12.807365 -15.475265 -18.709826 6.275654 11.951052 22.811117 8.182097 -1.904747 0.524632 9.828958 8.259918 0.376495 -1.918287 5.996315 -3.357835 -0.271976 -0.058657 8.946860 6.426106 5.610416 -21.967432 -0.722646 9.913405 3.350446 4.268270 -1.935814 1.869646 -20.034605 -14.123424
-21.673527 -11.902271 -14.131773 -19.591887 4.710258 12.640851 22.097338 9.701474 -2.457438 1.314048 9.658158 8.170687 0.796027 -2.128944 6.292017 -3.025248 0.107785 0.314834 8.661018 6.939574 5.932341 -21.828344 -1.191903 11.665547 3.143859 4.605846 -2.663861 0.971515 -18.771631 -12.938994
-21.539227 -11.757591 -14.260541 -19.079573 1.762640 14.803288 20.692408 10.691424 -3.627837 2.080997 9.822065 7.346550 1.498813 -2.593345 6.697226 -2.370164 0.373400 0.436352 8.468537 7.054215 5.783153 -21.873692 -0.937721 13.229007 2.635928 4.681444 -2.782922 0.075409 -17.976061 -11.803170
-21.130844 -11.095860 -12.991969 -19.407116 -0.060917 15.276997 18.966038 12.613691 -3.935951 1.814920 9.619479 7.067694 2.064694 -2.694390 7.061326 -1.963927 1.128950 0.594229 8.176819 6.948086 7.017228 -22.102091 -0.941207 14.159437 2.455756 3.807258 -3.232296 -0.323103 -16.598986 -9.597142
-21.051964 -10.737666 -11.229232 -18.046408 -1.394712 16.725592 19.890297 13.093832 -3.635895 0.575798 9.252504 6.928051 3.021508 -2.754449 6.875748 -2.176785 1.800584 0.456413 8.018174 7.036610 10.268495 -21.869295 -1.967957 14.517209 3.077767 3.086861 -4.139031 -0.204384 -16.172819 -8.201715
-20.172876 -10.597822 -9.751542 -17.229830 -3.724378 18.094219 19.719776 15.530692 -3.518121 -0.202189 8.633525 6.232412 4.292903 -3.018562 6.909167 -2.528627 2.677526 0.120135 7.550576 7.221478 14.376204 -21.074427 -2.225529 17.407701 3.283272 2.537227 -5.517753 -0.517224 -14.882048 -6.720788
-17.852264 -9.993553 -3.463168 -16.031000 -0.646337 17.385912 21.182192 18.665812 -1.080382 -6.761430 7.817526 6.907083 5.536112 -2.591307 6.027462 -3.269583 4.229125 -0.660339 6.751948 7.261412 18.983683 -20.332748 -3.334524 16.166307 4.541466 2.137972 -7.953406 0.069033 -14.445210 -3.841500
-17.729935 -12.162327 -5.281463 -14.931121 -3.898846 18.577398 20.277199 20.059572 -1.931937 -6.074798 7.989175 6.058572 5.917943 -3.008889 6.183256 -3.346426 4.395874 -1.408146 6.899307 7.349324 19.198771 -19.746649 -3.632897 18.354889 3.745114 2.046142 -9.484975 -0.422013 -13.532072 -4.550122
-17.813780 -12.383636 -5.448848 -15.082159 -4.171196 18.569715 20.308712 20.086424 -2.065821 -6.210287 7.818972 5.945317 5.815372 -3.097614 6.125423 -3.435431 4.440256 -1.376204 6.942593 7.228327 19.679592 -19.650110 -3.496492 18.904825 3.583336 2.321451 -9.732015 -0.386344 -13.277771 -4.340597
-17.917051 -12.524807 -6.168980 -15.002941 -4.804471 18.664274 19.674362 20.002598 -2.625500 -5.733230 7.845671 5.851836 5.791225 -3.178618 6.305431 -3.420269 4.420773 -1.594347 7.122231 7.209060 19.456755 -19.736090 -3.492883 19.134075 3.517885 2.121598 -9.511047 -0.619354 -13.358973 -4.811636
-18.139357 -12.572330 -6.856597 -15.137966 -5.577620 18.663942 19.193699 19.913380 -3.116321 -5.380280 7.947757 5.522593 5.704877 -3.206617 6.590123 -3.235666 4.372273 -1.647249 7.075544 7.191710 19.680994 -19.444559 -3.315071 19.366844 3.546999 2.277555 -9.575278 -0.953716 -13.136982 -5.343626
-18.341881 -12.674586 -7.131377 -15.020088 -5.952785 18.912283 19.023262 19.878473 -3.265315 -5.105731 7.988150 5.375314 5.851293 -3.162643 6.661502 -3.213884 4.247116 -1.566247 6.985872 7.174512 19.691061 -19.324345 -3.156720 19.408733 3.308580 2.177216 -9.682273 -0.967298 -13.149088 -5.268532
-23.842777 -3.907748 4.818724 -18.496469 -2.073415 9.241709 26.622707 16.133406 -4.124528 -5.647604 4.820490 9.925557 0.960914 -4.050576 5.088044 -4.151316 4.017609 2.712973 7.572114 6.771056 19.694189 -22.268618 -0.422851 6.531499 9.856970 10.373409 -6.991642 -0.142773 -11.810646 -2.922165
-23.672588 -4.403344 2.647496 -19.748087 -4.856442 9.380683 26.985394 16.938011 -6.137328 -3.365521 4.324599 8.922533 1.014591 -4.166653 6.356343 -4.712856 4.406518 2.763783 8.071975 6.976480 20.495617 -25.103247 -0.849724 9.020064 9.356627 9.675714 -3.940397 -1.666013 -6.450105 -4.730149
-24.281488 -5.347068 -0.510901 -21.021599 -8.318907 9.967074 25.286491 17.660751 -8.207877 -0.757978 4.511287 8.048212 1.081030 -4.390748 7.219826 -4.654390 4.003052 2.438127 8.592879 7.011141 20.615555 -25.548563 -1.177829 9.718637 9.528929 9.657995 -3.400805 -2.860958 -5.446762 -6.073416
-24.447998 -5.502685 -1.328674 -20.908190 -8.824162 10.101588 24.757599 17.472895 -9.055247 -0.346955 4.475821 7.692637 1.143929 -4.421898 7.418122 -4.592064 3.901528 2.328318 8.593272 7.069448 20.685148 -25.592272 -0.986896 9.781993 9.819944 9.604387 -3.383573 -3.393034 -5.512317 -6.169103
-24.400410 -5.663578 -1.953678 -20.747250 -9.205062 10.257070 24.616085 17.330521 -9.197962 0.071990 4.390272 7.511279 1.207375 -4.335694 7.533969 -4.691980 3.846935 2.405791 8.527532 7.080087 20.843365 -25.442083 -0.871199 9.511243 9.882614 9.637898 -3.250466 -3.497440 -5.691081 -6.449768
-24.522856 -5.526003 -2.143627 -20.734415 -9.188113 10.305689 24.384861 17.141022 -9.312922 0.271691 4.345997 7.440715 1.194020 -4.436368 7.564980 -4.695473 3.757892 2.442224 8.619365 7.102329 20.758451 -25.667814 -0.766097 9.281282 9.859682 9.714931 -3.191934 -3.507612 -5.889291 -6.792128
-24.783010 -5.669353 -2.523172 -20.677704 -9.449604 10.381673 24.443329 16.946257 -9.389374 0.405029 4.373716 7.416626 1.329178 -4.483363 7.705690 -4.651536 3.755289 2.421817 8.733657 7.148006 20.394476 -25.598989 -0.522870 9.075368 9.755617 9.887570 -3.086558 -3.766860 -5.895145 -6.925609
-24.706146 -5.460871 -3.123789 -20.744598 -9.884769 10.250186 24.067551 16.860117 -9.780115 0.760577 4.342914 7.222487 1.454461 -4.502915 7.848994 -4.582967 3.668022 2.540412 8.736379 7.215592 20.642262 -25.889305 -0.688810 9.164039 10.110452 9.913677 -3.144238 -3.980935 -6.065806 -6.847749
-24.964600 -5.189194 -3.803931 -20.483904 -10.551239 10.506610 23.705517 16.474752 -10.230252 1.583194 4.380757 7.126364 1.512884 -4.502115 7.993272 -4.524869 3.648150 2.520843 8.771359 7.234046 20.508207 -25.793459 -0.593651 9.339831 10.076033 9.923660 -3.099384 -3.836621 -6.295292 -6.808581
-24.774029 -5.132932 -4.050665 -20.686235 -10.678160 10.455706 23.789059 16.572653 -10.224273 1.943607 4.454271 7.209464 1.466098 -4.468690 8.023630 -4.461504 3.664032 2.507190 8.793000 7.137770 20.418585 -25.793119 -0.624908 9.399638 10.148756 9.947063 -3.149211 -3.802535 -6.549241 -6.884581
-24.846287 -5.181352 -4.238485 -20.711296 -10.831026 10.477745 23.484533 16.590731 -10.480653 2.069394 4.437721 7.115330 1.438391 -4.488651 8.150314 -4.402227 3.619482 2.460067 8.798903 7.143149 20.382061 -25.725824 -0.727312 9.388572 10.131662 10.052127 -3.132594 -3.853374 -6.502090 -7.093918
-24.678217 -5.227630 -4.478377 -20.912649 -10.862788 10.454566 23.229322 16.701725 -10.492537 2.222675 4.408976 7.033298 1.395283 -4.485965 8.256929 -4.385210 3.575584 2.463236 8.804948 7.118000 20.396891 -25.768267 -0.673683 9.343245 10.138811 10.113072 -2.869103 -3.909321 -6.461852 -7.138551
-24.637892 -5.191970 -4.590528 -20.895952 -10.851460 10.455588 23.170050 16.657312 -10.529655 2.287410 4.385519 7.048717 1.392314 -4.466001 8.285116 -4.383096 3.505063 2.380401 8.798785 7.109378 20.276608 -25.804344 -0.551509 9.245433 10.183573 10.239672 -2.833261 -3.979742 -6.423410 -7.108034
-24.503899 -5.163599 -4.598372 -20.744627 -10.812515 10.333013 23.228733 16.660696 -10.581362 2.260753 4.354530 6.954720 1.447500 -4.420504 8.324002 -4.378578 3.546498 2.361656 8.724906 7.105609 20.326849 -25.765554 -0.581102 9.071267 10.285162 10.338299 -2.842316 -3.939717 -6.487657 -7.036637
-24.447803 -5.218792 -4.636401 -20.813643 -10.752707 10.415011 22.886112 16.699575 -10.627759 2.219670 4.356513 6.867016 1.495921 -4.430329 8.380141 -4.380073 3.503743 2.317140 8.668869 7.110711 20.108208 -25.679195 -0.570813 9.016568 10.207972 10.357975 -2.771704 -3.908653 -6.650537 -7.252216
-24.523315 -5.447247 -4.893645 -20.693401 -10.884004 10.595500 22.862230 16.699928 -10.650650 2.381345 4.373465 6.764950 1.466620 -4.445758 8.545629 -4.309378 3.432734 2.290688 8.657928 7.163407 20.188906 -25.713711 -0.541539 9.089408 10.245560 10.381678 -2.659689 -3.912455 -6.623892 -7.475996
-24.500820 -5.405007 -5.004708 -20.776264 -10.901989 10.482817 22.699459 16.701279 -10.637229 2.406791 4.352815 6.720542 1.473377 -4.454000 8.547667 -4.349511 3.382828 2.220783 8.690486 7.171215 20.185812 -25.827080 -0.488247 9.144084 10.451649 10.432968 -2.537133 -4.114642 -6.520355 -7.426374
-24.416452 -5.400572 -5.125550 -20.774361 -10.994032 10.495402 22.644024 16.722235 -10.681611 2.428164 4.305189 6.715045 1.450728 -4.460545 8.562336 -4.385123 3.367911 2.199503 8.753737 7.119254 20.193642 -25.855324 -0.444269 9.251117 10.382257 10.397875 -2.589904 -4.145075 -6.533177 -7.423214
-24.326509 -5.353297 -5.301637 -20.786341 -11.066380 10.444349 22.579105 16.675461 -10.758109 2.390649 4.336338 6.654158 1.524289 -4.449144 8.636560 -4.346724 3.424467 2.263549 8.752311 7.089019 20.016777 -25.934834 -0.574762 9.260621 10.226580 10.315207 -2.552763 -4.181409 -6.443032 -7.464118
-24.246304 -5.477202 -5.317448 -20.887529 -11.035856 10.506776 22.474972 16.763401 -10.708291 2.353631 4.349304 6.610515 1.542586 -4.441006 8.619693 -4.320887 3.407724 2.256056 8.684031 7.078202 20.099951 -25.877003 -0.646152 9.222509 10.264696 10.314556 -2.512117 -4.259125 -6.414344 -7.582308
-24.181007 -5.397962 -5.328054 -20.805748 -10.959469 10.549594 22.341911 16.702827 -10.902001 2.368823 4.360155 6.631258 1.458634 -4.493165 8.635313 -4.243609 3.396055 2.213787 8.699479 7.077802 19.997988 -25.855978 -0.608356 9.103001 10.304047 10.432378 -2.661711 -4.270362 -6.627822 -7.770390
-24.040428 -5.420855 -5.449321 -20.823793 -10.905170 10.482218 22.308203 16.736107 -10.921094 2.422150 4.342202 6.554067 1.512298 -4.441307 8.704897 -4.255213 3.356017 2.268133 8.687381 7.092569 19.978123 -25.872751 -0.565518 9.054156 10.219858 10.305889 -2.615438 -4.324255 -6.660762 -7.774350
-24.091824 -4.951612 -7.813145 -20.034986 -11.946793 10.689502 21.534946 16.130684 -11.507661 4.435650 4.233062 6.016620 1.858609 -4.364440 9.161351 -4.227126 2.957656 2.361135 8.594096 7.171070 19.863363 -25.442255 -0.015165 8.874139 10.380858 10.344072 -2.137965 -4.902359 -7.249005 -7.876295
