5.908542 30.936384 -5.864214 12.763472 11.972309 -1.733926 -6.448734 7.126771 -7.226950 -20.312704 3.719008 -1.303857 -0.298217 -11.349279 0.670501 -0.064949 -5.333937 7.679976 -4.921773 -5.641578 -2.833662 15.808565 -15.056449 15.340632 -15.173788 18.849499 10.565945 -13.236347 0.024867 8.730584
6.036127 30.944305 -5.698990 12.669300 12.158195 -1.756593 -6.377685 7.202695 -7.191001 -20.553560 3.727119 -1.341282 -0.303363 -11.365421 0.574906 -0.081957 -5.395073 7.693168 -5.002830 -5.532338 -2.853176 15.832047 -15.045333 15.315749 -15.195009 18.876587 10.516318 -13.249751 0.020723 8.713136
-2.209313 28.028894 6.304822 9.030403 20.142740 7.257808 -1.855257 8.197673 -0.344224 -14.948742 5.308468 0.788040 -3.483640 -10.803174 -2.434507 0.389816 -1.456952 5.801404 -6.591907 -2.191525 -7.533942 10.339769 -22.681156 13.031491 -14.105984 14.891775 -0.248267 -9.781486 -5.953728 10.638922
-3.928093 27.764883 10.031374 8.066782 20.131723 7.374603 -2.233635 8.840222 0.799495 -13.839327 4.679377 0.918872 -4.917832 -10.453132 -2.423203 0.161594 0.219485 6.144596 -6.995304 -2.236228 -8.744134 8.747224 -24.677896 12.252639 -13.632516 14.783934 -1.360753 -8.885314 -5.918051 13.580113
-5.512970 27.562363 12.228574 9.495792 20.466597 7.062989 -2.517192 8.241193 1.358568 -14.263765 4.822025 1.489581 -5.727702 -10.406231 -2.353850 0.939162 1.114719 7.007153 -7.145151 -1.523308 -7.852530 7.882049 -26.416895 11.054836 -13.579269 14.924145 -2.170736 -5.869378 -5.685104 15.338220
-6.715431 26.652752 14.423666 10.339647 20.764524 6.862042 -2.772787 9.024138 0.888139 -13.276597 5.227129 1.574585 -6.372515 -10.047156 -2.327176 1.264798 2.014126 8.024205 -7.316682 -1.334297 -6.426258 5.918025 -27.887140 10.287627 -12.811598 14.114277 -3.498422 -4.097757 -5.698005 17.406033
-9.300221 26.201237 16.795925 9.262233 19.723417 5.133615 -4.418674 7.575428 -1.078274 -13.754008 5.266943 1.570343 -7.364966 -9.405001 -2.370908 0.872359 3.040107 8.782543 -6.960372 -0.972960 -6.235206 3.327671 -29.978287 10.716648 -12.433386 12.625134 -4.654902 -3.828215 -5.198446 17.765476
-13.869546 27.596121 18.857138 8.422460 16.578768 2.008624 -7.955126 5.065428 -4.088308 -13.786291 5.585135 0.793564 -9.300109 -8.799103 -1.827380 0.447352 3.988287 9.889715 -5.518726 -1.413731 -6.580501 -1.771692 -28.356413 9.627479 -11.627366 10.712317 -5.261523 -2.205320 -4.797470 19.672205
-17.531372 27.777723 19.344757 7.166406 13.329632 -0.548419 -11.773842 5.773041 -5.506623 -9.259676 5.388814 0.247681 -10.007119 -8.269701 -0.430262 -0.025724 5.565843 10.294655 -4.158071 -1.435949 -7.356739 -4.783219 -28.517889 7.713911 -10.655092 9.885206 -5.239908 -0.525715 -4.927683 21.314114
-18.140705 27.295111 20.655176 6.518825 10.119217 -3.936314 -13.456454 7.068682 -6.220237 -7.689057 4.701799 -0.431051 -9.846287 -8.039498 -0.907872 -1.219437 6.600567 10.210083 -3.186869 -1.005643 -7.282314 -6.497156 -27.841667 5.248413 -10.380631 9.912809 -7.063262 2.200238 -5.617222 21.788092
-17.290207 25.283384 21.221050 8.518636 8.078465 -4.240915 -13.412767 8.095092 -6.130759 -8.554985 4.979788 -0.122061 -9.196083 -8.037900 -1.408702 -0.815875 7.643527 9.950264 -3.571232 -0.180303 -5.105460 -6.403984 -26.104086 5.213593 -10.980131 10.377664 -7.602151 4.956868 -5.018465 23.063089
-18.277729 23.536827 22.650888 10.179510 5.841696 -2.648043 -11.612654 9.318030 -6.093060 -12.322137 5.434218 0.331833 -7.788610 -8.169381 -1.823280 0.157776 8.442873 9.987553 -4.479259 0.560469 -3.243298 -4.571427 -23.120474 7.221332 -12.881540 9.912991 -11.121644 6.668650 -4.435406 24.082445
-17.441206 21.433096 25.513575 11.231002 6.770635 -1.979661 -9.110234 10.544570 -5.292950 -19.378178 5.413789 0.330516 -4.974366 -8.838823 -3.097800 1.112966 8.471643 10.661760 -6.466009 2.473741 0.023115 -1.250118 -21.563639 8.749061 -15.224425 9.547535 -16.044296 4.671717 -3.541558 23.368061
-17.657152 20.154526 26.157360 11.438633 6.937572 -1.316471 -8.194144 10.597358 -4.882694 -21.719677 5.641906 0.591841 -3.964438 -8.965256 -3.538342 1.428050 8.400602 10.790517 -6.819001 3.219945 1.229633 0.444519 -21.813818 9.074252 -15.778599 9.921743 -17.464211 4.039284 -3.100919 22.107624
-17.782799 19.897362 26.360846 11.375023 7.220403 -1.308860 -7.989867 10.567905 -5.187278 -22.592234 5.679430 0.457455 -3.796600 -8.972769 -3.526132 1.485188 8.440823 10.790508 -6.907273 3.303578 1.241994 0.795756 -21.870218 9.253526 -15.947690 10.159496 -17.836168 3.493056 -2.932012 21.862253
-17.823227 19.808840 26.388058 11.382347 7.288234 -1.430068 -7.913610 10.582875 -5.126564 -22.620935 5.735538 0.444829 -3.745372 -8.944395 -3.506937 1.539641 8.470711 10.811971 -6.946867 3.377786 1.290921 0.794967 -22.038713 9.182518 -15.947872 10.164477 -17.848894 3.538401 -2.949327 21.753988
-17.792690 19.823570 26.389582 11.370209 7.216585 -1.325575 -7.965805 10.633573 -5.127082 -22.601774 5.739789 0.464030 -3.763107 -8.946411 -3.505226 1.532633 8.469442 10.812094 -6.947071 3.322922 1.275812 0.814199 -22.085154 9.141472 -15.992661 10.186779 -17.870327 3.537245 -2.922504 21.790630
-17.776506 19.831972 26.398668 11.362852 7.247982 -1.336212 -7.954650 10.631297 -5.137376 -22.612829 5.740777 0.449090 -3.772448 -8.950893 -3.500982 1.533904 8.465658 10.806297 -6.949483 3.328954 1.277817 0.821912 -22.093531 9.148537 -15.990915 10.186550 -17.867989 3.539716 -2.918662 21.782078
-17.791862 19.841965 26.424524 11.385638 7.217536 -1.330078 -7.946814 10.641515 -5.093891 -22.612217 5.734416 0.442007 -3.777760 -8.968035 -3.520434 1.530465 8.466045 10.812390 -6.932579 3.327550 1.272445 0.881208 -22.124079 9.138148 -16.001944 10.183810 -17.871025 3.561846 -2.987088 21.780766
-17.788471 19.833832 26.421959 11.384396 7.232111 -1.339033 -7.961076 10.637357 -5.128957 -22.594099 5.735446 0.445892 -3.784625 -8.964615 -3.521343 1.528106 8.463287 10.814531 -6.928402 3.330786 1.261433 0.843177 -22.098295 9.149215 -15.990296 10.196766 -17.870562 3.551320 -2.945351 21.814091
-17.803810 19.829884 26.398613 11.376392 7.194158 -1.373184 -7.996921 10.639869 -5.112103 -22.581388 5.734785 0.452928 -3.792345 -8.961064 -3.524638 1.519727 8.460083 10.810592 -6.920719 3.336818 1.291234 0.846131 -22.119171 9.139462 -15.991224 10.188837 -17.864794 3.563872 -2.950802 21.791697
-17.783094 19.810879 26.391306 11.371376 7.169688 -1.288369 -7.978797 10.627217 -5.050042 -22.611431 5.730896 0.466938 -3.776843 -8.969290 -3.531860 1.534076 8.462790 10.797459 -6.922783 3.353190 1.275869 0.944810 -22.067482 9.143777 -16.013329 10.180618 -17.868589 3.609551 -3.090868 21.765924
-16.848387 7.354236 20.090445 16.968508 13.788682 -11.874993 -7.849609 9.844699 -5.815381 -25.661119 8.125746 0.068546 -4.356871 -5.286533 -3.999058 0.733323 9.390257 8.645720 -7.586093 6.307536 0.888707 -2.785514 -17.171873 3.146797 -15.455858 14.031778 -19.947996 3.117386 -0.107905 5.768100
-16.306206 1.554261 14.562294 19.582422 12.581638 -13.183753 -7.791656 12.279761 -4.132553 -19.428534 9.371873 0.886092 -5.512730 -3.940885 -4.505787 0.118867 10.125479 5.665195 -5.914705 5.132067 0.414892 -5.499771 -8.241483 1.474028 -13.708010 17.557568 -21.216906 3.795753 -0.497610 -1.158985
-17.080692 -0.932003 14.223412 18.590113 9.561670 -9.601544 -9.661144 13.087453 -3.850910 -19.644308 9.416185 -0.275010 -5.132954 -3.533868 -4.670168 0.039734 9.903631 5.630465 -6.581882 5.967106 0.489846 -6.759618 -6.521214 -2.710807 -15.642589 17.082533 -18.486570 6.960286 -2.519542 2.380626
-17.567825 -1.035572 14.399317 17.931995 8.682588 -8.393023 -10.136855 13.259315 -3.348026 -18.786459 9.224685 -0.214663 -4.981636 -3.387773 -4.318666 0.055524 10.012323 5.999044 -6.637442 5.948893 0.327760 -7.045008 -7.154579 -3.134599 -15.639214 17.262075 -17.812111 7.474422 -3.039337 3.293693
-18.536411 -0.742312 15.228427 16.621405 9.419064 -7.158026 -10.034329 14.603184 -1.472085 -15.802655 9.002786 -0.400740 -5.022987 -3.249395 -3.616354 0.051226 10.470608 6.119205 -6.685472 5.660534 0.748062 -8.449291 -7.717748 -2.116035 -14.723437 16.298876 -17.635042 7.151991 -2.780963 4.960293
-18.678413 -0.403483 15.438965 16.142263 9.619058 -7.341539 -10.049116 14.922910 -0.983652 -15.020167 8.784989 -0.595082 -5.038524 -3.182926 -3.530505 -0.298243 10.691692 6.132273 -6.772142 5.665100 0.959485 -8.704235 -8.130469 -1.835848 -14.477749 16.315268 -17.975393 6.800632 -2.498368 4.753259
-19.375229 0.021857 15.563128 15.873103 10.061202 -7.727731 -10.225080 14.713601 -0.814875 -14.630400 8.769495 -0.559789 -4.989609 -3.239391 -3.268840 -0.355373 10.702528 6.223903 -6.604178 5.441978 1.006348 -9.040859 -8.239862 -1.321663 -13.941590 16.008024 -18.046099 6.812832 -2.823970 5.294878
-19.469316 0.053360 15.669438 15.772047 10.010105 -7.488317 -10.338871 14.723187 -0.938907 -14.605090 8.749763 -0.590347 -4.960152 -3.291147 -3.184420 -0.330298 10.676966 6.340956 -6.540959 5.403485 0.944689 -9.000542 -8.335661 -1.230256 -13.945780 15.935354 -17.969797 6.725450 -2.767553 5.434915
-18.536472 -0.287717 15.473409 16.351065 9.946102 -7.627355 -9.992846 15.001906 -1.005816 -15.075411 8.783721 -0.513515 -5.088727 -3.226987 -3.519950 -0.293097 10.695803 5.977364 -6.717452 5.619003 0.957409 -8.575912 -8.069115 -1.886839 -14.483612 16.383825 -17.897589 7.130921 -2.718253 4.743623
-19.140314 -0.018140 15.549268 16.003969 9.822793 -7.422686 -10.158279 14.703401 -1.050095 -14.754038 8.799966 -0.547361 -5.023831 -3.200603 -3.374748 -0.411770 10.709290 6.098482 -6.652173 5.492496 0.939441 -8.958919 -8.270111 -1.584981 -14.109140 16.055145 -17.885702 6.901178 -2.829907 5.170113
-18.392803 -0.930931 14.925990 17.017279 9.364822 -7.138913 -10.177150 14.421798 -1.622184 -16.286459 9.021812 -0.383089 -4.986227 -3.210352 -3.774646 -0.019965 10.490349 5.944365 -6.753879 5.749770 0.771079 -8.209454 -7.674996 -2.234942 -14.940035 16.490934 -17.726866 7.263527 -2.745606 4.778596
-18.697105 -0.379653 15.367885 16.014795 9.458973 -7.280797 -10.165504 14.894626 -1.046723 -14.949636 8.765503 -0.610186 -5.013289 -3.209362 -3.537758 -0.296043 10.660057 6.072495 -6.742911 5.682441 0.950196 -8.676773 -8.103429 -1.980440 -14.607002 16.290859 -17.913513 6.776237 -2.460332 4.690117
-18.503906 -0.631919 15.294885 16.356478 9.477247 -7.335670 -10.288777 14.843502 -1.163722 -15.414807 8.819662 -0.358725 -4.906521 -3.263921 -3.574643 -0.103399 10.582043 6.077474 -6.724644 5.652372 0.969386 -8.467451 -7.837689 -2.176121 -14.889177 16.342754 -17.779072 6.859649 -2.491669 4.639566
-18.521805 -0.629583 15.206264 16.440218 9.325890 -7.206413 -10.234550 14.782309 -1.300469 -15.298752 8.814506 -0.368382 -4.895385 -3.248655 -3.572267 -0.111659 10.595808 6.043935 -6.763683 5.681535 0.983470 -8.436291 -7.930346 -2.146502 -14.931437 16.333410 -17.738905 6.893520 -2.484694 4.685961
-18.653225 -0.363840 15.441826 16.200418 9.739118 -7.323104 -9.974475 14.929405 -0.864345 -15.125739 8.760587 -0.704674 -4.990294 -3.195275 -3.568446 -0.364025 10.652792 6.123438 -6.811433 5.629443 0.958014 -8.723660 -8.121125 -1.737130 -14.387131 16.291338 -17.963762 6.800463 -2.573594 4.728141
-18.510044 -0.655611 15.236006 16.544197 9.696325 -7.335673 -10.071074 14.758900 -1.229065 -15.617826 8.933690 -0.346881 -4.962161 -3.242748 -3.636036 -0.043712 10.548141 6.057043 -6.647122 5.617216 0.828391 -8.427045 -7.708254 -2.271175 -14.957386 16.367195 -17.703722 6.953489 -2.530433 4.697702
-18.768066 -0.065933 15.415643 16.147993 9.699892 -7.452529 -10.260491 14.815425 -0.872089 -14.928124 8.765065 -0.604212 -5.035559 -3.272385 -3.601035 -0.388904 10.659044 6.029243 -6.758381 5.620395 1.010626 -8.847055 -8.209942 -1.631471 -14.285271 16.141590 -17.920614 6.801352 -2.568220 5.105641
-18.442459 -0.903924 15.008624 17.024099 9.357672 -7.157679 -10.208104 14.454419 -1.602925 -16.271124 8.980522 -0.401361 -4.979463 -3.216389 -3.745159 -0.029471 10.486755 5.983807 -6.735312 5.738346 0.851369 -8.250322 -7.714506 -2.222997 -14.930391 16.464861 -17.678820 7.258566 -2.707212 4.808055
