1.971606 25.782751 -10.493734 2.904364 4.419969 -4.329450 10.821851 14.258099 19.809675 -3.877554 3.726214 -1.329937 -0.275065 -11.382733 0.657825 -0.042103 -5.314426 7.663358 -4.885254 -5.607576 6.325723 13.000591 -15.940475 1.839353 0.854318 22.703619 8.767382 -22.115015 -3.672962 12.762839
1.530568 25.680597 -10.602693 2.933601 4.066392 -4.854497 11.615312 14.172338 20.524673 -4.007932 3.761152 -1.314879 -0.283706 -11.388051 0.585646 -0.043621 -5.347663 7.673841 -4.914205 -5.578653 6.712957 13.093178 -16.403889 1.419742 1.320211 22.902903 8.947368 -22.355394 -3.754720 12.753919
0.352511 23.231415 -11.722218 2.318480 1.158174 -2.002242 10.172151 14.134949 20.771700 -4.304155 4.447013 -0.803508 0.371076 -10.640821 1.254104 0.269380 -5.512516 6.873764 -4.861952 -5.322981 7.593440 12.340134 -16.742304 2.280185 2.517845 21.884661 10.186419 -20.750425 -5.768261 12.085084
1.196873 24.363068 -10.752870 2.440402 2.179004 -2.514838 11.254163 14.369309 20.475679 -4.732403 4.180932 -1.077320 0.090871 -10.860609 0.828844 0.009564 -5.687119 7.297080 -5.008907 -5.300167 7.477442 13.389290 -16.516718 2.081547 2.148309 22.377750 9.223777 -21.231085 -5.441948 12.291018
0.952694 23.481312 -11.108319 1.742734 0.207895 -0.044895 11.557196 13.999473 20.006453 -5.278165 4.515970 -0.649431 0.405204 -10.330232 1.089839 0.166162 -5.949401 7.054569 -5.101218 -5.229898 8.356299 14.141008 -16.672976 3.105311 2.956305 22.263586 9.110864 -20.228998 -6.884242 11.969216
0.765610 22.434242 -11.414006 1.214022 -1.151865 1.493247 11.682679 14.021930 19.642990 -5.869402 4.890430 -0.150919 0.821162 -9.697835 1.520855 0.408819 -6.303100 7.099309 -5.144150 -4.778625 8.962220 14.761320 -16.486809 3.524195 3.398126 21.889645 8.990694 -19.662268 -8.108051 11.440066
0.579429 21.846115 -11.422879 0.914349 -2.240843 2.974863 12.089648 13.955089 19.271954 -6.287559 5.149172 0.333346 0.961188 -9.381707 1.787647 0.636141 -6.583428 7.187456 -5.129279 -4.433397 9.594874 15.706276 -16.321743 4.225595 3.883558 21.960197 8.404770 -19.180349 -9.052487 10.787150
0.995191 21.371815 -11.300064 0.935517 -2.503909 4.189973 13.225724 13.820714 19.046926 -7.106039 5.323425 0.764642 0.994907 -9.161952 2.031728 0.903449 -6.849755 7.539370 -5.106066 -4.169024 10.335561 16.518126 -16.233624 4.527509 4.033280 21.788174 7.891995 -18.642538 -9.953951 10.250171
1.483924 20.727077 -11.376136 1.146616 -2.865180 5.222853 14.201831 13.750096 19.036837 -7.832794 5.523239 1.002283 1.012804 -8.906322 2.160697 0.986517 -7.116483 7.581278 -5.167762 -3.987877 10.759164 16.446039 -16.195147 5.149364 4.698784 21.607683 7.766357 -18.240864 -10.790405 9.875647
1.958322 20.105217 -11.339122 1.239405 -3.003906 5.898705 14.838655 13.741002 19.183023 -8.516528 5.618225 1.246780 0.723426 -8.802261 2.004698 0.904505 -7.503498 7.657920 -5.195873 -3.884695 11.346923 16.596163 -16.010340 5.660015 5.320815 21.468472 7.830826 -17.418037 -11.688208 9.692296
2.898878 19.404879 -11.461123 1.598594 -2.570606 6.454707 15.518186 13.601609 19.802883 -9.414272 5.673750 1.069552 0.478154 -8.596576 1.616783 0.399925 -8.004665 7.268013 -5.294499 -3.759560 11.693278 15.777606 -16.109829 6.404394 6.283926 21.142763 8.377870 -16.812792 -12.445182 9.960645
3.379383 18.625721 -11.748634 1.990720 -1.707189 6.230449 15.685304 13.511153 20.642406 -10.080347 5.652769 0.730784 0.304291 -8.535112 1.115106 -0.117704 -8.344366 6.844837 -5.466063 -3.775749 12.232124 14.667432 -16.345068 7.326653 6.941981 20.860140 9.096971 -16.331545 -12.600889 10.693362
4.017645 17.489750 -12.028225 2.209705 -0.807170 5.574924 15.251042 13.758241 21.783644 -10.840001 5.627255 0.111760 0.505192 -8.662939 0.508790 -0.540058 -8.720249 6.430390 -5.758175 -3.355770 12.784026 13.724682 -16.233444 7.837248 7.427801 20.617680 9.944147 -15.532720 -12.838183 11.396937
4.475905 16.653387 -12.323464 2.426445 0.693946 4.234822 14.919103 13.912717 22.924057 -11.489470 5.578027 -0.433248 0.776358 -8.652683 0.021536 -0.897389 -8.837395 5.948961 -6.030757 -3.207784 13.070764 12.779375 -16.332661 8.311007 8.175571 20.799185 10.962873 -14.676030 -13.146845 11.660845
4.637242 16.223640 -12.347104 2.133678 2.313660 2.702126 14.327214 14.102232 23.768616 -11.949839 5.563108 -0.965963 1.216511 -8.780982 -0.328070 -1.065646 -8.802727 5.532584 -6.328870 -2.842100 13.571256 11.892113 -16.186247 8.430227 8.772816 20.869936 11.990469 -13.615031 -13.561125 11.851034
4.639986 16.080894 -12.239285 1.632296 3.487398 1.072057 13.548400 14.726231 24.417086 -12.177127 5.561568 -1.658098 1.912560 -8.880575 -0.355264 -1.095772 -8.651354 5.238989 -6.606636 -2.460662 13.835423 11.316699 -16.201452 8.859895 9.547716 21.135473 12.781568 -12.619357 -14.172508 12.042521
4.512513 16.089859 -12.348028 0.967459 4.344218 -0.348100 12.532323 15.130444 24.796505 -12.064968 5.566494 -2.128044 2.658991 -8.961611 -0.242723 -0.927601 -8.434483 5.192360 -6.797393 -1.980888 13.774674 10.727230 -16.252062 8.930004 10.314529 21.578239 13.874661 -11.667761 -14.707190 11.916427
4.152225 16.396976 -12.612508 0.620451 5.320014 -1.884564 11.749178 15.465934 25.198870 -11.814566 5.502542 -2.638945 3.088393 -9.084892 0.003617 -0.800408 -8.145412 5.443510 -6.866702 -1.548298 13.800252 10.201899 -16.419420 9.117700 10.928642 21.825655 14.626792 -10.863830 -15.149952 11.622723
3.428642 16.582180 -12.592325 0.346675 6.436780 -3.038509 11.599795 15.539725 25.265654 -11.639679 5.389002 -2.899386 3.627367 -9.225852 0.242885 -0.659606 -7.808140 5.779558 -6.803183 -1.004672 13.544690 9.108094 -16.492548 9.118632 11.514226 21.751818 15.631700 -10.675021 -15.465227 11.148730
2.680779 17.070709 -12.419222 0.350440 7.162904 -4.136681 10.988204 15.715534 25.473934 -11.138253 5.205674 -3.142204 3.920089 -9.421782 0.396211 -0.572594 -7.563756 6.175877 -6.760691 -0.713855 13.341439 8.473150 -18.027756 9.335407 11.887255 21.536749 16.864859 -10.444329 -15.654425 10.623691
2.293757 17.207916 -12.252485 0.059567 7.341528 -4.429742 11.031266 15.552305 25.149984 -10.955063 5.203491 -3.135624 3.975639 -9.435957 0.477602 -0.571694 -7.460064 6.366040 -6.789515 -0.523077 13.242274 8.027205 -18.419279 9.462700 12.196573 21.525583 17.178946 -10.308761 -15.665031 10.249137
2.204306 17.361435 -12.296350 0.024335 7.450960 -4.550309 11.141069 15.438897 25.061716 -10.846348 5.184832 -3.057570 3.886464 -9.438217 0.460691 -0.557522 -7.449695 6.435898 -6.770391 -0.595966 13.128801 7.951595 -18.519609 9.438905 12.191749 21.497169 17.251402 -10.372087 -15.605576 10.299635
3.683907 16.689648 -13.935152 0.385237 4.448669 -1.945964 11.813457 13.889707 24.600283 -10.489510 5.456080 -2.402438 2.771453 -8.887806 0.035270 -1.128060 -8.200598 5.431377 -6.567302 -2.137257 12.691599 10.077253 -17.391161 7.367069 10.168230 21.405718 16.407930 -11.078127 -14.617897 11.448400
4.097239 19.173508 -15.286421 -0.553320 -0.328992 0.761009 12.569972 11.631486 21.470787 -7.827055 5.564816 -0.324086 0.241888 -8.024848 0.512509 -1.752894 -8.809368 5.038249 -5.313912 -5.109573 10.973266 12.245026 -16.518934 2.589982 6.253851 20.014715 15.424827 -13.538810 -13.504027 10.950420
4.073392 20.529701 -15.463546 -2.115278 -2.435853 0.798749 10.552896 12.144362 20.668028 -6.852284 5.723286 -0.188393 0.484023 -7.844335 0.922790 -1.775134 -8.516865 4.790195 -5.042339 -5.321815 10.396340 12.488866 -16.040611 1.024812 4.995149 19.826128 15.272168 -14.537303 -13.330385 9.747714
3.539491 21.489769 -15.890138 -3.175432 -4.434812 0.887597 7.998549 12.939977 20.272795 -5.981771 5.836945 -0.036038 0.793308 -7.614241 1.102321 -1.723638 -8.250309 4.363763 -4.941714 -5.482155 9.940188 11.779432 -15.335017 -0.397409 4.379230 20.054781 15.341388 -15.127386 -13.138332 8.100515
2.565004 21.840956 -15.884729 -3.610415 -5.314627 0.728421 6.879795 12.984178 19.672884 -5.173399 5.892367 0.244645 0.837260 -7.538516 1.266874 -1.736355 -7.872699 4.089510 -4.712956 -5.656591 9.784757 10.983165 -15.252000 -1.076840 3.933326 19.643747 15.776712 -15.511394 -12.731595 8.074228
1.568126 22.556864 -15.388430 -4.558472 -6.617856 0.954664 5.554578 12.632182 18.748209 -4.000312 5.919565 0.623575 0.519329 -7.586990 1.077513 -1.791190 -7.527544 3.523304 -4.530826 -5.929454 9.436413 9.900640 -15.236997 -2.009186 3.458014 18.346766 16.665815 -16.048273 -12.222133 9.181458
1.108711 23.867231 -15.525205 -4.888780 -8.332790 2.823892 5.607759 10.989822 17.606602 -2.675781 6.133576 1.661130 -0.049920 -7.990184 0.937046 -1.351668 -7.318760 2.906271 -4.264564 -6.480594 9.636449 8.715460 -15.500972 -2.897216 2.275260 16.728693 17.455114 -17.029964 -11.599772 10.718308
0.670772 24.504091 -15.229513 -6.131492 -10.940142 5.262252 6.181788 10.063029 16.189657 -2.205261 6.240036 2.216605 -0.285524 -8.075500 1.411594 -1.003536 -6.791984 2.663338 -3.911390 -6.938588 9.634395 7.895119 -15.363470 -3.267069 1.732655 15.722716 17.982450 -17.591415 -11.622539 11.328204
0.658746 24.514862 -15.223193 -6.147264 -10.891348 5.216576 6.192750 10.066753 16.201281 -2.195267 6.238431 2.178617 -0.269099 -8.049199 1.407788 -1.019521 -6.802019 2.660888 -3.930108 -6.923392 9.669801 7.932818 -15.358567 -3.267101 1.719565 15.711784 17.970274 -17.614811 -11.594372 11.314004
0.677950 24.442980 -15.153239 -6.194941 -10.841568 5.215049 6.162439 10.166734 16.166067 -2.293026 6.231651 2.190917 -0.248831 -8.050001 1.399981 -1.034147 -6.817874 2.658887 -3.913268 -6.901840 9.676835 7.932625 -15.358813 -3.161810 1.795221 15.775624 17.948923 -17.604713 -11.625692 11.225984
0.679477 24.449713 -15.158072 -6.111690 -10.732643 5.182370 6.235115 10.184270 16.213762 -2.331059 6.223534 2.147325 -0.217634 -8.046867 1.365344 -1.049982 -6.856846 2.670604 -3.946195 -6.845499 9.630857 8.060430 -15.372449 -3.096162 1.804283 15.863557 17.870071 -17.637037 -11.579892 11.246091
0.717426 24.321335 -15.141015 -6.133458 -10.688968 5.167768 6.221350 10.257193 16.190451 -2.405673 6.217288 2.194768 -0.263271 -8.065238 1.325089 -1.003224 -6.906080 2.769365 -3.982337 -6.779841 9.615282 8.026726 -15.359819 -3.148935 1.758853 15.843586 17.916618 -17.621277 -11.536390 11.365888
0.731144 24.373575 -15.081340 -6.131631 -10.664728 5.110559 6.252370 10.293017 16.194782 -2.426386 6.213748 2.182961 -0.262232 -8.063386 1.308599 -1.006421 -6.903218 2.777887 -4.010702 -6.795575 9.622472 8.065572 -15.373153 -3.129344 1.759323 15.852155 17.923410 -17.583384 -11.539711 11.402356
0.736168 24.277136 -15.145165 -6.155916 -10.690199 5.101298 6.090443 10.330745 16.249332 -2.435937 6.225817 2.227848 -0.278682 -8.068413 1.300390 -1.014568 -6.878393 2.767827 -3.987284 -6.790632 9.647660 8.091858 -15.359477 -3.167223 1.724838 15.826338 17.967794 -17.540728 -11.577334 11.527997
0.750395 24.302521 -15.128740 -6.163307 -10.662411 5.124265 6.165494 10.306634 16.207590 -2.444003 6.211664 2.200536 -0.306001 -8.080810 1.295835 -0.996723 -6.900542 2.806522 -4.008134 -6.777951 9.592216 8.042335 -15.402930 -3.138722 1.759888 15.897219 18.036869 -17.546324 -11.557596 11.558684
0.765139 24.351341 -15.128291 -6.144518 -10.610600 5.082131 6.176958 10.321168 16.249828 -2.474176 6.212939 2.203273 -0.321582 -8.072301 1.275898 -1.016479 -6.905100 2.789484 -4.010319 -6.799160 9.654154 8.100371 -15.405463 -3.157701 1.742090 15.838330 18.009104 -17.516239 -11.587351 11.559956
0.721156 24.366816 -15.145476 -6.005789 -10.525517 5.076918 6.302143 10.277864 16.270632 -2.435295 6.216741 2.190899 -0.251382 -8.064927 1.320048 -0.972558 -6.900871 2.809761 -4.010483 -6.764100 9.587100 8.059132 -15.420768 -3.130907 1.782262 15.914668 18.000099 -17.561573 -11.547535 11.505831
0.760808 24.367477 -15.238811 -5.938347 -10.366011 4.942601 6.173944 10.238507 16.373398 -2.375849 6.236331 2.182913 -0.256072 -8.030602 1.319916 -0.999710 -6.922545 2.777569 -4.010043 -6.768427 9.509957 7.935336 -15.443205 -3.132095 1.812362 15.860664 18.053068 -17.637045 -11.531106 11.594221
0.765161 24.400866 -15.285403 -5.976956 -10.308985 4.890894 5.884818 10.285755 16.348526 -2.357586 6.238432 2.065879 -0.226038 -8.061483 1.297793 -0.995782 -6.948601 2.787106 -4.073439 -6.716763 9.603690 7.670240 -14.105903 -3.297748 1.831517 15.922647 17.471146 -17.690447 -11.577719 11.804145
-0.284903 24.299156 -15.277946 -7.498377 -11.780886 6.392685 5.236856 9.831069 13.506553 -1.338031 6.281373 1.732615 -0.102318 -7.514013 2.315973 -1.230632 -6.250689 2.459049 -3.615669 -7.701644 9.941496 8.797740 -12.958833 -3.946040 1.429228 15.036974 16.685711 -17.887133 -12.551193 10.433442
-2.463350 23.398516 -14.973296 -9.910167 -12.071747 7.225889 5.971975 9.511153 11.031056 -1.717775 5.804236 -0.761666 0.438274 -6.683359 3.724724 -3.165041 -5.560270 2.196513 -2.809724 -8.404872 9.466102 10.402934 -12.229812 -5.537539 0.700327 14.931173 15.930270 -18.029968 -12.676514 8.864416
-4.364125 23.522381 -15.112279 -10.747046 -11.232084 5.998723 7.006668 8.859332 10.779741 -1.502342 5.621388 -1.971763 1.150754 -5.967658 4.118773 -4.077100 -5.425572 2.014800 -2.788018 -9.236515 8.987666 11.599577 -13.005226 -6.324961 0.421755 14.978981 16.576191 -18.177338 -12.777960 5.605693
-4.335735 23.393259 -16.111179 -12.498603 -9.729994 5.414205 4.852458 9.017369 8.563821 -1.130688 5.555305 -2.284134 1.563816 -5.479497 4.406492 -4.137594 -5.900110 2.269133 -2.925375 -9.685980 7.534904 11.214437 -10.916324 -7.771832 0.877912 15.532104 16.188162 -18.827049 -13.917513 2.958841
-4.581987 22.687128 -17.109110 -14.604854 -8.834003 3.909245 4.192942 8.182837 7.319838 -0.986699 5.308187 -2.619612 2.022312 -5.086355 4.762472 -4.206918 -5.877641 2.971883 -3.044192 -9.906048 5.806363 11.922247 -7.660873 -8.514288 1.380115 15.767004 14.125305 -19.706827 -15.393715 1.914967
-4.859369 22.512630 -17.801641 -16.270700 -9.575074 3.419105 4.647280 7.734772 7.342117 -0.998317 5.385925 -3.323685 2.714668 -4.547374 5.466628 -3.947365 -5.260011 3.615202 -3.584932 -10.066378 5.813997 14.635864 -8.801862 -8.777734 0.901809 15.731927 12.922343 -20.146814 -15.812538 -0.563953
-5.207120 22.684914 -18.588039 -17.780169 -10.592192 2.866282 5.694402 6.982583 7.355863 -0.909116 5.634376 -3.619384 2.741496 -4.082204 6.054222 -3.596546 -4.943308 4.323545 -4.178737 -10.293815 5.209526 16.233746 -9.106493 -8.469323 0.635623 16.372210 11.562877 -22.144072 -16.004337 -4.076601
-5.096760 22.678715 -19.598743 -18.758051 -10.262475 1.777533 6.413920 6.073118 6.969131 -0.672610 5.963326 -3.482090 3.089775 -3.655151 6.565169 -3.135536 -4.472113 5.069757 -4.729414 -10.588863 3.389994 16.191629 -9.382798 -8.771330 0.970268 16.490389 10.720460 -23.833288 -16.646585 -5.404456
-4.418133 23.214352 -19.661602 -19.415377 -10.075188 0.341375 7.150869 4.907720 6.368005 -0.015645 5.679123 -3.585315 2.930107 -3.357929 6.873569 -3.138259 -3.999805 5.939949 -4.558495 -10.903366 1.795936 17.068556 -9.561543 -9.037420 1.009795 16.849901 9.627780 -24.603308 -16.896719 -6.010454
-3.971967 24.152208 -20.401857 -20.407030 -11.004479 0.559821 7.721797 3.617498 5.829573 0.515795 5.594244 -3.608948 2.778428 -2.843060 7.326515 -3.169350 -3.972557 6.642680 -4.420043 -11.154202 1.137950 19.414902 -9.910227 -8.757323 0.864084 16.592443 7.903760 -24.776257 -17.791016 -6.544522
-4.272378 24.478785 -20.679195 -21.154417 -10.878986 0.737255 10.147534 1.587683 5.454285 0.649203 5.632757 -3.206052 2.468534 -2.572222 7.559848 -2.887007 -4.099595 7.151717 -4.383366 -11.415108 0.777521 20.205414 -9.229736 -7.704739 0.721220 15.619055 8.821089 -26.434603 -16.596889 -6.630315
-4.502291 24.408003 -21.032314 -21.451635 -9.026576 -0.204701 11.370314 0.059612 5.247180 0.943812 5.884274 -2.214084 2.181522 -2.502421 7.744055 -1.744108 -3.962958 8.105672 -4.740991 -11.368176 0.924476 18.099276 -8.733247 -5.128458 1.624860 15.182524 10.546731 -29.514044 -12.842859 -6.075064
-4.696298 24.570797 -22.075087 -21.409815 -7.040610 -2.280454 10.516105 -0.919588 6.066475 1.719302 5.880651 -1.644169 1.850697 -2.204267 7.794937 -1.356482 -4.313418 8.736298 -4.849940 -11.484729 0.765112 20.078199 -10.122753 -3.055245 1.893354 16.191483 9.227057 -30.176239 -12.098749 -6.134912
-4.813407 24.146231 -23.452225 -22.699287 -5.544314 -4.324338 9.077018 -2.043499 6.553364 2.460114 5.678305 -2.534951 1.663181 -1.417457 8.063389 -2.108848 -4.926001 9.551327 -4.961906 -11.815392 0.054442 22.955938 -10.332614 -3.069649 2.543685 16.931881 6.024363 -28.991810 -14.015041 -5.379827
-4.531071 24.060791 -23.911406 -22.692249 -4.939950 -4.527001 8.385854 -2.251338 6.399089 2.555653 5.674479 -2.641755 1.877888 -1.288320 8.141826 -2.102793 -5.018056 9.658095 -4.998330 -11.728147 0.282249 22.723700 -9.426381 -2.561076 3.179614 17.272146 5.925806 -28.423094 -14.162439 -4.378411
-4.931148 23.680477 -24.890051 -22.063971 -3.497658 -5.680161 8.549382 -2.468661 7.068112 2.310501 5.504709 -2.932036 2.046571 -1.146165 8.338615 -2.362425 -5.366952 9.782826 -4.732776 -11.514732 0.289901 23.176382 -10.390452 -1.779064 3.403160 17.572542 5.355383 -28.370214 -14.357300 -4.897162
-4.955113 23.383301 -25.443531 -22.004583 -2.467676 -6.492322 8.630031 -2.641803 7.633297 1.996843 5.328279 -3.473836 2.311270 -1.058842 8.510080 -2.631488 -5.485505 9.798951 -4.533610 -11.405455 0.857661 24.006886 -12.110289 -0.741151 3.951765 17.636709 5.641973 -27.566572 -14.804115 -5.185869
-5.038073 23.828632 -24.409094 -21.541367 -3.062862 -5.160023 9.429839 -1.940679 7.085486 1.760793 5.389209 -2.891439 2.515574 -1.329988 8.389783 -2.329113 -5.353806 9.406857 -4.431098 -11.109093 0.896473 21.583664 -9.947226 -1.285716 4.020694 17.850874 6.373184 -27.825972 -14.102867 -4.687877
-5.128022 23.558372 -24.429071 -21.279791 -3.093923 -4.914777 9.533437 -2.252293 7.132375 1.737009 5.398877 -2.964899 2.317097 -1.384752 8.303793 -2.272377 -5.346956 9.062481 -4.428805 -11.194580 0.894592 20.237490 -8.857525 -1.399449 4.339226 17.465158 6.889339 -28.351007 -13.748800 -4.683351
