-8.064447 22.961132 -21.325525 13.186840 -7.383295 2.644037 8.678763 9.649343 16.507504 8.440994 -3.450515 6.443476 -0.587533 -9.653926 9.769310 0.081013 -1.804201 -0.134320 -4.961236 -6.138476 11.168533 13.438642 -15.613544 -13.233209 -14.416219 9.363516 10.738614 -24.621315 -1.520794 12.456073
-8.059910 22.988281 -21.328728 13.211922 -7.351697 2.613189 8.679947 9.641180 16.503847 8.417093 -3.492875 6.484921 -0.573768 -9.664711 9.814365 0.110226 -1.792681 -0.153538 -4.984487 -6.115381 11.755567 13.535002 -15.528273 -14.067740 -14.367252 9.077522 10.796733 -25.004477 -1.553490 12.553578
-9.924247 22.093262 -19.144045 13.486444 -5.752128 4.111966 9.313056 9.184051 17.552576 8.527691 -2.158797 6.402998 -1.000356 -9.876270 8.655016 0.554806 -1.008928 -0.032286 -4.595618 -5.861278 9.725867 13.218624 -16.629229 -13.944392 -15.621779 8.456213 8.205856 -22.750874 -3.021235 13.151452
-10.484417 21.097351 -17.572023 14.856261 -4.687243 4.413699 10.455474 9.419518 18.247774 8.868661 -2.111317 6.531562 -1.176096 -10.179253 8.445970 1.063643 -0.608607 0.202158 -4.602221 -5.387779 9.576546 12.786114 -17.020552 -14.287015 -16.234547 8.686853 7.420505 -20.828901 -3.178716 13.889119
-11.712571 19.624084 -15.627728 15.816558 -3.301195 4.580166 11.751808 9.874909 18.757559 8.968382 -1.597401 6.752812 -1.603418 -10.368854 7.885659 1.584391 0.029555 0.316546 -4.616145 -4.908015 8.584917 12.145443 -18.005836 -14.982183 -17.035585 8.625103 5.620436 -18.753283 -3.912828 14.392306
-12.296456 18.127316 -13.979123 16.994143 -2.234480 4.562139 12.842836 10.634044 19.163679 9.068373 -1.444976 7.031397 -2.018746 -10.483870 7.527264 1.933427 0.699967 0.268137 -4.861303 -4.393597 8.662257 12.211388 -18.364672 -15.700933 -17.318129 8.868455 4.678052 -17.390337 -4.113418 14.162030
-12.493339 17.161983 -13.231784 17.967020 -1.811472 4.402697 13.552417 11.188180 19.256329 9.186289 -1.523259 7.188808 -2.294996 -10.602995 7.443440 2.224354 1.158601 0.341420 -5.068565 -4.163187 8.561497 11.929867 -18.836843 -16.616169 -17.072208 9.079311 3.954778 -16.907251 -4.781143 14.369443
-12.619996 16.438467 -12.374400 18.589949 -1.369919 4.247332 14.136237 11.779321 19.306368 9.420063 -1.634477 7.040257 -2.492087 -10.644447 7.409392 2.248948 1.444692 0.409514 -5.029635 -4.074501 8.594922 11.762135 -19.016260 -17.525692 -16.678846 9.465394 3.535520 -16.480831 -5.039362 14.313096
-12.785173 16.297598 -12.093233 18.988756 -0.932087 4.016803 14.636914 11.784855 19.374157 9.794683 -1.881434 6.992231 -2.721171 -10.799225 7.336044 2.231550 1.811599 0.491600 -5.010611 -4.046149 8.444561 11.166909 -19.482935 -18.102310 -16.445744 9.489475 3.059340 -16.478737 -5.075967 14.541880
-13.066818 16.537775 -11.510379 18.793194 -0.608310 3.726945 14.793750 11.933576 19.356688 10.424410 -2.209775 7.183324 -3.049231 -10.796139 7.376059 2.139407 1.969497 0.259988 -5.156449 -3.804196 8.747552 10.593508 -19.863981 -19.191841 -15.754159 9.657444 2.806559 -16.199299 -5.371352 14.945290
-13.438973 16.655071 -10.750400 18.447786 -0.310433 3.483287 14.950181 12.037124 19.328413 11.239134 -2.639027 7.467496 -3.442710 -10.794578 7.470941 2.029793 1.986474 -0.011687 -5.323061 -3.548515 8.738594 10.087491 -20.497757 -20.548594 -14.857667 9.868112 2.142361 -16.465546 -5.828253 14.801972
-14.191536 17.482290 -10.109624 18.023142 -0.128311 3.295122 15.157342 11.634456 18.996147 11.739378 -3.104126 7.741414 -3.992328 -10.817867 7.343713 1.703511 2.028107 -0.392626 -5.378043 -3.274841 8.417460 9.747744 -20.972094 -21.475328 -14.350056 10.093224 1.757202 -16.747595 -6.100844 14.774198
-14.605779 18.291996 -9.797106 17.470415 0.001195 3.102628 15.123603 11.399270 18.595617 12.155798 -3.520270 7.987293 -4.337229 -10.817879 7.311108 1.438179 1.893841 -0.907360 -5.491447 -3.011497 8.103532 9.582153 -21.417168 -21.745644 -14.233924 10.017921 0.930583 -17.074406 -6.309002 14.206141
-15.194455 19.166235 -9.434728 16.794231 0.163564 3.264089 15.290054 10.816801 18.368404 12.518255 -3.684886 8.234479 -4.887885 -10.846322 7.085723 1.113543 1.838268 -1.203063 -5.339736 -2.846060 7.887489 9.138557 -21.919367 -21.760220 -14.026920 9.861735 0.465385 -18.008289 -6.038955 13.602839
-15.479176 20.288872 -9.243465 15.937576 -0.182218 3.322376 15.262080 10.180552 17.801023 12.750959 -3.979795 8.460114 -5.229990 -10.753927 7.101445 0.764746 1.605196 -1.595483 -5.338781 -2.576831 7.978691 8.710445 -22.326632 -21.397308 -13.699072 9.396578 -0.215303 -19.252808 -5.666261 13.033482
-15.570132 20.945171 -8.924088 15.150486 -0.581880 3.997315 15.341567 9.875319 17.543379 12.805208 -3.960898 8.577666 -5.568913 -10.693424 6.886333 0.295311 1.302344 -2.064755 -5.158559 -2.410334 8.130456 8.323700 -23.551916 -21.025312 -13.265108 8.851588 -0.134366 -20.783218 -5.541106 12.521376
-15.572736 22.362076 -9.040397 14.233982 -0.932750 4.009973 15.101975 9.476495 17.053976 13.091153 -3.960202 8.646416 -6.153065 -10.553881 6.822565 -0.320219 0.931063 -2.328414 -4.905902 -2.581370 8.608182 7.798006 -23.607016 -20.276133 -12.849494 8.209373 -0.560307 -22.652147 -5.002571 11.628613
-15.447215 23.337929 -9.217854 13.490819 -1.363618 4.191206 15.167012 9.146303 16.803968 13.471823 -3.990541 8.661353 -6.346792 -10.257435 6.945138 -0.845638 0.660025 -2.534422 -4.874110 -2.807069 8.429629 6.734415 -22.742140 -19.767979 -12.249836 7.714565 -0.669110 -24.505957 -4.549078 11.965317
-15.300858 23.950439 -9.548381 12.902338 -1.675906 4.597477 14.831889 8.895975 16.554035 13.513909 -4.152012 8.657066 -6.407191 -9.947556 7.233724 -1.232458 0.361619 -2.806490 -5.003604 -2.994579 8.688177 6.554092 -23.528246 -18.809635 -11.858454 7.070166 -0.159917 -25.789633 -4.142216 11.867797
-15.073170 24.930387 -10.046851 12.440383 -1.911195 4.882730 14.247583 8.370017 16.301100 13.575701 -4.033135 8.588301 -6.352112 -9.750040 7.350260 -1.449307 0.183175 -2.948795 -5.036416 -3.120223 8.743606 6.417832 -23.516897 -18.412363 -11.406896 6.836489 -0.101429 -26.696159 -4.112826 12.161545
-15.164261 24.790310 -9.993142 12.454822 -1.805318 4.914702 14.184802 8.321495 16.300961 13.425873 -4.025331 8.673656 -6.327513 -9.730275 7.360075 -1.440086 0.184442 -2.933438 -5.027874 -3.093178 8.789865 6.447551 -23.618681 -18.672121 -11.236349 6.964471 -0.170579 -26.722532 -4.054514 12.153618
-15.182178 24.808479 -9.990773 12.437605 -1.805904 4.929628 14.174428 8.303617 16.288893 13.424630 -3.992280 8.674890 -6.343492 -9.705148 7.356737 -1.447171 0.213277 -2.935756 -5.034298 -3.111057 8.831954 6.496221 -23.570955 -18.654324 -11.248594 6.986027 -0.128497 -26.686403 -4.055130 12.126891
-14.082442 23.654415 -9.140773 14.644236 -2.274812 0.969225 15.620097 10.186887 13.889253 14.012369 -4.636046 8.013376 -6.059273 -11.331766 6.393959 -0.850635 0.989512 -2.821226 -3.823182 -1.604526 9.446357 6.144022 -23.294682 -20.555914 -13.631100 8.539696 -0.669553 -21.671412 -3.678066 9.389379
-12.784856 20.292953 -9.780510 17.554258 -1.873592 -1.396101 14.922463 12.352294 14.536334 13.241328 -4.607314 7.267293 -5.409871 -12.273658 6.106374 -0.290519 1.679049 -1.804739 -2.987749 -1.131444 10.646694 5.906607 -21.851095 -21.729439 -15.166725 10.162943 1.541618 -17.140787 -1.446566 9.736690
-12.612130 19.285666 -9.016900 16.285442 -3.731016 -1.836013 14.153810 13.963596 14.254637 12.411089 -3.866242 5.954515 -4.580225 -12.726470 5.942961 -0.214348 2.016118 -0.814973 -1.957956 -1.242526 11.834632 5.594263 -21.132620 -20.304249 -16.071899 10.030637 2.931915 -15.841613 0.294572 10.332770
-12.240630 18.404194 -8.544391 13.756086 -6.044961 -2.074221 13.245128 16.168243 12.710732 11.612814 -3.071384 4.414896 -3.722530 -12.764418 5.691644 -0.651073 2.065500 -0.314757 -1.233252 -1.931712 12.623910 5.428885 -19.884235 -18.583481 -17.232382 9.595616 4.163562 -15.318395 1.580595 9.612631
-12.057654 18.701443 -8.919321 12.630604 -6.909954 -2.814503 11.816636 16.542852 12.068612 11.346712 -2.822858 3.935509 -3.600958 -12.729137 5.656265 -0.809045 2.059748 -0.009889 -1.012833 -2.411106 12.953708 5.422585 -18.777779 -17.318272 -18.207741 9.770472 4.888873 -15.132781 2.595805 9.205719
-11.390761 20.054386 -9.715345 12.160946 -8.469445 -4.572406 8.597535 15.887322 11.065589 10.685104 -2.620524 3.562063 -3.700814 -13.135317 5.257725 -1.133965 1.531341 0.437836 0.008838 -3.181312 12.915376 4.742260 -17.532713 -16.441442 -19.003939 9.670095 7.780268 -14.842677 4.487213 10.040465
-9.505410 21.228678 -11.527871 12.238252 -10.237279 -6.824653 4.903608 16.281576 10.770116 10.550354 -2.499013 2.866030 -3.021120 -13.625247 5.291440 -1.253398 0.870793 1.314357 1.049801 -3.917538 12.108527 4.256614 -16.251945 -15.644001 -20.412844 9.793237 10.765077 -13.833422 6.103400 10.237128
-9.334652 21.312050 -11.746522 12.347956 -10.322390 -7.191658 4.523347 16.270111 10.847716 10.663128 -2.313310 2.469924 -2.832556 -13.803151 5.264064 -1.256506 0.923072 1.700361 1.377498 -4.036817 11.978017 4.485475 -15.920183 -15.339424 -20.941271 9.965954 11.185813 -13.308934 6.277139 10.070563
-9.323924 21.322262 -11.785535 12.374706 -10.274367 -7.211262 4.613976 16.244305 10.807108 10.640850 -2.301211 2.497288 -2.857410 -13.806191 5.249032 -1.252856 0.901100 1.693136 1.385022 -4.089571 11.938527 4.515490 -15.949152 -15.392241 -20.946821 9.956915 11.127240 -13.316703 6.247331 10.061255
-9.397919 21.299953 -11.809550 12.457728 -10.189257 -7.148105 4.698159 16.136183 10.893596 10.620136 -2.333481 2.566922 -2.902198 -13.794244 5.258284 -1.251927 0.892797 1.642820 1.344197 -4.055745 12.032525 4.511837 -15.984274 -15.501325 -20.817606 9.987719 11.119929 -13.394301 6.216410 10.013494
-9.349895 21.338512 -11.837691 12.509251 -10.195148 -7.084932 4.692572 16.163740 10.906716 10.600605 -2.306143 2.567070 -2.864293 -13.783309 5.288758 -1.208416 0.899503 1.670303 1.334767 -4.017672 12.017795 4.550204 -16.038853 -15.544696 -20.766481 9.990191 11.004605 -13.468811 6.113845 10.006156
-9.368542 21.370811 -11.841739 12.465717 -10.180649 -7.118737 4.745873 16.183950 10.875113 10.638563 -2.309740 2.579463 -2.863865 -13.783987 5.289201 -1.205465 0.893273 1.645149 1.320481 -4.013327 12.008975 4.502651 -15.986629 -15.478694 -20.807577 9.985497 11.091716 -13.466092 6.143781 10.061193
-9.379986 21.419363 -11.901655 12.511382 -10.128343 -7.158783 4.805308 16.135429 10.842661 10.617600 -2.306871 2.597707 -2.860660 -13.783545 5.287826 -1.191422 0.892878 1.630947 1.299832 -4.011346 12.044120 4.557229 -15.998931 -15.515285 -20.655609 9.991887 10.972883 -13.642789 6.074722 9.981973
-9.318599 21.442312 -11.881028 12.462612 -10.210865 -7.144806 4.795903 16.188797 10.894023 10.629438 -2.369526 2.552612 -2.843161 -13.786148 5.324495 -1.230982 0.861431 1.641441 1.303598 -4.092722 12.076893 4.568186 -16.020039 -15.667222 -20.532804 10.036903 10.939015 -13.754721 6.030769 9.969281
-9.205646 21.412251 -11.919468 12.571222 -10.211411 -7.180629 4.745440 16.257925 10.938279 10.616003 -2.386027 2.550005 -2.777354 -13.783927 5.390368 -1.229711 0.815258 1.691371 1.300804 -4.060798 12.037335 4.515651 -16.005159 -15.590892 -20.625940 9.994460 11.004902 -13.758899 6.111490 9.908332
-9.269080 21.443317 -11.872779 12.550727 -10.267028 -7.170955 4.714255 16.207804 10.861726 10.533011 -2.361935 2.569974 -2.782688 -13.770252 5.375020 -1.196772 0.814141 1.680631 1.288921 -4.078374 12.030467 4.527971 -16.003353 -15.591489 -20.622797 9.998024 11.006852 -13.788140 6.085049 9.911268
-9.282840 21.361389 -11.804648 12.562783 -10.350704 -7.165590 4.687207 16.264896 10.971760 10.535187 -2.374789 2.579690 -2.802332 -13.745211 5.389016 -1.211154 0.832981 1.696040 1.263503 -4.081357 11.897283 4.335203 -15.127931 -15.560140 -20.689127 10.031836 10.698010 -13.694030 6.066422 10.263072
-9.269718 21.420654 -11.781216 12.519274 -10.343374 -7.153550 4.656106 16.268473 10.951872 10.537382 -2.377342 2.587112 -2.842371 -13.751895 5.367735 -1.237636 0.849501 1.683163 1.271438 -4.056422 11.939141 4.355679 -15.132812 -15.636854 -20.619129 10.061329 10.721831 -13.710133 6.071175 10.309057
-8.764070 21.461031 -11.647332 12.536822 -9.889309 -6.562993 3.897276 16.382318 10.140725 10.598878 -2.371896 2.582263 -2.837684 -13.731075 5.398702 -1.209354 0.852616 1.701411 1.260584 -4.092557 11.870191 4.233673 -14.695851 -15.613082 -20.645849 10.042744 10.573003 -13.712081 6.096025 10.427003
-8.869335 21.363710 -11.590047 12.472813 -9.972652 -6.422636 3.863927 16.341269 10.172740 10.619014 -2.373107 2.583767 -2.854715 -13.721844 5.406535 -1.203782 0.875463 1.713315 1.243869 -4.091289 11.888369 4.183228 -14.703260 -15.651510 -20.636686 10.066535 10.530406 -13.675319 6.040064 10.421697
-7.926971 19.540657 -12.464755 14.727774 -11.096031 -7.018717 3.174617 16.192526 11.002301 9.420532 -1.468122 1.643695 -1.372446 -13.999060 5.284298 -0.580276 1.344316 2.629940 1.945073 -3.059722 12.529710 5.951930 -14.765115 -13.835048 -22.619478 9.932177 12.926454 -10.772712 6.939664 10.119181
-7.247100 17.240200 -12.835311 16.690763 -12.750609 -7.815729 1.734090 16.606594 12.153402 7.468179 -1.017790 0.747143 0.363189 -13.741781 5.991904 0.039950 2.519904 3.940304 1.750057 -1.421198 14.566653 7.679692 -13.432420 -12.200009 -23.978937 9.695328 13.681914 -7.185245 6.913225 11.117234
-5.595273 16.762978 -12.362948 16.894213 -13.716761 -7.873759 -0.687501 17.931726 10.742299 7.677574 -0.775456 0.458433 1.287787 -13.624039 5.899228 0.517451 3.662450 4.213171 1.264140 -0.473069 16.859861 6.581142 -8.952801 -10.618779 -23.947414 8.784398 11.776915 -3.483946 6.631773 16.040005
-5.132314 16.578384 -10.816028 17.273008 -14.815988 -7.226392 -0.213090 18.181099 10.364003 7.607209 -0.656412 0.231450 1.887924 -13.489080 5.633090 1.111064 4.387024 3.975009 0.748401 -0.199036 18.804380 6.319172 -12.256936 -8.709573 -23.701334 7.723143 12.115779 -1.555097 8.152388 17.986610
-5.479075 14.654401 -8.990036 17.192478 -16.308187 -6.357997 0.409425 18.903770 10.696153 7.053241 -0.672948 -0.070451 2.301956 -13.437374 5.405067 1.607829 5.204855 3.744660 0.262433 -0.036299 20.753527 5.646981 -13.282825 -6.573591 -23.362864 6.697002 10.348556 -2.340238 10.496037 18.277870
-4.464404 12.302177 -8.385127 17.155519 -18.818977 -5.043074 0.114012 20.770205 10.001726 5.007957 -0.493886 -0.667461 3.625767 -13.404608 5.418697 2.132932 5.785709 3.440798 -0.392989 0.152592 23.181381 5.773854 -13.156837 -4.562887 -23.148500 6.053187 8.805118 -4.023354 13.098587 16.556452
-3.261275 9.561131 -9.388928 18.050634 -20.399462 -3.850449 0.379870 22.197769 9.521204 2.658040 0.121109 -1.059315 4.928475 -13.217339 5.138986 2.891308 5.945492 2.419969 -1.517655 0.025450 26.452158 7.913529 -12.495240 -2.458055 -23.215725 5.599901 6.671769 -6.067680 14.965466 14.338746
-2.643636 6.513752 -8.908435 18.914141 -22.499186 -1.996436 0.642689 24.612911 9.272931 -0.005609 0.638979 -1.534341 6.168608 -12.830232 4.714936 3.522115 6.133512 1.017715 -3.009284 -0.455917 28.514000 12.630192 -11.436996 -1.639867 -24.717966 6.283247 3.616204 -5.768312 14.823882 11.726217
-2.836200 4.544503 -6.306210 19.535093 -22.596537 2.171788 1.874942 26.227600 10.718471 -1.449845 0.766924 -2.072774 6.428238 -12.912240 3.915268 3.796898 6.339247 -0.279005 -3.787362 -1.321267 30.302843 16.097464 -12.245130 -0.668979 -26.202471 6.152428 -2.432662 -5.994220 14.734295 10.611432
-3.352300 3.513853 -3.342103 20.220583 -23.147306 6.604233 4.983368 27.437670 11.356696 -2.387408 0.689683 -2.800369 6.035392 -13.009732 2.764856 3.672711 6.722148 -1.566829 -4.308151 -2.446759 30.350847 17.820446 -13.895102 1.342993 -27.614355 5.499359 -7.472004 -6.891628 15.866343 10.241982
-4.547668 2.806803 -1.501477 20.805979 -23.255068 7.572514 8.764905 27.570745 11.978422 -2.598260 0.562263 -2.952347 5.543017 -13.385935 1.991555 3.464501 6.937811 -2.386438 -4.282537 -2.732065 29.390669 18.314312 -16.185648 2.519328 -29.001863 5.201795 -9.606740 -8.054691 18.029358 8.090805
-5.138094 3.893267 -1.733985 21.441055 -20.832354 7.052165 8.872526 26.702978 10.518119 -2.507640 0.497662 -2.260759 4.720844 -13.669964 1.918579 3.474364 6.848017 -2.230462 -4.097394 -2.596096 28.976917 16.628405 -14.878356 1.149024 -28.414461 6.006105 -9.860760 -7.993123 16.432396 9.266035
-5.272919 4.396877 -5.255453 21.921148 -20.329790 2.862929 6.735221 26.042332 9.169958 -2.111115 0.504335 -1.182542 4.756752 -13.809532 2.353289 3.418609 6.239499 -1.770948 -3.410889 -1.674876 29.975046 16.176027 -13.391421 -1.520426 -27.040443 7.522407 -6.344427 -6.731593 14.714121 7.939087
-5.815062 4.906908 -5.097122 21.792412 -19.576998 2.552351 7.122159 25.367102 9.095701 -2.193987 0.530070 -0.754626 4.248864 -13.808207 2.251976 3.379165 6.196133 -1.592322 -3.298049 -1.638419 29.508417 15.671371 -13.273625 -1.454697 -27.096186 7.489667 -6.108569 -7.026774 14.484358 7.975948
-6.055529 4.583183 -4.463583 21.938023 -19.568361 3.217770 7.565541 25.612442 9.069174 -2.109857 0.447434 -0.750780 4.089367 -13.921528 2.067021 3.297671 6.252805 -1.823769 -3.273113 -1.587027 29.269815 15.823885 -14.297301 -1.709992 -27.540560 7.730688 -6.334819 -6.689286 14.592126 7.228260
-6.154099 4.124345 -4.110518 22.328691 -18.647177 3.306376 8.355470 25.556591 9.192266 -2.010136 0.450007 -0.796195 3.723274 -14.017109 1.730730 3.423365 6.376685 -2.174122 -3.398241 -1.685555 29.186771 14.810751 -13.814524 -1.839241 -27.611118 7.862568 -7.006444 -6.533200 14.967945 7.560286
-6.365005 4.348025 -1.211621 22.294756 -18.599541 3.953455 8.886832 26.765806 8.517655 -0.288377 0.356151 -0.740065 2.858373 -14.322721 0.881082 3.229177 6.397700 -2.931064 -3.335707 -2.055974 29.353506 13.057775 -14.454373 -1.695768 -27.973047 7.735735 -7.486974 -5.491514 16.165838 7.629504
-5.477160 4.566030 0.116065 21.881998 -19.880920 3.568350 8.098100 27.349907 9.529387 1.375497 0.234479 -0.743554 2.479688 -14.539328 0.269205 3.203504 6.579326 -3.515086 -3.134161 -1.988062 28.638990 11.658642 -15.787345 -1.587850 -28.217741 7.360648 -6.426165 -3.591632 16.981705 8.931582
