-0.055252 26.080463 -10.306787 4.662759 3.423917 -6.482778 10.178411 12.077842 18.518440 -7.563654 -4.845388 10.601786 3.840511 -7.537109 5.784930 -5.060640 -0.593604 0.817110 -3.069069 -7.516628 -4.900458 8.718199 10.553985 14.821366 -13.347927 20.084169 0.490518 -15.719317 -0.658103 16.527287
0.014636 26.035183 -10.155336 4.653755 3.535820 -6.534545 10.407089 12.140059 18.690466 -7.840710 -4.761374 10.496151 3.651660 -7.604311 5.946924 -4.841246 -0.649807 0.792333 -3.137077 -7.428792 -4.926212 8.741512 10.574000 14.789424 -13.345686 20.113398 0.446589 -15.734593 -0.656902 16.537006
0.460764 26.063704 -14.027797 -1.593490 7.066976 -9.991674 13.089510 7.887263 16.093826 -8.272107 -4.031533 12.155066 1.082835 -3.784107 8.030043 -6.912879 -3.875618 1.484715 -1.606202 -8.938308 -11.874833 4.449785 11.455955 12.423699 -9.652493 20.686489 7.636455 -16.135672 -5.009607 12.063232
0.472261 25.792770 -12.499362 -1.606887 5.533840 -7.583422 14.141116 6.967000 15.875450 -9.040012 -3.620872 12.655098 1.191155 -3.463587 7.397729 -6.549116 -3.741114 1.208248 -2.469417 -8.733278 -10.581123 4.840097 10.769676 12.659091 -9.587536 19.002123 6.874788 -15.276992 -5.713674 13.246632
0.076974 26.888151 -12.212495 -3.204022 3.738415 -6.420280 12.938140 6.884187 15.550163 -8.866349 -3.175858 13.525765 0.735568 -3.817214 6.408014 -6.280432 -3.855545 0.642765 -2.920463 -8.619873 -9.867845 4.777000 10.208684 12.776427 -9.748195 16.870691 7.747826 -14.674649 -7.638371 15.194673
0.143030 27.645666 -12.043142 -3.427062 1.887504 -5.738461 12.541591 7.040022 15.104341 -8.051593 -3.204184 13.313592 0.533710 -4.144071 5.980603 -6.525070 -4.102571 0.685970 -2.950297 -8.426020 -9.215092 5.494162 10.333749 12.268792 -10.572685 16.634441 7.983932 -14.163954 -7.869914 15.722064
0.250894 27.793953 -12.341680 -3.860167 0.059586 -4.773828 12.221192 7.047637 14.520844 -7.709332 -3.559767 12.199349 0.369000 -4.437071 5.615635 -7.235053 -3.866464 0.320110 -3.006957 -8.906661 -8.485042 6.183639 10.679695 11.580134 -11.082747 17.125357 7.989004 -13.286489 -7.812455 15.425620
0.671216 27.164486 -12.662248 -3.573798 -2.047716 -2.837477 12.353456 6.623553 14.249929 -7.836202 -3.785803 11.270544 1.154468 -4.478324 5.506552 -7.241944 -4.024818 0.312428 -3.390985 -8.704832 -7.613294 6.924101 11.497077 10.286790 -12.081570 17.893190 7.512412 -12.949877 -6.887641 13.920091
0.152978 27.046028 -13.045617 -3.354557 -2.342148 -1.769727 13.130565 5.796214 13.568110 -7.495297 -3.789278 10.854710 1.876403 -4.210255 5.500088 -7.150112 -4.155753 0.173206 -3.804629 -8.461429 -7.375253 6.932761 11.894267 9.644740 -11.926412 17.651487 7.801581 -12.862166 -7.205482 11.869255
-0.187527 26.948015 -13.187201 -3.567420 -3.435271 -0.106349 13.486219 5.355203 13.021200 -7.465796 -3.495990 10.785975 2.464593 -3.792069 5.839283 -6.916421 -4.227288 0.097646 -4.168400 -8.287637 -7.146035 7.070207 12.191072 9.454963 -11.703835 17.201342 7.847308 -12.746948 -8.191972 10.527011
-1.592662 26.564243 -13.430769 -3.803743 -4.282010 0.686118 13.246050 5.739426 11.900606 -6.845886 -3.208286 10.533337 2.901157 -3.437609 6.100257 -6.703098 -4.184587 0.194520 -4.682772 -8.100197 -6.524148 8.159294 12.067508 9.474125 -12.053488 16.691351 7.180609 -12.360173 -8.746440 10.357938
-3.004542 26.674534 -14.054653 -4.136577 -4.360177 0.283789 13.154449 5.730821 11.060955 -6.003641 -3.091247 10.191963 2.999764 -3.090281 6.193547 -6.704696 -4.190523 0.636896 -5.161373 -8.198759 -6.263103 9.814323 11.795401 8.607333 -12.644490 15.655376 6.889105 -11.780760 -9.787732 10.575609
-3.628113 27.323547 -15.047477 -4.036854 -5.408239 0.972500 13.650126 4.310032 10.354400 -4.897344 -3.233624 9.522476 2.726064 -3.075683 5.829108 -7.240987 -4.221603 0.681274 -5.377220 -8.393307 -6.522304 10.272452 11.787977 7.514166 -13.575007 14.838108 7.048881 -12.117152 -9.948317 11.137057
-3.735913 27.084881 -15.023880 -4.049285 -6.053105 1.455384 13.590353 4.295588 10.180970 -4.825196 -3.188565 9.573961 2.813391 -3.087956 5.860679 -7.149802 -4.283517 0.721753 -5.399289 -8.301601 -6.528183 10.469177 11.952282 7.444670 -13.522017 14.961609 6.886329 -11.856986 -10.266771 11.058484
-3.814921 26.914227 -15.121258 -3.795021 -5.796928 1.097286 13.530278 4.358573 10.605901 -4.828117 -3.134642 9.419763 2.585108 -3.134074 5.992510 -7.002752 -4.340750 0.677292 -5.461095 -8.260330 -6.499420 10.149197 11.997781 7.468063 -13.511292 14.989407 7.029979 -11.952197 -10.076612 11.142032
-3.788438 27.105579 -15.115536 -3.792992 -6.005116 1.377700 13.723460 4.236483 10.380811 -4.795168 -3.169148 9.224392 2.672692 -3.169611 6.019790 -7.019341 -4.300452 0.701460 -5.520295 -8.253704 -6.468561 10.541396 11.956784 7.395386 -13.592340 14.899361 6.895567 -11.851110 -10.234190 11.108243
-3.721654 27.122643 -14.919694 -3.938739 -5.823943 1.316971 13.702872 4.328749 10.215789 -4.875556 -3.198828 9.461123 2.861393 -3.105367 5.837858 -7.161100 -4.256433 0.673654 -5.435369 -8.299318 -6.481371 10.512337 11.906741 7.383958 -13.544777 14.887461 6.919600 -11.840236 -10.286806 11.150115
-3.708453 27.203054 -14.852843 -4.045305 -5.862320 1.342370 13.694341 4.341602 10.131829 -4.879752 -3.218345 9.415334 2.829069 -3.124801 5.787006 -7.203477 -4.240783 0.688274 -5.455920 -8.288698 -6.548998 10.609137 11.894782 7.303533 -13.614195 14.842616 6.859852 -11.894089 -10.313500 11.123130
-3.715890 27.365734 -15.095127 -3.925483 -5.932775 1.433307 13.705039 4.088443 10.049007 -4.655731 -3.225906 9.330919 2.866944 -3.073448 5.817784 -7.256852 -4.292148 0.667167 -5.441217 -8.286556 -6.523789 10.299416 12.057425 7.298771 -13.604122 14.916492 6.972837 -12.083970 -10.044842 10.921213
-3.804088 26.815413 -14.934107 -3.875507 -5.603035 0.945265 13.528781 4.614614 10.599500 -5.022989 -3.107802 9.387474 2.723079 -3.118695 6.025826 -6.949347 -4.341434 0.638880 -5.492834 -8.166470 -6.499902 10.250759 11.972576 7.449547 -13.460291 15.045558 7.041814 -11.871013 -10.183345 11.162909
-3.892862 26.816734 -15.065329 -3.932196 -5.956000 1.283288 13.824161 4.397814 10.337686 -4.935016 -3.136894 9.393024 2.627246 -3.176055 5.976905 -6.987484 -4.335141 0.695801 -5.467286 -8.233352 -6.482130 10.352106 11.940526 7.378244 -13.498503 14.967678 7.007623 -11.874277 -10.201941 11.061858
-3.826997 26.802786 -15.217568 -3.698226 -6.008410 1.399577 13.726106 4.304041 10.411646 -4.844681 -3.168009 9.107628 2.721025 -3.163304 5.938590 -7.086433 -4.303226 0.636843 -5.575993 -8.220554 -6.392570 10.290680 11.966582 7.301923 -13.633161 14.866850 7.104976 -11.954618 -10.066211 11.085962
-5.087942 25.214388 -14.386159 -7.477200 -9.828024 1.921810 7.825250 6.717210 9.691829 -4.791914 -3.373596 8.149628 3.878343 -3.589983 6.029519 -7.320096 -4.023802 0.094852 -5.443224 -7.547587 -3.255260 10.224981 12.826717 8.563600 -13.770865 14.586070 5.286923 -11.567879 -9.721285 9.657670
-5.424280 20.271441 -14.465681 -10.799265 -12.679721 2.957091 -5.143626 11.155151 10.363572 -6.190401 -3.753583 4.238574 7.077897 -3.313558 5.656821 -9.609209 -3.633631 -2.386637 -5.454944 -5.858531 1.762947 10.691386 12.293489 10.473466 -13.651144 11.256298 1.918698 -10.572242 -11.495404 8.078568
-6.586658 15.147942 -16.733561 -8.296887 -12.920614 3.365969 -5.491195 13.018193 15.171268 -8.582138 -3.353551 3.951154 8.666349 -3.038938 6.090921 -9.063169 -3.354948 -2.006301 -6.000409 -4.371650 5.543835 10.764307 12.459722 11.870713 -14.523015 9.053972 1.052172 -10.598878 -11.809803 7.123402
-6.905334 14.284763 -17.167955 -7.673608 -12.987163 4.114268 -5.381429 13.115463 16.199232 -9.184149 -3.203121 4.304992 8.629286 -2.876318 6.041453 -9.040925 -3.449385 -1.960755 -6.037437 -4.260857 6.166678 11.056320 12.382409 12.016459 -14.727434 8.561666 0.666884 -10.405659 -12.265268 7.085126
-6.924401 14.160681 -17.427679 -7.484880 -12.715117 4.172081 -5.285236 12.998377 16.290174 -9.152906 -3.186791 4.212428 8.763374 -2.910469 6.031565 -8.961843 -3.448192 -2.024556 -6.071314 -4.204330 6.339311 11.100937 12.285829 12.170671 -14.679660 8.425179 0.622278 -10.435857 -12.320840 7.050753
-7.086020 13.546345 -17.753803 -7.213162 -12.459539 4.258838 -5.105872 12.965102 16.582638 -9.293464 -3.098477 4.294706 8.839293 -2.755252 6.125264 -8.855454 -3.467991 -1.808720 -6.264617 -4.088739 6.589015 11.640203 12.075412 12.239936 -14.795324 7.798572 0.323399 -10.457422 -12.777103 6.496727
-7.503746 13.992953 -17.770643 -7.899638 -12.879202 3.977143 -4.809936 12.897735 16.313765 -9.268875 -3.053559 4.045896 8.936215 -2.695486 6.372173 -8.847527 -3.416448 -1.709912 -6.232059 -4.303915 5.873981 12.012279 12.328011 11.964999 -14.756266 8.106471 0.183335 -10.994292 -12.801031 5.843077
-7.570326 14.464304 -17.702980 -8.744961 -13.171457 3.639948 -5.052660 12.790549 15.975336 -9.027475 -3.097021 4.018753 8.939691 -2.656240 6.224670 -8.919921 -3.496377 -1.699667 -6.302033 -4.420487 5.490458 11.795877 12.396420 11.938277 -14.679119 8.267856 0.258982 -11.467869 -12.416578 5.499950
-7.526331 13.875145 -17.785788 -8.168720 -12.772069 4.050634 -4.713786 12.876364 16.329380 -9.390310 -3.027994 4.294090 8.735081 -2.625969 6.238622 -8.784148 -3.486294 -1.590963 -6.319497 -4.341209 5.527967 12.001883 12.149119 11.767234 -14.564477 7.991328 0.581064 -10.745475 -13.209540 5.989378
-7.739368 13.753940 -17.768160 -8.375721 -12.274990 3.847618 -4.256809 12.780799 16.426638 -9.656837 -3.010033 4.343963 8.730974 -2.353005 6.384705 -8.669935 -3.552446 -1.352414 -6.422021 -4.270602 5.502970 12.191992 11.976909 11.847732 -14.688121 7.568273 0.489239 -10.997843 -13.232644 5.873494
-7.772835 13.997200 -18.058252 -9.076383 -12.737262 3.656867 -4.338232 12.292308 16.202934 -9.317873 -2.925288 4.151672 8.635003 -2.165736 6.537986 -8.738958 -3.459068 -1.364408 -6.516103 -4.425732 4.729601 12.247073 12.196223 11.448148 -14.269936 7.737736 0.509294 -11.471665 -13.533190 4.556449
-7.662304 14.130579 -17.950642 -9.319138 -12.754936 3.199434 -3.470800 12.250937 16.007458 -9.460602 -2.882234 4.029963 8.628866 -2.073562 6.582331 -8.722272 -3.571422 -1.355582 -6.640222 -4.498827 3.749899 12.381851 12.398757 11.021086 -13.971299 8.216467 0.917878 -11.790874 -13.778551 3.882290
-8.122432 13.648947 -18.048458 -9.772003 -12.626678 2.671680 -2.296317 11.989532 15.661958 -9.597699 -2.604746 4.310447 8.523274 -1.724553 6.962690 -8.323459 -3.481177 -0.760328 -6.978158 -4.532813 3.428947 12.595469 12.557136 10.916632 -13.656095 8.064229 1.177474 -12.164533 -14.035558 2.752690
-8.060847 13.189960 -17.970142 -9.671037 -12.325748 2.857199 -1.924037 12.077512 15.771281 -9.926397 -2.597551 4.361772 8.392964 -1.620768 7.016893 -8.159821 -3.487449 -0.551224 -7.096354 -4.503133 2.641931 12.352757 12.604890 10.429177 -13.409086 8.102819 1.717589 -11.920448 -14.534932 2.893045
-8.048688 13.020924 -17.740755 -9.884890 -12.051787 2.629839 -1.173543 12.487112 15.171614 -10.244007 -2.506433 4.356157 8.371793 -1.471614 7.098892 -8.074178 -3.545353 -0.457590 -7.261421 -4.633016 2.542293 12.590448 12.623645 10.458728 -13.239972 8.195209 1.857887 -12.155815 -14.765858 2.338498
-8.130554 11.599383 -17.838144 -9.239177 -11.789400 3.137840 -0.998892 13.538215 15.061662 -11.035831 -2.391172 4.642057 8.431046 -1.295308 7.052668 -7.929233 -3.648174 -0.224147 -7.436541 -4.513580 2.936347 12.719390 12.694628 10.369946 -13.474098 7.764563 1.735982 -11.997178 -14.974966 2.253108
-7.904589 11.851170 -17.489145 -9.786041 -12.290033 3.040695 -1.036436 13.706018 13.995617 -10.719731 -2.370530 4.577491 8.412278 -1.234524 7.140831 -7.912372 -3.599498 -0.277940 -7.502518 -4.814210 2.223133 12.631094 12.878040 10.062547 -13.435336 8.599110 1.746806 -12.718913 -14.530415 1.626167
-8.153124 11.888021 -17.485497 -9.613432 -12.266562 2.725370 -0.938671 13.646108 14.374249 -10.604930 -2.413543 4.482765 8.516985 -1.285611 7.172742 -7.901924 -3.538278 -0.241954 -7.503787 -4.702496 2.576038 12.596756 12.877038 10.177287 -13.487991 8.501757 1.727054 -12.365384 -14.587309 1.828734
