-9.340957 23.490448 -21.115366 14.766657 -8.056177 0.999204 6.712526 7.716744 14.086829 4.715920 -3.501603 6.353814 -0.531166 -9.669669 9.795087 0.021028 -1.799738 -0.101867 -4.963449 -6.192660 -0.154544 8.310436 13.310543 -0.569112 -27.638382 7.384026 2.042069 -18.830629 1.645422 17.155605
-9.946973 23.815517 -25.868919 7.700238 -4.512299 -3.344703 9.368155 2.557396 10.855392 5.249765 -2.664411 8.235899 -3.437433 -5.298710 11.694779 -2.503017 -5.238643 0.542714 -3.382234 -8.153832 -6.440195 3.636371 14.927428 -7.505563 -26.992529 4.345678 10.611875 -19.547991 -3.611603 12.130367
-9.463128 23.006931 -24.629246 8.796273 -5.998519 -1.333121 10.117126 2.476703 10.456943 4.934348 -2.675787 8.340694 -2.876977 -5.494361 11.686866 -1.989214 -4.891605 0.442853 -3.667165 -7.601148 -5.739358 4.514955 14.447500 -7.188592 -27.383032 3.676304 9.134643 -19.805136 -3.199986 12.491794
-9.359759 23.437227 -23.553125 8.082623 -6.820712 0.126370 10.674994 1.812638 10.293560 4.409558 -2.328833 8.685789 -2.899392 -5.480721 11.122319 -1.519694 -4.840271 0.233431 -4.379570 -7.530207 -5.050639 4.378134 14.020352 -5.690101 -26.202650 3.283844 9.200330 -18.823671 -4.627800 13.184544
-9.611949 24.113461 -23.310509 7.264771 -7.585340 0.782355 10.019085 1.689360 10.283024 4.415929 -1.954682 9.235206 -3.324265 -5.482521 10.611875 -1.405056 -5.070832 -0.113947 -4.778082 -7.439622 -4.827823 4.584237 13.362037 -3.886203 -25.173353 3.016134 9.077441 -18.287357 -5.783291 14.772850
-9.500246 24.181286 -22.829340 6.498375 -8.652088 1.188186 8.764624 2.482351 10.776877 4.083782 -1.925325 9.339725 -3.661983 -6.137844 10.054282 -1.360390 -5.143348 -0.258560 -4.751654 -7.252774 -4.246890 5.127581 13.081048 -2.793522 -24.466459 3.091850 9.082156 -17.552197 -6.526017 15.403009
-8.888698 24.942562 -22.603640 5.495276 -10.008265 1.757019 8.864743 2.667029 10.285497 3.994311 -2.212227 8.437826 -3.929199 -6.268354 9.583981 -2.141598 -5.173223 -0.333462 -4.905305 -7.482058 -3.876693 5.621006 13.487500 -3.348900 -24.390532 4.585794 9.563893 -16.308075 -6.075117 14.903072
-8.074140 24.608797 -22.801941 4.778652 -11.928488 2.776240 9.240750 2.528211 10.057672 3.602081 -2.519615 7.338558 -3.313217 -6.394292 9.405197 -2.444453 -5.199471 -0.607347 -5.145695 -7.629756 -3.609188 6.536675 13.839691 -2.886840 -23.817739 6.618736 9.095014 -15.226132 -5.787092 14.175691
-8.238923 24.397991 -22.794420 4.186599 -12.522228 3.889469 10.047596 1.978796 9.478710 3.294599 -2.621012 6.872783 -2.465121 -6.161531 9.257963 -2.418333 -5.263291 -0.754765 -5.586251 -7.289245 -3.294972 6.651739 14.318589 -2.498586 -23.217720 7.420356 9.144647 -14.820812 -5.843713 12.625672
-8.236131 24.303894 -22.510969 3.243221 -13.300494 5.169581 9.954067 1.665819 9.299504 2.912417 -2.400803 6.917488 -2.002247 -5.879350 9.605879 -2.200478 -5.364711 -0.758365 -5.784602 -7.107328 -2.977276 6.595941 14.443795 -1.895634 -22.501413 7.590718 9.161626 -14.616160 -6.427023 11.301788
-8.209592 25.091404 -21.811991 2.983476 -13.016102 6.157273 11.585543 1.557012 8.681211 2.396940 -2.058937 6.584470 -1.308447 -5.392071 9.878740 -1.965896 -5.418379 -0.677951 -6.470350 -6.943518 -2.970637 8.124004 13.913095 -1.088585 -21.639612 7.797690 8.455393 -13.713157 -7.840826 10.813398
-8.128278 26.013573 -20.603819 1.616105 -12.351533 5.930743 12.211547 1.588724 8.436688 1.722297 -1.980141 6.338578 -1.225729 -5.115210 10.001072 -1.967644 -5.392925 -0.309763 -6.831137 -6.919642 -3.473822 9.983423 13.315683 -0.171311 -21.167873 8.117628 7.251416 -13.646882 -8.738028 10.564157
-8.256095 26.892258 -19.886324 -0.126690 -11.843357 5.270877 12.574603 1.107725 7.821523 1.350216 -2.044293 5.811677 -1.234756 -4.987197 9.674305 -2.391664 -5.371165 -0.187222 -7.153690 -7.056235 -4.350819 10.304362 13.722993 0.337246 -20.017570 9.507702 7.109664 -13.329234 -9.271038 10.361122
-8.264236 26.831341 -19.653547 -0.568392 -12.101378 5.350196 12.289752 1.276318 7.692137 1.186649 -2.036968 5.628796 -1.205132 -4.908034 9.655835 -2.495252 -5.426644 -0.162966 -7.225672 -7.090658 -4.586012 10.130316 13.845891 0.390816 -19.961487 9.576191 7.201330 -13.452067 -9.242092 10.559487
-8.252151 26.744432 -19.655943 -0.235273 -11.972589 5.257039 12.549644 1.254372 8.127057 1.101509 -2.014935 5.679487 -1.230746 -4.889549 9.643396 -2.474166 -5.440825 -0.206954 -7.219390 -7.062495 -4.720152 9.942318 13.710670 0.497423 -19.802002 9.575979 7.312541 -13.407068 -9.356364 10.737935
-8.226547 26.698067 -19.560246 -0.622519 -12.165475 5.306584 12.349224 1.336534 7.876040 1.013854 -2.035471 5.586504 -1.188340 -4.918360 9.664848 -2.487775 -5.480093 -0.167452 -7.205590 -7.049404 -4.658203 10.186231 13.784317 0.377501 -19.940351 9.585480 7.203885 -13.476977 -9.222026 10.681882
-8.110454 26.783674 -19.508764 -0.691531 -12.055187 5.342449 12.306401 1.296977 7.733439 0.979936 -2.022302 5.614828 -1.167365 -4.931904 9.676779 -2.438490 -5.429819 -0.160983 -7.254812 -7.038509 -4.686067 10.419911 13.691952 0.489543 -19.830976 9.741909 7.036117 -13.330531 -9.329766 10.596375
-8.014135 26.705765 -19.514959 -0.675552 -11.941866 5.283214 12.219970 1.397489 7.843385 0.875089 -2.042415 5.488580 -1.144793 -4.910648 9.641136 -2.512727 -5.432809 -0.204520 -7.301366 -7.069248 -4.668477 10.327875 13.712111 0.556206 -19.682341 9.843426 7.109229 -13.312146 -9.277941 10.477676
-8.118631 26.790167 -19.522856 -0.394500 -11.967434 5.306713 12.303231 1.373312 7.986153 1.010612 -2.024517 5.615486 -1.228177 -4.869590 9.620901 -2.538273 -5.482006 -0.192292 -7.214442 -7.027793 -4.738123 9.940216 13.716653 0.523379 -19.808861 9.622011 7.264807 -13.506810 -9.238195 10.718810
-8.176753 26.717964 -19.553995 -0.359942 -12.056896 5.311638 12.465178 1.353726 8.108012 0.953721 -2.023893 5.637831 -1.186323 -4.895245 9.662717 -2.481804 -5.485045 -0.218398 -7.229314 -6.967846 -4.688460 10.043673 13.737948 0.555203 -19.846392 9.621548 7.205699 -13.517852 -9.203657 10.725127
-8.179686 26.747875 -19.549631 -0.616624 -12.115221 5.301187 12.444121 1.309032 7.925770 0.965137 -2.042094 5.627311 -1.226328 -4.921085 9.686609 -2.467503 -5.469463 -0.161886 -7.231587 -7.026091 -4.709009 10.228848 13.781591 0.518822 -19.830229 9.714191 7.096760 -13.476949 -9.236912 10.531690
-8.189822 26.296539 -19.343773 -0.554319 -12.122087 4.937129 11.795177 1.881763 8.497661 0.691853 -2.086008 5.290718 -0.875641 -4.953475 9.645453 -2.567434 -5.481740 -0.267570 -7.246199 -6.783349 -4.425115 9.887131 13.695715 2.006099 -18.752405 10.397648 6.550576 -13.333516 -9.268238 10.169052
-8.658643 22.854065 -17.382076 -4.501111 -14.962589 4.966316 6.135192 5.603124 9.367057 -1.824648 -2.445765 3.397606 0.362466 -5.406622 9.542539 -3.478624 -4.951382 -1.256145 -7.079906 -6.164593 -1.823879 8.425300 14.298278 5.557010 -17.256483 11.381753 4.576729 -14.397632 -7.635141 7.630094
-6.727638 19.173782 -16.814362 -6.546624 -17.023939 5.364214 0.843951 9.776196 12.934100 -5.598794 -2.497742 0.290314 2.896967 -5.203331 9.779472 -4.598249 -4.691077 -3.206476 -7.373037 -4.720122 2.266331 6.530399 13.492405 7.864163 -16.082664 9.573828 4.238492 -13.945301 -7.923802 4.988334
-6.417773 15.937286 -17.413483 -6.842940 -18.131090 6.135950 -0.461400 11.661369 15.616929 -8.213963 -2.056878 -0.705879 4.299510 -4.717827 10.157681 -4.193765 -4.797340 -3.149150 -8.220616 -3.399143 4.722270 8.504027 14.749509 9.281931 -15.778053 8.757586 0.679659 -15.270566 -9.542647 -0.429659
-6.593143 14.139572 -17.896353 -8.485951 -15.752638 6.588960 -0.890060 11.352313 14.190890 -9.466212 -1.387198 -0.006548 4.174698 -3.872672 10.700618 -3.312479 -4.790908 -2.040323 -8.992985 -3.469300 4.236957 10.481277 14.391902 9.684239 -14.978157 8.599453 -0.311189 -15.035505 -11.748940 -3.021879
-6.115997 13.575989 -18.197502 -8.813099 -14.647430 6.951662 -0.368215 11.353455 13.945024 -10.239390 -1.174362 0.161068 4.234134 -3.460770 11.017133 -3.125420 -4.694834 -1.520155 -9.356541 -3.554089 3.378381 11.455272 14.487937 9.043232 -14.713202 8.702244 0.252654 -14.308042 -13.270351 -2.755874
-6.219226 12.812473 -18.575735 -8.922140 -14.242899 6.543732 -0.138005 11.179235 13.756059 -10.361306 -1.064948 0.462734 4.143078 -3.184394 11.061007 -2.996140 -4.771934 -1.254638 -9.529977 -3.609811 2.277988 11.215172 14.352790 8.763585 -14.494242 8.928356 0.550823 -14.861468 -13.606912 -3.439029
-6.195084 13.096604 -18.470528 -8.942566 -14.336535 6.565239 -0.122258 11.213881 13.599615 -10.253275 -1.039539 0.540000 4.035792 -3.167390 10.999487 -2.943589 -4.816962 -1.275954 -9.589591 -3.687209 2.058163 11.236980 14.223232 8.854199 -14.421375 9.033429 0.574143 -15.015054 -13.476565 -3.378458
-6.119940 13.166209 -18.459200 -8.882902 -14.307064 6.449771 -0.311301 11.238469 13.803686 -10.188254 -1.024710 0.545636 3.969601 -3.245340 10.968337 -2.900660 -4.816549 -1.308015 -9.595967 -3.666050 1.953350 10.998463 14.302426 8.640742 -14.483549 9.084057 0.602031 -15.003539 -13.362913 -3.157059
-6.196566 12.941185 -18.718021 -8.668980 -14.375504 6.309528 -0.357450 11.149213 13.937535 -10.108513 -1.030357 0.673148 3.969291 -3.132336 10.931335 -2.944294 -4.816327 -1.336452 -9.581368 -3.712651 1.616660 11.110046 14.284511 8.632781 -14.402323 9.100798 0.539441 -15.102014 -13.481211 -3.160777
-6.178532 13.129811 -18.539923 -8.929962 -14.326012 6.519897 -0.116551 11.126412 13.789798 -10.197340 -1.059664 0.492946 4.055008 -3.275906 10.989274 -2.921793 -4.735692 -1.404843 -9.545482 -3.660440 2.137425 11.131048 14.110991 8.763054 -14.418307 8.974197 0.610659 -14.982152 -13.393734 -3.454012
-6.124870 13.036665 -18.591814 -8.829100 -14.380492 6.400249 -0.376652 11.247081 13.850616 -10.207786 -1.025626 0.557148 4.025414 -3.182390 10.975410 -2.953959 -4.808919 -1.348341 -9.573320 -3.706517 1.702263 11.071143 14.349258 8.684291 -14.465152 9.138933 0.575527 -15.263659 -13.320660 -3.318114
-6.092299 13.076509 -18.517307 -8.759604 -14.335202 6.299267 -0.318173 11.402288 13.960452 -10.243093 -1.031236 0.482193 4.081884 -3.160970 10.923954 -2.937047 -4.769406 -1.333381 -9.677206 -3.827357 1.475937 11.076336 14.242058 8.728711 -14.428376 9.323067 0.522622 -15.479784 -13.267045 -3.505334
-6.038137 12.810336 -18.588150 -8.647266 -14.207561 6.282468 -0.121231 11.442571 14.060581 -10.431362 -1.004349 0.611312 4.042629 -3.133145 10.871484 -2.845894 -4.837840 -1.262885 -9.742135 -3.805925 1.221115 11.219920 14.162497 8.659810 -14.506180 9.213104 0.538153 -15.652536 -13.268476 -3.406813
-6.200155 12.933201 -18.707844 -8.702099 -14.257662 6.161772 -0.189319 11.252652 14.000043 -10.219552 -0.985214 0.624427 4.018291 -3.110216 10.893437 -2.931349 -4.898518 -1.305221 -9.695681 -3.839689 1.240702 11.406519 14.274460 8.685691 -14.512143 9.277872 0.318532 -15.651649 -13.367088 -3.498245
-6.207909 13.032289 -18.598850 -8.895421 -14.334009 6.265832 -0.202916 11.263364 13.871417 -10.263552 -1.003451 0.589734 4.143266 -3.141288 10.898491 -2.923221 -4.824501 -1.360831 -9.692451 -3.860831 1.403879 11.184158 14.451568 8.680869 -14.423771 9.437433 0.432800 -15.448330 -13.395247 -3.477626
-6.121887 12.900923 -18.535830 -8.701406 -14.249170 6.249261 -0.111363 11.380916 14.043797 -10.360568 -0.946874 0.573267 4.134128 -3.103984 10.959128 -2.788587 -4.824347 -1.245818 -9.856915 -3.933784 1.239734 11.171011 14.433943 8.573985 -14.539614 9.304685 0.562600 -15.656863 -13.293572 -3.388196
-6.048087 13.351077 -18.483009 -9.025986 -14.405529 6.431055 -0.350142 11.250033 13.708512 -10.147840 -1.023908 0.461476 4.196854 -3.171290 10.990425 -2.971777 -4.756793 -1.310011 -9.613885 -3.767685 1.660439 11.161320 14.321401 8.869197 -14.419985 9.361919 0.325118 -15.525199 -13.190046 -3.708121
-6.207191 13.198209 -18.615883 -8.910397 -14.205400 6.116081 -0.181693 11.244701 13.930633 -10.177628 -0.983528 0.588751 4.074673 -3.097536 10.914690 -2.928495 -4.880052 -1.288642 -9.723315 -3.877519 1.360663 11.640566 14.038466 8.838855 -14.493998 9.302216 0.178511 -15.709793 -13.329818 -3.762732
