1.379586 25.655769 -10.562042 2.920424 4.008130 -4.861248 11.786997 14.117807 20.730051 -3.891795 -4.394081 1.333859 -1.287028 -9.721806 5.320657 -2.116317 -5.392934 3.236771 -9.644485 -2.832373 6.405182 13.484768 -17.960337 2.205678 0.553597 22.478510 9.486384 -21.827795 -3.644546 12.202684
1.534595 25.680655 -10.405999 2.838043 4.233590 -4.906115 11.884698 14.195439 20.769144 -4.101567 -4.373348 1.316810 -1.282460 -9.732208 5.218063 -2.124746 -5.463435 3.246989 -9.734307 -2.713388 6.364725 13.503866 -17.956282 2.187024 0.555450 22.510199 9.439815 -21.840136 -3.651107 12.152608
1.954673 25.638300 -14.325883 -3.381703 7.643466 -8.397712 14.712861 9.891416 18.295843 -4.583643 -3.750839 2.533261 -3.862385 -5.717164 6.333809 -4.412943 -9.087709 4.669884 -9.170004 -3.924726 -0.378719 9.180691 -16.785563 -0.606489 4.674080 23.187382 16.612680 -22.714106 -8.131630 7.893107
1.893516 25.428326 -12.805507 -3.500790 6.213502 -6.133036 15.844719 8.894339 18.015295 -5.272499 -3.242629 3.214350 -3.700721 -5.537229 5.988574 -3.757109 -8.974661 4.207890 -9.839401 -3.672085 0.821692 9.526595 -17.512583 -0.331328 4.781440 21.640329 15.960291 -21.904551 -8.692829 9.054079
1.511076 26.511782 -12.467877 -4.962742 4.402147 -4.873876 14.591033 8.896055 17.757660 -5.105595 -2.800838 3.631166 -4.318370 -6.014150 5.183414 -3.814065 -8.646120 3.188126 -10.111794 -3.927449 1.677500 9.463322 -17.861790 -0.147261 4.586116 19.416960 16.808548 -21.282982 -10.732244 11.090877
1.542430 27.176880 -12.284208 -5.225708 2.446994 -4.140403 14.036050 9.093971 17.337139 -4.274891 -2.796836 3.425448 -4.485329 -6.294607 4.989627 -4.162879 -8.536219 2.727064 -9.943969 -4.009855 2.427121 10.180332 -17.555367 -0.557519 3.741588 19.245691 16.910406 -20.814583 -10.818264 11.702867
1.656559 27.584726 -12.562070 -5.662856 0.880223 -3.353148 13.910138 8.932615 16.738214 -3.847134 -3.183939 2.617571 -4.650602 -6.606409 4.690376 -4.849405 -8.126148 2.347884 -9.807796 -4.668653 2.969435 10.746183 -17.145399 -1.447047 3.081960 19.713596 16.916536 -20.285734 -10.507542 11.229075
2.205124 27.066326 -13.039735 -5.409970 -1.047085 -1.774889 13.993808 8.564400 16.450033 -3.854732 -3.270253 1.982068 -3.865108 -6.477584 5.053628 -4.859265 -7.790195 1.890443 -9.830072 -4.963142 3.772035 11.543451 -16.582239 -2.681160 2.183060 20.386942 16.731291 -19.717918 -9.915500 9.895793
1.904397 26.768776 -13.303297 -5.371649 -1.303270 -1.026226 14.376430 8.223134 16.056087 -3.852505 -3.069744 1.511194 -2.805713 -6.140813 5.077178 -5.061150 -7.387486 0.430552 -10.043624 -5.320068 3.958613 11.787449 -16.266397 -3.206295 2.154280 20.524771 16.801868 -19.569616 -10.008219 8.437216
1.292708 26.537231 -13.596476 -5.122303 -2.637230 1.081848 15.096780 7.255179 15.353021 -3.534715 -2.788714 1.699635 -2.536700 -5.781286 5.524945 -4.930074 -7.462103 0.384127 -10.044515 -5.292675 4.440493 11.542978 -15.984796 -3.382267 2.623290 19.936110 17.179136 -19.295523 -11.044071 6.719445
0.709720 26.524811 -13.402042 -5.435122 -3.239699 1.969932 15.199096 7.632924 14.610575 -3.445835 -2.489331 2.302918 -1.886483 -5.521898 6.060031 -4.403608 -7.189308 0.287874 -9.955463 -5.215792 4.590914 12.304478 -15.787419 -3.582865 2.524035 19.852966 16.766039 -19.122421 -11.472688 6.139185
-1.077082 26.050598 -13.871164 -5.997565 -3.394062 1.761274 14.873827 8.054552 13.470262 -2.801854 -2.389958 3.376667 -1.887549 -5.343548 6.675980 -3.943687 -7.177829 0.647495 -9.328603 -5.061580 5.177150 13.776577 -15.982382 -4.049896 2.108009 18.812212 16.209455 -18.423998 -12.577747 6.179460
-2.102067 26.695879 -14.879515 -5.878535 -4.205820 1.991765 15.174193 6.974095 12.794681 -1.579677 -2.283351 3.910266 -1.742348 -5.291798 7.442597 -3.509306 -7.087688 0.787310 -8.858994 -5.194029 5.397794 14.943551 -15.882090 -5.058389 0.901047 17.863775 15.813282 -18.497351 -12.864987 6.953684
-2.353858 26.661119 -15.289210 -5.777084 -5.227109 2.921890 15.300775 6.308128 12.392509 -1.099221 -2.326022 3.661377 -1.664688 -5.213405 7.745621 -3.547259 -6.867457 0.684508 -8.775732 -5.531275 5.066308 15.366692 -15.879064 -5.602475 0.791027 17.694159 15.769601 -18.343969 -13.377818 6.911700
-2.266532 26.604469 -15.427732 -5.643900 -5.174095 2.919913 15.204640 6.289135 12.532619 -1.093154 -2.305543 3.709051 -1.702916 -5.236428 7.758255 -3.499279 -6.863484 0.660889 -8.779673 -5.566389 5.245692 15.009960 -15.849993 -5.488796 0.808206 17.602488 15.955619 -18.440069 -13.128483 7.044317
-2.357919 26.623383 -15.308938 -5.797260 -5.217849 2.961053 15.280070 6.330374 12.328108 -1.104197 -2.337759 3.643251 -1.708034 -5.213960 7.745821 -3.578570 -6.853125 0.683747 -8.750785 -5.563520 5.075529 15.310425 -15.892657 -5.602911 0.745605 17.648617 15.869130 -18.349682 -13.336996 6.986951
-2.279318 26.596766 -15.521014 -5.647946 -5.352359 2.990910 15.203420 6.308455 12.439315 -1.031884 -2.325383 3.651114 -1.675515 -5.241014 7.759548 -3.526626 -6.856976 0.672844 -8.794208 -5.599097 5.229657 14.907228 -15.852490 -5.406402 0.850669 17.560381 16.042820 -18.502785 -13.105673 7.057566
-2.426234 26.711027 -15.587408 -5.706986 -5.586761 3.133153 15.263936 6.113593 12.194736 -0.795903 -2.328965 3.635573 -1.732700 -5.224900 7.763442 -3.564100 -6.831299 0.631297 -8.762521 -5.711344 5.195339 14.860495 -15.799745 -5.562656 0.763671 17.517887 15.988454 -18.607313 -13.131294 6.765398
-2.367718 26.365398 -15.486679 -5.682644 -5.389898 2.935770 15.033913 6.394242 12.462615 -0.993749 -2.330588 3.725461 -1.776600 -5.208320 7.691726 -3.589782 -6.904817 0.700198 -8.733732 -5.540824 5.104639 15.057685 -15.801914 -5.643408 0.668179 17.562937 15.913617 -18.564650 -13.162503 6.878747
-2.397894 26.324299 -15.512228 -5.596467 -5.394425 2.891495 15.135492 6.387556 12.664924 -0.985220 -2.312754 3.746083 -1.812398 -5.223930 7.719845 -3.545941 -6.906644 0.709653 -8.746454 -5.557458 5.177088 15.178628 -16.188377 -5.515304 0.743485 17.620373 16.038054 -18.458332 -13.182127 6.754343
-2.462124 26.453377 -15.429961 -5.707134 -5.389644 2.991768 15.397879 6.316746 12.433375 -1.022457 -2.312950 3.717646 -1.760006 -5.219177 7.771052 -3.520489 -6.858306 0.704702 -8.758220 -5.589241 5.153646 15.478758 -16.218069 -5.719039 0.639970 17.501980 15.889379 -18.389597 -13.441822 6.544756
-2.872230 24.132011 -14.250606 -8.300049 -9.620483 3.471397 9.238017 9.884337 13.361710 -1.960198 -2.578534 2.631264 0.265765 -5.810940 7.500196 -3.512163 -6.537280 -0.351450 -8.787063 -4.365854 9.701968 15.602686 -15.821885 -2.665263 0.640981 17.334074 13.120696 -18.034727 -12.457018 5.713645
-3.920264 18.224995 -16.698906 -11.046469 -15.253922 5.751678 -6.561932 13.576259 17.710852 -3.053380 -1.885479 -1.012322 3.292052 -5.609827 8.906357 -4.717931 -5.639598 -4.683742 -8.418889 -3.044714 15.589716 15.128979 -13.977340 -1.059604 0.536436 12.878602 9.783861 -16.736544 -15.037044 4.671278
-4.265699 16.405571 -18.374422 -10.099756 -14.775686 6.915631 -6.597360 13.511515 19.011515 -3.926324 -1.419806 -1.217240 3.978638 -5.546253 8.951817 -3.993978 -5.662650 -5.023397 -9.199953 -2.297218 17.746286 15.587257 -13.194680 -0.274318 -0.154418 11.483126 8.376933 -17.140411 -15.408504 3.531041
-4.420230 15.812716 -18.741652 -9.639676 -14.319914 6.970635 -6.223586 13.504981 19.534811 -4.134258 -1.345655 -1.075328 3.888862 -5.493056 9.047934 -3.703833 -5.592446 -4.851920 -9.314975 -2.159767 17.910769 15.550578 -13.429000 -0.637227 -0.307146 11.139304 8.813348 -16.722258 -15.581520 3.765914
-4.464705 15.683974 -18.837448 -9.712320 -14.723742 7.003963 -6.213758 13.667270 19.724127 -4.160437 -1.311730 -1.138086 4.098985 -5.368584 9.098687 -3.696779 -5.551924 -4.820848 -9.405128 -2.152471 17.724737 15.625036 -13.318185 -0.688866 -0.249681 11.213052 8.893842 -16.969366 -15.517139 3.454861
-4.494881 15.795349 -18.771709 -9.790565 -14.791195 6.936744 -6.252677 13.608046 19.572626 -4.045558 -1.326299 -1.170949 4.053602 -5.377519 9.086513 -3.718489 -5.570292 -4.913552 -9.395010 -2.187001 17.536634 15.303705 -13.270673 -0.698826 -0.180727 11.312151 9.103416 -16.963947 -15.392283 3.715961
-4.570839 15.812676 -18.821249 -9.930622 -14.860600 6.697106 -6.216437 13.649764 19.515846 -4.027662 -1.301118 -1.364055 4.138684 -5.394081 9.160959 -3.719061 -5.559235 -4.967808 -9.452279 -2.195079 17.489342 15.556303 -13.052041 -0.772601 -0.233778 11.330542 8.840744 -17.213863 -15.431778 3.199136
-4.570776 15.884539 -18.765173 -9.880757 -14.811457 6.876698 -6.157838 13.588321 19.313820 -3.990136 -1.297197 -1.283639 4.146953 -5.348948 9.121708 -3.746791 -5.573905 -5.014612 -9.420575 -2.243673 17.534466 15.602312 -13.066833 -0.804551 -0.248410 11.362832 8.833967 -17.143591 -15.450506 3.169652
-4.554085 15.802650 -18.848223 -9.904600 -14.856905 6.826532 -6.271224 13.646423 19.543404 -4.046255 -1.303405 -1.337721 4.202926 -5.334232 9.093683 -3.764746 -5.564184 -5.027821 -9.459656 -2.200964 17.477404 15.572827 -13.148567 -0.749309 -0.210980 11.436735 8.925886 -17.096930 -15.450686 3.314736
-4.525735 15.649824 -18.938822 -9.925165 -14.574810 6.728952 -6.120198 13.622457 19.617983 -4.182778 -1.294773 -1.283162 4.234050 -5.267779 9.039367 -3.778931 -5.581282 -5.082355 -9.488739 -2.250840 17.754969 15.712058 -13.136893 -0.569173 -0.177712 11.330940 8.741668 -17.063959 -15.541555 3.221348
-4.668219 15.535115 -18.691296 -9.810694 -14.786331 6.863318 -6.165399 13.589072 19.692457 -4.158946 -1.337098 -1.093736 4.074432 -5.313961 9.163628 -3.699087 -5.512486 -4.721010 -9.383639 -2.098893 17.835688 15.571554 -13.341685 -0.698896 -0.350594 11.081440 8.953488 -16.872023 -15.490438 3.601976
-4.656798 15.742946 -18.828897 -9.968100 -14.810989 6.710775 -6.257126 13.574529 19.518202 -4.008893 -1.335198 -1.274889 4.215853 -5.284813 9.101185 -3.755180 -5.505798 -4.969875 -9.437946 -2.209016 17.454382 15.576993 -13.263019 -0.717533 -0.130447 11.524963 8.970721 -17.036863 -15.460098 3.248214
-4.650474 15.635106 -18.785769 -9.806828 -14.837193 6.816280 -6.147266 13.649598 19.707857 -4.107774 -1.344723 -1.229468 4.136534 -5.309580 9.091352 -3.769189 -5.528624 -4.964046 -9.413422 -2.215367 17.507950 15.286358 -13.374967 -0.732774 -0.144162 11.419303 9.187006 -16.904554 -15.361202 3.693495
-4.679642 15.757809 -18.733625 -9.955326 -14.936570 6.638502 -5.942029 13.623235 19.476988 -4.061615 -1.313629 -1.286922 4.224493 -5.332512 9.148506 -3.724638 -5.526457 -4.950713 -9.456799 -2.231100 17.526255 15.591036 -13.158175 -0.737269 -0.182496 11.383553 8.848779 -17.169695 -15.386505 3.109255
-4.667504 15.030409 -18.981281 -9.752801 -14.695200 6.865896 -5.994524 13.713675 19.907358 -4.393232 -1.302719 -1.175063 4.342417 -5.099255 9.256472 -3.651255 -5.471406 -4.574733 -9.528913 -1.997282 18.110537 15.845282 -13.320874 -0.847875 -0.423009 10.771403 8.881669 -16.723164 -15.803265 3.471339
-4.834719 15.153282 -18.734453 -9.855533 -14.847945 6.752643 -5.882074 13.706182 19.774950 -4.293944 -1.347211 -1.215780 4.433869 -5.080890 9.209070 -3.691686 -5.398781 -4.637173 -9.557023 -2.086431 17.794886 15.640152 -13.206557 -0.749439 -0.245656 11.103182 8.991900 -16.836084 -15.628382 3.460209
-4.840558 15.208056 -18.704512 -9.789877 -14.883642 6.795354 -5.883023 13.705277 19.751143 -4.216999 -1.341737 -1.215375 4.341662 -5.114172 9.141894 -3.680151 -5.436118 -4.705502 -9.576470 -2.110196 17.826750 15.613032 -13.229227 -0.821286 -0.300793 11.110568 9.128618 -16.811758 -15.539680 3.493508
-4.776847 15.130965 -18.809229 -9.653875 -14.713209 6.741890 -5.935727 13.694408 19.824724 -4.226055 -1.334404 -1.232101 4.420543 -5.037042 9.235729 -3.645404 -5.409955 -4.596276 -9.602466 -2.071962 17.886965 15.823592 -13.306243 -0.949766 -0.414187 10.977646 9.010807 -16.778397 -15.703285 3.374885
-4.750365 15.252857 -18.813692 -9.826717 -14.948228 6.591966 -5.904178 13.734550 19.506983 -4.123822 -1.340566 -1.570856 4.516413 -5.133004 9.221860 -3.730096 -5.339931 -4.937349 -9.642422 -2.157655 17.510485 15.782091 -13.362502 -0.870400 -0.302087 11.418442 9.035555 -17.229877 -15.353941 2.884726
