-13.225754 24.924492 -20.271955 21.108047 -9.889485 -4.498884 0.656095 0.903767 4.804380 -8.416210 -3.559151 6.334151 -0.519152 -9.668411 9.849572 0.039131 -1.827966 -0.187202 -5.008117 -6.110701 1.779121 15.037369 -10.188024 -0.018474 -29.448122 6.368804 11.291402 -16.417391 2.251462 9.797811
-13.786130 24.845001 -20.486204 21.218801 -10.420900 -5.066931 1.285744 0.696606 5.400825 -8.671511 -3.584931 6.392123 -0.532137 -9.651887 9.850828 0.034742 -1.841935 -0.220364 -5.025809 -6.097168 1.862180 15.213041 -10.593347 -0.070485 -29.575592 6.288200 11.353822 -16.412905 2.239656 9.626390
-12.484899 24.609797 -21.740210 13.852201 -12.809849 -3.388029 1.324593 -2.797783 3.703102 -10.152088 -2.326831 7.497987 -1.912428 -6.425288 10.442513 -1.656953 -4.842113 -0.990600 -5.030501 -6.419221 0.430177 12.331988 -10.285676 1.670897 -24.428381 5.154057 16.715712 -12.961799 -4.842504 7.439052
-13.840047 26.157803 -22.420273 11.544078 -10.780210 -5.693655 2.325963 -4.891796 1.923294 -9.099234 -1.942452 8.924702 -3.530259 -5.612200 10.067609 -1.837062 -5.587853 -0.311570 -5.148401 -7.228214 -3.531915 10.746575 -10.429667 -2.553529 -25.108551 3.177565 19.785469 -14.431502 -6.449690 8.552533
-14.269081 27.594175 -22.942770 8.705582 -10.145182 -7.682467 1.331996 -5.551508 1.856759 -8.635623 -2.422694 7.983256 -4.734145 -5.523602 9.372790 -3.060586 -5.352430 -0.306867 -5.133083 -8.258132 -5.311152 10.437507 -10.327919 -3.591315 -24.248707 4.139873 21.281027 -13.948167 -6.765483 8.634155
-13.907269 27.632959 -23.693747 7.327695 -10.685438 -7.991400 2.082643 -6.920029 1.336394 -8.320482 -2.659755 7.450248 -5.236793 -5.154192 9.132445 -4.057441 -5.530396 -0.345714 -5.101726 -9.012180 -6.545649 11.192314 -10.164256 -4.581279 -23.842594 4.457212 22.156626 -13.615389 -7.828338 7.444030
-14.083163 27.253242 -24.665844 6.370636 -9.708622 -8.436300 3.677373 -8.098781 0.325867 -8.729069 -2.704903 7.675148 -4.998399 -4.751697 9.593734 -3.765070 -6.174680 0.606119 -5.099234 -8.733387 -7.863258 12.356993 -9.726434 -6.147874 -23.691561 5.741559 22.255526 -13.311632 -8.478294 5.402460
-14.697495 27.216988 -24.978983 6.175476 -9.049907 -8.155638 4.593026 -8.690672 0.014218 -8.823916 -2.565506 7.815087 -4.570835 -4.458272 9.869267 -3.367697 -6.325098 0.908812 -5.331046 -8.668705 -8.729218 12.693834 -9.466378 -7.303576 -24.029531 6.194778 22.547661 -13.296561 -8.782408 4.153180
-15.421676 27.583080 -25.064096 5.129035 -9.182336 -7.998518 4.957596 -9.134582 -0.732558 -8.694345 -2.511122 7.765029 -4.434663 -4.206609 10.141760 -3.172075 -6.202822 1.081324 -5.527138 -9.038120 -9.347821 13.169163 -9.374909 -7.792569 -24.034224 6.678195 22.435368 -13.235486 -9.104628 3.032842
-15.605169 27.554104 -24.616476 5.031157 -8.968063 -7.874704 5.365568 -9.199488 -0.995473 -8.780842 -2.505515 7.561107 -4.391531 -3.984875 10.198060 -3.243128 -5.906209 0.981173 -5.773036 -9.461088 -10.037383 13.228228 -9.536014 -7.874250 -23.881662 6.738496 22.343502 -13.999402 -8.987739 1.869369
-15.785466 27.711052 -24.340410 4.641957 -8.686445 -8.225480 5.481294 -9.223145 -1.385019 -8.688194 -2.543571 7.248110 -4.487778 -3.794541 10.358377 -3.262199 -5.701059 1.389529 -5.927320 -9.769499 -10.484693 13.354143 -9.532081 -7.617846 -23.839479 7.021316 21.944450 -15.032901 -8.516205 0.740406
-16.094509 28.240026 -24.122629 4.045506 -8.595390 -8.877204 5.363214 -9.197019 -1.975633 -8.284122 -2.694017 6.857430 -4.801625 -3.679484 10.320572 -3.625708 -5.541987 1.621439 -5.966578 -10.070767 -10.547656 13.187803 -9.273112 -7.534447 -23.753902 7.124259 22.130316 -15.541212 -8.091125 -0.086683
-16.309614 28.280155 -24.144709 3.743061 -8.113247 -9.645360 5.386257 -9.086974 -2.404029 -8.140435 -2.801690 6.645739 -4.837568 -3.703723 10.501753 -3.624222 -5.621831 1.996452 -5.945442 -10.070432 -10.746021 12.967999 -9.005712 -7.510040 -23.879103 7.006723 22.116970 -16.257849 -7.559355 -0.853540
-15.915657 28.515846 -24.134228 3.642082 -7.850573 -9.870517 6.006686 -9.455748 -2.615726 -8.319053 -2.916920 6.635598 -4.598079 -3.748662 10.735704 -3.450114 -5.812724 2.274255 -5.739988 -9.890191 -10.683207 13.470608 -8.883019 -7.896480 -24.330709 6.755140 21.439901 -16.654987 -7.465832 -1.361552
-15.534320 29.274990 -23.920958 2.999193 -7.917381 -10.111306 6.645035 -10.051217 -3.201351 -8.146131 -3.043714 6.205303 -4.384668 -3.534763 11.211861 -3.545713 -5.521338 2.400887 -5.643850 -10.389293 -10.930460 15.226788 -9.133573 -8.467576 -24.724552 6.290421 20.266909 -16.855331 -8.274999 -1.571042
-14.963838 29.600296 -24.823206 2.645129 -7.910456 -11.357230 6.221725 -10.849607 -3.086951 -7.345225 -3.031888 6.085271 -4.347349 -3.285150 11.656132 -3.351953 -5.111565 2.809103 -5.852853 -10.842829 -12.006782 17.200487 -9.384970 -9.477134 -24.948889 6.003783 19.666281 -16.510326 -9.434027 -1.486315
-14.923187 29.750738 -25.003721 2.330313 -7.842485 -11.694835 6.174316 -11.032302 -3.156238 -7.184471 -3.058559 6.121142 -4.291832 -3.216879 11.748348 -3.300949 -4.974607 2.790303 -5.869930 -10.889084 -12.318910 17.514780 -9.456433 -9.566867 -24.826859 6.047543 19.637331 -16.403965 -9.725294 -1.486114
-15.081824 29.739803 -25.131969 2.257316 -7.791179 -11.787315 6.084493 -11.194876 -3.182138 -7.090362 -3.071486 5.916686 -4.189686 -3.101903 11.816316 -3.376548 -4.890399 2.798274 -5.973722 -10.932489 -12.354377 17.684061 -9.392821 -9.733903 -24.843586 5.939174 19.616350 -16.370413 -9.836989 -1.636381
-15.290263 29.745308 -25.233194 2.510358 -7.702581 -11.528681 6.165114 -11.269099 -3.112710 -7.117635 -3.066795 5.927153 -4.247307 -3.121182 11.865986 -3.374371 -4.839872 2.822444 -5.959759 -10.964762 -12.441038 17.225410 -9.289826 -9.694888 -24.905794 5.928286 19.908989 -16.612165 -9.679786 -1.662732
-15.966195 29.100582 -25.557056 3.300642 -7.337542 -11.242864 6.349072 -11.099061 -2.614829 -7.287970 -2.868740 6.548193 -4.473614 -3.230455 11.639729 -3.107921 -5.132169 2.745883 -5.904206 -10.671382 -12.472102 16.687592 -10.739411 -9.542223 -25.377861 5.465157 21.002497 -17.058138 -9.273206 -1.560835
-16.198608 28.948288 -24.976307 2.731846 -7.861161 -10.702325 6.304872 -10.733509 -3.147561 -7.555837 -2.883117 6.543183 -4.595925 -3.321651 11.432796 -3.208462 -5.268131 2.690730 -5.871637 -10.532608 -12.241960 15.311275 -10.569411 -9.012338 -25.012442 5.537282 21.345554 -17.431217 -8.759769 -1.635275
-15.938601 29.178780 -24.400473 2.581867 -8.028318 -10.521153 6.437908 -10.441728 -3.306961 -7.798485 -3.017554 6.208424 -4.415186 -3.389025 11.461449 -3.350786 -5.174942 2.613293 -5.813336 -10.593040 -11.926402 16.044275 -10.428946 -8.547080 -24.761871 6.049186 20.811739 -17.087715 -8.741152 -2.082575
-14.575543 30.521563 -23.237097 -1.087532 -11.304923 -9.765855 6.877003 -10.761670 -6.019962 -7.467949 -3.368568 3.780765 -3.000298 -2.998654 11.905148 -4.447580 -4.980361 2.201151 -5.908962 -10.444353 -11.034087 17.215136 -10.386277 -3.705908 -23.146364 8.087570 15.958753 -20.002123 -7.280125 -5.668154
-14.488064 29.624371 -20.924429 -2.533520 -13.938055 -6.286924 7.527199 -9.420718 -5.717943 -9.851629 -3.406287 2.478519 -2.416086 -3.831231 11.050633 -4.776860 -4.734606 2.241222 -6.629437 -9.581088 -10.060039 15.183466 -9.326838 -0.453285 -21.328299 9.610392 15.265676 -20.663868 -6.582362 -7.220589
-14.348761 29.232115 -20.770369 -2.304144 -14.563783 -5.279114 6.923725 -9.192744 -5.387887 -10.083975 -3.093777 2.201295 -1.763498 -3.868915 11.086901 -4.531575 -4.539691 1.895112 -7.177229 -9.512295 -8.893347 14.778006 -8.922400 -0.135581 -21.276676 9.570562 15.210017 -20.473501 -6.601339 -7.761204
-14.290357 29.055542 -20.699051 -2.508192 -14.674356 -5.248663 6.632199 -9.061524 -5.280332 -10.187620 -3.087964 2.157124 -1.573959 -3.809492 11.099375 -4.425174 -4.511096 1.833821 -7.268835 -9.356743 -8.772270 14.644144 -8.802661 0.201515 -21.143568 9.674133 14.999815 -20.774408 -6.490681 -8.324841
-14.252911 29.161823 -20.670584 -2.474610 -14.728150 -5.173032 6.601759 -9.107308 -5.290785 -10.146114 -3.109057 2.096846 -1.555618 -3.822190 11.069315 -4.483850 -4.528450 1.729281 -7.252705 -9.369255 -8.628963 14.752288 -8.820086 0.215281 -20.991907 9.731398 15.084018 -20.410337 -6.767674 -8.235259
-14.291771 29.068584 -20.678112 -2.345566 -14.688931 -5.201512 6.647748 -9.039233 -5.198519 -10.187929 -3.089346 2.109282 -1.607409 -3.824666 11.052061 -4.509898 -4.509425 1.798928 -7.282775 -9.406159 -8.664184 14.974568 -8.941799 0.285955 -21.016687 9.719129 14.949291 -20.424887 -6.765389 -8.123263
-14.277366 29.075058 -20.699354 -2.317363 -14.666565 -5.171522 6.721907 -9.114154 -5.177403 -10.196903 -3.084014 2.082348 -1.584203 -3.801658 11.061910 -4.510827 -4.509169 1.795055 -7.297460 -9.415377 -8.627689 14.986338 -8.930804 0.217221 -21.063654 9.638914 14.987974 -20.384901 -6.777864 -8.047124
-14.290588 29.074440 -20.699276 -2.325874 -14.668921 -5.182434 6.723319 -9.101868 -5.199300 -10.191019 -3.086337 2.077288 -1.594611 -3.808249 11.064402 -4.515097 -4.509331 1.808275 -7.296393 -9.421583 -8.553479 14.967861 -8.912941 0.174007 -21.102341 9.655138 15.002629 -20.360357 -6.758996 -8.153825
-14.285140 29.099342 -20.672974 -2.321105 -14.653309 -5.187109 6.686543 -9.103898 -5.226886 -10.162766 -3.095483 2.051353 -1.590280 -3.805970 11.064873 -4.537967 -4.502012 1.785828 -7.283692 -9.439767 -8.511348 14.979522 -8.927506 0.173761 -21.093332 9.656102 15.022653 -20.305540 -6.798104 -8.158133
-14.283057 29.098120 -20.667118 -2.329038 -14.659876 -5.185169 6.674293 -9.099320 -5.223976 -10.163424 -3.093480 2.052516 -1.596622 -3.808850 11.068184 -4.537346 -4.502572 1.787647 -7.281057 -9.444168 -8.517695 14.970565 -8.922368 0.166839 -21.092390 9.670123 15.019576 -20.305506 -6.797282 -8.172668
-14.310288 29.278240 -20.537874 -0.478907 -14.483179 -5.257851 5.442249 -8.482476 -3.468285 -10.246762 -2.797861 3.020145 -1.715906 -3.786821 10.606495 -4.468263 -4.786338 0.671695 -7.186631 -9.351171 -7.301226 14.174614 -9.518919 -0.442402 -21.177458 9.877787 17.768204 -17.343044 -6.070796 -5.211397
-14.187601 29.285913 -20.778767 -0.496720 -14.295435 -5.225496 5.115307 -8.600801 -3.595730 -10.172064 -2.696868 3.093758 -1.930961 -3.576023 10.525842 -4.690790 -4.943458 0.282175 -7.166685 -9.568815 -7.411565 13.808276 -9.623137 -1.034935 -20.912033 9.940829 18.569235 -16.256439 -6.402181 -4.356627
-14.172626 28.690609 -20.931641 0.004035 -14.412740 -4.921943 3.725355 -7.965308 -2.898490 -10.345383 -2.694760 3.339779 -2.228293 -3.567910 10.506626 -4.683089 -5.177269 0.131158 -6.915407 -9.449957 -6.760738 12.433790 -9.770286 -0.971401 -20.791967 9.714319 19.614893 -15.548767 -6.490221 -4.109475
-13.966958 28.346682 -21.235069 0.555809 -13.533909 -5.863104 2.237428 -6.844100 -2.608250 -10.191742 -2.984739 3.376623 -3.387873 -4.000223 9.820824 -5.497086 -5.709225 -0.198839 -6.111318 -9.556034 -7.939328 10.224192 -10.870669 -0.565291 -18.352612 9.110507 22.347178 -12.862003 -9.490694 -1.003252
-13.917546 28.291822 -21.211432 1.200161 -12.161925 -7.240655 1.795475 -6.333517 -1.700960 -10.304105 -3.303241 4.033626 -4.646331 -4.664740 8.958349 -5.585124 -6.136312 0.210199 -5.713709 -9.022098 -7.152770 9.381254 -9.916997 -0.145700 -17.027813 9.608310 22.813257 -10.857553 -10.977064 0.858962
-13.719379 28.019989 -20.779413 -0.114444 -12.907301 -6.358182 0.928170 -5.791987 -2.089286 -10.923660 -3.362116 3.336899 -4.155047 -4.438299 9.309877 -5.853154 -5.967180 0.145182 -5.777975 -9.188631 -7.781754 8.586185 -9.494360 -0.365126 -17.320694 9.167780 22.578712 -12.319114 -10.016807 -0.310805
-12.858804 27.195492 -19.612562 -0.152817 -12.005953 -7.564359 0.741656 -4.797312 -0.886541 -12.014443 -3.363808 3.546343 -4.288581 -4.891560 8.401606 -6.073409 -6.123048 -0.539065 -5.985188 -8.763376 -6.235001 7.693172 -10.504260 -0.207849 -15.632026 9.909253 25.154600 -8.813662 -11.956310 0.288513
-11.959310 27.577168 -19.534012 1.637139 -11.225573 -8.137746 1.223199 -4.063478 -0.410046 -11.742680 -3.170936 4.656402 -4.344895 -5.298903 7.747372 -5.224278 -6.367559 -0.712297 -6.171000 -8.142777 -4.607497 8.170218 -9.380771 0.181172 -15.241014 10.966816 25.067122 -5.430481 -12.815760 3.064081
-11.520272 27.608295 -19.798483 2.984150 -10.639296 -8.101299 1.596760 -3.942650 0.827076 -11.997270 -2.870553 4.841320 -4.583863 -5.182014 7.291027 -5.464657 -6.044767 -1.771246 -6.580342 -8.455041 -3.922179 7.515052 -10.631871 1.210625 -14.801926 10.500422 26.175453 -3.602845 -12.816633 7.285066
-10.254173 27.248058 -20.153963 5.320800 -10.168808 -6.617002 1.507475 -3.000417 0.719737 -12.127151 -2.229319 4.526074 -3.527777 -4.388614 7.674862 -5.769516 -4.954910 -4.344548 -6.821923 -9.852993 -3.901557 6.527386 -10.824449 3.481642 -12.718425 9.821796 26.510199 -2.905075 -13.169127 11.231772
-9.403214 26.320309 -20.570227 7.031780 -9.721146 -5.399107 2.831704 -3.298604 1.232825 -12.896802 -2.135067 4.357158 -2.976869 -4.066713 8.011095 -5.749728 -4.369561 -4.742337 -6.943206 -10.298230 -3.657166 7.067648 -11.177436 4.674543 -11.788540 10.204709 26.370031 -1.434179 -13.825065 12.861742
-9.900994 25.111626 -21.971010 9.402007 -8.704486 -5.935280 4.601084 -3.934583 2.733546 -13.417256 -2.103931 4.006265 -1.943549 -4.166294 8.674396 -5.139221 -3.769345 -5.097659 -7.000821 -10.865419 -2.295444 8.245192 -13.726792 7.573318 -10.953124 11.852577 26.122881 0.903063 -13.854286 14.149623
-9.835889 23.161106 -23.224623 11.021993 -7.632636 -4.368434 4.207469 -4.090627 2.989702 -13.640886 -1.709823 3.956784 -0.210990 -3.897349 9.610347 -4.771111 -3.007802 -6.692063 -6.836318 -11.526907 -0.641169 7.958214 -13.399316 9.837731 -10.131857 13.278715 25.050154 2.222841 -13.690842 14.189923
-9.349103 23.086319 -23.340006 11.078451 -7.204611 -3.843847 3.738755 -3.853987 2.603755 -13.670815 -1.776421 3.915974 0.045330 -3.942037 9.702387 -4.906055 -2.767952 -7.027497 -6.642282 -11.744416 -0.715385 6.677249 -10.474993 10.074681 -9.112452 13.546436 23.762283 2.329064 -14.199583 15.343890
-9.464318 22.836884 -23.362230 11.292133 -7.161181 -3.620349 4.168279 -3.985313 2.733488 -13.955456 -1.716763 3.882164 0.142777 -3.919175 9.765490 -4.852265 -2.796667 -7.109493 -6.679596 -11.629044 -0.316482 7.362278 -11.307475 10.025355 -9.758848 13.731304 24.011183 2.577277 -13.923321 14.877671
-9.543130 22.894325 -23.471540 11.523704 -7.264321 -3.911161 4.362981 -3.898551 3.234643 -13.964695 -1.733514 3.892700 0.157637 -3.936327 9.812254 -4.858711 -2.800802 -7.121290 -6.616919 -11.630541 -0.420528 7.538438 -12.386992 10.563834 -9.421808 13.614900 24.375158 2.658125 -14.048952 14.614779
-9.549808 22.886200 -23.414427 11.504577 -7.236650 -3.916770 4.390490 -3.909945 3.161394 -13.962458 -1.717451 3.900430 0.120965 -3.925727 9.821355 -4.839463 -2.761756 -7.155353 -6.625535 -11.666283 -0.482052 7.392817 -12.412217 10.529719 -9.497396 13.530560 24.443960 2.558306 -13.938242 14.682436
-9.652795 22.883286 -23.490679 11.470823 -7.156593 -4.070112 4.392969 -4.055609 3.106141 -13.829922 -1.699618 3.903262 0.153467 -3.929034 9.818848 -4.830325 -2.738286 -7.224955 -6.634026 -11.705916 -0.442318 7.448043 -12.378364 10.415565 -9.591553 13.557704 24.441023 2.649838 -14.031441 14.656168
