-7.275444 23.142765 -21.295332 12.919803 -6.974273 3.080453 7.413809 9.865117 15.398795 8.451026 -4.983536 10.928337 4.246315 -7.352612 5.376750 -5.566843 -0.476457 0.875538 -2.883132 -7.619505 9.017488 5.950919 10.284495 -13.754327 -11.774268 11.024492 1.051657 -27.526705 -2.013775 20.668524
-7.775234 23.063826 -21.524113 12.966215 -7.398377 2.562188 8.145389 9.716727 16.105247 8.402914 -5.016531 10.994723 4.249948 -7.314429 5.366258 -5.589712 -0.485881 0.848899 -2.902209 -7.600489 9.396089 6.000111 10.297265 -14.227139 -11.378644 11.158373 1.065304 -27.822599 -2.094756 20.758793
-6.459427 22.836910 -22.757948 5.584901 -9.991203 4.404278 8.123682 6.216234 14.387685 6.957066 -3.757671 12.213297 2.924340 -4.075245 5.935231 -7.318862 -3.479781 0.083322 -2.849071 -7.902976 7.898282 3.238269 10.171935 -12.436526 -6.131444 10.073202 6.430945 -24.288496 -9.249407 18.400846
-7.811677 24.397036 -23.418501 3.370933 -7.743208 1.915168 9.192735 4.143268 12.625283 7.943495 -3.357110 13.388230 1.142512 -3.431367 5.728937 -7.310263 -4.222947 0.742188 -3.029047 -8.634942 4.086645 1.608822 10.186095 -16.780861 -7.011780 7.999250 9.509503 -25.732294 -10.777733 19.614473
-8.253208 25.813564 -23.949636 0.508227 -7.150249 -0.015509 8.168483 3.500715 12.579653 8.378207 -3.814572 12.333103 -0.130806 -3.389702 5.112432 -8.428091 -4.001051 0.732835 -3.078621 -9.661230 2.295021 1.227666 10.201583 -17.717127 -6.082793 8.988008 11.041608 -25.294020 -11.044885 19.589001
-7.906300 25.844379 -24.707121 -0.868053 -7.710513 -0.344982 8.914300 2.123068 12.024920 8.729004 -4.035698 11.721107 -0.715913 -3.072101 4.933389 -9.364399 -4.204092 0.685720 -3.067281 -10.391595 1.089483 1.921258 10.375804 -18.682583 -5.663492 9.232471 11.945762 -24.968092 -12.113418 18.472363
-8.064445 25.473701 -25.685005 -1.823316 -6.696890 -0.805464 10.519190 0.927754 11.008275 8.324866 -4.065521 11.939155 -0.486556 -2.675777 5.431611 -9.022375 -4.866908 1.623665 -3.076372 -10.089870 -0.252543 3.097099 10.876819 -20.275528 -5.507827 10.557273 12.065047 -24.705263 -12.738638 16.408796
-8.652495 25.390182 -26.006296 -2.029819 -6.054935 -0.552091 11.368587 0.378452 10.757107 8.206858 -3.921784 12.077858 -0.073058 -2.383307 5.704317 -8.616532 -5.020168 1.948102 -3.310628 -10.045439 -1.099511 3.429005 11.119933 -21.435638 -5.853722 10.976376 12.363933 -24.653910 -13.072372 15.236918
-9.388914 25.823578 -26.061462 -3.082061 -6.168155 -0.394266 11.808831 -0.103748 9.946471 8.347987 -3.878369 12.019638 0.066696 -2.137989 5.974765 -8.441582 -4.900133 2.103982 -3.493653 -10.393577 -1.704994 3.924713 11.216704 -21.901371 -5.853712 11.462406 12.219248 -24.664217 -13.343620 14.017509
-9.567619 25.791708 -25.625847 -3.177092 -5.953169 -0.258806 12.213609 -0.171654 9.701904 8.253048 -3.868623 11.812738 0.115643 -1.911237 6.036381 -8.502307 -4.599497 2.011472 -3.755514 -10.832875 -2.414710 3.965205 11.052999 -22.002874 -5.688894 11.543285 12.160237 -25.378420 -13.261652 12.896177
-9.775134 25.947561 -25.310930 -3.589691 -5.681772 -0.586244 12.363962 -0.179317 9.269035 8.327341 -3.907939 11.480996 0.012282 -1.700204 6.184233 -8.552088 -4.400250 2.412995 -3.915002 -11.141171 -2.849590 4.149162 11.066054 -21.728796 -5.638004 11.855225 11.725231 -26.410093 -12.816731 11.713624
-10.084250 26.458698 -25.139975 -4.174558 -5.570735 -1.266693 12.216748 -0.173320 8.706851 8.745541 -4.058436 11.117295 -0.301312 -1.613414 6.158362 -8.885859 -4.238825 2.651942 -3.934524 -11.430674 -2.951713 3.915445 11.306511 -21.623302 -5.543836 11.941792 11.948502 -26.954088 -12.346344 10.944971
-10.243458 26.481722 -25.136263 -4.490975 -5.097117 -2.021531 12.193291 -0.014601 8.355113 8.839583 -4.167099 10.894456 -0.320597 -1.611601 6.326928 -8.901043 -4.333866 3.001775 -3.919679 -11.428354 -3.065633 3.577060 11.586574 -21.605915 -5.698732 11.826337 12.019921 -27.638731 -11.761037 10.256040
-9.887081 26.786146 -25.143604 -4.588255 -4.891346 -2.182556 12.937655 -0.456234 8.016500 8.749245 -4.279820 10.852852 -0.058781 -1.657239 6.569176 -8.727179 -4.486527 3.268782 -3.735184 -11.266723 -3.066463 4.277641 11.704688 -22.016312 -6.143732 11.550554 11.208442 -28.086077 -11.747154 9.610194
-9.510063 27.475832 -24.913008 -5.169092 -4.881029 -2.491412 13.467761 -0.965228 7.536077 8.878313 -4.395003 10.505525 0.117713 -1.467004 7.039084 -8.772811 -4.215594 3.421454 -3.623850 -11.737144 -3.338033 5.973193 11.442636 -22.615536 -6.572038 11.075239 10.107128 -28.232576 -12.560967 9.548791
-8.947897 27.821537 -25.838243 -5.639389 -4.852465 -3.783194 13.066705 -1.843053 7.601680 9.693549 -4.393865 10.333746 0.170109 -1.203637 7.500054 -8.604203 -3.796160 3.840794 -3.834289 -12.197468 -4.425364 8.003583 11.207520 -23.615477 -6.790500 10.773796 9.453660 -27.952555 -13.747566 9.545278
-8.893434 27.993507 -26.036737 -5.840279 -4.844915 -4.051269 13.026688 -2.012251 7.554856 9.881371 -4.418422 10.377682 0.219115 -1.150339 7.601967 -8.562151 -3.649924 3.818799 -3.838006 -12.258527 -4.716221 8.332780 11.126629 -23.675659 -6.622077 10.857225 9.417133 -27.792154 -14.036160 9.521754
-9.062984 27.901592 -26.146311 -5.855391 -4.809946 -4.115790 12.885749 -2.091430 7.582460 9.940017 -4.434034 10.177283 0.305476 -1.036432 7.631313 -8.654690 -3.596523 3.793733 -3.926836 -12.286409 -4.767197 8.435595 11.207656 -23.851562 -6.635426 10.754907 9.441253 -27.782602 -14.138710 9.381362
-9.205317 28.076378 -26.224012 -5.733533 -4.692845 -3.872909 13.133562 -2.326050 7.549776 9.941400 -4.429405 10.259251 0.224219 -1.078805 7.664001 -8.601632 -3.556363 3.858069 -3.929035 -12.310131 -4.728744 8.060202 11.277230 -23.817394 -6.755178 10.710916 9.678415 -27.966398 -13.978866 9.356513
-9.930900 27.365746 -26.403730 -5.004901 -4.393433 -3.486900 13.287408 -2.013735 7.993792 9.706970 -4.127324 10.540334 -0.250645 -1.316779 7.709713 -8.051474 -3.921035 3.689021 -3.989088 -11.946501 -4.831952 6.802712 11.221158 -23.903805 -7.127147 10.312583 10.394839 -28.618395 -13.454113 9.911922
-10.266707 26.902946 -26.054008 -5.124754 -4.605032 -3.175112 13.013465 -1.558631 7.822485 9.464561 -4.110295 10.742266 -0.423305 -1.421211 7.479773 -8.093051 -4.116896 3.538746 -3.858130 -11.832961 -4.504963 5.241852 11.345587 -23.351913 -6.733227 10.498056 10.972726 -28.863472 -12.811464 9.840460
-9.907037 27.429895 -25.599943 -5.568414 -5.154251 -2.774456 13.279195 -1.541751 7.372019 9.413143 -4.276484 10.200833 -0.187710 -1.430681 7.550109 -8.302427 -4.013844 3.566749 -3.869550 -11.859779 -4.480258 6.062801 11.518413 -22.723808 -6.254939 11.045216 10.255402 -28.726871 -12.991040 9.179250
-8.261024 28.256889 -22.727623 -11.293051 -9.887398 -0.590834 14.293707 -1.287202 4.922395 7.927234 -4.820922 6.474033 1.522206 -1.125576 7.537837 -10.133800 -3.726267 3.421673 -4.423621 -11.499746 -2.973830 6.926896 11.955805 -15.773180 -3.077050 14.554195 4.954599 -31.796970 -11.521975 3.951027
-7.625077 26.947405 -21.725283 -13.208029 -11.646014 1.524768 14.137766 -0.335885 4.831635 6.091066 -4.582441 5.480123 2.656186 -1.041024 7.421544 -9.961218 -3.252091 3.351256 -5.363651 -11.000441 -2.256047 6.697022 11.598473 -13.430718 -1.433899 14.866599 4.263100 -32.010368 -12.785372 2.050400
-7.288827 25.663353 -21.640108 -13.620974 -11.858438 1.804788 12.751363 0.993827 5.531492 4.983619 -4.549741 4.866659 2.953648 -1.038273 7.272386 -10.201335 -3.031294 2.912771 -5.680696 -11.013150 -1.674717 6.040713 12.641900 -13.195151 -1.249759 15.465191 3.831542 -31.895510 -12.156667 1.698464
-7.855399 26.732029 -21.518930 -12.294167 -11.664198 2.184356 12.571107 0.458655 5.112751 6.224407 -4.387593 5.685663 3.051571 -1.418236 7.149128 -9.672798 -3.337902 2.644379 -5.595333 -10.696108 -1.261386 4.761905 12.185616 -13.568337 -1.629553 14.803776 4.600266 -32.027672 -11.379666 2.026029
-7.984650 26.812740 -21.423615 -11.503512 -11.850062 2.685150 12.675836 0.411590 5.065511 6.475764 -4.377652 5.820488 3.018114 -1.559285 7.096151 -9.604030 -3.323681 2.511039 -5.555494 -10.599685 -1.145283 4.416268 12.166135 -13.591121 -1.574831 14.994716 4.860854 -31.705057 -11.302929 2.606368
-8.099670 26.939505 -21.542482 -11.117867 -11.758342 2.501098 12.911036 0.334255 5.285620 6.636322 -4.406607 5.856131 2.996445 -1.670070 7.105485 -9.587951 -3.311241 2.545908 -5.455449 -10.614208 -0.884339 3.836195 12.335706 -13.735162 -1.907818 14.912458 5.150537 -31.900446 -10.705521 2.746248
-8.193221 27.056934 -21.624250 -10.875214 -11.586695 2.453439 13.102197 0.171111 5.285794 6.785895 -4.435407 6.038094 2.653011 -1.761110 7.018610 -9.625642 -3.258173 2.763703 -5.355658 -10.681482 -0.910550 3.887425 12.796586 -13.814052 -2.328779 15.205535 4.736699 -32.325733 -10.122416 2.732982
-8.203019 27.076862 -21.637592 -10.802640 -11.579614 2.447927 13.132363 0.141582 5.370304 6.788676 -4.440248 6.026853 2.661376 -1.772677 7.038346 -9.637248 -3.264945 2.766171 -5.342681 -10.708191 -0.946079 4.051571 12.726224 -13.863559 -2.306599 15.108809 4.729724 -32.211704 -10.293015 2.772138
-8.213348 27.036860 -21.637533 -10.853075 -11.590427 2.446338 13.075777 0.197958 5.297730 6.789926 -4.421658 6.019110 2.723513 -1.753833 7.037937 -9.614310 -3.259684 2.743739 -5.370894 -10.682819 -0.914675 3.867115 12.783351 -13.808240 -2.306464 15.183109 4.765971 -32.276573 -10.142104 2.783556
-8.187463 27.026600 -21.631273 -10.874578 -11.547822 2.423034 13.084647 0.198110 5.297861 6.764637 -4.427074 6.018447 2.693338 -1.756910 7.019554 -9.620484 -3.253751 2.742331 -5.375504 -10.677053 -0.926116 3.932179 12.781056 -13.827559 -2.320293 15.179690 4.732868 -32.259609 -10.171089 2.782546
-8.241985 27.049381 -21.381544 -9.397156 -11.673376 2.296662 11.619593 0.895393 6.909343 6.709761 -4.127066 7.000342 2.537326 -1.828253 6.574533 -9.493954 -3.572954 1.633544 -5.257058 -10.593147 0.391057 2.860880 12.788010 -14.379579 -2.437820 15.270955 7.366537 -29.526243 -9.576694 5.544782
-7.665065 25.876507 -21.532648 -8.842095 -10.909954 2.225971 9.134347 2.183307 8.107200 5.928373 -4.208659 7.015679 1.759341 -1.597746 6.202457 -10.283119 -4.188229 0.881344 -4.660318 -10.611548 0.356426 0.320038 11.606490 -14.751530 -0.798419 14.824505 10.650168 -25.972759 -11.435860 8.457737
-7.635442 25.428387 -21.354448 -8.988940 -9.945730 1.610167 7.594579 3.252494 8.833467 5.459687 -4.444070 7.138700 0.767690 -2.086028 5.546200 -10.906481 -4.676842 0.837699 -4.109971 -10.326515 -0.095764 -1.804452 10.983476 -14.636146 0.825867 14.387402 13.092155 -24.394772 -13.363891 9.966407
-7.095795 25.126574 -20.819845 -8.681970 -8.844109 0.068404 7.192477 4.193148 9.658534 5.049615 -4.529401 7.713444 0.160641 -2.651680 4.631504 -10.978270 -4.967978 0.582617 -4.066466 -10.096313 0.933769 -1.602321 9.896070 -13.894046 2.364422 14.520468 14.529011 -21.366224 -15.692167 11.787818
-5.768040 25.599010 -20.006075 -7.001652 -8.200317 -0.811488 8.022346 5.202535 10.771327 4.880637 -4.538733 8.359632 0.073338 -3.210333 4.059379 -10.278601 -5.107464 0.408413 -4.171843 -9.496329 2.021784 -1.428648 9.125602 -13.867860 2.672524 15.114988 15.379766 -18.342857 -16.666237 13.946609
-5.562510 26.005058 -20.376305 -5.141813 -7.504054 -0.377278 8.841111 4.958825 11.405158 5.078111 -4.254158 8.766267 -0.306766 -3.363203 3.364428 -10.448819 -4.830534 -0.664260 -4.491196 -9.637739 3.565037 -1.503383 8.930410 -12.695705 3.426188 15.125673 15.660716 -15.829537 -17.101831 16.758232
-5.371560 25.899143 -20.822655 -3.703032 -8.032354 0.367457 9.180397 5.428055 12.125794 4.985687 -3.538708 8.968500 0.658536 -2.556582 3.626284 -10.498223 -4.024540 -2.442536 -4.867201 -10.364372 3.919253 -1.998126 7.778488 -11.402294 4.191386 14.675941 16.408056 -14.949391 -16.891718 20.267105
-4.656947 24.992851 -21.195583 -1.592814 -7.479177 1.328458 10.326585 5.433077 12.679248 4.399870 -3.402106 8.993873 0.954895 -2.219178 3.932682 -10.524359 -3.331016 -2.975289 -4.903994 -11.112672 3.839686 -1.578577 6.844166 -10.727967 5.148778 14.700869 16.747198 -14.055731 -17.728230 21.326107
-4.104083 23.816898 -22.833164 0.541390 -6.384139 1.785840 11.126996 4.985223 13.004192 4.105143 -3.479802 8.506516 2.340971 -1.831652 4.177421 -10.824872 -2.415822 -4.043374 -4.907246 -12.473459 4.458857 0.059382 7.013926 -8.434899 6.556906 16.313177 15.012721 -11.876857 -18.601725 23.141539
-3.406068 21.516621 -24.096792 2.360734 -4.855041 2.877938 10.561131 4.864780 13.337134 3.409995 -3.227103 8.242186 3.883468 -1.950873 5.092515 -10.343221 -1.832118 -5.195475 -4.635211 -12.648083 5.667690 -1.120183 5.864819 -5.123584 8.557949 17.501055 15.698271 -9.210126 -19.177359 24.909367
-3.240282 21.343895 -24.412294 2.863132 -4.170739 3.024910 10.772601 4.963629 13.819533 3.064931 -3.079756 8.082720 4.730648 -1.874516 5.460582 -10.204535 -1.490590 -5.937789 -4.694669 -12.773054 6.888954 -0.889813 5.466558 -3.210587 9.362015 18.053049 15.005604 -8.447005 -19.430824 24.833252
-3.940050 21.108912 -24.558180 3.174143 -4.810838 2.992452 11.529108 4.948272 14.577809 3.039750 -2.921561 7.726906 4.431968 -2.118845 5.845199 -9.675374 -1.640237 -6.124671 -4.848429 -12.527031 6.877111 -0.976282 5.421351 -3.061798 9.153053 18.164129 15.102581 -8.157578 -19.248873 25.002789
-3.414476 21.122456 -24.452173 3.260136 -4.368532 3.467312 10.940552 5.142614 13.969457 2.973854 -3.013051 7.722878 4.671323 -2.100684 5.777218 -9.845368 -1.477538 -6.164955 -4.733846 -12.658440 6.944476 -0.953410 5.471332 -3.073685 9.013371 18.107862 14.931490 -8.244876 -19.164480 25.046904
-3.216525 21.187649 -24.383015 3.293710 -4.294936 3.596834 10.373421 5.226221 13.569861 3.071212 -3.140658 7.938998 4.971347 -1.903791 5.614695 -10.178974 -1.393309 -6.083566 -4.626009 -12.714268 6.911712 -1.177659 5.694251 -3.007840 9.049010 18.022247 14.831263 -8.396734 -19.076359 25.038216
-3.364865 21.061115 -24.509737 3.464225 -4.177443 3.553275 10.662328 5.191540 13.715096 3.069138 -3.095762 7.953868 4.920617 -2.002661 5.585220 -10.096177 -1.370107 -6.125910 -4.631540 -12.740734 6.962679 -1.031879 5.572198 -3.069788 9.015461 18.064711 14.865385 -8.334306 -19.111584 24.928692
-3.512041 21.083290 -24.468557 3.328326 -4.397071 3.560291 10.910268 5.098069 13.840829 3.093579 -3.072182 8.053492 4.946223 -1.897929 5.550642 -10.162727 -1.367761 -6.162167 -4.668159 -12.859821 6.969236 -1.059648 5.477427 -3.292243 8.829536 17.997915 15.010894 -8.245115 -19.176710 25.062162
-3.488341 21.060242 -24.505526 3.331389 -4.343573 3.550072 10.975289 5.084323 13.837132 3.041171 -3.079230 8.049524 4.940626 -1.915041 5.547079 -10.151829 -1.368577 -6.143715 -4.657023 -12.831875 6.949541 -1.079596 5.496297 -3.205304 8.931228 18.014652 14.956437 -8.259893 -19.196688 25.043932
-3.479882 21.095448 -24.490168 3.289541 -4.366946 3.533698 10.984865 5.074597 13.837201 3.046036 -3.072234 8.044336 4.929612 -1.899310 5.550181 -10.166621 -1.379669 -6.141923 -4.667936 -12.841112 6.905249 -1.090039 5.477386 -3.212948 8.938551 17.995155 14.972110 -8.282398 -19.217165 25.049530
