-14.083930 24.725760 -20.298624 21.356970 -10.277893 -4.712032 1.972644 0.642645 5.980133 -8.394526 -4.235817 1.264865 -1.363955 -9.789000 5.128538 -2.060497 -5.482103 3.338449 -9.699695 -2.675495 2.212544 15.967487 -13.559065 -0.126090 -30.098700 5.708127 12.182620 -16.095957 2.223770 8.709287
-14.136239 24.754501 -20.305847 21.426176 -10.304120 -4.807705 1.877056 0.559927 5.844354 -8.600130 -4.287572 1.209770 -1.362095 -9.805349 5.071775 -2.094656 -5.540020 3.359686 -9.816718 -2.540660 2.464079 16.073446 -13.458955 -0.557228 -30.523932 5.245863 12.154579 -16.186684 2.267437 8.654124
-15.806552 23.779415 -18.148836 21.226046 -8.452772 -2.921232 3.097962 0.576593 7.637190 -7.392316 -2.928703 1.162541 -1.808669 -10.013257 3.871877 -1.641281 -4.701863 3.503763 -9.437811 -2.283144 1.233825 15.325335 -13.865066 -1.322654 -30.685999 4.947464 9.300421 -14.591179 0.651520 9.596408
-16.112816 22.631136 -16.778189 22.384546 -7.324815 -2.548583 4.536947 1.245209 8.489118 -6.543046 -2.911952 1.298760 -1.977651 -10.309484 3.680696 -1.153805 -4.343509 3.707476 -9.444152 -1.807615 1.055650 14.916431 -14.493304 -2.186104 -30.944532 5.406298 8.282113 -12.835327 0.360799 10.270987
-17.071913 21.160738 -14.701467 22.688820 -5.734815 -1.573052 6.249089 2.394834 9.882624 -5.053766 -2.433283 1.512076 -2.387292 -10.490717 3.156552 -0.644243 -3.722965 3.823135 -9.462457 -1.334504 0.161208 14.543259 -15.325989 -2.786274 -31.804724 5.393540 6.764569 -10.614267 -0.301742 10.943859
-17.528969 19.963539 -13.214839 23.701305 -4.781899 -1.572886 7.247976 3.203145 10.329341 -4.672503 -2.272724 1.777111 -2.774747 -10.595150 2.814009 -0.308922 -3.088715 3.771656 -9.712085 -0.855375 0.076885 14.583452 -15.659217 -3.256614 -32.250462 5.522834 5.836953 -9.071692 -0.538216 10.788988
-17.821331 19.158569 -12.491567 24.720381 -4.078773 -1.826642 8.010837 3.565917 10.427454 -4.598239 -2.349539 1.942204 -3.111747 -10.741306 2.678011 -0.012930 -2.594532 3.849671 -9.898707 -0.582312 -0.539223 14.234064 -16.012400 -3.658331 -32.622810 5.485138 5.337705 -8.248306 -0.891955 11.119069
-18.166584 18.434132 -11.513415 25.467134 -3.615288 -1.958618 8.461626 3.959580 10.377934 -4.786222 -2.470418 1.824769 -3.302508 -10.769083 2.661941 0.031083 -2.302293 3.911787 -9.888730 -0.507717 -0.752191 13.836884 -16.222940 -3.930514 -32.694027 5.458261 4.936882 -7.638464 -0.949616 11.140314
-18.555851 18.061035 -10.970706 26.090446 -3.098702 -2.242738 8.941482 3.942526 10.387794 -4.663342 -2.729875 1.735123 -3.485376 -10.908676 2.597030 -0.010884 -1.955514 3.969518 -9.882917 -0.454825 -1.004254 13.402880 -16.603376 -4.374576 -32.801273 5.517749 4.502814 -7.142303 -0.975163 11.309026
-18.963999 18.078358 -10.617048 26.651508 -2.967499 -3.065575 8.643790 3.697212 9.873004 -5.130770 -3.066998 1.917797 -3.822988 -10.906343 2.636254 -0.109564 -1.795280 3.754599 -10.040943 -0.228192 -1.299501 12.992857 -16.777468 -4.884649 -33.084446 5.788054 4.244990 -6.237105 -1.167360 11.224628
-19.665236 18.355347 -9.671147 26.922693 -2.677061 -3.516906 8.547049 3.368789 9.383263 -5.219405 -3.475355 2.163603 -4.218840 -10.924032 2.705993 -0.220941 -1.788606 3.471015 -10.187699 0.051088 -1.743990 12.984079 -18.073690 -5.446777 -33.247097 5.863760 3.835840 -5.804019 -1.560785 10.451787
-20.636166 19.201481 -9.161765 27.074411 -2.759070 -4.251019 8.259232 2.470829 8.207713 -5.990548 -3.943645 2.422568 -4.766816 -10.949110 2.600801 -0.545525 -1.748084 3.106145 -10.240019 0.293212 -2.449897 12.612603 -18.509659 -6.074883 -33.133129 5.982093 3.372425 -6.055397 -1.706447 10.181900
-21.344513 20.012199 -8.777496 26.894464 -2.842495 -5.067517 7.730206 1.915197 7.034490 -6.488595 -4.400248 2.656465 -5.109981 -10.940294 2.560886 -0.833405 -1.850300 2.547632 -10.369167 0.592179 -2.919790 12.390802 -18.878965 -6.146875 -33.167362 5.774754 2.631484 -6.475492 -1.675464 9.563470
-22.151825 21.212616 -8.060588 26.189737 -2.811055 -5.060140 7.551527 1.202467 6.211545 -6.517841 -4.617741 2.943477 -5.678981 -10.950854 2.356674 -1.199283 -1.925767 2.252950 -10.244643 0.733245 -3.485311 12.279572 -19.817680 -5.836329 -33.291523 5.458791 2.195776 -7.278223 -1.651046 8.648425
-22.726849 22.432114 -7.892781 25.517351 -3.245751 -5.357295 7.137397 0.196327 4.971192 -7.092268 -4.810528 3.109475 -5.998809 -10.902809 2.301073 -1.506400 -2.117829 1.922803 -10.176957 0.992338 -3.665481 11.978511 -20.006334 -5.127427 -33.381508 4.976226 1.613327 -8.383962 -1.283343 7.907618
-22.883705 23.227875 -7.599644 24.753344 -3.844841 -5.019040 7.046749 -0.252210 4.636879 -7.216887 -4.833058 3.237281 -6.307762 -10.810852 2.104244 -2.004602 -2.442062 1.427727 -10.033431 1.136435 -3.819478 11.446235 -19.712397 -4.174040 -33.523540 4.281042 1.388823 -9.584146 -0.975644 7.851844
-22.882162 24.840914 -7.580976 23.705687 -4.360166 -5.015810 6.551321 -0.720411 3.911534 -7.056585 -4.822427 3.319222 -6.878566 -10.672421 2.033504 -2.608210 -2.806658 1.143588 -9.797032 0.981381 -3.695651 10.805685 -19.543047 -2.530823 -34.131596 3.382149 1.142730 -10.668042 -0.082814 7.102723
-22.928005 25.995651 -7.840858 22.981855 -4.712367 -4.872913 6.305895 -1.433147 3.484914 -7.131900 -4.837612 3.308156 -7.096739 -10.399401 2.180325 -3.085135 -3.078985 0.950562 -9.764619 0.769226 -4.290078 9.951799 -19.457289 -1.568063 -34.147072 2.740601 1.263987 -12.114228 0.573696 7.035196
-22.970741 26.770313 -8.296267 22.259546 -4.941555 -4.614279 5.927464 -1.921775 3.384242 -7.086563 -4.999365 3.321027 -7.139586 -10.076466 2.445410 -3.496188 -3.360723 0.676712 -9.895125 0.554252 -4.485185 9.407771 -18.997835 -0.197801 -34.327702 2.040151 1.906324 -13.251681 1.404419 7.202959
-22.641361 27.824039 -8.845078 21.956484 -5.106737 -4.113219 5.435744 -2.531733 3.189661 -7.116802 -4.894189 3.299698 -7.135770 -9.898182 2.500416 -3.692175 -3.482934 0.492576 -9.926269 0.512996 -4.877534 9.434516 -19.242384 1.036391 -34.617832 1.497590 2.257646 -13.963758 1.783460 7.258021
-22.726694 27.646746 -8.869548 21.996891 -5.051098 -4.093690 5.353411 -2.577756 3.155279 -7.299068 -4.880055 3.361413 -7.049179 -9.848661 2.586898 -3.691959 -3.562484 0.566936 -9.931556 0.460613 -5.095612 9.474119 -19.247305 0.956236 -34.608807 1.584373 2.265011 -14.049835 1.799117 7.193668
-22.766731 27.674442 -8.841788 21.985910 -5.026390 -4.081340 5.357164 -2.607746 3.149137 -7.290786 -4.846129 3.365383 -7.053058 -9.822294 2.586287 -3.689038 -3.531668 0.563802 -9.944359 0.443621 -5.058692 9.508351 -19.214420 0.959688 -34.622471 1.601768 2.292260 -13.985813 1.786005 7.186674
-21.111326 26.098248 -7.641303 23.897381 -5.712760 -7.760700 7.250813 0.363032 1.431912 -5.541920 -5.499113 2.690204 -6.832462 -11.457328 1.604259 -3.163948 -2.779902 0.686121 -8.688233 1.937515 -1.711905 9.256809 -19.694143 -3.173454 -34.053902 3.861837 1.040311 -10.117596 1.613987 4.467834
-19.221979 22.018192 -8.122457 26.225420 -4.552330 -8.533463 8.396049 3.477028 3.897174 -3.637063 -5.436161 1.971853 -6.145501 -12.388888 1.306604 -2.558479 -2.058954 1.708816 -7.839208 2.435913 0.613319 9.245645 -18.923874 -6.311959 -33.129135 5.845866 2.433613 -7.167094 2.375617 4.858042
-18.018440 20.586853 -7.878609 24.222210 -5.710668 -8.026377 8.357011 6.039201 4.937165 -2.084124 -4.667814 0.735729 -5.364932 -12.815971 1.171252 -2.433917 -1.738533 2.649560 -6.844426 2.319411 2.578703 8.118903 -18.239023 -6.102354 -32.648937 6.002254 4.166938 -6.662944 3.875119 6.184211
-17.317968 19.985043 -7.514503 20.404367 -7.590568 -7.517463 8.030589 8.783090 4.617683 -1.059083 -3.913583 -0.773754 -4.553926 -12.849989 0.923910 -2.895835 -1.651532 3.157389 -6.099964 1.611407 4.169697 7.407214 -17.680517 -5.973694 -31.948965 5.947953 5.416377 -7.264445 5.108406 6.666555
-16.730022 20.640163 -7.481998 17.393198 -9.905861 -4.534782 4.793363 9.202832 5.642442 -0.906334 -3.328465 -0.196130 -4.576613 -12.182901 1.886544 -2.335063 -2.043827 4.428425 -6.762111 0.280456 5.274299 7.253118 -17.769590 -4.380160 -30.632254 4.687859 6.766051 -8.279795 5.217048 10.338632
-14.887134 20.869015 -8.942834 16.233767 -10.484637 -7.112010 4.133680 10.980779 5.722937 1.423165 -3.376265 -1.508850 -4.324121 -12.885293 1.103821 -3.126738 -2.176814 4.335284 -5.386359 0.254837 6.764388 6.453901 -16.596251 -6.233651 -29.809217 6.046673 8.128494 -9.067609 6.840175 8.269797
-11.924358 21.814571 -11.194372 15.987057 -11.360550 -10.103997 1.765305 12.463117 6.705895 4.090887 -3.190022 -2.670511 -3.561075 -13.774411 0.683739 -3.461522 -2.822801 5.331195 -3.645541 -0.449919 7.647487 5.645769 -15.188779 -9.300347 -28.246717 8.152685 11.830012 -9.213167 8.079254 7.881505
-11.799809 21.794151 -11.292431 16.039942 -11.189404 -10.310277 1.935480 12.648317 6.801991 4.335937 -3.148782 -2.800307 -3.581274 -13.918724 0.513468 -3.553118 -2.807303 5.283402 -3.432675 -0.456020 7.736136 5.690425 -14.968884 -9.390735 -28.316710 8.348086 12.264186 -9.025708 8.224253 7.898464
-11.817268 21.778584 -11.387395 16.046673 -11.063849 -10.426335 1.957201 12.615950 6.734706 4.297904 -3.144589 -2.822840 -3.565157 -13.923542 0.475220 -3.576664 -2.829942 5.240731 -3.415373 -0.455760 7.851110 5.670085 -14.974929 -9.456460 -28.297241 8.399391 12.232063 -8.976538 8.250230 7.800018
-11.957312 21.652029 -11.183913 16.110344 -11.009951 -10.467338 2.066126 12.647571 6.650303 4.226949 -3.156602 -2.699520 -3.643415 -13.903625 0.438068 -3.580703 -2.819319 5.127793 -3.467503 -0.353490 7.722200 5.649572 -14.984771 -9.541635 -28.421097 8.444941 12.010440 -8.842089 8.174951 7.649850
-11.956319 21.645296 -11.238161 16.074551 -11.080603 -10.523459 1.962217 12.652316 6.600210 4.161970 -3.218134 -2.677934 -3.670730 -13.897736 0.455652 -3.617915 -2.806333 5.099632 -3.467347 -0.292142 7.667342 5.637099 -14.946813 -9.525640 -28.465731 8.508320 11.989928 -8.873225 8.179210 7.474662
-11.689611 21.839085 -11.348200 16.098568 -11.209583 -10.282805 1.864745 12.687451 6.745979 4.327964 -3.080049 -2.783678 -3.605911 -13.932765 0.444205 -3.535093 -2.807198 5.269506 -3.391148 -0.498739 7.666368 5.693407 -14.963695 -9.531825 -28.277548 8.397038 12.412156 -9.121846 8.249993 7.973809
-11.695910 21.828953 -11.350389 16.093460 -11.218330 -10.279255 1.865888 12.687713 6.747489 4.317863 -3.072631 -2.781703 -3.601260 -13.936190 0.442336 -3.528121 -2.803403 5.273520 -3.393325 -0.491227 7.670595 5.701005 -14.957749 -9.495909 -28.292427 8.386569 12.410336 -9.099843 8.251681 7.983369
-11.685517 21.800121 -11.384288 16.078144 -11.205637 -10.372589 1.861095 12.748924 6.769576 4.374865 -3.058949 -2.785957 -3.611009 -13.921366 0.448714 -3.544050 -2.799869 5.255066 -3.401314 -0.477591 7.667997 5.744725 -14.998446 -9.540691 -28.321468 8.429379 12.236370 -9.021286 8.212587 7.898615
-11.621823 21.835535 -11.385916 16.057589 -11.147758 -10.382882 1.973977 12.796865 6.846600 4.464130 -3.041624 -2.807012 -3.624366 -13.945728 0.435573 -3.546482 -2.777209 5.274383 -3.373821 -0.456427 7.659634 5.766954 -14.985584 -9.473484 -28.408596 8.401911 12.208907 -8.990500 8.252255 7.854031
-11.712211 21.897661 -11.428612 16.129042 -11.128370 -10.394691 2.053471 12.683234 6.892862 4.358727 -3.064327 -2.753509 -3.664186 -13.934610 0.460365 -3.530316 -2.805745 5.252921 -3.416007 -0.510149 7.588258 5.695931 -14.563400 -9.482475 -28.389854 8.384133 12.016295 -9.063523 8.232386 7.985328
-11.722949 21.913013 -11.357030 16.128218 -11.108864 -10.390386 2.061990 12.697425 6.897326 4.413105 -3.072018 -2.757046 -3.696031 -13.943995 0.449485 -3.525980 -2.803611 5.256856 -3.417080 -0.530583 7.599345 5.671279 -14.539845 -9.516242 -28.409805 8.380753 12.097263 -8.973971 8.238271 8.039871
-11.764621 21.904804 -11.314869 16.036448 -11.176965 -10.409851 2.038923 12.691349 6.903299 4.396527 -3.125695 -2.823197 -3.576766 -13.929794 0.525906 -3.543337 -2.799276 5.294326 -3.428475 -0.474174 7.608217 5.648038 -14.534970 -9.396094 -28.404203 8.337906 12.077847 -9.100451 8.217453 8.058223
-11.931432 21.896313 -11.373760 16.096611 -11.176897 -10.518556 2.050646 12.527613 6.809330 4.219747 -3.129570 -2.761250 -3.539247 -13.916769 0.482571 -3.526793 -2.824748 5.238691 -3.451156 -0.481844 7.495207 5.466304 -13.597785 -9.507580 -28.354069 8.505849 11.709448 -9.099324 8.140749 8.298482
-11.375478 21.835188 -11.185193 15.970005 -10.772959 -9.922262 1.316959 12.787076 6.056694 4.448907 -3.178550 -2.759990 -3.542216 -13.880436 0.543310 -3.525217 -2.792241 5.226333 -3.526274 -0.421848 7.430642 5.177845 -13.178292 -9.573556 -28.332346 8.510718 11.534359 -9.169457 8.199342 8.349279
-9.560670 20.051287 -12.600507 15.976732 -11.973564 -9.684261 1.246824 14.335273 8.033106 5.687796 -2.414171 -3.691496 -2.117852 -14.102754 0.544440 -3.085758 -2.485335 6.107149 -2.883807 0.272933 10.039248 6.140547 -14.188901 -9.908286 -27.426392 8.799562 13.134477 -7.890039 8.641468 8.499269
-7.717556 18.117607 -12.686145 16.456724 -14.410868 -9.049227 0.993941 16.428507 9.854730 5.996406 -1.935531 -4.594096 -0.376293 -13.913074 1.193517 -2.419749 -1.379025 7.360537 -3.015831 2.024438 12.721238 7.718554 -13.728221 -11.014354 -25.711838 9.385061 14.478997 -6.869401 8.021621 9.760659
-5.488176 17.950283 -11.378952 16.816559 -16.155031 -7.690647 -0.883807 18.461868 9.165014 6.357064 -1.717925 -5.029565 0.770789 -13.819497 1.147460 -1.842307 -0.108762 7.735860 -3.545469 3.101828 15.242466 7.504466 -9.547037 -9.738579 -25.235262 8.804346 13.008078 -4.276893 7.687095 13.806115
-5.671242 16.931599 -8.890464 17.390987 -17.008350 -5.986032 -0.509832 18.990953 9.471258 6.274132 -1.582049 -5.156103 1.255751 -13.680122 0.775870 -1.148593 0.621383 7.389663 -4.165479 3.352890 16.954443 7.266026 -11.917516 -8.092505 -25.620958 7.835020 13.117465 -1.039525 8.387146 16.113539
-6.155205 14.739602 -7.710495 17.707954 -17.819239 -5.437555 0.139290 19.141134 10.135323 5.760756 -1.478240 -5.360255 1.701853 -13.608105 0.505293 -0.702120 1.441150 7.068136 -4.528322 3.580587 18.886038 6.072613 -13.837792 -5.891576 -25.475487 6.620273 11.848592 -0.543053 10.343047 16.608896
-5.397589 12.653679 -7.246246 17.644243 -19.768684 -4.312546 0.371177 20.431843 9.720654 4.049304 -1.318812 -5.896153 2.881054 -13.468128 0.554154 -0.201935 2.095638 6.718204 -5.241570 3.703485 21.103159 5.598265 -13.250852 -4.372696 -24.341282 5.892348 9.822082 -2.706925 12.814121 16.340082
-4.232285 10.512009 -7.875179 17.802307 -21.910017 -3.293217 0.110941 22.192026 8.882502 1.821629 -0.711095 -6.323717 4.289988 -13.291593 0.341141 0.624332 2.350379 5.727547 -6.400197 3.564442 24.461287 7.194741 -12.576573 -1.892763 -24.453249 5.043955 7.841108 -4.656615 15.131836 14.260794
-3.882672 7.721230 -7.110572 18.229694 -23.567266 -1.318880 0.527649 24.321692 8.586122 -0.289838 -0.153856 -6.835657 5.589328 -13.012436 0.145105 1.378001 2.544884 4.449432 -7.749900 3.007639 27.689863 12.790855 -11.010658 -1.020479 -26.075218 6.131834 4.274294 -4.822170 15.208513 11.018809
-3.338748 5.751220 -5.133135 18.352131 -24.967743 2.251134 1.692297 26.537722 8.878449 -2.461509 -0.086819 -7.304114 5.845421 -13.040703 -0.518946 1.631249 2.830096 3.177169 -8.388719 1.969761 28.601648 16.736166 -11.960586 -0.352436 -27.541834 6.242371 -1.470501 -4.260042 13.791809 10.729243
-3.655132 4.382164 -2.351333 18.743017 -25.030741 6.220873 4.394044 27.864548 9.503091 -2.900063 -0.129229 -7.902077 5.372213 -13.173832 -1.610587 1.552520 3.272966 1.756867 -8.813674 0.852154 28.587307 18.538280 -14.657417 2.238590 -29.361923 5.298293 -6.412133 -5.129939 15.696993 10.350688
-4.524479 3.656983 -0.252643 19.413752 -25.503899 7.870880 8.066235 28.358187 10.348323 -2.957861 -0.355849 -8.269666 4.789590 -13.402719 -2.495100 1.106770 3.503521 0.723430 -8.856154 0.220369 27.826498 19.043943 -16.399214 3.367770 -30.138653 5.033951 -9.124822 -7.331666 17.869993 7.903061
-4.104724 4.132028 -1.297307 19.917828 -23.847742 6.502632 7.715223 27.930410 8.912854 -2.639463 -0.249554 -7.719023 4.478471 -13.644741 -2.658355 1.223463 3.284187 0.646713 -8.757752 0.780488 27.971270 17.348700 -14.722834 1.877753 -29.693321 5.664377 -8.250535 -5.984866 16.725981 9.129145
-6.389954 5.576909 -1.766909 20.123398 -21.926512 5.474517 8.203080 26.702551 7.884571 -2.721216 -0.172917 -6.538863 3.672184 -13.972453 -2.561519 1.433195 2.936396 1.395467 -8.347991 1.189502 27.310648 16.824881 -14.170471 -0.088714 -29.232124 7.101459 -8.523470 -6.163266 14.360873 8.644919
-7.945993 6.349249 -1.263008 20.361576 -20.235159 5.046381 9.006017 26.208872 7.246669 -2.146753 -0.391518 -5.518111 2.454532 -14.293518 -2.970295 1.260870 2.986910 1.410524 -8.197948 1.355778 26.802103 14.182972 -14.451640 -1.142091 -28.942003 7.443202 -8.125099 -6.006256 14.091530 7.752470
-7.658740 6.724719 2.079760 19.838655 -21.461649 5.800222 9.094237 27.601961 7.248471 -0.025202 -0.576759 -5.704892 1.770089 -14.505314 -3.951731 1.242958 3.018800 0.409258 -8.244369 1.019155 26.371611 12.054070 -16.850685 -1.401373 -29.155806 7.560461 -7.574285 -4.519578 15.237461 7.637578
-6.468183 7.742851 5.028624 18.602417 -24.170845 5.904753 6.316651 28.243662 8.806495 2.384615 -1.161062 -5.873561 0.351074 -14.791603 -4.837270 0.947415 3.303846 -0.442850 -7.809606 0.322526 26.047464 11.029397 -17.727961 0.296084 -29.769293 5.279640 -8.796965 -3.875817 18.406696 11.216374
-6.437649 7.588998 4.954658 18.635706 -24.239325 6.140534 6.427495 28.178991 9.082543 2.159445 -1.095276 -5.805187 0.256456 -14.801665 -4.943990 0.881443 3.254941 -0.595977 -7.796511 0.336426 25.844744 10.516230 -17.690462 -0.085292 -29.589619 5.270721 -8.449262 -3.817015 18.194002 11.192367
-6.509807 7.463068 5.042715 18.317860 -24.684242 6.292415 6.552571 28.519697 8.906312 2.295707 -1.137445 -5.886626 0.302618 -14.704041 -4.947024 0.851895 3.404499 -0.617610 -7.948975 0.141289 25.574671 10.296480 -17.748274 -0.016215 -29.647276 5.128769 -8.120906 -3.776419 18.209709 11.397374
