3.151477 30.003586 -6.799022 12.476142 9.088692 -4.505063 -3.511687 6.541667 -2.902561 -20.490057 2.411362 2.961204 4.078366 -9.238935 -3.416392 -5.157201 -4.083231 8.627823 -2.996523 -7.060491 4.309219 6.287461 7.539196 1.403565 2.534031 23.675051 -0.517086 -24.467688 -4.345725 20.020817
3.147210 30.038721 -6.753176 12.583399 9.091700 -4.531672 -3.564884 6.473826 -3.075728 -20.778748 2.454509 2.966992 4.065814 -9.250101 -3.476498 -5.145422 -4.105393 8.635160 -3.024477 -7.018611 4.654317 6.306251 7.531553 0.991959 2.972992 23.879408 -0.484886 -24.774101 -4.393666 20.130981
-3.697124 15.180006 3.920570 23.044115 15.416869 -9.034821 7.089946 12.457799 -6.981708 -25.635431 3.671345 4.318123 1.891302 -12.511801 -10.534796 -4.411676 -1.172772 3.648781 -0.955513 -0.280054 8.112210 4.170255 1.677205 -9.209060 3.323479 28.767191 -17.224035 -13.780670 -6.681933 9.620854
-3.890371 13.984671 4.910248 23.960958 15.275681 -9.477616 6.184562 11.896561 -6.240162 -27.105909 3.886058 4.806437 2.803594 -12.726554 -11.060228 -3.920759 -1.032702 2.979174 -1.527331 0.623944 8.267253 5.690108 1.643284 -10.763774 3.740324 29.107927 -16.712408 -11.254375 -9.218807 10.232261
-5.035144 13.769154 6.099477 24.698154 16.421431 -8.160798 4.620268 11.233241 -3.470657 -26.505716 4.519884 5.415559 2.571256 -12.089434 -11.863503 -3.885260 -0.497403 2.139042 -2.438506 0.310287 8.641599 8.098542 1.196438 -12.020308 3.856285 29.897741 -15.908305 -7.910116 -11.152149 12.438334
-5.890706 14.114655 6.886535 25.142151 17.180286 -7.731308 3.680719 10.887263 -2.267741 -25.784809 4.586783 5.668816 2.217107 -11.890119 -12.293972 -3.844979 0.095510 1.789262 -2.795451 0.344142 8.330445 9.037931 0.254579 -12.725228 3.671704 30.467457 -16.820364 -5.536119 -11.820051 14.621334
-6.283398 14.199892 7.313153 25.275175 17.443535 -7.594053 3.190110 10.666789 -1.837252 -25.469881 4.612403 5.797734 2.035557 -11.847660 -12.476536 -3.720506 0.456563 1.648811 -2.938004 0.435539 8.048285 8.829139 -0.118012 -12.765477 3.686991 30.467749 -17.190920 -5.149979 -11.595083 15.445554
-6.394917 14.303001 7.342426 25.419409 17.698582 -7.532419 3.341789 10.564780 -1.640516 -25.375532 4.605533 5.810719 2.022416 -11.875635 -12.500809 -3.707990 0.471463 1.667631 -2.921903 0.448729 8.068339 8.896889 -0.135010 -12.861792 3.722751 30.556068 -17.175430 -5.007798 -11.602818 15.387518
-6.361511 14.297747 7.270734 25.472639 17.649939 -7.553424 3.166291 10.455039 -1.603340 -25.446392 4.590600 5.820418 1.992554 -11.850307 -12.537651 -3.707667 0.547767 1.622775 -2.956202 0.474545 8.060788 8.868181 -0.189321 -12.901620 3.726753 30.562197 -17.289557 -4.919535 -11.603455 15.529908
-6.434447 14.331805 7.304082 25.508467 17.696465 -7.527603 3.178205 10.415606 -1.594078 -25.427212 4.600679 5.844090 1.969895 -11.845726 -12.539762 -3.698808 0.553634 1.618179 -2.962953 0.468895 8.009039 8.837143 -0.253650 -12.925467 3.766416 30.558872 -17.314175 -4.891449 -11.634230 15.661202
-6.442820 14.343667 7.306301 25.474974 17.694033 -7.556770 3.158659 10.411234 -1.601936 -25.407898 4.600785 5.839519 1.981056 -11.846615 -12.548265 -3.703526 0.541046 1.612965 -2.960541 0.455693 8.011396 8.829210 -0.244628 -12.879846 3.750823 30.504347 -17.287550 -4.912514 -11.635859 15.611535
-6.456936 14.339854 7.298159 25.468832 17.734917 -7.536063 3.170868 10.415328 -1.564968 -25.391409 4.601131 5.838160 1.979059 -11.852674 -12.561811 -3.695166 0.543479 1.616671 -2.978858 0.470513 8.026094 8.832464 -0.219429 -12.879663 3.741907 30.516268 -17.268005 -4.899161 -11.641788 15.619820
-6.484357 14.326530 7.314497 25.485237 17.751101 -7.494498 3.218120 10.411902 -1.571284 -25.385473 4.602050 5.839007 1.979143 -11.847463 -12.555744 -3.705794 0.548317 1.604875 -2.966311 0.456605 7.991355 8.794544 -0.244522 -12.890648 3.732508 30.486464 -17.258406 -4.912676 -11.654889 15.631043
-6.439631 14.352397 7.307675 25.477966 17.690186 -7.563130 3.124823 10.387420 -1.611181 -25.461107 4.595395 5.822114 1.980970 -11.861012 -12.548209 -3.709418 0.543213 1.613125 -2.951753 0.450706 8.012302 8.861238 -0.243036 -12.947520 3.812794 30.555952 -17.291372 -4.892156 -11.717104 15.654683
-6.460430 14.364649 7.315337 25.465109 17.690027 -7.521244 3.119340 10.367989 -1.600636 -25.460905 4.601154 5.823848 1.989738 -11.850506 -12.544210 -3.707917 0.536592 1.613566 -2.958566 0.444432 8.015864 8.886120 -0.239242 -12.929660 3.811960 30.542253 -17.301767 -4.905125 -11.738594 15.648862
-6.437462 14.362581 7.296554 25.490873 17.688622 -7.529001 3.115500 10.341252 -1.607804 -25.466768 4.614968 5.827825 1.998651 -11.848950 -12.553097 -3.683611 0.557270 1.612666 -2.989622 0.474738 8.011960 8.872534 -0.206115 -12.923631 3.769749 30.589325 -17.309103 -4.936819 -11.653545 15.667033
-6.437161 14.347416 7.288102 25.472532 17.704885 -7.559990 3.156752 10.345922 -1.618729 -25.468132 4.608266 5.828848 1.999966 -11.840034 -12.542138 -3.694511 0.548705 1.614810 -2.970344 0.462963 8.012056 8.882280 -0.216417 -12.899385 3.812676 30.563173 -17.290409 -4.916082 -11.693676 15.609286
-6.430379 14.346411 7.287381 25.476276 17.691854 -7.546862 3.147685 10.361480 -1.606528 -25.462805 4.604057 5.823256 1.999141 -11.840588 -12.541658 -3.696707 0.552972 1.615863 -2.969319 0.460954 8.023340 8.894099 -0.224396 -12.898211 3.811377 30.560076 -17.301245 -4.904092 -11.700987 15.618931
-6.440560 14.339108 7.292338 25.475660 17.677193 -7.532177 3.140577 10.383193 -1.599998 -25.466169 4.609453 5.830024 1.988759 -11.836828 -12.534866 -3.700658 0.551510 1.613435 -2.964907 0.447258 8.039017 8.909788 -0.210168 -12.918164 3.782518 30.553061 -17.305441 -4.909066 -11.706312 15.634270
-6.451586 14.329815 7.296504 25.481026 17.683094 -7.534730 3.138633 10.383197 -1.603101 -25.475718 4.611502 5.827029 1.992101 -11.834453 -12.537045 -3.703635 0.548794 1.611555 -2.963596 0.444062 8.030966 8.903095 -0.216619 -12.925706 3.787466 30.553102 -17.305857 -4.910353 -11.722311 15.650185
-6.459053 14.327158 7.303935 25.488026 17.699781 -7.513323 3.109270 10.334991 -1.596387 -25.488115 4.604712 5.825448 1.988520 -11.837198 -12.540625 -3.698762 0.563520 1.613216 -2.969318 0.455768 8.045184 8.919580 -0.204919 -12.927949 3.784021 30.568117 -17.312414 -4.904785 -11.704357 15.630602
-6.458913 14.334649 7.299737 25.484274 17.698809 -7.513718 3.105588 10.317906 -1.599550 -25.489347 4.604144 5.825646 1.985888 -11.841145 -12.542175 -3.699686 0.562736 1.613319 -2.970179 0.454914 8.079518 8.958977 -0.199905 -12.952565 3.779592 30.575041 -17.333799 -4.889687 -11.720565 15.621243
-5.878878 -5.671078 2.994584 15.315368 8.493226 12.978223 1.883813 17.767887 3.950619 -29.376680 8.384740 6.408033 5.859271 -7.999792 -9.616947 -3.168178 -2.016746 -2.480445 -3.573051 6.030997 18.911036 6.932832 1.835986 -1.333196 3.569431 18.483122 -14.135628 9.356580 -24.886805 9.763433
-7.492983 -11.502981 0.395858 9.514412 7.765618 18.275881 5.812896 18.133291 4.535555 -28.092253 9.478868 5.181977 4.953006 -6.675161 -7.389252 -3.867886 -2.468055 -3.109274 -2.891554 7.799404 17.807451 2.539246 2.619509 4.602386 0.713932 12.230018 -16.756805 8.242099 -26.037079 2.186913
-7.468047 -13.026126 -0.297980 5.772951 8.764961 18.147707 5.482558 18.545019 4.295832 -27.656977 9.538560 4.288435 4.645154 -6.030765 -6.612802 -3.911788 -2.576179 -3.600255 -2.816725 7.815905 16.877687 0.371863 2.356844 6.371691 1.799363 11.349842 -15.762116 8.382081 -26.397718 -0.506474
-6.248967 -12.324827 -1.851358 7.251626 14.581468 10.436551 3.686142 15.132182 5.051672 -29.902811 9.618290 5.747559 5.659733 -5.215464 -8.508806 -4.637112 -4.186077 -3.331205 -3.578132 7.926767 15.890536 1.386396 1.255924 3.627403 5.193307 13.621652 -11.254831 9.738086 -28.437967 0.098698
-7.985017 -14.780725 -3.839642 5.127870 13.751411 14.564577 5.640556 14.462932 5.012387 -27.562943 9.905272 4.594886 4.707074 -4.834909 -6.624367 -4.406668 -3.836570 -3.817715 -2.748034 8.290731 15.550073 -1.097411 0.835833 5.783882 3.910214 10.719489 -11.658191 9.364765 -28.077791 -2.701662
-8.739695 -17.689335 -5.511278 1.995569 11.380466 17.585489 7.451688 14.927682 3.579033 -25.621592 10.291912 3.736891 4.096979 -4.435844 -5.392120 -4.318806 -3.252899 -3.859198 -1.365243 8.485536 14.840310 -3.750150 1.227371 7.680127 2.498116 8.452728 -12.444363 8.936462 -27.253309 -5.451690
-9.684251 -20.506504 -7.727106 -1.977006 8.842755 18.616844 8.683204 15.322946 0.168969 -23.290617 10.709125 2.823035 3.832528 -4.036195 -4.149244 -4.708595 -2.746343 -4.403296 0.347478 8.786462 13.739949 -6.742115 1.601529 10.300494 1.561852 6.095105 -13.879493 7.628429 -26.716059 -8.153774
-10.781610 -21.688850 -13.947983 -4.875503 1.665813 18.679491 7.164843 14.518146 -5.444708 -16.420835 10.665908 1.283414 4.368331 -4.257292 -2.282387 -5.392618 -2.796315 -4.986103 2.836541 8.812206 13.817266 -8.871401 3.846445 13.525254 0.356934 5.998408 -13.758794 5.409510 -23.514565 -14.283798
-11.753289 -21.722383 -18.569653 -4.153377 -0.949234 17.782707 7.725715 13.265356 -9.033713 -12.184879 10.600480 0.490082 4.866657 -3.922403 -1.026551 -6.158433 -3.360317 -4.637259 4.718751 8.702788 13.283117 -9.728585 5.486064 14.835845 0.275206 6.617563 -12.721444 4.080251 -22.376322 -17.399889
-10.574187 -18.728519 -26.646830 -0.959691 -7.245074 16.352833 4.587855 12.138417 -14.874185 -4.153561 9.499795 -2.544567 6.542333 -4.000292 1.959439 -6.833986 -4.011698 -4.141840 6.706303 6.409234 12.262998 -9.720828 10.991849 17.940037 -0.450277 8.759790 -8.912530 1.253152 -19.378183 -19.496952
-8.574088 -14.436971 -31.140551 1.308692 -8.074154 13.785850 3.564794 11.599585 -17.425314 0.020384 9.336204 -4.599768 7.760819 -3.896812 4.459680 -6.650867 -5.048795 -3.482192 7.738210 4.565102 12.142230 -9.698620 14.429722 19.919535 -0.399674 9.716349 -5.086152 -0.525730 -17.801632 -20.102589
-8.700637 -13.678636 -31.811024 0.454953 -7.547797 13.284387 4.050481 10.866651 -18.213547 0.474863 9.355934 -4.543842 7.717492 -4.022623 4.857439 -6.566377 -5.535958 -3.046571 8.123096 4.715517 11.475404 -10.551750 14.321218 19.375338 -0.501659 9.422695 -3.989630 -0.930732 -17.845282 -20.620838
-8.267358 -12.581302 -32.197548 0.741807 -7.604937 13.004462 3.671864 10.566265 -18.774485 0.843444 9.142653 -5.155210 7.820004 -3.907841 5.254631 -6.640224 -5.442445 -3.147436 8.128037 4.426660 11.474103 -10.707548 15.222133 19.725574 -0.527355 9.456683 -2.807541 -1.174570 -17.126272 -20.412163
-8.339120 -12.604153 -32.306820 0.810861 -7.690183 12.923814 3.804639 10.543454 -18.682310 1.020199 9.127456 -5.142873 7.755038 -3.906383 5.200072 -6.639997 -5.461529 -3.152122 8.115937 4.382621 11.482610 -10.805333 15.070161 19.698967 -0.477212 9.440733 -2.785128 -1.037384 -17.229959 -20.292107
-7.890931 -11.949548 -32.615448 1.041875 -8.027131 12.580044 3.468452 10.498404 -19.025433 1.241070 9.072866 -5.400248 7.903889 -3.940596 5.474289 -6.632379 -5.564846 -3.099093 8.165961 4.120269 11.952493 -10.766188 15.222116 20.275829 -0.234845 9.556422 -2.389149 -1.146425 -16.964548 -20.034166
-7.402379 -11.361641 -32.823223 1.379008 -8.128046 12.565183 3.004364 10.555597 -18.996483 1.523659 9.035996 -5.703787 7.995671 -3.859125 5.673994 -6.447587 -5.427220 -2.890785 7.983736 3.677796 12.759244 -10.628518 15.622679 20.740612 -0.290644 9.647807 -1.909965 -1.064316 -16.356104 -19.493105
-6.333153 -10.063423 -32.813099 1.634168 -8.196910 12.089139 2.223929 11.006478 -18.721010 1.968327 9.117690 -6.202375 8.359957 -3.795874 6.113214 -6.428920 -5.238492 -3.230915 7.918586 3.355182 13.162732 -10.378059 16.269846 21.236221 -0.242890 9.896511 -0.933592 -1.227253 -15.443898 -19.027765
-6.741209 -10.383305 -33.046783 1.606810 -8.026129 12.200071 2.356756 10.650071 -18.782042 1.837758 9.123150 -6.135184 8.335910 -3.854038 6.023053 -6.366884 -5.310008 -3.170135 7.924125 3.551018 12.903037 -10.530912 16.088366 20.827175 -0.381985 9.644454 -1.191779 -1.279347 -15.982086 -19.159019
-6.938215 -10.870762 -32.829342 1.627128 -8.101531 12.535875 2.706308 10.575410 -18.797489 1.698029 9.030834 -5.985334 8.216813 -3.881065 5.913105 -6.433206 -5.334919 -3.038630 7.969039 3.623157 12.719455 -10.577235 15.805033 20.740316 -0.407818 9.654842 -1.671132 -1.091305 -16.171291 -19.192940
-6.978376 -10.960896 -32.917675 1.630792 -8.068937 12.537633 2.801615 10.498844 -18.837116 1.608862 9.085871 -5.808275 8.206809 -3.893047 5.957727 -6.299715 -5.436171 -2.892740 7.987346 3.734935 12.741868 -10.587742 15.770223 20.673159 -0.280808 9.593020 -1.553253 -1.035022 -16.340345 -19.194244
-10.398276 -12.978233 -32.121342 -0.448030 -6.660058 12.036706 5.468846 8.799227 -18.455793 1.151907 9.434066 -4.079302 6.647778 -3.867242 5.233307 -6.349855 -5.638519 -2.187734 8.512326 4.948713 9.037352 -11.964134 13.414665 17.949024 -0.281904 9.045616 -2.563390 -0.989067 -17.947205 -20.373856
-12.709405 -15.589357 -28.615080 -3.130274 -4.463313 12.927541 8.369792 7.638864 -17.125673 -1.686764 9.391806 -1.581165 4.312375 -3.507194 3.452811 -6.713190 -5.713684 -1.689798 8.299294 6.736005 8.367911 -13.112948 9.997537 15.497119 0.199505 7.773639 -4.399504 0.107605 -20.141375 -21.230503
-14.468471 -16.957106 -24.040915 -6.060639 -0.034451 11.988449 11.689277 6.993069 -14.125031 -5.337350 9.479310 0.465866 2.362305 -2.990792 1.908026 -7.046668 -5.200915 -1.776121 7.661506 7.668643 7.496070 -14.918897 6.083151 12.817046 0.890012 5.898842 -3.732508 2.723378 -22.003054 -20.525583
-15.438878 -17.133453 -20.292616 -7.419514 4.956612 12.478440 14.459981 5.986755 -12.467517 -8.325113 9.883981 2.722934 0.906585 -3.059381 0.811045 -6.741352 -5.012740 -1.156921 7.104231 8.632664 7.483057 -16.258978 3.466595 10.953047 2.134612 5.224804 -3.646518 4.492422 -23.156853 -19.032497
-16.529947 -16.292347 -17.934916 -8.622997 7.961350 12.178262 15.753186 4.720284 -11.633065 -9.646900 9.707580 3.568527 0.070835 -2.812947 0.349508 -6.801110 -5.033874 -0.633798 6.604296 8.999474 6.513923 -17.962528 2.735133 9.125245 2.856518 4.754821 -2.634991 5.137274 -24.132153 -17.943985
-17.623997 -15.143466 -14.730599 -10.239594 11.466324 11.325593 17.253233 3.640615 -10.129465 -12.175942 9.531542 3.948908 -0.647568 -2.280703 0.028437 -6.775270 -4.838085 0.261143 5.419634 9.513653 6.262738 -19.499495 1.208457 7.705952 3.855479 4.040487 -2.195791 5.780734 -24.394377 -15.327476
-18.619749 -13.004011 -10.981597 -10.618111 14.882193 11.368646 19.025648 2.683318 -9.532478 -13.473699 9.168466 5.251994 -1.339313 -1.845260 -0.560905 -6.759762 -4.024264 1.829440 4.705691 9.274058 5.865026 -21.013292 0.372489 5.997851 5.036670 4.338776 -1.845362 5.922277 -23.804251 -12.193127
-20.981831 -12.301584 -12.596137 -9.835566 11.267002 13.070113 18.411263 2.501694 -11.311939 -9.357257 9.063374 5.278415 -1.840328 -2.198985 0.708980 -5.989956 -3.457026 2.117593 5.366550 8.561640 5.168689 -20.977676 -0.478194 7.264178 3.970136 4.482863 -1.054269 4.806710 -21.998991 -12.430348
-20.731327 -10.207249 -9.029334 -13.095702 13.427222 11.201007 18.238667 4.160122 -10.559957 -11.939011 9.020181 5.022116 -0.819865 -2.037615 0.552640 -5.725331 -2.934685 3.672956 4.470646 9.975794 5.619487 -21.993755 -2.052225 7.490801 4.638546 4.345491 -2.206682 3.147897 -21.206970 -10.776460
-20.863781 -9.491703 -7.850453 -14.823638 11.913589 11.457045 17.423111 6.014421 -10.888209 -11.776918 8.886530 4.629416 0.301429 -2.205751 1.144917 -5.051735 -2.743274 3.855705 3.916884 10.737871 5.680714 -21.687677 -2.608834 9.140275 4.648117 4.687984 -3.365336 2.173501 -20.351477 -10.023809
-20.404060 -7.918202 -6.098248 -14.624733 10.724537 12.780378 17.330265 6.944891 -10.513460 -12.119054 8.885262 4.606656 1.211648 -2.242842 1.338726 -4.465405 -2.009333 4.288042 3.247675 11.074596 6.118010 -22.496691 -3.052171 10.564239 4.585598 4.620666 -3.327288 1.330115 -19.296539 -7.700612
-20.490738 -7.790545 -5.775803 -15.419123 7.872182 13.564580 16.248751 8.778529 -11.146485 -11.304388 8.666360 4.254056 1.563548 -2.488654 1.590077 -4.209906 -1.560688 4.361076 3.125610 10.777911 7.549983 -22.418825 -3.290550 11.524280 4.047467 3.812432 -3.456106 1.039938 -18.202280 -6.764993
-18.926743 -6.016069 -0.928534 -13.383256 9.624020 14.386014 16.523872 9.826260 -9.816683 -14.765111 8.027538 4.036486 2.494006 -2.570169 0.772357 -4.690096 -0.841909 5.006597 2.337887 10.513969 10.446664 -21.434299 -3.626035 11.203692 4.517533 3.985949 -4.168099 1.662414 -17.488594 -3.623088
-19.545395 -6.523534 -1.608433 -12.442513 5.456471 16.215475 15.894415 10.914077 -10.716099 -14.936938 7.640581 3.273926 3.404666 -2.913993 0.932383 -5.153149 -0.527022 4.264935 2.479199 10.713242 13.024373 -21.106266 -3.619238 13.144652 4.648591 3.414123 -4.498332 1.720635 -16.470579 -3.607399
-18.280111 -7.634769 -1.660390 -11.558775 2.485671 17.473024 15.095672 13.844510 -10.751439 -14.388168 7.304241 2.131859 4.497477 -3.077251 1.343830 -5.200875 0.379135 3.543071 2.295897 10.749475 15.621245 -20.120142 -3.329554 15.255012 3.652538 2.497838 -6.506193 1.229517 -15.398386 -4.210315
-17.911345 -10.118538 -4.174880 -10.603897 -2.883943 18.873013 13.821793 16.089151 -11.998843 -12.813684 7.374562 1.096731 5.169796 -3.552664 1.938330 -4.927616 0.812130 2.105369 2.568135 10.929674 17.370125 -19.030092 -3.327162 18.068565 2.795933 1.784649 -8.153680 -0.196429 -14.075128 -4.922691
-17.483448 -10.643257 -3.152205 -10.443755 -2.172210 19.132795 14.433986 16.540720 -11.447672 -14.412963 7.157095 1.396692 5.205942 -3.363791 1.346618 -5.354364 0.959427 2.234896 2.332620 10.903143 18.058256 -19.278742 -3.429222 18.581182 2.932008 2.095083 -8.814326 0.198168 -13.776390 -4.636652
-17.445675 -10.677265 -3.450781 -10.469291 -2.242699 18.834002 14.679144 16.669661 -11.575414 -14.337534 7.159030 1.398660 5.148754 -3.416753 1.363885 -5.359665 0.937713 2.187555 2.307271 10.818264 18.200565 -19.713457 -3.580765 18.726681 3.184817 2.199201 -8.811009 0.200744 -13.656629 -4.592159
-17.506170 -10.848166 -4.122573 -10.460093 -2.913154 18.891163 14.234158 16.652826 -11.794319 -13.649179 7.230806 1.202247 5.042094 -3.516821 1.636574 -5.220416 0.879801 1.991557 2.493466 10.852980 18.233274 -19.455528 -3.493979 18.853252 3.028253 2.213825 -8.848985 0.160746 -13.786862 -4.767817
-17.380440 -10.821090 -4.469121 -10.853552 -3.351147 18.902201 13.972358 16.813185 -11.922679 -13.143120 7.251925 0.915150 5.103738 -3.602490 1.939176 -5.066025 0.914577 1.954349 2.511156 10.784101 18.150269 -19.179518 -3.255854 19.353485 2.739810 2.278137 -8.932017 -0.046519 -13.541422 -5.452993
-23.611053 1.147621 7.568321 -13.605949 -1.496671 5.730066 15.345639 10.480072 -21.931501 -15.144652 3.611539 5.062159 -0.332548 -4.183050 0.851099 -6.749054 0.955195 6.166659 3.346701 9.730985 16.619720 -23.643351 0.142803 6.267694 8.100786 11.099527 -5.780396 0.562857 -9.292146 -4.657547
-18.606262 0.436445 6.983005 -19.663008 -2.295778 6.503971 18.785175 18.872622 -16.765917 -0.684864 3.614813 4.798066 -0.495150 -4.168882 1.498191 -6.845403 0.990902 6.052925 3.656710 9.803444 14.209007 -24.694193 2.212976 14.000439 0.609561 8.835542 0.499154 3.950552 -3.238411 -5.459987
-18.958370 -2.465429 2.498030 -18.994452 -7.086795 7.712535 18.897419 19.237783 -19.894718 0.988355 3.886344 3.247873 0.284450 -4.762582 3.459684 -6.562010 0.736556 5.285616 4.699138 10.320462 15.832307 -24.059956 1.400286 16.783573 0.443307 7.922862 0.011294 2.126477 -1.033878 -7.977521
-17.089235 -3.463572 1.395764 -18.926319 -8.047104 7.869535 19.825397 21.059902 -19.978413 1.649832 3.902941 3.069783 0.727494 -4.755866 3.737425 -6.455872 0.661171 5.344752 4.773026 10.270100 17.818115 -23.316530 2.515875 17.972126 -0.627123 7.971906 -0.179340 2.119507 0.145413 -10.240417
-17.194508 -3.653776 1.166804 -19.596930 -7.872781 7.821187 19.990595 21.493206 -19.469419 3.103471 3.850953 2.977231 0.898757 -4.775793 3.974355 -6.492345 0.632094 5.397217 4.913983 10.245792 17.321711 -23.174366 2.722235 17.957397 -1.424032 8.054351 -0.255817 2.569112 -0.403167 -11.101499
-16.674820 -3.928811 0.492206 -20.332207 -8.047289 8.689527 20.420071 22.164793 -18.931204 3.909058 3.751405 2.987751 0.974858 -4.805082 4.192133 -6.396593 0.625050 5.439363 4.969220 10.173344 17.169222 -22.749029 2.872053 18.461378 -1.835595 8.101695 -0.897273 3.101103 -1.138958 -11.700247
-16.387623 -4.242603 -0.433244 -20.811205 -8.049006 10.473331 19.873739 22.155867 -17.468615 5.363689 3.683081 2.976784 0.796093 -4.858391 4.508460 -6.538963 0.612988 5.354787 5.297750 10.065236 16.805408 -22.236689 2.658605 18.138664 -1.771584 8.050948 -1.574719 4.387429 -3.212682 -12.537595
-15.793881 -4.673171 -0.726815 -20.498777 -8.909116 11.588441 19.660774 22.813269 -16.689886 6.607386 3.699023 2.917084 0.821046 -4.952855 4.747331 -6.441607 0.698480 5.328295 5.389937 10.091062 17.245956 -21.515392 2.357704 18.674957 -1.862834 7.952285 -2.470278 4.749410 -3.241228 -13.202294
-15.922271 -4.492142 -0.626102 -20.422024 -8.989498 10.835990 19.867828 22.615040 -17.489939 6.298429 3.729622 2.853367 0.912663 -4.892684 4.819150 -6.481472 0.695633 5.388053 5.512901 9.995981 17.589941 -21.722519 2.427241 18.728477 -1.642868 7.912953 -2.290294 4.687334 -3.068208 -13.002658
-15.835838 -4.498577 -0.846711 -19.085566 -9.977246 10.302802 20.455914 21.811720 -19.025089 4.505430 3.647188 2.660550 0.876047 -4.961674 4.903962 -6.412011 0.694834 5.243303 5.571744 10.013462 18.808321 -21.835159 2.988979 19.585119 -1.621409 7.740558 -1.851197 2.895368 -0.761021 -13.495111
-15.641849 -4.660015 -0.593446 -17.641497 -10.486694 10.518929 20.734032 21.177305 -19.845163 2.999856 3.591868 2.590590 1.004406 -4.820191 4.842698 -6.329416 0.824250 4.925602 5.407924 10.084036 19.076599 -23.283579 2.945032 18.704506 -0.475828 7.640373 -0.540404 2.118430 -0.107026 -12.450346
-14.627225 -5.347482 -1.064786 -16.481848 -10.876240 11.051835 21.396128 21.226770 -20.012135 1.957208 3.418738 2.558292 1.261857 -4.645972 5.034520 -6.154251 0.919514 4.756329 5.185505 10.094318 20.616508 -23.334871 3.277029 18.046740 0.393924 7.897811 0.435604 1.564637 0.859345 -12.871703
-14.450122 -5.481969 -1.472368 -15.727079 -10.837442 10.977805 21.456177 20.829374 -20.338320 1.319952 3.431944 2.585268 1.146261 -4.607086 5.077542 -6.107054 0.923331 4.817011 5.076896 10.119080 20.989950 -23.418484 3.405614 17.693951 1.152830 7.964724 0.996736 0.975433 1.123326 -12.602493
-15.068594 -5.498124 -1.866533 -14.943149 -10.975224 10.400800 21.071404 19.940996 -21.071501 0.021634 3.394558 2.596654 1.089255 -4.656579 5.105027 -6.217441 0.812282 4.700042 5.144412 9.991121 20.735600 -24.274052 3.391912 16.624540 2.303931 8.097590 2.242034 0.548218 0.868370 -11.536428
-14.773193 -6.038668 -2.661643 -14.058176 -11.279510 10.294181 21.427309 19.680637 -21.376432 -0.824947 3.387148 2.443344 1.019439 -4.741695 5.112019 -6.231520 0.822822 4.719893 5.258247 9.950037 21.590673 -24.831934 3.428765 16.138840 3.426337 8.231437 3.148872 0.458631 0.717622 -10.772071
-15.649674 -6.011283 -2.861461 -13.139829 -11.119943 10.765525 20.778009 18.352222 -21.479712 -2.113997 3.561582 2.240314 1.251087 -4.568710 5.040044 -6.225293 0.843913 4.530649 5.248848 9.735991 22.409285 -25.707434 3.350510 15.959361 4.392874 8.614038 4.103319 0.811723 0.901757 -9.717963
-16.050863 -6.042695 -3.279271 -12.727551 -10.842724 10.544523 20.270069 17.673450 -21.713095 -2.853076 3.584759 2.250776 1.066305 -4.568017 5.034440 -6.281155 0.793246 4.622118 5.301477 9.694889 22.947493 -25.430414 3.284146 15.401149 4.911736 9.169086 4.177566 0.785371 0.931523 -9.737608
-16.039486 -6.070743 -3.546037 -12.658757 -10.516443 10.734353 20.075569 17.479258 -21.566389 -2.822587 3.606193 2.238387 1.030946 -4.588064 5.026872 -6.320036 0.786191 4.575220 5.280997 9.685268 23.089270 -25.291847 3.324156 15.231598 4.928423 9.335867 4.083240 0.737535 0.878708 -9.757596
-16.127399 -6.181011 -3.717501 -12.512639 -10.253342 10.836984 19.992954 17.281031 -21.681835 -3.021909 3.588828 2.219476 1.110466 -4.496801 5.115168 -6.362732 0.873968 4.555328 5.190414 9.660141 23.614492 -24.942677 3.244224 15.042364 4.933256 9.748709 4.141877 0.901529 1.031652 -9.958429
-15.889400 -6.046387 -4.015724 -12.375651 -10.070955 10.811045 19.694202 17.189173 -21.759041 -2.886376 3.542951 2.246090 1.021538 -4.479985 5.235332 -6.372773 0.869509 4.637733 5.221693 9.633924 23.642359 -24.686628 3.315022 14.873428 4.907831 10.029312 3.990649 0.750183 0.972910 -10.186557
-16.053076 -6.085386 -4.174421 -12.217769 -9.972568 10.685194 19.592377 16.924631 -21.743063 -3.068861 3.427690 2.154342 0.997859 -4.398081 5.382884 -6.470147 0.893800 4.709316 5.151862 9.558804 23.540552 -24.432665 3.206538 14.641974 4.810202 10.049259 3.747756 0.662333 0.737594 -10.197059
-17.187466 -4.657611 -8.553678 -10.460789 -11.826094 10.350163 16.627970 14.052963 -22.936571 -0.762654 3.205578 1.456203 1.481463 -4.331991 6.898946 -6.551219 0.638397 4.357003 5.869925 9.017673 23.327860 -23.532038 3.956536 14.940047 5.890965 10.369782 5.275714 -1.236833 -0.072862 -10.514209
-17.836235 -3.657562 -12.583238 -9.438313 -13.595318 9.089122 13.553922 11.628796 -24.038588 1.079692 2.970716 0.203326 2.201063 -3.951508 7.984298 -6.704375 0.147916 4.219606 6.071434 8.040474 21.930546 -23.334597 4.838632 14.598688 6.811252 10.240273 7.461509 -2.785782 -1.290227 -9.566983
