9.103906 28.183029 -7.835053 4.229789 11.972651 2.867583 3.344665 15.575723 7.777750 -3.582397 3.211487 7.946130 4.839213 -9.147861 1.159728 -3.044284 -0.534850 5.224424 1.648188 -10.331257 4.225652 6.353385 7.493486 1.624030 2.414101 23.676584 -0.576305 -24.323862 -4.323400 19.964645
9.246272 28.193266 -7.665529 4.172871 12.165571 2.847578 3.429200 15.645117 7.839080 -3.811268 3.305443 7.842670 4.655751 -9.212853 1.318706 -2.825672 -0.586631 5.207128 1.587555 -10.246828 4.212661 6.365920 7.534569 1.598374 2.417896 23.715506 -0.586983 -24.339230 -4.319070 19.980350
9.702323 28.324955 -11.513636 -2.028616 15.850643 -0.571326 6.164330 11.358067 5.090455 -4.209406 4.080495 9.499516 2.072190 -5.403528 3.375719 -4.886918 -3.839352 5.946173 3.150761 -11.766700 -2.395258 2.096928 8.413209 -1.176829 6.566326 24.462992 6.676147 -25.041409 -8.747549 15.660422
9.708483 28.001602 -9.958641 -2.039548 14.358599 1.846504 7.265454 10.439264 4.869005 -4.990306 4.477887 10.013140 2.218936 -5.096187 2.754587 -4.488779 -3.689439 5.669840 2.257362 -11.543127 -1.072917 2.492195 7.744295 -0.865201 6.650932 22.822313 5.901533 -24.227905 -9.384242 16.824066
9.338779 29.137325 -9.714307 -3.558642 12.612966 2.976579 6.022233 10.332398 4.508880 -4.791392 4.950201 10.872929 1.718232 -5.436078 1.740889 -4.247069 -3.792119 5.098825 1.831071 -11.464452 -0.459491 2.425312 7.156449 -0.815440 6.482223 20.646824 6.796308 -23.530355 -11.456381 18.773817
9.467263 29.907473 -9.516253 -3.694230 10.836620 3.748890 5.669779 10.492810 4.021968 -4.008098 4.912339 10.658175 1.506515 -5.758717 1.306601 -4.510827 -4.051277 5.156387 1.822075 -11.250446 0.268588 3.072265 7.254890 -1.228204 5.677132 20.395662 6.974735 -23.057772 -11.606491 19.341579
9.551274 30.071142 -9.829337 -4.235362 8.977146 4.684845 5.260578 10.531960 3.427230 -3.647069 4.560871 9.536970 1.332458 -6.057638 0.927370 -5.228378 -3.822625 4.769433 1.743699 -11.727409 0.984168 3.806615 7.634510 -2.024523 5.137793 20.889812 7.052197 -22.131937 -11.609579 19.072956
9.913074 29.389606 -10.121742 -3.949495 6.762721 6.605501 5.435362 10.140963 3.282263 -3.807631 4.337399 8.612306 2.160807 -6.109268 0.828864 -5.215864 -3.945597 4.728218 1.367143 -11.536240 1.849343 4.568240 8.431919 -3.299318 4.133821 21.651129 6.535214 -21.829729 -10.651113 17.565197
9.331763 29.267677 -10.535024 -3.741132 6.461012 7.572649 6.299702 9.278663 2.671770 -3.458012 4.326517 8.200732 2.854493 -5.836522 0.820030 -5.131182 -4.111211 4.623930 0.951786 -11.294800 2.074543 4.559205 8.828400 -3.913997 4.292837 21.410023 6.827591 -21.742609 -10.988598 15.489798
9.042192 29.170919 -10.682154 -3.948089 5.400512 9.333388 6.615891 8.812963 2.031450 -3.431811 4.616748 8.109055 3.467259 -5.424067 1.171108 -4.893245 -4.165244 4.547685 0.582759 -11.112299 2.323819 4.724334 9.133919 -4.139036 4.487708 20.951616 6.889765 -21.615044 -11.955115 14.161386
7.575212 28.764812 -10.937978 -4.214048 4.472256 10.056389 6.407628 9.208886 0.986169 -2.802462 4.911080 7.873738 3.904809 -5.074153 1.429842 -4.670450 -4.132566 4.643155 0.075417 -10.915321 2.938302 5.792393 9.012367 -4.107017 4.159946 20.466677 6.204842 -21.246378 -12.500256 13.987693
6.209375 28.957911 -11.532496 -4.535508 4.518270 9.639915 6.355351 9.166873 0.042422 -1.930758 4.999269 7.516792 4.009737 -4.735694 1.531906 -4.677695 -4.134879 5.081473 -0.400432 -10.998841 3.201835 7.422410 8.762625 -4.940236 3.571089 19.468794 5.883617 -20.707010 -13.540918 14.035325
5.712702 29.600540 -12.533289 -4.429482 3.511807 10.457873 6.676898 7.798203 -0.777005 -0.844421 4.869984 6.864517 3.723422 -4.703714 1.166695 -5.215751 -4.172046 5.121063 -0.631530 -11.211091 2.937520 7.913457 8.733701 -6.058779 2.627388 18.606855 6.078603 -21.007801 -13.701303 14.753238
5.624624 29.342953 -12.519976 -4.397793 2.928821 10.930019 6.603557 7.774582 -0.921791 -0.762332 4.901957 6.907120 3.808113 -4.723215 1.190923 -5.131638 -4.229616 5.142064 -0.653188 -11.121119 2.937864 8.090015 8.888158 -6.122291 2.714584 18.742834 5.950352 -20.706989 -14.045126 14.656405
5.611138 29.237354 -12.591180 -4.250188 3.195018 10.638965 6.376626 7.872942 -0.658303 -0.750891 4.901693 6.928719 3.758276 -4.694978 1.164623 -5.164612 -4.252931 5.132049 -0.636482 -11.131209 2.966522 7.792039 8.923965 -6.099539 2.688972 18.756731 6.077819 -20.822626 -13.837686 14.764075
5.588961 29.440834 -12.529504 -4.250727 3.037849 10.887150 6.761463 7.704159 -0.887760 -0.735422 4.934257 6.508415 3.716249 -4.815681 1.321684 -4.990053 -4.244973 5.124463 -0.806461 -11.037262 2.955064 8.236639 8.925477 -6.236568 2.600547 18.703806 5.891459 -20.680677 -14.070433 14.647423
5.567245 29.423367 -12.478322 -4.366368 3.017763 10.850455 6.693570 7.750684 -0.929393 -0.744747 4.890351 6.738938 3.878506 -4.734049 1.128585 -5.174629 -4.234214 5.081926 -0.722635 -11.066589 3.019548 8.033716 8.906391 -6.197619 2.592046 18.639402 6.035374 -20.741770 -13.969568 14.767056
5.594679 29.494888 -12.585279 -4.275699 2.993769 10.888288 6.673477 7.667904 -0.932081 -0.650379 4.873809 6.721347 3.851250 -4.746255 1.144439 -5.171278 -4.205325 5.129584 -0.714112 -11.095562 2.932996 8.125591 8.889606 -6.249225 2.616060 18.658205 6.013813 -20.738909 -14.050985 14.683863
5.499877 29.340675 -12.559124 -4.325373 2.907498 10.875606 6.544623 7.812283 -1.001559 -0.633082 4.911090 6.693645 3.886399 -4.701185 1.137542 -5.180084 -4.214433 5.122693 -0.761057 -11.037648 2.860268 8.126473 8.913144 -6.374557 2.561398 18.636244 6.017885 -20.779264 -14.082075 14.583228
5.243621 29.204422 -12.604373 -4.371912 2.772784 10.935001 6.469319 7.746284 -1.057250 -0.513599 5.000185 6.625397 3.701606 -4.758299 1.349980 -4.938756 -4.292414 5.152164 -0.802456 -10.921990 2.822436 8.091621 8.890273 -6.176541 2.721917 18.816223 5.991466 -20.722984 -14.055500 14.696366
5.218329 29.374844 -12.795047 -4.253815 2.841804 10.937344 6.574140 7.550185 -1.113884 -0.364648 4.974193 6.480866 3.758483 -4.743172 1.317490 -5.036459 -4.286527 5.077295 -0.803679 -10.939265 2.968925 7.772550 9.089494 -6.337247 2.579595 18.719362 6.154466 -20.872780 -13.817522 14.567281
5.225351 29.370741 -12.802817 -4.269914 2.714358 11.032649 6.506348 7.537879 -1.121460 -0.338695 4.978625 6.467184 3.780947 -4.729000 1.325995 -5.038872 -4.292789 5.070891 -0.821516 -10.947716 2.924712 7.823907 9.090259 -6.355375 2.574771 18.735998 6.130242 -20.871857 -13.849579 14.577212
2.439348 24.352081 -11.406618 -12.119192 -4.910842 10.685766 -6.665911 13.147960 0.448961 -1.939500 4.476969 2.782556 6.736708 -4.941072 0.984560 -6.948881 -3.618975 2.822896 -0.851378 -9.884959 9.184556 8.021229 9.964726 -3.792416 2.275857 16.858839 2.149012 -20.234158 -13.787015 11.918288
1.638132 20.091860 -13.575027 -10.224403 -4.845882 11.802080 -10.714562 15.384966 3.552434 -3.309455 4.479786 1.038824 9.108972 -4.603343 1.227911 -7.453077 -3.579566 2.460272 -1.108072 -8.015391 12.615882 9.115805 9.295691 -3.093484 1.853827 13.974104 0.488560 -19.596901 -15.777214 10.505161
1.733891 17.607052 -15.154945 -9.868811 -3.818158 12.998348 -10.570338 15.243649 4.330867 -4.604883 5.136635 1.139918 9.578843 -3.724713 1.819736 -6.896781 -3.512472 2.992640 -1.887099 -7.559569 12.559514 9.950871 9.725202 -2.747765 2.214995 12.862863 -0.085773 -21.091940 -16.977434 7.299223
1.781010 16.358339 -15.660632 -9.428412 -3.386084 13.184736 -10.333662 15.267623 5.038507 -5.217957 5.318200 1.511304 9.688399 -3.554749 1.970784 -6.497978 -3.437874 3.271608 -2.058639 -7.308791 13.358727 10.213326 9.587317 -2.421831 2.319648 11.933043 -0.121973 -20.785631 -17.600676 6.873820
1.847579 16.283356 -15.600636 -9.931641 -3.625182 13.106445 -9.858644 15.302712 4.620090 -5.431917 5.457581 1.608089 9.621042 -3.394809 2.151164 -6.368927 -3.448555 3.564288 -2.215189 -7.354795 13.099977 10.195873 9.566209 -2.589466 2.463651 11.884050 0.267193 -20.859501 -17.798269 6.524645
2.024707 15.642120 -15.587592 -9.952396 -3.657206 13.392772 -9.708450 15.625018 4.659903 -5.822901 5.529073 1.687654 9.561732 -3.180508 2.241118 -6.226767 -3.441637 3.806328 -2.388740 -7.461167 12.420188 10.277872 9.505478 -2.969376 2.661592 12.001645 0.441797 -20.708998 -18.339710 6.381113
2.676795 13.940548 -15.732842 -9.504723 -3.361840 14.123319 -9.539569 16.994062 3.612120 -6.845436 5.714801 1.888545 9.471416 -2.936983 2.324082 -5.916082 -3.484722 4.093263 -2.720723 -7.489315 12.532266 10.350533 9.644429 -3.307204 2.776239 11.745780 0.847658 -20.552485 -18.840376 5.934206
3.061204 13.979388 -15.578725 -9.769436 -3.388792 14.007674 -9.400809 17.263639 2.470857 -6.739323 5.814510 1.841539 9.521375 -2.721246 2.353438 -5.819969 -3.496250 4.070284 -3.024933 -7.717480 11.821517 10.301632 9.864248 -3.671031 2.818281 12.422097 0.860136 -21.277109 -18.610550 4.959971
3.123299 14.115326 -15.540301 -9.911892 -3.685433 14.028777 -9.582032 17.239355 2.169707 -6.565339 5.810947 1.869927 9.484242 -2.739841 2.295810 -5.872241 -3.523664 4.044516 -3.000607 -7.787688 11.608733 10.074252 9.868833 -3.739625 2.839483 12.664398 1.044464 -21.367727 -18.373201 5.112070
2.804446 14.196836 -15.299296 -9.694759 -3.613202 13.828374 -9.565165 17.377062 2.900796 -6.617558 5.743811 1.800777 9.465469 -2.842150 2.406556 -5.917129 -3.486594 4.047177 -2.801251 -7.671558 12.280117 10.188988 9.897880 -3.515172 2.661664 12.216091 0.868117 -20.690992 -18.544502 5.939498
2.896428 13.824259 -15.640536 -9.428246 -3.070274 13.764884 -9.235337 17.278975 2.867491 -6.753327 5.784471 1.855102 9.438487 -2.801303 2.373696 -5.827709 -3.486254 4.171651 -2.913769 -7.559013 11.793813 10.297112 9.673823 -3.600629 2.982924 12.211223 1.026350 -20.817692 -18.963520 5.413491
2.692367 14.146882 -15.444175 -9.689199 -3.171661 13.634326 -9.025363 17.288595 2.605500 -6.663633 5.774438 1.767833 9.543191 -2.842569 2.456276 -5.838882 -3.433425 4.190260 -2.913345 -7.632695 11.988694 10.292252 9.790050 -3.576754 2.734605 12.309079 0.808914 -21.226137 -18.563272 5.036853
2.795534 14.102411 -15.391171 -9.899462 -3.209751 13.723444 -9.060025 17.234306 2.175063 -6.579844 5.779380 1.791545 9.486211 -2.768085 2.483058 -5.853942 -3.476524 4.160357 -2.904611 -7.705698 11.762549 10.311748 9.761798 -3.617208 2.806489 12.313267 0.772610 -21.492643 -18.442648 4.875494
2.625302 14.144159 -15.384746 -9.718523 -3.206852 13.570722 -8.971623 17.330629 2.380510 -6.549201 5.774808 1.737563 9.538249 -2.840675 2.484172 -5.854706 -3.391721 4.208329 -2.908963 -7.664438 11.930970 10.087940 9.824538 -3.636347 2.791085 12.368448 0.992414 -21.231939 -18.492502 5.048612
2.694906 14.101589 -15.411674 -9.731388 -3.103226 13.552971 -8.959989 17.270626 2.401633 -6.579108 5.778708 1.793025 9.507458 -2.805998 2.469321 -5.834980 -3.476750 4.223776 -2.909971 -7.671832 12.012916 10.194208 9.797651 -3.603085 2.755415 12.307324 0.885771 -21.282717 -18.452410 4.921470
2.870345 14.262540 -15.293502 -9.862821 -3.246285 13.775858 -9.156770 17.388485 1.996173 -6.565514 5.789427 1.785245 9.511115 -2.802330 2.437059 -5.882613 -3.477640 4.148238 -2.911473 -7.703475 11.612692 10.141745 9.736863 -3.662024 2.795651 12.456438 0.923066 -21.513338 -18.348154 5.064471
2.782989 14.175867 -15.357960 -9.865871 -3.187755 13.703955 -9.114713 17.351698 2.156192 -6.632906 5.797988 1.779967 9.485709 -2.778081 2.481641 -5.866803 -3.466663 4.130449 -2.906744 -7.727972 11.742169 10.211919 9.791894 -3.675283 2.744006 12.361073 0.850564 -21.509775 -18.407625 4.950279
2.657542 14.264517 -15.339099 -9.975019 -3.239587 13.444223 -9.167060 17.390656 2.238927 -6.551700 5.769773 1.680817 9.545447 -2.834900 2.531320 -5.868554 -3.412670 4.216072 -2.911343 -7.712670 12.035296 10.366729 9.892592 -3.564669 2.730944 12.344741 0.717019 -21.312742 -18.516886 4.909296
