-9.436237 23.457186 -21.110523 14.787599 -8.017950 1.090254 6.942262 7.656381 14.262530 4.740342 -5.550378 5.332883 2.706466 -7.766522 1.555491 -6.820584 -4.278672 4.217045 -7.833875 -4.143823 -0.205536 8.322603 13.393333 -0.489647 -27.770210 7.368124 1.977415 -18.777758 1.627000 17.093437
-9.538444 23.335434 -20.962185 14.981642 -7.878161 1.203919 7.002039 7.594361 14.266121 4.687011 -5.414730 5.175902 2.527696 -7.908812 1.471805 -6.648373 -4.383564 4.234988 -7.962222 -3.917378 -0.006458 8.379581 13.391839 -0.919738 -28.100248 7.014452 1.739068 -18.708452 1.591953 17.119986
-9.748755 21.416752 -20.468348 12.273430 -9.257485 2.271378 6.022667 7.581622 14.831979 3.049588 -4.673322 5.801013 3.442308 -7.153445 1.884472 -6.485164 -4.424383 3.697493 -7.698898 -3.740196 0.885548 8.746885 12.854802 1.020113 -25.825075 6.932148 1.990119 -16.584309 -1.081451 16.595758
-9.360597 22.165737 -20.445959 13.484802 -9.245016 2.738718 6.894903 7.666251 14.423721 3.282320 -4.970175 5.538376 3.048677 -7.339324 1.611612 -6.704319 -4.549238 3.961782 -7.888427 -3.827830 0.694317 9.025536 13.237833 -0.500976 -27.440958 6.492312 1.672662 -17.686644 0.128352 16.838543
-9.005070 21.394936 -19.897966 11.657066 -10.616509 4.693885 7.258035 7.758126 14.163979 1.767933 -4.628713 5.934513 3.310411 -6.885327 1.939586 -6.452836 -4.825596 3.763729 -7.973249 -3.684565 1.744120 10.402021 13.077016 0.735438 -26.464075 6.224706 1.165419 -16.425020 -1.942689 16.486595
-8.866257 20.334261 -19.673809 10.609285 -11.814000 6.418118 7.751738 7.875759 13.858687 0.549938 -4.245452 6.217642 3.760522 -6.269127 2.375376 -6.261140 -5.189451 3.588818 -8.064310 -3.275730 2.579689 11.463255 13.065288 1.271708 -26.000504 5.621108 0.851154 -15.568756 -3.581769 15.933196
-8.944672 19.743420 -19.588936 10.091515 -12.403162 7.607512 8.081121 7.901774 13.681106 -0.082221 -3.977293 6.775652 3.835977 -5.990930 2.715281 -5.918819 -5.448392 3.761888 -8.061812 -2.896349 3.217744 12.773576 13.094403 1.208058 -26.292950 5.073293 -0.058388 -15.585996 -4.401539 15.088080
-8.678206 19.292858 -19.481535 9.989681 -12.826050 8.749243 9.158970 7.647304 13.280216 -0.744153 -3.780737 7.190645 3.822433 -5.760452 3.006069 -5.601744 -5.716186 4.138059 -8.070147 -2.614829 3.488708 13.483753 12.955095 1.487533 -25.916279 4.884350 -0.540395 -15.231253 -5.350032 14.427924
-8.435731 18.805557 -19.532770 10.287173 -13.425456 9.641819 9.908618 7.480132 13.268961 -1.141222 -3.517431 7.361991 3.817653 -5.547486 3.072385 -5.506376 -6.002694 4.125349 -8.103402 -2.477078 4.556616 13.569656 13.108187 1.517638 -25.955580 4.022884 -0.557023 -14.882647 -6.061666 13.937894
-8.321197 18.129259 -20.043480 11.188050 -13.546209 10.552180 10.656726 7.285094 13.471261 -1.396407 -3.478219 7.707268 3.472656 -5.410434 2.997592 -5.572389 -6.398544 4.300007 -8.131677 -2.335252 5.009823 13.249981 13.303867 1.145482 -26.036030 3.253198 -0.133282 -14.302508 -6.809464 13.788522
-7.797656 17.340322 -20.711601 12.126938 -13.056200 11.218755 11.230227 6.996970 14.032232 -1.894056 -3.467307 7.515021 3.275210 -5.219768 2.579703 -6.107711 -6.851615 3.946990 -8.236078 -2.275473 5.890389 12.250241 13.478784 0.654304 -26.326559 2.004179 0.623010 -13.909378 -7.236514 14.017994
-7.700023 16.535780 -21.630552 13.011907 -12.593026 11.028817 11.582892 6.499409 14.656797 -2.037113 -3.457731 7.166059 3.205452 -5.088590 2.050974 -6.668972 -7.232088 3.460964 -8.421447 -2.259975 6.895447 10.674492 13.523216 0.286717 -26.697512 0.581011 1.893928 -13.379107 -7.447930 14.955935
-7.663627 15.505007 -22.241919 13.867745 -11.943246 10.732008 11.437934 6.406996 15.316093 -2.148322 -3.531389 6.540925 3.441716 -5.189059 1.412491 -7.237001 -7.567049 3.044910 -8.658156 -1.842538 7.735653 9.418114 13.743559 -0.421848 -27.302402 -0.486627 3.100554 -12.902862 -7.424974 15.689542
-7.579200 14.395642 -23.029160 15.028546 -10.814560 9.929170 11.087454 6.395688 16.135210 -2.176152 -3.529281 6.018060 3.482069 -5.297041 1.012840 -7.377612 -7.745910 2.512109 -8.958047 -1.654206 8.676614 8.202591 13.686748 -0.764270 -27.484468 -1.311878 4.153244 -12.306802 -7.400745 16.108091
-7.848379 13.926680 -23.524035 15.224396 -9.893373 8.809422 10.019168 6.577313 16.775789 -2.005076 -3.555223 5.512900 3.961559 -5.462850 0.607169 -7.572424 -7.735393 2.101048 -9.229484 -1.281204 9.605666 7.143868 13.928250 -1.435197 -27.610016 -1.973563 5.402245 -11.384872 -7.518910 16.287022
-8.050984 13.683561 -23.789862 15.241827 -8.978342 7.527372 9.287070 6.949090 17.213610 -1.799036 -3.591416 4.849897 4.674048 -5.517898 0.507635 -7.742259 -7.622205 1.834107 -9.451789 -0.887835 10.253296 6.696794 13.977949 -2.464751 -28.239290 -2.819947 6.268237 -10.893695 -7.800324 16.463585
-8.535659 13.513012 -24.178850 14.575651 -8.445543 6.296064 8.178194 7.220376 17.564032 -1.445279 -3.644607 4.517598 5.685091 -5.473334 0.456687 -7.780306 -7.327742 1.809694 -9.618150 -0.499707 10.498044 6.148040 14.099303 -3.373431 -28.506948 -3.081889 7.560302 -10.249202 -7.977998 16.249344
-9.008573 13.961967 -24.367414 14.062409 -7.979436 5.093344 7.340014 7.476033 17.840094 -0.999798 -3.740549 4.073787 6.143977 -5.559761 0.652770 -7.746322 -7.031217 2.039529 -9.637518 -0.132025 10.692414 5.391007 14.478291 -4.884644 -29.284834 -3.957616 8.446345 -10.004325 -8.110122 16.242672
-9.721825 14.264669 -24.305422 13.720927 -6.877418 4.027949 7.205791 7.515910 17.842796 -0.782290 -3.876953 3.859115 6.746586 -5.689759 0.863809 -7.605852 -6.681412 2.469101 -9.561892 0.463579 10.648837 4.170195 14.766327 -6.012736 -29.399639 -4.729769 9.747529 -9.711011 -8.450876 15.764684
-10.346848 14.771052 -24.232195 13.799515 -5.953448 3.007403 6.819703 7.696356 18.005445 -0.399069 -4.073411 3.598406 7.019061 -5.909011 1.037084 -7.554259 -6.454566 2.850595 -9.469086 0.756324 10.363072 3.208992 14.909650 -6.704312 -29.490498 -5.344073 10.534334 -9.825294 -8.589781 15.604492
-10.492686 14.445454 -24.179464 13.368935 -5.779663 2.870411 6.589937 7.638790 17.870611 -0.499741 -3.969815 3.422908 6.983540 -5.983297 1.202879 -7.351356 -6.436329 2.839375 -9.599079 0.964524 10.432061 2.731660 15.215480 -7.338237 -29.671499 -5.808859 10.725062 -9.712808 -8.753472 15.487004
-10.527425 14.660884 -24.023516 13.348018 -5.847516 2.874242 6.681345 7.688318 17.699215 -0.404739 -4.024069 3.408407 6.879853 -6.059833 1.236251 -7.344141 -6.421715 2.963508 -9.588059 1.001114 10.347158 2.539819 15.123454 -7.343578 -29.555897 -5.852091 10.855546 -9.688153 -8.676507 15.453200
-10.224473 9.032347 -24.146448 7.942970 -14.148279 11.235690 2.093583 8.874296 16.991192 -3.757131 -3.426587 4.749037 5.861657 -4.452173 1.871838 -8.248575 -7.271811 1.106119 -7.871020 -0.011551 12.043052 4.897290 12.728913 2.052932 -23.195143 -2.751903 7.798489 -7.503868 -11.029621 14.489207
-9.634030 5.765760 -24.715551 7.191328 -11.872127 11.611542 5.643527 8.124436 16.096104 -6.225416 -2.702654 5.796084 5.835361 -3.867067 2.235295 -7.847143 -7.823876 0.476197 -7.655437 1.380733 14.767253 3.929747 12.572448 4.090510 -22.019896 -4.566272 7.122723 -6.824453 -12.443071 12.515769
-8.605952 3.379311 -24.787027 5.620355 -9.500010 11.300502 5.034152 8.718352 16.726324 -8.956581 -2.391013 6.718789 5.752114 -3.705573 2.640520 -7.398284 -8.002817 0.323052 -7.458632 1.708589 15.148837 4.220914 12.031432 5.633638 -20.556156 -4.914262 8.000246 -6.286477 -13.723820 11.597273
-9.206679 1.019869 -24.828838 4.788466 -6.265083 11.735454 4.326757 7.838150 16.128817 -9.401976 0.704829 6.288823 5.600446 -2.794647 0.790439 -7.312538 -7.562915 1.104180 -6.834795 2.265104 15.034535 2.338362 11.555068 4.603975 -19.612581 -6.729831 8.927857 -3.893032 -17.137905 11.073400
-13.707973 -3.057611 -18.563265 4.281051 -0.830847 19.127729 6.247818 7.170540 16.364328 -10.125038 4.716254 6.844610 4.601249 -2.645576 -1.133995 -5.680540 -5.315348 -0.392823 -6.917306 5.035789 12.671547 -2.090381 8.154346 5.467994 -17.058332 -8.404969 1.258596 -0.984076 -21.290911 10.703470
-16.632473 -5.752071 -14.462449 1.651261 3.438709 22.967283 6.156033 7.002018 15.556734 -9.767135 6.731244 6.194565 3.138785 -2.330871 -0.659922 -5.015482 -3.665112 -1.614417 -6.288931 6.060806 10.607200 -3.688998 5.799845 8.857598 -14.769655 -8.731961 -5.052327 -0.751160 -23.938904 6.746313
-18.198135 -6.454703 -13.965568 0.192949 6.156164 24.102818 6.018533 6.060369 15.570544 -8.874388 7.768369 6.396894 1.867810 -1.616523 -0.573225 -5.347309 -3.282736 -2.157264 -5.615803 6.232691 7.520194 -5.442000 4.234997 9.756708 -13.087387 -9.418100 -6.231955 -1.576775 -25.351915 4.356669
-18.584805 -7.110722 -17.739115 1.506290 7.326581 19.454142 7.764525 3.478894 15.965915 -8.863733 6.907104 6.973880 1.426540 -1.179083 -0.627761 -6.099565 -5.473006 -1.509459 -5.544801 5.511289 7.424172 -5.032494 4.464768 4.454255 -14.185701 -9.295630 -1.418990 0.427794 -26.418980 3.170313
-17.630272 -5.393971 -20.764605 1.843217 8.475008 16.504093 9.692868 1.244549 15.207628 -8.067437 6.136636 7.624222 1.545007 -0.973762 -0.575832 -6.471775 -6.920682 -0.472473 -5.443254 5.785193 7.381850 -4.864481 6.869930 0.692126 -14.634130 -8.814961 2.336398 0.636855 -26.932636 1.586319
-16.601524 -4.302637 -23.064421 1.964869 8.065094 13.273240 10.734727 -0.207207 15.112892 -7.882552 5.048624 7.844239 1.665888 -0.740118 -0.934573 -7.385349 -8.045347 0.394248 -5.439292 5.377921 7.228901 -4.293721 8.423716 -2.211392 -16.018917 -9.037903 4.772084 -0.191231 -26.686588 0.913487
-15.330466 -2.202333 -25.670809 2.050415 8.005165 9.758183 11.183304 -1.328755 14.338679 -7.474343 3.843159 8.480613 0.962562 -0.586087 -0.578803 -7.797688 -9.199724 1.671410 -5.430181 4.293377 7.515149 -3.822511 9.916879 -4.994763 -17.157194 -8.422713 8.724075 -0.212205 -25.802134 1.857435
-13.412029 -0.286361 -28.265055 1.972545 7.073734 6.460865 11.259447 -1.517777 13.248226 -7.050830 2.225753 7.644924 1.401990 -0.587161 0.069913 -8.485114 -10.814959 3.041385 -6.010925 3.798352 8.973758 -3.259200 11.843902 -7.891818 -19.994604 -9.911188 12.635748 -1.950258 -23.703951 1.847220
-12.487971 0.878335 -30.858858 1.050870 5.173133 2.990510 11.517447 -1.152880 12.859788 -5.930768 0.883979 7.042964 2.147506 -0.185129 0.865754 -9.201232 -11.683529 4.260710 -6.039481 2.706543 9.760242 -3.270617 13.405053 -9.782971 -21.723417 -10.452396 16.898340 -3.215634 -21.647585 2.046256
-11.648386 1.607269 -31.573977 1.045900 4.771763 2.538041 11.562690 -0.941918 12.211129 -5.458327 -0.739004 7.537047 1.952937 0.125566 1.858954 -9.521690 -11.972504 3.756823 -6.830158 2.863830 10.031334 -3.156311 14.462256 -9.902631 -22.005041 -10.180106 17.798773 -3.337491 -20.915630 1.811719
-12.289004 1.244685 -31.068171 1.109159 5.203736 2.752329 11.434140 -1.186031 12.832254 -6.006095 0.362465 7.149845 1.963784 -0.159397 1.154548 -9.180971 -11.690399 4.216261 -6.303274 2.721191 9.987777 -3.107923 13.975924 -9.683351 -21.861984 -10.224646 17.040895 -3.239020 -21.342337 1.786023
-12.425547 1.220685 -30.842829 1.006086 4.995898 2.985666 11.509107 -1.247769 12.913280 -6.006454 0.468931 7.138247 1.941651 -0.201744 1.073152 -9.212047 -11.666069 4.132670 -6.211995 2.795727 10.104491 -3.121849 14.126069 -9.689832 -21.938107 -10.306532 16.649668 -3.279027 -21.477655 1.927239
-12.009387 1.505598 -31.228807 1.160590 4.783745 2.643350 11.408379 -1.143168 12.921865 -5.887598 -0.215669 7.333421 1.972727 -0.009515 1.582714 -9.371202 -11.935444 4.038799 -6.559028 2.780742 10.035017 -2.886552 14.324017 -9.828525 -22.055506 -9.984386 17.105217 -3.100707 -21.254814 1.740276
-12.577989 0.692315 -30.332056 1.225170 5.282025 3.678283 11.835976 -1.054317 13.492039 -6.221433 1.150310 7.278804 2.149650 -0.409110 0.475820 -9.129899 -11.526892 4.023305 -5.914086 2.898032 9.937215 -3.088792 13.482620 -9.725304 -21.838728 -10.299693 15.430224 -2.679708 -22.123629 1.975093
-11.565204 1.639229 -31.472406 1.067416 4.600986 2.653404 11.614645 -0.930904 12.229480 -5.578803 -0.714445 7.666824 2.031119 0.081430 1.780909 -9.463821 -11.925428 3.782649 -6.798390 2.989826 10.310206 -3.228028 14.667864 -9.787845 -22.090845 -10.155127 17.510740 -3.198873 -20.819128 1.711209
-12.917710 0.441483 -30.190542 1.391035 5.532507 3.722171 11.930419 -1.170434 13.594968 -6.250475 1.322111 7.356544 2.004599 -0.317111 0.568981 -9.063700 -11.342690 4.041560 -5.862763 2.910144 9.326504 -2.998923 12.766874 -8.861738 -21.310209 -10.184051 15.266855 -2.733100 -22.421499 1.780626
-11.554400 0.477393 -31.089556 -0.379869 4.201822 2.358770 7.019676 0.502169 12.099129 -6.571535 -0.282735 5.495748 2.701715 0.414055 2.119493 -9.737170 -11.750847 2.481084 -7.567616 2.540743 9.764163 -2.078714 12.899293 -7.666226 -22.094938 -11.100922 17.930647 -5.312081 -20.098251 2.182258
-9.626500 1.546861 -31.653048 -2.552380 4.420631 0.588964 2.295911 1.577131 10.434606 -6.523068 -1.436099 4.055091 2.428384 0.837086 3.682610 -9.850827 -12.184172 2.253272 -8.623260 1.971309 9.393582 -0.674622 12.786595 -7.508679 -22.931055 -11.975325 20.594076 -7.321532 -19.357241 1.894647
-8.921987 3.402637 -32.740078 -4.081366 5.839299 -0.045079 2.347569 0.390242 9.075364 -5.777111 -1.488741 4.104100 1.800771 1.229690 4.337472 -9.591182 -12.484844 2.835554 -9.107310 1.502981 7.053274 -1.404169 12.178975 -8.670135 -22.972965 -11.688124 21.880268 -8.200236 -19.045805 1.084605
-8.254766 4.254328 -31.971237 -5.038565 6.968389 -0.686330 -0.367437 0.800772 8.303723 -5.283370 -1.179807 3.983240 1.270462 1.668499 4.614655 -9.312219 -12.418474 2.794355 -9.715659 0.780179 5.399131 -1.569831 11.176405 -8.944108 -23.239992 -11.183306 22.476091 -8.735407 -18.705725 0.165795
-8.754116 5.910048 -31.808321 -5.970294 8.608526 -1.216782 -0.249614 -0.158417 6.384379 -4.305455 -1.221786 3.790717 0.731802 1.903717 5.636507 -8.636003 -12.238583 4.036839 -9.810687 0.898406 3.955361 -3.283021 9.881619 -9.368375 -23.517900 -11.113748 24.434778 -9.075907 -18.318415 -0.300312
-8.740444 6.997045 -30.371489 -7.598102 9.212053 -0.779331 -3.907170 1.264153 5.349563 -4.318786 -1.021912 2.553804 0.996674 2.214881 6.815017 -7.745686 -11.362173 4.824380 -10.647058 0.751968 3.239935 -4.836823 8.873580 -8.212589 -23.133415 -11.694502 24.415359 -11.585639 -17.069357 -0.051605
-9.886521 7.760899 -29.246729 -8.642558 8.677399 -0.287083 -5.950000 2.113051 3.709191 -4.416321 -1.000230 1.603773 1.620616 2.087288 7.785080 -6.840438 -10.367142 5.402566 -11.336770 1.139339 4.340564 -5.722846 8.383609 -5.959059 -23.052368 -12.399303 22.847349 -14.154752 -14.592558 -0.740457
-10.287351 8.674772 -28.209467 -9.269135 9.146891 0.040404 -6.855823 2.530438 3.342562 -4.270161 -0.459438 1.184772 1.969454 1.870541 7.934180 -6.105379 -10.003668 5.616510 -11.360969 1.288566 4.654786 -5.843445 8.904634 -5.271210 -23.157757 -11.976777 21.218790 -14.652287 -13.913524 -0.761877
-10.930095 10.661709 -27.399595 -10.104259 8.191007 -0.693658 -7.232913 3.654610 2.430948 -3.440021 -1.011743 0.560232 3.168209 1.699346 8.597196 -5.660574 -9.453688 6.194969 -11.572969 1.534806 6.864238 -5.828623 8.975919 -5.596305 -24.654829 -12.443877 20.118498 -15.582246 -11.835234 -0.933462
-11.180279 11.707186 -25.663740 -10.104803 7.072225 -0.212506 -7.577417 5.132745 1.051618 -3.237953 -1.167116 0.602519 4.231277 1.490424 9.245468 -4.734082 -8.614555 6.619794 -12.144813 1.831541 7.827263 -5.937684 8.224545 -4.490896 -24.888628 -12.529390 19.626745 -16.840961 -9.530844 -0.640487
-10.869495 12.047815 -25.023085 -10.078471 4.725664 1.014798 -7.311270 6.360715 0.760519 -3.402062 -1.265514 0.561596 5.389660 1.159556 9.494851 -3.763835 -8.032476 6.959459 -12.586154 2.124073 8.388200 -6.383718 7.399407 -2.710686 -24.511414 -12.613643 18.844961 -18.193388 -8.200356 0.004874
-10.531786 12.271213 -23.982523 -9.793287 3.315722 3.372164 -6.616556 7.561930 -0.205262 -4.015505 -0.939808 0.561917 6.582335 0.746150 9.198208 -2.862234 -7.368697 6.869229 -12.912478 2.906638 9.381825 -6.253368 6.515035 -0.597507 -24.776655 -13.745885 16.772089 -20.133389 -7.480011 0.247950
-11.027442 11.751017 -23.076040 -9.021054 1.599081 5.757588 -7.150370 8.447296 0.177580 -4.806476 -0.810571 -0.419648 7.956845 0.216441 9.017199 -2.378322 -6.827223 6.463333 -13.192742 4.215462 10.280414 -6.028053 6.108617 0.773637 -24.929449 -14.530977 14.835794 -21.343454 -7.167486 1.127397
-10.681830 11.469927 -22.142918 -9.277287 0.157596 9.261580 -7.389402 8.049919 0.570455 -5.570415 -0.655498 -0.919149 8.857295 -0.151587 8.233513 -2.450647 -6.578759 5.597331 -13.382711 4.958774 12.317178 -5.261937 6.727006 3.359295 -24.629057 -15.328000 11.345306 -21.564938 -7.430686 2.476599
-11.199910 11.779951 -20.637072 -10.943291 -2.437154 11.685077 -9.531659 7.433070 1.236290 -5.858684 -0.408993 -2.160401 9.821750 -0.245232 7.946393 -2.725520 -5.928321 4.170098 -13.882483 5.153785 14.744749 -4.483395 6.531604 6.081295 -25.456738 -15.799880 8.514776 -22.373779 -5.224765 3.701372
-11.288527 11.123610 -19.552835 -11.165722 -3.030326 11.964086 -9.339441 7.726766 1.668500 -6.051900 -0.474836 -2.312398 9.942878 -0.341241 7.835532 -3.007097 -5.763734 3.769340 -13.618357 4.804963 15.923133 -3.960183 6.322626 6.673137 -25.739729 -15.613039 7.532001 -21.691011 -4.965325 3.883024
-15.579629 7.870756 -13.583103 -9.442321 3.394399 17.411623 -7.016162 6.817782 7.044155 -6.012770 5.652295 0.326918 6.763569 -0.060389 4.792498 -1.644456 -1.800179 2.248008 -10.670523 3.587435 5.854665 -4.516800 -0.199585 11.681750 -17.239084 -8.657666 0.469941 -13.870635 -13.724401 5.721332
-19.303638 -7.540831 -6.110384 -4.155821 12.026829 12.450175 -11.321130 -2.833965 9.811625 12.231130 12.139763 1.473139 0.465912 2.180213 2.614136 -0.041086 7.614186 -7.282421 1.515279 -8.549050 -14.524619 -7.709427 -9.843178 19.028879 -1.116719 -0.251624 -14.525183 11.081483 -16.802855 8.330105
