-3.931029 27.494778 -9.500292 11.065088 1.490943 -11.865275 4.152414 5.355280 9.325417 -20.651142 3.732001 -1.330762 -0.274897 -11.392259 0.646132 -0.028178 -5.310356 7.670812 -4.897299 -5.590493 -2.940844 15.378300 -13.000066 15.143470 -15.106787 19.060308 9.772023 -13.401190 0.050416 9.241000
-4.451250 27.428560 -9.593193 11.153335 1.047193 -12.453195 4.850082 5.168185 9.883515 -21.000252 3.763407 -1.315227 -0.285888 -11.399402 0.575452 -0.029894 -5.340800 7.679477 -4.925460 -5.555604 -2.897511 15.519960 -13.412416 15.173425 -15.162769 19.068380 9.907960 -13.346326 0.051573 9.080873
-5.387577 8.341832 -13.542361 4.757247 -5.656318 1.076949 2.407809 7.609111 12.358932 -32.274868 7.019465 0.285717 3.611806 -7.538230 1.788477 0.100424 -7.873582 4.075866 -5.287148 0.151650 11.425435 12.750347 -12.127418 20.582886 -8.540344 9.676094 13.656854 -0.141311 -15.279791 5.119969
-10.693160 -1.624008 -7.217879 2.574975 2.810472 17.848310 4.512411 9.432436 16.307245 -25.025579 9.919429 2.210502 1.104103 -5.927285 -0.494260 -0.251385 -4.140264 0.125446 -5.972985 4.067619 9.488871 7.133837 -14.053363 19.361626 -7.083972 4.104074 -1.157708 2.404153 -22.592747 2.656657
-5.601414 1.770766 -12.258634 0.293518 1.321880 6.976283 2.345762 9.661550 17.256807 -27.923288 8.572695 0.450912 2.420203 -6.138104 0.366012 -0.892446 -7.794133 1.916812 -6.071575 2.331866 10.862864 10.584663 -13.955646 19.092484 -6.937559 6.152248 8.319735 1.424460 -20.939222 1.001335
-4.985898 3.719358 -16.294947 0.767088 -1.252893 -0.718559 -1.150401 7.038616 15.143797 -31.624889 7.846399 -0.311731 2.836812 -5.763506 1.437384 -1.565721 -9.392090 2.599883 -5.635024 0.480557 9.932149 11.729427 -13.173632 19.044907 -7.205246 7.251597 14.612896 -1.004087 -18.457611 -0.808217
-5.425109 4.127202 -17.754950 0.009380 -1.931741 -3.246044 -3.003618 6.238688 14.968135 -32.512981 7.692362 -0.676006 2.681059 -5.243968 1.631405 -2.062901 -9.697319 2.795628 -5.743493 -0.332329 8.792249 11.577700 -12.332089 17.811790 -7.549839 7.169277 16.182049 -3.024637 -17.773825 -2.491949
-5.171112 3.917826 -19.076246 -0.581151 -2.020324 -4.930526 -5.844590 5.568740 14.206682 -32.977657 7.509815 -0.742801 2.589388 -4.864160 1.901895 -2.482769 -9.923141 2.784524 -5.510184 -0.829129 8.273642 10.488912 -9.464953 17.093578 -8.115502 6.454377 16.427874 -4.512284 -17.485340 -2.878930
-4.318091 3.885132 -20.494106 -1.771158 -0.938196 -5.810310 -8.395714 5.803929 14.295419 -32.866901 7.400041 -0.644953 2.353252 -4.370688 1.816998 -3.062159 -10.299686 2.656040 -5.218235 -1.578952 7.815309 10.824715 -7.497339 16.150690 -8.646587 5.405795 16.145697 -5.882501 -17.428013 -4.545645
-3.766617 3.400513 -21.946148 -2.210618 0.725697 -7.580571 -10.353799 5.754459 13.946702 -32.598011 7.354622 -0.306554 1.965243 -3.980073 1.338376 -3.613737 -10.720289 2.519350 -5.110312 -2.351495 7.272321 11.443482 -5.475095 14.729543 -8.680292 5.499506 15.070924 -6.894709 -17.775143 -6.427215
-4.526517 2.811697 -22.648512 -1.681198 2.649606 -9.072930 -11.647408 5.780232 13.746629 -32.104565 7.530190 0.032272 2.036502 -3.369069 1.206092 -3.796941 -10.614563 2.397984 -5.268738 -3.028478 6.337096 11.795653 -4.422196 13.869857 -8.806121 5.268948 14.231901 -8.139117 -18.061880 -7.888865
-5.519622 2.947765 -22.694355 -2.152902 3.895641 -10.607396 -12.921744 6.145232 12.729225 -31.357794 7.692402 -0.019408 2.450326 -2.683674 1.414707 -3.891540 -10.173767 2.499679 -5.644979 -3.624930 4.349034 11.039333 -3.741940 13.597684 -8.842694 4.639858 13.854450 -10.201640 -17.726889 -8.565920
-6.610351 3.736245 -22.659109 -2.197237 4.317486 -11.587720 -14.149683 6.736247 11.360641 -29.988293 7.904974 0.054821 3.018404 -2.115942 1.840283 -3.673331 -9.508678 2.731971 -6.055808 -4.121449 2.075165 9.887614 -3.184702 13.701133 -8.881688 4.186885 13.847880 -12.364938 -17.060339 -8.058200
-7.281122 5.495149 -22.217226 -2.479486 5.128629 -11.818002 -15.935555 6.791315 10.387218 -29.008204 8.177746 0.057144 4.583008 -1.554369 2.332340 -3.154244 -8.711969 3.024248 -6.740617 -4.156396 -0.238171 8.038675 -2.255746 14.417954 -9.206757 4.554663 14.100667 -14.698685 -15.763958 -7.024078
-7.080404 7.536561 -21.238821 -3.332766 4.768871 -12.527883 -18.618153 7.798105 10.075415 -28.132250 8.390115 -0.122286 5.970489 -1.458536 2.471457 -2.057578 -7.994440 3.711773 -7.909437 -3.761098 -1.769885 6.024371 -1.110422 14.246377 -9.384070 5.902092 14.129815 -16.794214 -13.438261 -7.056736
-7.149219 10.577726 -19.780890 -3.600555 5.274545 -12.372510 -20.147617 8.127678 9.986979 -27.232641 8.579155 -0.598729 7.339362 -1.624109 2.463258 -0.982098 -7.512485 3.842598 -8.920806 -2.602791 -1.956301 3.879597 -0.510755 15.032451 -9.577982 6.782146 12.711553 -19.129265 -11.120150 -7.885466
-6.383816 11.784704 -17.783260 -3.758214 5.022065 -11.929193 -20.660393 9.757155 9.420865 -27.308950 8.592517 -1.179653 8.039289 -1.914546 2.493476 -0.270097 -7.210909 4.265341 -9.628251 -1.875601 -1.763942 2.425807 -0.011663 15.285211 -10.043318 6.973738 11.613941 -20.950037 -9.451417 -7.764304
-6.136392 11.310103 -17.260611 -4.256426 5.030106 -13.225141 -20.053532 10.980577 9.445151 -27.993107 8.495166 -1.394987 8.235059 -2.008751 2.445824 -0.456884 -7.347022 4.522260 -9.646550 -1.973318 -1.482763 2.357145 -1.396500 15.918010 -9.739010 6.826590 13.039521 -19.762278 -9.747561 -6.376145
-6.341067 10.864817 -16.950056 -4.821818 4.842151 -13.530831 -19.675100 11.408679 9.342508 -28.366848 8.484962 -1.339049 8.416885 -2.011130 2.494315 -0.448072 -7.342894 4.595594 -9.610116 -1.946491 -1.432301 2.017335 -1.394054 15.788533 -9.689739 6.581446 13.543988 -19.503294 -9.789103 -5.423892
-6.594220 10.413143 -16.820883 -5.130474 4.742565 -14.011367 -19.700550 11.720902 9.514972 -28.482443 8.563540 -1.449895 8.362731 -2.084058 2.486333 -0.444420 -7.404696 4.671204 -9.510531 -1.857558 -1.071022 2.139605 -2.217322 16.213634 -9.679323 6.420210 14.021632 -19.004297 -9.855385 -5.102289
-7.040775 9.801041 -16.602045 -5.256773 4.613379 -14.380682 -19.427013 12.004628 9.691300 -28.654036 8.549903 -1.590195 8.458973 -2.145152 2.503103 -0.542983 -7.425801 4.600303 -9.400290 -1.806030 -0.758449 2.292066 -2.732421 16.431042 -9.675762 6.244753 13.929426 -18.802145 -9.947821 -5.255173
-7.286096 9.333484 -16.455988 -5.494092 4.530287 -14.706761 -19.320061 12.253226 9.637480 -28.617603 8.648937 -1.544841 8.355168 -2.164064 2.476289 -0.480330 -7.401506 4.652015 -9.382600 -1.749296 -0.538594 2.162333 -3.164440 16.435177 -9.452161 6.063473 14.168187 -18.516155 -10.210256 -4.991947
-8.598040 6.481445 -17.764799 -4.758441 4.917655 -15.465022 -17.453175 10.510171 10.528637 -28.867151 8.669156 -1.444188 6.485279 -2.074500 2.917425 -0.771572 -7.718622 4.322257 -8.684816 -2.153928 0.265564 3.080514 -4.113889 15.993407 -9.022195 5.730909 13.655662 -15.828526 -12.492696 -7.145130
-9.059752 1.955481 -16.690819 -5.606639 7.243703 -8.112238 -13.753757 12.830596 17.508188 -23.439543 9.202881 -0.869394 4.853812 -2.097942 2.227609 -1.273639 -7.027587 3.088626 -7.938326 -1.734351 -0.926078 4.825932 -5.918080 14.202486 -9.356596 5.057291 8.834483 -13.665952 -15.804436 -8.881436
-12.583969 -1.300053 -14.532640 -1.026643 10.300766 1.692797 -13.064197 8.142269 18.252890 -24.455965 10.757275 1.363383 1.981725 -1.979807 0.956931 -1.163076 -5.575584 0.508514 -7.396573 -0.778420 -2.098325 6.892763 -5.438714 10.655585 -8.868996 4.624062 1.567863 -7.105532 -22.809011 -6.119023
-15.128718 -3.716247 -12.662282 0.249250 9.696392 8.932741 -12.465199 6.740605 18.882765 -24.142445 11.286201 2.568782 0.443319 -2.136754 0.372106 -1.205461 -4.551444 -1.312397 -6.847922 -0.236485 -2.580348 7.389586 -6.011086 9.762195 -9.239544 3.576307 -1.876516 -3.694062 -25.945963 -4.613616
-13.143552 -3.957857 -14.245640 -0.942194 9.465408 7.608572 -12.152064 8.606765 18.890890 -23.649715 10.860695 1.887854 0.970231 -2.286190 0.358757 -1.653801 -5.195929 -1.319518 -6.938427 0.016744 -0.578639 7.549640 -5.310563 10.073228 -8.480461 3.534638 -1.768466 -4.701630 -25.553690 -5.255912
-12.584233 -5.573633 -13.491894 -0.767184 9.830614 12.410987 -10.951613 9.082280 18.782827 -23.041883 10.804438 1.996955 0.261726 -2.698262 -0.278327 -2.379707 -4.934006 -2.263905 -6.291297 0.774052 0.764797 7.580945 -3.787195 10.252341 -8.834557 2.362539 -4.466325 -2.746481 -26.536665 -4.523155
-8.705448 -3.556907 -17.593588 0.144306 10.679098 3.173421 -10.838422 8.729322 18.068672 -25.569714 9.887248 1.755556 0.628929 -2.722490 0.281837 -2.373044 -7.313549 -0.402203 -6.271394 -0.424136 1.419242 9.534212 -2.701238 8.370060 -8.350969 5.239727 1.686459 -3.559222 -25.280781 -6.529267
-5.877439 -3.803150 -17.767275 -0.039275 11.043240 1.629366 -10.467339 9.509233 16.981924 -26.930941 9.460616 1.114728 0.572324 -2.914209 0.375656 -2.667951 -8.337135 0.065370 -6.084855 -1.007546 3.238810 10.497786 -0.423729 8.264709 -8.025352 5.847932 2.449932 -2.686491 -25.639620 -6.841217
-2.879131 -3.547852 -18.538773 0.436089 10.815292 1.344282 -10.232083 9.625335 15.996930 -27.515123 8.970814 -0.048650 0.732735 -3.511419 0.742948 -2.658080 -9.192266 0.097856 -6.021197 -0.845024 6.071894 11.122860 0.794052 8.097404 -7.902483 6.836460 3.563909 -1.032266 -25.092524 -6.677422
0.127208 -2.556880 -19.581266 2.798157 9.602654 0.714941 -9.256181 9.172629 13.065923 -28.792360 8.626609 -1.016637 0.411674 -4.515109 1.703615 -1.980362 -10.313917 0.973701 -5.489323 -0.997296 8.005139 10.586580 2.678241 8.852147 -7.899534 7.935798 7.431299 0.515555 -23.074747 -4.544723
2.133532 -1.397844 -18.856936 6.298127 8.746107 0.061447 -9.311358 8.469127 8.388846 -33.299740 8.268510 -1.492706 0.802415 -5.141469 2.435289 -1.358961 -10.735615 1.700318 -5.438997 -0.841425 9.148281 9.448427 4.226315 9.334960 -7.939410 8.398076 10.328062 1.674198 -22.129801 -1.562919
3.918881 -1.058697 -17.702353 9.175385 8.647593 2.101936 -8.899005 8.963964 5.428328 -34.643597 8.509792 -1.743544 0.536611 -5.723355 3.000472 -0.219493 -10.659086 2.152918 -5.918718 -0.116798 10.737819 6.647767 4.447850 10.979505 -7.320704 8.657496 12.503963 3.383625 -21.054564 2.441874
6.587933 0.414966 -15.874299 10.524324 10.339564 5.175856 -8.303979 9.823426 0.280006 -34.349979 8.718937 -2.262998 0.244104 -6.348747 3.766496 0.912207 -10.541990 2.185802 -6.114271 0.325303 13.318976 4.621837 5.486681 13.537030 -6.762403 8.110291 13.411070 4.615239 -19.299150 5.182879
8.093434 1.936231 -15.306506 11.897474 9.870981 8.541122 -7.964076 10.031616 -2.851883 -33.888271 8.526690 -2.541115 0.457148 -7.055195 4.247485 1.802228 -10.512691 2.461613 -6.155815 0.775960 14.655002 2.582671 8.502162 16.266136 -6.109364 7.242728 12.719817 3.927541 -17.560144 7.421119
9.675995 3.315527 -14.024322 12.886610 10.058867 10.695781 -7.091979 10.721070 -5.750992 -33.771767 8.264110 -2.908472 0.480710 -7.886282 4.443695 2.462746 -10.352154 2.597440 -5.987290 1.108747 15.653249 1.194799 9.952491 18.658188 -6.022355 7.166829 11.330304 2.965397 -15.580213 9.352012
11.580141 5.044142 -12.943526 13.080569 11.151766 11.652102 -6.364327 10.874394 -8.255512 -33.979145 7.954680 -4.187017 1.000028 -8.973413 4.607872 3.003261 -10.456614 2.451080 -6.104961 2.089123 15.406943 0.579867 10.337540 20.604504 -5.399735 9.483185 9.933957 3.153120 -13.828622 9.128382
14.539203 8.479333 -9.916835 10.694187 14.362595 13.604148 -4.735075 9.778478 -13.396367 -34.478588 7.796991 -5.768850 1.579470 -9.018500 4.317502 2.892040 -10.958689 2.391164 -6.973564 3.564199 14.210007 0.188416 14.888837 20.363873 -4.093537 13.291259 7.851948 3.301967 -13.632576 6.506872
14.757112 8.963282 -9.253783 9.909259 15.184176 13.412616 -4.292179 9.638725 -14.168668 -34.576412 7.745678 -6.081438 1.548780 -9.048294 4.210809 2.842335 -10.941324 2.501822 -7.122050 3.793909 13.935733 0.093300 15.330264 20.488890 -3.806596 13.742769 7.205219 3.220365 -13.648293 5.904203
