-3.994178 27.503849 -9.489533 11.051186 1.511064 -11.941886 4.084848 5.271164 9.251432 -20.769354 -3.566321 6.326108 -0.528956 -9.664059 9.844990 0.032771 -1.836441 -0.178031 -5.016905 -6.129955 -0.212846 8.284122 13.370245 -0.466490 -27.719137 7.410588 2.056260 -18.818148 1.688978 17.154064
-4.504740 27.440241 -9.596289 11.134085 1.065689 -12.522455 4.782050 5.092296 9.810010 -21.113100 -3.597285 6.388555 -0.538827 -9.644611 9.847179 0.032070 -1.852775 -0.216789 -5.040597 -6.104602 -0.159118 8.347443 13.388251 -0.558595 -27.807753 7.342580 1.983193 -18.866312 1.696394 17.111433
-5.739125 9.735129 -14.219056 5.871258 -7.999790 1.944430 0.469969 7.155395 12.059279 -30.262529 -0.268476 6.856690 2.926204 -5.879724 10.051359 -0.174170 -4.487989 -3.381055 -6.724407 -0.541991 12.953951 7.122904 13.090974 6.402799 -20.291229 -0.577918 5.034362 -6.516472 -12.928709 13.122465
-5.787396 2.478142 -11.599928 1.622636 1.238442 7.746294 1.256000 10.319869 17.205383 -27.117502 4.176626 6.310133 2.273713 -5.479520 6.937880 -0.183843 -4.631425 -3.571708 -5.031049 0.643982 12.464753 5.509254 9.648819 4.555934 -19.780775 -4.681457 0.880811 -4.663997 -18.842920 9.054828
-5.537562 1.063051 -13.049297 -2.135086 3.343426 4.304057 -0.511478 9.682752 18.174503 -28.809368 4.549878 6.413556 2.427523 -4.034602 7.393371 -1.233225 -4.877656 -4.310633 -4.785324 0.282628 11.460678 3.434453 9.789783 1.214166 -20.314022 -6.688971 3.213069 -5.585981 -19.987478 6.673559
-8.174680 -1.181091 -12.500070 -2.805341 6.558044 5.974806 -0.176726 7.670587 18.388197 -28.311979 5.783271 6.877051 1.712998 -3.221744 6.509977 -1.580879 -4.030627 -4.999414 -4.251368 0.577645 8.174263 0.867630 8.219378 2.229050 -17.878122 -6.193312 1.970984 -5.163980 -21.724367 5.620598
-8.167515 -0.940235 -13.548889 -3.941234 8.140158 4.014606 -0.855180 7.064651 18.286106 -28.200598 5.703303 6.689979 1.586320 -2.772716 6.480129 -1.963997 -4.518907 -4.913369 -4.269860 0.402205 8.047675 0.846551 7.775777 1.385249 -17.931067 -6.690178 2.965143 -5.273252 -22.160067 3.947659
-4.699248 1.015548 -16.850525 -3.528903 3.424389 0.745766 -3.353710 9.075786 19.149038 -27.869694 3.739026 5.487719 1.861254 -3.394678 7.648168 -2.374687 -6.074891 -3.697119 -4.747246 -0.853694 9.881533 4.052742 10.227492 1.096459 -20.486385 -6.040543 5.780825 -7.434807 -19.007439 3.428296
-8.182040 -2.516081 -15.028625 -4.109067 8.158708 4.082900 -3.504613 7.427637 19.732016 -28.537920 5.450636 6.602823 0.983553 -2.487349 5.970372 -2.644173 -5.097390 -4.810656 -4.151897 -0.022775 7.526167 2.567572 7.532240 1.031602 -17.830969 -6.118970 2.988802 -5.832678 -22.096027 1.338559
-7.817907 -1.069337 -16.207150 -5.836108 10.744199 -0.574739 -3.957736 7.236678 19.069590 -28.156588 5.438752 7.122041 0.971387 -1.504261 6.191556 -3.075767 -5.222959 -4.755192 -4.269874 -1.254496 7.641452 3.264091 7.528680 -0.642678 -19.140520 -7.657731 4.360478 -7.707674 -21.628168 -1.162683
-6.858162 0.177237 -16.366116 -7.849830 12.250862 -3.734991 -6.088503 8.029299 17.075701 -27.389524 4.922192 7.292658 1.415269 -0.537534 7.110268 -3.126168 -5.148911 -3.826557 -4.769388 -2.416192 5.208175 3.425771 7.894120 -0.744878 -20.086567 -8.354625 5.673920 -10.363313 -20.963644 -2.876088
-5.461978 4.750535 -19.691477 -7.637309 11.864471 -7.918811 -9.640417 7.529847 14.452589 -24.351419 4.266537 6.652493 2.871771 0.328887 8.193817 -2.864561 -5.740306 -2.065161 -6.209555 -4.080573 1.573307 4.383749 7.535002 -2.124314 -21.136093 -7.603013 10.874352 -14.172634 -18.218763 -2.547923
-5.356303 7.637434 -20.524305 -6.951209 11.943097 -9.134940 -10.918986 5.898425 13.140543 -24.187210 3.998696 6.572712 3.351130 0.471933 8.718571 -2.440513 -5.493055 -1.803815 -6.928580 -4.517324 0.250817 4.938196 7.061636 -1.318789 -20.930059 -6.639591 12.625510 -15.414404 -17.226826 -2.498657
-5.189890 9.124169 -21.154802 -5.601990 10.782472 -12.110561 -12.477161 4.266331 10.285783 -27.507952 1.827694 7.238015 3.575719 0.854499 10.085102 -2.806307 -6.034779 -2.219533 -8.142198 -4.384687 0.185745 5.003995 7.835955 -2.142896 -21.838160 -6.733220 14.691617 -16.407501 -16.273212 -2.842243
-4.772087 9.905682 -21.332502 -5.716946 10.447247 -13.168096 -13.200139 3.964005 9.411834 -28.659023 1.144046 7.247639 3.681915 0.961819 10.519692 -2.993025 -6.188035 -2.333660 -8.454909 -4.384754 0.668370 5.220556 8.106902 -2.405709 -22.272490 -6.923900 15.221770 -16.846418 -15.707394 -3.103319
-5.133999 8.050039 -20.421331 -7.134932 12.129166 -8.895039 -10.889050 6.012567 13.330272 -23.815884 4.062882 6.380044 3.473338 0.496593 8.644075 -2.460976 -5.469798 -1.561888 -7.000459 -4.610029 -0.099938 4.783038 6.673638 -1.296976 -20.746016 -6.543557 12.540830 -15.818980 -17.095665 -2.362932
-5.109567 9.413325 -21.136646 -5.672490 10.895634 -12.004815 -12.622615 4.162721 10.197099 -27.394159 1.696224 7.136987 3.565024 0.854532 10.160608 -2.844616 -6.046496 -2.251737 -8.188454 -4.349241 0.220970 5.027711 7.831817 -2.140275 -21.956654 -6.793510 14.774568 -16.474321 -16.089520 -2.836764
-4.813256 9.728069 -21.092714 -5.733237 10.755272 -12.580739 -12.798779 4.162864 9.816794 -28.013321 1.552099 7.067067 3.754907 0.888131 10.289027 -2.901384 -6.157433 -2.107580 -8.215273 -4.478853 0.498260 5.131361 7.989543 -2.436138 -22.101624 -6.880575 14.948498 -16.863317 -15.830251 -2.889622
-5.418704 8.510657 -20.704372 -6.748904 12.002974 -9.392809 -11.411250 5.221948 12.484475 -24.695734 3.590589 6.514263 3.417678 0.641451 8.900214 -2.542243 -5.442176 -1.758114 -7.301658 -4.636511 -0.252230 4.772375 6.745624 -1.310335 -21.051769 -6.521705 12.879727 -15.739161 -16.979727 -2.502806
-4.856431 9.667475 -21.051153 -5.811569 11.001686 -12.266623 -12.623895 4.204908 10.043910 -27.709265 1.572725 7.110105 3.658313 0.876011 10.286167 -2.878860 -6.113475 -2.206272 -8.218185 -4.408919 0.366711 5.070579 8.033683 -2.287951 -22.280165 -6.860417 14.981466 -16.661264 -15.747186 -2.949030
-5.525218 8.919603 -21.127098 -5.811379 11.339520 -10.593630 -12.107379 4.416878 11.259334 -26.053560 2.911448 6.918098 3.514417 0.845497 9.317352 -2.611348 -5.716847 -1.979600 -7.820836 -4.405869 -0.146324 5.011799 7.195107 -1.511657 -21.410297 -6.463384 13.454364 -16.003414 -16.601301 -2.910003
-6.156014 8.639695 -18.865704 -10.324375 14.957675 -12.736236 -10.205782 2.863827 8.275430 -27.816114 2.243575 7.012357 2.898582 1.766139 11.811984 -2.650690 -6.294276 -0.972427 -7.012915 -3.760315 1.118896 -0.394796 8.782834 -3.491403 -22.248632 -9.483994 15.739501 -16.719126 -15.616734 -3.681329
-11.359769 5.855794 -16.380156 -8.439356 18.627436 -4.422424 -8.519593 0.179808 11.927192 -24.181253 5.509572 7.785017 0.975685 1.422144 8.881457 -1.692528 -4.394244 -1.385845 -6.058467 -2.534838 -2.945923 -1.739637 4.977969 -1.439574 -17.887167 -7.758657 10.612146 -10.930367 -21.064472 -0.953970
-11.129580 5.867935 -15.972245 -12.075510 19.367876 -4.556369 -8.031680 1.663388 10.610002 -22.667212 5.449817 6.925775 1.188857 1.634179 9.511238 -2.124572 -4.345502 -0.255047 -5.393463 -2.550435 -1.973994 -4.346592 4.939990 -0.845898 -17.237999 -8.992414 11.248565 -12.900666 -19.704876 -1.086906
-10.592005 7.636174 -14.893434 -15.989351 20.328196 -5.599195 -4.668393 1.152910 7.581450 -23.630079 5.347625 6.490082 1.287469 1.866374 10.637201 -2.047539 -4.521626 1.278141 -5.060650 -1.272205 -0.235221 -8.044938 5.636995 -3.373439 -18.692095 -11.291372 13.450034 -13.411363 -19.020382 -0.192823
-14.266774 6.828910 -12.958001 -16.385210 22.215437 -1.441147 -0.157490 -0.720814 6.631728 -21.210581 6.808010 6.679983 0.967637 2.117822 10.189047 -1.631944 -3.628917 1.446643 -4.553067 0.541813 -0.203961 -10.808649 3.973580 -0.758281 -16.246656 -11.065546 10.086999 -10.528899 -21.256279 -0.614941
-17.466797 6.123798 -12.470350 -15.808908 22.797106 1.689387 1.028480 -2.514308 6.506355 -19.673464 7.668621 7.211683 0.422601 2.237663 9.977440 -1.479523 -2.825970 0.946599 -4.049363 0.911062 -1.674493 -12.259783 2.405679 1.378057 -14.209590 -10.703297 8.483586 -9.541802 -22.708637 -0.063764
-18.253128 4.394561 -11.755239 -16.952082 22.329523 3.013288 0.931050 -2.111366 7.619061 -19.657955 8.114606 7.305367 0.238051 2.370180 9.387136 -1.713294 -2.344748 0.401455 -3.861675 0.982402 -2.437201 -12.182480 1.344400 2.365709 -13.360723 -10.933834 7.061309 -9.456916 -23.509584 -0.332544
-18.372210 4.217921 -11.612964 -16.981215 22.355858 3.365640 1.163243 -2.129985 7.664376 -19.440367 8.181842 7.279630 0.099005 2.341172 9.403334 -1.798828 -2.334595 0.370316 -3.695832 0.813477 -2.539103 -12.241821 1.311367 2.525594 -13.328697 -10.804499 6.899544 -9.286546 -23.469744 -0.232014
-19.019405 3.726684 -11.530696 -17.502174 21.576761 4.479473 0.539363 -2.107736 8.358108 -19.325247 8.243744 7.176792 0.310959 2.555020 9.390336 -2.062359 -1.959423 -0.002902 -3.658101 0.758159 -3.282702 -12.492011 1.012600 3.305790 -12.909472 -10.773450 6.631156 -9.610558 -23.499119 0.058334
-19.688709 2.330155 -11.113955 -18.073633 21.152473 5.678176 -0.518689 -1.885909 9.314166 -19.213753 8.591855 7.222770 -0.124284 2.548503 9.006007 -2.162667 -1.670691 -0.317641 -3.782831 0.575613 -4.459834 -12.425984 0.059163 4.108455 -12.154688 -10.663922 6.062909 -9.904193 -23.872038 0.235207
-19.869392 2.092569 -11.200385 -18.278408 20.617510 6.048901 -0.716437 -1.783166 9.936763 -18.913012 8.646703 7.063879 -0.198992 2.570319 8.838840 -2.380885 -1.578265 -0.418532 -3.655308 0.504561 -4.626742 -12.425681 0.000024 4.606534 -11.943012 -10.680090 5.903894 -9.911411 -23.982098 0.526157
-20.150291 1.290504 -10.853217 -18.518187 20.207945 6.679345 -1.030276 -1.418623 10.219405 -18.963943 8.822086 7.145910 -0.242193 2.607301 8.612068 -2.360752 -1.403096 -0.792603 -3.681344 0.683657 -5.217126 -12.325333 -0.359820 4.967109 -11.713583 -10.533249 5.123197 -9.921891 -24.146965 0.239518
-20.635134 0.142479 -10.533072 -19.426210 19.897511 7.272394 -1.803357 -1.323709 11.108203 -19.293318 9.076489 7.158899 -0.379631 2.675877 8.437130 -2.488035 -1.127380 -1.145462 -3.617013 0.461322 -5.897259 -12.278450 -0.604000 5.583036 -11.190449 -10.434795 4.382376 -10.517609 -24.138697 0.105912
-20.650578 0.146921 -10.536121 -19.429235 19.896503 7.250010 -1.816254 -1.332575 11.126287 -19.301462 9.057363 7.152432 -0.377820 2.648395 8.443526 -2.497472 -1.133343 -1.143123 -3.590410 0.468019 -5.859835 -12.335767 -0.570291 5.551805 -11.181628 -10.423381 4.407956 -10.515368 -24.158545 0.066018
-20.739008 -0.325725 -10.415011 -19.700541 19.476397 7.813797 -1.922578 -1.078799 11.487552 -19.135845 9.126670 7.234791 -0.509903 2.635121 8.322924 -2.476740 -1.001865 -1.297417 -3.523274 0.485335 -6.139043 -12.308989 -0.796958 5.671176 -11.006292 -10.332775 4.333482 -10.612245 -24.122782 0.124826
-20.787674 -0.434481 -10.167574 -19.904100 19.451872 8.248791 -2.184270 -0.994467 11.440280 -19.094965 9.179908 7.091244 -0.506041 2.615901 8.216881 -2.642298 -0.945173 -1.438218 -3.402048 0.401011 -6.315369 -12.329859 -0.920098 5.944429 -10.926174 -10.516692 3.839205 -10.654829 -24.326061 0.159713
-21.156826 -0.798938 -10.313631 -20.041252 19.022276 8.390193 -2.499881 -0.961874 11.677441 -18.934313 9.249379 7.186407 -0.546838 2.582071 8.106947 -2.713472 -0.803467 -1.710827 -3.274201 0.369732 -6.477508 -12.173887 -1.184097 6.235348 -10.704404 -10.243916 3.702039 -10.573578 -24.265770 0.095062
-21.524206 -1.200254 -10.282150 -19.958437 19.010746 8.924653 -2.567712 -0.866595 11.756783 -18.595602 9.300147 7.213906 -0.658757 2.616251 8.055582 -2.640153 -0.666581 -1.660079 -3.285782 0.256686 -6.634159 -12.257359 -1.460746 6.375061 -10.360082 -10.236651 3.350126 -10.585472 -24.430304 0.286245
-21.387522 -1.572916 -10.123480 -19.813284 18.795681 9.149895 -2.735381 -0.569198 11.901725 -18.560364 9.306378 7.112641 -0.516155 2.583589 8.187890 -2.573975 -0.443435 -1.663221 -3.151972 0.264030 -6.836360 -12.129496 -1.605486 6.715459 -10.434075 -10.219299 2.924385 -10.520798 -24.273533 0.132580
