-7.247178 23.149691 -21.297258 12.941275 -6.989260 3.096809 7.408209 9.861119 15.394326 8.452828 -4.979193 10.921563 4.248820 -7.364828 5.361393 -5.562180 -0.476927 0.878097 -2.903678 -7.600167 8.994418 5.933771 10.295564 -13.751616 -11.773666 11.085264 1.037233 -27.552519 -1.958344 20.661695
-7.736303 23.069302 -21.510853 12.994843 -7.416042 2.575999 8.129814 9.735175 16.118181 8.396493 -5.018627 10.976704 4.248600 -7.331369 5.350608 -5.592707 -0.479027 0.852138 -2.917861 -7.590796 9.386391 5.971007 10.307201 -14.257648 -11.417908 11.183235 1.047550 -27.864054 -2.024582 20.767450
-12.204782 7.793106 -11.029378 20.932947 -0.909812 0.599773 19.804699 18.157003 14.777370 8.673115 -6.130062 13.133417 1.627876 -10.069271 -0.254105 -5.276927 2.650355 -5.509384 -2.122664 -0.410910 13.111906 3.914758 4.413177 -24.918369 -11.406094 15.537444 -15.585327 -16.801821 -4.538093 10.410712
-12.390342 6.036386 -9.989726 20.864557 -0.438676 1.634151 19.517309 18.453367 16.809349 8.463074 -5.956075 13.703922 2.278511 -10.346817 -0.702225 -4.920365 2.601389 -6.155334 -2.373958 0.162263 13.472275 5.495144 4.525473 -26.814528 -11.349108 15.632503 -15.074098 -14.370252 -6.893653 10.830606
-13.407331 6.170576 -8.947201 21.919752 1.055867 2.360018 17.902664 17.636997 19.254953 9.016136 -5.386500 14.357732 2.090054 -9.735247 -1.358102 -4.779520 3.190145 -6.981020 -3.477669 0.176232 13.794681 7.797224 4.062867 -28.060509 -11.251317 16.375032 -14.284854 -11.080544 -8.808017 13.051981
-14.023383 6.726392 -8.344373 22.629959 1.749633 2.325176 16.959927 17.112215 19.984718 9.369002 -5.092656 14.577520 1.733331 -9.514471 -1.878825 -4.713960 3.814496 -7.235134 -3.834841 0.150894 13.408918 8.746302 3.141670 -28.741985 -11.381014 16.960562 -15.119914 -8.728683 -9.538640 15.345920
-14.501302 6.784811 -7.862563 22.814707 2.012594 2.400300 16.382744 16.809752 20.383127 9.659513 -5.173810 14.740025 1.644207 -9.421902 -1.944775 -4.585924 4.193280 -7.443084 -4.120881 0.321702 13.127931 8.546779 2.707985 -28.744066 -11.362295 16.922743 -15.594625 -8.355742 -9.330332 16.150928
-14.664403 6.873764 -7.762864 22.997583 2.285931 2.502070 16.477921 16.666464 20.557154 9.708523 -5.226460 14.759256 1.634421 -9.438198 -1.964280 -4.580004 4.241446 -7.469336 -4.124357 0.366843 13.173669 8.572121 2.677730 -28.889816 -11.349777 16.961283 -15.582322 -8.174026 -9.365992 16.117882
-14.702568 6.854972 -7.808766 23.043646 2.296864 2.458251 16.341839 16.554728 20.560741 9.631208 -5.231058 14.758932 1.632752 -9.409069 -1.986595 -4.581848 4.271517 -7.483919 -4.171560 0.384079 13.085296 8.560200 2.583056 -28.845287 -11.320611 16.977161 -15.693714 -8.120885 -9.348486 16.304655
-14.705163 6.887503 -7.804407 23.059793 2.286800 2.435624 16.375677 16.548611 20.568045 9.654785 -5.236367 14.779924 1.631235 -9.425825 -1.970993 -4.561151 4.268861 -7.490109 -4.149994 0.391509 13.127519 8.607601 2.610832 -28.925888 -11.301523 16.991142 -15.687374 -8.098046 -9.432274 16.292465
-14.750432 6.881047 -7.784197 23.071165 2.330966 2.451423 16.385498 16.550688 20.602163 9.686010 -5.252625 14.751730 1.633433 -9.423098 -1.982624 -4.576197 4.265957 -7.488850 -4.166352 0.396918 13.093071 8.586292 2.587493 -28.933073 -11.268354 17.006119 -15.673782 -8.080830 -9.447305 16.335819
-14.682791 6.894385 -7.813699 23.065392 2.271692 2.442195 16.364710 16.579308 20.564863 9.684265 -5.241834 14.776190 1.633712 -9.435404 -1.966366 -4.559434 4.256286 -7.484293 -4.136958 0.386867 13.138824 8.676474 2.622656 -28.944168 -11.285344 17.023479 -15.683343 -8.075858 -9.478815 16.317535
-14.730789 6.876914 -7.793051 23.084713 2.314576 2.458532 16.386505 16.555590 20.599558 9.686127 -5.247623 14.768196 1.633413 -9.429659 -1.974675 -4.566720 4.276547 -7.495171 -4.152716 0.391078 13.139127 8.623114 2.624303 -28.967701 -11.313220 16.978571 -15.654188 -8.083529 -9.438023 16.323231
-14.716020 6.896137 -7.811326 23.053072 2.290015 2.426961 16.359791 16.524485 20.572046 9.649691 -5.242864 14.757759 1.628663 -9.425795 -1.980047 -4.575507 4.259436 -7.483814 -4.160942 0.387675 13.092286 8.602833 2.593396 -28.931217 -11.268006 17.001902 -15.684971 -8.121825 -9.454031 16.316031
-14.684759 6.895904 -7.812577 23.050856 2.272362 2.400149 16.331358 16.525080 20.585268 9.654577 -5.243975 14.772135 1.630180 -9.428054 -1.968200 -4.562139 4.279868 -7.488701 -4.152494 0.393994 13.162798 8.634908 2.607675 -28.986984 -11.295111 16.996956 -15.695266 -8.063128 -9.440807 16.325888
-14.696530 6.893460 -7.823833 23.061754 2.256750 2.405656 16.346155 16.537252 20.546284 9.667612 -5.234982 14.758402 1.635115 -9.424982 -1.980900 -4.569648 4.259653 -7.478561 -4.152745 0.386139 13.113994 8.619933 2.596995 -28.956057 -11.244341 17.040785 -15.689778 -8.076794 -9.452766 16.324156
-14.715496 6.901223 -7.812279 23.061325 2.300545 2.416659 16.354879 16.528700 20.584917 9.655338 -5.241526 14.774471 1.633666 -9.424678 -1.965098 -4.561485 4.262411 -7.483099 -4.144804 0.389484 13.145998 8.612218 2.623958 -28.962919 -11.308567 16.969101 -15.666059 -8.103849 -9.442638 16.298674
-14.725089 6.895189 -7.814660 23.065693 2.279251 2.438418 16.358986 16.530455 20.562441 9.658650 -5.244936 14.762381 1.631095 -9.421673 -1.975717 -4.575356 4.256626 -7.484090 -4.159146 0.388530 13.091001 8.599215 2.591951 -28.923264 -11.250097 17.012869 -15.690871 -8.115103 -9.457460 16.311020
-14.697850 6.905004 -7.829580 23.084600 2.268721 2.423000 16.330524 16.519274 20.579149 9.675678 -5.246173 14.774183 1.634983 -9.435757 -1.960435 -4.547982 4.289157 -7.485346 -4.166332 0.420378 13.152865 8.631021 2.620034 -28.947433 -11.296371 17.014486 -15.733592 -8.110384 -9.401851 16.298550
-14.707256 6.886205 -7.824869 23.085638 2.223641 2.407349 16.452093 16.550249 20.619823 9.646225 -5.148823 14.506441 1.381530 -9.579905 -1.706805 -4.199800 4.177265 -7.547142 -4.273296 0.480754 13.133023 8.644422 2.625334 -28.976891 -11.311460 17.005850 -15.706288 -8.124396 -9.418518 16.328445
-14.714004 6.877293 -7.826331 23.075985 2.251651 2.418890 16.467834 16.565340 20.631800 9.643215 -5.143611 14.512110 1.381139 -9.571570 -1.705044 -4.196180 4.186275 -7.550960 -4.288138 0.485830 13.121713 8.623617 2.636887 -28.897709 -11.307194 16.985718 -15.682078 -8.135425 -9.419744 16.322502
-14.696536 6.869067 -7.820314 23.074484 2.213781 2.430669 16.447685 16.566509 20.643579 9.628873 -5.166822 14.495121 1.384537 -9.569501 -1.698720 -4.212475 4.193880 -7.557710 -4.288168 0.476668 13.128814 8.639783 2.633670 -28.909716 -11.284585 17.022703 -15.691886 -8.114946 -9.430587 16.347473
-13.129284 -11.987794 -8.812512 14.637375 -2.986637 16.846193 12.834587 21.321098 22.374580 -4.356289 2.556965 13.685715 5.609727 -6.682798 -1.579496 -2.424217 0.961213 -9.175621 -3.316452 5.443129 23.841452 6.538156 3.691113 -14.236259 -8.769968 6.287841 -12.575397 6.688176 -23.577112 9.326592
-13.376734 -15.850734 -10.396640 10.224242 -2.214761 22.355642 13.864985 20.890614 18.295103 -5.923989 5.600061 11.161100 4.795244 -6.084538 -1.263808 -2.489385 -0.245898 -8.223477 -2.037265 6.674963 21.897522 1.631129 4.292213 -7.059741 -9.861982 2.140452 -15.235962 6.075399 -24.906696 1.844509
-14.063485 -17.252186 -10.905649 7.576735 -0.919265 22.554171 13.761509 20.034647 16.889872 -6.498864 6.362452 10.119152 4.411483 -5.448903 -0.849137 -2.765092 -0.079392 -8.696337 -1.552087 6.501365 21.107435 0.025075 4.241293 -5.400522 -9.647123 0.978828 -15.024743 6.041597 -25.132303 -0.082434
-14.483997 -18.018240 -13.560653 7.576113 1.152275 18.106749 13.224749 17.427143 18.739885 -5.237721 6.178587 11.373716 5.122981 -4.441762 -0.774155 -3.322605 -0.755262 -9.563244 -1.637510 6.598414 20.733469 -0.184280 3.620636 -8.461223 -9.053916 0.298164 -12.014537 6.306178 -26.309992 -0.382402
-15.425755 -18.895565 -14.844187 6.811395 2.907150 17.088198 14.680346 15.789636 18.704161 -5.915466 6.610092 11.485622 4.692472 -4.112270 -0.514943 -3.287889 -0.933664 -9.676545 -0.880174 6.608654 20.486864 -1.706643 2.614222 -8.469374 -9.036442 -1.019815 -10.336230 6.554161 -26.501867 -1.978796
-14.507838 -19.879911 -15.195669 4.301611 3.710516 17.696522 16.006245 16.202702 15.641937 -6.194447 7.549167 10.242344 4.322159 -3.420561 0.926434 -3.085844 -0.347470 -9.665117 0.342113 6.609764 19.371885 -3.752023 2.625832 -4.425260 -8.490183 -2.477135 -11.668056 5.931010 -26.762426 -4.662842
-13.775162 -20.460968 -15.882894 3.002661 5.090633 16.825121 17.319532 16.785017 11.431458 -6.016829 7.762749 8.812240 3.893354 -3.336752 1.910253 -3.803055 0.102598 -9.830614 2.306412 6.883029 17.423506 -6.259516 3.432597 -0.836827 -8.456784 -2.714171 -12.497793 5.621758 -25.591722 -7.667717
-12.356654 -19.580902 -18.353104 0.687481 5.890215 14.591637 16.664814 17.146332 5.937995 -5.168520 7.933620 7.222511 4.452648 -3.459460 3.330911 -4.517546 0.193163 -10.323289 4.587436 6.948939 17.083673 -9.085800 4.518363 3.561593 -8.365915 -2.081280 -13.463982 3.474274 -23.352106 -13.155503
-11.946177 -18.825901 -20.447016 -0.644246 5.218157 12.848411 16.838837 16.743822 2.571934 -3.596221 7.731056 6.235415 4.818831 -3.028059 4.316798 -5.405404 -0.353219 -9.827696 5.974578 6.896296 16.381287 -9.994377 6.390171 5.840774 -7.775621 -0.626889 -12.517982 2.696359 -22.004892 -17.179285
-9.282239 -16.935604 -24.840975 -2.106622 1.990665 10.219090 14.286030 17.485296 -1.448316 -0.540258 7.165071 3.074525 6.522755 -3.363975 6.341714 -6.161328 -1.404023 -9.212745 7.819026 5.972914 15.215294 -9.831148 10.809901 10.473706 -7.288805 2.102428 -9.558307 0.498492 -19.348761 -19.752193
-8.880082 -15.598402 -26.864046 -3.587449 1.476657 8.428998 14.640788 16.784695 -3.324120 0.801121 6.780801 2.255237 6.591714 -3.225648 7.597806 -6.419154 -2.451701 -8.069155 8.518441 5.578621 13.474257 -11.086115 12.741905 10.937403 -6.546234 3.337976 -7.443375 -1.001795 -18.910202 -21.413681
-7.413327 -13.227741 -28.728155 -4.563355 0.458601 6.982714 11.356009 16.640442 -5.293478 1.739624 6.831662 0.328513 7.374364 -3.359725 9.159029 -6.105897 -3.304439 -7.148161 8.933476 4.665916 13.273898 -11.266006 14.699773 12.335387 -5.963318 4.649511 -4.831333 -1.567159 -17.558884 -21.240414
-5.521486 -11.912542 -29.590286 -5.015356 -0.242802 5.998282 9.075118 17.198786 -6.318430 2.097245 6.757337 -0.614659 7.706162 -3.344676 9.854361 -5.882884 -3.756641 -6.720931 8.966647 3.956280 13.255319 -10.595662 15.636654 13.760453 -5.521049 5.004883 -3.348097 -2.177962 -16.920553 -20.622566
-4.673470 -10.780688 -29.975267 -5.502899 -0.902045 5.312779 6.885799 17.171431 -6.759528 2.056541 6.785577 -1.543934 8.249840 -3.273826 10.219845 -5.849136 -3.670002 -6.733524 8.881974 3.293043 14.163354 -10.306058 16.728621 15.266480 -5.254131 5.451444 -1.625257 -2.320289 -15.513142 -20.345985
-4.860552 -10.737052 -29.922159 -5.478207 -0.726072 5.478967 7.314637 17.004660 -6.665508 2.112000 6.784830 -1.449654 8.241874 -3.228933 10.235391 -5.803782 -3.688387 -6.669167 8.893159 3.408850 13.804306 -10.439798 16.440735 15.064670 -5.284129 5.376155 -1.805839 -2.406803 -15.720900 -20.512859
-3.694351 -10.024673 -30.347181 -5.694480 -1.166552 5.083667 5.525283 17.508940 -7.000343 2.472056 6.804402 -2.369540 8.691888 -3.092153 10.329043 -5.879416 -3.506729 -6.676618 8.562451 2.905649 13.972816 -10.159290 16.578472 15.680854 -4.997993 5.533350 -1.089574 -2.358153 -15.235722 -19.569939
-4.132094 -10.477818 -30.211119 -5.683192 -1.310611 5.108429 6.316497 17.389353 -6.889477 2.214928 6.764348 -1.917809 8.678493 -3.096802 10.332058 -5.872583 -3.422854 -6.764504 8.696483 2.879668 14.245126 -10.296180 16.872213 15.646041 -5.028154 5.447325 -1.348252 -2.305669 -15.081363 -19.514980
-4.413466 -10.531336 -30.104521 -5.677505 -1.090006 4.856489 6.841276 17.393988 -6.927217 2.259954 6.702249 -1.771019 8.525158 -3.140042 10.248806 -5.903626 -3.440964 -6.786265 8.807853 2.973876 14.291292 -10.607866 16.849091 15.614087 -5.174200 5.377551 -1.520914 -2.435115 -15.103288 -19.818682
-3.282638 -9.958190 -30.445221 -5.689345 -1.539036 5.134254 5.066850 17.606972 -6.997974 2.307542 6.689328 -2.522917 8.735228 -3.025911 10.320402 -6.071196 -3.476193 -6.777622 8.467362 2.443174 14.422565 -10.086596 17.237366 16.251015 -4.867112 5.734885 -0.756167 -2.471989 -14.586181 -19.505331
-4.950715 -10.798074 -30.232943 -5.484737 -0.874361 5.144923 7.536177 16.970610 -6.256520 2.333843 6.752379 -1.425264 8.324917 -3.147656 10.146683 -5.938386 -3.631745 -6.784902 8.895787 3.235380 13.748156 -10.517978 16.465382 15.156310 -5.245422 5.251734 -1.759212 -2.631013 -15.595288 -20.288916
-7.696728 -12.008574 -29.871229 -5.243714 1.270547 5.336401 11.932917 14.935102 -5.563305 3.048522 6.894987 0.829349 6.441231 -3.105852 9.562252 -5.878703 -3.730549 -6.172335 9.240657 4.480083 11.149583 -12.529812 14.345873 12.237174 -5.616031 4.060867 -2.636831 -2.395089 -16.912378 -20.640751
-9.785746 -14.241735 -27.276150 -4.988424 4.561627 6.140338 16.748520 13.425118 -3.906639 1.744728 6.695413 3.108334 4.494497 -2.902868 8.305543 -6.166195 -3.577708 -6.185183 9.477000 5.793746 10.324101 -13.502600 11.611876 9.656591 -5.687448 2.529093 -3.776951 -1.534321 -18.938713 -21.362028
-10.165805 -12.463223 -26.404890 -3.704535 6.057970 6.748106 17.364159 12.217741 -3.701449 2.555016 7.442894 4.043424 3.619836 -2.813590 8.313892 -5.161123 -3.219765 -5.605507 9.380812 5.512420 8.383179 -13.911942 11.400080 9.252586 -4.952527 3.247971 -3.045479 -0.634665 -18.980057 -19.343323
-10.973427 -13.965141 -26.313612 -4.432905 7.177374 6.701538 18.324223 11.451503 -2.751346 1.675201 7.053541 4.566737 3.078752 -2.774698 7.766538 -5.806830 -3.307859 -6.009520 9.474634 5.968062 9.077261 -14.361951 9.368864 7.774673 -5.560786 1.731864 -2.920716 0.105360 -20.069281 -21.154684
-13.679013 -14.741867 -23.901567 -4.871739 9.642757 7.141788 22.441105 10.056552 -0.707285 1.131860 7.175397 7.211621 1.051007 -2.096975 6.466247 -6.238831 -2.734641 -6.181695 8.991098 6.606089 9.260596 -16.193850 5.660783 3.582659 -5.436688 -0.969987 -2.274079 2.203837 -21.749884 -19.917805
-17.044411 -13.447764 -21.081003 -5.733785 12.118779 7.967755 24.717495 7.853790 0.329087 1.119778 6.839532 8.756484 -0.433805 -1.668196 5.997160 -6.159438 -2.048891 -5.072217 8.150923 7.167505 9.980947 -18.966890 3.845007 0.897315 -5.117946 -3.309336 -0.920091 3.912094 -22.691866 -16.879730
-20.021778 -13.038823 -18.030123 -6.263489 14.393051 9.331951 28.250992 6.453048 2.803504 1.021788 6.928355 10.158253 -0.793180 -1.166887 5.590709 -5.704239 -1.370584 -3.697907 7.045689 7.583671 9.913756 -20.537405 2.440863 -2.728341 -5.246008 -4.916222 -0.877211 3.562753 -22.254293 -13.948040
-21.520607 -11.211599 -17.186003 -7.226772 14.277172 9.617275 28.236816 6.557573 1.927752 2.540991 6.969985 10.777842 -0.886728 -1.216313 6.166265 -4.983116 -0.694170 -2.674803 7.088949 7.617643 9.905931 -21.177752 0.773352 -2.185740 -5.209728 -4.816752 -0.528851 2.765887 -20.869926 -12.949625
-22.272240 -10.372147 -15.495976 -8.862401 13.623943 9.581426 27.363445 7.247909 1.107373 2.505434 6.827303 10.940094 -0.453386 -1.122783 6.668278 -4.350605 -0.089091 -1.582156 6.754446 7.980900 9.703851 -22.138941 -0.183779 -2.571251 -5.444262 -5.267913 -1.239672 0.936807 -20.256727 -12.094594
-22.688261 -9.349600 -14.174250 -9.856273 12.402477 10.754386 26.493565 8.688670 0.727723 3.125997 6.883298 10.824357 0.180778 -1.287420 6.939214 -3.745061 0.323865 -1.117417 6.513041 8.435742 10.020003 -22.154318 -0.583948 -2.248243 -6.051466 -5.351970 -1.878698 0.110873 -19.155325 -10.494646
-22.904318 -8.113843 -14.015874 -10.576219 10.657816 11.361626 26.334915 9.667748 -0.520074 3.750744 6.979713 10.003278 1.004766 -1.671467 7.286886 -3.318760 0.852860 -1.114307 6.328444 8.523945 9.671329 -22.320389 -0.398175 0.677801 -6.133614 -4.512071 -2.173994 -1.063221 -18.014694 -9.818994
-22.615639 -7.298654 -13.019498 -10.372759 9.053199 13.192714 25.205063 10.923944 -0.987552 3.412745 6.879330 9.719948 1.485832 -1.820004 7.328413 -2.959322 1.275889 -0.935815 6.044591 8.567436 10.493173 -22.406496 -1.189416 1.661593 -6.063340 -4.868345 -2.277394 -1.194512 -16.803793 -7.629874
-21.867378 -6.480391 -10.198565 -9.741198 7.760076 14.482477 24.448864 12.142642 -1.534000 2.389125 6.002360 9.988003 2.075503 -1.701811 7.387640 -3.108200 1.988643 -0.691068 5.254586 8.473507 13.879516 -21.893885 -1.604933 0.402956 -5.998993 -5.851868 -3.007793 -0.741764 -16.261496 -5.103405
-21.186943 -6.474284 -8.253636 -8.323011 6.404842 15.936662 24.470127 13.758334 -0.771468 0.775594 5.171549 9.433117 3.488592 -1.787918 7.174867 -3.638742 2.774098 -0.908631 4.729658 8.644184 17.219460 -21.292967 -1.843598 0.998406 -5.566609 -6.094520 -3.338728 -0.691313 -14.961971 -3.016845
-20.372242 -7.526406 -9.098440 -7.339501 3.502550 16.401531 23.856009 16.021198 -1.636069 -0.379005 5.139549 8.275424 4.799561 -2.162029 8.115091 -3.441001 3.397743 -1.499771 5.101395 8.558771 20.069220 -21.080288 -1.774086 5.617678 -4.277067 -5.896545 -4.622806 -1.472343 -14.173975 -3.765482
-19.555569 -8.873161 -8.979097 -5.475683 1.309816 16.856962 22.543339 17.838722 -1.690980 -1.582036 5.224408 7.658087 5.981705 -2.333576 7.797963 -3.572478 4.303988 -2.435876 4.987835 8.558106 22.096395 -19.790169 -2.000129 7.711817 -5.425212 -6.423793 -7.770654 -2.222866 -12.790992 -3.638504
-19.285902 -9.422775 -10.445571 -5.985109 0.096131 16.964338 21.693548 18.659334 -2.379109 -0.856276 5.555019 6.645351 5.820273 -2.672787 8.261273 -3.370014 4.203182 -2.623522 5.276624 8.207379 22.157785 -19.565067 -1.689668 9.837756 -5.097735 -5.678173 -8.307002 -2.634014 -12.674667 -5.259567
-19.438068 -9.253457 -10.453766 -5.868032 -0.080147 16.967688 21.408344 18.655828 -2.609880 -1.122130 5.542608 6.488403 5.865908 -2.663966 8.206378 -3.453778 4.198143 -2.734058 5.233807 8.186369 22.166552 -19.591085 -1.457364 10.103770 -5.107363 -5.616261 -8.027873 -2.503551 -12.726151 -5.155712
-19.149025 -9.311220 -10.731337 -6.156035 -0.070946 16.984816 21.503265 18.812136 -2.534581 -0.811398 5.570672 6.432747 5.922403 -2.766498 8.280119 -3.375757 4.224111 -2.634046 5.315516 8.167391 22.033915 -19.249868 -1.253367 10.694284 -5.463007 -5.500023 -8.371929 -2.421523 -12.642431 -5.528477
-18.956068 -9.304621 -10.886756 -6.342165 -0.040912 16.954210 21.721621 18.995512 -2.462272 -0.558177 5.686416 6.293999 5.947333 -2.792857 8.260183 -3.377809 4.279974 -2.582216 5.407592 8.204359 21.648367 -19.308590 -1.271261 10.903605 -5.436959 -5.386581 -8.358360 -2.823384 -12.578272 -5.879964
-23.946587 -3.448741 -6.186834 -9.771588 -1.457259 9.132705 26.550947 16.388491 -6.543652 2.291881 2.049432 9.476768 2.993231 -3.669216 8.530126 -4.642724 3.482974 -0.977452 6.254896 8.817501 22.920168 -21.762663 0.543910 1.012756 -3.733737 -0.963947 -6.413165 -3.177796 -10.872065 -6.914606
-24.414568 -1.928089 -7.836433 -9.855761 -2.371927 7.803666 26.794106 15.394170 -9.042396 3.528382 1.194396 8.905592 2.045947 -4.161163 9.952147 -4.448079 2.433372 -0.688072 6.502530 8.988921 21.968506 -21.704966 1.699067 1.706565 -0.979425 2.271886 -5.962257 -4.939276 -10.427828 -9.138261
-24.454578 -1.992702 -7.627735 -10.241067 -2.881428 7.955135 27.039547 15.487447 -9.196994 3.740922 1.333720 9.047626 1.962172 -4.194863 9.928265 -4.021754 2.632860 -0.534743 6.302033 9.161721 22.350750 -21.685392 1.404686 1.692399 -0.765377 2.040706 -6.030476 -4.687752 -10.881094 -9.118683
-24.378822 -2.046564 -7.973206 -10.458511 -2.981934 8.017648 26.470352 15.527138 -9.299459 3.759847 1.288925 9.014126 1.893479 -4.241129 10.032294 -4.035813 2.564468 -0.547343 6.389787 9.114040 22.008627 -21.708883 1.489251 1.616268 -0.780719 2.171091 -5.597233 -4.673079 -10.978057 -9.244820
-24.298889 -1.846575 -8.078660 -10.487584 -2.947340 7.756505 26.655674 15.462700 -9.328679 3.920809 1.217755 8.946920 1.782181 -4.242877 10.029970 -4.205492 2.440437 -0.548623 6.559114 9.057037 22.014959 -21.835499 1.480204 1.437665 -0.508408 2.206473 -5.630339 -4.732258 -10.909334 -9.088622
-24.229149 -1.879549 -8.121506 -10.524233 -2.963812 7.638832 26.664614 15.523818 -9.445683 3.972649 1.320121 8.928490 1.745017 -4.201405 10.007032 -4.199750 2.435455 -0.520202 6.519979 8.963068 21.907953 -21.769564 1.510130 1.677780 -0.790166 2.148846 -5.619009 -4.604528 -10.867433 -9.178746
-24.085520 -1.857038 -8.120429 -10.520097 -2.898813 7.668045 26.328245 15.519691 -9.445800 3.926477 1.297340 8.806873 1.875797 -4.220535 10.104114 -4.079280 2.487305 -0.540497 6.365932 9.009853 21.721619 -21.706757 1.512178 1.593367 -0.791769 2.187919 -5.517318 -4.667997 -10.943240 -9.222941
-24.023052 -2.039210 -8.268930 -10.427014 -2.863995 7.690954 26.168774 15.556073 -9.494349 3.840719 1.391164 8.712845 1.788192 -4.246743 10.175488 -4.057042 2.422199 -0.485635 6.454087 8.978940 21.600763 -21.673639 1.461103 1.635303 -0.624888 2.304979 -5.617042 -4.752055 -11.029226 -9.443843
-24.164925 -2.013944 -8.335068 -10.502504 -2.821879 7.688412 26.306087 15.476617 -9.244754 3.965359 1.326108 8.706572 1.899218 -4.218098 10.235031 -4.071821 2.390787 -0.543990 6.420323 9.019905 21.630915 -21.660564 1.552259 1.774208 -0.651323 2.267911 -5.510309 -4.730422 -11.151603 -9.374128
-24.198956 -1.948830 -8.321031 -10.558836 -2.869083 7.562798 26.270313 15.500515 -9.323210 4.042640 1.288043 8.697668 1.954432 -4.209271 10.268312 -4.082357 2.377428 -0.589565 6.379516 9.060640 21.668673 -21.764383 1.518919 1.629756 -0.332131 2.346278 -5.463758 -4.804219 -11.258855 -9.272463
-23.083088 -1.617261 -9.872394 -10.898314 -3.444625 7.140297 25.378811 15.944240 -9.738208 4.963862 1.629901 7.976672 2.224870 -4.124470 10.538643 -4.082275 1.969593 -0.287091 6.533514 9.010085 21.179207 -21.782112 2.285952 3.343529 -0.472800 2.680395 -4.622039 -5.582940 -10.084866 -10.144586
-21.531952 -1.306867 -13.228515 -11.613361 -3.746858 6.468258 23.351906 16.187052 -10.347119 6.475896 1.671043 7.095706 3.108562 -3.826828 11.540708 -4.208141 1.249654 -0.537283 6.975205 8.367171 19.768938 -21.984552 3.456047 5.756131 0.055930 3.149014 -2.944697 -6.503432 -10.223691 -10.655663
-20.428246 -0.619826 -15.609241 -11.857760 -4.577138 6.087162 21.030411 16.219110 -10.268941 8.388953 2.047946 5.864800 3.538179 -3.567027 12.323060 -4.468486 0.367375 -0.499013 7.263024 7.879281 18.624685 -22.170588 4.569171 6.993937 0.437489 3.189291 -0.541790 -6.769253 -10.144617 -10.567757
-19.978743 -0.559647 -16.275419 -11.514120 -4.577347 6.039476 20.312086 16.061264 -10.731835 8.339111 2.110086 5.480227 3.681573 -3.613610 12.532284 -4.335825 0.341854 -0.113035 7.241055 7.664528 17.867620 -21.998016 4.581438 7.393070 0.520549 3.476401 -0.593087 -6.724737 -10.447425 -10.837705
-19.218754 -0.125200 -16.806696 -11.756954 -4.928110 5.995032 19.353409 16.032198 -10.944352 8.671221 2.375398 4.900152 3.880306 -3.514798 12.775825 -4.274261 0.172071 -0.088825 7.197351 7.461515 17.271002 -21.730188 4.931897 7.933317 0.679154 3.940862 -0.331060 -6.951537 -10.329883 -10.754566
-17.666819 0.434986 -18.376461 -11.905445 -5.119807 5.771290 16.988665 16.475706 -10.555593 9.680546 2.573030 3.793621 4.014688 -3.485492 13.349612 -4.273134 -0.372191 -0.091719 7.310677 7.027688 15.652972 -21.607040 5.618129 9.437106 0.651768 4.150477 1.117243 -7.154547 -10.418200 -10.375190
-17.763618 0.200897 -18.257078 -12.076102 -5.361097 5.645151 17.141851 16.630110 -10.583922 9.628814 2.474470 3.796678 4.087282 -3.525165 13.247605 -4.326638 -0.327025 -0.079388 7.266744 7.137064 16.129833 -21.697081 5.345809 9.340790 0.848710 4.137018 0.793617 -7.313694 -10.385367 -10.367206
-18.360823 0.147162 -17.560278 -11.747452 -5.012042 5.929459 18.171204 16.405062 -11.091565 9.142869 2.468791 4.529163 4.053238 -3.465282 13.116731 -4.271438 -0.250243 -0.077284 7.347417 7.326111 16.619772 -22.003309 5.074032 8.608981 0.761221 3.757220 0.580743 -7.041436 -10.294621 -10.507769
-16.987852 0.757941 -18.785307 -11.923420 -5.297871 5.486426 15.558316 16.450441 -11.009555 9.537147 2.890409 3.386471 4.312671 -3.365408 13.487397 -4.071265 -0.413496 -0.031250 7.391067 6.747075 15.435457 -21.554499 6.004488 10.544238 0.607955 4.123698 1.574839 -6.908860 -10.183718 -10.004054
-17.598051 0.304226 -18.023239 -11.965084 -5.138119 5.986830 17.406120 16.592073 -10.592576 9.409306 2.529619 3.995168 3.992315 -3.487233 13.131859 -4.309719 -0.276047 -0.151613 7.314555 7.137499 16.225853 -21.554571 5.274032 9.278995 0.701248 3.993903 0.808156 -7.160130 -10.549911 -10.415919
-17.998295 0.234580 -17.856838 -11.957024 -5.192886 6.093424 17.782944 16.436460 -10.983257 9.463953 2.522397 4.063870 4.102246 -3.500170 13.110880 -4.178241 -0.243071 -0.025243 7.221297 7.247499 16.519156 -21.739798 5.166896 9.229224 0.875531 3.929770 0.793305 -7.131706 -10.317093 -10.342864
-17.941662 0.275139 -17.781637 -12.000808 -5.110236 6.053334 17.790670 16.418003 -10.977633 9.398127 2.533611 4.065459 4.187674 -3.477934 13.127986 -4.161377 -0.229342 -0.040442 7.222446 7.249938 16.508104 -21.698547 5.191595 9.218248 0.899304 3.952457 0.858862 -7.169573 -10.336983 -10.305316
-17.708626 0.449212 -18.294668 -11.806606 -5.023004 5.861514 17.091934 16.301119 -10.510371 9.546317 2.563862 3.897232 3.954653 -3.508780 13.219597 -4.277628 -0.359940 -0.096663 7.345913 7.062068 15.826419 -21.639772 5.531712 9.405088 0.785378 4.074982 1.074685 -7.199929 -10.381374 -10.219605
