1.443061 25.685587 -10.642831 2.880863 3.999793 -4.877179 11.559642 14.130675 20.553139 -3.878518 4.549949 3.719795 0.488338 -11.285942 5.158498 2.071033 -1.752224 4.255744 -0.276802 -8.898095 6.385521 13.064528 -16.397821 1.889164 0.856558 22.695108 8.889726 -22.020710 -3.721332 12.612346
1.519423 25.688208 -10.600677 2.946042 4.075217 -4.842529 11.619878 14.167199 20.543903 -4.007262 4.582006 3.751882 0.477382 -11.282275 5.132643 2.098424 -1.773034 4.254701 -0.275742 -8.886824 6.729892 13.104798 -16.403143 1.474327 1.307589 22.895708 8.915450 -22.317837 -3.771579 12.732611
0.331768 23.126591 -11.802999 2.252455 1.085953 -2.006911 10.012487 14.181955 20.794962 -4.315033 5.030306 3.710991 0.773881 -10.617683 5.416242 1.890047 -2.169541 3.758216 -0.333047 -8.471760 7.700047 12.260363 -16.754457 2.458914 2.552017 21.919832 10.240514 -20.610575 -5.840646 12.215520
1.121233 24.548950 -10.759407 2.559427 2.488243 -2.895334 11.212226 14.322940 20.505064 -4.519218 4.900490 3.933922 0.576583 -10.825871 5.254784 2.001708 -2.077740 3.972169 -0.317902 -8.784674 7.249201 13.194792 -16.581125 2.031813 2.100576 22.485220 9.351261 -21.353077 -5.090817 12.521834
0.998307 23.760815 -11.005699 1.720413 0.886787 -0.770608 11.545711 14.043603 20.157175 -5.205411 5.157242 4.186315 0.929179 -10.382895 5.477553 2.049973 -2.374865 3.742383 -0.366378 -8.581059 8.112510 14.030432 -16.616045 3.037475 2.759662 22.350111 8.936239 -20.558542 -6.528103 12.071562
0.955185 22.613274 -11.423875 1.546746 -1.227437 1.591583 11.489209 14.130979 19.808678 -5.724916 5.538042 4.712746 1.370124 -9.748863 5.834601 2.309145 -2.675814 3.715495 -0.411093 -8.394330 8.852640 14.508696 -16.504454 3.278334 3.127570 21.901178 9.085507 -19.656725 -7.869159 11.701902
0.588720 22.020388 -11.430088 0.991092 -2.205008 2.920397 11.797980 14.000922 19.304525 -6.078457 5.869407 5.010009 1.791775 -9.403355 6.026806 2.612187 -2.877477 3.631208 -0.607132 -7.976869 9.492805 15.450553 -16.411150 3.878953 3.580790 21.859018 8.597952 -19.215548 -8.810768 11.079752
0.708424 21.630615 -11.376870 0.794100 -2.567285 3.665719 12.733274 13.800002 19.039469 -6.671646 6.061913 5.482714 1.769501 -9.028265 6.440297 2.874425 -3.132010 4.008658 -0.525687 -7.884737 9.874099 16.164423 -16.291224 4.326302 3.979825 21.911665 8.085788 -18.913353 -9.603443 10.357705
1.275337 20.927036 -11.384206 0.862458 -3.062861 5.085729 13.862942 13.772407 18.998444 -7.689411 6.266290 5.778297 1.735573 -8.695309 6.714672 2.869742 -3.266466 3.982399 -0.468201 -7.943421 10.600823 16.400949 -16.250582 5.119919 4.572668 21.625536 7.758620 -18.365446 -10.550586 9.985281
1.792064 20.363087 -11.385159 1.205167 -3.106500 5.919523 14.859612 13.571541 19.014629 -8.287895 6.405190 6.250875 1.449274 -8.605777 6.872992 2.912500 -3.397703 3.805043 -0.198195 -8.074541 11.041466 16.583040 -16.177830 5.465592 5.089670 21.140114 7.834663 -17.757082 -11.638380 9.823217
2.640625 19.611645 -11.344788 1.470471 -2.634972 6.481986 15.418856 13.671051 19.570051 -9.310487 6.576559 6.584847 1.275116 -8.549871 7.062638 2.740623 -3.460959 3.077175 0.234672 -8.257849 11.667098 15.952442 -16.101568 6.191060 5.910251 21.128973 8.248038 -16.911497 -12.199335 10.036532
3.296601 18.642559 -11.747518 2.012833 -2.267849 6.486886 15.665400 13.591191 20.515638 -9.982624 6.593876 6.582128 1.154568 -8.432927 6.998157 2.459422 -3.640140 2.557016 0.384599 -8.343367 12.117794 15.016698 -16.213152 7.031453 6.716927 20.758574 8.855176 -16.294233 -12.760859 10.593710
3.919935 17.744354 -11.912240 2.011392 -1.054654 5.689419 15.290795 13.668305 21.535807 -10.746212 6.703725 6.936909 1.396492 -8.409067 7.211996 2.481116 -3.546933 1.710288 0.860534 -8.500302 12.503306 13.739134 -16.326054 7.818527 7.306021 20.566046 9.848712 -15.828902 -12.648958 11.469165
4.326673 16.889683 -12.270314 2.365451 0.348153 4.730246 15.146512 13.713048 22.590559 -11.379403 6.752707 7.104382 1.678542 -8.442856 7.229558 2.512650 -3.416185 1.067870 1.083193 -8.437578 12.976203 12.831029 -16.334435 8.109318 7.780873 20.636969 10.743350 -14.977487 -12.834410 11.899236
4.559736 16.357094 -12.278674 2.143669 2.069236 2.812233 14.292222 14.143859 23.734585 -11.846590 6.850514 7.167581 2.134808 -8.497540 7.272478 2.526915 -3.231723 0.340495 1.280208 -8.336422 13.531028 12.031982 -16.151539 8.508678 8.622601 20.770128 11.717102 -13.794835 -13.479723 11.951074
4.669930 16.051613 -12.291472 1.724352 3.438493 1.193336 13.408225 14.697494 24.472128 -12.155725 6.879589 6.858813 2.638760 -8.571984 7.306257 2.578648 -3.033187 0.044270 1.202974 -8.061356 13.675241 11.342327 -16.342514 8.699229 9.326552 20.990767 12.816955 -12.752856 -14.047475 12.146896
4.565438 16.206356 -12.258982 1.242554 4.809695 -0.581927 12.685376 15.075306 24.998705 -12.179844 6.896000 6.226358 3.427514 -8.646003 7.509111 2.687995 -2.891455 -0.102521 0.998564 -7.548768 13.764966 10.804956 -16.263748 8.738466 10.028811 21.511583 13.848870 -11.744626 -14.652536 11.903380
4.204197 16.367752 -12.433890 0.763226 4.891374 -1.458907 12.028069 15.521997 25.184855 -11.910444 6.837786 5.824727 3.971400 -8.786043 7.691900 2.800311 -2.487283 -0.090869 0.970837 -7.348954 13.989192 10.658908 -17.705690 9.296596 10.627942 21.574865 14.928530 -10.942245 -14.998895 11.386155
3.532365 16.851576 -12.432445 0.363589 6.010063 -2.780025 11.469925 15.613191 25.254728 -11.552324 6.849360 5.481924 4.693296 -8.863654 7.825381 2.993968 -2.183956 0.054131 0.840661 -6.668095 13.496188 9.912680 -17.834677 9.231033 11.086072 21.667421 15.832679 -10.805451 -15.289323 11.159926
2.673331 16.912277 -12.550801 0.282954 6.828453 -3.769708 11.096642 15.631086 25.477232 -11.253261 6.764055 5.079928 5.227840 -9.094441 7.962177 3.088679 -2.031764 0.217486 0.754928 -6.154717 13.269198 8.579819 -18.059187 9.311475 11.826956 21.629892 16.817663 -10.492280 -15.484383 10.467017
2.307076 17.018543 -12.400100 0.117962 7.311056 -4.455186 10.930106 15.570592 25.314507 -11.033900 6.778414 5.056568 5.277678 -8.967976 7.890846 3.014335 -2.016690 0.401430 0.638376 -6.013683 13.178976 8.044159 -18.254356 9.287642 12.048573 21.551441 17.167934 -10.260756 -15.669374 10.384793
2.146534 17.367439 -12.285329 -0.017684 7.414686 -4.536600 11.073575 15.445179 25.060303 -10.845428 6.743681 5.164070 5.231140 -9.047329 7.915802 3.120612 -1.931460 0.541080 0.634794 -5.968020 13.155934 7.990700 -18.501953 9.471837 12.175926 21.504728 17.209696 -10.300574 -15.673084 10.239433
3.667439 16.738792 -13.913937 0.360480 4.448930 -1.989180 11.806444 13.873801 24.627356 -10.497990 6.720345 5.353848 3.757792 -8.560559 7.302531 2.201085 -2.761532 -0.015833 0.700003 -7.562281 12.689382 10.052633 -17.373247 7.386905 10.152644 21.437893 16.398638 -10.998275 -14.652735 11.470464
4.092653 19.238682 -15.305868 -0.579435 -0.362422 0.807060 12.634670 11.590270 21.443054 -7.833678 6.510485 5.573261 1.257398 -7.948747 6.255074 0.883531 -4.634118 0.987039 0.350710 -8.954021 10.938495 12.359362 -16.457968 2.618764 6.181631 20.073162 15.241138 -13.527265 -13.555214 11.017924
3.990807 20.649397 -15.384376 -2.137107 -2.477153 0.784302 10.469918 12.213232 20.621754 -6.809003 6.499639 4.963087 1.417624 -7.642484 6.119452 0.611243 -4.889540 1.384089 -0.123194 -8.724863 10.379972 12.503295 -16.028175 1.013661 4.945174 19.850832 15.273402 -14.541600 -13.312413 9.685308
3.515985 21.504494 -15.870010 -3.203018 -4.478996 0.915420 7.956630 12.951507 20.263292 -6.010516 6.590981 4.420341 1.329105 -7.474215 5.628779 0.479241 -5.212575 1.632413 -0.879815 -8.366255 9.886794 11.747070 -15.342292 -0.373749 4.367739 20.081690 15.363358 -15.105526 -13.152553 8.118680
2.552222 21.823372 -15.881868 -3.587436 -5.377002 0.748728 6.830436 13.003336 19.712206 -5.196887 6.611948 4.091749 1.403469 -7.430564 5.433522 0.398549 -5.188096 1.793622 -1.175662 -8.040214 9.772717 10.997352 -15.236814 -1.081472 3.884852 19.638634 15.743957 -15.489127 -12.728379 8.098990
1.524226 22.609337 -15.418941 -4.606632 -6.678673 1.030406 5.618481 12.559443 18.702242 -4.000968 6.570035 3.968368 0.742624 -7.445725 4.645511 -0.072154 -5.260178 1.731081 -1.550023 -8.132865 9.327488 9.873333 -15.272533 -2.006094 3.451582 18.365496 16.682085 -16.076342 -12.207247 9.165555
0.994672 24.179920 -15.480371 -5.131329 -8.989941 3.411353 5.818553 10.684085 17.313643 -2.497528 6.543124 4.299675 -0.196521 -7.998428 3.468167 -0.150149 -5.415982 1.776900 -1.935824 -8.119122 9.731215 8.564724 -15.619981 -2.722688 2.138491 16.389952 17.567989 -17.162554 -11.652968 11.142104
0.516284 24.521622 -15.191014 -6.219689 -11.366700 5.444093 6.233516 10.094014 16.012796 -2.158453 6.404982 3.923051 -0.346182 -7.916542 3.269223 -0.408584 -5.494143 1.896961 -2.087196 -8.155746 9.639565 7.998361 -15.252299 -3.352724 1.622773 15.676541 17.903778 -17.653528 -11.687469 11.162587
0.595064 24.545179 -15.189423 -6.185832 -11.317940 5.425831 6.293051 10.032426 16.019583 -2.159616 6.398709 3.948474 -0.366530 -7.940840 3.287392 -0.378434 -5.476236 1.935289 -2.071259 -8.166708 9.627570 8.016585 -15.249442 -3.372497 1.601875 15.683760 17.956614 -17.601492 -11.767592 11.286906
0.635736 24.442266 -15.203470 -6.086658 -11.176188 5.374809 6.161675 10.063111 16.062180 -2.133574 6.400158 3.955027 -0.409925 -7.974427 3.240790 -0.389083 -5.476332 1.903321 -2.073300 -8.160055 9.609990 8.005371 -15.243739 -3.383070 1.643813 15.623785 17.978952 -17.584360 -11.764400 11.351504
0.610794 24.596439 -15.231481 -6.022696 -11.168245 5.282866 6.183793 10.046968 16.206062 -2.069125 6.412111 3.998589 -0.392886 -8.024908 3.236273 -0.336298 -5.500306 1.897632 -2.058213 -8.117609 9.607849 7.977173 -15.387003 -3.303852 1.658999 15.614847 18.039854 -17.587465 -11.780708 11.371341
0.569976 24.659393 -15.290659 -6.103413 -11.173315 5.234129 6.041222 10.028339 16.187719 -2.026200 6.410627 4.045773 -0.414947 -8.041554 3.198163 -0.376425 -5.501005 1.892524 -2.034545 -8.139201 9.575008 7.911446 -15.336410 -3.380609 1.680717 15.634985 18.069010 -17.558887 -11.799335 11.385121
0.520048 24.656195 -15.247458 -6.054543 -10.942963 5.085122 6.146369 10.070291 16.251656 -2.089658 6.402434 4.054764 -0.401216 -8.026166 3.236444 -0.350597 -5.505112 1.927864 -2.025146 -8.147799 9.671285 8.026949 -15.394168 -3.200553 1.585079 15.666269 17.790197 -17.728159 -11.550806 11.369919
0.650192 24.660688 -15.240829 -5.838155 -10.868279 5.176483 6.222077 10.108945 16.416758 -2.176306 6.441762 4.088540 -0.387127 -8.008405 3.249364 -0.312428 -5.512344 1.864548 -2.041047 -8.133061 9.619875 7.935832 -15.385113 -3.191155 1.663206 15.825419 17.940306 -17.670218 -11.479281 11.425359
0.779412 24.631790 -15.202826 -5.756720 -10.714377 5.189410 6.389800 10.118117 16.432558 -2.285841 6.453423 4.151715 -0.413802 -8.040002 3.227901 -0.263403 -5.495337 1.887335 -2.052277 -8.118872 9.630043 7.902754 -15.329431 -3.216389 1.632915 15.772557 17.993271 -17.646690 -11.499180 11.597794
0.745585 24.784723 -15.178765 -5.540678 -10.470673 5.027391 6.544350 10.111756 16.427931 -2.176075 6.475859 4.209518 -0.376262 -7.998166 3.216041 -0.264153 -5.526865 1.819959 -2.038439 -8.113825 9.514291 7.952060 -15.459637 -3.032968 1.765620 15.960715 17.912638 -17.693499 -11.467582 11.495466
0.816336 24.778431 -15.206555 -5.493915 -10.359901 4.942361 6.628414 10.069823 16.450027 -2.214132 6.475713 4.206248 -0.357389 -7.975385 3.281564 -0.266555 -5.524514 1.847023 -2.016711 -8.093766 9.487081 8.013554 -15.496978 -3.125662 1.738965 15.979824 17.988531 -17.622065 -11.489344 11.526782
0.587882 24.639538 -15.206029 -6.016639 -11.332500 5.450969 6.372944 10.005268 16.014091 -2.023075 6.412472 3.923513 -0.378949 -7.936366 3.267063 -0.401017 -5.510752 1.859357 -2.086361 -8.171984 9.526128 7.887221 -15.297202 -3.390855 1.668826 15.570543 17.985083 -17.700298 -11.755936 11.275445
0.617880 24.540255 -15.321751 -6.153747 -11.352562 5.420757 5.958153 10.006021 16.046768 -2.002017 6.444870 3.975502 -0.361622 -8.006034 3.233677 -0.322032 -5.513180 1.824463 -2.100595 -8.104027 9.534165 7.664245 -14.017562 -3.422015 1.765590 15.760832 17.397882 -17.714333 -11.828871 11.619416
1.157984 24.825527 -15.130388 -5.995800 -10.685518 5.821179 5.354866 10.145287 15.356141 -2.004556 6.418411 3.929629 -0.361294 -8.023071 3.274402 -0.332514 -5.489776 1.865664 -2.068303 -8.125282 9.482541 7.655927 -13.675448 -3.415798 1.768100 15.704607 17.206596 -17.778465 -11.823120 11.920238
-0.677555 24.298838 -15.502048 -7.464249 -11.958712 6.437218 5.414752 9.569797 13.313443 -1.103801 6.199565 2.436162 0.029101 -7.364434 3.384739 -1.083654 -5.622674 1.912645 -2.458854 -8.183856 9.895463 8.995931 -13.003692 -4.257801 1.194363 14.874069 16.639242 -17.970648 -12.529810 10.147150
-3.221634 23.717941 -15.076759 -10.059065 -12.378458 6.580661 6.941332 9.133780 11.742903 -1.579018 5.951723 1.371587 0.780755 -6.918412 3.854529 -1.387048 -5.862820 2.434784 -2.678130 -8.351482 9.310374 11.154902 -14.589450 -5.646257 0.118252 14.565112 16.991072 -17.956114 -12.660940 7.534740
-4.207425 23.551376 -15.324926 -11.126869 -10.963568 6.241862 6.098840 8.994280 9.780974 -1.378925 5.850012 0.617311 1.276628 -6.339394 4.049334 -1.803930 -5.626815 2.588596 -2.978497 -8.916470 8.793167 11.641270 -12.380119 -6.400010 0.607819 15.195476 16.245962 -18.463148 -13.016578 4.952679
-4.141416 23.396442 -16.263731 -13.301601 -9.837584 5.436476 3.601502 9.109312 7.740329 -1.048435 5.756420 -0.412152 1.422694 -5.782206 4.435075 -2.801987 -5.409097 2.426215 -2.917591 -9.825244 6.838339 10.572194 -7.749292 -8.210181 1.158564 15.825096 14.637630 -19.173906 -14.355022 3.652539
-4.413615 22.665142 -17.257093 -14.943963 -9.025303 3.820793 3.994179 8.325332 7.320894 -1.044907 5.584635 -1.394778 1.511581 -5.253640 4.949127 -3.570688 -5.422826 2.670982 -2.799700 -10.122652 6.125880 12.496532 -9.381986 -8.491276 0.837617 15.621849 15.013092 -19.708792 -15.075573 1.009499
-5.127966 22.927439 -17.588388 -17.079178 -10.096415 3.278642 4.924766 7.788866 7.448780 -1.033936 5.609017 -2.205068 2.053994 -4.550295 5.728230 -3.312734 -5.283167 3.072752 -3.346329 -10.438343 5.933307 15.303234 -9.889743 -8.605800 0.654597 15.771059 13.002314 -20.188215 -15.839613 -1.328009
-5.216145 22.672119 -18.796803 -18.017429 -10.313715 2.594164 5.498127 6.969568 7.160749 -0.930027 5.770366 -2.671724 2.722692 -3.959895 6.030598 -3.239384 -4.935564 3.739867 -4.002012 -10.777185 4.920732 16.483671 -8.992677 -8.524526 0.570730 16.595079 11.188162 -22.336222 -16.184252 -4.284585
-4.887830 22.606028 -19.682446 -18.859739 -10.281574 1.199220 6.240586 6.040596 7.081571 -0.626202 5.624603 -2.783757 2.346127 -3.675972 6.485712 -3.243169 -4.215212 4.901549 -4.073415 -11.064251 3.046266 16.213917 -9.405557 -8.877205 0.948562 16.829134 10.695062 -23.935896 -16.295980 -5.359690
-4.219718 23.304342 -19.950233 -19.652876 -10.360540 0.253983 6.897103 4.714272 6.456670 0.146333 5.563675 -3.228056 2.071765 -3.167473 6.846735 -3.671323 -4.007887 5.306058 -4.082979 -11.550459 1.555356 17.708620 -9.623605 -8.910900 1.066786 17.177700 9.125764 -24.297523 -17.362127 -5.971525
-4.028008 24.319386 -20.567213 -20.217056 -11.047307 0.480706 8.094796 3.213825 5.948760 0.654424 5.676032 -2.934277 2.039945 -2.618927 7.011944 -3.619591 -4.460432 6.183729 -4.156544 -11.427396 0.955196 19.817314 -9.940584 -8.813264 0.804852 16.336985 8.088688 -24.887636 -17.704130 -6.468975
-4.376926 24.751308 -20.663763 -20.968479 -10.985689 0.880758 10.822886 1.268556 5.532174 0.754857 5.717317 -2.029890 1.661830 -2.625777 7.200968 -2.709371 -4.481483 7.037347 -4.061077 -11.284859 0.824998 19.625380 -9.022905 -7.407235 0.960819 15.266429 9.026238 -27.108122 -16.124798 -6.474806
-4.454523 24.543678 -20.948444 -21.542999 -8.777709 -0.273106 11.309868 0.008552 5.132575 1.066115 5.898451 -1.381442 1.532075 -2.611594 7.440602 -1.573136 -4.383690 7.877933 -4.504560 -11.290678 0.936156 18.631462 -10.399254 -4.817027 1.504823 15.086681 11.105906 -29.303534 -12.681923 -6.130494
-4.846255 24.516121 -22.287527 -21.618555 -6.420027 -2.801804 10.368099 -1.237292 6.174084 1.866599 5.619305 -1.205670 1.036439 -2.194287 7.570098 -1.698833 -4.771885 8.503611 -4.354055 -11.633525 0.150141 19.950800 -9.360059 -3.514465 2.107623 16.334869 8.513751 -30.018749 -12.528781 -5.773462
-4.698799 23.848293 -23.527302 -23.099710 -5.229369 -4.924554 8.679969 -1.977794 6.515511 2.480196 5.554795 -1.812941 0.726082 -1.233679 7.772785 -2.556796 -5.311491 8.630434 -4.247136 -12.132439 0.294406 23.637192 -9.728192 -2.939521 2.638202 16.841898 5.509748 -28.493301 -14.181107 -4.473291
-4.761286 23.899414 -23.834759 -22.848131 -4.705849 -5.108594 8.511882 -2.079094 6.957416 2.448474 5.565168 -1.938194 0.945856 -1.201910 7.870870 -2.468475 -5.440375 8.773265 -4.282261 -11.900852 0.527779 23.547777 -10.350300 -2.562102 2.942319 16.986113 5.763421 -28.403749 -14.315815 -4.966946
-5.000571 23.800718 -24.175770 -21.851061 -3.882825 -4.867932 8.778785 -2.280905 7.327904 2.013076 5.496633 -1.909413 1.213860 -1.199515 7.904866 -2.427834 -5.762939 8.608618 -4.048784 -11.514462 0.998123 23.290289 -11.811530 -1.883407 3.001620 17.130089 6.780101 -28.332373 -13.833885 -5.400013
-4.794943 23.274437 -25.658949 -22.396627 -2.335996 -7.005479 7.901222 -2.969368 7.349610 2.279169 5.351003 -2.554272 1.161462 -0.705063 8.157710 -3.077775 -6.005291 8.675169 -3.833021 -11.910715 0.487438 24.525578 -10.710683 -0.817229 4.176364 17.720858 5.095318 -27.715921 -14.980696 -4.576072
-4.835498 23.275473 -25.627356 -22.689373 -2.608666 -6.663876 7.436522 -2.869627 7.374584 2.183748 5.321242 -2.615601 1.340871 -0.688094 8.102562 -3.117762 -6.059884 8.526296 -3.770840 -11.775663 1.022715 24.303560 -9.866096 -0.431538 4.325700 17.840546 4.299010 -27.703770 -14.985569 -4.611305
