5.902226 30.930464 -5.940890 12.768227 11.926071 -1.759238 -6.453161 7.164940 -7.309021 -20.300058 3.730352 -1.329342 -0.267640 -11.387211 0.654613 -0.036123 -5.324721 7.667997 -4.905005 -5.593073 6.347768 12.977008 -15.956409 1.835976 0.910274 22.714676 8.714023 -22.111507 -3.694092 12.686488
5.906391 30.962549 -5.867393 12.822046 11.916988 -1.842121 -6.530283 7.136728 -7.474019 -20.589594 3.748072 -1.302401 -0.282311 -11.395454 0.589932 -0.035882 -5.356370 7.669438 -4.938798 -5.546269 6.724481 13.065891 -16.365297 1.467582 1.345824 22.920824 9.028285 -22.363384 -3.723006 12.739190
5.178788 12.202631 -9.544973 6.386121 5.675891 12.084817 -9.255620 9.408432 -5.665035 -31.849321 6.994163 0.279836 3.631288 -7.544017 1.802836 0.088278 -7.892850 4.076625 -5.284526 0.158405 21.046240 10.237757 -15.084346 6.897612 7.932716 13.479325 12.705945 -9.161519 -19.044657 8.815204
0.711875 4.797003 -6.366995 2.207192 11.609914 19.131922 -4.904321 10.465535 2.140691 -26.756090 9.050286 1.184296 1.830827 -6.177565 -0.212923 -0.445560 -6.374752 1.220785 -6.289460 3.547373 16.014986 7.739190 -17.200047 11.128410 3.054625 7.637125 4.939952 -2.716797 -23.696299 4.972159
4.806281 6.628402 -9.983968 2.000588 9.428922 14.450379 -8.403831 11.322942 0.216887 -26.911570 8.092603 -0.132535 2.691704 -6.378396 0.903704 -0.901908 -8.316509 2.496729 -5.804209 1.563628 18.113859 10.019115 -17.150534 10.462406 3.941756 9.259302 11.531281 -5.625728 -21.836920 3.645933
5.085104 8.133547 -12.069379 2.715223 8.159420 9.524974 -12.264068 8.983199 -2.215146 -30.906229 7.633439 -0.275541 2.964275 -6.073413 1.447359 -1.352867 -9.414612 2.921520 -5.564538 0.585373 19.402275 10.197337 -16.481638 7.418397 7.411529 10.720369 13.388638 -8.673489 -21.919159 3.059860
4.592177 7.840683 -13.430924 1.926053 8.048863 7.283140 -14.378881 7.981901 -2.986575 -32.686726 7.558676 -0.588659 2.894887 -5.462413 1.583246 -1.915012 -9.639967 2.934234 -5.759219 0.038979 19.217768 9.095135 -14.174301 5.098315 9.020769 10.952793 14.280488 -11.402988 -21.449537 2.272808
4.519537 7.852956 -14.155045 1.012355 8.120523 6.109616 -15.471731 7.814423 -2.822912 -32.546337 7.571861 -0.755338 2.763011 -5.042475 1.815597 -2.243635 -9.742695 2.855518 -5.720253 -0.520525 18.049540 8.526193 -12.996352 4.108683 8.835728 10.951968 14.648381 -12.666266 -21.375786 1.464626
4.215281 7.726416 -15.285492 0.451967 8.056162 4.849090 -16.610647 7.075733 -2.517349 -32.108742 7.547116 -0.517880 2.692468 -4.731946 1.777088 -2.608964 -9.904310 2.748369 -5.463687 -0.890359 17.878281 8.100666 -12.500607 3.609151 8.408951 10.260076 15.331036 -13.752334 -21.268160 0.691248
4.443041 7.002249 -16.422476 -0.949268 8.318013 3.407610 -17.868982 7.394339 -1.251553 -32.702366 7.368461 -0.651893 2.393565 -4.507224 1.791271 -3.026801 -10.307487 2.646166 -5.227358 -1.336275 17.293810 8.300843 -11.762999 2.515255 7.924331 9.579828 15.789565 -14.130603 -21.347639 -0.233003
4.105161 6.307663 -18.339220 -1.345346 9.086216 1.109439 -18.914364 6.945834 -0.080797 -32.255184 7.290649 -0.421947 1.997887 -4.032876 1.451601 -3.624781 -10.769951 2.495823 -5.050751 -2.173643 17.196444 8.755800 -9.173114 1.417700 7.795781 9.478387 14.577086 -15.126321 -21.567839 -2.016618
2.803082 5.535644 -19.413641 -0.776875 10.018600 -1.278369 -19.285049 6.830569 1.194247 -31.643576 7.395686 -0.067234 1.960605 -3.426973 1.223027 -3.931268 -10.728491 2.308185 -5.166389 -2.848631 16.214304 9.170148 -7.634212 0.155323 7.590198 9.124023 13.635573 -16.610207 -21.831938 -3.903430
1.270923 5.092870 -19.860888 -0.531681 10.789185 -3.469123 -19.845955 7.248708 1.950873 -31.211367 7.654449 0.112743 2.337995 -2.805917 1.362291 -3.908664 -10.266024 2.448251 -5.541857 -3.413594 14.601603 8.953981 -6.848695 -0.326966 7.532058 8.636909 12.967753 -18.448393 -21.873362 -4.758153
-0.410403 5.784426 -20.100986 -0.383458 11.405544 -5.158416 -19.846506 7.136372 1.476498 -29.983084 7.844249 -0.037691 3.071380 -2.141239 1.844441 -3.748582 -9.631016 2.749444 -5.994212 -3.992550 12.122211 7.681198 -6.605750 -0.082003 7.517407 8.045846 12.979887 -20.809950 -21.004541 -4.585674
-1.695493 7.116889 -20.017370 -0.844947 11.510483 -6.345294 -20.789093 7.201139 1.730116 -28.842985 8.066387 -0.193796 4.067933 -1.819472 2.343343 -3.125668 -8.921490 3.144125 -6.748673 -4.027006 9.988106 6.275484 -5.912238 0.688637 7.353547 8.199862 13.308358 -22.861172 -19.876959 -3.620918
-2.498384 8.035013 -18.895741 -2.114379 10.508642 -7.367831 -22.664324 8.480268 2.100482 -28.186205 8.271283 -0.299273 5.631031 -1.456949 2.585911 -2.356720 -8.212742 3.547903 -7.629251 -3.748011 8.366921 4.169919 -5.144630 1.166677 7.028760 9.182010 13.470143 -25.013985 -17.710093 -3.331045
-2.849839 10.769978 -18.070429 -2.566563 9.981009 -8.119111 -23.930260 9.076396 2.721383 -27.123262 8.566097 -0.413435 7.071268 -1.554633 2.518574 -1.186023 -7.651483 3.795299 -8.691693 -2.921931 7.697129 2.232045 -3.899736 1.595551 6.465941 10.177576 12.646155 -27.434107 -15.295399 -3.978145
-2.765560 13.009104 -16.348213 -3.032739 9.226347 -8.060956 -24.169834 10.097692 2.484019 -26.765661 8.617934 -1.079888 8.069052 -1.753145 2.634090 -0.370852 -7.230656 4.082166 -9.456395 -2.274449 7.788834 0.460576 -3.597825 2.093480 5.934171 10.595463 11.205468 -29.760841 -13.083046 -4.576334
-2.293196 12.286785 -15.341472 -3.552706 9.399981 -8.652538 -23.780794 11.585106 2.227125 -27.704489 8.552403 -1.309917 8.359322 -1.975305 2.458952 -0.414417 -7.332663 4.467308 -9.637481 -1.962070 8.062536 0.014288 -4.024606 2.596091 6.189135 10.579206 12.198104 -28.782614 -13.271999 -3.017875
-2.266889 11.627823 -15.094878 -3.904884 9.328177 -9.122123 -23.773951 12.103960 1.907907 -28.288027 8.557106 -1.383864 8.503179 -2.049943 2.464616 -0.458998 -7.354239 4.600846 -9.540648 -1.905879 8.162809 -0.020857 -4.891143 2.740274 6.237298 10.149458 12.715758 -28.083929 -13.487318 -2.023221
-2.318206 11.255828 -14.907481 -4.033634 9.519356 -9.524134 -23.702744 12.441442 1.785547 -28.475092 8.555285 -1.538251 8.491130 -2.065311 2.548563 -0.484072 -7.425662 4.648293 -9.526593 -1.908951 8.663101 0.029210 -5.628742 3.103449 6.280745 9.957518 13.198796 -27.530832 -13.561872 -1.757299
-2.453302 10.821705 -14.657974 -4.095852 9.587575 -9.683881 -23.518246 12.713782 1.596060 -28.446138 8.566628 -1.578685 8.379529 -2.180030 2.515261 -0.537133 -7.439967 4.667693 -9.329491 -1.818356 8.967234 0.030844 -5.862167 3.205646 6.335958 9.879310 13.091798 -27.335579 -13.644750 -1.680662
-2.661029 8.700239 -15.870633 -3.368610 10.693424 -9.431165 -23.428661 11.294179 1.183808 -28.455458 8.628448 -1.490571 6.497500 -2.044168 2.982236 -0.779135 -7.740354 4.321593 -8.746653 -2.198904 9.793881 0.841500 -7.035975 2.596113 7.191562 9.403456 12.815276 -24.786114 -16.196180 -3.497889
-13.583415 -4.228272 -3.651486 -7.020579 9.066508 27.583536 -19.715330 8.648766 10.400582 -15.402918 12.410710 2.497772 -0.588948 -2.541536 -0.261348 -1.602769 -1.721478 -3.217637 -5.039019 0.451563 -0.260287 3.052103 -8.065530 7.132971 -3.861919 1.484482 -10.243033 -4.226865 -28.615721 1.653844
-9.726937 -0.955850 -10.436999 -2.147333 13.695493 13.472713 -18.290195 9.254553 9.147701 -21.212936 10.958996 1.731630 1.280690 -2.245362 0.274487 -1.748372 -4.306636 -1.589273 -6.919164 0.323209 3.173470 6.617803 -9.041151 4.971606 -1.725988 4.626161 -3.207410 -9.180303 -26.774862 -4.181055
-6.107100 -0.102403 -13.315495 -1.471727 14.912699 7.956385 -17.727711 10.128834 8.580921 -23.092258 10.253690 1.190747 1.954210 -2.087767 0.680932 -1.892626 -5.842772 -0.122563 -7.156699 -0.510958 4.220084 6.868440 -7.684915 3.396780 -0.270776 5.911736 0.975605 -12.039772 -25.657686 -4.694655
-5.629949 -0.407899 -13.740129 -1.408181 15.005550 8.398099 -17.214148 10.115382 8.716897 -23.750660 10.103580 1.641843 1.325389 -2.430003 0.579590 -1.965701 -6.292918 -0.469363 -6.819258 -0.459423 5.044390 7.326608 -5.622981 2.970253 -0.261337 6.228448 0.719116 -10.856870 -26.083479 -4.372007
-4.808416 -1.518132 -13.516695 -1.603468 14.458541 11.486283 -16.465878 10.129271 9.652013 -23.346304 10.313109 1.675164 0.727746 -2.746464 -0.015452 -2.422728 -6.311380 -1.396023 -6.293183 0.116303 6.669681 8.661100 -5.212820 3.315312 -1.039023 5.718656 -1.439360 -7.405668 -27.788000 -4.623278
-7.512197 -2.190930 -11.490142 -0.006141 14.147673 18.241726 -14.312356 6.426834 10.837629 -22.776920 10.976966 2.314209 -0.935228 -3.364021 -0.511016 -2.172569 -5.656985 -2.615205 -5.763356 1.019105 7.060366 7.165283 -3.567436 2.900521 -1.205875 5.147402 -5.177029 -2.490229 -30.535196 -1.021691
-9.581029 -2.941159 -6.694964 1.976679 11.902070 24.773561 -12.108834 6.157649 11.671613 -21.326927 11.614153 2.379586 -2.059083 -3.938410 -0.118433 -0.865876 -4.005241 -2.868603 -5.395247 1.657860 5.671146 3.432287 -4.205209 4.190239 -1.620402 3.652818 -6.242735 1.314838 -31.086386 5.498537
-4.929231 -0.345784 -12.062999 2.276517 12.758509 17.993746 -11.062975 6.558736 10.253740 -23.571886 10.781721 1.041142 -1.388240 -4.554000 0.448940 -0.673516 -6.398257 -1.701357 -5.977617 1.828290 9.760526 6.065144 -2.736521 1.986521 -0.419533 6.223462 -1.389745 0.598837 -30.134352 3.488892
-2.027547 0.747792 -12.303761 1.734036 12.217478 15.214787 -9.914226 8.335175 9.652843 -25.369783 10.189411 0.167269 -0.867031 -5.150254 0.775030 -0.356789 -7.452251 -0.738087 -6.284286 1.994866 12.262946 5.551484 -2.650483 1.686893 1.207336 8.000847 1.965134 0.580564 -28.266850 4.513062
1.718143 3.075468 -13.631181 0.482121 10.777061 11.470162 -8.583756 9.799438 8.059288 -26.785494 9.532687 -1.166929 -0.098942 -5.743985 2.008017 0.259604 -9.075380 0.876352 -6.416200 1.555563 15.374729 4.276914 -1.081435 2.107823 3.506505 10.222750 6.726876 -0.703673 -26.373100 5.550494
4.452281 6.205646 -16.063780 3.044730 8.790886 6.893713 -8.623959 8.100292 2.125279 -30.071575 8.974055 -2.154386 0.101881 -6.505650 3.539113 1.122303 -10.315239 2.100324 -6.149958 0.649243 19.404087 3.288913 1.182648 2.102391 6.149913 11.006588 11.609462 -2.439464 -23.667240 7.451228
4.706542 7.093850 -15.913741 6.012290 7.317965 7.101119 -7.076622 7.487233 -0.979218 -32.151897 8.566245 -2.707623 0.344066 -7.264008 4.261080 2.049735 -10.644276 2.427813 -6.119507 1.055216 24.629013 1.443193 3.043410 2.795675 9.730834 11.102375 13.526242 -3.341249 -21.470102 10.586422
5.773910 7.883691 -15.446940 7.758485 6.990302 8.430312 -4.921174 8.085142 -2.994041 -32.050610 8.237416 -3.114702 0.638364 -8.055482 4.477754 2.568728 -10.534828 2.420771 -5.910886 1.503328 25.780476 -0.501148 5.197258 4.817333 10.097965 11.759474 12.225501 -4.257797 -18.420034 12.194007
7.625690 9.352268 -14.258424 8.228940 7.500639 8.977712 -3.103288 8.165171 -4.478366 -32.270554 7.936431 -4.532356 1.343355 -8.837328 4.504470 2.807337 -10.647474 2.139659 -6.110769 2.597650 25.103138 -0.477651 6.282796 6.290916 10.870398 14.511593 9.680635 -4.379731 -17.299809 10.945553
8.838124 10.020851 -12.607632 7.208038 8.714733 9.095634 -0.455608 7.835301 -5.222922 -33.834591 7.868972 -5.656850 1.614336 -9.086688 4.097350 2.824757 -10.989691 2.113141 -6.818972 3.474736 24.319796 0.050313 7.018415 6.461517 11.893757 16.562513 8.859046 -3.934956 -17.678043 9.355205
8.829593 10.064044 -12.093871 6.743254 9.122851 8.775875 -0.448443 7.957430 -5.290593 -34.148151 7.727833 -5.921700 1.757192 -8.930041 3.941810 2.526256 -10.966681 2.283832 -6.945470 3.729093 24.042208 0.054530 7.137657 6.829550 12.166234 16.943415 8.561942 -4.106916 -17.521856 9.166369
8.896611 9.912882 -12.034675 6.681876 9.054974 8.812004 -0.419782 8.000148 -5.431945 -34.240147 7.730897 -6.030879 1.749661 -8.965844 3.965783 2.599665 -11.005295 2.325042 -6.971210 3.855990 24.083857 -0.068491 7.311446 6.961929 12.227945 16.966988 8.328130 -4.220353 -17.472677 9.198717
