-0.666280 29.215015 -13.417768 19.756990 3.811116 3.409127 -8.864557 3.932250 -10.560434 -11.745140 2.259727 3.311345 4.486329 -9.066863 -3.817782 -5.649244 -3.919847 8.726166 -2.764524 -7.139066 6.302359 12.985736 -16.022099 1.865512 0.924416 22.690336 8.634486 -22.042063 -3.790959 12.682721
-0.709562 29.187918 -13.429656 19.818460 3.757562 3.380271 -8.969459 3.838162 -10.714887 -12.019501 2.293060 3.331882 4.489717 -9.049736 -3.904927 -5.678937 -3.948225 8.742172 -2.788797 -7.099580 6.669598 13.098936 -16.460268 1.463524 1.351066 22.881699 8.842857 -22.294035 -3.864402 12.666118
0.696512 28.804985 -14.775352 13.235121 1.337517 5.577859 -8.590240 0.631063 -12.831859 -13.487381 3.620149 4.695508 4.462887 -5.663618 -2.570424 -6.641730 -6.662315 7.199736 -2.170356 -8.052689 5.423772 9.006784 -16.090235 0.735822 4.275269 19.692955 15.114513 -20.115332 -9.771984 10.784205
-0.681080 30.480465 -15.510949 10.599478 3.371296 3.148563 -7.792600 -1.506985 -14.613088 -12.349269 4.052274 5.591963 1.660539 -5.041317 -3.345178 -7.357285 -7.314523 8.188438 -2.884210 -8.576378 1.429354 8.251564 -16.342659 -1.787416 4.629711 18.980049 17.076666 -21.295618 -11.611895 11.516509
-0.917174 31.753723 -15.890959 7.749022 4.103407 0.911807 -8.908314 -2.079952 -14.424019 -12.138283 3.659319 4.632737 0.318751 -5.083005 -4.176202 -8.709107 -6.947152 7.776973 -2.950413 -9.616610 0.173358 7.713491 -15.965658 -4.162716 4.234706 18.704224 19.345032 -20.668798 -11.951469 12.373839
-0.879426 31.644865 -17.050188 6.638320 3.523737 0.523637 -8.473690 -3.484355 -14.814908 -11.516647 3.394101 4.214669 -0.304876 -4.768257 -3.909611 -9.488280 -6.810151 7.583586 -2.697063 -10.703510 -0.995887 8.532622 -15.598927 -6.076496 3.861189 18.643562 20.243280 -20.619499 -12.386044 10.801551
-1.428991 31.411232 -18.443430 6.031088 4.529962 0.228998 -6.568930 -5.124276 -16.006933 -11.389093 3.424501 4.798818 -0.006545 -4.294758 -2.873382 -8.750941 -7.302622 8.598841 -2.470587 -10.729826 -2.389352 10.535990 -15.164698 -8.083688 3.609441 19.649895 20.102125 -20.283709 -13.218088 8.997764
-2.183158 31.397461 -18.507120 5.372046 5.365966 0.453738 -5.549865 -5.636521 -16.380407 -11.720144 3.631369 5.130897 0.455757 -3.912527 -2.569949 -8.274456 -7.586657 8.846529 -2.575447 -10.575555 -3.388524 11.180038 -15.118907 -8.868654 3.896187 20.374880 20.126020 -20.173885 -13.861250 7.623300
-2.625361 31.491533 -18.685791 4.846381 4.995609 0.541198 -5.750014 -5.968746 -16.825937 -11.447902 3.650758 5.053671 0.487138 -3.661720 -2.369188 -8.334149 -7.291063 8.714844 -2.601094 -11.174370 -3.979651 11.449205 -15.209989 -9.474421 3.743494 20.139742 20.088709 -20.504021 -14.143827 6.581676
-2.510780 31.334026 -18.205038 4.172107 5.257029 0.519154 -5.596821 -5.965500 -16.878069 -11.877535 3.788845 5.057679 0.277877 -3.321492 -2.315585 -8.485800 -7.018141 8.646192 -2.785556 -11.593973 -4.371475 11.365097 -15.116373 -9.689557 3.527329 20.145756 20.172026 -21.076792 -14.034851 5.798169
-2.891548 31.886988 -17.718601 3.332771 5.277946 -0.000513 -5.728329 -5.941446 -17.639982 -11.477243 3.724000 4.713346 0.280519 -3.185278 -2.095680 -8.632913 -6.780241 8.915238 -2.788152 -11.758383 -4.769860 11.173624 -14.889368 -9.511646 3.490209 20.367899 19.986895 -22.182043 -13.183257 4.344054
-3.447827 31.888546 -17.796698 2.820715 5.155327 -0.429023 -5.910649 -5.784646 -18.446712 -10.944946 3.603096 4.531465 0.222774 -3.251045 -2.058815 -8.611070 -6.767318 9.116016 -2.787263 -11.796612 -4.745715 10.740168 -14.752498 -9.305449 3.663763 20.500177 20.178047 -22.580595 -12.767521 3.516999
-3.626851 31.921894 -18.126535 2.901116 5.659506 -0.968477 -5.548302 -5.989709 -18.779037 -10.765261 3.417196 4.252724 0.275687 -3.295278 -1.864913 -8.563168 -6.858007 9.582607 -2.668390 -11.722926 -5.475572 10.353471 -14.729897 -8.869994 4.142923 21.229284 20.306452 -22.940832 -12.694888 3.054456
-3.370921 32.635460 -18.136797 2.946704 5.606938 -0.978519 -4.708424 -6.718730 -19.298340 -10.523502 3.330418 3.907609 0.546456 -2.995752 -1.386757 -8.626957 -6.584767 9.621796 -2.522833 -12.099148 -5.606659 11.675952 -14.940694 -8.587485 4.460008 21.224804 19.336126 -23.046156 -13.668251 2.384018
-2.781307 33.535088 -18.516968 2.694084 5.577075 -1.800874 -4.560334 -7.583956 -19.567230 -9.693395 3.260169 3.713571 0.420094 -2.955359 -1.136117 -8.553037 -6.343182 10.100384 -2.678107 -12.386949 -6.251936 13.554508 -15.275696 -8.681197 4.708751 21.259546 18.426245 -22.704296 -14.897671 2.337349
-2.654747 33.356583 -19.027571 2.421226 5.608243 -2.541676 -4.787822 -7.912230 -19.505228 -9.407437 3.164038 3.548693 0.395030 -2.744679 -0.876946 -8.598626 -6.128037 10.294023 -2.634514 -12.727757 -7.088308 15.114951 -15.492314 -9.029943 4.744444 21.538763 17.612564 -22.388105 -15.741056 2.049773
-2.677105 33.396759 -18.973654 2.349276 5.548732 -2.491476 -4.750149 -7.923680 -19.537254 -9.412199 3.162256 3.579863 0.370720 -2.758748 -0.896468 -8.630416 -6.104379 10.242542 -2.623522 -12.788068 -7.114100 15.219564 -15.470382 -9.142337 4.798431 21.583467 17.499638 -22.306942 -15.750057 1.900285
-2.687061 33.502876 -19.216452 2.418737 5.455698 -2.413454 -4.790389 -8.083209 -19.566025 -9.266747 3.170004 3.556926 0.374677 -2.780499 -0.792585 -8.620082 -6.047773 10.265664 -2.585030 -12.856426 -6.937909 14.836226 -15.412064 -9.227471 4.693081 21.301615 17.698690 -22.409651 -15.674788 1.969787
-3.061310 33.393681 -19.030813 2.505154 5.353539 -2.070169 -4.770576 -7.986809 -19.629671 -9.375841 3.157156 3.591323 0.373382 -2.744027 -0.855104 -8.621646 -6.113322 10.218641 -2.574562 -12.782881 -6.900400 14.288122 -15.352505 -9.198272 4.633148 21.137953 17.741327 -22.680241 -15.549190 1.791237
-3.324173 33.347031 -18.793447 2.344671 5.294116 -1.840270 -4.753481 -7.782515 -19.818686 -9.491097 3.250187 3.412349 0.040760 -2.979919 -0.699907 -8.339068 -6.290805 10.077160 -2.612221 -12.655828 -6.684804 14.027262 -16.574247 -8.762901 4.614077 21.131935 18.464981 -22.854679 -15.219029 1.279507
-3.572734 33.043747 -18.337612 2.004373 5.264309 -1.666367 -4.935157 -7.238035 -19.903048 -9.932080 3.238253 3.323662 0.100902 -2.960485 -0.758550 -8.466643 -6.303035 9.917066 -2.563785 -12.630995 -6.520137 13.802351 -16.556416 -8.715039 4.605672 21.031805 18.479893 -22.903833 -15.182371 1.261649
-3.574002 33.067730 -18.367638 2.033616 5.274104 -1.661965 -4.928578 -7.265152 -19.927389 -9.898561 3.222378 3.224058 0.136049 -2.943554 -0.690319 -8.536636 -6.284424 9.911883 -2.529593 -12.697377 -6.519875 13.788538 -16.555817 -8.764777 4.563770 20.955135 18.513248 -22.923346 -15.183331 1.260284
-2.486735 34.442825 -17.269785 -1.642349 2.086176 -0.771720 -4.226575 -8.153414 -22.882782 -9.299240 2.935012 1.567854 1.553161 -2.678416 0.425163 -9.230165 -5.204157 9.065821 -1.939115 -13.317123 -4.259463 15.008395 -15.653207 -8.360715 1.947113 19.250999 13.964448 -26.563019 -13.190289 -1.441205
-3.186383 33.801300 -16.112879 -1.682856 -1.530957 3.621542 -3.418018 -7.174305 -23.156313 -10.486362 2.948065 1.209417 2.591102 -3.498908 0.765925 -9.183060 -4.111226 8.138979 -1.411142 -13.269247 -2.357324 12.149665 -13.525838 -8.558539 0.374828 18.147394 13.858136 -28.895342 -10.830929 -3.582088
-3.010155 33.248032 -15.990104 -1.537180 -2.073697 4.659766 -3.950482 -6.828514 -22.730177 -10.961605 3.300753 1.145341 3.230600 -3.521681 0.724385 -8.771121 -3.931780 7.479193 -1.874315 -13.218580 -0.994644 11.649285 -13.216218 -8.456108 0.104969 17.863626 13.849227 -28.802263 -10.617043 -4.072731
-2.974081 33.036125 -15.885396 -1.901160 -2.172963 4.626230 -4.232158 -6.633160 -22.507189 -11.221245 3.432601 1.021282 3.607453 -3.401632 0.840181 -8.776773 -3.853855 7.425808 -2.059608 -13.038759 -0.732485 11.482702 -13.271731 -8.317607 0.098463 17.763777 13.940005 -28.911041 -10.561590 -4.496844
-2.935975 32.935722 -15.856929 -1.904670 -2.115733 4.688851 -4.322418 -6.597866 -22.394930 -11.351114 3.405408 1.001572 3.609053 -3.398615 0.846197 -8.812204 -3.838873 7.354360 -2.035469 -13.079708 -0.616799 11.487505 -13.258336 -8.350077 0.127338 17.796440 13.983941 -28.711508 -10.645785 -4.393531
-2.943569 33.002445 -15.816288 -1.935960 -2.059195 4.634821 -4.295016 -6.570985 -22.425432 -11.342762 3.426649 0.971458 3.654588 -3.397190 0.866637 -8.771329 -3.819061 7.298408 -2.060889 -13.077314 -0.577042 11.441785 -13.243944 -8.379930 0.109318 17.810795 14.028163 -28.748154 -10.610187 -4.527684
-2.959823 33.024197 -15.831427 -1.935134 -2.085805 4.664699 -4.327002 -6.599219 -22.395412 -11.306390 3.425639 0.979233 3.627059 -3.394476 0.873938 -8.786667 -3.846167 7.317419 -2.065207 -13.070212 -0.631328 11.496544 -13.278792 -8.371486 0.129143 17.817152 14.005939 -28.704765 -10.627982 -4.428520
-2.946917 32.986195 -15.804263 -1.968958 -2.074573 4.615266 -4.315232 -6.576638 -22.380758 -11.372898 3.413742 0.931016 3.653919 -3.408214 0.853372 -8.807157 -3.828242 7.290700 -2.068296 -13.076946 -0.594025 11.441957 -13.240340 -8.389185 0.129998 17.813051 14.011045 -28.748087 -10.615457 -4.514013
-2.952008 32.970001 -15.834022 -1.959872 -2.111137 4.656557 -4.352641 -6.600689 -22.402573 -11.332050 3.417541 0.997801 3.645032 -3.385464 0.838026 -8.805077 -3.842230 7.309416 -2.058224 -13.056913 -0.644090 11.471175 -13.281344 -8.363088 0.154246 17.831816 14.006380 -28.697866 -10.617099 -4.380002
-2.968007 32.962585 -15.871409 -1.894478 -2.140430 4.720819 -4.309542 -6.644794 -22.432302 -11.296392 3.417406 1.007451 3.627090 -3.389839 0.836256 -8.806064 -3.844261 7.312398 -2.049731 -13.064900 -0.658781 11.497293 -13.275026 -8.331795 0.190071 17.831583 13.980264 -28.680954 -10.639001 -4.358801
-2.776571 32.601585 -15.513284 -0.578177 -1.721765 4.275480 -6.350554 -5.570847 -20.574930 -11.702417 4.042471 2.394613 3.295184 -3.244352 -0.041553 -8.559644 -4.434346 6.398649 -2.417205 -12.527027 0.422220 10.930639 -13.969960 -8.456514 1.182548 17.662834 16.497774 -25.191057 -11.978418 -2.274942
-2.556443 32.055031 -15.430907 0.663820 -1.305564 4.560172 -7.776090 -4.912099 -19.131895 -12.069775 4.457607 2.685181 2.440387 -2.713021 -0.736969 -9.760670 -4.591184 4.565792 -2.259138 -12.899565 0.415618 9.667987 -14.823529 -9.145413 1.809714 17.218481 18.914026 -22.205870 -13.358678 1.218801
-2.548346 31.644411 -15.508670 1.210143 -1.242443 4.912895 -8.593094 -4.461281 -18.054461 -12.358555 4.947878 3.108403 2.021250 -2.519214 -1.203050 -10.455236 -4.366544 2.941716 -2.114589 -13.178629 -0.004104 9.211290 -14.789990 -9.771600 1.422083 16.634031 19.102125 -21.864195 -13.368069 3.368773
-1.926667 31.099056 -15.373351 1.881339 -0.698433 4.386526 -9.278839 -3.731330 -17.284636 -12.615238 5.367762 5.087307 1.273950 -3.004431 -1.569889 -9.568946 -4.388062 2.454718 -1.893924 -12.599653 1.249447 9.737926 -14.705367 -10.262028 0.853096 16.126640 19.681364 -20.762644 -13.116064 5.457450
-0.576457 30.509075 -15.075043 3.549853 -0.141850 3.981397 -9.164434 -2.552592 -16.387428 -13.062401 5.659759 6.234047 1.678183 -3.256717 -1.995714 -8.419372 -4.660732 1.819751 -1.953785 -12.079367 2.655209 9.952768 -15.365367 -10.465243 -0.081683 15.962197 21.088598 -19.421965 -12.379560 8.464128
-0.431479 30.243662 -15.032065 5.007259 -0.418441 4.622755 -9.002073 -2.119045 -15.767777 -13.143255 6.005992 7.169421 2.070504 -3.426624 -2.568583 -7.642779 -4.797164 0.949304 -2.117123 -11.559072 3.332611 8.931511 -15.556423 -9.511821 -0.074508 15.420514 21.213202 -19.203791 -12.187304 11.143129
-0.742091 29.504616 -15.436296 6.522678 -1.063275 5.234963 -9.479049 -1.587908 -15.064206 -13.053182 6.172503 7.272489 2.957100 -3.464040 -2.483901 -7.163836 -4.903207 0.363737 -2.217656 -11.351352 3.626284 7.905251 -16.143312 -8.467017 0.749984 14.778324 21.522339 -18.651682 -12.846378 13.671252
-0.439023 29.360939 -16.125120 8.868858 -0.328866 5.866452 -8.387399 -2.070831 -15.062053 -12.825549 5.959409 6.898046 4.613670 -3.733169 -2.755303 -7.733290 -4.228286 -1.525867 -1.865770 -11.851367 3.618256 8.271524 -15.093777 -6.404515 3.260034 15.977326 20.850346 -16.803648 -14.667025 14.315957
-0.125620 28.378565 -17.880518 10.665551 0.637625 5.660884 -7.951435 -2.088241 -14.028785 -13.107748 5.558646 5.889169 5.365671 -4.342525 -2.588261 -8.610739 -2.984452 -2.924626 -1.000898 -12.868423 2.799351 7.918963 -14.843347 -4.624511 6.244459 18.023745 21.615660 -15.130044 -16.200775 12.618958
0.153216 26.607121 -19.417604 12.292615 1.239796 6.164498 -7.481431 -1.919846 -12.948511 -13.793648 5.082335 5.120774 6.977733 -4.756633 -1.908585 -8.810900 -1.081497 -3.444561 -0.223114 -13.515841 3.606671 6.600865 -12.882018 -4.035637 7.748835 20.376852 22.252029 -12.903097 -17.023308 11.629136
-0.150383 26.232044 -19.664684 13.019260 1.912375 6.146248 -7.094666 -2.040653 -12.475662 -13.882181 5.175982 4.673759 8.068914 -4.900922 -1.531234 -8.622748 -0.088725 -4.093884 -0.076720 -13.547162 3.878678 6.291467 -12.613093 -3.595054 8.227352 20.916979 22.357868 -12.383182 -17.192228 11.328275
-0.182445 25.716215 -19.871910 13.029886 1.910745 6.497639 -7.097649 -1.988176 -12.383893 -13.954819 5.298931 4.488677 7.802639 -5.017870 -1.132410 -8.063352 -0.175025 -4.073245 -0.241578 -13.371216 3.927480 6.675586 -15.288659 -3.029761 8.065657 20.811707 23.468451 -12.029721 -16.938066 10.595078
-0.131667 25.614004 -19.909866 13.194702 1.936155 6.578651 -6.947368 -1.851103 -12.304097 -14.068585 5.228709 4.533030 7.948039 -4.991599 -1.181489 -8.192432 -0.103766 -4.082933 -0.165310 -13.409189 4.071053 6.658527 -14.658679 -3.069664 8.119483 20.957418 23.290125 -11.813216 -17.042961 10.728725
-0.294858 25.648048 -19.884190 13.288143 2.023865 6.664954 -6.745862 -1.937050 -12.460993 -13.955390 5.140902 4.730165 8.201911 -4.815639 -1.440175 -8.536212 -0.054711 -3.982872 -0.074362 -13.521532 3.679923 5.471819 -11.033392 -3.348980 8.545373 21.177074 21.899397 -12.139738 -17.213095 11.787220
-0.224920 25.516247 -19.986254 13.298739 1.959063 6.626734 -6.838576 -1.912281 -12.346933 -14.032609 5.189300 4.803847 8.129867 -4.850060 -1.360713 -8.399477 -0.003086 -3.902861 -0.095453 -13.429120 3.651872 6.055254 -12.414617 -3.262435 8.416563 21.263613 22.424137 -11.976676 -17.184916 11.394884
-0.234686 25.518934 -20.027952 13.278563 1.926426 6.575981 -7.053422 -1.871835 -12.264545 -13.980868 5.202736 4.743505 8.229726 -4.865735 -1.358307 -8.428598 0.016086 -3.955982 -0.088674 -13.424938 3.791334 6.246995 -13.448315 -3.252999 8.308462 21.082621 22.922926 -11.886081 -17.196201 11.075765
-0.236868 25.583590 -19.999540 13.341202 2.031875 6.492341 -6.967497 -1.903214 -12.269753 -13.965458 5.202633 4.747475 8.227651 -4.868364 -1.357347 -8.424893 0.025605 -3.969868 -0.085422 -13.430571 3.768194 6.281200 -13.433639 -3.236269 8.310172 21.101810 22.880888 -11.901145 -17.208364 11.056396
-0.245329 25.591335 -20.011377 13.298819 2.057884 6.460799 -7.007149 -1.890929 -12.281962 -13.970459 5.222189 4.782289 8.290692 -4.860256 -1.253375 -8.353409 0.053325 -3.795432 -0.072474 -13.307166 3.796458 6.330860 -13.460101 -3.172741 8.333601 21.149599 22.897234 -11.883931 -17.161894 11.025713
