1.374044 25.717072 -10.579061 2.943085 4.008642 -4.881755 11.772701 14.079990 20.709650 -3.887797 4.538182 3.722750 0.465069 -11.251606 5.155311 2.009827 -1.730876 4.280189 -0.286774 -8.972090 8.927461 5.988925 10.304488 -13.710207 -12.011639 10.967724 0.988435 -27.373026 -2.000568 20.617336
1.423837 25.631140 -10.470065 2.880040 4.114882 -4.909729 11.982069 14.138283 20.899418 -4.107448 4.561642 3.759798 0.439005 -11.239023 5.157184 2.046475 -1.765015 4.269805 -0.285799 -8.944407 8.972752 6.005815 10.328349 -13.796140 -12.094202 10.889436 0.923982 -27.379538 -2.034866 20.586918
-0.371648 26.941277 -15.262147 -6.470912 9.657343 -10.803428 13.457108 8.099833 18.228518 -3.470859 6.102374 6.782297 -2.694978 -5.993115 7.604656 0.156290 -5.155334 5.185688 0.983226 -11.101363 2.074765 0.591519 11.614427 -24.230137 -12.758806 6.136962 12.139827 -28.987186 -6.340313 16.561552
-1.176456 27.409092 -15.413604 -7.367166 10.371628 -12.037381 13.494031 6.825387 18.054777 -3.171444 6.343709 7.235097 -3.348176 -5.357880 7.441910 0.236270 -4.899273 5.429351 0.455636 -11.648031 -0.004252 0.974470 11.135942 -25.607224 -12.771074 6.186639 12.382810 -29.469860 -7.308496 16.525852
-1.427727 27.987133 -16.366066 -7.591458 11.071020 -13.045129 13.841493 5.571594 17.665022 -2.532845 6.394743 7.315624 -4.047720 -4.918839 7.235445 0.097502 -5.296558 5.900810 0.199162 -12.199919 -2.261822 1.250499 10.655465 -25.627605 -11.961679 6.316436 12.567112 -30.296926 -8.255210 16.076818
-1.530135 28.048573 -16.588221 -7.717632 11.394573 -13.240817 13.930400 5.181858 17.606531 -2.486851 6.340119 7.380126 -4.363429 -4.800845 7.233063 -0.011361 -5.430406 6.012455 0.238091 -12.502640 -2.545205 1.179762 10.630307 -25.972862 -11.801171 6.318186 12.871518 -30.068281 -8.675915 16.133728
-1.690003 28.264664 -16.715441 -7.787632 11.859455 -13.617622 14.046278 4.799844 17.494535 -2.306313 6.363663 7.449694 -4.505525 -4.786292 7.209809 -0.039269 -5.533107 6.036394 0.302954 -12.531675 -2.869683 1.041793 10.545509 -26.090637 -11.745578 6.274340 13.031146 -30.187471 -8.805560 16.287539
-1.716097 28.287556 -16.781616 -7.849046 11.943132 -13.724025 14.032349 4.752101 17.483732 -2.291652 6.361318 7.426520 -4.486959 -4.789458 7.203214 -0.052084 -5.497884 6.000769 0.285609 -12.562731 -2.868580 1.032818 10.563886 -26.157600 -11.697289 6.274569 13.107931 -30.066328 -8.945396 16.319374
-1.713482 28.280109 -16.787830 -7.868013 11.934937 -13.717080 14.020591 4.762785 17.490761 -2.304957 6.355210 7.426921 -4.493771 -4.775254 7.213696 -0.059512 -5.509897 6.009144 0.294398 -12.577050 -2.890488 1.003992 10.564139 -26.159035 -11.676302 6.250421 13.128003 -30.069792 -8.994379 16.292843
-1.708963 28.281801 -16.781458 -7.862079 11.926250 -13.712125 14.019107 4.768784 17.489920 -2.302852 6.354559 7.428468 -4.495797 -4.775516 7.213634 -0.058645 -5.509211 6.010148 0.294973 -12.579032 -2.889234 1.012220 10.561765 -26.161722 -11.675049 6.252509 13.126513 -30.059130 -8.994673 16.299963
-1.744795 28.293991 -16.802965 -7.895078 11.990021 -13.728604 14.051093 4.699628 17.483093 -2.306360 6.349955 7.433801 -4.508978 -4.777107 7.214884 -0.056106 -5.499116 6.015904 0.297379 -12.592212 -2.869738 1.003797 10.553964 -26.133970 -11.661713 6.231709 13.114199 -30.072525 -9.021338 16.305984
-1.734856 28.292271 -16.791704 -7.887313 11.973242 -13.713644 14.048242 4.718221 17.487488 -2.300731 6.341710 7.434146 -4.511809 -4.775815 7.220250 -0.059027 -5.501182 6.015926 0.297337 -12.588221 -2.857855 1.004207 10.554162 -26.123470 -11.666311 6.230458 13.107015 -30.077635 -9.006316 16.301020
-1.734856 28.292271 -16.791704 -7.887313 11.973242 -13.713644 14.048242 4.718221 17.487488 -2.300731 6.341710 7.434146 -4.511809 -4.775815 7.220250 -0.059027 -5.501182 6.015926 0.297337 -12.588221 -2.857855 1.004207 10.554162 -26.123470 -11.666311 6.230458 13.107015 -30.077635 -9.006316 16.301020
-1.734856 28.292271 -16.791704 -7.887313 11.973242 -13.713644 14.048242 4.718221 17.487488 -2.300731 6.341710 7.434146 -4.511809 -4.775815 7.220250 -0.059027 -5.501182 6.015926 0.297337 -12.588221 -2.857855 1.004207 10.554162 -26.123470 -11.666311 6.230458 13.107015 -30.077635 -9.006316 16.301020
-1.734442 28.293549 -16.790869 -7.886200 11.973412 -13.714386 14.049272 4.718336 17.486769 -2.299679 6.341897 7.434254 -4.511625 -4.775956 7.219990 -0.058897 -5.501211 6.015528 0.297229 -12.588292 -2.858215 1.004201 10.554023 -26.123293 -11.666115 6.230258 13.106965 -30.078011 -9.007078 16.301006
-1.805701 28.237589 -16.809862 -7.852870 11.914913 -13.737189 14.200337 4.698021 17.631075 -2.306602 6.348947 7.421762 -4.521910 -4.786531 7.227287 -0.044032 -5.505378 6.016384 0.297244 -12.583632 -2.856986 0.995713 10.585103 -26.123451 -11.664671 6.232074 13.100261 -30.078484 -9.008238 16.315479
-1.734079 28.294235 -16.790710 -7.885917 11.973406 -13.714589 14.049354 4.718580 17.486446 -2.299258 6.342091 7.434374 -4.512035 -4.775409 7.220313 -0.058955 -5.501217 6.015939 0.297123 -12.588442 -2.860477 1.004191 10.554347 -26.125257 -11.663927 6.229864 13.109168 -30.075554 -9.012425 16.301947
-1.734134 28.293541 -16.790960 -7.886437 11.972872 -13.714093 14.048926 4.718871 17.487013 -2.299879 6.341918 7.437882 -4.511599 -4.775737 7.217828 -0.060857 -5.501418 6.015786 0.298315 -12.588881 -2.859373 1.006635 10.550996 -26.123932 -11.666081 6.230775 13.107064 -30.078558 -9.008458 16.298573
-1.734623 28.285051 -16.824980 -7.899742 11.977036 -13.735650 14.033135 4.707749 17.486883 -2.298474 6.339352 7.435774 -4.520116 -4.768059 7.224027 -0.064532 -5.490882 6.014300 0.290511 -12.614398 -2.856292 1.015663 10.556605 -26.134792 -11.660916 6.241963 13.105441 -30.050423 -9.025850 16.317467
-1.805884 28.229092 -16.843973 -7.866411 11.918537 -13.758454 14.184200 4.687435 17.631189 -2.305398 6.346237 7.423414 -4.530206 -4.778549 7.231424 -0.049911 -5.494798 6.015018 0.290057 -12.609600 -2.854547 1.007926 10.586731 -26.135374 -11.659645 6.243657 13.098479 -30.051916 -9.027310 16.331491
-1.806024 28.229658 -16.844465 -7.866366 11.918851 -13.759101 14.184773 4.687227 17.630867 -2.305059 6.345925 7.422672 -4.530657 -4.778526 7.231917 -0.049470 -5.495204 6.014385 0.290305 -12.610246 -2.854804 1.006644 10.589767 -26.135260 -11.659876 6.243785 13.097200 -30.052664 -9.025875 16.331591
-1.821425 28.231470 -16.858549 -7.881774 11.947430 -13.776947 14.195381 4.664484 17.626799 -2.305490 6.348145 7.420976 -4.527254 -4.779608 7.230434 -0.048824 -5.494596 6.010065 0.288944 -12.609957 -2.869018 0.999519 10.591815 -26.143251 -11.658756 6.245405 13.104295 -30.059080 -9.033356 16.328627
-10.467457 24.142651 -7.064885 -7.518368 19.101583 -7.068268 16.947533 3.262774 22.099436 -1.985014 7.800459 9.415651 -6.904871 -4.553671 4.596850 0.877758 -2.053722 4.359925 -1.010947 -9.710814 -8.984817 -2.067445 5.445730 -25.020058 -14.771604 2.199263 3.451792 -23.860037 -14.031448 18.149597
-13.959859 23.770155 -2.921416 -8.959456 20.890570 -4.660548 17.382790 2.980740 23.153364 -0.705541 8.218848 9.847867 -8.092661 -4.178099 4.197528 0.973556 -0.720299 4.379810 -1.346143 -9.477934 -10.508451 -4.533176 3.297799 -25.763718 -14.201631 1.539162 1.044366 -23.396378 -14.360434 19.203382
-15.218886 24.210255 0.138936 -8.552773 21.919878 -4.046733 17.968536 3.493115 23.380432 0.742302 8.694961 9.944338 -9.239785 -4.262532 3.877025 1.200424 0.286880 5.237617 -1.106213 -9.932819 -10.599169 -5.779301 1.906121 -26.847687 -13.004387 1.419410 -0.215348 -22.781958 -14.735636 21.193127
-16.222332 26.170385 2.043936 -7.847970 23.115499 -4.879860 18.031406 2.859100 23.546633 2.967452 8.699519 9.953737 -9.867841 -4.317128 3.580465 1.434483 1.330403 5.723690 -1.052252 -9.598889 -9.233068 -6.997432 0.599984 -28.221928 -11.902979 1.620975 -1.550385 -22.263355 -13.766403 22.876381
-17.797630 26.435249 4.267483 -7.054462 24.830095 -5.853835 17.934540 2.313928 22.789473 4.723937 9.094743 9.763154 -10.774354 -3.854087 3.358798 1.451386 2.621938 6.222342 -1.106714 -9.239163 -9.845082 -8.967748 -1.300670 -29.315369 -11.399918 1.340161 -2.978961 -21.830355 -13.264248 24.015072
-20.093319 27.410172 4.554200 -6.453340 24.140474 -4.453527 13.328709 1.499335 17.422762 9.918676 8.776578 8.936173 -11.706071 -3.005651 3.499716 0.714633 3.591012 6.854318 -1.244162 -9.185270 -14.028362 -11.766920 -3.041719 -22.439463 -5.942683 5.923592 -4.600045 -20.264036 -11.908092 23.702763
-20.671148 27.521444 6.028886 -7.908639 24.869246 -5.440605 10.050624 1.451446 14.298194 11.756334 8.711396 7.521045 -12.404227 -2.254550 3.627155 -0.245768 4.577056 7.538995 -1.142362 -9.134550 -15.993873 -14.698340 -3.773451 -21.018719 -5.850947 6.954814 -4.615850 -18.545109 -10.396675 23.004047
-22.360214 26.992592 7.651439 -8.127240 24.529024 -6.556220 7.777942 2.118448 12.468849 13.249676 8.397861 6.411159 -12.632073 -1.890196 3.588529 -0.794725 5.446038 7.848750 -1.093400 -8.822811 -15.779331 -16.334585 -5.447330 -19.252829 -4.596209 8.281049 -4.243750 -15.941464 -8.992392 23.020313
-23.987091 25.984833 9.118286 -9.522417 23.381598 -8.305369 6.232866 2.836327 10.957321 14.175667 7.937077 5.198991 -12.482562 -1.161560 3.875092 -1.538931 6.198710 8.299953 -1.126864 -8.617801 -16.048534 -17.773724 -7.058403 -17.666597 -3.759120 8.596313 -4.531518 -14.053750 -8.010250 22.099262
-24.962852 23.982454 9.624148 -10.398549 22.200792 -8.995160 3.849990 3.537866 9.124819 16.100611 7.443371 3.942384 -12.580631 -0.015634 4.606540 -2.686067 7.457757 8.391234 -0.750950 -8.541774 -16.667248 -19.423788 -7.915810 -15.560729 -4.218641 9.172402 -4.709911 -11.664996 -6.601614 21.122900
-26.069618 22.808893 11.077472 -11.729517 20.686464 -9.230972 1.337898 4.464945 6.552647 18.432625 6.646037 2.912841 -12.199805 0.960530 5.327179 -3.705654 8.467030 8.087820 -0.113220 -8.417716 -17.079348 -22.134050 -8.270740 -12.696331 -3.467781 10.374155 -4.672945 -9.792138 -4.013738 20.441467
-27.133137 19.855925 13.130017 -12.525557 17.752382 -9.670005 0.102190 6.043645 3.916227 20.457771 5.989152 1.491093 -11.951021 1.713417 6.284126 -4.695447 9.216755 8.111162 0.647923 -8.079187 -16.837591 -25.298849 -7.857715 -11.089174 -1.500355 11.120860 -4.531187 -8.264831 -1.841965 19.457294
-26.009155 16.174721 15.036349 -11.972400 16.057749 -9.306634 -1.677350 8.106725 0.498655 22.602093 5.196895 0.270612 -11.445476 2.585914 7.105573 -5.880379 10.574535 7.214929 1.339810 -6.954259 -14.942717 -27.407433 -6.853510 -8.348964 -0.273235 12.452615 -4.294266 -6.263092 1.359279 16.947212
-25.752747 12.888012 15.720473 -11.035847 12.682633 -11.118105 -2.676638 10.713612 -2.111633 25.144732 4.885760 -0.383872 -10.533767 2.971411 7.364077 -6.508124 11.519585 6.387550 2.382265 -5.305713 -12.127985 -28.275389 -5.726021 -6.012123 0.208960 13.582563 -4.124600 -3.635292 5.048599 14.738679
-23.650700 9.098083 17.639128 -9.021169 8.503532 -11.106236 -2.323223 14.556185 -4.721241 27.216719 4.907897 -1.437722 -9.379744 2.734658 7.216384 -6.564328 12.596262 5.841642 3.444835 -3.757529 -8.450963 -27.796808 -4.418661 -3.625002 -0.545923 14.785898 -3.863707 -0.099070 8.950978 14.766845
-20.836891 6.461204 19.227457 -7.657641 2.998416 -8.667409 -1.775639 19.163881 -7.956779 30.838928 4.988242 -3.538533 -8.067792 1.839587 7.179006 -6.798682 13.223366 5.101400 5.362784 -2.208647 -4.323606 -27.237009 -1.939216 0.053292 -2.327546 16.479433 -3.983244 3.101486 13.020999 13.579566
-18.368061 3.829089 19.023834 -6.048171 0.433644 -8.997701 0.164802 22.237795 -9.483570 32.680279 4.647337 -4.282129 -7.464379 1.656078 6.900012 -7.238586 13.461948 4.878433 6.484306 -0.863612 -1.297657 -27.005642 -1.320552 1.514355 -3.141580 17.038670 -5.001976 6.524394 14.301058 12.317464
-17.769009 3.610101 18.924356 -5.953745 0.140824 -8.663061 0.153039 22.849825 -9.898324 32.990101 4.629436 -4.402624 -7.191855 1.436388 6.635743 -7.254278 13.394028 4.420424 6.817238 -0.392435 -0.058870 -26.731092 -0.678297 1.932285 -3.322782 17.153532 -5.563043 7.430469 14.438808 11.720636
-16.759764 2.800975 19.374130 -5.972930 -1.605729 -6.488138 -0.701386 24.258017 -10.406204 33.291676 4.964775 -4.897358 -6.662485 0.992254 6.252738 -7.167354 13.417955 4.259908 7.182977 -0.312895 1.021972 -26.499006 0.446976 4.239013 -4.343610 16.945881 -6.110533 7.531689 15.743263 10.940454
-16.365946 2.973955 16.854795 -5.894254 1.663766 -10.755456 0.747187 23.047903 -9.732183 32.334122 4.820968 -3.255049 -8.252124 1.832906 5.880662 -7.521457 13.057898 3.915322 6.936627 0.117107 -0.499745 -26.123629 -0.615703 -0.903113 -2.922426 18.087351 -4.522139 8.793838 12.919518 10.100309
-16.418346 3.013059 13.675523 -5.077381 5.378705 -14.872132 0.920505 20.893578 -8.061977 30.494282 4.825452 -1.295198 -9.715714 2.443769 5.110784 -7.407384 12.650082 3.157053 6.159352 0.481359 -3.139353 -25.330519 -1.882743 -5.576035 -1.880938 19.155916 -3.529829 8.548116 9.785678 7.926120
-14.839666 4.321768 10.574705 -5.076092 9.190394 -18.176744 -0.133339 21.329203 -5.588732 30.285578 5.230112 -0.019259 -10.531514 2.632150 4.600409 -7.008468 11.991795 2.809112 5.630958 0.544672 -4.211575 -24.624962 -1.173514 -8.710305 -2.945709 19.611170 -1.576473 8.669342 7.188948 6.311611
-15.635926 1.530565 10.823335 -1.815129 10.310793 -18.500971 0.980557 19.727684 -4.668064 28.516996 5.157081 0.123321 -10.267178 3.294827 4.205114 -7.355409 12.433809 1.344485 4.763931 0.464247 -5.260672 -23.946260 -2.326842 -10.275231 -1.875207 20.718859 -3.783772 7.728024 8.138761 4.372650
-7.460102 5.725726 2.904066 -5.509300 7.484762 -19.435879 -6.886837 26.887751 -6.642342 31.517578 6.695097 -0.416830 -11.197896 0.300071 2.690174 -6.920433 9.507046 1.825641 8.662890 2.555033 -1.979203 -20.379444 5.443978 -5.612787 -7.024148 21.618322 -0.402825 9.081300 4.222112 -1.491229
-7.678251 4.463069 2.813946 -3.446027 6.981302 -19.246815 -7.458327 26.882889 -5.495039 31.239868 6.836043 -0.548027 -10.681411 0.466027 2.370571 -7.077795 9.730310 0.700641 8.220366 2.538201 -2.556725 -19.912300 5.125671 -5.975108 -7.340647 22.041338 -0.391651 8.965230 5.063488 -2.555877
-8.033532 3.441754 2.668321 -2.446437 8.718087 -20.341089 -6.441678 25.262823 -4.324041 29.484560 6.867213 -0.041275 -10.407344 1.267591 2.208401 -7.176147 9.743067 0.173791 7.002920 2.733224 -4.208183 -19.325859 3.361719 -9.082150 -6.663300 23.218046 -1.245023 8.593019 4.394544 -4.611549
-8.968564 0.996976 3.387614 -0.978192 9.777429 -20.001097 -4.557919 25.163021 -2.806447 28.473202 6.939805 -0.057989 -10.243499 1.909289 1.896430 -7.570598 9.757904 -0.549150 6.228606 1.965079 -5.216265 -19.054203 1.684158 -9.371200 -5.258404 23.431860 -2.878312 6.811644 5.083989 -5.429958
-8.922673 -1.299168 2.303236 0.391646 10.037254 -19.402845 -3.561671 25.599901 -2.627604 26.758038 7.422429 -0.485781 -9.182874 2.231131 1.886406 -7.623251 9.266483 -0.794665 5.938926 1.924567 -5.989167 -18.604990 1.711377 -8.786986 -5.649155 23.661837 -3.731036 5.194945 5.259180 -7.443223
-10.681355 -5.321841 5.315385 1.171834 8.311455 -16.870024 -1.502601 27.584129 -2.516033 26.646206 7.610727 -1.618554 -7.886766 2.913027 2.440457 -8.130073 10.230755 -1.175771 5.450528 1.122060 -5.184026 -17.924826 0.149057 -6.732299 -5.598801 23.735407 -6.343688 3.137817 8.413246 -9.067937
-10.723310 -7.461623 5.272150 1.455843 6.882370 -15.131639 -2.447181 28.853441 -2.453390 25.695604 7.803568 -1.932645 -7.064968 2.636296 2.469408 -7.985314 9.746212 -0.584801 5.523833 1.524964 -4.515790 -17.756865 0.428892 -4.915488 -6.127053 22.975571 -7.639319 1.901034 8.814749 -10.560528
-11.662120 -9.796191 6.551878 1.356508 6.144141 -12.702550 -2.060880 29.378645 -2.302173 23.827272 7.879210 -2.526992 -5.784063 3.052632 3.489872 -7.335310 10.063856 0.311603 4.766932 1.577059 -4.845933 -18.305315 -0.048786 -3.900042 -6.184195 22.368048 -9.314464 -0.034962 9.817911 -10.715930
-16.713331 -9.875355 9.075767 -1.726915 6.260596 -11.441455 -0.596204 25.706469 -3.271785 22.391573 7.788462 -3.344208 -4.924378 4.166472 4.931338 -6.855018 9.962833 2.197227 3.245791 0.807894 -5.912273 -19.450148 -2.719140 -3.418476 -4.717178 20.789757 -13.302218 -3.734025 11.908850 -10.414704
-18.447060 -9.900709 11.137303 -3.373901 6.701528 -8.037049 0.246736 24.645765 -4.025072 20.055603 7.960225 -4.425243 -3.570379 4.965114 5.620224 -6.661656 9.591652 3.679367 2.212763 0.672974 -5.340465 -22.278694 -4.200384 -1.341883 -5.021462 17.305216 -16.457960 -7.247914 14.034402 -9.730636
-20.916142 -9.748348 11.360816 -4.769355 9.242160 -7.853439 2.033305 23.042793 -4.315542 18.356245 8.235463 -4.938894 -2.564556 5.921616 6.567835 -6.592832 8.662716 5.199158 1.034812 0.260476 -5.600924 -25.096869 -5.525651 -0.524300 -4.925269 12.433427 -16.489069 -11.489970 13.846930 -8.788410
-24.920864 -10.815865 11.888402 -5.227059 11.311867 -7.826767 4.180764 20.957169 -4.948541 17.180437 8.510186 -4.588533 -2.344352 6.855681 7.013363 -6.691659 8.233894 5.288452 0.238414 -0.581922 -7.020640 -27.918661 -6.868141 -1.056566 -3.412521 10.836472 -15.981045 -12.245246 12.379057 -6.869817
-22.548010 -10.231685 12.487725 -5.257362 8.883101 -5.867001 3.074792 22.548681 -5.280892 18.737993 8.164989 -5.523457 -2.308944 6.089969 6.883621 -7.204952 8.329235 5.034160 1.377532 -0.525745 -5.929730 -26.760788 -6.197342 2.067783 -3.444327 12.109227 -15.627337 -11.301612 14.427044 -7.018497
-21.450760 -9.791593 13.349715 -4.678245 7.596246 -4.822041 2.604524 22.892843 -5.300529 19.258995 8.194549 -5.864304 -2.453902 5.455993 6.659977 -7.032630 8.683437 5.289735 1.919175 -0.176217 -5.325377 -25.943359 -5.378012 3.509904 -3.452193 12.760914 -15.450749 -10.425635 15.205133 -6.398735
-20.667206 -9.696409 13.629695 -4.667114 6.147418 -4.188641 2.204055 23.642927 -5.873872 19.863358 8.299302 -6.079123 -2.471537 4.729442 6.279058 -6.933486 8.726877 5.015924 2.464041 0.097269 -4.837320 -25.047424 -4.531016 4.503547 -4.300364 13.282372 -15.223767 -9.807725 16.029608 -6.488349
-19.838501 -9.619695 13.877103 -4.794617 4.863309 -3.426810 1.840189 24.401011 -5.973784 20.245859 8.226703 -6.537235 -2.046364 4.542444 6.461837 -6.917065 9.114391 5.032104 2.738424 0.140562 -4.563438 -24.591021 -4.158069 5.012838 -4.361823 13.808404 -15.446890 -9.535594 16.379253 -6.446302
-16.863148 -19.065418 11.310809 -4.551607 8.393944 -11.208592 5.327165 28.515835 -3.943790 14.693136 8.885793 -5.522279 -1.358868 6.095251 4.531062 -7.015389 7.671040 3.067398 0.724520 4.392241 -0.307951 -27.649500 -2.151727 -5.439851 -6.997086 10.145655 -14.551417 -3.953960 13.802094 -8.813056
-12.430548 -22.636871 11.670066 -4.004232 8.393424 -12.823908 6.585925 33.028259 -3.476390 11.960023 8.834836 -6.492015 -1.092917 5.027117 2.384922 -7.088291 6.970507 2.024767 0.387318 5.992482 3.278677 -27.394674 0.252739 -9.423324 -11.666340 6.393161 -14.685908 -1.701315 14.746704 -8.644771
-11.811402 -23.706734 11.937581 -4.250617 8.334576 -12.711770 7.532132 33.711090 -3.470183 10.805940 8.880397 -6.299157 -1.009856 5.258786 2.251470 -7.188973 7.009433 1.925725 0.322828 6.094975 4.077476 -27.816427 0.469758 -9.937619 -12.263634 5.283849 -14.454455 -1.232588 14.624235 -8.365310
-10.749522 -22.741783 12.473128 -4.001330 7.317614 -12.074143 6.912591 34.679794 -2.966941 11.884633 8.629996 -7.053334 -0.495878 4.973713 2.317187 -7.424149 7.456511 1.901032 0.833285 6.241180 4.662828 -27.052904 0.756773 -8.482984 -12.775354 5.790458 -15.029544 -1.402717 15.894625 -8.782792
-10.391679 -22.586094 12.967867 -3.978408 6.951981 -11.701146 6.748745 35.081081 -3.148525 12.014109 8.579955 -7.305196 -0.638170 4.692195 2.241543 -7.321889 7.451763 2.087294 0.939033 6.325010 5.190227 -27.026596 1.041841 -7.773837 -13.257257 5.925842 -15.102045 -1.492685 16.759232 -9.198159
-9.729377 -22.658081 13.444856 -3.783439 6.744675 -11.001135 6.686392 35.438873 -2.850705 12.146719 8.579649 -7.527291 -0.662130 4.399017 2.067128 -7.253652 7.544111 2.126164 1.109259 6.346635 5.393081 -26.374331 1.167001 -7.430339 -13.596043 6.427434 -15.279937 -1.061508 16.875195 -9.364131
-9.064280 -22.605442 13.683021 -2.958611 5.664395 -10.374644 5.367892 36.252266 -2.897885 12.851223 8.724438 -7.712035 -0.750643 4.242728 1.906896 -7.276653 7.905016 1.943394 1.482337 6.569664 6.044230 -25.611265 2.030503 -6.549178 -14.357210 7.114572 -15.569253 -0.432615 17.626116 -9.812642
-8.601598 -21.828968 13.762747 -2.965855 5.347554 -10.076656 4.876434 35.991463 -3.088561 13.085050 8.795668 -7.809953 -0.583901 4.112491 1.881636 -7.222439 8.052711 2.110126 1.711306 6.782480 5.945700 -25.380043 2.429243 -5.646120 -14.388803 7.776767 -15.707086 -0.444627 18.079390 -10.235351
-8.865411 -22.169571 13.428839 -3.276604 5.418393 -10.298028 4.981682 36.051804 -2.824684 13.020992 8.759856 -7.646913 -0.679539 4.246409 1.901695 -7.232774 7.933397 2.023931 1.487532 6.626019 6.006710 -25.437557 2.323712 -6.388659 -14.521395 7.322669 -15.771002 -0.340701 17.673868 -10.111558
-7.991348 -20.973637 14.108486 -2.865302 5.042655 -9.798252 4.473678 36.349159 -3.120325 13.447330 8.783318 -8.104492 -0.664415 3.991639 1.687981 -7.398203 8.222399 2.135049 1.888866 6.775235 6.135291 -24.666464 2.797877 -4.861636 -14.897356 8.034710 -15.398289 -0.135927 18.230389 -10.366162
-8.704311 -21.911613 13.582709 -2.920550 5.419333 -10.187025 4.940185 35.949623 -3.130187 13.106386 8.722463 -7.878413 -0.651548 4.208872 1.887570 -7.337587 7.984581 2.065968 1.641403 6.733189 5.947639 -25.429903 2.432893 -5.915476 -14.354588 7.773047 -15.713462 -0.233907 17.860638 -10.366308
-7.389112 -20.818188 14.062678 -3.028031 4.732304 -9.396230 3.453831 36.611740 -3.524408 13.472187 8.666435 -8.176167 -0.673298 3.717445 1.707188 -7.188948 8.377649 2.105646 1.853847 6.737298 6.138725 -24.254913 2.910065 -4.539811 -15.029388 8.269547 -15.562226 -0.426917 18.415073 -10.529869
-6.809737 -19.976765 14.544933 -3.122347 3.830426 -8.841444 2.560165 37.114296 -3.082911 13.497105 8.694432 -8.488514 -0.630073 3.403717 1.815627 -6.946913 8.533947 2.237457 2.044373 6.802650 6.187262 -23.472902 3.195065 -3.543283 -15.702501 9.035980 -15.683930 -0.362783 19.002626 -11.105977
-6.762695 -19.532764 14.780863 -3.114708 3.554854 -8.338387 2.019991 37.008118 -3.531558 13.799582 8.632038 -8.604862 -0.563828 3.080723 1.758861 -6.748538 8.575891 2.258572 2.194149 6.903542 6.383461 -22.779106 3.563735 -2.913169 -16.342485 9.161230 -15.804878 -0.560799 19.282503 -11.634797
-6.570427 -19.324274 15.038135 -3.089322 3.306913 -7.938982 1.471783 37.135880 -3.707557 13.653341 8.684414 -8.600755 -0.597499 2.917400 1.515374 -6.662297 8.689211 2.176848 2.121204 6.833636 6.407385 -22.338316 3.885249 -2.380036 -16.809919 9.367899 -15.823872 -0.462667 19.402452 -11.945580
-6.310709 -19.078978 15.305665 -3.013981 3.165996 -7.326532 1.219240 37.137138 -3.694959 13.430411 8.862987 -8.491929 -0.550036 2.867691 1.434384 -6.498018 8.780008 2.065386 2.082664 6.843604 6.566382 -22.007870 4.287944 -1.799867 -17.051357 9.437844 -15.778379 -0.509701 19.454531 -12.533853
-6.355392 -18.284676 15.257833 -3.017413 2.420194 -6.926781 0.923168 36.884109 -3.677295 14.103705 8.782086 -8.584955 -0.462359 2.474579 1.537158 -6.361831 8.914173 2.110240 2.379164 7.098565 6.109444 -21.125788 4.721058 -1.616302 -17.890860 9.939682 -15.866579 -0.941016 19.532633 -13.318663
-6.335401 -18.021976 15.330637 -2.889925 2.510962 -6.868711 0.697379 36.915710 -3.786083 14.096567 8.847687 -8.534076 -0.563498 2.417378 1.461731 -6.394789 8.865334 2.072081 2.438284 7.067305 6.018661 -20.845375 4.870266 -1.347908 -18.128632 9.957318 -15.774529 -0.894175 19.496996 -13.515979
-6.207811 -18.134718 15.392859 -2.901386 2.413422 -6.490766 0.791459 37.118744 -3.788645 14.026484 8.789485 -8.556101 -0.547483 2.365432 1.481498 -6.334904 8.946110 2.072616 2.400864 7.057077 6.116797 -20.907009 4.832812 -1.292186 -18.141409 10.002247 -15.771306 -1.008438 19.585955 -13.676003
-6.242140 -18.001621 15.351323 -3.081698 2.310963 -6.574860 0.553175 37.046509 -3.807939 14.309656 8.802036 -8.478743 -0.643677 2.314395 1.489926 -6.267919 8.890902 2.165361 2.413393 7.004226 6.070870 -20.916704 4.742062 -1.051029 -17.819326 10.216877 -15.713103 -0.889315 19.389143 -13.657532
-6.145873 -17.968922 15.415729 -3.209641 2.172802 -6.522437 0.460106 37.105606 -3.788166 14.256400 8.794991 -8.532990 -0.673547 2.290665 1.535438 -6.196708 8.873228 2.238474 2.369826 6.992171 6.061313 -20.966345 4.746075 -0.931661 -17.852835 10.243920 -15.741773 -0.942430 19.477228 -13.706916
-6.189503 -17.916716 15.430191 -3.420445 1.965906 -6.564510 0.356841 37.164627 -3.877318 14.291960 8.823787 -8.585665 -0.631543 2.296981 1.463664 -6.268652 8.884613 2.211553 2.422601 6.987674 6.015775 -20.783667 4.630055 -0.740205 -17.859880 10.334296 -15.757800 -0.910707 19.482042 -13.855507
-6.154743 -17.902969 15.554946 -3.332141 2.014977 -6.346010 0.453077 37.141479 -3.648105 14.182781 8.840796 -8.626648 -0.658902 2.231511 1.455420 -6.232826 8.913574 2.162745 2.414570 6.976739 5.869828 -20.529089 4.712703 -0.526930 -18.021185 10.459396 -15.848718 -0.961152 19.397943 -13.876704
-6.302295 -18.006721 15.549275 -3.358065 1.949586 -6.439012 0.288664 37.085938 -3.821429 13.837021 8.822583 -8.588612 -0.610504 2.191461 1.469526 -6.209656 8.898689 2.201096 2.441805 7.033502 5.640427 -20.475775 4.742036 -0.563160 -18.183119 10.339350 -15.836863 -1.041255 19.397499 -13.901807
