1.990595 25.758896 -10.487432 2.928551 4.446016 -4.363832 10.831409 14.294975 19.846498 -3.894989 -4.367496 1.312766 -1.291406 -9.788384 5.317277 -2.067021 -5.406952 3.241334 -9.628150 -2.827434 4.389380 6.330376 7.516592 1.431953 2.532416 23.735003 -0.529975 -24.506010 -4.217828 20.113611
1.534272 25.679592 -10.595841 2.944000 4.054282 -4.854253 11.598433 14.199782 20.537447 -4.024266 -4.399702 1.327378 -1.307880 -9.780008 5.295150 -2.092279 -5.428572 3.221637 -9.671697 -2.796013 4.713096 6.347992 7.501661 1.009122 2.996134 23.942926 -0.468803 -24.794882 -4.272144 20.238865
0.347486 23.226147 -11.713249 2.319210 1.129080 -1.992827 10.139412 14.148438 20.748295 -4.312240 -3.704313 1.844301 -0.629593 -9.034627 5.973780 -1.768654 -5.599960 2.430455 -9.614972 -2.509018 5.599030 5.605395 7.090364 1.926866 4.217918 22.927633 0.654892 -23.207277 -6.296948 19.546688
1.188037 24.314533 -10.758947 2.500273 2.168978 -2.519774 11.219205 14.421673 20.535671 -4.768684 -3.980497 1.552035 -0.891660 -9.250257 5.546159 -2.030537 -5.783704 2.856634 -9.770308 -2.481361 5.481336 6.650779 7.410717 1.620780 3.802733 23.358335 -0.198242 -23.674845 -5.984405 19.795710
0.957681 23.489088 -11.092685 1.669284 0.179292 0.050925 11.641137 13.929297 19.940357 -5.316285 -3.650815 2.005996 -0.618350 -8.652960 5.823676 -1.938611 -6.071713 2.596484 -9.845580 -2.462585 6.329957 7.340822 7.254518 2.728724 4.708766 23.312914 -0.332209 -22.675722 -7.407129 19.522762
0.759847 22.392607 -11.412100 1.230376 -1.319887 1.595982 11.672540 14.065724 19.608900 -5.860721 -3.276953 2.446048 -0.157594 -8.078385 6.233201 -1.644668 -6.413379 2.613021 -9.923616 -1.976537 6.984223 8.041570 7.346190 3.173968 5.180985 22.939188 -0.481479 -22.023487 -8.700467 18.923361
0.574202 21.855747 -11.438972 0.916612 -2.167103 2.940471 12.140105 13.907186 19.312223 -6.292092 -3.025618 2.985847 -0.048030 -7.754618 6.522850 -1.398946 -6.680049 2.757340 -9.917436 -1.600105 7.590508 8.965068 7.371819 3.783383 5.643064 22.991343 -1.108755 -21.601316 -9.643947 18.198845
0.983825 21.359922 -11.284262 0.933966 -2.475106 4.125988 13.204600 13.866343 19.076784 -7.111789 -2.860035 3.386474 -0.002151 -7.544733 6.761006 -1.153636 -6.932098 3.054839 -9.886851 -1.371427 8.337766 9.818965 7.412096 4.051634 5.766353 22.762129 -1.692790 -21.065538 -10.595078 17.654255
1.449140 20.607161 -11.367925 1.145927 -3.005549 5.360371 14.142756 13.833843 19.077364 -7.901754 -2.665358 3.664699 -0.010990 -7.296636 6.895505 -1.067062 -7.212262 3.132166 -9.931898 -1.190658 8.839504 9.782377 7.426130 4.766104 6.497062 22.579950 -1.871309 -20.551853 -11.545221 17.299305
1.938599 20.120441 -11.360248 1.264011 -2.976823 5.876078 14.838537 13.717788 19.202234 -8.509480 -2.554856 3.927388 -0.319506 -7.187531 6.743592 -1.142025 -7.582003 3.206349 -9.949773 -1.116871 9.316616 9.813264 7.584743 5.222336 7.094626 22.486971 -1.671604 -19.804285 -12.308836 17.072130
2.892134 19.291485 -11.452806 1.639867 -2.834273 6.707490 15.495890 13.625705 19.786497 -9.503204 -2.454688 3.758827 -0.498771 -6.958767 6.357645 -1.622896 -8.080576 2.817509 -10.035276 -0.976922 9.646416 9.015553 7.393278 5.988187 8.013134 22.042059 -1.086332 -19.180452 -13.068754 17.473862
3.357551 18.589214 -11.746076 1.981368 -1.858637 6.319604 15.642295 13.536354 20.605864 -10.134965 -2.492330 3.369865 -0.699782 -6.913020 5.822567 -2.175629 -8.432457 2.375599 -10.204051 -1.001858 10.215093 7.889733 7.105466 6.899539 8.698168 21.773521 -0.333415 -18.657482 -13.259010 18.112911
3.994851 17.495026 -12.050977 2.236314 -0.804330 5.573125 15.348519 13.653403 21.763548 -10.878409 -2.538150 2.778811 -0.560988 -7.053097 5.232821 -2.587720 -8.768127 1.998737 -10.473058 -0.669583 10.647814 6.971600 7.094873 7.391779 9.217564 21.608273 0.563582 -17.894047 -13.462241 18.737585
4.469052 16.673120 -12.337996 2.414190 0.788985 4.068140 14.839890 13.878227 22.935984 -11.476697 -2.594166 2.197033 -0.210314 -7.082224 4.726262 -2.939734 -8.906519 1.563641 -10.767307 -0.355446 11.137008 5.938309 6.883066 7.937869 9.947639 21.595045 1.663637 -16.930435 -13.817133 19.113853
4.602506 16.189568 -12.346345 2.145255 2.271923 2.655407 14.284572 14.117804 23.772610 -11.995513 -2.589328 1.661445 0.194212 -7.165356 4.372402 -3.124601 -8.896402 1.085990 -11.081639 -0.072318 11.666369 4.927764 6.843386 8.136752 10.604069 21.545994 2.755204 -15.900959 -14.149782 19.318226
4.622189 16.115322 -12.218092 1.659705 3.542955 0.959967 13.560288 14.716069 24.410074 -12.225278 -2.614686 0.944896 0.911396 -7.291749 4.365913 -3.134135 -8.739042 0.861851 -11.350413 0.368316 11.851827 4.512165 6.622664 8.575603 11.305443 21.893145 3.579053 -15.009145 -14.726648 19.333057
4.507333 16.050838 -12.358109 1.029048 4.300011 -0.344462 12.561141 15.130357 24.823679 -12.168447 -2.573150 0.522997 1.670689 -7.365461 4.459731 -2.961505 -8.529371 0.724300 -11.545033 0.821714 11.790529 4.021937 6.613488 8.558599 11.954823 22.315567 4.606558 -14.094986 -15.218279 19.181557
4.126517 16.388550 -12.621656 0.621022 5.293495 -1.940335 11.722529 15.480220 25.190386 -11.872466 -2.653388 -0.003542 2.070110 -7.492352 4.712525 -2.846570 -8.233849 0.991576 -11.599668 1.243350 11.842689 3.373035 6.702985 8.810431 12.607948 22.539391 5.337779 -13.345365 -15.648495 19.006012
3.412537 16.527102 -12.629647 0.363048 6.364354 -3.112014 11.496388 15.579152 25.292646 -11.679691 -2.762314 -0.282896 2.669842 -7.652279 4.942450 -2.684582 -7.879621 1.310268 -11.571190 1.813851 11.575207 2.256028 6.731028 8.796816 13.228938 22.514843 6.312974 -13.110229 -16.010324 18.563137
2.557876 17.031187 -12.474971 0.337620 7.147346 -4.206447 10.989140 15.675761 25.455919 -11.150729 -2.954757 -0.488340 2.894203 -7.831649 5.129370 -2.588895 -7.637589 1.772568 -11.502711 2.079598 11.129785 1.279356 6.835729 8.773368 13.688566 22.559813 6.838106 -13.106367 -16.165237 18.424480
2.241015 17.188471 -12.284485 0.056592 7.358526 -4.524487 11.010661 15.540167 25.126883 -10.970844 -2.973655 -0.484564 2.949937 -7.832994 5.165214 -2.623388 -7.530712 1.953934 -11.533448 2.255481 11.115686 0.662823 6.702317 8.921397 14.148018 22.450140 7.145792 -12.959508 -16.260283 18.084339
2.176957 17.388119 -12.317554 0.034299 7.464461 -4.629446 11.095891 15.425339 25.051563 -10.872591 -2.976512 -0.431261 2.896263 -7.840588 5.167431 -2.602373 -7.526704 1.984257 -11.516329 2.204160 11.101418 0.592561 6.616974 8.940427 14.113405 22.379175 7.173645 -12.998815 -16.242178 18.186878
3.689719 16.705084 -13.945945 0.390548 4.405038 -2.017548 11.779281 13.898324 24.582605 -10.518873 -2.703698 0.209937 1.778114 -7.292963 4.733705 -3.178553 -8.290461 0.978437 -11.318093 0.659900 10.596706 2.886645 7.036731 6.856297 11.972857 22.258726 6.611136 -13.635034 -15.206799 19.143671
4.012127 19.045734 -15.267029 -0.348735 -0.682421 0.556906 12.178195 11.814117 21.699661 -7.754947 -2.522754 2.242785 -0.460526 -6.456053 5.131704 -3.881732 -8.888128 0.379688 -10.079764 -2.099245 8.994426 5.228723 7.974354 2.129488 7.989863 20.838400 5.211293 -16.200445 -13.949514 18.620541
4.007505 20.469780 -15.500247 -2.196350 -2.577998 0.641668 10.151206 12.320947 20.697775 -6.930811 -2.452143 2.472151 -0.459599 -6.263318 5.721785 -3.772754 -8.641745 0.476600 -9.736542 -2.441822 8.102278 5.000779 9.004699 0.206613 6.844640 20.910734 5.289310 -17.224020 -14.042545 17.156116
3.624301 21.283760 -15.781422 -3.061463 -4.403794 1.146490 8.391434 12.884909 20.164137 -6.247495 -2.319070 2.610879 -0.238481 -6.173070 5.824251 -3.653381 -8.450331 0.046317 -9.680277 -2.553745 7.933923 4.975725 9.468471 -0.667448 6.206996 20.965145 4.963280 -17.739328 -13.877096 16.161533
2.466452 22.247810 -15.601753 -4.035997 -5.907234 0.687209 6.209766 12.933066 19.369318 -4.808897 -2.327824 3.003936 -0.316795 -5.985552 5.961562 -3.824598 -7.798984 -0.543176 -9.295386 -2.980006 7.359187 3.435773 8.913959 -2.051425 5.594731 20.073145 6.345246 -18.454241 -13.019892 15.828846
0.952411 23.103630 -15.344016 -4.997583 -7.689633 1.880608 5.231118 11.796938 17.863287 -3.150769 -2.117375 3.709769 -0.744167 -6.327991 5.727561 -3.467583 -7.424541 -1.253485 -9.231569 -3.422092 7.522354 2.485615 8.387577 -2.969288 4.467114 18.256344 7.124657 -19.335283 -12.194690 17.294474
0.610673 24.545399 -15.283340 -6.016008 -11.043745 5.256485 6.162194 10.064378 16.185825 -2.174582 -1.924782 4.852261 -1.284913 -6.458868 6.112572 -3.044261 -6.862526 -1.747509 -8.663216 -4.163620 7.608723 1.064675 8.458321 -3.774270 3.542895 16.645781 8.391504 -19.990000 -12.270626 18.803108
0.582945 24.471430 -15.250644 -6.055920 -11.031052 5.211758 6.015678 10.094461 16.163483 -2.138978 -1.908591 4.859460 -1.225076 -6.441338 6.153157 -3.021082 -6.831467 -1.784179 -8.659829 -4.181681 7.619195 0.985717 8.492860 -3.872239 3.496089 16.535086 8.432254 -20.000368 -12.262365 18.751148
0.515321 24.719936 -15.246927 -6.019880 -10.944809 5.044369 6.209640 10.042777 16.226774 -2.087662 -1.919077 4.820207 -1.223301 -6.462455 6.133316 -3.036962 -6.831207 -1.759874 -8.664242 -4.179887 7.571575 1.016688 8.474332 -3.811266 3.483246 16.566742 8.376309 -20.075701 -12.243382 18.838369
0.627809 24.639343 -15.277911 -5.868869 -10.822368 5.119502 6.371153 9.995148 16.316053 -2.166398 -1.912330 4.813280 -1.256511 -6.439003 6.109569 -3.026788 -6.886842 -1.749762 -8.693725 -4.123882 7.540758 1.037271 8.372217 -3.652061 3.511637 16.650314 8.296544 -20.190950 -12.116261 18.763657
0.694670 24.580177 -15.268578 -5.774938 -10.772556 5.107496 6.204663 10.135230 16.457827 -2.250906 -1.909608 4.860222 -1.278847 -6.448043 6.147075 -2.984517 -6.900939 -1.724629 -8.658897 -4.111371 7.586456 0.917275 8.324378 -3.635178 3.527727 16.685869 8.506728 -20.123213 -11.978508 18.896065
0.686662 24.643770 -15.199046 -5.647017 -10.628143 5.071997 6.381519 10.210012 16.366236 -2.244713 -1.921084 4.861350 -1.216048 -6.505062 6.038035 -2.939373 -6.940835 -1.657639 -8.743207 -4.044578 7.598187 1.127953 8.184871 -3.472367 3.536858 16.776733 8.403136 -20.122667 -11.988601 18.863297
0.776911 24.784355 -15.167990 -5.537160 -10.470937 4.983847 6.544175 10.139964 16.384592 -2.224423 -1.913678 4.829482 -1.180683 -6.460801 6.019245 -2.953249 -7.003176 -1.648780 -8.796072 -3.972882 7.444566 1.073623 8.165806 -3.534211 3.601476 16.800491 8.481432 -20.121254 -12.099637 18.935869
0.714349 24.600901 -15.201581 -5.685701 -10.700656 5.103120 6.296255 10.237082 16.382711 -2.262544 -1.904310 4.873343 -1.214790 -6.498985 6.015193 -2.959146 -6.945812 -1.701259 -8.753121 -4.048055 7.645180 1.158834 8.176141 -3.474106 3.528663 16.745548 8.445626 -20.078636 -12.016770 18.895739
0.759141 24.660038 -15.200198 -5.662117 -10.642044 5.091063 6.439882 10.190542 16.406347 -2.288352 -1.915831 4.830865 -1.182894 -6.482121 6.019207 -2.987850 -6.960724 -1.690115 -8.757609 -4.029509 7.555700 1.196224 8.193335 -3.573079 3.559858 16.763456 8.528116 -19.996189 -12.101906 18.978222
0.729675 24.694256 -15.194457 -5.645172 -10.616473 5.101285 6.523319 10.156726 16.386969 -2.269096 -1.916885 4.794149 -1.156734 -6.488264 6.035542 -2.970651 -6.958800 -1.706489 -8.768008 -4.017087 7.483962 1.186975 8.184885 -3.580536 3.552186 16.801027 8.517195 -20.043871 -12.083671 18.954609
0.713900 24.683495 -15.169902 -5.705443 -10.615677 5.074374 6.521813 10.163273 16.350538 -2.289078 -1.933146 4.785028 -1.165213 -6.496192 6.056828 -2.948296 -6.956913 -1.651992 -8.764555 -4.003958 7.544068 1.233496 8.194271 -3.511680 3.540032 16.805603 8.409052 -20.089033 -12.067915 18.855576
0.788774 24.596840 -15.181172 -5.714509 -10.462858 5.024611 6.352230 10.258142 16.338522 -2.369259 -1.950610 4.759705 -1.209479 -6.500583 6.009825 -2.970757 -7.022559 -1.597843 -8.792767 -3.944599 7.512749 1.175467 8.118497 -3.444376 3.532289 16.833464 8.393378 -20.128651 -11.978491 19.001747
0.790891 24.546007 -15.209884 -5.746993 -10.339682 4.888111 6.264116 10.284472 16.384466 -2.390509 -1.939743 4.670757 -1.168340 -6.494381 6.004849 -2.976680 -7.006467 -1.652091 -8.848462 -3.952014 7.593627 1.239286 8.069117 -3.425100 3.524086 16.792263 8.350639 -20.152601 -11.978021 18.865429
1.396170 24.631502 -15.110817 -5.743386 -9.816931 5.426679 5.346674 10.376129 15.529366 -2.321206 -1.943068 4.674771 -1.176108 -6.478786 5.999131 -3.000261 -7.006924 -1.671533 -8.836484 -3.956676 7.573247 1.155952 8.056908 -3.486783 3.561562 16.742163 8.476436 -20.118666 -12.027164 18.847828
-0.286775 24.478407 -15.320583 -7.519455 -11.869352 6.288815 4.930242 9.775217 13.415222 -1.167656 -1.864160 4.450976 -1.108190 -5.893834 7.014128 -3.295041 -6.324338 -1.988155 -8.336919 -4.960185 8.019927 2.276613 8.731545 -4.406807 3.009366 15.727790 8.088552 -20.078798 -12.983818 17.603470
-3.110162 23.468540 -15.103789 -9.875390 -12.524710 6.578763 6.989416 9.163503 12.015878 -1.623970 -2.322413 2.030440 -0.701719 -5.131576 8.387274 -5.144713 -5.592281 -2.227802 -7.553217 -5.650706 7.485924 4.094221 9.243838 -5.838615 2.197273 15.640771 7.431060 -20.000130 -13.373548 15.625873
-3.932435 23.704153 -15.079070 -11.231710 -11.015332 6.463370 5.901407 8.901184 9.787028 -1.386410 -2.610018 0.396165 0.161497 -4.370317 8.972615 -6.256901 -5.513580 -2.268948 -7.453936 -6.409108 6.869609 4.450376 10.716918 -6.789186 2.417471 15.928864 7.029066 -20.458483 -13.661312 13.086373
-4.207272 23.248951 -16.202290 -13.277538 -9.679598 5.153891 3.776608 9.204168 7.872779 -1.149392 -2.659199 0.121165 0.687056 -3.735147 9.294956 -6.361867 -5.989359 -1.978750 -7.648058 -6.922814 5.667517 4.642244 11.801180 -7.983176 2.632571 16.420347 6.778390 -21.241728 -14.252642 9.861403
-4.455841 22.707752 -17.175812 -14.993243 -9.036304 3.665299 3.854808 8.327278 7.286110 -1.068881 -2.811502 -0.235279 1.187496 -3.435768 9.574295 -6.245650 -6.018122 -1.355915 -7.870206 -7.005066 4.229428 6.215815 11.121605 -8.612029 2.680358 16.266251 6.366810 -22.031977 -15.486118 7.432714
-5.072126 22.695719 -17.887762 -16.562197 -9.848446 3.214203 4.942947 7.767859 7.538249 -1.075104 -2.783029 -0.738509 1.710944 -2.991847 10.290651 -5.917501 -5.306544 -0.753868 -8.251195 -7.228871 4.036205 8.812969 11.040717 -9.108605 2.320221 16.410824 4.929488 -22.221601 -16.361698 5.713808
-5.266912 22.768623 -18.520624 -17.762146 -10.820257 3.064064 5.688971 7.023761 7.255808 -0.938555 -2.487460 -0.860208 1.708474 -2.552934 10.709729 -5.542574 -5.016768 -0.202570 -8.886632 -7.474837 3.267863 9.905530 11.363938 -8.777490 2.201375 17.115480 3.360462 -24.313757 -16.353230 2.596839
-5.006905 22.620819 -19.765089 -18.939144 -10.270983 1.627600 6.303391 5.987243 6.994794 -0.789921 -2.200037 -0.940065 2.050311 -2.032815 11.306677 -5.208557 -4.539793 0.695440 -9.489609 -7.849452 1.496061 10.299276 10.598954 -9.304237 2.570033 17.353542 2.615991 -25.763872 -17.152430 1.171272
-4.299903 23.170568 -19.690086 -19.811544 -10.113926 0.242712 6.847146 5.114428 6.258838 -0.222703 -2.451926 -1.010504 1.945102 -1.725189 11.611820 -5.209144 -4.038506 1.521643 -9.309333 -8.135688 0.042578 11.154196 10.191365 -9.434646 2.508289 17.555601 1.768928 -26.573092 -17.383432 0.205012
-4.087912 24.195557 -20.471540 -20.374699 -10.967876 0.488009 7.739823 3.470096 5.877479 0.545984 -2.541104 -1.018864 1.762650 -1.241061 12.004579 -5.236565 -4.000386 2.132466 -9.185426 -8.428358 -0.408584 13.931171 9.608447 -9.051789 2.296971 17.178463 0.434584 -26.464752 -18.243902 -0.129471
-4.239339 24.596935 -20.625238 -21.044319 -11.297842 0.896990 10.093699 1.693830 5.257541 0.672392 -2.476800 -0.579693 1.531313 -0.976113 12.225738 -4.896914 -4.102772 2.652183 -9.188153 -8.596112 -0.972278 14.143986 10.298396 -7.868524 2.138480 16.053806 1.157765 -28.908167 -16.673466 -0.176448
-4.329818 24.083748 -20.922798 -21.487938 -9.141287 -0.208299 10.798943 0.341413 5.424526 0.745040 -2.199540 0.340350 1.295856 -0.885415 12.486756 -3.761987 -4.032305 3.657689 -9.527607 -8.510068 -0.732345 12.271311 11.317844 -5.654124 3.035426 15.741955 2.622713 -31.281643 -13.474699 0.643703
-4.623525 23.969002 -22.296293 -21.859419 -7.125688 -2.703779 9.513259 -0.351656 6.141514 1.588899 -2.283267 0.776756 0.795060 -0.520607 12.635956 -3.489079 -4.404323 4.529058 -9.631234 -8.723759 -0.830686 14.065527 11.109473 -3.551252 3.482274 16.928858 0.892189 -32.108128 -12.711008 0.450469
-4.618245 24.109226 -23.434624 -22.829119 -5.368321 -4.283237 8.720531 -1.882944 6.155873 2.432621 -2.395276 0.058956 0.710784 0.238990 12.813394 -4.161050 -4.939561 5.281946 -9.777249 -8.984445 -1.443743 17.104437 9.835116 -3.402243 4.192797 17.426996 -1.577120 -30.772646 -14.561279 1.282387
-4.819330 23.512314 -24.150171 -22.842512 -4.262862 -5.582586 8.228125 -2.388586 7.047173 2.343168 -2.476413 -0.244639 0.915136 0.388388 13.029411 -4.146245 -5.152857 5.415381 -9.779210 -8.908744 -1.139609 18.636650 9.403459 -2.390260 4.659392 17.562365 -2.442004 -30.393642 -14.823063 2.055823
-5.010225 22.599972 -24.671053 -23.188540 -2.807385 -7.513514 8.171897 -2.452786 7.849057 1.695845 -2.671142 -1.479570 1.316770 0.679797 13.610383 -4.690478 -5.126928 5.873885 -9.716651 -9.188198 -1.585811 18.594019 9.249450 -1.768209 5.469985 18.250429 -2.428034 -29.983099 -15.130077 2.283119
-4.632998 22.053951 -24.677959 -22.915249 -2.082631 -7.766627 7.565458 -1.873881 7.861821 1.040658 -2.854512 -1.854849 1.617730 0.829213 13.787113 -4.889535 -5.193866 5.851947 -9.630982 -9.250012 -1.552856 18.119604 8.937696 -1.595566 5.787898 18.251249 -1.861580 -29.919535 -14.701658 3.222009
-4.623925 21.932308 -24.759935 -22.815166 -1.671957 -7.830227 7.680112 -2.453806 7.914783 1.267041 -2.770607 -1.720203 1.474203 0.867966 13.661802 -4.848493 -5.152833 5.712184 -9.673058 -9.474491 -1.869839 18.388477 8.897101 -1.752755 5.825581 18.468298 -1.918562 -29.967974 -14.920667 3.002858
