-11.359273 25.573601 -16.999250 18.159803 -6.953939 -6.905787 3.003080 1.885236 7.285053 -12.036636 2.572556 2.681407 3.675659 -9.396485 -3.159794 -4.781444 -4.151029 8.642840 -3.111561 -6.902493 3.938891 6.434128 7.342940 1.782777 2.039147 23.541704 -0.866902 -23.879862 -4.439887 20.025434
-11.384927 25.568480 -16.957701 18.135611 -6.938923 -6.941254 3.057805 1.950847 7.372493 -11.982565 2.497173 2.773185 3.838212 -9.316531 -3.386135 -4.990406 -4.181288 8.698416 -3.184673 -6.779113 3.821671 6.472338 7.328404 1.843690 1.970419 23.595514 -0.876137 -23.838800 -4.439953 20.022770
-11.890407 23.560387 -16.784761 15.665054 -8.516409 -5.682762 1.962356 1.898652 7.518872 -13.732823 3.266353 3.197961 4.512253 -8.669628 -2.651934 -4.533139 -4.348207 7.922267 -3.150308 -6.395658 5.116692 5.589055 6.993802 2.351575 3.583544 22.693373 0.501376 -22.517305 -6.489037 19.604073
-11.401653 24.482124 -16.709476 16.891155 -8.351154 -5.572888 2.614347 1.976271 7.296908 -13.359428 2.956185 3.075315 4.211217 -8.832314 -3.122274 -4.866769 -4.380676 8.376173 -3.229165 -6.642634 4.804816 6.698876 7.244353 1.838786 3.175721 23.397787 -0.525302 -23.284998 -5.788358 19.780872
-11.091400 23.694727 -16.413240 15.434751 -9.781513 -3.574532 2.949157 1.844287 7.039473 -14.643633 3.271724 3.407726 4.515286 -8.413182 -2.877086 -4.669523 -4.679818 8.156692 -3.330917 -6.408756 5.744552 7.425087 7.149653 2.985284 4.061268 23.197586 -0.781077 -22.312151 -7.422853 19.308273
-10.829209 22.748064 -16.162817 14.330488 -11.238459 -1.871175 3.286142 1.975645 6.772974 -15.768600 3.608030 3.658851 4.804416 -7.845034 -2.404405 -4.518133 -4.963819 8.024631 -3.353589 -6.192344 6.297419 7.854689 7.156329 3.133634 4.369572 22.812698 -0.625425 -21.572155 -8.494392 19.059713
-10.952101 21.898466 -15.980287 13.866611 -11.800063 -0.578576 3.689507 2.019486 6.662346 -16.558308 3.904956 4.202256 5.015761 -7.545905 -2.068328 -4.137610 -5.226556 8.145496 -3.370139 -5.798900 6.971207 8.863410 7.221730 3.766321 4.906065 22.789019 -1.279603 -21.129278 -9.581001 18.261568
-10.787377 21.539181 -15.961249 13.428443 -12.282185 0.063970 4.509833 1.826164 6.189551 -17.073425 4.182643 4.690505 5.017300 -7.187989 -1.704680 -3.840338 -5.597455 8.458939 -3.391796 -5.491567 7.313793 9.778559 7.238547 4.003575 5.187609 22.719717 -1.780698 -20.696138 -10.591930 17.488203
-10.393866 20.748985 -15.977151 13.679705 -12.984614 1.505782 5.390100 1.843256 6.234056 -17.855448 4.347957 4.882012 4.905306 -7.035236 -1.653836 -3.764548 -5.867163 8.523550 -3.478303 -5.306528 8.111169 9.831199 7.274885 4.789668 5.750086 22.412745 -2.078531 -20.132452 -11.443837 17.287132
-9.999153 20.201189 -16.244051 14.625004 -12.791904 2.323553 6.444088 1.706276 6.410642 -18.328882 4.431541 5.165746 4.661376 -6.938782 -1.706554 -3.723046 -6.200989 8.702619 -3.485401 -5.159019 8.427266 9.927884 7.304373 5.326691 6.388086 22.316528 -2.093855 -19.591520 -12.253773 17.052561
-9.336937 19.280474 -16.749191 15.459932 -12.657147 3.290434 6.956454 1.586343 6.850063 -18.950054 4.498045 5.089720 4.488525 -6.699844 -2.155399 -4.225551 -6.690931 8.387371 -3.605102 -5.089036 9.252564 9.195923 7.320200 6.092366 7.239258 21.994226 -1.508837 -18.614733 -13.050621 17.355480
-9.365060 18.229107 -17.792885 16.644089 -12.046335 2.811099 7.267788 1.177554 7.739332 -19.007616 4.485876 4.728580 4.453195 -6.552039 -2.564331 -4.774375 -7.062280 7.935996 -3.741758 -4.948578 9.665652 8.258255 6.981996 6.959457 7.989887 21.472681 -0.997443 -18.166164 -13.510033 17.862904
-9.380919 17.418209 -18.478756 17.481606 -11.423794 2.736900 7.115069 0.865933 8.322237 -19.006065 4.447737 4.233888 4.591824 -6.597398 -3.213811 -5.341044 -7.425862 7.477314 -3.949950 -4.699688 9.965502 7.168507 6.863832 7.550237 8.517602 21.368433 0.049280 -17.631416 -13.473448 18.629704
-9.246930 16.009188 -19.276320 18.591702 -10.324770 2.136500 6.912275 0.877852 9.331542 -19.349791 4.342342 3.720120 4.780391 -6.718696 -3.784812 -5.700118 -7.487895 7.015374 -4.190825 -4.548082 10.609521 6.085606 6.738574 8.087132 9.161469 21.342520 1.078628 -16.596642 -13.773153 19.182560
-9.396326 15.570334 -19.672544 18.730553 -8.929043 0.723220 6.027817 1.116417 10.004471 -19.311533 4.411685 3.128471 5.088628 -6.988928 -4.111478 -5.657135 -7.566777 6.511614 -4.547551 -4.146965 11.257162 5.088648 6.742147 8.297236 9.908834 21.317484 2.306156 -15.396613 -14.199399 19.310051
-9.552215 15.341364 -19.875025 18.660608 -8.142185 -0.449810 5.031189 1.558573 10.434638 -19.116066 4.463420 2.400510 5.611534 -7.076238 -4.084769 -5.681898 -7.552389 6.240814 -4.777359 -3.689338 11.440440 4.513731 6.587682 8.597459 10.665122 21.519480 3.283024 -14.455630 -14.777273 19.416853
-10.075395 15.794847 -20.045811 18.060740 -7.034393 -2.236421 4.364456 1.706774 10.764384 -18.647579 4.340178 1.951918 6.494880 -7.047325 -4.158637 -5.806257 -7.280281 6.257077 -4.949559 -3.354675 11.308244 4.176900 6.501401 8.671000 11.271015 22.100149 4.196556 -13.678180 -15.286219 19.105450
-10.532668 16.068653 -20.352907 17.620308 -6.833993 -3.137167 3.652096 1.953934 10.873700 -18.239042 4.263928 1.551773 6.981932 -7.123946 -3.969855 -5.762055 -6.962599 6.371819 -4.979726 -3.094104 11.360461 3.673108 6.586256 8.936923 11.890873 22.375280 4.707652 -13.024674 -15.672480 18.911421
-11.354277 16.136023 -20.472319 17.128759 -5.952168 -4.153192 2.930973 2.070746 10.909419 -17.971643 4.149955 1.290905 7.758508 -7.309444 -3.770745 -5.571418 -6.611688 6.787099 -4.945043 -2.256875 11.174021 2.662630 6.596622 9.141829 12.669532 22.503649 5.768381 -12.535668 -16.207605 18.517441
-11.907941 16.674250 -20.282761 17.205948 -4.851935 -5.229126 3.080063 2.029317 11.035430 -17.644373 3.955600 0.958541 7.987206 -7.494123 -3.588267 -5.576389 -6.455062 7.181254 -4.893191 -2.013429 10.514025 1.386183 6.617394 8.910710 13.242329 22.328171 6.554226 -12.643057 -16.324682 18.188557
-12.132403 16.362577 -20.216953 16.840963 -4.565705 -5.486141 2.734258 2.012428 10.935763 -17.695690 4.054412 0.805038 7.974856 -7.550473 -3.428857 -5.361665 -6.365607 7.187464 -4.978150 -1.818942 10.646169 0.865151 6.819884 8.974516 13.509890 22.324835 6.674963 -12.411262 -16.498058 17.975920
-12.161454 16.535641 -20.019846 16.749792 -4.597345 -5.517833 2.790445 2.107221 10.804961 -17.668547 4.013536 0.805543 7.895135 -7.646394 -3.388187 -5.311232 -6.328213 7.348217 -4.967542 -1.738575 10.577912 0.671913 6.659333 9.140950 13.659619 22.258806 6.886223 -12.324646 -16.484905 17.952084
-11.765717 10.983368 -20.284395 11.386837 -13.173154 2.793747 -1.805744 3.349588 10.081128 -20.963120 4.594236 2.147642 6.845923 -6.043211 -2.742282 -6.230819 -7.175411 5.483624 -3.233480 -2.804415 15.568337 1.724181 7.013793 5.193189 8.286134 14.508400 6.211257 -12.914561 -16.694485 18.149353
-11.455560 7.565593 -21.134432 11.367723 -11.357443 3.858931 1.817452 2.442362 8.988160 -23.001787 5.330343 3.205127 6.818611 -5.425855 -2.366010 -5.836252 -7.740537 4.828626 -3.010459 -1.393830 18.499226 0.723603 6.562632 6.846238 9.174732 12.468557 5.579285 -12.289605 -18.073593 15.870070
-10.975350 5.213202 -21.821152 10.212541 -9.789841 3.958210 1.018501 2.670522 9.103477 -24.728630 5.639034 4.120528 6.741893 -5.277707 -1.975168 -5.381899 -7.914136 4.695410 -2.831173 -1.062726 19.398375 0.972501 6.604309 7.046824 9.275501 11.090672 5.965439 -11.835547 -19.504026 14.964285
-10.164270 2.270729 -21.169271 6.123648 -5.435051 7.250688 3.092542 4.721391 12.041963 -19.695494 6.714243 4.471907 6.411510 -3.946031 -2.582183 -5.621632 -7.534806 4.324072 -3.586193 0.390078 16.599951 0.158459 6.470278 9.702476 6.148223 8.645298 5.681975 -7.263756 -22.131397 13.047820
-14.305934 -1.803741 -15.152705 4.909184 0.775899 14.829589 4.588091 4.070154 12.855103 -20.440037 8.490258 5.575037 5.041503 -3.285764 -3.310841 -4.700519 -5.311093 1.483523 -4.743048 3.815448 13.080893 -3.181285 4.092037 12.522992 5.034402 5.435441 -1.510761 -3.704151 -24.938684 11.883693
-17.238651 -5.110015 -11.536292 1.748775 4.447985 19.527304 4.579501 5.181575 12.489377 -18.539444 9.824742 5.144049 3.345484 -2.938454 -2.590960 -4.160933 -3.439598 -0.226623 -4.341923 4.857861 11.098059 -4.843430 2.521282 14.625984 2.915329 1.956971 -6.882208 -2.439551 -26.622747 8.157145
-19.409012 -5.966718 -10.638692 2.501398 8.521152 22.905119 4.238566 2.613326 12.541780 -17.077835 10.914412 6.612976 1.389505 -2.465868 -2.143604 -3.239770 -3.353534 -0.221308 -3.513408 4.187846 7.116711 -6.502365 1.047504 13.276530 3.634145 1.734200 -7.345860 -0.430475 -28.769255 8.949979
-20.618675 -6.620388 -8.191587 -0.838248 9.493744 25.893950 2.446830 3.938941 10.779412 -11.616624 11.613125 5.749744 -1.023489 -1.761993 -0.601098 -3.945058 -1.434764 -1.024743 -1.271044 2.240478 2.621473 -9.993008 0.413413 15.726064 2.247675 0.608121 -9.656251 1.559356 -28.803244 9.036576
-20.285820 -7.500105 -9.445236 -1.155400 10.231249 24.087683 2.775357 2.936335 10.812344 -12.449843 11.389258 5.909164 -0.668507 -1.560518 -0.630762 -4.388861 -2.249136 -1.128621 -1.554080 2.870473 2.638749 -9.830165 0.035619 13.865542 2.929744 0.605081 -8.101835 1.008471 -29.607779 5.924268
-20.684509 -6.470687 -6.505759 1.380732 11.392496 26.998377 1.437950 2.472651 10.616431 -6.837281 12.543378 5.170148 -3.012960 -1.019205 0.256717 -2.913775 0.196576 -0.594906 -1.517670 -0.281844 -0.844429 -11.043858 0.623680 15.464780 3.573621 3.848232 -8.475861 4.903652 -28.332720 11.694396
-20.450113 -7.303102 -9.516273 -1.586177 10.562943 23.704237 2.961119 2.886591 10.453795 -12.505013 11.232629 5.824831 -0.356794 -1.526283 -0.424255 -4.553935 -2.274713 -0.972917 -1.467593 2.988509 2.622008 -10.031469 0.320250 13.838440 3.176695 0.897350 -7.953367 0.730242 -29.327423 5.504920
-20.676462 -8.151985 -11.441505 -1.832942 9.698388 21.677271 4.047558 3.502286 11.224090 -13.639311 11.207832 5.583042 0.490309 -1.131972 -0.631397 -4.773389 -2.788473 -0.852668 -2.229064 3.792782 4.023927 -9.837643 0.053369 14.335235 3.348053 -0.402327 -7.709941 -0.823244 -29.624102 4.229501
-20.776501 -6.398008 -13.934454 -1.274038 10.658035 17.521086 5.666023 1.009701 12.151916 -15.837164 10.632821 5.663072 1.110996 -1.045878 -1.694475 -5.337856 -4.586891 0.032020 -3.121595 4.726777 5.487726 -8.016043 0.308322 11.894438 4.820233 1.676308 -4.395963 -0.685470 -30.690771 2.239684
-18.593273 -4.601129 -17.563564 1.407358 10.731501 12.372991 8.145930 -1.185129 12.090646 -16.981493 9.775773 6.347028 1.535640 -1.137382 -2.371994 -5.593112 -6.882016 1.291095 -3.531775 4.457443 5.914974 -6.446643 2.397358 10.119308 6.749418 5.180732 0.776134 -0.784863 -30.862020 2.366704
-15.914527 -0.705025 -22.607187 3.010820 10.379961 5.033820 9.531024 -4.436466 10.420067 -17.619642 8.087867 7.441854 1.111533 -1.375382 -3.009845 -6.643217 -9.228310 4.013485 -2.736973 2.891579 6.113490 -5.335598 5.020898 6.405738 9.536398 9.628660 6.604259 -1.283554 -30.285639 2.843458
-14.735154 0.686039 -24.400562 2.536518 9.186846 2.158859 9.331487 -4.223374 10.175194 -17.573362 7.631792 6.202427 1.655121 -1.529705 -2.981869 -6.942692 -10.516548 5.566237 -2.972137 2.205785 7.445517 -4.840122 5.628389 5.035514 10.808184 10.655094 9.459636 -2.565312 -29.659559 3.138345
-13.345741 1.690088 -25.957315 2.477265 8.185513 0.072768 9.059966 -3.949150 9.245228 -17.332544 7.053039 5.655622 2.127805 -1.448167 -2.662918 -7.325311 -11.176151 6.491479 -2.986649 1.439731 7.907064 -4.995365 6.282682 4.705138 11.561214 11.404159 11.441059 -3.774228 -28.714090 3.234169
-12.775256 2.179962 -26.865282 2.061523 7.087777 -1.520035 9.342149 -3.662979 9.496549 -17.010645 6.749004 5.685806 2.612138 -1.284423 -2.650672 -7.669552 -11.345045 7.106423 -2.761350 0.921795 8.226874 -4.654097 7.136554 4.519240 11.742652 11.978529 12.540473 -4.435374 -28.181479 3.284115
-16.107998 -1.835392 -21.647394 2.949475 10.092576 6.224459 9.283085 -3.424513 11.523339 -18.092321 8.484778 7.151722 1.691598 -1.363420 -3.309533 -6.459868 -8.687857 3.234477 -3.255838 3.285694 6.383136 -5.250718 4.724653 7.227416 9.047540 8.816785 5.183038 -1.059170 -30.345812 3.110730
-13.088394 1.449236 -25.873110 2.616523 7.983958 0.470993 9.087049 -3.735029 9.427172 -17.706205 7.069646 5.842984 2.317635 -1.654656 -2.979666 -7.452598 -11.132946 6.242003 -2.864556 1.592465 8.212875 -5.134711 6.666896 4.548521 11.352028 11.495054 10.829282 -3.442158 -28.856873 3.279501
-12.755783 -1.322331 -23.028002 2.313901 4.043931 3.092798 1.976139 1.369481 10.948913 -19.073992 7.454284 3.261714 4.570975 -1.738181 -2.941791 -7.161486 -9.268946 3.785189 -4.489420 2.140186 11.440121 -2.097889 3.491798 6.970423 8.659096 8.453909 8.659140 -4.267392 -27.134058 7.824433
-14.067442 -0.780316 -23.102245 -0.489093 6.830141 1.484132 0.417259 -0.416189 10.395677 -17.986109 7.522795 2.807898 3.822797 -0.818388 -2.701664 -7.922256 -9.609085 3.415738 -4.315075 1.798555 9.080323 -1.422128 3.092032 6.887414 8.616380 7.685781 9.019969 -4.685993 -28.103106 5.294217
-11.750144 1.063632 -25.949572 -1.942200 7.904428 -1.818140 -0.958184 -0.766498 8.981654 -17.323557 7.298567 2.126691 3.146396 -0.435065 -1.635847 -8.035191 -10.738291 4.524373 -4.226664 0.237349 7.155371 -1.274830 3.712404 5.505405 9.465874 8.128798 13.514960 -7.309175 -27.539253 3.254720
-10.445113 3.713439 -27.658743 -2.333651 8.422752 -4.264829 -1.505798 -2.063343 6.687610 -16.803446 7.511543 1.650452 2.356560 -0.223510 -1.017290 -7.641090 -11.672075 6.008079 -4.661560 -1.232592 4.606169 -2.206458 3.722262 3.181973 9.591770 9.404722 16.790760 -9.622692 -26.154123 1.963758
-9.770297 7.063796 -28.202209 -2.077116 8.827773 -7.524419 -5.825792 -4.246466 1.177144 -19.671133 7.062352 0.766868 2.089658 0.250150 0.374667 -6.909049 -11.918373 7.794769 -5.157815 -2.346753 5.360817 -3.847698 2.708207 0.261251 11.466413 10.130087 19.248156 -12.768049 -24.895758 1.797536
-10.300182 8.505014 -27.743647 -3.348781 9.261147 -8.528584 -8.701171 -4.158596 -1.365279 -20.370661 7.198400 -0.194174 1.906171 0.488130 1.863298 -6.015953 -11.362312 8.965342 -5.796059 -2.357400 5.683286 -5.493201 1.741893 -0.629995 12.831868 10.183733 20.869705 -15.622107 -23.782606 2.380060
-11.166356 9.799747 -26.705662 -4.596961 9.736526 -8.035926 -10.154267 -3.441712 -3.577098 -20.036943 7.022576 -0.912597 2.201228 0.577149 2.998182 -5.134311 -10.598186 9.663712 -6.381915 -1.874477 6.237247 -7.689476 1.990948 0.766201 13.081227 9.241866 19.780025 -18.427977 -22.054197 2.315279
-12.347338 11.660547 -25.500151 -5.891699 8.923193 -8.379441 -10.791821 -2.638113 -4.777801 -19.178278 6.915679 -1.694515 3.470767 0.239783 3.670891 -4.261573 -9.895884 9.994766 -6.831429 -1.385691 7.259596 -8.192331 1.958735 2.807835 12.633287 9.724270 18.827036 -19.435455 -19.663649 1.759220
-12.998559 13.502115 -23.985933 -6.760890 8.006742 -8.396943 -10.879146 -1.390702 -5.564249 -18.575319 6.764903 -1.958512 4.596854 0.111095 4.185021 -3.701064 -9.252363 10.657322 -6.943034 -1.275906 8.630301 -7.861724 1.882136 4.805508 11.772219 10.211586 17.456350 -19.975397 -17.646015 1.387426
-12.778821 13.513843 -21.901831 -6.528929 6.619131 -7.655088 -11.519714 0.677682 -6.262759 -18.816406 6.889341 -2.188515 5.803038 -0.221283 4.602521 -2.610784 -8.406567 11.032407 -7.301694 -1.012552 9.651784 -8.217943 1.071339 6.218575 11.662005 9.965799 16.385782 -21.117819 -15.698133 1.684943
-12.315627 14.117117 -21.137506 -6.416883 4.884556 -5.863301 -11.073951 1.792040 -6.923816 -19.015314 6.768295 -2.265592 6.970850 -0.482327 4.640200 -1.800768 -7.802259 11.160533 -7.842574 -0.602727 9.809741 -8.693633 0.347792 7.745538 12.044443 9.519936 15.370908 -23.010298 -15.018761 2.696286
-12.708458 14.367698 -20.075708 -5.941077 3.167867 -3.720287 -10.784241 2.718334 -7.889635 -19.890459 6.969510 -2.325514 8.201274 -0.894592 4.493313 -0.942435 -7.269475 11.097279 -8.176238 0.423667 11.024619 -9.015546 -0.244308 9.672612 11.281118 8.346576 13.653426 -24.531660 -13.691061 3.166825
-13.075262 13.240402 -18.466970 -4.960549 1.734208 -1.192594 -11.149231 3.141496 -7.271415 -21.857534 6.999382 -3.117442 9.389903 -1.456816 4.195904 -0.571302 -6.831913 10.543484 -8.709650 1.627227 12.202765 -7.836755 -0.591117 12.060520 11.059347 7.844679 11.273679 -24.593418 -13.914898 3.647357
-13.068512 13.429421 -17.385559 -6.729157 0.004704 1.587246 -12.811238 2.221558 -7.255354 -22.639925 6.982010 -3.943988 10.116099 -1.833693 3.781300 -0.838513 -6.462208 9.483566 -8.810089 2.565170 13.981765 -7.593241 0.101905 14.932878 11.059958 7.253602 7.804824 -25.348286 -12.724234 5.379775
-13.556842 13.313998 -16.008535 -7.518158 -1.720927 3.859660 -14.095046 1.711771 -5.888556 -23.162209 7.186090 -4.817554 11.031193 -1.912196 3.415489 -1.111578 -5.873276 7.996928 -9.103272 2.572749 16.168547 -6.587121 -0.296309 17.229145 10.308589 6.820245 5.355986 -25.493055 -11.412313 6.162494
-16.526196 9.813996 -10.174478 -8.601516 4.950450 13.793795 -10.272928 3.231312 3.764440 -15.963374 9.889565 -0.825902 7.133189 -0.887669 2.687601 -0.398761 -1.598643 4.545527 -8.625846 2.471694 5.606057 -5.301770 -3.596869 17.721001 2.770738 3.286541 -1.648687 -16.694767 -17.236507 6.558074
-16.905302 9.112158 -9.740964 -8.192989 5.978154 13.229240 -9.197511 3.426004 3.983135 -15.641039 9.459889 -0.489763 6.695303 -0.846934 2.673432 -0.629261 -1.539320 4.406091 -8.546272 2.479247 5.847687 -5.447234 -4.747663 17.426188 2.368882 3.163681 -0.733890 -15.250476 -17.584963 5.951697
-19.716707 5.964091 -7.354263 -5.306321 6.762989 14.159087 -9.416135 1.921233 6.128297 -16.615242 10.604928 1.575629 5.036362 -0.797221 2.697289 0.740556 -0.287818 4.516625 -7.761272 1.310157 2.717300 -6.026791 -7.696037 13.688249 2.818319 3.069728 -1.541160 -11.846032 -20.618181 8.122770
