-13.908846 24.872684 -20.372831 21.103596 -10.365304 -4.910140 1.620407 0.760223 5.819782 -8.355663 3.705245 -1.276806 -0.284567 -11.359149 0.648424 -0.081508 -5.313079 7.666308 -4.917019 -5.626146 1.965447 15.460073 -12.196540 -0.017491 -29.578527 6.145927 12.118590 -16.403822 2.370858 9.270882
-14.000562 24.837593 -20.434832 21.214199 -10.405629 -4.930815 1.804466 0.662866 5.920385 -8.428449 3.728174 -1.327173 -0.296260 -11.376101 0.564325 -0.079153 -5.389798 7.681443 -5.003795 -5.505285 2.071943 15.633133 -12.580050 -0.130699 -29.789988 5.976295 12.127238 -16.445017 2.362856 9.031604
-16.785421 26.416407 -25.524616 11.704901 -5.663013 -10.963341 2.746468 -5.777890 2.174027 -6.812812 5.163211 0.413946 -3.531928 -6.083786 1.475220 -2.545835 -9.694483 9.497079 -5.369164 -6.583384 -5.305604 10.122822 -10.591267 -10.098457 -30.822657 1.242589 23.070627 -17.772350 -1.887839 5.183429
-17.372791 26.685774 -25.562000 10.779058 -4.324152 -12.260247 2.967577 -7.189026 2.559012 -7.117205 5.312985 0.533907 -4.270644 -5.516827 1.224661 -2.752473 -9.709232 9.848973 -5.843836 -7.179913 -7.304868 10.496828 -11.053620 -11.441915 -30.831730 1.273106 23.265406 -18.238140 -2.841540 5.172381
-17.273235 27.239725 -26.224947 10.245722 -3.294677 -13.438970 3.499033 -8.457521 2.379560 -6.955411 5.327253 0.744971 -4.999009 -5.151841 1.203430 -2.809219 -9.941452 10.277059 -5.930142 -7.797069 -9.614918 10.758020 -11.521542 -11.504334 -30.021353 1.417320 23.499895 -19.059982 -3.808280 4.701921
-17.356216 27.370903 -26.430899 10.093130 -2.935566 -13.679032 3.535528 -8.808354 2.331593 -6.874044 5.288841 0.858502 -5.310182 -5.069710 1.234038 -2.877267 -10.058968 10.396902 -5.857562 -8.060106 -9.924207 10.697174 -11.555713 -11.844052 -29.863489 1.415400 23.797937 -18.840845 -4.223143 4.771829
-17.545059 27.588007 -26.604376 9.922065 -2.421858 -14.087834 3.629732 -9.185164 2.217306 -6.726329 5.326236 0.920789 -5.397436 -5.049806 1.211983 -2.898674 -10.123764 10.365456 -5.805732 -8.097343 -10.243779 10.560625 -11.625470 -12.020659 -29.769199 1.377560 24.015963 -18.850323 -4.473519 4.965055
-17.648010 27.673422 -26.701628 9.840375 -2.203333 -14.254369 3.691746 -9.369994 2.162978 -6.671063 5.305754 0.940914 -5.445568 -5.057947 1.211414 -2.885220 -10.097439 10.376261 -5.796970 -8.192945 -10.155588 10.498608 -11.624544 -12.052024 -29.654192 1.311180 24.091516 -18.659693 -4.825905 4.992750
-17.606339 27.618141 -26.670546 9.850007 -2.288795 -14.159338 3.669842 -9.297723 2.191990 -6.717763 5.310534 0.939944 -5.455282 -5.037690 1.222313 -2.905505 -10.125813 10.389706 -5.780716 -8.146914 -10.283837 10.523699 -11.637279 -12.057849 -29.702248 1.325470 24.085167 -18.788965 -4.639607 4.977181
-17.593369 27.618629 -26.642042 9.869354 -2.316790 -14.134999 3.674096 -9.277560 2.189246 -6.715831 5.310634 0.931926 -5.441251 -5.041964 1.217943 -2.905433 -10.117508 10.382196 -5.791568 -8.144902 -10.241012 10.516609 -11.632046 -12.000827 -29.730610 1.325749 24.036180 -18.859028 -4.558795 4.941584
-17.593712 27.618088 -26.642187 9.869095 -2.316388 -14.134673 3.674198 -9.278092 2.189530 -6.716335 5.310594 0.931686 -5.440969 -5.041906 1.218068 -2.905381 -10.117348 10.382387 -5.791958 -8.145271 -10.241869 10.515960 -11.631839 -12.001974 -29.729956 1.325805 24.037378 -18.858307 -4.561069 4.941434
-17.593616 27.617838 -26.642065 9.869319 -2.316848 -14.134192 3.674166 -9.277730 2.189554 -6.716461 5.310712 0.931704 -5.440921 -5.041848 1.218004 -2.905524 -10.117691 10.382160 -5.791609 -8.144625 -10.241331 10.516353 -11.632014 -12.001142 -29.730293 1.325702 24.036619 -18.858778 -4.559631 4.941616
-17.593203 27.618595 -26.641687 9.869858 -2.317066 -14.134699 3.674225 -9.277125 2.189320 -6.715825 5.304232 0.931188 -5.441897 -5.040384 1.222945 -2.907292 -10.118208 10.379492 -5.793622 -8.143506 -10.243655 10.515232 -11.634447 -12.000628 -29.730801 1.324104 24.033516 -18.859808 -4.560678 4.941340
-17.608330 27.620022 -26.654943 9.856689 -2.288430 -14.152953 3.685622 -9.298776 2.184429 -6.715938 5.306742 0.929746 -5.438386 -5.040434 1.221746 -2.906417 -10.117167 10.375381 -5.795861 -8.143652 -10.258637 10.507638 -11.632114 -12.009995 -29.729589 1.325907 24.041693 -18.865587 -4.569780 4.937999
-17.688530 27.578316 -26.655142 9.928713 -2.392120 -14.172931 3.809594 -9.335059 2.309193 -6.784480 5.311385 0.917793 -5.452595 -5.051413 1.231330 -2.891150 -10.122108 10.380262 -5.794385 -8.139287 -10.217020 10.646352 -12.032969 -11.962760 -29.775663 1.293334 24.115576 -18.862921 -4.561386 4.744802
-17.687958 27.580339 -26.654127 9.929768 -2.391986 -14.173306 3.810362 -9.335070 2.308483 -6.783086 5.311820 0.918010 -5.453000 -5.050845 1.231684 -2.891327 -10.122517 10.380527 -5.794299 -8.138878 -10.219853 10.646124 -12.032699 -11.964703 -29.773115 1.292675 24.118071 -18.860800 -4.567231 4.745671
-17.592432 27.619316 -26.640738 9.870232 -2.317967 -14.134097 3.674679 -9.276553 2.189077 -6.715496 5.304327 0.931021 -5.441489 -5.040269 1.222966 -2.907350 -10.118029 10.379127 -5.793929 -8.143485 -10.244752 10.515106 -11.634332 -12.000459 -29.730484 1.324064 24.033628 -18.860723 -4.561052 4.940073
-17.597582 27.609869 -26.675020 9.859291 -2.303417 -14.157565 3.665498 -9.291701 2.187609 -6.715202 5.307476 0.935250 -5.447438 -5.035024 1.220130 -2.913722 -10.118315 10.373678 -5.798388 -8.167060 -10.240996 10.517972 -11.631412 -12.006519 -29.730904 1.335772 24.033222 -18.846228 -4.567586 4.948280
-17.602425 27.610670 -26.683226 9.849847 -2.291782 -14.166540 3.666399 -9.303033 2.186343 -6.715860 5.309567 0.933938 -5.445860 -5.036041 1.219971 -2.910997 -10.117428 10.370630 -5.800041 -8.166761 -10.252348 10.526198 -11.634407 -12.020732 -29.721514 1.336648 24.041410 -18.825979 -4.591754 4.964170
-17.698000 27.570116 -26.696875 9.908951 -2.366937 -14.204763 3.801328 -9.360713 2.306323 -6.784533 5.316424 0.921151 -5.456837 -5.047080 1.228291 -2.895257 -10.121407 10.371643 -5.800680 -8.162246 -10.223981 10.657021 -12.033101 -11.981562 -29.766588 1.305407 24.122702 -18.829565 -4.591534 4.768630
-17.689444 27.569324 -26.687986 9.919289 -2.383982 -14.193530 3.796386 -9.346148 2.309091 -6.784276 5.313606 0.920575 -5.459158 -5.047161 1.229160 -2.896545 -10.122404 10.373945 -5.799186 -8.161938 -10.213896 10.656646 -12.032752 -11.973023 -29.770655 1.304169 24.117071 -18.833784 -4.578949 4.763508
-17.689400 27.569069 -26.688017 9.919240 -2.384192 -14.193387 3.796205 -9.345952 2.309226 -6.784461 5.313648 0.920582 -5.459149 -5.047142 1.229168 -2.896510 -10.122385 10.373905 -5.799206 -8.162012 -10.213880 10.656555 -12.032725 -11.972945 -29.770744 1.304148 24.116953 -18.834116 -4.578733 4.763392
-25.065329 23.603477 -17.258467 8.487029 5.285789 -5.817455 8.281034 -8.894441 9.025885 -2.001050 6.784391 2.891401 -7.785775 -4.811758 -1.377189 -1.994318 -6.719935 8.701170 -7.105501 -5.278499 -13.994804 7.183586 -18.216970 -13.990261 -29.656511 -1.862108 13.959774 -13.706895 -10.614648 6.367253
-28.141094 23.956284 -13.529375 7.023660 7.029263 -3.951650 8.331255 -9.191136 9.582152 -0.379139 7.212790 3.322625 -8.959395 -4.429518 -1.815012 -1.883176 -5.325073 8.719809 -7.464415 -5.027637 -15.771876 4.680404 -20.339155 -14.148540 -28.974016 -2.992425 11.698448 -13.790204 -11.103039 7.422698
-30.750790 24.632948 -10.338795 8.538384 7.956026 -4.485817 7.684607 -10.116040 8.505554 -1.418939 7.663944 3.368353 -10.053260 -4.502726 -2.164725 -1.689169 -4.313387 9.559301 -7.235506 -5.504645 -16.884308 3.810450 -21.911789 -14.645724 -28.975250 -3.110617 10.330800 -12.421630 -11.375439 9.046102
-32.068005 26.245722 -7.951338 10.647223 8.844995 -5.124458 7.687161 -11.407314 7.399383 -1.492226 7.662118 3.326975 -10.642632 -4.518910 -2.519492 -1.500659 -3.227309 9.975895 -7.225689 -5.205526 -16.098585 2.340589 -23.398182 -15.543839 -28.843569 -2.920239 9.381728 -10.827229 -10.243131 10.915355
-34.137455 26.813379 -5.600520 11.993298 10.158863 -6.369937 7.396921 -12.658617 5.773619 -1.344714 8.074592 3.105579 -11.568082 -4.030998 -2.724959 -1.496902 -1.956114 10.424561 -7.300855 -4.868285 -16.672197 0.319613 -25.163280 -16.327164 -28.373404 -3.269880 8.735525 -10.263185 -9.702072 12.623514
-33.455887 27.852226 -2.829688 9.617746 11.641408 -6.451122 3.550613 -11.299256 2.021075 2.273161 7.981461 3.995971 -12.860194 -3.116795 -1.282919 -1.836799 -0.032186 10.210196 -5.766658 -5.976368 -20.398626 -3.587570 -22.688974 -10.682745 -20.991821 1.944113 4.909067 -10.058585 -9.339590 13.948341
-33.218075 27.581459 -1.182710 7.219931 12.273428 -6.643597 0.358555 -10.323241 -0.496726 4.984884 8.021062 2.943191 -13.095662 -2.370874 -0.639932 -2.451845 1.175135 10.678293 -5.365961 -5.940332 -21.441401 -7.275212 -21.742188 -10.076896 -19.349669 2.920730 3.947007 -9.997918 -7.547614 14.209147
-34.368343 26.763119 0.991838 6.697840 12.548544 -8.178494 -0.920066 -9.989211 -2.049015 5.427785 7.806812 2.468134 -13.398726 -2.074277 -0.400362 -2.821990 2.417063 10.605177 -4.895488 -5.791938 -20.975311 -9.145258 -22.102282 -9.298681 -17.058725 4.570802 2.760075 -7.719371 -7.030917 14.771846
-35.260395 25.563187 2.696285 5.485221 12.679478 -10.010988 -1.770049 -9.660087 -3.250636 6.063461 7.382610 1.423229 -13.290888 -1.401564 0.358516 -3.309920 3.448210 10.974855 -4.661416 -5.753122 -20.820763 -11.525688 -21.478270 -8.628497 -15.240147 5.102205 2.225776 -6.475100 -6.216961 14.185534
-34.740494 23.584641 3.176458 4.089747 12.686954 -10.648640 -2.997125 -8.258139 -3.999156 8.380404 6.896706 0.344007 -13.477775 -0.151313 1.243948 -4.422675 4.808531 11.230232 -4.250811 -5.828335 -20.419390 -14.496294 -19.923933 -8.152946 -13.650759 6.079043 1.268794 -5.339935 -4.777045 14.178359
-35.772156 22.127556 5.211968 1.902457 11.998816 -11.013881 -4.460535 -6.238727 -6.006356 11.694270 6.081011 -0.686258 -12.465350 1.045980 2.401851 -5.224078 6.226787 10.616752 -3.457022 -6.027629 -20.941637 -17.897253 -17.630753 -6.913784 -11.574669 7.810720 -0.323004 -4.562655 -3.615522 14.926367
-36.852856 19.551514 6.547263 1.313434 9.482265 -11.557586 -5.833515 -4.459427 -8.084632 13.868905 5.454483 -1.519038 -12.231891 1.640584 3.355042 -6.080542 7.088718 10.445049 -2.371823 -5.715557 -20.347153 -21.147732 -15.123811 -5.109170 -9.235575 9.057021 -0.971853 -3.498290 -1.605856 15.257250
-36.801929 15.757550 7.567065 2.332364 6.405965 -11.283178 -6.958533 -2.373066 -10.831645 16.388039 4.754526 -2.554468 -11.780457 2.595120 4.496343 -7.065562 8.513767 9.291031 -1.533269 -4.831880 -18.188585 -23.797184 -13.290607 -2.676651 -7.453997 10.520954 -1.129270 -1.501559 1.783206 13.572616
-36.926689 12.654510 9.184818 3.670578 3.411345 -12.350978 -6.458683 0.027932 -13.624549 19.564306 4.448875 -3.204701 -10.986508 2.977272 4.847881 -7.729902 9.504467 8.365036 -0.385730 -3.362947 -14.779022 -25.252638 -12.297140 -0.131980 -6.723730 11.546751 -0.565754 1.500512 5.758405 11.925662
-34.255405 10.270020 11.320788 5.146121 0.534696 -12.230325 -4.753988 4.160816 -15.517745 22.174656 4.449058 -4.242753 -10.068635 2.639530 4.964643 -7.763901 10.688932 7.821599 0.896754 -1.826794 -11.817039 -24.810711 -10.349893 1.993277 -7.474323 12.755438 -0.934318 4.374686 9.209021 11.618112
-30.655449 7.895542 14.301438 7.545476 -3.282525 -10.345237 -2.496759 8.744336 -17.705908 24.128946 4.551505 -6.239709 -8.728292 1.689069 5.168058 -8.046255 11.508375 6.888536 3.172029 -0.362301 -7.250943 -24.390657 -7.164150 5.642153 -8.933077 14.297817 -2.062778 8.371922 13.085243 11.550695
-27.768827 5.610899 14.105329 9.052383 -4.865473 -10.904335 -0.754586 11.550651 -18.638641 24.573565 4.343790 -6.749935 -8.174945 1.570123 5.117697 -8.339787 11.975592 6.634250 4.399766 0.931178 -4.390340 -24.597046 -5.687784 6.730327 -9.489253 14.770987 -3.629083 11.198056 14.473731 10.113982
-26.960072 5.478166 14.253486 9.166449 -5.103255 -10.746999 -0.504181 12.356050 -19.122862 24.772057 4.279471 -6.883290 -7.829384 1.331041 4.740464 -8.419833 11.915640 6.289400 4.747385 1.439274 -3.849288 -24.458504 -5.067818 7.016185 -9.772947 14.850815 -4.073332 11.782977 14.507481 9.535782
-27.537153 4.855110 13.218944 9.652611 -4.652644 -11.784427 -0.681899 11.861796 -19.263300 24.757540 4.367613 -6.424788 -8.421971 1.635101 4.783982 -8.365475 11.789938 6.501585 4.597709 1.239473 -4.495773 -24.642494 -5.287275 6.098271 -9.620529 15.133824 -3.538799 12.089887 14.117745 9.572020
-27.207611 4.271666 11.218440 9.401217 -2.659141 -14.302852 0.035445 11.511393 -19.161734 23.999367 4.412442 -5.209456 -9.368850 1.874223 3.834133 -8.516916 11.483805 5.688827 4.457230 1.813790 -5.121144 -23.726332 -5.376551 3.050547 -9.672060 15.687303 -2.423340 13.093098 12.981854 7.841632
-27.580223 4.062603 8.051410 9.554239 -0.594831 -17.389277 -1.508354 9.767001 -17.930088 23.323078 4.380544 -3.829774 -10.353591 2.662948 3.145650 -8.553187 11.152491 4.919657 3.513456 2.028350 -7.269722 -22.693312 -6.810491 -0.448898 -9.285503 16.737570 -1.080019 13.146406 10.756510 5.417394
-26.073288 2.351317 7.823664 11.307018 -0.608954 -16.955612 -1.274909 10.784949 -16.967066 22.610453 4.663559 -3.856245 -9.978766 2.498107 2.641042 -8.441947 11.306902 4.058709 3.408223 2.132574 -6.434074 -21.535643 -6.664461 0.054051 -9.426941 17.513327 -1.876360 13.093172 11.067944 3.811017
-26.669476 1.563257 5.716732 13.319073 1.010616 -19.003670 -2.997636 9.684309 -16.031141 22.064325 4.663720 -3.073059 -10.586851 2.951140 1.876737 -8.521221 11.093845 3.063793 2.405234 2.102670 -8.140822 -20.426985 -6.910754 -2.612761 -9.171889 18.384090 -2.680380 12.734061 9.972715 1.655337
-19.359669 4.476247 4.290318 10.018057 0.385302 -18.941332 -3.668278 18.358397 -16.258736 26.014101 5.311142 -4.152646 -10.108752 0.773411 0.909613 -9.111369 9.737118 2.606438 5.643899 3.583815 -3.228436 -19.073025 -2.130434 0.266459 -11.090169 19.499897 -2.317503 14.001195 7.958856 -0.749298
-21.755762 1.817153 3.683479 12.620983 1.744377 -20.575800 -4.097063 14.672526 -15.412728 23.462662 5.187117 -3.740374 -10.419804 1.662809 0.579965 -9.131419 9.801863 1.821839 4.012791 3.128580 -6.281313 -18.914858 -4.942663 -2.193746 -9.848976 20.388475 -3.065001 13.173018 9.248829 -1.800217
-24.835747 -2.028698 2.438271 15.723114 4.107555 -21.054913 -3.137864 9.872077 -13.545072 18.819536 5.282724 -2.498858 -10.407105 3.582839 0.376347 -9.108674 10.132345 0.978054 1.425403 1.992489 -9.894403 -18.032148 -6.607519 -5.514553 -8.953997 20.460203 -4.258901 10.851744 8.889068 -2.998493
-25.364017 -3.950049 1.418881 16.552116 5.876743 -21.197226 -2.311070 8.828761 -12.201913 16.312441 5.867962 -2.182182 -9.638023 4.316290 0.466934 -8.774543 9.790651 1.135917 0.165414 1.487250 -11.639729 -18.045023 -7.497513 -6.547305 -8.435327 20.502493 -6.505622 8.184644 8.173247 -5.201093
-26.619308 -5.402876 0.789465 16.123915 6.104630 -21.446020 -2.670564 9.555493 -11.893254 15.077335 6.510248 -2.158967 -8.806412 5.101944 0.920232 -8.655688 9.730215 1.933033 -0.262918 1.632200 -12.634656 -17.917650 -8.128247 -6.304217 -8.392658 19.825125 -8.461330 5.864930 7.139977 -7.106822
-30.145931 -6.937932 -0.881452 14.666259 7.859429 -22.513609 -4.892532 7.690271 -10.528602 11.559817 7.036088 -0.957119 -8.549248 5.776544 1.437723 -7.643225 8.673483 3.033388 -1.598079 1.880242 -14.300151 -17.875576 -9.522235 -7.912528 -8.484180 18.892277 -9.141562 2.941910 4.736915 -9.725875
-29.135845 -8.928635 -0.007887 13.473954 5.378834 -20.763109 -5.769114 10.411807 -11.265123 11.566130 7.313509 -1.525956 -7.671176 5.637689 2.141329 -7.098310 8.646631 3.310604 -1.633004 1.908459 -13.780471 -17.516993 -8.969433 -6.352911 -9.333656 18.970911 -10.054933 1.400596 6.087594 -11.880460
-31.662243 -10.139164 -1.019866 12.106789 5.395926 -20.420475 -7.206241 9.478641 -10.593918 9.578930 7.314438 -1.601221 -7.290398 5.954239 3.122687 -7.092952 7.959791 4.196701 -1.639629 1.505455 -14.513752 -18.093435 -9.759961 -5.285215 -9.666133 17.668577 -10.822347 -1.272763 6.476830 -13.877147
-32.141445 -11.370859 -1.096049 9.484779 5.553413 -19.323000 -8.097543 9.834130 -10.966619 6.344838 8.055555 -2.010058 -6.445427 6.432102 3.686869 -6.553090 6.932752 5.507592 -2.181197 1.327857 -14.883109 -19.601189 -10.516444 -5.478847 -9.792993 15.279599 -12.039804 -4.181292 5.855406 -14.851115
-35.351955 -11.672390 0.934267 7.648582 7.334437 -17.043257 -6.405854 8.741419 -12.140840 4.043684 8.646487 -3.525211 -4.462836 6.972803 4.414849 -6.520766 6.278160 6.410440 -2.318668 1.106600 -14.158982 -21.502686 -11.531165 -3.859673 -9.864056 12.551742 -13.567159 -6.592560 6.136100 -13.877759
-37.681511 -9.825862 3.705286 5.775281 10.288170 -14.639380 -1.785849 6.567098 -12.664649 2.164858 8.670177 -4.489714 -2.997993 7.646430 5.749256 -6.354965 5.299322 7.193445 -2.922759 0.424316 -14.139424 -24.235342 -13.437526 -2.837690 -9.419726 8.720249 -14.735734 -9.941283 5.904785 -11.932219
-38.781170 -9.406054 4.483211 4.840564 10.155506 -14.019929 -1.075803 6.032109 -13.407439 2.576888 8.645751 -4.561090 -2.838898 7.723753 6.218112 -6.414304 5.286705 7.191799 -2.674183 -0.096318 -14.431240 -25.278730 -14.004126 -1.579408 -8.486767 8.576815 -14.265999 -9.993437 6.193164 -10.933758
-37.837307 -9.833562 5.772582 5.143148 8.430822 -13.175094 -0.283111 7.636911 -14.114446 5.058853 8.296353 -5.110642 -2.808758 7.409981 6.370836 -6.649506 5.927283 6.833209 -2.343434 -0.089126 -13.524176 -25.858290 -12.987657 0.405080 -8.848404 9.001770 -13.765479 -9.092998 8.774400 -10.542692
-36.712681 -10.917779 7.404491 4.740870 6.292035 -12.282947 -0.491415 10.073076 -15.097586 6.652625 8.355980 -5.441630 -2.378045 7.188273 6.214584 -6.679569 6.534857 6.465025 -1.883250 0.025548 -12.720256 -26.099440 -12.028047 2.448050 -8.774358 9.845372 -13.611898 -8.175274 10.449320 -9.602369
-36.610973 -10.876283 7.128083 4.641422 6.475533 -12.437991 -0.403104 9.945340 -14.801614 6.415805 8.383552 -5.388663 -2.435890 7.313460 6.246833 -6.669406 6.428228 6.555712 -1.968022 -0.062215 -12.851643 -26.020910 -12.216240 2.312512 -8.663868 9.842544 -13.783287 -8.046574 10.150405 -9.679612
-36.765808 -10.684488 6.876839 4.920733 6.821701 -12.758899 -0.648042 9.438050 -14.645802 6.021197 8.294723 -5.400725 -2.420688 7.367097 6.171870 -6.752332 6.331167 6.570188 -2.080374 0.037532 -12.744836 -25.598108 -12.273398 1.620194 -9.151473 9.381361 -13.983579 -8.138478 9.861393 -9.798539
-32.474796 -19.953537 1.159257 0.969312 9.041962 -18.271055 -0.073272 11.864947 -13.438335 -4.820667 9.391649 -4.789544 -2.372574 7.896494 2.003867 -7.622215 2.462797 4.530385 -5.422895 4.383335 -7.022016 -26.937294 -13.682546 -12.775709 -13.735453 -1.364380 -11.236580 -2.715051 2.546056 -9.468127
-31.235283 -24.554438 1.706640 0.653082 6.923820 -18.675045 0.913737 15.775533 -14.503364 -4.730083 10.002961 -4.463236 -0.563049 7.680985 1.475041 -7.186598 3.349785 2.299429 -5.592324 6.737443 -1.031027 -26.607882 -12.672147 -12.040032 -14.548689 -1.562629 -10.955445 3.097645 2.299572 -12.451200
-29.727274 -25.632332 3.080444 1.664045 5.714055 -18.714928 0.910267 18.254393 -15.400611 -3.325407 10.069343 -4.690626 -0.593477 7.447831 0.792619 -7.216849 3.774860 2.383837 -5.435858 7.233934 0.172463 -27.082245 -11.720735 -11.065457 -15.020482 -1.071606 -10.908107 5.222503 4.277867 -11.804105
-29.904484 -25.470997 2.571461 1.181722 5.594692 -18.899794 0.839508 17.645832 -15.183994 -3.588161 10.032023 -4.512589 -0.585788 7.576478 1.047058 -7.171553 3.706806 2.174177 -5.475610 7.005661 -0.126578 -27.184372 -12.104476 -11.414450 -14.799757 -1.084705 -10.988020 4.824000 3.759763 -11.972429
-30.239050 -25.030544 2.213238 0.843785 5.827208 -18.915159 0.790098 16.953293 -15.128964 -3.823398 10.099874 -4.416455 -0.723102 7.500499 1.126055 -7.038017 3.530175 2.248769 -5.524462 6.879214 -0.313703 -27.066618 -12.187327 -11.245491 -14.614027 -1.291381 -10.826257 4.705861 3.180260 -11.696786
-30.665125 -25.027088 1.934056 1.002245 6.158820 -19.154657 0.872374 16.400923 -14.881159 -4.418226 10.099943 -4.411403 -0.597115 7.546792 1.247157 -7.006880 3.516529 2.095261 -5.627802 6.836733 -0.391376 -26.816149 -12.520624 -11.253890 -14.631800 -1.228114 -10.837530 4.503897 2.845342 -11.948979
-31.098320 -24.795042 1.137450 0.756340 6.976975 -19.342813 0.866799 15.873613 -14.792253 -4.335748 10.065680 -4.246355 -0.729900 7.553013 1.296422 -7.027557 3.431261 2.034383 -5.663973 6.683894 -1.046143 -27.008669 -12.778661 -11.542004 -14.404812 -1.346468 -10.570716 4.052550 2.329356 -11.921172
-30.100065 -25.117500 2.243843 0.976642 5.787553 -19.054533 0.810368 17.247717 -15.186875 -3.569867 10.059661 -4.305205 -0.757279 7.490448 1.090613 -7.031797 3.625267 2.283430 -5.430431 6.925734 -0.222413 -27.181986 -12.122878 -11.424604 -14.684428 -1.065869 -10.875070 4.933551 3.501311 -11.845448
-30.648804 -25.143368 1.899016 1.061128 6.241126 -19.068201 0.869822 16.466322 -14.828866 -4.493220 10.092782 -4.393818 -0.653192 7.538800 1.210018 -7.019637 3.503511 2.120642 -5.655440 6.794607 -0.360764 -26.763575 -12.568238 -11.366794 -14.695815 -1.348824 -10.843533 4.456487 2.827874 -11.977365
-31.065145 -24.810120 1.119872 0.819837 6.930039 -19.278467 0.835194 15.891192 -14.749911 -4.350194 10.076609 -4.266767 -0.734685 7.556764 1.301718 -7.037468 3.416479 2.031141 -5.656382 6.685326 -1.084477 -26.952499 -12.767591 -11.524105 -14.365524 -1.307933 -10.563231 4.086093 2.249818 -11.883340
-31.181244 -24.728912 0.881911 0.736816 6.919778 -19.425440 0.687268 15.685169 -14.884068 -4.632611 10.096080 -4.125585 -0.781292 7.633201 1.451818 -7.024072 3.437712 2.087335 -5.696879 6.598506 -1.231350 -26.924814 -12.878154 -11.678182 -14.117846 -1.257274 -10.385871 4.115161 1.890788 -11.853635
-31.185352 -24.630903 0.711261 0.673123 6.935682 -19.299639 0.768660 15.577963 -14.706775 -4.699541 10.129437 -4.039097 -0.792962 7.635984 1.497824 -7.019098 3.362787 2.100357 -5.663559 6.512967 -1.240174 -27.019974 -13.023127 -11.757634 -14.049437 -1.472544 -10.334065 3.839232 1.624846 -11.663495
-31.181923 -24.469494 0.369655 0.644878 7.150714 -19.404142 0.638725 15.382186 -14.623809 -4.632418 10.149942 -4.101524 -0.727412 7.655608 1.503456 -7.023493 3.292235 2.022995 -5.735137 6.436614 -1.373368 -26.993780 -12.935219 -11.909104 -14.020182 -1.498922 -10.368847 3.694740 1.480473 -11.842349
-29.111515 -25.736485 3.105266 1.932462 5.406001 -18.977587 0.928726 18.649595 -15.548226 -2.997649 10.001064 -4.711057 -0.796164 7.400015 0.761643 -7.250523 3.931102 2.478036 -5.261264 7.279263 0.379314 -27.025850 -11.568820 -10.645200 -15.146632 -0.846091 -10.986426 5.415873 4.696970 -11.813718
-29.365013 -25.606659 3.004132 1.723513 5.501404 -18.901403 0.782891 18.277267 -15.692234 -3.153267 10.034278 -4.629821 -0.727616 7.480958 0.855940 -7.188234 3.950195 2.395768 -5.431991 7.211598 0.081493 -27.086878 -11.659884 -10.542720 -14.909330 -0.757621 -10.868830 5.380989 4.396161 -11.829967
-29.785795 -25.622280 2.770699 1.338902 5.638137 -18.917284 0.836192 18.011934 -15.410172 -3.373518 10.035978 -4.478959 -0.649217 7.502629 0.942473 -7.131156 3.879918 2.322331 -5.399716 7.109121 -0.038889 -27.018597 -11.735444 -11.128471 -14.975874 -1.159796 -10.845609 5.136595 4.001302 -11.754541
-29.842299 -25.566698 2.486494 1.256365 5.474379 -19.010653 0.888056 17.732576 -15.269930 -3.519012 10.038291 -4.564347 -0.551436 7.518428 1.001747 -7.153933 3.754854 2.172851 -5.480131 7.056974 -0.072578 -27.021376 -11.890914 -11.271070 -14.880314 -1.038424 -10.888017 4.899395 3.898637 -12.069528
-29.908230 -25.482170 2.541263 1.271576 5.791313 -18.883177 0.765209 17.593084 -15.362580 -3.658968 10.053747 -4.525626 -0.567502 7.544039 1.071280 -7.100418 3.682362 2.123092 -5.492771 6.982450 -0.259883 -27.240480 -11.927239 -11.449054 -14.778438 -1.045832 -10.898952 4.861807 3.630140 -11.900804
-31.056572 -24.861900 1.125403 0.755800 6.916291 -19.271286 0.823692 15.970216 -14.761413 -4.374419 10.067651 -4.293413 -0.707093 7.551333 1.297396 -7.032125 3.407256 2.063488 -5.700425 6.714011 -0.922212 -26.847153 -12.708952 -11.548835 -14.480228 -1.369897 -10.620759 4.020847 2.338664 -12.064142
-31.132931 -24.659828 0.711546 0.632325 6.892476 -19.264818 0.708032 15.568828 -14.628741 -4.757231 10.179519 -4.102405 -0.732032 7.688420 1.478706 -7.018491 3.368717 2.027040 -5.759032 6.511405 -1.130566 -26.928862 -13.001643 -11.783082 -14.089088 -1.577717 -10.377475 3.806332 1.615888 -11.814299
-31.073622 -24.099194 0.233452 0.653211 7.362359 -19.323778 0.513226 14.929444 -14.694682 -4.826681 10.198224 -4.045429 -0.658977 7.754915 1.576048 -6.977067 3.185956 1.936934 -5.871480 6.445074 -1.672715 -26.947287 -12.896369 -11.986770 -13.815731 -1.508602 -10.178815 3.449633 1.125023 -11.952181
-31.280804 -24.021084 0.139820 0.625729 7.469820 -19.318151 0.331833 14.544658 -14.779380 -5.378376 10.196733 -3.957993 -0.625846 7.714553 1.566435 -7.019918 3.125128 1.917500 -5.822969 6.306824 -1.927695 -26.977571 -13.191344 -11.682616 -13.464983 -1.392138 -10.443807 3.127721 0.972084 -11.733731
-31.156843 -23.929951 -0.195513 0.670401 7.512766 -19.261442 0.098019 14.477783 -14.748021 -5.456007 10.227702 -4.015851 -0.664315 7.703668 1.648957 -6.933932 3.150692 1.924916 -5.898910 6.239040 -1.831059 -26.864105 -13.124757 -11.733009 -13.587600 -1.522471 -10.568261 3.073625 0.782049 -11.879447
-31.273365 -23.555206 -0.352558 0.572974 7.754074 -18.916708 -0.279785 14.198844 -14.675725 -5.461905 10.265533 -4.000271 -0.574813 7.715914 1.639398 -6.950315 3.071728 1.910431 -5.895366 6.229210 -1.897292 -26.815016 -13.161418 -11.644320 -13.383452 -1.606543 -10.845574 2.649808 0.435440 -11.899810
