-3.600171 28.322811 -16.462721 22.832636 0.589375 5.798338 -9.726102 2.739525 -11.488297 -7.946094 3.775042 -1.377366 -0.338830 -11.367211 0.532577 -0.064863 -5.371087 7.711172 -5.034421 -5.447706 2.141850 15.923977 -13.622994 -0.211874 -30.093779 5.755385 12.085108 -16.146309 2.252279 8.744359
-3.654784 28.357950 -16.474300 22.900995 0.553001 5.674664 -9.825727 2.650539 -11.630655 -8.159709 3.801960 -1.422697 -0.335501 -11.394305 0.432492 -0.072826 -5.438141 7.772667 -5.121132 -5.328527 2.402861 16.035280 -13.524825 -0.629309 -30.498972 5.295391 12.065215 -16.222746 2.279786 8.692885
-5.188196 27.340525 -14.417897 22.721611 2.310998 7.566275 -8.659781 2.712143 -9.877048 -7.022409 4.159529 -1.080281 -0.836090 -11.371273 -0.201566 0.091234 -4.790885 7.383415 -5.297001 -4.738529 1.159099 15.251163 -13.972160 -1.469637 -30.664474 4.991439 9.169419 -14.637412 0.667253 9.634120
-5.533474 26.221689 -12.948997 23.906469 3.454005 7.911717 -7.125212 3.340747 -8.974573 -6.105370 4.450305 -0.930519 -1.054405 -11.701445 -0.561350 0.682121 -4.288098 7.710671 -5.246108 -4.227652 1.047042 14.891163 -14.460918 -2.136323 -30.988417 5.414999 8.320450 -12.984049 0.489968 10.258592
-6.559111 24.724253 -10.800321 24.227833 5.143400 9.029778 -5.356573 4.482283 -7.438581 -4.555511 4.745752 -0.639568 -1.492913 -11.914289 -0.932396 1.108210 -3.730456 7.720317 -5.306550 -3.637313 0.066256 14.497386 -15.353866 -2.819613 -31.840273 5.428291 6.718295 -10.682586 -0.229989 10.933959
-7.020957 23.347862 -9.494163 25.304953 5.953123 9.044463 -4.355074 5.237411 -6.878380 -4.350039 5.006389 -0.601688 -1.823460 -12.135645 -1.443112 1.298426 -3.139977 7.782844 -5.217315 -3.272901 0.044774 14.583956 -15.693677 -3.251394 -32.289810 5.544250 5.746686 -9.109881 -0.479891 10.779711
-7.353703 22.451447 -8.805596 26.415373 6.634816 8.818555 -3.524770 5.529305 -6.630648 -4.307511 5.185441 -0.488219 -2.028042 -12.256845 -1.682110 1.652166 -2.643605 8.001493 -5.259510 -3.079126 -0.604911 14.248237 -16.043322 -3.685235 -32.641659 5.529059 5.255173 -8.323491 -0.867138 11.154902
-7.705110 21.583595 -7.808220 27.195776 7.067489 8.665205 -2.998559 6.013620 -6.632751 -4.482471 5.362421 -0.695275 -2.222609 -12.338090 -1.980057 1.723365 -2.220041 8.227392 -5.035935 -3.024342 -0.761520 13.857780 -16.223982 -3.988416 -32.734043 5.487752 4.894537 -7.704191 -0.872181 11.093802
-7.989744 21.326893 -7.372340 27.717375 7.490343 8.347465 -2.642070 6.062445 -6.673961 -4.322964 5.115373 -0.836135 -2.328190 -12.425524 -1.976245 1.598023 -1.996707 8.378365 -4.993772 -3.167491 -1.004648 13.311381 -16.607332 -4.435325 -32.813091 5.521419 4.531716 -7.223599 -0.875617 11.430255
-8.536912 21.337540 -6.802794 28.322733 7.732455 7.588219 -2.894173 5.804484 -7.219864 -4.796103 5.333351 -0.784624 -2.657992 -12.580204 -2.319123 1.604837 -1.914077 8.419346 -4.822477 -3.086019 -1.321632 12.977578 -16.804369 -4.976274 -33.096050 5.837187 4.179499 -6.283871 -1.151199 11.284318
-9.198258 21.568037 -5.975599 28.575926 7.958379 7.032661 -3.011620 5.517408 -7.711792 -4.911289 5.439611 -0.789314 -3.013459 -12.681352 -2.564148 1.614873 -1.816952 8.442327 -4.685066 -3.072718 -1.867587 12.741598 -17.171736 -5.607573 -33.192974 5.972332 3.548663 -5.955655 -1.519246 10.827194
-10.117699 22.614704 -5.433041 28.656492 7.922908 6.332683 -3.236542 4.639058 -8.884910 -5.490641 5.427952 -0.721440 -3.542122 -12.841036 -2.916746 1.465577 -1.735196 8.212609 -4.492293 -2.937355 -2.487680 12.628759 -18.490248 -6.143888 -33.176468 6.041817 3.363046 -6.051328 -1.655606 10.185756
-10.867070 23.488340 -5.092522 28.408403 7.791142 5.373208 -3.811409 4.036669 -10.156642 -6.008366 5.568380 -0.629772 -3.826319 -12.953779 -3.242558 1.419962 -1.754802 7.970633 -4.332567 -2.806879 -2.944171 12.407993 -18.853743 -6.161705 -33.192593 5.804718 2.656000 -6.537951 -1.626827 9.546262
-11.667662 24.623505 -4.521945 27.768644 7.778736 5.289104 -3.929241 3.323182 -10.868447 -6.082769 5.492022 -0.471364 -4.383970 -13.027960 -3.620196 1.034184 -1.869263 7.638979 -4.068042 -2.775378 -3.504425 12.273733 -19.795975 -5.831982 -33.333866 5.477602 2.214225 -7.333433 -1.558788 8.676928
-12.188016 25.897900 -4.380513 27.107950 7.405626 4.926234 -4.333012 2.310225 -12.193184 -6.637198 5.680979 -0.325713 -4.646286 -13.043489 -3.889430 0.900804 -2.061177 7.418048 -3.861360 -2.564279 -3.692100 11.928192 -20.005173 -5.198217 -33.424328 4.966762 1.628293 -8.436983 -1.229060 7.982361
-12.405422 26.685951 -3.938876 26.288736 6.761014 5.332582 -4.381427 1.872672 -12.495440 -6.724687 5.849889 -0.133179 -4.957687 -12.983670 -4.202687 0.536299 -2.398474 7.041796 -3.646203 -2.505082 -3.843825 11.414000 -19.723772 -4.279355 -33.540852 4.299327 1.433001 -9.603488 -0.926490 7.934782
-12.401494 28.264635 -3.984021 25.327085 6.264104 5.396513 -4.838852 1.316105 -13.059581 -6.592935 5.879081 -0.149962 -5.479517 -12.941239 -4.353225 -0.042971 -2.827294 6.787777 -3.254507 -2.697378 -3.729880 10.772241 -19.517082 -2.654184 -34.222805 3.380791 1.162016 -10.720497 0.042921 7.095351
-12.463971 29.360287 -4.211201 24.546904 5.819118 5.504848 -5.136909 0.681289 -13.550081 -6.694180 6.105591 -0.163407 -5.587431 -12.731820 -4.333394 -0.338250 -3.091261 6.698406 -3.102819 -2.944878 -4.326124 9.835612 -19.484190 -1.699470 -34.163929 2.760760 1.222271 -12.188390 0.604785 7.125796
-12.451294 30.099354 -4.727655 23.805428 5.593917 5.866542 -5.564030 0.207328 -13.553336 -6.661545 6.493700 -0.389500 -5.568574 -12.462283 -4.421849 -0.699752 -3.327226 6.652459 -2.886892 -3.348560 -4.491651 9.420380 -18.946699 -0.224531 -34.406212 2.034370 1.953845 -13.297507 1.483813 7.185457
-12.268912 31.084526 -5.225487 23.494225 5.323085 6.255316 -5.972757 -0.417983 -13.678285 -6.719928 6.710905 -0.428780 -5.532019 -12.287080 -4.363173 -0.869343 -3.500505 6.563909 -2.847960 -3.447249 -4.911748 9.526071 -19.188620 0.988595 -34.726391 1.504157 2.302508 -13.957290 1.755286 7.308057
-12.361763 31.031530 -5.282770 23.510834 5.471891 6.371312 -6.002503 -0.522777 -13.716615 -6.838885 6.666809 -0.400967 -5.428548 -12.258404 -4.288517 -0.856425 -3.553933 6.595650 -2.869244 -3.470714 -5.075311 9.483878 -19.191008 0.921011 -34.658337 1.555614 2.358015 -14.108532 1.847124 7.236809
-10.700227 29.406166 -4.170582 25.474943 4.743703 2.516911 -4.152840 2.450607 -15.406045 -5.074225 5.130015 -0.749787 -5.382397 -13.649803 -4.567069 -0.673750 -2.654167 6.317786 -2.297710 -1.511191 -1.740698 9.227421 -19.685501 -3.262491 -34.106194 3.857379 1.072643 -10.169803 1.662771 4.558611
-8.817027 25.385572 -4.571488 27.917299 6.158144 1.802781 -2.932025 5.524271 -13.119454 -3.247753 3.999513 -1.151039 -4.904287 -14.332916 -4.136681 -0.423188 -2.073570 6.818587 -2.049175 -0.729850 0.581409 9.200415 -18.931421 -6.376118 -33.158237 5.843027 2.429311 -7.207171 2.406841 4.918174
-7.684186 23.927481 -4.270170 25.878511 4.919226 2.279672 -2.933855 8.012922 -12.087687 -1.675320 3.196817 -1.885379 -4.366470 -14.425402 -3.310888 -0.730972 -1.750541 7.099885 -1.975956 -0.409313 2.585855 8.061646 -18.221342 -6.093919 -32.730579 5.967022 4.158532 -6.687277 3.997730 6.125515
-6.990930 23.232574 -3.907862 22.127691 3.157847 2.849461 -2.940768 10.599065 -12.286429 -0.752922 2.383248 -2.753704 -3.767711 -14.106894 -2.684476 -1.544846 -1.608452 6.699347 -2.191261 -0.428587 4.222841 7.396706 -17.634007 -6.057428 -32.016346 5.981690 5.385118 -7.232596 5.153867 6.589474
-6.234179 23.720062 -4.230129 19.354734 0.715362 4.324780 -5.335868 11.513837 -11.667572 -0.381512 2.201104 -2.524446 -3.849408 -13.695619 -1.630895 -1.465964 -1.918702 7.291211 -2.692755 -0.984250 5.729109 6.773679 -17.656469 -4.644757 -30.866495 5.122244 6.306266 -8.282010 5.879977 8.989722
-4.591692 24.010094 -5.691054 18.015142 -0.306736 2.723898 -7.348783 12.870910 -10.456712 1.954414 1.196947 -2.794895 -3.762046 -13.847145 -1.226078 -2.020551 -2.319684 7.174829 -2.552995 -1.004174 6.980334 6.435706 -16.414198 -6.330904 -29.585299 6.033031 8.612381 -8.975429 6.972521 8.844558
-2.890157 24.604012 -6.350256 17.493460 -1.469857 2.571653 -9.067330 13.937132 -8.909291 3.498645 0.261437 -2.843791 -3.184659 -13.962266 -0.800448 -1.771370 -2.339157 7.308818 -2.766964 -0.969753 7.448041 6.028103 -15.949075 -7.481876 -28.653952 6.782747 10.394437 -8.721105 7.615828 9.663785
-1.913103 25.047474 -7.857752 17.730581 -1.198801 -0.155157 -8.876397 14.369237 -9.477665 4.389388 -0.236063 -3.302638 -3.394663 -14.350031 -0.929978 -2.481261 -2.750423 7.039960 -2.149498 -1.304864 7.410583 5.801133 -15.056643 -9.137171 -28.435282 8.104851 11.907288 -9.291035 8.037691 8.069189
-2.020232 25.046824 -7.939577 17.769453 -0.853349 -0.561797 -8.587981 14.443637 -9.672730 4.433987 -0.309679 -3.318819 -3.454772 -14.443957 -1.005494 -2.600029 -2.831704 6.959646 -2.035881 -1.386898 7.497025 5.634481 -15.023953 -9.454759 -28.391409 8.334866 11.889108 -9.368789 8.159146 7.513376
-2.087304 25.035778 -8.004244 17.890663 -0.709997 -0.651136 -8.529604 14.329003 -9.679461 4.346468 -0.320840 -3.302183 -3.530608 -14.444397 -1.036904 -2.592584 -2.771657 6.923928 -2.060519 -1.355694 7.448700 5.651657 -15.000718 -9.384774 -28.529453 8.321021 11.917590 -9.222670 8.256613 7.649590
-2.046648 25.027500 -7.955903 17.886290 -0.720512 -0.585880 -8.524235 14.389676 -9.602450 4.431760 -0.329187 -3.327484 -3.536514 -14.449170 -1.025859 -2.617179 -2.787143 6.935489 -2.050084 -1.376765 7.473843 5.657457 -14.982421 -9.340936 -28.548826 8.292270 12.007881 -9.144691 8.213801 7.713895
-2.074137 25.104254 -7.984743 17.966791 -0.649427 -0.554759 -8.441309 14.317279 -9.701981 4.364022 -0.304146 -3.301899 -3.531457 -14.464979 -1.049218 -2.601119 -2.806897 6.902589 -2.036646 -1.372054 7.415696 5.690034 -14.991230 -9.354543 -28.556629 8.295755 11.972856 -9.223449 8.192354 7.689905
-2.058882 25.127415 -7.977211 17.942940 -0.652836 -0.508886 -8.462325 14.315999 -9.651940 4.388862 -0.318868 -3.253755 -3.536434 -14.463228 -1.064161 -2.586461 -2.801909 6.869829 -2.055964 -1.356053 7.426216 5.696267 -15.015937 -9.391718 -28.451330 8.238386 11.991360 -9.327060 8.102633 7.762546
-2.043548 25.126106 -7.969283 17.966585 -0.652961 -0.464983 -8.446979 14.314857 -9.658102 4.394979 -0.312459 -3.251905 -3.537353 -14.465639 -1.053828 -2.581636 -2.806520 6.872134 -2.047890 -1.338699 7.404731 5.688679 -15.025696 -9.420055 -28.466066 8.243574 11.967024 -9.294224 8.091606 7.744666
-2.020798 25.145306 -7.971688 17.966494 -0.646987 -0.456924 -8.418527 14.293252 -9.700339 4.364848 -0.290768 -3.296126 -3.479367 -14.473320 -1.020399 -2.569532 -2.808502 6.932775 -2.027483 -1.365171 7.408537 5.722241 -15.035014 -9.488703 -28.452389 8.293852 11.860157 -9.358937 8.096845 7.608101
-1.917773 25.163006 -7.946973 17.917086 -0.628781 -0.413820 -8.414852 14.429659 -9.602418 4.503033 -0.294343 -3.307876 -3.466709 -14.471236 -1.000238 -2.561936 -2.800920 6.950955 -2.034004 -1.348497 7.412854 5.713123 -15.025288 -9.494023 -28.437805 8.255238 11.923448 -9.360328 8.084261 7.645850
-1.990030 25.138994 -7.883876 17.920038 -0.684144 -0.363122 -8.404250 14.376900 -9.642925 4.394345 -0.278361 -3.303364 -3.461465 -14.457952 -0.985963 -2.539505 -2.803325 6.964983 -2.051253 -1.347324 7.376634 5.632916 -14.590354 -9.552144 -28.385693 8.319290 11.711213 -9.421061 8.077366 7.725610
-1.942983 25.134430 -7.858317 17.921991 -0.707771 -0.296500 -8.374442 14.407238 -9.572446 4.443629 -0.281547 -3.300760 -3.477954 -14.469986 -0.987034 -2.540801 -2.806180 6.956500 -2.048594 -1.320287 7.374544 5.648324 -14.579497 -9.441434 -28.488924 8.257572 11.717658 -9.302543 8.109760 7.742364
-1.929300 25.158562 -7.850384 17.877962 -0.722406 -0.310506 -8.381820 14.390841 -9.599454 4.410727 -0.267739 -3.282140 -3.455345 -14.465436 -0.983947 -2.516887 -2.805470 6.959731 -2.060698 -1.321730 7.357434 5.593378 -14.584729 -9.433538 -28.488106 8.222304 11.757325 -9.313107 8.121687 7.777799
-1.940078 25.109859 -7.904545 17.872732 -0.787526 -0.313413 -8.410235 14.422931 -9.640228 4.422131 -0.292536 -3.266662 -3.451586 -14.461813 -0.989750 -2.546744 -2.815036 6.954480 -2.050854 -1.320587 7.259503 5.340953 -13.666054 -9.549488 -28.423708 8.380096 11.469029 -9.398108 8.083141 8.022637
-1.992808 24.981956 -7.827468 17.793806 -0.904892 -0.119478 -8.409274 14.439278 -9.535207 4.508408 -0.272359 -3.285403 -3.429986 -14.442842 -0.965460 -2.527944 -2.808209 6.976692 -2.077928 -1.338668 7.263419 5.242954 -13.281222 -9.683853 -28.323427 8.395939 11.303768 -9.394480 8.060318 8.259216
-0.065634 23.602036 -9.132214 17.875559 -1.686561 0.076143 -9.185385 15.816782 -8.016586 5.757794 -0.963877 -4.191829 -2.050816 -14.416259 -0.207466 -2.424075 -2.383126 7.142957 -2.085784 -0.273648 9.738281 6.203332 -14.147351 -9.986712 -27.472206 8.711005 13.209748 -8.268159 8.504269 8.698854
2.257233 21.373047 -9.167432 18.754688 -3.724485 1.388611 -9.190217 17.972336 -6.254348 6.159389 -1.315887 -4.839859 -0.350775 -14.056334 0.750594 -2.334562 -2.008195 7.238125 -2.620572 1.409013 12.670746 7.853606 -13.800662 -10.923871 -25.743519 9.174697 14.397996 -6.921013 8.055868 9.952119
3.606067 20.974905 -7.986230 18.887032 -6.223646 2.024948 -10.264831 20.076262 -5.884233 6.516998 -1.112164 -4.844805 0.332899 -13.978779 0.437173 -1.960184 -1.073644 7.254377 -3.198689 2.491170 14.876592 7.513187 -9.519721 -9.976824 -25.436850 8.768629 13.020854 -4.394584 7.562266 13.814860
3.377085 19.955744 -5.861785 19.207016 -6.979527 3.192754 -9.937750 20.414625 -5.581037 6.530828 -1.092481 -5.351912 1.067205 -13.848166 0.367041 -1.490988 0.071959 7.380726 -3.509460 2.860439 16.750132 7.242477 -11.948315 -8.249780 -25.575577 7.857985 13.246217 -1.279918 8.398361 16.167143
2.986296 17.948179 -4.616659 19.638369 -7.922671 4.085417 -9.349931 20.505796 -4.946285 5.925590 -1.014053 -5.758183 1.687251 -13.804962 0.381048 -1.042546 1.170629 7.454679 -3.888114 3.599710 18.714725 6.007149 -13.975460 -6.262927 -25.471846 6.546889 11.881396 -0.583401 10.134978 16.679693
3.876344 15.431258 -4.238128 19.760645 -10.197115 5.189528 -8.805488 21.886747 -4.988400 4.250506 -0.765369 -5.747869 2.758726 -13.488508 0.247052 -0.324944 1.729712 6.883076 -4.694796 3.651852 21.064238 5.608353 -13.294213 -4.485101 -24.417215 5.811202 9.646347 -2.652258 12.753424 16.508297
4.869362 13.028315 -5.398149 20.050089 -12.152967 5.489550 -8.654807 23.429726 -5.360382 2.238257 -0.252291 -6.014324 4.091342 -13.283869 0.033300 0.370896 1.724301 5.718933 -5.882443 3.533003 24.035004 7.089877 -12.703287 -2.364184 -24.458494 5.109957 8.020122 -4.725577 14.867286 14.295461
4.869963 10.153372 -4.841134 20.301615 -13.921175 7.240564 -8.119105 25.580513 -5.156650 0.003480 0.141659 -6.672774 5.659721 -12.985671 -0.167950 1.225152 2.125470 4.262237 -7.459826 3.077114 27.421518 12.610003 -10.872420 -1.128934 -26.143448 6.172321 4.597498 -4.678859 15.119850 11.075808
4.944378 8.092294 -2.452757 20.140501 -15.774489 10.576102 -7.196909 27.833281 -4.366830 -2.114349 0.244661 -6.809124 5.815591 -12.904135 -1.034381 1.374699 2.138607 2.361496 -8.327399 2.132712 28.711220 16.845377 -11.880935 -0.476564 -27.516830 6.291543 -1.702130 -4.377264 13.836763 10.521158
4.535952 7.066225 0.277846 20.271509 -16.162687 14.362662 -4.394623 29.271877 -3.889702 -2.599093 0.193942 -7.723610 5.234008 -12.881762 -2.054762 0.966519 2.841044 0.800704 -8.918960 0.653866 28.907187 18.718163 -14.627578 2.206288 -29.291624 5.249572 -6.717738 -5.388441 15.559563 10.505805
4.129583 6.483409 2.488117 21.118784 -16.107588 16.624275 -1.108169 29.903166 -4.064817 -2.711035 -0.181497 -8.073803 4.611418 -13.284950 -2.899948 0.456377 3.043645 -0.217875 -8.891029 0.086083 27.845781 18.847221 -16.499184 3.225086 -30.236044 4.978912 -9.243407 -7.320762 17.664497 7.991961
3.913877 7.045937 0.972447 21.317636 -15.086556 14.347827 -1.643931 29.043379 -4.456317 -2.463407 0.086671 -7.461789 4.561693 -13.361224 -2.749428 0.832246 2.812360 0.084638 -8.825834 0.714412 28.115047 17.556023 -14.386227 1.577588 -29.716953 5.845595 -7.896018 -5.718181 16.185802 9.520576
2.723342 7.527664 -0.187593 22.197578 -13.683365 12.758742 -1.756427 28.314423 -5.650287 -2.803858 0.092379 -6.355267 4.206643 -13.685490 -2.692844 1.234480 2.419842 0.667226 -8.418824 1.523803 27.890310 16.699465 -13.853941 -0.544217 -28.896513 6.841770 -6.668249 -5.000575 14.424269 8.886114
2.037859 8.434481 -1.174331 22.182171 -12.445684 12.199956 -2.032686 27.267500 -5.611627 -2.162843 -0.005824 -5.366041 3.578396 -13.790362 -2.662001 1.072705 1.991115 1.419271 -7.865739 1.782876 27.771927 15.784021 -13.061268 -1.658737 -28.175266 7.570144 -5.113219 -5.574267 13.422255 7.546334
1.746065 8.237429 -0.506361 22.390480 -11.932101 12.459632 -1.227549 27.253633 -5.797318 -2.158886 -0.091519 -5.182622 3.060810 -14.015645 -3.048907 0.978940 2.129171 1.000034 -7.916339 1.827912 27.415083 15.496696 -14.604209 -1.807479 -28.494215 7.619702 -5.381298 -5.552413 13.670478 7.061695
0.391936 8.801512 3.016950 21.910242 -11.671237 13.385133 0.648224 28.311176 -6.275957 -0.837930 -0.251715 -5.108609 1.818329 -14.374173 -3.784925 0.937381 2.357166 0.265936 -8.075451 1.394345 26.988026 12.818405 -14.807363 -1.224039 -29.081190 7.519526 -7.922911 -5.516379 14.695067 8.160515
1.003661 9.902600 6.172268 20.848871 -13.382228 13.720697 -0.448248 29.139849 -5.568582 1.279168 -0.487186 -5.742231 0.820903 -14.532523 -4.766655 0.496506 2.837229 -0.722749 -8.172060 0.385854 26.212254 10.969940 -16.682461 -0.320895 -29.637598 6.442706 -7.992843 -4.332621 17.558485 10.239457
1.972765 9.984270 7.580477 20.461967 -15.055070 14.421000 -2.612939 29.620670 -4.716726 2.483494 -0.773120 -6.305339 0.274825 -14.556271 -5.373827 0.198356 3.229251 -1.430705 -7.971409 0.022822 25.905289 10.737997 -17.755629 0.336642 -29.941994 4.960385 -8.294433 -3.472749 18.680075 11.395707
