-3.996931 27.448496 -9.492152 11.119951 1.490192 -11.933423 4.091372 5.296912 9.268673 -20.795544 -3.563041 6.318402 -0.527689 -9.661409 9.846750 0.024145 -1.823688 -0.182232 -5.007362 -6.131981 -3.016840 15.387207 -13.043126 15.164351 -15.114569 19.039949 9.713607 -13.347894 -0.019133 9.248661
-4.515771 27.404171 -9.595954 11.176763 1.048052 -12.500036 4.779663 5.118282 9.837642 -21.113306 -3.588721 6.381376 -0.536736 -9.643947 9.849054 0.025439 -1.843802 -0.215193 -5.028502 -6.110552 -2.992149 15.512604 -13.463265 15.169263 -15.149840 19.051085 9.846110 -13.302199 -0.033681 9.107679
-6.503453 11.858932 -14.043056 6.125018 -8.793327 1.110373 0.300654 7.025928 12.021421 -29.030153 -0.519332 6.135659 2.812945 -6.057643 10.093235 -0.452813 -4.192029 -3.185975 -6.856277 -1.162508 8.873293 14.205973 -12.271668 17.336960 -11.176688 9.521075 13.141114 -2.043924 -13.928493 6.221200
-5.334279 6.834093 -14.373767 5.939332 -3.727513 2.241691 -0.338652 7.433787 13.617204 -30.032221 0.189855 6.083557 2.512351 -5.667494 9.447252 -0.803587 -5.274644 -3.459561 -6.254470 -0.247367 10.583127 13.108109 -13.838927 18.847996 -9.699591 7.622776 13.389664 -1.639250 -16.110500 1.855595
-5.267242 2.598417 -13.546839 0.002958 -0.071216 5.012825 -0.202066 10.272302 18.550047 -27.191250 3.881065 5.931130 2.166543 -4.984209 7.320107 -0.801286 -4.934307 -3.501187 -5.140836 0.026705 9.070642 11.729717 -13.525535 18.194748 -7.989968 6.471462 9.829265 -0.390206 -20.008062 0.056555
-9.357260 -1.739687 -11.167701 -0.682652 4.497266 9.522634 -0.602199 8.739839 19.473288 -27.789450 6.076151 6.393148 1.249119 -4.010247 5.440870 -1.214940 -3.368693 -4.508536 -4.688362 1.188830 7.054985 8.582102 -12.825906 16.392632 -6.863928 4.375587 3.438022 0.285056 -23.235449 -0.784562
-9.330300 -1.943716 -12.280543 -3.190035 7.127482 7.200903 -0.897872 7.834043 19.431040 -27.789934 6.260427 6.420234 1.420604 -3.111446 5.907512 -1.864886 -3.760879 -5.120731 -4.131258 0.803956 5.833752 6.635394 -12.160665 15.974316 -6.578743 3.858482 5.212348 -0.061812 -23.901878 -1.752870
-8.996617 -1.990859 -13.644286 -4.858420 8.379326 4.488679 -1.718723 7.128668 18.596800 -28.373438 5.844508 6.717018 1.098643 -2.568789 6.108756 -2.320850 -4.694153 -5.100697 -4.159947 0.382130 5.801243 6.818272 -11.441161 16.003710 -5.755917 4.215946 7.291820 -0.442712 -24.109613 -2.994131
-7.211595 -1.043643 -15.191613 -6.228433 9.477729 0.366494 -2.874568 7.503808 18.906164 -29.165318 5.221767 6.887176 1.263109 -2.300267 6.438380 -2.791926 -5.462413 -4.882174 -3.977652 -0.486266 5.072182 6.956517 -9.279362 15.662595 -5.248995 5.150082 8.948728 -2.327194 -22.987087 -4.668068
-4.398097 1.350624 -18.346361 -7.038713 10.178425 -6.174944 -3.725620 7.796422 17.406298 -28.148880 3.972429 7.086172 1.985509 -1.227755 8.086174 -3.370703 -6.478456 -3.890209 -4.200758 -2.557351 3.541692 7.726114 -6.732965 15.734065 -5.826059 6.242127 13.266987 -5.236446 -21.084536 -7.064198
-4.983992 3.268824 -18.824148 -6.252530 10.894655 -9.521710 -7.403291 5.850252 13.176934 -30.325197 2.253008 7.374722 1.783127 -0.116298 9.307844 -3.509419 -6.496513 -3.647265 -5.767391 -3.090638 1.687292 6.446340 -4.411261 16.477095 -5.912768 5.346571 14.280908 -8.839845 -19.116568 -7.937889
-5.159359 6.861982 -20.629179 -5.772619 10.697561 -12.879561 -11.807662 4.612517 9.842466 -30.065691 1.112845 7.133761 3.005902 0.833018 10.565478 -3.340374 -6.386281 -2.779862 -7.602185 -3.988973 -2.443661 6.267573 -2.573370 15.334764 -6.261106 5.589366 16.710018 -12.405927 -17.757334 -5.747185
-4.957426 9.290939 -21.544516 -5.289608 10.011656 -13.641494 -13.098424 3.848273 9.104754 -29.367420 1.048062 7.314435 3.598539 0.979113 10.695900 -2.981595 -6.322655 -2.528620 -8.511434 -4.211361 -3.706700 6.837209 -1.242115 14.292127 -6.694160 6.445133 17.118717 -13.360566 -17.510109 -5.036941
-4.848179 10.212845 -21.624958 -5.650672 10.258913 -13.708537 -13.642636 3.557997 8.774949 -29.150629 0.987684 7.365220 3.632883 1.014272 10.663025 -3.001665 -6.296145 -2.455223 -8.599012 -4.326063 -4.224030 6.699877 -1.188367 14.072997 -6.695544 6.772796 17.408251 -13.663548 -17.343229 -4.916038
-4.904355 10.238138 -21.641399 -5.520846 10.177624 -13.677287 -13.621345 3.502374 8.735492 -29.220577 0.992887 7.338970 3.697405 1.030182 10.667953 -2.982682 -6.232594 -2.423802 -8.651362 -4.304313 -4.266855 6.752485 -1.250422 14.101912 -6.720455 6.768536 17.541176 -13.664628 -17.363529 -4.881630
-4.900131 10.254774 -21.710274 -5.543807 10.225945 -13.674374 -13.648295 3.513637 8.812878 -29.212618 0.999211 7.334869 3.707381 1.021531 10.665305 -2.964600 -6.223014 -2.416838 -8.654607 -4.324687 -4.280830 6.754455 -1.250472 14.077899 -6.689573 6.806477 17.541740 -13.716060 -17.379040 -4.916368
-4.890746 10.235096 -21.691664 -5.551960 10.231722 -13.658342 -13.619150 3.509295 8.812437 -29.242392 1.005693 7.335293 3.706712 1.024400 10.664969 -2.965576 -6.225356 -2.417703 -8.658381 -4.321561 -4.297132 6.746368 -1.266672 14.079174 -6.680948 6.808428 17.548864 -13.724591 -17.371191 -4.896060
-4.895298 10.242250 -21.689703 -5.555636 10.234131 -13.653261 -13.626622 3.505808 8.823937 -29.237583 1.003342 7.336818 3.707755 1.026834 10.664142 -2.970300 -6.225434 -2.420825 -8.656155 -4.325415 -4.284008 6.753197 -1.298868 14.085485 -6.687455 6.802227 17.552593 -13.732484 -17.354561 -4.917375
-4.943915 10.262993 -21.614613 -5.589852 10.277170 -13.685952 -13.614308 3.492280 8.829024 -29.187365 1.090257 7.300305 3.741715 1.009665 10.624630 -2.932375 -6.213892 -2.360074 -8.604710 -4.342023 -4.263685 6.726955 -1.302559 13.999629 -6.632403 6.844649 17.504068 -13.767842 -17.367678 -4.920541
-4.930622 10.255004 -21.615637 -5.591458 10.283052 -13.687092 -13.630935 3.504019 8.833501 -29.173292 1.103390 7.309873 3.732359 1.003348 10.623926 -2.910597 -6.213463 -2.361370 -8.617171 -4.343013 -4.260261 6.718262 -1.277552 13.999554 -6.623553 6.839481 17.499132 -13.770720 -17.370653 -4.914804
-4.918755 10.277235 -21.634398 -5.607216 10.267676 -13.683263 -13.614801 3.509454 8.836596 -29.158455 1.100704 7.313761 3.733600 1.016494 10.633514 -2.912642 -6.213383 -2.348837 -8.621400 -4.353236 -4.280334 6.711254 -1.268165 14.005752 -6.622128 6.837676 17.534864 -13.812339 -17.357882 -4.898468
-4.924407 10.267165 -21.633108 -5.598453 10.293937 -13.715130 -13.630336 3.501611 8.832132 -29.163288 1.095807 7.303235 3.739928 1.013467 10.625896 -2.922911 -6.213033 -2.359302 -8.607259 -4.336978 -4.273403 6.705224 -1.297484 14.012494 -6.614702 6.829537 17.501493 -13.805463 -17.343464 -4.914854
-7.218843 7.953061 -16.675138 -16.173338 18.055265 -9.597976 -8.208484 3.494391 8.063990 -23.756804 4.173007 6.207229 1.867619 1.663339 11.458478 -2.284604 -5.527517 0.796820 -5.242322 -3.307275 -5.643702 -3.718724 -2.812765 14.982936 -2.773300 4.589502 16.561943 -10.883435 -19.896585 -4.134291
-13.037115 9.167898 -12.745898 -19.058706 21.346548 -4.056906 -8.476982 0.731148 4.962769 -21.489737 6.222317 6.424247 0.637369 1.948693 10.040803 -1.798189 -3.513531 0.824351 -5.067084 -1.161606 -6.083384 -10.890649 -3.169049 16.638817 -2.453691 0.480712 15.696583 -9.397036 -18.905973 1.424047
-15.951532 8.560636 -11.340907 -19.181479 21.902914 0.203898 -4.449570 -0.886288 4.572028 -19.144661 7.420714 6.748331 0.644659 2.242473 9.698365 -1.823187 -2.884612 0.825532 -4.317774 0.298251 -5.702596 -13.965652 -4.610825 16.416519 -2.846621 -1.442302 12.621974 -7.996366 -20.692900 1.127403
-19.013008 7.815563 -10.062848 -19.962200 21.012949 2.455674 -1.501231 -1.975246 5.788396 -18.639380 8.041825 7.087387 0.345726 2.489705 9.616348 -1.780520 -2.148729 0.552094 -4.083747 0.783644 -6.139861 -13.207937 -6.513667 15.463701 -3.524170 -2.721650 10.746505 -7.524423 -22.258459 -0.211970
-19.693346 6.769430 -10.029019 -20.610355 20.470263 3.456193 -1.358613 -1.853960 6.502439 -18.600077 8.291130 7.086195 0.394034 2.548924 9.546452 -1.835168 -1.881512 0.228342 -3.778346 0.898224 -6.009583 -13.123603 -6.939022 15.631251 -3.531359 -3.297094 10.307778 -7.590802 -22.497213 -0.368272
-20.646414 5.334497 -9.752252 -20.869104 20.040535 4.754851 -2.012837 -1.962149 7.405163 -18.383986 8.569913 6.982256 0.030687 2.677807 9.175425 -2.147578 -1.631529 -0.170303 -3.873327 0.503889 -6.781905 -13.037432 -7.847764 14.948018 -3.513743 -3.943018 9.403762 -7.781963 -23.425848 -0.760047
-21.145857 4.856394 -9.609391 -21.070951 19.364359 5.413742 -2.461010 -1.660911 7.995474 -17.968134 8.815129 6.945184 -0.047182 2.633171 8.814033 -2.261517 -1.316067 -0.508640 -3.717586 0.694944 -7.114983 -12.885186 -8.208973 14.770521 -3.689864 -4.452343 8.919419 -8.088878 -23.632071 -0.684863
-21.594009 3.841399 -9.204487 -21.599085 19.144575 5.932631 -2.743362 -1.674032 8.557353 -18.062174 8.894465 6.982269 -0.271592 2.690826 8.856432 -2.303006 -1.111406 -0.666861 -3.683840 0.612491 -7.625827 -12.641799 -8.860042 14.773543 -3.546788 -4.616701 8.277520 -8.475283 -23.682554 -0.900007
-21.894547 3.309286 -9.133973 -22.260908 19.089117 6.354076 -3.049875 -1.588332 9.091890 -18.169409 9.113700 6.992637 -0.278092 2.766610 8.649450 -2.401011 -0.981123 -0.923730 -3.723284 0.560433 -7.779131 -12.590073 -9.019474 14.745603 -3.307910 -4.596854 8.076751 -8.484163 -23.917974 -0.849456
-22.139847 2.754760 -8.914334 -22.856684 18.573624 7.199600 -3.129062 -1.354483 9.723310 -17.970652 9.155343 6.986413 -0.357875 2.745133 8.539480 -2.481263 -0.878398 -1.127355 -3.607765 0.516090 -7.994773 -12.522844 -9.182985 14.379180 -3.575363 -4.988743 7.870937 -8.717113 -24.056067 -0.774852
-22.229500 2.273958 -8.856362 -22.778841 18.386486 7.374753 -3.350480 -1.195583 10.011527 -18.012419 9.231558 7.009355 -0.437430 2.721839 8.433465 -2.584896 -0.774844 -1.356968 -3.484208 0.421283 -8.586784 -12.738869 -9.278796 14.476092 -3.502116 -5.080076 7.743649 -8.920619 -24.111654 -0.537643
-22.182137 2.560971 -8.900033 -22.822172 18.458048 7.289045 -3.248754 -1.217892 9.878398 -17.941084 9.231060 6.893814 -0.436847 2.735727 8.459066 -2.520349 -0.778402 -1.186922 -3.573643 0.488903 -8.272414 -12.741287 -9.220597 14.365100 -3.627306 -5.193441 7.684410 -8.811664 -24.136751 -0.627269
-22.147114 2.548229 -8.904775 -22.735323 18.492094 7.321439 -3.278332 -1.231048 9.826746 -17.951899 9.222589 6.890335 -0.451416 2.714859 8.469667 -2.528354 -0.793187 -1.192990 -3.554056 0.466771 -8.300982 -12.737027 -9.199563 14.320799 -3.633388 -5.173385 7.712359 -8.832290 -24.155619 -0.631135
-22.203245 2.609146 -8.894460 -22.795225 18.431479 7.220876 -3.328481 -1.212304 9.831876 -17.897024 9.215884 6.927480 -0.442079 2.740173 8.421955 -2.564671 -0.792331 -1.228722 -3.534515 0.427102 -8.411328 -12.679905 -9.208939 14.349257 -3.590936 -5.108689 7.763409 -8.787888 -24.200533 -0.650606
-22.212605 2.448057 -8.851321 -22.818480 18.374062 7.263494 -3.284385 -1.194143 9.972713 -18.039858 9.206334 6.896665 -0.429234 2.745978 8.429915 -2.612255 -0.784590 -1.261696 -3.527295 0.431525 -8.507535 -12.669809 -9.356914 14.355260 -3.551466 -5.089460 7.791635 -8.820686 -24.158905 -0.585352
-22.296284 2.399695 -8.861888 -22.807419 18.299217 7.265118 -3.330097 -1.238202 9.957012 -18.004797 9.200385 6.912166 -0.448386 2.728171 8.427528 -2.607025 -0.792934 -1.249049 -3.505891 0.439053 -8.539264 -12.673531 -9.374749 14.413540 -3.514308 -5.076880 7.768997 -8.813231 -24.179777 -0.629249
-22.319132 2.329723 -8.806220 -22.839369 18.355112 7.346598 -3.297473 -1.206668 9.999640 -18.008253 9.223632 6.924784 -0.425377 2.745070 8.447023 -2.579959 -0.789371 -1.247963 -3.530169 0.447446 -8.534731 -12.678132 -9.370562 14.419902 -3.535538 -5.090071 7.752253 -8.805688 -24.185614 -0.628961
-22.266451 2.264164 -8.814994 -22.850414 18.377573 7.439147 -3.343983 -1.189829 9.945610 -18.055033 9.253822 6.965233 -0.423444 2.758926 8.436390 -2.580528 -0.753401 -1.290915 -3.524874 0.504058 -8.498048 -12.696288 -9.292895 14.363687 -3.473944 -5.026952 7.799806 -8.865878 -24.181726 -0.636854
