9.102458 28.111290 -7.881563 4.229593 11.854773 2.900179 3.244775 15.634669 7.715797 -3.574206 -4.982141 10.931888 4.239547 -7.354553 5.361539 -5.564401 -0.481440 0.879908 -2.887704 -7.609649 9.074544 5.964278 10.325575 -13.719485 -11.713732 11.059644 1.111020 -27.558060 -1.978062 20.655716
9.168426 28.119156 -7.843085 4.265523 11.920969 2.920813 3.293972 15.649343 7.700866 -3.691769 -5.025899 10.991771 4.248349 -7.313344 5.359309 -5.597667 -0.484950 0.839180 -2.906773 -7.590711 9.471637 6.008993 10.340739 -14.220674 -11.328487 11.180394 1.122645 -27.871704 -2.042148 20.744614
8.530814 9.184864 -11.597356 -2.082908 5.723863 17.015909 0.634319 18.026415 9.538072 -14.976181 -1.770575 12.396648 8.083119 -3.293162 5.945998 -5.840032 -3.206635 -2.386495 -3.779215 -1.517230 24.431505 3.074983 10.829026 -8.907451 -5.029256 0.744175 5.341235 -15.167027 -17.109863 16.575855
0.599989 1.472123 -6.974064 -1.465113 9.816233 24.161398 1.682089 15.347712 12.659028 -15.395201 4.727300 10.469398 5.004511 -3.935634 2.256370 -3.537802 -1.665346 -3.116521 -3.169890 1.272627 17.036497 0.876425 6.232644 -0.587510 -8.469395 -2.795591 -3.753769 -7.124097 -22.416632 12.647076
5.667344 3.821432 -11.716172 -2.975049 8.288668 17.181883 -1.764874 16.717678 12.384833 -15.653017 2.269854 10.285615 6.411448 -3.270125 3.483793 -5.420849 -3.956408 -2.317844 -3.036294 -0.465237 20.042089 3.904403 8.262101 -4.625887 -8.627213 -2.144401 2.201114 -10.724144 -21.216814 11.323277
2.736834 2.247296 -9.651568 -3.181557 10.025269 19.137407 -1.222451 15.923452 13.768909 -16.396666 3.905212 10.458422 5.218440 -3.202795 2.829197 -4.619298 -2.975276 -3.310462 -3.286849 0.329053 17.759050 3.357804 7.040630 -4.122167 -8.603994 -2.778867 -1.091388 -8.761587 -23.211176 10.471824
5.045452 2.705410 -12.945733 -5.422848 9.961777 15.616738 -3.808145 16.125082 13.833142 -16.502041 2.787483 10.204414 5.723327 -2.628316 3.871135 -5.564885 -4.174692 -3.062439 -3.105289 -0.977497 18.296186 3.169064 7.892997 -5.675738 -8.309280 -3.246456 2.632980 -11.267416 -22.027462 9.105445
7.575613 4.091907 -15.681123 -6.934769 9.619556 11.922997 -5.933265 16.090757 12.184636 -15.788216 0.264872 9.869791 6.055436 -1.621431 5.605085 -7.005170 -5.507460 -3.323969 -3.905441 -1.787794 18.976892 2.908226 9.002795 -9.129947 -6.086241 -1.506635 6.629676 -14.542686 -20.772993 7.980752
8.493012 4.318961 -17.642096 -8.561872 9.565087 9.629580 -8.679227 15.942648 12.551932 -15.603710 -0.952685 9.191179 5.504225 -1.351068 6.461949 -7.510706 -6.517023 -3.306005 -4.520343 -2.098877 19.501528 3.184251 9.134436 -11.438289 -4.257254 -1.123775 8.648786 -17.510469 -20.648653 6.629241
8.494563 3.591701 -19.940973 -9.920796 9.887733 7.098915 -10.198380 15.869512 13.858813 -15.481915 -1.267130 9.135184 5.323029 -0.721272 6.440561 -7.966774 -7.016904 -3.642252 -4.961950 -2.668863 19.992319 4.007104 8.921767 -12.432347 -3.701541 -1.272492 9.196191 -18.722713 -20.536303 3.986129
7.499629 2.894184 -21.026386 -9.334606 11.153263 4.977173 -10.536958 15.693496 14.712038 -14.971216 -1.049365 8.798488 4.571464 -0.266722 6.387051 -7.894802 -7.412854 -3.834634 -5.458816 -3.067494 19.387346 5.027375 8.484986 -13.474125 -3.821779 -1.188660 9.517495 -19.993687 -20.452250 1.283572
6.307491 2.449931 -21.496443 -9.032143 12.222178 3.052361 -11.434499 16.091784 15.033374 -14.439199 -0.738937 8.778670 4.442461 0.125648 6.478770 -7.639017 -7.138422 -3.972057 -5.966973 -3.471966 18.076246 5.938421 8.366087 -13.429497 -3.493940 -0.664398 9.099878 -20.837362 -20.998993 -0.198037
4.531627 3.325625 -21.732439 -8.958959 12.591101 1.511110 -11.482182 15.832397 14.751403 -13.185003 -0.380154 7.997495 4.848595 0.899345 7.107761 -7.320608 -6.667721 -3.639455 -6.736487 -3.635179 15.218144 5.286076 7.819859 -12.297269 -2.728340 -0.486634 9.052966 -22.579651 -20.724958 -0.095152
3.214355 4.686510 -21.443064 -9.476360 13.127325 0.086693 -12.240666 16.030117 14.229148 -12.088299 -0.044425 7.478874 5.564679 1.234898 8.031733 -6.460735 -6.190298 -3.187987 -7.598903 -3.690688 12.540166 3.782240 7.299402 -10.711297 -2.315805 -0.438601 9.550367 -25.379868 -19.399126 0.645045
2.489879 5.718670 -20.391752 -10.388077 12.397131 -1.120494 -14.111476 16.837063 14.417098 -11.510174 0.190902 7.287232 6.847647 1.116932 8.465547 -5.250823 -5.461802 -2.884432 -8.396222 -3.676576 11.267645 2.655834 5.843776 -9.818891 -2.443125 0.334334 10.035203 -27.085064 -17.644287 -0.104630
2.205631 7.931498 -19.481899 -10.772240 12.219765 -1.533380 -16.068634 17.945990 14.880905 -10.907099 0.562450 7.355846 8.023658 0.926142 8.695509 -3.532382 -4.885521 -2.848176 -9.538131 -2.991746 10.558501 0.406983 5.089856 -8.437665 -2.575160 1.238394 10.190604 -29.468222 -14.964455 -0.881848
2.292875 10.259855 -17.996889 -11.033814 10.998909 -1.675952 -16.648054 18.812439 14.592394 -10.524366 0.569873 7.057697 8.894969 0.498486 8.958237 -2.486843 -4.455294 -2.762048 -9.958491 -2.440055 10.278171 -1.596885 5.116642 -7.958983 -3.056491 1.765213 9.510802 -32.065388 -12.288855 -1.510437
2.637501 10.229773 -16.744566 -11.564568 11.309518 -2.267749 -16.098425 19.960346 14.105778 -11.317168 0.478775 6.928960 9.341162 0.418651 9.080572 -2.508769 -4.316559 -2.545985 -10.008906 -2.284564 11.052672 -2.194867 5.036672 -8.075156 -3.647560 1.395553 10.253750 -31.807663 -12.026368 -0.258914
2.706712 9.570019 -16.408484 -11.830776 11.411913 -2.627374 -15.965672 20.667004 14.011100 -11.962908 0.431197 6.821447 9.507230 0.436789 9.123796 -2.633563 -4.300838 -2.444076 -9.984097 -2.309019 11.103082 -2.423727 4.728453 -8.214000 -3.699174 1.087593 10.760882 -31.094702 -12.231167 0.745765
2.582127 9.338150 -16.021986 -12.002427 11.567796 -2.947286 -15.812090 20.970358 13.803799 -12.140024 0.305859 6.703860 9.631516 0.544003 9.180925 -2.858425 -4.217128 -2.372057 -9.892746 -2.368936 11.517079 -2.554610 5.282985 -8.302239 -3.725837 0.973663 10.901917 -30.721586 -12.245346 1.329107
2.217152 8.739743 -15.687079 -12.119030 11.580181 -3.291426 -15.693475 21.182825 13.650083 -12.291921 0.223300 6.730034 9.691781 0.524901 9.105881 -3.106086 -4.190011 -2.314158 -9.628905 -2.310963 11.695665 -2.772399 5.513075 -8.235773 -3.797939 0.877832 10.812143 -30.731421 -12.199976 1.526380
2.028484 6.645088 -16.912722 -11.811916 12.568797 -3.100551 -15.411883 19.878656 13.401103 -12.000184 0.088224 7.227300 8.843909 1.038135 8.863307 -4.219671 -4.379633 -2.355799 -8.859946 -2.562241 11.886384 -2.076679 6.987906 -8.788271 -2.940499 0.756197 9.507962 -28.222986 -14.820926 0.816595
2.447555 5.385021 -17.640074 -10.997313 13.114960 -2.000017 -15.127078 19.143911 13.824620 -11.843910 0.089772 7.531218 7.918697 0.863600 8.493469 -4.738185 -4.726568 -2.744967 -8.363858 -2.582696 11.969796 -0.681625 7.529772 -9.530690 -2.719901 0.546714 8.383974 -27.737133 -16.102718 -0.167885
-4.609657 -0.310940 -14.547856 -6.508358 15.721386 10.374056 -12.528799 13.526900 17.188641 -10.634900 6.140851 8.538589 3.585058 -0.083660 3.810401 -3.216058 -3.365297 -3.820392 -6.516276 -1.189121 4.692726 1.521970 2.739597 -6.662386 -4.473927 -0.211005 -2.005257 -15.472528 -25.296667 2.313204
-2.550872 -0.414819 -14.568736 -6.992895 16.243408 9.696622 -12.270396 14.746545 16.740763 -12.633567 5.853678 8.386806 3.170428 -0.304974 4.039103 -3.364250 -3.997801 -3.649428 -6.483955 -1.535821 5.693863 2.873981 4.494892 -7.565114 -5.408876 -0.909565 -1.259221 -16.780970 -25.183701 1.355843
-2.890421 -1.942033 -14.706319 -6.034469 15.618943 13.117366 -11.747329 14.528577 17.514456 -13.562826 6.345601 7.944532 2.423517 -0.734542 2.857909 -4.150681 -3.932413 -4.349156 -5.780428 -1.128122 7.256092 4.381880 4.760663 -4.582769 -6.617022 -1.545561 -2.920044 -13.699630 -25.583651 0.319434
-4.886229 -3.318218 -12.808327 -5.968840 14.470803 19.880247 -11.042587 13.704099 18.088781 -12.371493 7.251223 7.772168 0.989397 -1.480480 2.133397 -3.926123 -3.069266 -4.992833 -5.279033 -0.281060 6.515553 4.503314 4.031019 -1.104539 -6.900642 -2.059728 -7.981014 -10.370591 -27.857176 0.174251
-5.152447 -4.473705 -11.894212 -6.195761 13.836105 22.848810 -9.855196 12.574573 18.759598 -12.127131 7.647709 8.231993 -0.103622 -2.063445 1.450911 -3.721584 -3.092485 -5.478784 -4.711855 0.281890 6.422768 2.448606 4.247157 -0.955144 -6.567976 -1.895663 -8.885792 -6.990701 -29.307047 2.854060
-3.387365 -3.789617 -13.275598 -5.204938 14.553380 20.027458 -8.710731 12.693753 18.372488 -12.531254 6.726096 7.843024 0.193666 -2.254181 1.855875 -4.101728 -3.948490 -5.435837 -4.505836 0.351038 8.115998 2.889373 5.530077 -2.927587 -6.292147 -1.499329 -6.398901 -7.818483 -28.338324 2.394010
-3.605144 -3.803004 -10.530793 -3.759126 12.940734 24.778749 -7.489642 12.596715 18.085190 -12.061678 7.192683 8.248119 -0.969123 -2.844824 2.027550 -3.351177 -3.284208 -5.454681 -3.875840 1.148028 8.410728 1.681134 5.808302 -1.191466 -6.844071 -1.532231 -8.533902 -4.748455 -29.028711 4.923223
-3.398182 -3.833247 -9.145051 -2.949914 11.900960 26.852636 -5.554584 12.906440 17.758526 -12.201523 7.278594 8.629683 -1.550446 -3.278653 2.837633 -2.142328 -2.771754 -4.652061 -3.713239 1.429129 8.135746 -0.125443 5.645887 -1.483625 -6.601936 -0.538163 -7.959581 -3.104570 -28.809477 7.296636
1.735143 -0.918415 -13.080783 -2.494702 13.832606 19.389666 -4.692992 13.801898 15.703767 -14.721063 4.789324 8.400750 -1.166766 -4.075574 4.332879 -2.762068 -5.337989 -3.543068 -3.207619 0.811744 12.224589 0.876812 9.163764 -6.203848 -6.342789 -0.223864 -1.325707 -6.439073 -26.495752 8.206250
6.304956 1.695033 -14.316768 -3.618659 12.691061 15.540189 -3.969117 15.662471 13.255977 -16.448889 3.392316 7.195560 -1.205706 -5.001133 7.099818 -1.982958 -6.842078 -2.762633 -2.968744 0.214373 17.135466 0.152222 13.324735 -7.820135 -6.782791 -0.698164 3.215474 -8.740516 -23.052675 9.710181
9.335381 3.820601 -16.044197 -3.068050 11.474389 14.296838 -2.268607 16.281841 9.768720 -15.954428 1.786283 6.720674 -2.471466 -5.770888 9.884403 0.168357 -7.731683 -3.374831 -4.538257 1.148636 20.745461 -0.311042 15.348781 -8.645977 -4.896059 -0.566205 6.215672 -11.296396 -21.272478 11.422774
11.151678 4.724210 -15.836928 -1.969200 10.393976 15.193580 -0.690941 17.007303 7.532103 -15.956108 0.503256 6.307160 -2.227731 -6.425624 12.278139 1.592695 -7.857833 -3.632936 -5.240824 1.793205 25.295940 -1.316196 17.100653 -9.748937 -3.151150 -1.087749 8.490269 -13.721223 -19.188684 14.090564
12.751019 5.260780 -15.334678 -0.488338 10.084610 16.674486 0.604411 17.841465 5.307544 -15.800738 0.584348 4.769347 -2.353419 -7.669031 13.552773 3.414635 -7.952706 -3.978212 -5.638947 2.079843 26.970263 -2.206351 18.151720 -8.419312 -3.564847 -1.256093 6.786075 -14.659316 -16.956991 14.761747
14.495223 6.494702 -13.930755 -0.622777 10.439634 17.271378 2.753762 17.682446 4.007502 -16.343836 1.021051 3.736259 -2.088323 -8.589913 15.207258 5.173530 -7.864263 -5.488531 -5.450276 2.542713 28.088209 -3.461585 20.240911 -9.555614 -5.088130 -1.708004 5.596192 -14.853011 -15.673606 15.047096
15.288364 7.781133 -12.646281 -1.058949 12.057528 17.081076 5.348005 17.247272 3.647563 -17.291376 1.390682 3.031404 -2.069564 -9.024103 16.562378 6.663484 -7.538732 -6.782158 -5.565232 2.875016 27.938204 -4.189708 21.886541 -12.397401 -6.804048 -2.558798 5.768726 -15.544830 -15.024158 14.600689
15.479085 7.879425 -12.255870 -1.094305 12.558058 16.851561 5.730692 17.165060 3.503344 -17.451006 1.419272 2.887149 -2.077338 -9.012224 16.843369 6.860334 -7.211192 -7.426619 -5.452882 3.170714 28.079771 -4.130369 22.056593 -13.023940 -7.490761 -3.049820 5.515537 -15.962563 -14.773502 14.428535
15.403596 7.716066 -12.247766 -1.228032 12.416016 16.861219 5.696934 17.241907 3.563217 -17.562338 1.373154 2.767820 -1.981309 -8.912298 16.870853 6.848114 -7.226969 -7.430972 -5.530818 3.155718 28.074062 -4.257588 22.153955 -12.908452 -7.447949 -3.034808 5.372747 -16.060947 -14.757912 14.380023
