11.718595 29.103069 -6.886785 4.656928 14.694825 5.547389 0.412744 16.059822 3.282132 -3.549689 -3.572482 6.321045 -0.525289 -9.656634 9.836279 0.018973 -1.847376 -0.183658 -5.029154 -6.108183 11.110933 12.708323 -13.118543 -13.299680 -13.422390 10.067495 10.261335 -25.113176 -1.481410 13.234002
11.766493 29.132698 -6.843964 4.663651 14.768354 5.576301 0.443289 16.076662 3.273799 -3.642272 -3.589053 6.388956 -0.538896 -9.643947 9.832867 0.030227 -1.861992 -0.209466 -5.044338 -6.087269 11.566662 12.843796 -13.534600 -13.760938 -13.071281 10.153740 10.416949 -25.392050 -1.561694 13.230636
10.646678 26.631516 -7.945897 4.140421 11.759535 8.555854 -1.071101 16.134333 3.483823 -3.987756 -3.118074 6.390225 -0.252613 -8.961804 10.118044 -0.191718 -2.290617 -0.730306 -5.062337 -5.722441 12.434454 13.142457 -13.838853 -11.430087 -10.694811 10.160066 10.920849 -23.148474 -4.184491 12.758261
11.412734 27.744394 -7.030598 4.279657 12.798260 7.901781 0.114047 16.307283 3.337029 -4.368535 -3.255875 6.572003 -0.350685 -9.110792 10.017651 -0.120311 -2.220222 -0.540233 -5.057276 -5.969431 12.490616 13.451752 -13.491733 -13.348288 -12.543365 9.445468 10.542998 -24.308157 -3.007699 13.055926
11.153762 26.892948 -7.373662 3.426707 10.840090 10.418502 0.359708 15.903426 2.807379 -4.947960 -2.943403 6.891853 0.034562 -8.640600 10.166402 -0.033145 -2.496503 -0.855928 -5.169818 -5.834185 13.496043 14.795017 -13.638570 -12.255393 -11.667797 9.140461 10.141013 -23.104435 -4.967313 12.730081
11.011316 25.827814 -7.660092 3.056947 9.645132 11.889671 0.521136 15.947646 2.474342 -5.548736 -2.559479 7.439437 0.524037 -8.028321 10.667342 0.344345 -2.762459 -0.857369 -5.149614 -5.457314 14.225225 15.746618 -13.585662 -11.928565 -11.444216 8.462567 9.655935 -22.565796 -6.356864 12.174793
10.830965 25.216417 -7.699001 2.748340 8.662615 13.328747 0.952980 15.817196 2.109059 -5.991476 -2.288102 7.807140 0.757575 -7.635949 10.845086 0.584185 -3.070935 -0.764752 -5.301040 -5.167397 14.980502 17.021690 -13.461507 -11.877378 -11.590120 7.922339 8.870364 -22.352304 -7.377136 11.393350
11.207792 24.740400 -7.576347 2.808267 8.367792 14.695043 2.061966 15.668692 1.793590 -6.778813 -2.059090 8.171581 0.732700 -7.368217 11.125101 0.800924 -3.200209 -0.540883 -5.310925 -5.083875 15.325935 17.863544 -13.556556 -11.481566 -11.178183 7.784054 8.358775 -21.907129 -8.339186 10.762309
11.761733 24.115461 -7.646512 3.018158 7.954037 15.797158 2.855924 15.653480 1.693681 -7.479302 -1.860446 8.435230 0.778742 -7.008852 11.454714 0.852127 -3.379511 -0.538168 -5.246299 -5.117150 16.409765 18.071383 -13.322429 -11.490778 -11.275681 6.980681 8.179221 -21.425211 -9.181879 10.225156
12.216903 23.544050 -7.606991 3.125720 7.911508 16.473238 3.583344 15.552281 1.800215 -8.143176 -1.724013 8.955183 0.439874 -6.951726 11.658979 0.854645 -3.518067 -0.758659 -4.896034 -5.289972 16.771700 17.703238 -13.075701 -11.622212 -11.186163 6.354834 8.624040 -21.025070 -9.801423 10.147937
13.221412 22.721766 -7.691979 3.457292 8.146112 17.359875 4.273022 15.470734 2.276468 -9.128057 -1.616107 9.219305 0.208223 -6.879450 11.771426 0.582120 -3.602854 -1.509418 -4.455284 -5.475486 17.816557 16.476534 -12.769393 -12.515808 -11.770387 4.653435 9.613310 -20.541574 -10.331322 10.614783
13.688931 22.046104 -7.941791 3.841897 9.134297 16.932877 4.383359 15.400423 3.102491 -9.745207 -1.559849 9.378538 0.134969 -6.851737 11.777391 0.377092 -3.656832 -2.206724 -4.176035 -5.672309 18.739313 14.940308 -12.669675 -12.805362 -12.082158 3.438674 10.733450 -20.135780 -10.437222 11.338525
14.420075 20.922661 -8.225205 4.113000 10.110511 16.236162 3.938174 15.636498 4.262065 -10.499471 -1.458554 9.641440 0.368711 -6.858466 11.862104 0.452106 -3.672093 -2.869356 -3.867102 -5.644435 19.488747 13.721107 -12.458028 -13.299638 -12.544532 2.451578 11.845789 -19.793760 -10.362629 12.125341
14.970916 20.122585 -8.526139 4.300135 11.706845 14.880822 3.614246 15.770218 5.344716 -11.168522 -1.403799 9.754475 0.706082 -6.772081 11.868114 0.380468 -3.567391 -3.535626 -3.673063 -5.621070 20.232462 12.495178 -12.355412 -13.860988 -12.773815 1.733216 13.136395 -19.147999 -10.321758 12.522267
15.064877 19.757435 -8.475528 4.001177 13.278522 13.362011 2.954765 16.044231 6.128780 -11.605858 -1.318745 9.694530 1.178980 -6.881618 11.938015 0.406258 -3.280357 -4.248107 -3.511085 -5.498732 21.110170 11.577777 -12.017417 -14.584571 -12.973756 1.132984 14.203115 -18.306524 -10.515108 12.608396
15.081782 19.600826 -8.372416 3.567027 14.452019 11.810056 2.229291 16.646282 6.745681 -11.863438 -1.300610 9.309595 1.866786 -6.970465 12.083448 0.518981 -3.048059 -4.543591 -3.605502 -5.155344 21.850471 11.067766 -11.766462 -15.416235 -13.503227 0.397204 14.914315 -17.761583 -10.790295 12.723191
14.897075 19.671093 -8.500278 2.960045 15.393582 10.205254 1.289925 17.018007 7.241532 -11.719110 -1.284500 8.871899 2.595529 -7.024850 12.271516 0.624139 -2.780132 -4.726762 -3.685093 -4.754943 22.132063 10.263481 -11.519321 -16.611647 -13.854690 -0.135336 16.301777 -17.086138 -11.023079 12.686143
14.535536 19.867104 -8.780281 2.602968 16.188139 8.845706 0.547358 17.395197 7.613365 -11.490915 -1.303452 8.334865 3.223362 -7.173421 12.463908 0.801106 -2.481333 -4.575923 -3.864635 -4.345638 22.427837 9.491182 -11.263115 -18.075212 -14.468940 -0.886800 17.431246 -16.487534 -11.315425 12.585423
13.753407 20.193867 -8.693024 2.265645 17.339369 7.609014 0.457310 17.441719 7.634787 -11.281097 -1.336158 7.981307 3.834235 -7.292990 12.553311 0.952688 -2.232146 -4.427258 -3.993224 -3.743666 22.196917 8.524179 -11.204383 -19.063725 -14.625108 -1.589526 18.532236 -16.445620 -11.464071 12.233949
12.993865 20.569569 -8.516784 2.244401 18.116400 6.563948 -0.177266 17.635508 7.890337 -10.844209 -1.466508 7.739795 4.116245 -7.461239 12.657493 1.004310 -2.096916 -4.071355 -4.003047 -3.361584 22.214766 7.582367 -11.387649 -19.672779 -14.728618 -2.348904 19.471127 -16.382366 -11.615229 12.047177
12.620389 20.743332 -8.428529 1.963336 18.292568 6.245030 -0.114441 17.411201 7.548425 -10.607149 -1.414039 7.734853 4.287767 -7.399607 12.628929 1.002561 -2.032547 -4.022521 -4.123672 -3.144421 22.063803 7.030077 -11.775024 -20.159531 -14.822670 -2.854555 19.921137 -16.368059 -11.617369 11.719486
12.499446 20.966770 -8.424039 1.894725 18.409075 6.102902 -0.016339 17.292997 7.445995 -10.471891 -1.436805 7.798987 4.225257 -7.429771 12.637959 1.048445 -2.015346 -3.945966 -4.116319 -3.182527 22.080614 7.315125 -13.128754 -19.986454 -14.895464 -3.009096 20.506147 -16.317648 -11.565678 11.410169
14.156411 20.259541 -10.067370 2.301088 15.493869 8.762439 0.532899 15.790927 7.001979 -10.162346 -1.455451 7.974498 2.769486 -6.926936 12.011418 0.124753 -2.842110 -4.486959 -4.063034 -4.767040 20.632885 9.571944 -12.644189 -17.424259 -12.860438 0.689407 18.784626 -16.050001 -11.407280 12.282125
14.529490 22.674803 -11.488323 1.282815 10.622840 11.468028 1.299070 13.532748 3.869442 -7.531631 -1.671510 8.219903 0.253592 -6.329732 10.985165 -1.170003 -4.716109 -3.447551 -4.398514 -6.154290 16.697594 12.082023 -13.149857 -15.151832 -10.246548 5.616746 16.938704 -16.657944 -11.387190 11.381646
14.354709 24.021479 -11.662482 -0.235356 8.451606 11.451564 -0.704137 14.090798 3.136106 -6.528443 -1.668166 7.579475 0.439932 -6.014677 10.832220 -1.464524 -4.966516 -3.118486 -4.891672 -5.923979 15.670600 12.701492 -13.095739 -14.852839 -9.731686 7.169371 16.914621 -16.863544 -11.379957 10.378621
13.717748 24.893116 -12.160146 -1.332152 6.339901 11.450154 -3.184702 14.845708 2.913833 -5.705846 -1.580687 7.068062 0.321698 -5.847200 10.355812 -1.577594 -5.296886 -2.828109 -5.633332 -5.569647 14.732816 12.514781 -12.710829 -14.092319 -8.575258 8.593197 16.374979 -17.263985 -11.504530 8.919701
12.494389 25.399908 -12.058714 -2.262702 4.461310 11.377768 -4.667741 14.666663 2.339502 -4.467149 -1.570759 6.603260 0.353047 -5.790102 10.030653 -1.765769 -5.353604 -2.657113 -6.029937 -5.090599 13.635390 12.245940 -12.975959 -12.711253 -7.140722 9.303110 16.320667 -17.826864 -11.248812 8.984980
11.341723 26.295841 -11.442235 -3.227593 3.520317 11.570190 -5.980725 14.441101 1.509391 -3.325775 -1.615253 6.462032 -0.413483 -5.994762 9.084378 -2.081901 -5.329894 -2.711865 -6.538639 -5.252071 13.012412 11.289168 -13.243960 -11.380140 -5.981063 9.696676 16.700836 -18.069422 -11.101570 9.671897
10.755544 27.847486 -11.612501 -3.680008 1.237208 14.086924 -4.919314 12.397788 0.000169 -2.021344 -1.720919 6.805943 -1.329216 -6.366006 8.085642 -2.355619 -5.551740 -2.654426 -6.698358 -5.391178 11.807707 8.882265 -14.186704 -10.012691 -4.545339 10.437709 18.803686 -17.942019 -11.191068 11.535811
10.646291 27.986980 -11.510215 -4.385255 -0.548046 15.483891 -4.945467 11.908294 -0.884825 -1.686671 -1.769062 6.652359 -1.458307 -6.345923 7.906276 -2.483333 -5.581650 -2.557607 -6.822853 -5.361933 11.478365 8.517742 -14.369367 -9.029547 -3.642559 11.045732 18.660295 -17.949265 -11.454988 11.139730
10.691388 27.880043 -11.568390 -4.410626 -0.309052 15.300918 -5.072684 11.963650 -0.683883 -1.798603 -1.743806 6.757570 -1.432824 -6.423242 7.913459 -2.449040 -5.585851 -2.642097 -6.753614 -5.290393 11.630137 8.448625 -14.275588 -9.245957 -3.783892 10.867085 18.694109 -17.859331 -11.458078 11.152654
10.670362 27.944445 -11.593240 -4.295971 -0.363288 15.426711 -4.944350 11.916043 -0.693164 -1.773032 -1.755119 6.722373 -1.459568 -6.431871 7.908318 -2.452686 -5.575779 -2.621067 -6.767875 -5.332236 11.589177 8.367315 -14.310301 -9.327960 -3.755756 10.853014 18.832830 -17.774363 -11.554707 11.229069
10.670696 27.953344 -11.559119 -4.387370 -0.398947 15.440934 -4.993382 11.984447 -0.689038 -1.846786 -1.732224 6.746317 -1.426800 -6.410347 7.919133 -2.408956 -5.579535 -2.626577 -6.791794 -5.304867 11.598159 8.453796 -14.337282 -9.182233 -3.776057 10.819828 18.655119 -17.935823 -11.504169 11.240706
10.707269 28.004278 -11.516088 -4.231421 -0.095355 15.320155 -4.802091 12.031814 -0.588053 -1.915808 -1.741732 6.768848 -1.461279 -6.388630 7.926179 -2.385182 -5.597438 -2.582122 -6.794763 -5.353768 11.646607 8.423109 -14.322122 -9.299813 -3.954447 10.671953 18.774878 -18.047316 -11.361309 11.298337
10.737284 27.926922 -11.577568 -4.131113 0.024939 15.314958 -4.779218 12.008264 -0.551302 -1.909656 -1.703560 6.850525 -1.443231 -6.370009 7.940363 -2.334325 -5.609219 -2.612805 -6.798288 -5.360759 11.712721 8.545994 -14.265224 -9.174024 -3.910423 10.712163 18.728306 -17.983152 -11.431651 11.356147
10.771653 28.105356 -11.534486 -3.954371 0.018502 15.362539 -4.632648 11.964913 -0.596386 -1.815092 -1.730216 6.768365 -1.376656 -6.420683 7.935991 -2.360966 -5.569994 -2.649701 -6.781132 -5.341594 11.533830 8.253019 -13.045226 -9.453395 -3.846122 10.830931 18.210939 -18.074135 -11.532791 11.695829
10.830703 28.069845 -11.563508 -3.892864 0.261116 15.072146 -4.738172 12.008243 -0.532202 -1.804925 -1.710247 6.802329 -1.350238 -6.419455 7.972892 -2.315374 -5.568923 -2.615442 -6.782206 -5.287885 11.552200 8.281553 -13.068961 -9.518661 -3.985316 10.731590 18.155394 -18.141371 -11.522335 11.772023
10.747243 27.941568 -11.555476 -4.116893 -0.006308 15.316043 -4.813721 12.026011 -0.536064 -1.912669 -1.705521 6.849755 -1.454318 -6.373947 7.935919 -2.329079 -5.594433 -2.594617 -6.808027 -5.356655 11.614112 8.237074 -12.943512 -9.381448 -3.815120 10.796944 18.229784 -18.005779 -11.575127 11.766944
10.780810 28.102516 -11.534613 -3.929322 0.033426 15.360078 -4.610676 11.944602 -0.599506 -1.817694 -1.734336 6.761018 -1.402516 -6.412718 7.925442 -2.372788 -5.575492 -2.637694 -6.793816 -5.356487 11.519508 8.239592 -13.065681 -9.448511 -3.832932 10.803704 18.221659 -18.091946 -11.541950 11.663681
10.841129 28.078423 -11.535775 -3.865309 0.259881 15.080060 -4.704500 12.017842 -0.539150 -1.822617 -1.715475 6.788939 -1.360522 -6.417947 7.983308 -2.314719 -5.559819 -2.619074 -6.779812 -5.301510 11.579867 8.306389 -13.082398 -9.498852 -3.986162 10.729129 18.106529 -18.141981 -11.489212 11.752671
10.829498 28.071745 -11.465778 -3.990425 0.003458 15.336799 -4.708607 12.049374 -0.555170 -1.889620 -1.704352 6.841269 -1.439005 -6.439499 7.918360 -2.290719 -5.555197 -2.594654 -6.812340 -5.318814 11.589993 8.101331 -13.033189 -9.517603 -3.883618 10.748709 18.311728 -17.984777 -11.555443 11.802810
10.812091 28.227795 -11.467810 -3.865263 0.190804 15.212831 -4.520116 11.960073 -0.587323 -1.808145 -1.716720 6.808519 -1.401088 -6.354190 7.957196 -2.363939 -5.589753 -2.645126 -6.784823 -5.353430 11.352592 7.849035 -11.858848 -9.611240 -3.753551 10.863444 17.815744 -18.230810 -11.537738 12.088111
9.274559 27.930317 -11.722295 -5.616308 -1.836703 16.029333 -4.919043 11.531007 -2.503320 -0.870835 -1.957335 5.375995 -1.131524 -5.849387 8.007883 -3.057708 -5.721361 -2.542377 -7.125122 -5.394572 10.825841 9.217936 -11.661241 -8.131749 -2.219290 11.623206 16.344839 -18.407835 -12.695910 10.095498
6.810800 26.840515 -11.605416 -7.933610 -2.296890 16.405188 -3.606076 11.100541 -4.492868 -1.226308 -2.185965 4.003874 -0.343743 -5.358675 8.485762 -3.408622 -5.865334 -2.159522 -7.495496 -5.556713 8.988566 13.088234 -14.086260 -7.079976 -0.897820 12.753119 14.295363 -19.040319 -14.391629 6.546640
5.256385 26.973639 -11.721398 -8.873218 -1.401530 15.744924 -3.052025 10.470912 -5.457103 -0.955857 -2.280044 3.203640 0.158793 -4.817339 8.825175 -3.756620 -5.682755 -1.877591 -7.730854 -6.039751 7.775590 12.898647 -12.129869 -7.358179 -0.406097 13.707730 13.521653 -19.313742 -14.927227 4.406889
4.378408 26.461098 -12.924195 -10.762667 -0.607822 14.165828 -4.591043 10.575282 -6.206218 -0.789015 -2.321104 2.485324 0.413409 -4.208790 9.001202 -4.695755 -5.591406 -2.073929 -7.734647 -6.853372 6.551198 11.115034 -7.046168 -9.177309 -0.261345 14.882019 12.964845 -20.081875 -14.814941 2.655866
4.124981 25.583460 -14.288828 -12.774849 -0.088414 12.526423 -4.864783 9.853744 -6.682265 -0.717015 -2.612669 1.390430 0.374754 -3.780281 9.557690 -5.617658 -5.357757 -1.822367 -7.479294 -7.324402 5.967449 12.611038 -7.988426 -9.843196 -0.400354 14.740113 13.245902 -20.241985 -15.237434 0.864223
3.873848 25.880234 -14.507597 -14.767694 -0.078643 12.242137 -4.103369 9.373884 -7.358952 -0.832292 -2.596406 0.301733 1.068773 -2.969453 10.260330 -5.519160 -5.378694 -1.515246 -8.046634 -7.589720 5.614008 14.472504 -8.580427 -9.990212 -0.607022 15.015887 12.324727 -21.173765 -15.578936 -1.651335
3.916206 25.994228 -15.327307 -16.316261 -0.717283 12.086650 -3.996202 8.809502 -8.074914 -0.637532 -2.359180 0.251511 1.542451 -2.497109 10.696869 -5.039337 -5.055880 -0.742267 -8.726138 -7.858579 5.167466 15.890490 -8.235410 -10.165579 -1.223037 14.870584 10.562890 -22.725397 -15.747526 -3.901374
4.348011 25.651455 -16.707739 -17.263569 -0.308972 10.805745 -3.532610 7.812231 -8.362157 -0.524526 -2.338355 -0.130875 1.442093 -1.919680 11.188736 -5.269368 -4.377986 0.265063 -9.074462 -8.374833 3.898194 16.746012 -8.526905 -10.444459 -0.841836 15.666529 9.995221 -24.095320 -16.166435 -6.240542
5.108261 26.165379 -16.619499 -17.933718 -0.575705 9.490928 -3.143105 7.059895 -9.011936 0.189438 -2.582650 -0.634529 1.168343 -1.605532 11.601194 -5.711954 -4.070844 0.763327 -8.782521 -8.701813 1.852181 16.635609 -8.672498 -10.539058 -0.758662 16.261881 9.360455 -26.626341 -15.506289 -7.717517
5.208486 27.343269 -17.326029 -18.759048 -1.289311 9.842832 -2.243183 5.140744 -9.597325 0.997371 -2.487070 -0.167183 0.882566 -1.091939 11.659985 -5.627199 -4.500515 1.561246 -8.895531 -8.719589 0.777096 17.790388 -8.689605 -10.049985 -0.158505 16.110857 7.932603 -27.313232 -16.365231 -8.459713
5.520863 27.728621 -17.306484 -19.656900 -1.069625 10.473640 -0.916643 3.655868 -10.577292 1.129101 -2.500311 0.080288 0.795801 -0.988544 11.951339 -5.122987 -4.550667 2.440256 -8.854790 -8.544208 0.022754 19.283461 -8.591522 -8.532750 0.312239 15.616520 6.866066 -28.847105 -16.538267 -9.309513
5.476909 27.536306 -17.451572 -19.244791 1.432593 9.727439 0.548888 1.815065 -10.781955 1.473303 -2.304423 1.190225 0.421003 -1.002655 12.089380 -3.820146 -4.375579 3.364066 -9.207953 -8.598146 0.276860 18.590923 -9.491803 -6.192397 1.075158 15.042659 9.224302 -30.718575 -13.518537 -8.818767
5.017693 27.539909 -18.774406 -19.942036 3.015375 7.302047 -0.437200 1.060319 -10.178384 2.192717 -2.514943 1.522175 0.060025 -0.587893 12.185816 -3.778835 -4.763911 3.921906 -9.117473 -8.774086 0.021334 19.951897 -8.144994 -4.505129 1.446225 16.151075 7.105505 -31.480417 -12.672604 -8.319228
4.979270 27.344616 -19.864729 -21.481379 4.689905 5.221482 -1.835450 -0.004771 -9.761073 2.848472 -2.635990 0.869219 -0.238731 0.246236 12.436874 -4.433565 -5.331415 4.237628 -9.033895 -9.201326 0.068911 23.328861 -8.263871 -4.066100 1.921572 16.573555 3.843563 -30.521080 -14.580136 -8.575835
5.013443 27.054306 -20.435066 -21.659754 5.231169 4.497989 -2.397501 -0.387740 -9.498190 2.954063 -2.571006 0.686226 -0.074619 0.498792 12.619865 -4.560333 -5.522778 4.240937 -9.080380 -9.178764 0.600786 24.614040 -9.490790 -3.270728 2.235549 16.695349 3.345754 -30.411860 -14.704113 -9.435742
4.891658 26.623926 -21.298836 -20.871399 6.254090 4.049550 -2.544297 -0.498591 -8.930974 2.675398 -2.678799 0.380497 0.339195 0.614684 12.805621 -4.618403 -5.851629 4.273270 -8.858797 -8.884352 0.738944 24.980415 -10.517798 -2.308524 2.740969 17.500177 3.219542 -30.387281 -14.530405 -10.368122
4.808846 26.704790 -21.753790 -20.564554 7.770476 3.365442 -2.156299 -0.654512 -8.369082 2.175252 -2.840229 0.419735 0.178341 0.665796 12.695528 -4.977292 -6.044374 4.085362 -8.464416 -8.845942 0.212616 23.878248 -8.886955 -2.179700 3.220873 18.057001 2.597970 -30.410448 -15.074354 -10.749421
4.534343 27.134903 -20.890718 -19.561201 6.992620 4.483362 -0.812038 0.287026 -8.954372 2.074655 -2.922193 0.934240 0.301665 0.084686 12.729704 -4.524221 -6.138586 3.909712 -8.264754 -8.216727 0.799731 21.883556 -8.153140 -2.493602 2.875456 17.815691 3.487305 -30.119081 -14.572884 -9.652434
