0.560592 26.067135 -10.255203 4.697640 3.838631 -5.912660 9.281057 12.264783 17.669212 -7.534626 -4.390289 1.296754 -1.285376 -9.772379 5.337305 -2.075132 -5.389643 3.217296 -9.638993 -2.816480 -3.022415 15.354081 -13.042619 15.096386 -15.062820 19.052729 9.757743 -13.400842 -0.026658 9.255933
0.091289 25.983471 -10.341516 4.720179 3.446484 -6.419230 10.083947 12.152478 18.360159 -7.683561 -4.418279 1.315566 -1.299955 -9.771758 5.301595 -2.098890 -5.416506 3.194516 -9.690550 -2.777988 -2.977126 15.485449 -13.464946 15.090127 -15.127362 19.056280 9.889335 -13.337622 -0.023924 9.115723
-1.077740 23.579590 -11.463725 4.111339 0.534821 -3.580792 8.623188 12.101491 18.583132 -7.975493 -3.725302 1.833100 -0.638602 -9.028105 5.968500 -1.780832 -5.582126 2.397153 -9.631942 -2.496151 -2.088184 14.723741 -13.814651 15.974385 -13.916374 18.064947 11.093632 -11.718470 -2.039725 8.446294
-0.253721 24.620863 -10.515706 4.298365 1.548152 -4.087694 9.689918 12.413136 18.384464 -8.403709 -3.990144 1.542959 -0.880186 -9.239779 5.561174 -2.032348 -5.763418 2.812409 -9.779057 -2.457098 -2.178626 15.784101 -13.606417 15.767713 -14.282829 18.499958 10.197488 -12.144168 -1.771097 8.700888
-0.496900 23.806479 -10.834792 3.497619 -0.456240 -1.582417 10.023358 12.002724 17.831911 -8.952665 -3.670585 1.972525 -0.619581 -8.714607 5.806450 -1.902815 -6.017811 2.568175 -9.867902 -2.441458 -1.342778 16.519186 -13.755631 16.799967 -13.478342 18.461632 10.032487 -11.196786 -3.117610 8.401225
-0.642970 22.760553 -11.167804 3.007763 -1.844389 0.008034 10.154983 12.063403 17.468901 -9.483339 -3.286423 2.444571 -0.154405 -8.081911 6.224848 -1.643114 -6.391984 2.607136 -9.920592 -1.948293 -0.694009 17.171194 -13.545082 17.306370 -12.961739 18.113903 9.933219 -10.606203 -4.360641 7.794311
-0.799280 22.214212 -11.199645 2.756362 -2.689708 1.320258 10.631005 11.925139 17.170256 -9.900209 -3.027961 2.961483 -0.033623 -7.765271 6.513482 -1.399266 -6.650888 2.744829 -9.901740 -1.589958 -0.055727 18.087362 -13.407386 17.972023 -12.536551 18.145964 9.329114 -10.169382 -5.280603 7.161545
-0.437078 21.707779 -11.077970 2.698048 -3.080130 2.563663 11.654126 11.846332 16.889755 -10.706415 -2.846876 3.405236 0.001286 -7.533669 6.748029 -1.144281 -6.917330 3.035315 -9.873920 -1.357607 0.644815 18.908880 -13.291084 18.251762 -12.418725 17.965414 8.814713 -9.652550 -6.190228 6.599491
0.037272 21.028709 -11.138425 2.937060 -3.548095 3.743319 12.657952 11.803606 16.882734 -11.477220 -2.662583 3.629603 0.018006 -7.303139 6.886639 -1.057732 -7.187960 3.110840 -9.927340 -1.166129 1.194922 18.910830 -13.224901 18.899981 -11.785410 17.746023 8.625890 -9.191448 -7.089984 6.216027
0.539200 20.472506 -11.101398 2.992296 -3.627766 4.354171 13.292977 11.750796 17.019127 -12.138463 -2.564145 3.893859 -0.306409 -7.201518 6.716576 -1.143514 -7.566039 3.189927 -9.962538 -1.072142 1.642592 18.976452 -13.072988 19.384436 -11.133650 17.648134 8.784639 -8.414442 -7.904316 6.067495
1.498584 19.712160 -11.231013 3.359273 -3.228535 4.996120 13.948297 11.618661 17.647654 -13.077146 -2.507691 3.680887 -0.509205 -6.975139 6.313125 -1.658974 -8.104263 2.804286 -10.086158 -0.888964 2.000652 18.133013 -13.173147 20.166306 -10.159707 17.290066 9.366443 -7.795715 -8.678604 6.344758
1.986934 18.806767 -11.562434 3.706008 -2.304879 4.642228 14.040376 11.570511 18.529402 -13.772119 -2.559130 3.350815 -0.705100 -6.939269 5.775317 -2.199050 -8.391647 2.386025 -10.226707 -0.957741 2.570516 17.087713 -13.372330 21.038340 -9.560086 16.949596 9.993037 -7.322509 -8.808978 7.086953
2.619747 17.833113 -11.857561 4.016634 -1.257259 3.866439 13.710531 11.735831 19.720625 -14.463619 -2.560429 2.717133 -0.511061 -7.034996 5.205227 -2.622333 -8.792158 1.931242 -10.529009 -0.589681 3.016876 16.027933 -13.307073 21.557598 -8.974946 16.824453 10.988581 -6.548576 -9.053446 7.691370
3.066900 16.988499 -12.089591 4.148748 0.158470 2.616780 13.318994 11.944510 20.770096 -15.123550 -2.618701 2.206480 -0.243149 -7.070579 4.733882 -2.924932 -8.896215 1.522323 -10.792969 -0.370355 3.378263 15.110194 -13.378577 21.972937 -8.301409 16.902407 11.975620 -5.639611 -9.373654 8.028097
3.273967 16.545732 -12.096614 3.849440 1.677970 1.159424 12.726746 12.160594 21.607012 -15.605278 -2.615009 1.687084 0.209248 -7.188277 4.386976 -3.084898 -8.861542 1.073559 -11.104950 -0.019167 3.920415 14.310707 -13.224155 22.200790 -7.694919 16.983452 12.869411 -4.618312 -9.803241 8.222310
3.240618 16.467899 -11.972894 3.393343 2.945018 -0.556378 12.014489 12.733939 22.255365 -15.795641 -2.615944 0.971658 0.906152 -7.269442 4.361136 -3.134947 -8.723454 0.797841 -11.377819 0.370074 4.080608 13.692804 -13.285146 22.601894 -6.865313 17.338305 13.722811 -3.689083 -10.388096 8.336539
3.069720 16.483452 -12.078895 2.743984 3.829951 -1.959985 11.004487 13.115788 22.638475 -15.691267 -2.605875 0.519730 1.649789 -7.353522 4.463367 -2.975879 -8.512014 0.718755 -11.561956 0.861049 4.069371 13.134718 -13.350888 22.639002 -6.170871 17.712543 14.799697 -2.695022 -10.932690 8.231143
2.695923 16.726204 -12.413521 2.373969 4.750818 -3.471564 10.130196 13.457196 23.025457 -15.408385 -2.676347 0.007219 2.071712 -7.474542 4.722211 -2.843050 -8.208673 0.977098 -11.625337 1.273282 4.117891 12.614210 -13.480103 22.839987 -5.543376 17.993547 15.565041 -1.839111 -11.402971 7.957261
2.056210 16.874594 -12.375506 2.132669 5.691016 -4.579221 9.903188 13.633234 23.181187 -15.280594 -2.776050 -0.282166 2.666583 -7.625912 4.943556 -2.693113 -7.862302 1.263549 -11.597589 1.828332 3.865451 11.454522 -13.530692 22.799686 -5.007886 17.896324 16.571108 -1.669571 -11.691717 7.534021
1.164731 17.382273 -12.177489 2.051714 6.589768 -5.737030 9.418058 13.703935 23.272177 -14.767341 -2.981838 -0.480792 2.884498 -7.819853 5.128400 -2.597826 -7.616389 1.753280 -11.528900 2.107671 3.626399 10.823473 -15.095843 23.119259 -4.548601 17.750189 17.800909 -1.412847 -11.836510 6.950971
0.853581 17.607048 -12.026761 1.828027 6.785480 -6.048897 9.500272 13.533750 22.946716 -14.560017 -2.976108 -0.478138 2.929174 -7.814602 5.183879 -2.612939 -7.529915 1.917164 -11.555697 2.264867 3.494811 10.393411 -15.512313 23.198048 -4.291578 17.674223 18.124327 -1.364830 -11.836584 6.580162
0.779068 17.711807 -12.058976 1.786550 6.853898 -6.129576 9.580112 13.434981 22.869356 -14.471476 -2.991603 -0.423039 2.870629 -7.823797 5.176661 -2.613431 -7.533093 1.965658 -11.532962 2.222646 3.409316 10.329807 -15.583745 23.161999 -4.282775 17.662706 18.189722 -1.368196 -11.817422 6.652306
2.294382 16.994801 -13.676797 2.166621 3.794362 -3.464219 10.235869 11.941255 22.430868 -14.169221 -2.713821 0.231425 1.753077 -7.282537 4.738894 -3.168406 -8.266603 0.931801 -11.351586 0.672804 3.000515 12.435341 -14.427323 21.090918 -6.322057 17.530268 17.343107 -2.036913 -10.841120 7.781900
2.647024 19.328939 -15.061252 1.396718 -1.342837 -0.870647 10.635816 9.780442 19.527388 -11.372458 -2.531318 2.260266 -0.441110 -6.438392 5.136331 -3.871926 -8.878225 0.337138 -10.115323 -2.069230 1.429450 14.616807 -13.646132 16.461140 -10.321884 15.974154 16.147284 -4.632671 -9.483458 7.417751
2.604033 20.784863 -15.223184 -0.461514 -3.224353 -0.749409 8.667975 10.311960 18.472731 -10.565491 -2.458716 2.444208 -0.440493 -6.233490 5.707637 -3.802400 -8.633070 0.387154 -9.784365 -2.409992 0.641797 14.562117 -13.015321 14.571449 -11.559980 16.040781 16.317675 -5.626794 -9.491905 5.735256
2.242712 21.745979 -15.565274 -1.288864 -5.008821 -0.416141 6.803220 10.831204 18.006716 -9.715463 -2.359067 2.536938 -0.279935 -6.170807 5.817688 -3.688565 -8.421696 0.043799 -9.721615 -2.555149 0.199195 14.424656 -12.386088 13.551128 -12.110109 16.260229 16.097681 -6.179955 -9.363348 4.807974
1.069666 22.619606 -15.299081 -2.337124 -6.660485 -0.603535 4.673570 10.906477 17.136105 -8.415401 -2.339507 2.992613 -0.315177 -5.956973 5.975885 -3.824712 -7.779608 -0.566044 -9.329645 -2.978410 -0.221457 12.931390 -12.341414 12.260715 -12.660059 15.328398 16.995167 -6.901686 -8.652773 4.634190
-0.420369 23.418728 -15.103366 -3.241376 -8.230117 0.381934 3.707732 9.847532 15.705190 -6.804325 -2.121576 3.726323 -0.750066 -6.225803 5.760478 -3.522586 -7.440063 -1.282805 -9.254007 -3.425696 -0.066565 11.883909 -12.465533 11.177061 -13.819116 13.467946 17.712994 -7.860214 -7.833283 5.994590
-0.762514 24.880795 -14.983479 -4.313368 -11.640781 3.758859 4.547984 8.117772 14.029784 -5.829859 -1.921044 4.870121 -1.248430 -6.451637 6.107428 -3.037834 -6.850764 -1.798226 -8.703208 -4.107015 0.040648 10.404285 -12.411160 10.441696 -14.802465 11.895464 18.849699 -8.548977 -7.851352 7.703863
-0.845474 24.895063 -14.981513 -4.505160 -11.829391 3.857022 4.655385 8.035150 13.859809 -5.787239 -1.946167 4.804204 -1.268834 -6.367987 6.215184 -3.096967 -6.817938 -1.731667 -8.661988 -4.207987 -0.018873 10.384596 -12.312487 10.367074 -14.823946 11.857961 18.922136 -8.618063 -7.941784 7.509927
-0.818254 25.022812 -14.955897 -4.362405 -11.723511 3.742097 4.664416 8.053402 13.833196 -5.686345 -1.935356 4.807688 -1.245268 -6.390451 6.182368 -3.062637 -6.792377 -1.766522 -8.687658 -4.184932 -0.126891 10.311127 -12.382316 10.396155 -14.776023 11.818497 19.009481 -8.608723 -7.969202 7.724011
-0.795380 24.849682 -15.019106 -4.426390 -11.709241 3.735584 4.390237 8.045187 13.904170 -5.699763 -1.923741 4.863751 -1.200046 -6.428488 6.174504 -3.024642 -6.807101 -1.819942 -8.676299 -4.159111 -0.019602 10.307333 -12.365284 10.326965 -14.791601 11.748528 19.026423 -8.522032 -8.007421 7.634263
-0.849483 25.011887 -15.016274 -4.265764 -11.618032 3.605277 4.638801 8.058962 14.004534 -5.696860 -1.942726 4.888667 -1.250508 -6.440479 6.173434 -3.023100 -6.810911 -1.800124 -8.661111 -4.211638 -0.100445 10.248850 -12.397139 10.328699 -14.754247 11.775250 19.032471 -8.554420 -7.987312 7.676204
-0.848050 25.030981 -14.993594 -4.281738 -11.513410 3.511068 4.622623 8.080956 14.063831 -5.719734 -1.932892 4.840099 -1.199429 -6.450239 6.169480 -3.010144 -6.822534 -1.788629 -8.684262 -4.134189 -0.042911 10.369430 -12.458682 10.429523 -14.854400 11.740328 18.803331 -8.701146 -7.827396 7.734557
-0.784193 25.024035 -15.012643 -4.083522 -11.393691 3.591703 4.765523 8.085178 14.205404 -5.794446 -1.938365 4.832771 -1.258199 -6.432794 6.131705 -3.022569 -6.849736 -1.790417 -8.698876 -4.132434 -0.123726 10.309936 -12.492967 10.575765 -14.778065 11.971859 18.856749 -8.765673 -7.672715 7.699664
-0.685888 24.956722 -15.026134 -4.040225 -11.388264 3.649688 4.675955 8.115446 14.257384 -5.851365 -1.925551 4.880410 -1.291839 -6.424711 6.122434 -2.996410 -6.862903 -1.735177 -8.707834 -4.102287 -0.074400 10.236326 -12.384925 10.541383 -14.759529 11.985982 19.042652 -8.622535 -7.715114 7.887045
-0.646475 24.925943 -14.982846 -3.970383 -11.243952 3.588980 4.732621 8.211815 14.278378 -5.915862 -1.909742 4.887292 -1.257655 -6.444757 6.049469 -2.967183 -6.930858 -1.712942 -8.774554 -4.003186 -0.021422 10.422684 -12.389580 10.684796 -14.729218 12.038183 18.929094 -8.603574 -7.745544 7.876547
-0.681864 24.957869 -14.974259 -3.952251 -11.250125 3.593380 4.740252 8.198926 14.259847 -5.875324 -1.908466 4.883279 -1.216001 -6.470476 6.040355 -2.937547 -6.906847 -1.742508 -8.779605 -4.005173 -0.004098 10.415127 -12.433988 10.696971 -14.749486 12.025580 18.888597 -8.617000 -7.678884 7.905476
-0.703742 24.947685 -14.964054 -4.086165 -11.183619 3.538988 4.797635 8.174170 14.203186 -5.897171 -1.941751 4.851744 -1.266617 -6.452008 6.053381 -2.956325 -6.967490 -1.654571 -8.784257 -3.980205 -0.076781 10.425726 -12.456889 10.735835 -14.685802 12.061895 18.947245 -8.592795 -7.734893 7.867143
-0.670218 24.904083 -14.967149 -4.098003 -11.113535 3.515713 4.795452 8.189239 14.230834 -5.961357 -1.940184 4.861338 -1.259607 -6.445742 6.061889 -2.960567 -6.944326 -1.658627 -8.775518 -3.989103 -0.025414 10.462427 -12.429169 10.701721 -14.688199 12.057522 18.945753 -8.533813 -7.747950 7.839413
-0.600696 24.897667 -14.973521 -4.150647 -11.166445 3.568827 4.668642 8.206544 14.152533 -5.961502 -1.941514 4.871085 -1.289753 -6.450501 6.058501 -2.978489 -6.954404 -1.679111 -8.769358 -4.015462 -0.153683 10.171055 -11.097120 10.521200 -14.551897 12.176645 18.421457 -8.621956 -7.909485 8.142232
-0.097328 24.939680 -14.829715 -4.158946 -10.560739 4.059167 3.754067 8.384588 13.300708 -5.934062 -1.946395 4.838685 -1.262171 -6.450149 6.089936 -2.964691 -6.931861 -1.668400 -8.761182 -4.004344 -0.144601 10.029134 -10.598922 10.407621 -14.597820 12.141802 18.219229 -8.706266 -7.829422 8.249034
-1.694426 24.787964 -15.091100 -5.865611 -12.349876 4.872837 3.435421 7.691504 11.164049 -4.763353 -1.917508 4.374186 -1.125045 -5.917531 7.044091 -3.338092 -6.294498 -2.015148 -8.330686 -4.919876 0.224248 10.944614 -9.193778 9.471894 -15.070684 11.184172 17.454638 -8.951030 -8.745722 7.206479
-4.394687 23.779148 -14.744348 -7.994050 -13.065445 5.245419 5.551835 7.308700 9.765655 -5.423476 -2.314643 2.046507 -0.592182 -5.088576 8.358971 -5.122553 -5.594088 -2.318809 -7.645493 -5.544132 0.053337 13.578063 -11.897388 8.364396 -16.060015 10.672370 17.866329 -8.873412 -8.917740 4.462007
-5.395707 23.982048 -14.914361 -9.043259 -11.611653 4.928804 4.820972 7.092574 7.729822 -5.071655 -2.537868 0.515265 0.209384 -4.352991 8.907776 -6.110431 -5.494473 -2.535909 -7.549545 -6.433456 -0.742581 13.900496 -9.639161 7.162168 -15.800572 11.225003 17.431993 -9.157218 -9.274887 2.237614
-5.539351 23.649910 -15.945536 -10.910151 -10.238468 3.995371 2.638857 7.224118 6.014191 -4.743537 -2.641344 0.562671 0.606030 -3.820231 9.098810 -6.111434 -5.960166 -2.103344 -7.666673 -6.931051 -2.184424 12.938515 -4.796325 5.452146 -14.981424 12.028852 15.577359 -10.248874 -10.343565 0.262968
-5.926145 23.074507 -17.055189 -12.859011 -9.606756 2.417181 2.603591 6.209418 5.461588 -4.621330 -2.821829 -0.005136 0.971388 -3.514729 9.489405 -6.202550 -5.973410 -1.449400 -7.846194 -7.071780 -3.735556 14.935774 -5.839906 4.977366 -15.155201 11.896248 15.262733 -10.705907 -11.690447 -2.172344
-6.420980 23.248806 -17.302116 -15.139543 -10.113688 1.522718 3.292359 5.968659 5.353739 -4.789138 -2.768634 -0.671757 1.665715 -2.939867 10.322971 -5.853858 -5.342940 -0.523013 -8.360763 -7.129652 -3.698123 17.211016 -6.926714 4.851413 -15.581409 11.796283 14.366258 -11.287532 -12.011219 -4.654285
-6.590070 23.157051 -18.259443 -16.061396 -11.184767 1.397093 3.991325 5.071784 5.039568 -4.422382 -2.517373 -0.981064 1.815011 -2.428430 10.764346 -5.617325 -4.914919 -0.126182 -8.969342 -7.509809 -4.459378 18.752432 -6.022756 5.054002 -15.797039 12.471949 12.299283 -13.365420 -12.356880 -7.780293
-6.403935 22.972521 -19.623892 -17.037245 -11.034941 0.076778 4.873845 3.916270 4.816299 -4.157034 -2.260001 -0.804762 1.962011 -2.086253 11.206371 -5.182061 -4.480262 0.624056 -9.437343 -7.815993 -6.156472 18.759287 -6.581628 4.863069 -15.291790 12.800680 11.635827 -14.836252 -12.848873 -9.093617
-5.749718 23.450409 -19.485235 -17.683435 -10.795403 -1.168932 5.397129 3.000493 4.272140 -3.634662 -2.523251 -0.912044 1.867936 -1.784767 11.531702 -5.273362 -4.062626 1.374553 -9.176003 -8.130403 -7.963662 19.637409 -6.572214 4.505704 -15.227653 13.266233 10.453908 -15.557400 -13.432251 -9.691293
-5.488610 24.640265 -20.363207 -18.287197 -11.579526 -1.059209 6.537858 1.217165 3.967921 -2.944204 -2.572167 -0.970228 1.606487 -1.259366 12.033428 -5.289540 -3.988954 2.192229 -9.141387 -8.414791 -8.266746 22.042402 -7.134106 4.954344 -15.480851 12.681090 9.134478 -15.719954 -13.878802 -9.859509
-5.738805 24.965397 -20.469717 -19.273079 -11.721334 -0.511322 9.053802 -0.617563 3.308923 -2.926722 -2.501827 -0.499539 1.387181 -0.942335 12.232486 -4.928460 -4.199799 2.722853 -9.176431 -8.555304 -8.828613 22.491501 -6.139705 6.041654 -15.606813 11.620495 9.613118 -18.018745 -12.635318 -10.309759
-5.966700 25.001102 -20.760647 -19.867977 -9.458367 -1.731866 10.052649 -2.157876 3.048143 -2.714839 -2.225391 0.264171 1.286011 -0.749839 12.437737 -3.810958 -3.951196 3.505446 -9.667422 -8.589715 -8.654253 20.951921 -7.276733 8.565789 -14.845638 11.229609 11.953176 -20.530846 -8.988507 -10.031018
-6.060873 24.868896 -21.831236 -19.953171 -7.531188 -3.934229 8.681491 -2.719886 3.771313 -1.936147 -2.300365 0.899270 0.789988 -0.579840 12.511302 -3.519412 -4.423692 4.403873 -9.602193 -8.660366 -9.078772 21.989717 -6.106459 10.282609 -14.228369 12.535000 9.639432 -21.187483 -8.545030 -9.190093
-6.014630 24.517418 -23.006790 -21.357714 -5.733545 -6.017332 7.279521 -3.979039 4.226268 -1.179027 -2.467904 0.129789 0.618375 0.216723 12.679033 -4.133017 -4.945603 5.087930 -9.753594 -8.950043 -9.304247 25.777534 -6.471571 10.431750 -13.877157 13.006197 6.399054 -19.993654 -10.214107 -8.359115
-6.085556 24.224033 -23.553232 -21.091602 -5.398602 -6.595877 6.876112 -3.995469 4.809016 -1.210912 -2.470813 -0.014037 0.797491 0.256088 12.800271 -4.068388 -5.116515 5.144950 -9.732569 -8.854261 -8.971242 26.054602 -7.464101 11.216136 -13.331764 13.240540 6.694028 -19.455023 -10.566301 -8.474808
-6.456883 24.218832 -23.439877 -19.580244 -6.365556 -5.088749 7.667658 -3.379416 5.064518 -1.816464 -2.517994 0.460214 1.059568 -0.075269 12.688960 -3.881694 -5.077477 4.396447 -9.433494 -8.470251 -8.474265 23.674700 -7.948836 11.125249 -13.582113 13.163980 8.939584 -20.324335 -9.762094 -10.246234
-6.505260 24.023457 -22.668497 -18.845881 -6.172719 -3.829347 8.715576 -3.012611 3.926767 -2.054262 -2.464071 0.205207 1.312375 -0.061732 12.664880 -3.996750 -5.028873 3.544740 -9.288052 -8.326767 -7.641001 21.968714 -6.058118 11.249301 -13.003262 12.745726 9.071004 -20.024525 -9.348207 -9.368670
-6.578377 23.553963 -22.321949 -18.838507 -5.184692 -3.859443 9.076450 -2.702080 4.081753 -2.593142 -2.561759 -0.003437 1.541297 -0.192963 12.656233 -3.958203 -5.070850 3.636571 -9.446500 -8.118525 -7.449121 20.944685 -5.935673 11.171432 -12.671024 12.820612 8.870173 -19.271496 -9.504435 -8.786714
