-13.198188 24.920326 -20.286547 21.090506 -9.891518 -4.436475 0.702717 0.985655 4.835158 -8.330574 3.097100 8.254486 5.242725 -8.981739 0.698118 -3.537519 -0.396497 5.294225 1.858543 -10.423689 9.152514 5.948981 10.309449 -13.815591 -11.793877 10.969260 1.051247 -27.570856 -1.961848 20.640846
-13.767363 24.880913 -20.505018 21.208023 -10.360793 -5.069871 1.348218 0.758653 5.405233 -8.574432 3.134997 8.316457 5.255929 -8.957846 0.647534 -3.544721 -0.404152 5.284760 1.867131 -10.418829 9.548444 5.982309 10.325425 -14.314826 -11.402458 11.074001 1.084596 -27.868919 -2.037277 20.715446
-17.020176 13.309589 -13.753613 27.037386 -5.040236 -14.400187 9.482068 8.945340 2.436760 -6.791731 1.986270 8.630161 2.467879 -12.423368 -5.279462 -5.702294 1.239059 -0.320868 5.512958 -4.169034 13.287152 2.982347 8.153646 -24.996216 -13.036779 16.800249 -9.123628 -15.773725 -1.082010 9.210323
-16.611593 11.571855 -12.653023 27.783741 -4.846151 -16.708540 9.704414 10.111781 2.754757 -5.686259 1.158343 8.843901 2.771898 -13.042526 -5.394516 -5.441444 1.694080 -0.527952 5.979324 -1.839653 16.430983 2.094309 8.519214 -27.636414 -12.340456 17.951880 -5.841172 -12.630816 1.032609 9.621295
-15.997412 10.759164 -11.782663 29.412123 -5.520113 -17.731010 8.985461 10.912095 2.023789 -5.982635 0.691031 8.056681 2.783769 -13.445816 -5.443696 -5.485573 2.668355 -0.220911 6.317022 -0.866505 18.148014 0.105675 8.663074 -26.579697 -12.883850 17.211622 -5.613352 -10.377665 3.083594 10.670141
-15.704835 10.303037 -10.484719 30.175652 -6.308793 -18.281851 8.185143 11.024772 1.742259 -5.657761 0.758430 7.666903 3.675909 -13.554627 -5.509477 -5.013704 3.328190 -0.393195 6.172543 -0.321044 20.324289 -0.389810 9.177319 -26.853519 -12.595820 17.321842 -5.477798 -8.968637 4.086745 10.004539
-15.133763 9.709337 -9.967531 31.501287 -6.778590 -18.954578 7.150380 10.548985 1.387211 -6.197828 0.768034 7.664496 4.035191 -13.577215 -5.636593 -4.418571 3.935402 -0.448631 5.872031 0.443664 20.926405 -0.593346 8.851520 -27.899307 -11.665996 17.933294 -5.401307 -7.167881 3.974108 10.182967
-14.973207 9.342739 -9.354918 32.010376 -7.011522 -19.773016 5.899595 10.588914 1.279193 -6.070679 0.732673 7.425203 4.049897 -13.698988 -5.949972 -4.250862 4.224557 -0.505454 5.884435 0.644431 22.105608 -0.239870 8.155009 -29.443478 -10.657232 18.492659 -5.424037 -5.726110 4.029675 10.954159
-14.686202 8.958528 -8.684703 32.124744 -7.490715 -20.161150 5.009769 11.134137 1.636358 -5.711064 0.768194 7.239985 4.299054 -13.706833 -6.121261 -4.027618 4.454359 -0.561224 5.751655 0.921570 22.409857 -0.195555 7.757820 -29.591799 -10.433667 18.474669 -4.826015 -4.106593 3.601418 12.412255
-14.610218 8.393094 -8.077580 32.614616 -7.784548 -20.194202 4.653673 11.270853 2.121592 -5.696327 0.743291 6.964387 4.731084 -13.810724 -6.220796 -3.907774 4.575184 -0.664488 5.748207 1.237154 22.740864 -0.295147 7.522955 -29.404213 -10.335594 18.397299 -4.303373 -2.652923 3.424145 14.160764
-14.350587 7.774832 -7.760499 33.219185 -8.577889 -20.068005 3.310820 11.513658 2.504925 -6.583406 0.953463 6.821518 5.137974 -13.667695 -6.210207 -3.486388 5.016710 -0.715036 5.410618 1.430925 23.245401 0.354055 7.208797 -28.884071 -10.696459 17.786489 -4.194530 -1.288976 3.461726 16.167690
-14.247111 7.096257 -7.171597 33.909981 -9.377791 -19.945948 2.277885 11.783656 2.545027 -7.452991 1.001201 6.484805 5.653296 -13.580836 -6.103610 -3.065920 5.569072 -0.668085 4.918941 1.502888 23.347084 0.850019 6.903355 -28.442799 -11.045029 17.769215 -4.124171 -0.115639 3.759680 17.570122
-14.113256 6.370164 -6.506886 34.159512 -9.695492 -19.344519 1.384621 11.920596 3.048728 -8.016905 1.108467 6.125751 5.945548 -13.515647 -6.315354 -3.040802 6.048482 -0.860560 4.576700 1.429079 23.810850 0.913899 6.527275 -27.682795 -10.933016 17.121046 -3.912670 1.230223 3.805298 19.132652
-13.537238 6.119893 -5.803918 33.745594 -10.292614 -18.546473 0.796449 12.724080 3.274905 -7.541508 1.201907 5.688531 6.290600 -13.359401 -6.498922 -3.155116 6.528517 -1.267324 4.156502 1.369226 24.942747 -0.074951 6.128103 -27.487568 -10.169245 16.590878 -4.329646 1.564987 3.933161 19.705666
-12.958739 5.186772 -4.535354 32.767181 -11.807945 -17.364357 -0.289242 14.273448 3.678041 -7.399286 1.489145 5.308782 6.823833 -13.013863 -6.613058 -3.037435 7.209752 -1.444090 3.531669 1.498905 26.743641 -0.427452 5.334269 -26.235840 -9.742111 15.735618 -6.007173 2.021124 4.132156 20.486000
-12.961294 3.597683 -2.917457 32.861820 -13.070544 -15.750889 -1.210710 15.429771 4.183185 -8.492478 1.627250 4.868114 7.795805 -12.812380 -6.694832 -2.603742 7.795060 -1.683363 2.681397 1.698637 28.377790 0.274397 4.402594 -25.434208 -9.466617 15.396076 -7.518235 2.632420 4.274962 20.997223
-13.039227 3.277593 -2.338064 33.148022 -13.415239 -15.380101 -1.298825 15.491659 4.319936 -9.068275 1.705583 4.672556 8.140086 -12.737516 -6.703026 -2.516903 8.010258 -1.722205 2.469342 1.737868 29.048094 0.725831 4.135676 -25.083311 -9.420697 15.221333 -8.395907 2.951148 4.174525 21.206470
-13.233912 3.189510 -2.224169 33.390255 -13.729279 -15.213483 -1.248734 15.519482 4.362212 -9.205316 1.789969 4.508259 8.357665 -12.723015 -6.742175 -2.487278 8.159512 -1.753552 2.412724 1.691000 29.692345 0.939761 4.184661 -24.909035 -9.422018 15.233178 -8.497464 3.157451 4.340878 21.030499
-13.237988 3.165379 -2.183055 33.365025 -13.946630 -15.198771 -1.275506 15.712747 4.485202 -9.093958 1.833451 4.390579 8.448787 -12.748236 -6.688237 -2.424149 8.250120 -1.730295 2.366718 1.694937 29.742596 1.042993 4.140478 -24.901798 -9.411688 15.240327 -8.616266 3.271158 4.260132 21.036514
-13.259477 3.034076 -1.955674 33.338200 -14.182206 -15.044236 -1.147771 15.976016 4.513912 -9.013807 1.919070 3.964782 8.305859 -12.877767 -6.453621 -2.142878 8.194178 -1.863667 2.230848 1.768471 29.857029 1.179087 4.312769 -24.638285 -9.693826 15.018648 -8.867193 3.489476 4.278252 20.902369
-14.224088 3.255746 -2.464841 33.633808 -13.628344 -16.121164 -1.173595 14.489869 3.970433 -10.328395 1.920218 4.891909 7.579272 -12.651089 -6.771483 -2.146725 8.079750 -1.931677 2.146307 1.592055 28.540762 1.645028 4.200355 -25.531631 -9.564777 15.277132 -9.122818 3.431619 3.251761 21.805779
-13.250714 3.370502 -2.531585 33.273407 -13.867828 -15.579929 -1.042835 15.637133 4.312806 -9.159376 1.942692 4.357611 8.017970 -12.928291 -6.545697 -2.008611 8.068577 -1.760091 2.242449 1.609774 29.636765 0.983199 4.273903 -24.709209 -9.698427 15.114487 -8.998990 3.510389 4.181530 21.198906
-5.238691 -3.212854 -1.821993 28.538227 -20.614374 -8.998824 0.453514 26.422075 6.224124 -8.479865 0.710108 0.568794 11.107093 -11.794849 -5.208422 -2.595912 8.454323 -3.926673 -0.135131 -1.064854 32.004513 8.717461 7.692187 -13.663799 -17.391413 12.674232 -13.799995 -1.485311 13.534151 14.249434
-2.747327 -0.429614 -4.130260 26.613791 -23.326126 -9.101447 1.759661 27.970499 4.835932 -5.440225 -0.147416 1.209501 11.806862 -11.969188 -3.177926 -2.317108 7.643551 -2.482896 0.028864 -0.192527 32.395332 6.481732 9.295362 -11.327119 -18.804701 11.881646 -9.074080 -1.200187 14.300068 16.883759
-2.059844 3.977763 -7.181651 24.434816 -24.204643 -13.176560 1.925516 26.992769 2.391773 -3.243805 -1.715848 1.547147 11.798345 -13.469187 -1.866759 -2.503972 6.336837 -0.748512 2.446750 1.079040 32.793968 4.028156 11.597850 -13.063510 -16.900229 12.833114 -2.357788 -2.573569 16.236715 15.662072
-2.158684 5.583824 -8.646403 23.558306 -23.658266 -14.381289 2.445832 25.794722 1.980421 -2.139581 -1.993508 2.098299 11.075985 -13.834081 -1.632000 -2.782801 5.877192 -0.282167 3.229750 1.268770 32.073452 2.578109 12.129604 -13.442952 -16.724461 13.267103 -0.382980 -3.700602 16.483721 14.723442
-2.142694 5.825394 -8.733536 23.386959 -24.056870 -14.839490 2.342376 25.871054 1.427294 -2.199948 -1.924733 2.165843 11.106521 -13.801726 -1.598540 -2.753075 5.754080 -0.202685 3.289150 1.255615 32.066147 2.559363 12.176476 -13.626380 -16.709440 13.321335 -0.119876 -3.949253 16.663490 14.597348
-2.195316 5.803808 -8.728684 23.342453 -24.003439 -14.822850 2.410237 25.823751 1.519933 -2.094023 -1.915975 2.150251 11.071036 -13.826515 -1.580420 -2.800701 5.745473 -0.159274 3.351248 1.288202 31.905590 2.514449 12.064015 -13.640008 -16.793749 13.248692 -0.100897 -3.817967 16.618679 14.814973
-2.169598 5.848213 -8.781924 23.294840 -24.100716 -14.879731 2.401122 25.824133 1.383311 -2.213464 -1.962013 2.147606 11.057730 -13.797194 -1.578317 -2.805262 5.767075 -0.194526 3.264900 1.260613 32.128452 2.503202 12.117512 -13.678288 -16.654320 13.325249 -0.058129 -3.841525 16.676659 14.729633
-2.065217 5.778935 -8.791861 23.107416 -24.158035 -14.694135 2.502997 25.983229 1.612233 -1.955830 -1.982416 2.123184 11.073384 -13.771734 -1.536872 -2.799394 5.804074 -0.178520 3.226345 1.226097 32.013390 2.622097 12.198747 -13.461377 -16.851227 13.319054 -0.104354 -3.752280 16.682421 14.559720
-2.085738 5.774798 -8.802476 23.009115 -24.130337 -14.755345 2.486857 26.025450 1.601905 -1.869313 -1.994948 2.124824 11.083493 -13.792400 -1.522459 -2.820572 5.747690 -0.163357 3.277982 1.239745 31.970358 2.561777 12.187997 -13.448003 -16.885826 13.271132 -0.138937 -3.786158 16.684654 14.487267
-2.137226 5.758874 -8.783252 23.055239 -24.145082 -14.736161 2.494666 26.036619 1.607250 -1.915495 -1.997643 2.140356 11.083161 -13.795057 -1.535171 -2.824736 5.742441 -0.188159 3.280782 1.257162 31.967237 2.552447 12.161776 -13.436156 -16.897009 13.257133 -0.165626 -3.755911 16.700846 14.429111
-2.139127 5.768811 -8.771675 23.068659 -24.153978 -14.654607 2.507274 26.009439 1.623134 -1.958200 -1.993433 2.182860 11.024403 -13.805824 -1.537317 -2.833289 5.730813 -0.170998 3.303187 1.231045 31.991556 2.538970 12.175802 -13.442382 -16.876818 13.258199 -0.148410 -3.747988 16.695608 14.454213
-2.180116 5.730793 -8.749584 23.079769 -24.158384 -14.610354 2.519840 26.015480 1.640552 -1.992769 -2.006929 2.168092 11.120770 -13.814866 -1.519202 -2.776341 5.781534 -0.159612 3.247835 1.276317 32.063465 2.493959 12.206757 -13.394326 -16.914465 13.250029 -0.156981 -3.723457 16.776339 14.338580
-2.119000 5.775795 -8.752218 22.993479 -24.190197 -14.661795 2.481985 26.065929 1.566256 -1.946714 -2.016807 2.163223 11.098556 -13.825214 -1.519103 -2.796469 5.780649 -0.147924 3.279431 1.266439 32.133499 2.515154 12.226449 -13.383510 -16.941490 13.219063 -0.175393 -3.768660 16.792791 14.287238
-2.114272 5.724553 -8.784621 22.964109 -24.144720 -14.679500 2.425586 26.079000 1.609653 -1.939750 -2.022080 2.154117 11.091977 -13.832332 -1.515375 -2.813007 5.763793 -0.130387 3.322614 1.279820 32.133789 2.476820 12.232602 -13.506917 -16.820587 13.249032 -0.003936 -3.791793 16.749695 14.358492
-2.074017 5.707924 -8.838587 22.951471 -24.138960 -14.664428 2.481723 26.084169 1.609644 -1.915676 -2.019635 2.181154 11.046555 -13.834339 -1.532493 -2.819484 5.755704 -0.110538 3.323609 1.254965 32.024319 2.505057 12.256845 -13.391023 -16.905670 13.279514 0.025936 -3.768955 16.810572 14.338479
-2.086130 5.700107 -8.854988 22.973982 -24.078600 -14.697577 2.473130 26.080999 1.614607 -1.900172 -2.024954 2.144845 11.082578 -13.832794 -1.517207 -2.819004 5.783358 -0.096704 3.315590 1.249771 31.982397 2.485204 12.258107 -13.394864 -17.006195 13.228952 0.056194 -3.748128 16.850363 14.361353
-2.083936 5.705115 -8.884514 22.984346 -24.084742 -14.658996 2.444379 26.080399 1.654384 -1.948056 -2.037604 2.144461 11.092818 -13.814616 -1.499959 -2.840934 5.765090 -0.122060 3.313031 1.239297 31.983505 2.537836 12.276710 -13.425799 -16.982704 13.262839 0.072388 -3.747747 16.817465 14.352572
-2.072701 5.742151 -8.840937 22.926676 -24.157185 -14.649468 2.442994 26.108500 1.595674 -1.932973 -2.017371 2.149364 11.116239 -13.811584 -1.494458 -2.818274 5.767928 -0.108402 3.301333 1.232947 32.014713 2.541895 12.291886 -13.375623 -17.014818 13.225884 0.041295 -3.767503 16.832182 14.339103
-2.035989 5.730320 -8.858130 22.913664 -24.146856 -14.660979 2.377331 26.116482 1.566224 -1.926314 -2.121176 2.419543 11.362757 -13.677359 -1.742663 -3.156675 5.852783 -0.047890 3.430069 1.159647 32.020721 2.602553 12.145727 -13.364963 -17.032019 13.234043 0.099863 -3.747271 16.839224 14.294781
-1.565013 5.820349 -8.702070 23.000664 -23.691702 -14.140059 1.760582 26.184065 0.855364 -1.960390 -2.135275 2.401817 11.330585 -13.692453 -1.715606 -3.131385 5.848551 -0.060389 3.421944 1.156036 32.032314 2.591258 12.203413 -13.402717 -16.993803 13.271736 0.071790 -3.771970 16.836626 14.306028
-5.283760 7.682384 -9.073794 22.208475 -17.713594 -15.114617 3.396126 22.337328 1.757887 -0.156283 -1.718057 3.817175 8.338680 -13.709563 -2.701077 -4.049572 5.231980 0.269634 4.513244 0.796261 27.802546 -2.327451 11.062504 -15.905133 -15.975718 12.834333 2.889729 -2.988418 14.405041 16.147017
-7.618199 8.350880 -8.951606 22.278555 -15.603857 -14.927818 4.859791 20.915953 3.475779 0.954631 -1.348842 3.776906 6.814593 -14.108098 -2.487066 -3.965957 4.790445 0.530621 4.885953 0.794775 26.431364 -4.516689 10.641673 -16.456249 -15.583300 12.287049 3.368372 -3.455855 13.471926 17.322824
-7.668660 9.345140 -8.683572 22.136126 -14.288613 -14.895070 4.511677 20.778090 3.212444 2.283761 -1.436364 4.281054 6.201197 -13.952856 -2.947845 -4.457070 4.683415 0.597196 5.239028 0.577121 24.595592 -5.871962 10.392996 -16.700745 -16.199308 11.970066 3.523692 -3.169099 13.095011 17.347424
-7.927194 9.598387 -8.306066 22.367840 -14.062178 -14.893826 4.076558 20.788698 2.529613 2.464635 -1.451923 4.604520 6.429565 -13.766142 -3.598974 -5.030637 4.652140 0.238580 5.486556 0.235486 24.495893 -6.184818 9.979989 -17.846241 -15.642376 12.625111 3.205769 -2.917795 12.553162 16.979038
-8.264852 10.970471 -8.306670 21.704317 -13.298540 -14.262282 4.220950 20.605709 3.635875 4.160832 -1.589414 4.846438 5.775519 -13.644887 -3.342624 -5.576057 4.050169 0.191330 5.775308 0.179025 21.828783 -6.819681 9.982682 -18.288477 -16.515425 12.994942 2.873613 -2.634960 11.068677 16.696981
-8.546563 11.747043 -9.538061 21.178858 -11.650208 -15.089433 4.397779 20.066496 4.329335 4.954659 -1.813414 5.252732 4.892095 -13.744089 -3.236851 -6.362193 3.247713 -0.016416 6.265171 -0.330818 19.360430 -6.219091 10.731039 -18.628571 -17.769241 13.559361 2.081533 -4.165208 10.145542 14.615985
-9.159036 11.559765 -11.069427 20.200045 -9.280636 -14.880183 5.061502 19.281649 5.987183 6.257737 -2.262371 5.753703 4.282088 -13.657915 -3.154844 -6.761589 2.594533 -0.419458 6.393477 -1.085237 15.845146 -5.190846 11.160728 -19.412762 -18.913687 14.383689 1.895141 -5.518979 9.837633 13.356045
-9.738808 12.391133 -10.633325 18.837831 -8.456309 -14.169602 5.230187 19.766397 6.936939 7.747755 -2.616711 5.583399 3.164256 -13.507454 -3.367937 -7.719590 2.445346 -0.859117 6.566509 -1.972534 12.539548 -4.777582 11.565515 -19.079041 -20.917665 14.557967 3.540399 -5.195073 9.762314 13.753110
-10.296607 14.485258 -8.352283 17.105047 -8.514076 -11.636346 4.633164 19.875980 8.497325 9.254563 -2.860343 5.012764 2.578309 -13.263355 -3.504158 -8.941021 2.319873 -1.439825 6.823747 -2.618825 10.075035 -5.200669 11.992499 -18.258209 -22.750364 13.967020 4.777257 -5.059954 9.693502 15.162074
-10.142566 14.840757 -6.955451 14.948946 -8.397486 -9.239423 5.521009 21.271147 10.277874 11.800009 -2.143466 5.277608 1.277701 -13.257982 -4.683393 -8.993089 2.906301 -1.574221 6.759906 -3.646694 8.155550 -5.563705 12.059579 -16.006891 -25.085119 12.316006 5.114617 -3.912023 9.772056 16.430826
-9.507862 15.550324 -6.522339 15.243072 -7.637037 -7.238044 6.650765 21.730925 11.665713 13.627522 -0.793722 5.290601 0.901685 -12.826281 -5.184135 -8.532750 3.765427 -0.869901 6.476985 -4.213080 6.589658 -5.528604 11.919984 -14.236189 -26.776289 11.010828 5.464727 -3.021576 9.298488 17.613373
-9.123170 16.176516 -7.189148 16.059746 -5.887993 -5.909389 8.628554 20.969519 12.187115 14.427642 0.662058 4.542161 -0.039416 -13.124174 -5.390219 -8.197323 3.902245 -0.026091 6.949284 -4.699840 5.837946 -4.524273 11.394022 -12.618604 -27.882944 10.340187 3.675544 -3.377088 8.656663 17.438320
-8.788472 15.939034 -7.979851 16.902712 -5.148630 -5.665913 8.800561 20.892082 12.713019 14.545173 1.036542 4.971584 0.363708 -12.927722 -5.449369 -8.228679 3.808359 0.561043 7.076795 -4.875768 5.456586 -4.324644 11.393926 -12.144182 -28.397024 10.049683 3.293759 -2.950209 8.551603 17.375601
-8.669673 15.890166 -7.890500 16.897169 -4.886987 -5.527462 8.707465 20.869097 12.477855 14.564165 0.963026 4.965451 0.349834 -12.788097 -5.476182 -8.404129 3.813392 0.480489 6.984436 -5.078803 5.387469 -4.301480 11.279685 -12.197373 -28.192976 9.959736 3.029452 -3.286810 8.351422 17.546749
-8.771035 15.926706 -8.107557 16.781595 -5.040197 -5.553101 8.988932 20.785872 12.805805 14.654333 1.125107 5.036514 0.335066 -12.855404 -5.487577 -8.260064 3.749166 0.621701 7.083025 -5.013513 5.285222 -4.268574 11.316862 -11.964762 -28.534777 9.877553 3.116383 -2.928811 8.324947 17.520123
-8.813199 15.995874 -8.164039 16.559692 -5.193240 -5.716781 8.905597 20.880657 12.785934 14.662733 1.357326 4.761843 -0.062367 -13.011374 -5.076494 -7.657784 3.647930 0.719985 6.835435 -4.912432 5.375495 -4.353748 11.225680 -12.174273 -28.256544 9.951056 3.639635 -3.052238 8.333421 17.967222
-8.604118 15.893536 -8.128376 16.724863 -5.037262 -5.534161 8.667308 20.919905 12.634830 14.653519 1.291747 5.048958 0.152973 -12.817969 -5.534280 -8.180680 3.768758 0.676491 7.020916 -5.137049 5.278115 -4.473808 11.394729 -12.148494 -28.314547 9.872233 3.481808 -3.048980 8.343743 17.849489
-8.548726 15.944016 -8.137570 16.597507 -4.948106 -5.522868 8.599509 20.954157 12.535892 14.649057 1.130458 5.261767 0.370014 -12.786665 -5.445803 -8.144880 3.717764 0.748175 6.991777 -5.013680 5.370013 -4.377208 11.354506 -12.164915 -28.265316 9.925224 3.397482 -3.046297 8.313931 17.883770
