-13.175851 24.941055 -20.280722 21.085348 -9.908460 -4.445677 0.709511 0.952053 4.841059 -8.308165 3.100514 8.271780 5.244889 -8.992590 0.709845 -3.518481 -0.395394 5.298135 1.850542 -10.404444 -0.185719 8.266816 13.368085 -0.454603 -27.673519 7.434119 2.074460 -18.858274 1.728303 17.149061
-13.728216 24.865126 -20.507233 21.188471 -10.419327 -5.016215 1.338647 0.756328 5.459403 -8.557938 3.122280 8.331505 5.248370 -8.973915 0.667188 -3.531750 -0.399397 5.295224 1.862479 -10.399740 -0.124749 8.330212 13.372909 -0.592557 -27.771006 7.366029 1.988536 -18.897898 1.740001 17.117981
-19.727858 12.401012 -12.305850 26.569494 -5.029161 -10.005217 12.304656 6.709726 -0.092375 -11.229723 4.242669 8.796873 2.713730 -12.029623 -5.900672 -4.401590 1.811241 0.489237 5.242966 -4.774436 1.904595 4.157300 10.204619 -5.896116 -31.597628 9.784113 -12.973729 -9.723447 2.323880 1.888919
-17.295698 14.107605 -15.011552 26.850115 -5.270038 -12.390096 10.137668 6.886720 0.387858 -9.718452 3.409071 8.733572 2.821405 -12.010110 -5.009069 -4.763394 0.920691 0.695919 5.329897 -5.096064 2.826666 6.321332 12.436401 -6.812941 -31.618904 10.741302 -9.937108 -9.582620 2.413578 2.293678
-16.676962 14.579453 -14.801991 27.799541 -4.915850 -13.154443 9.615267 6.891614 1.705389 -8.509233 2.969895 8.857221 2.968054 -12.256105 -4.519929 -4.626534 0.626546 1.051051 5.454351 -4.919749 2.530595 6.849021 12.783965 -8.622976 -31.000429 11.973462 -7.943638 -8.520463 2.119740 4.056498
-15.828939 15.472052 -14.394593 27.988680 -5.378464 -13.687720 8.399533 6.681391 2.378570 -7.414192 2.372724 8.645464 3.073581 -12.359098 -4.127388 -4.730449 0.761043 1.175714 5.352542 -4.738221 2.835652 6.467519 12.830579 -9.299799 -30.731161 12.370689 -6.232193 -7.814384 2.688140 5.651824
-15.166514 15.608315 -14.127062 27.776487 -5.662435 -13.939295 8.083327 7.228406 3.159958 -6.059360 1.906292 8.348734 3.023083 -12.421671 -3.860709 -4.864550 1.204846 1.468100 5.282516 -4.699176 3.518274 5.829386 12.743882 -9.382540 -30.430916 12.321913 -5.236492 -7.679867 3.632685 6.638579
-14.718381 16.871643 -13.158025 26.187443 -7.534640 -14.473701 7.080434 8.129594 2.543054 -5.001225 1.382657 7.382879 3.315967 -12.280237 -3.413679 -5.388689 2.006045 1.583346 5.181843 -4.386869 5.479168 4.496012 12.288286 -9.194530 -29.697493 11.597918 -4.443455 -7.667004 5.448026 8.422433
-14.319255 17.790411 -12.408902 23.832293 -8.877946 -14.492239 6.634027 9.697883 2.235168 -3.651722 0.529498 6.206019 3.629664 -12.242058 -3.101533 -6.342992 2.612603 1.401587 5.190258 -4.808931 6.910944 2.679168 12.193341 -8.776889 -29.426702 11.018354 -3.596344 -7.756070 7.205447 9.554934
-13.522129 17.738451 -12.001451 22.353518 -9.988989 -14.314719 6.047987 10.710978 2.143211 -2.544921 0.142787 5.420525 3.849073 -12.263444 -2.827850 -6.593175 2.881582 1.498570 5.219354 -4.844146 7.493365 1.139032 12.395424 -8.044744 -29.130476 10.395352 -2.177809 -7.532660 8.364574 11.424309
-12.456168 18.331257 -12.101964 20.116014 -11.236813 -14.536273 4.712129 11.974614 2.515620 -0.791358 -0.206718 4.480381 4.410719 -12.294098 -2.215619 -6.537060 2.959428 1.964586 5.239787 -5.080596 7.853809 -0.355729 12.509171 -7.382047 -29.299345 9.898380 -0.151949 -7.264650 9.771988 13.306320
-10.782523 17.223713 -13.401380 19.509493 -12.124670 -14.502761 4.591748 13.593304 3.620323 0.366310 -0.696755 4.221393 4.587414 -12.578418 -1.750414 -6.416408 2.821314 2.347802 5.553114 -4.794706 8.541421 -0.725186 13.102269 -7.190557 -29.095846 10.026728 1.961464 -7.351664 10.860355 13.305472
-8.419525 16.555687 -15.325776 19.877359 -12.804734 -14.874443 3.747501 14.601679 4.635370 1.865107 -1.669346 4.466223 5.770870 -12.740018 -0.618415 -5.759128 2.531634 2.562196 5.185904 -3.700939 10.162290 0.228969 13.973710 -8.674133 -27.185442 10.877079 5.012924 -7.386402 10.964651 13.818185
-6.843977 16.949713 -15.428813 19.783461 -13.672845 -14.901985 2.255248 15.362853 5.413487 2.979781 -1.867950 4.232849 6.841391 -12.855782 0.175413 -5.118783 2.580950 3.279091 5.059045 -2.995276 11.152256 1.457969 14.511114 -8.960633 -26.723642 11.151052 6.022985 -6.773667 10.493258 14.902187
-6.850052 17.088753 -15.442880 19.799587 -13.559266 -14.758971 2.336807 15.307500 5.534408 3.069221 -1.890980 4.244037 6.778599 -12.863003 0.183515 -5.186927 2.561219 3.275400 5.123502 -2.979511 11.218179 1.336358 14.517423 -9.017797 -26.620504 11.139805 6.164404 -6.688550 10.558891 15.212146
-6.670791 16.889296 -15.350707 19.765347 -13.676424 -14.931229 2.151934 15.519696 5.474002 3.202602 -1.885661 4.180687 6.924893 -12.877009 0.172530 -5.127560 2.572547 3.264025 5.106719 -2.953017 11.517309 1.316803 14.535649 -9.110064 -26.510908 11.184551 6.286929 -6.465142 10.523607 15.143088
-6.817757 16.940258 -15.418752 19.693796 -13.633412 -14.847120 2.276155 15.385758 5.509543 3.100978 -1.865638 4.216177 6.875584 -12.830495 0.210497 -5.110562 2.581949 3.315596 5.049513 -2.979761 11.237577 1.430681 14.488395 -8.999568 -26.587942 11.169053 6.087542 -6.679958 10.471811 14.995151
-6.666575 16.918865 -15.421222 19.720234 -13.618985 -15.006719 2.104216 15.499373 5.574396 3.383333 -1.931780 4.196765 6.931612 -12.879534 0.208730 -5.120654 2.557372 3.314868 5.112677 -2.924622 11.664041 1.223035 14.599151 -9.098355 -26.370607 11.233120 6.425068 -6.354588 10.557783 15.276453
-6.826553 16.957287 -15.355950 19.739840 -13.599567 -14.927972 2.253335 15.350419 5.424784 3.174634 -1.859148 4.218486 6.898290 -12.891664 0.132856 -5.076107 2.592060 3.243890 5.078537 -2.905639 11.483944 1.316941 14.572519 -8.919209 -26.546289 11.151588 6.228014 -6.663911 10.592542 15.074235
-6.871276 17.101540 -15.441844 19.806059 -13.573761 -14.880067 2.414666 15.289039 5.482177 3.019548 -1.775358 3.954412 6.559127 -12.970120 0.421786 -4.831622 2.476411 3.233996 4.946255 -2.936446 11.224294 1.324884 14.670764 -9.012305 -26.566395 11.145835 6.167728 -6.698063 10.504541 15.165535
-6.737159 16.875923 -15.389419 19.799967 -13.666471 -14.889176 2.257091 15.462262 5.579284 3.238206 -1.804244 3.901060 6.697428 -13.048306 0.424608 -4.776875 2.484500 3.225312 4.988363 -2.818075 11.567496 1.244350 14.652355 -9.058033 -26.417662 11.235449 6.248142 -6.476227 10.553847 15.247025
-6.875872 17.006046 -15.416310 19.828863 -13.575296 -14.888137 2.435462 15.298732 5.505864 3.107542 -1.786654 3.984753 6.590081 -13.016052 0.409764 -4.785277 2.485267 3.212758 4.940390 -2.846651 11.175910 1.359789 14.635099 -8.936541 -26.638073 11.172369 6.076380 -6.649398 10.533047 15.119063
-12.604236 15.670322 -4.313396 16.438776 -14.203595 1.724989 -2.097893 14.683066 14.462430 3.484004 1.231703 7.434608 3.186226 -10.147191 -0.649352 -1.758667 7.011338 4.060933 0.584784 -3.350346 8.532658 -1.878730 7.054292 -3.739896 -24.690424 3.443737 -2.664261 -6.451378 4.978055 28.764704
-17.260494 18.784275 -0.778057 12.916315 -12.916630 4.836613 -2.964628 12.337251 13.861031 3.479792 0.785412 6.929229 1.399575 -9.455543 -0.475598 -3.077960 7.853560 4.386979 0.116259 -4.877047 4.839263 -4.222118 4.088190 -5.601723 -23.712660 2.561973 -4.549249 -8.042898 1.853882 29.702663
-20.627550 21.212809 1.184580 10.587798 -10.595936 5.486536 -2.669455 9.975653 13.632761 4.245120 1.021993 7.183120 -0.220653 -8.750231 -0.078579 -3.219744 8.280235 5.071582 -0.872901 -5.916963 3.132256 -5.956896 2.202375 -6.134329 -23.425360 2.538634 -6.032827 -8.625324 1.583129 30.897421
-20.567617 21.176535 1.269202 10.742998 -10.405665 5.592103 -2.656373 10.051064 13.784470 4.334493 0.983114 7.267796 -0.351440 -8.745095 -0.079549 -3.236284 8.236649 5.002308 -0.866629 -5.835721 3.420638 -6.189332 2.199582 -6.182281 -23.267490 2.494954 -6.151073 -8.664424 1.714242 30.941751
-20.461645 21.337204 1.313547 10.611725 -10.826723 5.568708 -2.886618 10.264470 13.828345 4.333192 0.982498 7.240213 -0.231981 -8.747725 -0.034382 -3.191664 8.341843 5.035045 -0.944541 -5.818578 3.589630 -6.286328 2.401117 -5.980516 -23.213079 2.414628 -6.259244 -8.508395 1.556964 31.204647
-20.203831 21.273972 1.369094 10.420328 -11.227114 5.485168 -2.986200 10.667341 13.762486 4.445149 0.955232 7.267092 -0.130810 -8.793625 0.001217 -3.116236 8.384428 5.081307 -0.949584 -5.690873 3.741160 -6.316864 2.524285 -6.228079 -23.043217 2.472126 -6.057549 -8.267004 1.484525 31.128708
-20.130365 21.101254 1.365455 10.418060 -11.354921 5.481652 -3.108827 10.807125 13.744799 4.276517 0.945719 7.274273 -0.026213 -8.809097 -0.013482 -3.139575 8.292662 5.058580 -0.935611 -5.743637 4.127063 -6.027730 2.623701 -5.904306 -23.103964 2.453840 -6.416179 -8.276522 1.508469 31.187782
-20.054688 21.009281 1.515803 10.376152 -11.549892 5.556165 -3.064579 11.056735 13.819283 4.297876 0.913366 7.240026 -0.018376 -8.860662 -0.038298 -3.123410 8.282892 5.032681 -0.878976 -5.678581 4.280200 -6.160193 2.678104 -5.792773 -22.941204 2.320145 -6.416932 -8.462968 1.596619 31.324738
-20.353035 21.356098 1.304719 10.427370 -10.917528 5.527983 -2.940986 10.502385 13.819566 4.515408 0.950999 7.212362 -0.163682 -8.774471 0.019286 -3.161026 8.333654 5.120102 -0.937887 -5.822500 3.638642 -6.277550 2.502561 -6.054764 -23.157444 2.455665 -6.172074 -8.444814 1.541514 31.142937
-20.212004 21.205524 1.298923 10.340760 -11.125248 5.412107 -3.070279 10.695382 13.754806 4.439970 0.933895 7.279356 -0.118248 -8.800354 -0.014482 -3.145579 8.355925 5.077640 -0.939693 -5.696111 3.802687 -6.243502 2.609989 -6.096965 -23.074850 2.482441 -6.084488 -8.339994 1.500693 31.103716
-20.448612 21.373919 1.204053 10.455853 -10.674852 5.327948 -2.942500 10.329842 13.724313 4.504849 0.969675 7.233651 -0.183296 -8.749675 -0.050151 -3.206593 8.324743 5.052232 -0.909591 -5.816416 3.483213 -6.300797 2.453142 -6.305032 -23.152861 2.520079 -6.000648 -8.456411 1.446333 31.091646
-20.319988 21.412395 1.138882 10.430911 -10.609806 5.284409 -2.997689 10.327264 13.666362 4.643940 0.974380 7.257592 -0.334422 -8.737225 -0.067446 -3.258516 8.314518 5.056868 -0.886728 -5.844700 3.395161 -6.370543 2.385128 -6.331154 -23.180273 2.479675 -6.032071 -8.596934 1.455842 31.047651
-20.362991 21.321045 1.276985 10.336860 -10.873785 5.440038 -3.007436 10.475556 13.802785 4.578410 0.956663 7.247223 -0.207229 -8.773126 -0.001256 -3.182137 8.329899 5.127301 -0.919647 -5.820425 3.655523 -6.272070 2.483718 -6.105873 -23.150179 2.495470 -6.229992 -8.467045 1.540884 31.093897
-20.129520 21.156290 1.277267 10.431177 -11.116814 5.388637 -3.074398 10.732022 13.726955 4.446117 0.941903 7.259858 -0.101529 -8.781342 -0.018309 -3.148668 8.374125 5.088194 -0.948030 -5.736298 3.786399 -6.176812 2.625626 -6.101949 -23.104389 2.511498 -6.094661 -8.334782 1.438450 31.113380
-20.006527 20.948452 1.392508 10.404947 -11.511237 5.425385 -3.137020 11.002587 13.840909 4.357263 0.932650 7.277508 0.008257 -8.844397 -0.011688 -3.100549 8.306536 5.073565 -0.918177 -5.692926 4.274890 -6.114294 2.662393 -5.851008 -23.047897 2.378890 -6.462689 -8.340014 1.573746 31.168201
-20.443014 21.351263 1.200745 10.526825 -10.475864 5.347503 -2.890110 10.253459 13.769729 4.474419 0.963832 7.263019 -0.277471 -8.725681 -0.048415 -3.249500 8.286640 5.040357 -0.901224 -5.840577 3.404638 -6.244175 2.433485 -6.256200 -23.252192 2.487011 -6.004115 -8.497909 1.436620 31.022778
-20.267605 20.752949 1.439336 10.422221 -11.218358 5.445131 -2.781285 10.917527 14.005344 4.371072 0.992519 7.237372 -0.026257 -8.785998 0.034709 -2.976882 8.327137 5.076690 -1.026037 -5.668468 4.006301 -6.070352 2.634160 -5.816470 -23.223957 2.406702 -6.573867 -8.221797 1.515949 30.994049
-20.203676 20.586512 1.670022 10.470517 -11.429710 5.414716 -2.933515 11.184409 14.122590 4.338368 0.985500 7.224851 -0.001917 -8.811584 0.085925 -2.949910 8.322844 5.076132 -1.074362 -5.657478 4.641139 -5.989909 2.683682 -5.741064 -22.916374 2.407517 -6.829883 -8.359363 1.559456 31.218969
