-6.032784 27.423616 -17.592905 22.435511 -2.423726 2.931177 -7.141376 2.207403 -7.387934 -8.212465 -4.979094 10.913988 4.252522 -7.369992 5.369162 -5.570916 -0.461993 0.836613 -2.869374 -7.623090 -0.214164 8.301645 13.348981 -0.336881 -27.586744 7.506088 2.063904 -18.754288 1.633892 17.164314
-6.081771 27.434525 -17.650728 22.565363 -2.461003 2.865428 -7.203693 2.089827 -7.541118 -8.429931 -5.015121 10.973643 4.255931 -7.337580 5.359859 -5.599573 -0.465969 0.805508 -2.882872 -7.607897 -0.171267 8.370765 13.365499 -0.435077 -27.673491 7.441781 1.994930 -18.787321 1.632026 17.116734
-13.154006 14.090487 -7.166434 30.778555 4.159841 -0.154728 5.177837 8.558160 -11.345199 -11.837063 -5.838176 12.716736 1.188658 -9.970913 -0.233023 -5.774984 2.642272 -4.858451 -1.591096 -0.843873 1.390972 4.788176 8.337614 -7.112942 -31.281321 10.193719 -13.997146 -7.010859 1.143424 4.877350
-13.624534 12.403456 -5.732140 32.734505 3.640340 -1.256031 4.374305 7.580401 -11.895182 -14.160728 -6.038924 13.499881 1.785516 -10.355265 -0.415980 -4.977334 2.675659 -5.552462 -2.151793 -0.233717 2.058552 6.931074 7.870955 -9.131358 -31.176321 10.007564 -13.913831 -4.378301 -1.704057 6.927454
-14.147563 11.530218 -5.222383 33.077656 4.310604 0.072705 2.927030 7.244567 -9.623199 -14.080667 -5.592020 13.925913 1.960614 -9.961111 -0.957460 -5.011456 2.890695 -6.482084 -2.889250 -0.018486 2.449008 9.049950 7.560425 -10.407315 -31.260675 10.768274 -13.758012 -1.567364 -3.702569 7.506139
-15.176371 11.877979 -4.040107 35.190182 5.602214 -0.165045 0.540049 6.406612 -7.245248 -13.449366 -5.090068 14.509038 1.820521 -9.587996 -1.768981 -4.739107 3.656915 -7.240623 -3.700384 0.008037 2.280231 11.840167 7.071193 -11.857326 -31.234875 12.129553 -13.726276 1.967777 -5.272585 10.463752
-15.747048 11.981342 -3.522332 35.240070 5.957857 0.132266 -0.117556 6.019057 -6.535346 -13.022116 -5.209474 14.703538 1.691898 -9.424469 -1.899811 -4.634410 4.139082 -7.496760 -4.087106 0.305763 2.029768 11.569464 6.307465 -12.421800 -30.967175 12.494215 -14.402122 2.846118 -5.014543 11.562654
-15.725135 11.947922 -3.645572 35.400814 6.053740 -0.204537 -0.451199 5.866883 -6.411909 -12.979602 -5.261132 14.724241 1.657923 -9.399832 -1.940850 -4.619710 4.279685 -7.539287 -4.138129 0.385407 2.021464 11.747694 6.267999 -12.542803 -30.917028 12.494125 -14.419276 3.030209 -5.157631 11.793465
-15.740617 11.980508 -3.613559 35.393368 6.104012 -0.071734 -0.467749 5.829917 -6.298787 -12.945464 -5.236570 14.733770 1.637139 -9.396398 -1.975768 -4.611894 4.274757 -7.519021 -4.121621 0.365393 1.979378 11.813087 6.300900 -12.430688 -30.948107 12.399330 -14.339438 2.986171 -5.170142 11.842449
-15.755037 11.996705 -3.586241 35.413811 6.102882 -0.024450 -0.504679 5.835501 -6.259984 -12.946317 -5.236762 14.731424 1.634576 -9.407241 -1.983065 -4.600493 4.269092 -7.522938 -4.166523 0.366367 2.021261 11.793144 6.298285 -12.429720 -30.947666 12.454759 -14.415735 3.007550 -5.131980 11.829194
-15.792656 11.966490 -3.589564 35.418091 6.114412 -0.003532 -0.479793 5.821772 -6.289872 -12.940748 -5.229264 14.746752 1.635886 -9.413708 -1.974497 -4.584558 4.272756 -7.522233 -4.140914 0.363054 2.022345 11.822772 6.308966 -12.427102 -30.944948 12.409563 -14.352168 3.012743 -5.161687 11.824502
-15.801329 11.960900 -3.566703 35.410141 6.104525 0.017492 -0.476428 5.833346 -6.274523 -12.945297 -5.234671 14.726454 1.632416 -9.408128 -1.985584 -4.597589 4.269461 -7.519139 -4.160632 0.360696 1.989301 11.821037 6.295262 -12.412103 -30.909306 12.468872 -14.362671 3.037098 -5.153260 11.842957
-15.831100 11.959324 -3.568583 35.421307 6.182271 0.018270 -0.422943 5.860844 -6.255516 -12.870281 -5.239949 14.733250 1.634858 -9.405458 -1.985055 -4.591938 4.273982 -7.526437 -4.166197 0.376409 2.013331 11.800532 6.308457 -12.441151 -30.948442 12.430888 -14.333999 3.049713 -5.141406 11.840322
-15.739886 11.983765 -3.612831 35.414101 6.101123 -0.021915 -0.443988 5.892013 -6.325549 -12.937391 -5.228074 14.744894 1.628517 -9.424168 -1.978108 -4.585185 4.263376 -7.518777 -4.132293 0.353519 2.007715 11.797462 6.324384 -12.442058 -30.960714 12.399486 -14.312042 3.009940 -5.190395 11.832373
-15.764255 11.972841 -3.591479 35.408924 6.094472 -0.032268 -0.450264 5.892090 -6.317191 -12.942657 -5.237859 14.726254 1.632164 -9.416386 -1.981519 -4.600375 4.252092 -7.518871 -4.147526 0.352360 2.012810 11.810474 6.315473 -12.429003 -30.927351 12.446611 -14.335574 3.031815 -5.181221 11.839002
-15.766267 11.971243 -3.576245 35.415981 6.109510 -0.027873 -0.429570 5.915657 -6.315781 -12.936354 -5.246702 14.735498 1.638512 -9.429810 -1.962432 -4.590673 4.253846 -7.518224 -4.127665 0.349039 2.013459 11.758448 6.321548 -12.458871 -30.961172 12.410010 -14.309433 3.023304 -5.176300 11.822392
-15.747633 11.973019 -3.589976 35.408096 6.068885 -0.016782 -0.439817 5.903648 -6.329035 -12.942259 -5.241254 14.742281 1.637984 -9.423504 -1.965842 -4.587106 4.256528 -7.517095 -4.129406 0.350867 2.021892 11.799181 6.325072 -12.442947 -30.940561 12.447740 -14.332036 3.032528 -5.177040 11.809232
-15.778689 11.957714 -3.582224 35.415314 6.115766 -0.011008 -0.423684 5.878882 -6.298059 -12.945359 -5.232699 14.738178 1.632571 -9.420907 -1.978177 -4.591577 4.270384 -7.523603 -4.131282 0.353207 2.019764 11.789347 6.320797 -12.498635 -30.974739 12.417147 -14.356236 3.008024 -5.154613 11.810910
-15.776838 11.948689 -3.587163 35.417446 6.091350 0.011062 -0.413166 5.893703 -6.301163 -12.941482 -5.234391 14.739489 1.640321 -9.422561 -1.964885 -4.580054 4.272517 -7.518081 -4.136399 0.363502 1.996082 11.797230 6.310966 -12.441913 -30.919922 12.470243 -14.358987 3.028402 -5.162339 11.826592
-15.804141 11.965260 -3.545420 35.419460 6.122164 0.046690 -0.396301 5.853768 -6.272628 -12.981016 -5.140131 14.466572 1.379807 -9.578901 -1.717256 -4.223798 4.185938 -7.579284 -4.264268 0.443255 1.962659 11.781548 6.319450 -12.429324 -30.952009 12.430688 -14.323376 2.974950 -5.160836 11.863675
-15.767827 11.938005 -3.541966 35.435192 6.090801 0.041982 -0.384663 5.939470 -6.289297 -12.986412 -5.151751 14.454756 1.384842 -9.579336 -1.699876 -4.235640 4.178595 -7.579137 -4.242440 0.424730 1.979123 11.758799 6.327618 -12.455491 -30.959564 12.453260 -14.345220 3.002957 -5.146244 11.884275
-15.772538 11.947466 -3.570842 35.423512 6.083885 0.015671 -0.395923 5.901331 -6.316680 -12.976281 -5.141525 14.452418 1.382390 -9.569432 -1.716772 -4.236101 4.181402 -7.575950 -4.260382 0.438207 1.985005 11.792227 6.333198 -12.436294 -30.932358 12.479719 -14.341702 3.012992 -5.157878 11.856189
-12.043364 -7.015176 -5.017156 23.051645 1.296754 17.018642 -0.097979 14.200537 0.847115 -20.028280 2.570419 13.666206 5.377427 -6.628811 -1.798755 -2.487562 0.785285 -8.991442 -3.361079 5.568895 15.915168 8.915712 6.235116 -2.857989 -22.658571 3.231790 -12.198252 14.098547 -20.010725 5.872107
-13.329164 -12.762377 -7.721756 17.288244 1.055142 21.440605 3.472480 14.926257 1.193297 -18.893633 5.628333 10.996422 4.996142 -5.913186 -1.177292 -2.668718 -0.231809 -8.410769 -1.996847 6.853809 16.184114 3.244727 5.922498 0.978427 -19.383783 0.112093 -14.017432 11.622345 -22.755434 -0.594227
-13.792966 -13.563810 -8.648669 13.537336 2.813430 21.160448 3.240731 14.230680 1.244420 -18.026957 6.338992 10.236917 4.546749 -5.270226 -0.594695 -2.762405 0.084656 -8.822783 -1.340211 6.519506 15.402493 1.476453 5.846416 1.919865 -18.364054 -1.050243 -13.775043 10.710983 -22.819468 -2.338491
-13.997737 -13.729883 -10.838096 15.175194 5.939654 16.745255 1.150319 10.641641 0.913846 -18.522840 5.714260 11.908428 5.270692 -4.340215 -1.019902 -3.430667 -1.232613 -9.587329 -1.829134 6.578285 15.283929 2.177045 5.567391 -2.497441 -19.360786 -2.088691 -9.538304 12.117423 -23.675829 -2.307741
-14.099492 -15.764289 -12.237553 12.636230 7.172226 17.987757 4.370152 11.138127 1.702742 -17.268610 6.926223 10.965300 4.550243 -4.034864 -0.342284 -3.254078 -0.882849 -9.420359 -0.677006 6.793499 14.792208 -0.191374 4.954441 0.565836 -17.786560 -2.864267 -10.741687 10.940700 -24.324429 -4.757122
-13.551235 -17.268311 -12.529896 10.587803 8.424332 18.265131 7.859604 12.267156 0.882094 -16.507879 7.631688 9.773860 4.149403 -3.578236 1.101641 -3.308958 -0.050585 -9.612531 0.989179 6.730051 13.626586 -3.237873 4.421034 4.002009 -16.719954 -3.850028 -11.262427 10.427064 -23.590746 -7.111999
-13.280685 -17.859291 -14.302279 8.071717 8.717414 16.818153 10.577902 12.576762 -1.927495 -14.664581 7.999680 8.389183 4.013341 -3.456426 2.229578 -3.979511 0.121753 -10.128632 2.992141 7.010547 13.171379 -6.144722 5.273333 5.952612 -15.763590 -4.064063 -11.610871 8.666937 -21.837496 -10.711623
-12.564488 -17.869984 -16.214197 5.861560 8.957321 14.933619 12.589149 12.749364 -5.177018 -12.696601 7.884432 7.244313 4.535053 -3.250969 3.564144 -4.747608 -0.052720 -10.053743 4.891618 7.255296 12.954524 -8.408415 6.316145 8.545587 -14.633871 -3.397318 -11.757175 6.983777 -21.077482 -14.418461
-9.343611 -16.637093 -20.262672 3.257638 5.867488 12.300832 11.097383 14.084826 -9.257608 -9.953924 7.517809 4.477463 5.766017 -3.423008 5.293953 -5.647857 -0.686362 -9.848646 7.039901 6.301837 12.553314 -8.637053 9.342237 13.128898 -12.641882 -0.400748 -10.651541 4.607321 -19.003136 -19.143456
-7.216932 -14.172596 -23.956030 2.131581 3.485319 10.152065 8.704778 14.086218 -12.795039 -7.236472 6.759292 1.893257 7.078846 -3.420899 7.256043 -6.264908 -1.878978 -8.732046 8.084195 5.211559 11.602717 -8.780018 12.870229 15.389791 -11.400127 2.068470 -7.473313 2.270588 -17.171305 -20.876045
-4.152561 -9.999016 -27.355536 0.840343 1.474134 7.850583 6.172482 13.877617 -15.282414 -5.186635 6.804283 -1.207342 8.396157 -3.269300 9.618879 -6.013606 -3.222310 -7.460394 8.634587 3.380132 11.658410 -8.842438 16.309422 17.712940 -9.705397 4.148405 -3.081521 0.731620 -15.176554 -20.544498
-2.625787 -7.392164 -27.872944 -0.157234 0.769266 7.358309 5.100963 13.615049 -15.430140 -4.483847 6.692356 -2.650327 8.926885 -3.004308 10.460342 -5.968560 -3.398845 -6.630044 8.364936 2.395465 11.561730 -8.883354 17.614418 19.078056 -9.137156 4.938956 -0.876818 0.271150 -13.874545 -20.362637
-1.455442 -6.291470 -28.148249 -0.876590 0.790568 7.393554 4.182553 13.791380 -15.467147 -4.369370 6.593498 -3.216243 9.190022 -2.893417 10.778054 -5.733612 -3.322720 -6.569470 8.068150 1.930978 11.757961 -8.106649 17.638634 19.763302 -8.814149 5.478771 -0.234784 0.382156 -13.599224 -19.595364
-1.173234 -5.200492 -27.766214 -2.122329 0.585738 7.584391 3.370445 14.064490 -15.140449 -3.900422 6.532074 -3.668099 9.264359 -2.745065 11.070080 -5.620034 -3.293093 -6.443902 7.710482 1.278969 11.692416 -7.866860 17.865049 19.999063 -8.300865 5.787880 0.374284 0.180865 -13.515882 -19.201649
-0.978357 -4.753449 -27.730795 -2.223174 0.360207 7.627156 3.406172 13.991218 -14.821556 -3.892855 6.486723 -3.675767 9.221354 -2.628521 11.064070 -5.632512 -3.298759 -6.357720 7.545313 1.032070 11.855716 -7.802548 17.796282 20.198044 -8.009120 5.979655 0.809085 -0.000974 -13.224379 -18.355812
-1.755938 -6.311348 -28.220762 -0.954516 0.657661 7.164219 4.503066 13.770737 -15.449690 -4.399551 6.587825 -3.235669 9.143535 -2.928977 10.792261 -5.726339 -3.350809 -6.575381 8.144525 1.919931 11.722003 -8.312952 17.690722 19.829582 -8.786114 5.305383 -0.235102 0.313145 -13.656772 -19.570566
-2.137668 -6.966715 -28.365166 -0.490022 0.401239 7.225188 4.849624 13.615379 -15.488514 -4.463228 6.547604 -2.986001 9.121921 -2.896754 10.620726 -5.968721 -3.319435 -6.610585 8.262383 2.157452 11.539902 -8.894455 17.525812 19.556999 -9.013088 5.115111 -0.275536 0.342581 -13.495611 -20.013412
-2.275131 -6.768738 -28.291462 -0.716317 0.373737 7.169268 5.109634 13.523435 -15.175701 -4.382547 6.507935 -2.977191 9.187303 -2.835860 10.667627 -5.944199 -3.295832 -6.530528 8.249111 2.169060 11.485083 -8.793520 17.491045 19.443645 -8.885189 5.134772 -0.222801 0.374117 -13.575083 -19.826309
-1.557701 -6.057083 -28.216942 -1.117981 0.574725 7.188488 4.182230 13.809057 -15.378732 -4.269354 6.615007 -3.258628 9.231958 -2.846611 10.882612 -5.689809 -3.332746 -6.544826 8.067153 1.836295 11.665269 -8.056751 17.768251 19.679863 -8.618105 5.533672 0.012365 0.178699 -13.570130 -19.366745
-1.645305 -5.824146 -28.087708 -1.363003 0.451070 7.264305 3.936988 13.763080 -15.265300 -4.133960 6.634999 -3.268459 9.108808 -2.791318 10.909268 -5.644507 -3.282501 -6.564214 7.934207 1.746211 11.807911 -8.052830 17.815063 19.825815 -8.567296 5.619341 0.011791 0.272178 -13.539307 -19.421434
-4.782889 -7.797771 -28.395073 0.022705 2.504032 5.910441 7.314277 11.178061 -15.620747 -4.191966 6.724154 -1.312947 7.362232 -3.007535 10.361027 -5.930412 -3.964576 -6.105429 9.018279 2.924624 9.062566 -10.377047 15.990569 17.034012 -9.118912 4.063583 0.369899 0.469979 -14.697498 -19.692589
-7.758035 -10.928283 -26.254002 -0.447750 5.474029 6.090557 10.244685 10.193945 -14.485955 -5.329165 6.808174 2.092038 5.207107 -2.876513 9.143074 -5.862057 -3.716586 -5.976746 9.465280 4.922187 6.956081 -11.511724 12.485817 13.898374 -10.007105 2.160883 -1.183056 1.127256 -17.069029 -21.004631
-10.338612 -11.242056 -23.472509 0.447138 8.718138 7.849152 13.352178 8.294285 -13.331355 -5.945571 7.375443 4.266077 3.349527 -2.673294 8.025022 -5.385096 -2.995622 -5.699424 9.419644 5.724743 5.033051 -12.960104 10.733380 11.700080 -9.707832 1.637179 -1.779982 3.378750 -18.010588 -19.403633
-11.615218 -11.963578 -23.376184 -0.015643 9.781096 6.820639 15.084020 7.476834 -12.672409 -6.528685 7.090917 5.141703 2.627157 -2.566360 7.555754 -5.878561 -3.068876 -5.952098 9.531400 6.059781 6.081673 -13.468762 9.615464 10.959666 -10.540334 0.033692 -1.604891 3.699667 -18.843344 -21.029327
-13.151709 -12.082478 -21.612206 -0.609679 11.952602 6.905731 17.528381 6.239633 -11.543563 -6.828478 7.083280 6.879358 1.121669 -2.170758 6.582242 -6.260420 -2.689425 -6.085359 9.119356 6.500500 5.935059 -15.222268 7.000510 8.493047 -11.056092 -2.129560 -1.172586 5.516004 -20.022219 -20.165508
-16.061277 -11.294215 -19.462839 -1.091243 14.260878 7.792391 19.074240 4.417905 -10.876243 -6.851899 6.897954 8.098745 -0.106219 -1.787455 6.275496 -6.227040 -2.426154 -5.139562 8.431005 6.886498 5.626996 -17.743528 5.441314 6.823695 -10.594927 -3.899791 -0.028689 6.509611 -20.661318 -18.160389
-18.769665 -11.083180 -17.146393 -0.838996 16.160370 8.995808 20.528433 2.827510 -10.066324 -7.701705 6.917366 9.657052 -0.884425 -1.316058 6.020008 -5.682679 -1.457617 -4.045211 7.413967 7.351906 5.441127 -19.142012 4.015574 4.221167 -11.326507 -5.331694 0.295709 7.084904 -20.094719 -15.751124
-20.653351 -9.223023 -16.171587 -1.930983 16.105097 9.108086 20.746761 2.490175 -11.078252 -6.562013 7.038566 10.380733 -0.927801 -1.405212 6.402071 -4.890711 -0.771154 -2.948851 7.326775 7.649533 5.831002 -20.267664 2.461090 3.853508 -11.596270 -5.949511 0.693724 6.305871 -18.737284 -14.442164
-22.035181 -7.836663 -14.410390 -3.765420 15.471222 8.862420 20.413404 3.168013 -11.551520 -6.031038 6.934722 10.485302 -0.540283 -1.408743 6.872388 -4.299844 -0.135819 -1.937197 7.172482 7.831281 5.747935 -21.338530 1.433290 4.158759 -11.675854 -5.898533 0.197095 4.796836 -17.759880 -13.578620
-22.738438 -7.130307 -12.751298 -4.549399 14.425682 10.019778 19.491758 4.600026 -11.508904 -5.982017 6.972721 10.574055 0.249439 -1.344395 6.966487 -3.813158 0.156255 -1.262505 6.641912 8.350830 6.121086 -21.195570 1.225008 4.505136 -12.179655 -6.187449 -0.801732 3.718207 -16.814882 -12.137402
-23.087088 -6.274200 -12.458421 -5.572873 13.074942 10.973998 19.257742 5.856684 -11.639898 -5.486316 7.011292 10.030592 1.066681 -1.632497 7.307279 -3.286499 0.862623 -1.037099 6.343771 8.547152 6.018825 -21.597404 0.853176 5.909051 -12.332655 -6.128345 -1.477900 2.443515 -16.055132 -10.985084
-22.881638 -5.725160 -11.611341 -5.605721 11.308688 12.677121 18.840488 7.158266 -11.272592 -5.694515 6.892001 9.706690 1.470544 -1.842540 7.311853 -2.953924 1.242753 -0.938902 6.055894 8.575319 7.186722 -21.648062 0.076431 6.830656 -12.086002 -6.421956 -1.528515 2.162878 -14.781687 -9.020726
-22.511189 -4.637890 -8.938434 -4.422680 9.964098 14.206620 18.414450 7.799016 -11.189113 -6.500804 6.146748 9.841842 2.160997 -1.762905 7.173143 -3.200038 1.986269 -0.403010 5.522392 8.256804 10.019304 -20.798849 -0.414706 6.151627 -12.802389 -7.463061 -2.212778 3.281444 -14.280214 -6.366747
-22.124832 -5.081613 -7.281448 -3.229509 8.330562 15.832849 17.937309 9.144979 -10.826223 -8.012039 5.670778 9.631723 3.119180 -1.870508 6.744832 -3.776881 2.466606 -0.709669 5.337486 8.308932 12.459886 -20.083946 -0.558150 6.917589 -13.164228 -7.577373 -3.110285 3.569941 -13.624181 -4.701385
-20.189575 -6.791914 -8.077714 -2.837609 6.106029 16.756311 17.635630 12.378586 -10.696155 -7.785551 5.896343 8.167402 4.360601 -2.198615 7.404285 -3.697672 3.148539 -1.728760 5.822993 8.094970 15.143849 -19.817354 -0.372703 10.868140 -12.008487 -7.462171 -4.163890 2.850871 -12.868629 -5.253190
-18.976295 -7.489492 -8.007025 -2.077679 3.131988 17.067057 16.784796 15.124782 -11.097726 -8.201729 5.940742 6.972970 5.600488 -2.552144 7.535357 -3.646746 4.070319 -2.810256 5.752633 8.105952 17.197178 -18.629213 -0.768489 13.542705 -12.002193 -7.247947 -7.143020 1.592893 -12.095788 -6.408108
-18.981407 -8.134881 -8.476789 -2.015263 2.709496 17.399103 16.722876 15.489173 -11.121173 -7.987560 6.000227 6.731325 5.232080 -2.763321 7.525542 -3.714115 3.930036 -3.047248 5.831422 8.056990 17.673592 -18.252958 -0.436030 14.429266 -11.938183 -7.121147 -7.751203 1.426143 -12.130061 -7.090389
-18.890244 -7.987316 -8.599788 -1.918993 2.643755 17.519156 16.583637 15.460846 -11.067686 -7.977324 6.026851 6.573097 5.319280 -2.671209 7.676437 -3.651705 3.910128 -2.954105 5.768955 7.963455 17.839649 -18.436422 -0.321067 14.994981 -11.635641 -6.686631 -7.658572 1.318815 -11.864580 -7.168598
-18.958096 -8.114899 -8.674619 -2.165203 2.908578 17.683741 16.578903 15.554852 -10.879579 -7.597943 6.038970 6.573597 5.415498 -2.764270 7.619998 -3.630790 3.865276 -3.082602 5.826341 8.060571 17.813675 -18.352842 -0.224564 15.070083 -11.584206 -6.590938 -7.684957 1.372537 -12.104571 -7.153334
-18.854340 -8.156452 -9.087199 -2.232949 2.776022 17.547062 16.642296 15.440707 -11.055941 -7.665426 6.060924 6.611389 5.433779 -2.785436 7.733889 -3.575897 3.886178 -3.101778 5.859895 8.139985 17.606525 -18.335649 -0.147696 15.243383 -11.527146 -6.461505 -7.714606 1.257646 -12.097914 -7.340178
-27.545784 4.093915 2.074892 -1.841287 3.008232 6.497185 18.087223 5.085836 -21.000225 -7.486323 0.344481 11.343548 -2.365861 -2.956053 6.072953 -6.399635 3.395633 0.154088 5.651074 6.442745 14.219010 -20.694006 3.897190 -0.973619 -10.920328 -0.720358 -5.562048 2.495379 -8.873229 -4.610127
-21.482473 6.144451 -2.268893 -11.445936 1.414641 6.028364 18.119400 14.501853 -17.089643 4.301256 2.312554 7.708488 -2.765643 -3.501976 5.127972 -9.660153 3.578158 0.781594 9.760873 5.027988 16.246778 -22.369055 3.253502 2.169116 -10.859047 -1.691784 -4.020175 1.587211 -7.054439 -5.924638
-22.073231 4.213425 -3.615550 -11.588345 1.357481 4.840171 18.460949 15.395000 -18.824574 3.474427 2.201017 5.609123 -1.717109 -3.613592 7.311738 -9.218905 3.643271 0.220501 9.801942 5.366562 16.674166 -22.861591 2.727528 6.856141 -9.414396 -0.245157 -3.081386 -0.323665 -5.962815 -9.954425
-22.645086 3.429616 -3.429349 -11.531568 0.708231 4.630350 18.443705 15.754613 -19.158146 3.063131 2.145801 5.817091 -1.424067 -3.407395 7.592723 -8.997653 3.715375 0.126641 9.449615 5.468522 16.621401 -23.323835 2.496908 7.341416 -9.411215 -0.307218 -3.416619 -0.494524 -5.454977 -10.323359
-23.338398 3.097359 -3.443909 -11.095671 1.205042 5.343540 18.677776 15.315605 -19.266489 2.259027 2.173711 5.888641 -1.207079 -3.334358 7.739578 -8.744544 3.698255 0.293359 9.243005 5.542847 16.514997 -23.357222 2.377659 7.338535 -9.192663 -0.218095 -3.271762 -0.600921 -5.531229 -10.115264
-23.445936 3.000875 -3.644370 -11.184115 1.201859 5.379880 18.549984 15.359118 -19.273748 2.378775 2.301395 5.923885 -1.174616 -3.279641 7.860111 -8.626256 3.677991 0.356445 9.167075 5.543362 16.410769 -23.380281 2.384742 7.549063 -9.198201 -0.199391 -3.415478 -0.599250 -5.661815 -10.229352
-23.480967 3.163975 -3.857967 -11.196298 1.024633 5.238220 18.537643 15.314330 -19.352127 2.553566 2.288187 5.921832 -1.232355 -3.269444 7.892508 -8.652860 3.644933 0.364556 9.195559 5.503232 16.227434 -23.341574 2.432858 7.809321 -9.021439 0.001006 -3.492225 -0.556168 -5.756171 -10.203710
-23.529011 3.059305 -3.855673 -11.235605 0.915764 5.231852 18.679585 15.332142 -19.301897 2.634235 2.296834 5.861565 -1.266130 -3.304222 7.959792 -8.673917 3.647176 0.252132 9.249440 5.527725 16.234976 -23.467497 2.251587 8.002870 -9.025982 0.069584 -3.378788 -0.546932 -5.557861 -10.272546
-23.569065 3.091491 -4.037190 -11.256374 0.908506 5.294142 18.527716 15.254797 -19.402439 2.500567 2.229234 5.934504 -1.168994 -3.275270 8.057221 -8.582032 3.655288 0.325226 9.216482 5.550769 16.287186 -23.503679 2.375457 8.197968 -9.005318 0.023521 -3.455152 -0.576144 -5.660378 -10.340470
-23.564602 3.178306 -4.194283 -11.315848 0.968996 5.208363 18.496248 15.148258 -19.581308 2.576970 2.180788 5.879700 -1.241999 -3.285251 8.149088 -8.552136 3.600580 0.321225 9.200134 5.567798 16.206232 -23.528742 2.385003 8.234141 -8.987795 0.062264 -3.408493 -0.632896 -5.620609 -10.458845
-23.478176 3.170409 -4.240897 -11.394239 0.867540 5.281392 18.462511 15.252826 -19.598595 2.597863 2.219064 5.832630 -1.259591 -3.263301 8.205782 -8.527886 3.605827 0.256706 9.179238 5.538219 16.196323 -23.438488 2.459477 8.273362 -9.059473 0.098764 -3.341763 -0.573993 -5.695501 -10.492855
-23.692415 3.019627 -4.332754 -11.409658 1.074512 5.575880 18.481785 15.062653 -19.446308 2.301301 2.230600 5.851101 -1.282276 -3.287496 8.225014 -8.438352 3.579461 0.165479 9.167924 5.512081 16.192949 -23.332203 2.498049 8.286456 -9.115923 0.161162 -3.127238 -0.515448 -5.651816 -10.634143
-23.534714 3.035998 -4.443884 -11.502134 1.007812 5.296391 18.489550 15.188029 -19.549726 2.501637 2.225922 5.737417 -1.293465 -3.280933 8.237385 -8.473109 3.570421 0.215654 9.195518 5.474674 16.201508 -23.351288 2.558763 8.313140 -9.084375 0.168252 -3.044264 -0.540788 -5.529607 -10.620418
-23.572144 3.031413 -4.273943 -11.366732 1.005136 5.227531 18.499161 15.163890 -19.621733 2.374644 2.195561 5.628816 -1.286297 -3.237768 8.365100 -8.465837 3.542440 0.264887 9.111261 5.466681 16.311012 -23.396040 2.560778 8.326137 -8.957302 0.137522 -3.073941 -0.554244 -5.567677 -10.495624
-23.517960 3.026944 -4.397436 -11.359394 0.951239 5.119587 18.340759 15.152024 -19.513262 2.308930 2.137973 5.576118 -1.248013 -3.243518 8.450373 -8.435478 3.556653 0.242217 9.079949 5.438814 16.084349 -23.438456 2.493239 8.333931 -8.998012 0.195123 -2.996926 -0.474147 -5.589055 -10.716225
-23.599022 2.994427 -4.474557 -11.390053 1.163928 5.205540 18.371428 15.046842 -19.482950 2.171200 2.209279 5.563514 -1.298681 -3.265551 8.487152 -8.363809 3.481650 0.193399 9.076022 5.474972 16.013241 -23.451275 2.578829 8.399425 -8.886013 0.263566 -2.866411 -0.574991 -5.677712 -10.743287
-23.736248 3.027821 -4.462111 -11.394770 1.109077 5.103588 18.419159 15.020151 -19.435825 2.264947 2.179919 5.556545 -1.251592 -3.262689 8.480640 -8.426574 3.462852 0.164944 9.086076 5.448875 15.867816 -23.500647 2.529359 8.456688 -8.827581 0.274644 -2.924951 -0.571988 -5.710783 -10.691554
-23.670765 3.044068 -4.510284 -11.394159 0.974518 4.997175 18.362959 15.096548 -19.410315 2.276992 2.152947 5.512713 -1.235934 -3.236476 8.524220 -8.491649 3.451403 0.202078 9.141442 5.424249 15.874534 -23.500647 2.444408 8.453572 -8.852905 0.285684 -2.886683 -0.559329 -5.750404 -10.763980
-23.730061 4.114738 -6.831840 -11.954535 0.707846 4.374629 16.619946 13.878688 -19.967440 2.470101 2.081306 4.796923 -0.487127 -3.057178 10.011447 -7.985400 2.641576 0.281638 8.976517 5.254794 14.421368 -22.962200 3.437594 10.681015 -8.038441 1.264336 -1.173734 -1.784867 -6.101266 -11.228889
-23.033205 4.746689 -9.642586 -12.411564 0.248682 3.904456 14.325069 12.776431 -20.150770 2.272673 1.747089 3.981765 -0.216754 -2.711783 11.058268 -8.011537 1.743392 0.374894 9.042306 4.753742 12.970716 -22.722157 4.609968 11.683600 -7.019594 2.028141 1.443905 -2.335490 -6.299790 -10.729148
-22.470228 5.392605 -11.328369 -11.806721 -0.566965 3.198904 11.853430 11.987430 -20.246782 2.456214 1.607298 2.978118 0.523657 -2.655861 11.923910 -7.741125 1.218798 0.690922 8.604032 4.466149 12.086782 -22.769854 5.550964 12.971170 -6.644054 2.374452 2.546952 -2.816381 -6.545359 -11.233516
-22.193386 5.482137 -11.360323 -11.968655 -0.721375 3.349424 11.538781 11.821084 -20.505157 2.318515 1.470719 2.681947 0.511539 -2.533191 12.165367 -7.812696 1.089691 0.467835 8.560065 4.332093 11.974808 -22.547159 5.912120 13.112845 -6.410492 2.508069 3.052373 -3.189633 -6.499426 -10.920465
-21.356239 5.766335 -12.784635 -11.154143 -1.208730 2.779359 9.606328 11.373966 -20.252705 2.257798 1.138211 1.635300 1.015468 -2.614835 12.952449 -7.699730 0.335437 0.328968 8.571964 3.813720 11.000588 -22.455374 6.726063 14.019248 -5.376183 3.264636 4.787692 -3.704206 -6.802373 -10.275905
