-8.689910 23.503220 -21.025461 14.643907 -7.571812 1.562415 5.790224 7.877206 13.204213 4.793717 -4.381318 1.320432 -1.286976 -9.752820 5.346508 -2.065842 -5.401206 3.233924 -9.648438 -2.820907 -0.227711 8.290438 13.356309 -0.463469 -27.719160 7.414420 2.033913 -18.802988 1.682628 17.138096
-9.199383 23.444038 -21.240248 14.717831 -7.999492 1.014502 6.520779 7.731253 13.914746 4.753794 -4.406976 1.334327 -1.297620 -9.760088 5.299944 -2.090217 -5.426702 3.203082 -9.709098 -2.772284 -0.164745 8.345421 13.378469 -0.569836 -27.826252 7.332580 1.962793 -18.832155 1.689566 17.103783
-12.900718 10.228299 -13.916983 21.224344 -1.969492 -8.470978 16.255264 15.600108 11.972552 6.759503 -5.163034 1.082944 -4.204380 -13.680697 -1.442861 -4.486917 -3.546860 -2.047831 -5.050204 4.071081 4.702139 4.884946 11.610806 -11.661180 -29.607857 13.750395 -5.825042 -4.222747 3.672638 5.897168
-11.339881 8.169394 -13.329906 22.009809 -2.528338 -9.933638 15.698943 18.084995 11.743665 7.992557 -5.786073 0.760810 -3.892647 -14.229677 -1.685802 -4.406449 -2.555691 -1.946673 -4.794407 5.797216 7.977609 3.645455 11.347268 -12.216434 -29.912638 13.527185 -4.982099 -1.207228 5.833985 6.078338
-10.639709 8.272002 -11.884549 22.685965 -3.108938 -10.947959 14.695737 19.034964 11.711548 9.670904 -6.013046 0.490969 -3.599564 -14.309887 -1.640023 -4.156715 -1.830469 -1.733292 -4.775683 6.631645 9.917837 3.424486 11.379880 -12.423398 -29.615374 13.768060 -5.670352 0.113925 6.968684 6.043474
-10.148026 7.761256 -11.142303 23.604996 -3.302387 -11.654067 14.209278 18.966532 11.816646 9.909214 -6.329129 0.311175 -3.077610 -14.341990 -1.598422 -3.797771 -1.313264 -2.027122 -5.144755 7.375005 11.313623 2.751752 11.586135 -12.836951 -29.563328 13.783894 -5.040184 2.180174 7.990411 6.093183
-9.169375 7.314797 -10.580616 24.123232 -3.951715 -12.202449 12.952580 19.317034 11.477460 10.340509 -6.557965 0.133580 -2.955476 -14.337662 -1.858019 -3.657089 -0.790625 -2.298619 -5.437106 7.786130 11.389009 2.370124 11.319480 -13.724103 -29.233561 13.858434 -4.515094 3.954580 8.205616 6.881745
-9.032553 7.235606 -9.946249 24.288198 -4.270877 -12.677361 11.962444 19.391264 11.400298 10.380976 -6.867280 0.158415 -2.394525 -14.369629 -1.886001 -3.498461 -0.585657 -2.464813 -5.660920 8.177679 12.002851 2.655978 11.186204 -13.695731 -28.989283 13.736065 -4.156989 4.691905 8.282631 7.493998
-9.009921 7.046113 -9.273258 24.483465 -4.495301 -13.092263 11.054072 19.587818 11.588580 10.454752 -7.061250 0.135764 -2.114398 -14.327822 -1.895154 -3.338469 -0.341950 -2.610510 -5.927332 8.490614 12.501754 2.823538 10.924235 -14.180697 -28.812597 14.056753 -3.425762 6.168449 8.267838 8.364347
-8.977195 6.608181 -8.688983 24.800367 -4.845842 -13.240308 10.456390 19.649942 11.844831 10.341572 -7.283902 0.057681 -1.665283 -14.255079 -1.781508 -3.115872 -0.084527 -2.761503 -6.264875 8.977760 12.914452 2.482807 10.840694 -14.028440 -28.678133 13.966042 -2.923417 7.318566 8.462368 10.255901
-8.647826 6.022298 -8.378921 25.046249 -5.539196 -12.889081 9.406492 20.015207 12.388183 9.745780 -7.297941 -0.092176 -1.187894 -14.221607 -1.684482 -2.816586 0.335164 -2.900868 -6.613046 9.374767 13.272058 2.753442 10.670566 -13.627247 -28.644806 13.460688 -2.634942 8.422280 8.402119 12.177518
-8.764361 5.125899 -7.666873 25.569206 -6.206612 -12.799152 8.517797 20.580893 12.639852 9.046251 -7.072742 -0.363091 -0.806011 -14.226869 -1.674065 -2.360758 0.794355 -2.961192 -7.025588 9.420151 13.548596 3.137293 10.429615 -13.289971 -28.825174 13.559081 -2.522950 9.650994 8.545938 13.600297
-8.257199 4.607133 -7.158326 25.602341 -6.659581 -11.822363 8.019854 20.870766 13.520242 8.881635 -7.050794 -0.591756 -0.601752 -14.165796 -1.583434 -2.145819 1.271817 -3.126463 -7.478413 9.546871 14.103137 3.593809 10.344593 -12.647460 -28.732746 13.079920 -2.499479 10.597334 8.499586 14.590622
-7.812630 4.168972 -6.442149 25.660070 -7.461057 -11.146418 7.269046 21.581547 14.018062 8.899481 -7.037846 -0.902354 -0.385924 -13.966073 -1.483746 -2.108804 1.673713 -3.581227 -8.005183 9.586367 15.107179 3.636179 9.757298 -12.240099 -28.457689 12.676916 -3.184035 11.501563 8.398214 15.448815
-7.390185 3.568184 -5.225161 24.809692 -8.469441 -10.543138 6.586105 22.621267 14.437011 8.879851 -6.989536 -1.394101 0.426706 -13.586297 -1.306747 -1.901513 2.391503 -4.074491 -8.784575 9.790392 16.768995 3.053450 9.012669 -11.547742 -27.819521 12.048717 -4.449182 12.105199 8.420891 16.052345
-7.057213 2.354939 -3.992692 24.440096 -9.511496 -9.045024 5.625615 23.961569 14.849198 8.255161 -6.991427 -1.108160 1.027551 -13.449114 -1.288999 -1.355253 2.843044 -4.169469 -9.427709 10.075625 18.106518 2.928203 8.076663 -10.908376 -27.476736 11.625566 -5.922478 12.559539 8.436082 16.501369
-7.080834 1.957946 -3.676056 24.536665 -9.658939 -8.955923 5.478343 24.253401 14.984619 7.909074 -6.796512 -1.206841 1.346424 -13.391687 -1.366370 -1.258312 3.042777 -4.233422 -9.628445 10.127819 18.854155 3.325722 7.905395 -10.549184 -27.429209 11.456445 -6.608861 12.894304 8.458067 16.791126
-7.300861 1.796748 -3.342526 24.660307 -9.938688 -8.816999 5.232327 24.438431 15.093620 7.755314 -6.655503 -1.321531 1.468415 -13.337820 -1.393724 -1.148756 3.263186 -4.248180 -9.810218 10.064360 19.586462 3.255120 7.750136 -10.353070 -27.260469 11.301895 -6.777282 12.920621 8.821695 16.796600
-7.429050 1.766681 -3.196186 24.699001 -10.125591 -8.605727 5.211768 24.447237 15.214222 7.645144 -6.571301 -1.431076 1.595436 -13.364717 -1.433742 -1.120195 3.366578 -4.196887 -9.803522 10.057022 19.903526 3.246432 7.746981 -10.289845 -27.183468 11.225378 -6.769620 13.027132 8.990969 16.816973
-7.552750 1.645281 -3.067982 24.925966 -10.513958 -8.525570 5.313059 24.497072 15.326610 7.625044 -6.658802 -1.585777 1.897457 -13.385195 -1.447492 -1.136085 3.427256 -4.311577 -9.849531 10.057175 19.871069 3.158896 7.755751 -10.359639 -27.186371 11.172628 -6.928208 12.946920 8.926625 16.805895
-7.575823 1.588287 -3.142610 25.007748 -10.773476 -8.530564 5.407105 24.511040 15.090446 7.534356 -6.673630 -1.390401 1.782374 -13.306567 -1.416032 -1.128137 3.385644 -4.325674 -9.953604 10.046624 19.592310 3.319990 7.726061 -10.490781 -27.213987 11.193872 -7.037799 12.984453 8.629296 16.799202
-7.602266 1.538284 -3.090760 25.053904 -10.860415 -8.427187 5.491989 24.515825 15.210293 7.492061 -6.638262 -1.643226 2.015609 -13.395333 -1.467156 -1.125239 3.436787 -4.322260 -9.833482 10.071815 19.683725 3.328636 7.790657 -10.392537 -27.228306 11.197113 -6.915811 13.073923 8.829403 16.807009
-1.715713 -1.804719 -3.574363 22.763189 -17.870520 -7.395836 3.843002 30.506191 11.582301 4.078377 -3.249803 -6.063225 5.853092 -13.658532 -2.191382 0.060818 3.265957 -2.807304 -8.663760 7.234619 25.652788 7.549266 9.549533 -5.457542 -27.913000 9.936787 -9.739081 6.182506 14.961782 12.860248
-1.939246 0.211471 -5.099896 22.646393 -18.598633 -9.616642 4.295746 29.900219 10.802629 5.675929 -3.022288 -5.635727 5.224860 -14.141977 -2.542582 -0.089196 2.831845 -2.115789 -7.562553 7.396696 25.459799 5.514234 10.113626 -6.913949 -26.914457 10.537884 -6.537487 6.426287 14.928653 13.436906
-1.650444 1.598077 -6.014230 22.438204 -19.401058 -11.239045 4.884445 30.138086 9.403382 5.984136 -3.396943 -5.807687 5.116634 -14.561597 -2.246809 -0.623767 2.129884 -1.395235 -6.242986 7.373972 25.198881 3.451980 11.442564 -7.650100 -26.407669 11.284937 -3.135550 5.907475 16.316719 14.066897
-0.032537 3.547870 -8.336596 21.260981 -21.843603 -11.892666 4.971851 30.198774 7.044283 5.429272 -4.067280 -6.308665 5.833694 -15.308813 -1.305395 -0.573859 1.428303 0.105479 -5.258065 7.232075 27.158747 4.255245 13.339772 -6.476204 -26.390295 11.458960 -0.452162 3.484167 18.812601 13.067267
0.215502 4.267681 -9.115558 20.216057 -22.363527 -11.600566 5.251632 29.753889 6.419887 4.992311 -4.112543 -6.403872 6.037941 -15.455840 -0.928883 -0.582607 1.136719 0.650384 -5.030105 7.104993 26.906248 4.115427 13.861432 -6.129092 -26.118088 11.381331 0.357155 1.401731 19.150179 12.505846
0.297229 4.733972 -9.210996 19.991240 -22.713037 -11.501375 5.209174 29.651016 6.395658 4.938157 -4.067378 -6.281880 5.807113 -15.534405 -0.860519 -0.667427 0.921127 0.886465 -4.723875 7.067417 26.850103 3.979257 14.046350 -5.786067 -26.222342 11.323291 0.491770 1.027893 19.193007 12.510726
0.389195 4.864147 -9.348300 19.791819 -22.735006 -11.441073 5.248321 29.615200 6.320765 4.892446 -4.033937 -6.343043 5.834522 -15.467639 -0.795714 -0.681366 0.991819 0.965955 -4.856779 6.882587 26.956141 3.773522 14.123244 -5.847751 -26.233824 11.285257 0.667495 0.988476 19.223431 12.328143
0.286571 4.823583 -9.344464 19.839102 -22.607126 -11.495705 5.238684 29.577406 6.410737 4.894731 -4.047324 -6.396665 5.835400 -15.484131 -0.789263 -0.708236 0.974486 0.987964 -4.793974 6.874368 26.880796 3.811880 14.139072 -5.816782 -26.247566 11.273155 0.673660 0.966694 19.138145 12.340885
0.313993 4.835411 -9.359370 19.846176 -22.597807 -11.523258 5.234421 29.592554 6.426731 4.897976 -4.049458 -6.405705 5.835166 -15.489580 -0.806613 -0.714686 0.978655 0.991116 -4.781954 6.842337 26.825550 3.761472 14.134735 -5.871541 -26.184027 11.304772 0.748944 0.993706 19.104225 12.375416
0.331223 4.864942 -9.343760 19.804169 -22.645361 -11.495468 5.236070 29.597862 6.392665 4.899336 -4.050502 -6.406847 5.845623 -15.487052 -0.805558 -0.709060 0.982702 0.991431 -4.794522 6.836733 26.855879 3.766395 14.129336 -5.869205 -26.179247 11.305714 0.727504 0.980036 19.125729 12.363914
0.329758 4.853967 -9.360290 19.807875 -22.613462 -11.508548 5.239249 29.587433 6.400822 4.893679 -4.053034 -6.407144 5.851165 -15.488997 -0.803743 -0.712605 0.977909 0.990393 -4.785120 6.848466 26.848810 3.761951 14.123235 -5.843329 -26.156000 11.315196 0.748587 1.012574 19.104265 12.361435
0.282880 4.843183 -9.354133 19.842300 -22.591978 -11.525378 5.196857 29.560213 6.415575 4.852683 -4.060452 -6.372967 5.827341 -15.496132 -0.813693 -0.711481 0.956103 0.970197 -4.780719 6.851927 26.841352 3.767180 14.108536 -5.857625 -26.125540 11.310999 0.742189 1.001331 19.084805 12.397723
0.305335 4.847707 -9.377313 19.844629 -22.572973 -11.506259 5.216193 29.549305 6.414201 4.879364 -4.067781 -6.398080 5.833952 -15.505331 -0.825123 -0.731927 0.967863 0.949288 -4.783051 6.871829 26.847727 3.752652 14.115273 -5.911185 -26.107958 11.303799 0.799089 1.008081 19.070448 12.339721
0.288318 4.824880 -9.403790 19.879408 -22.510109 -11.548436 5.210583 29.538485 6.439429 4.891334 -4.064203 -6.394393 5.830762 -15.496836 -0.826098 -0.723861 0.973873 0.954625 -4.794525 6.860431 26.862616 3.759069 14.123336 -5.924037 -26.119183 11.297798 0.795612 1.004976 19.071001 12.321711
0.286742 4.775480 -9.396194 19.886145 -22.510099 -11.566291 5.195646 29.574675 6.442013 4.873467 -4.064153 -6.441643 5.847689 -15.492242 -0.835098 -0.726304 0.986724 0.964720 -4.776634 6.805429 26.862778 3.758599 14.129333 -5.947760 -26.128044 11.320042 0.802150 1.046321 19.075937 12.263831
0.292886 4.779258 -9.399264 19.875105 -22.499817 -11.565501 5.204712 29.582380 6.449855 4.896632 -4.061226 -6.411208 5.849705 -15.493686 -0.833626 -0.710202 0.987816 0.957562 -4.789467 6.851442 26.806198 3.762362 14.126154 -5.924783 -26.179449 11.318512 0.817280 1.082066 19.088058 12.280493
0.292964 4.798067 -9.386312 19.857763 -22.535839 -11.555728 5.193335 29.571341 6.407044 4.868165 -4.054307 -6.424541 5.851822 -15.499237 -0.831232 -0.711041 0.983000 0.959066 -4.780143 6.857132 26.810059 3.750479 14.120602 -5.937363 -26.164345 11.314939 0.813669 1.087178 19.075745 12.291080
0.301144 4.812199 -9.403901 19.875692 -22.516062 -11.549981 5.201085 29.561062 6.454784 4.901527 -4.059223 -6.435009 5.829417 -15.497335 -0.815334 -0.715109 0.980934 0.962578 -4.786463 6.832788 26.835699 3.756380 14.142220 -5.922471 -26.133707 11.312125 0.817170 1.023440 19.072390 12.344850
0.316801 4.821514 -9.408099 19.849369 -22.507578 -11.580928 5.133995 29.567326 6.410269 4.897861 -4.055473 -6.429353 5.813081 -15.501186 -0.798481 -0.710537 0.974327 0.958067 -4.793543 6.866170 26.848505 3.793415 13.981023 -5.944461 -26.120745 11.315421 0.876504 1.030141 19.063913 12.328856
0.802324 4.904355 -9.250680 19.894604 -22.033493 -11.053741 4.522593 29.664562 5.707521 4.923695 -4.054471 -6.434129 5.823321 -15.497817 -0.789135 -0.696064 0.972822 0.957242 -4.798788 6.885470 26.803814 3.769323 14.018194 -5.901917 -26.168581 11.284373 0.840257 1.040469 19.066126 12.322417
-2.849509 6.870342 -9.326093 19.218767 -16.980614 -11.770452 6.510069 25.933468 6.358560 6.457588 -3.990772 -4.902081 2.845243 -15.376617 -1.924165 -1.892710 0.019065 0.971328 -3.716299 6.099693 22.378805 -1.356196 12.600657 -7.690821 -25.161562 10.353231 3.901353 0.954542 17.120531 14.463166
-4.838194 7.666225 -8.983211 19.116055 -15.201029 -11.576850 7.560678 24.676144 7.452887 7.777617 -3.948088 -4.230412 1.231515 -15.448538 -2.286103 -2.494195 -0.100013 1.050948 -3.275790 6.207501 20.832781 -3.669402 11.816604 -7.871840 -25.348944 9.671402 3.723545 1.664902 16.290524 15.718353
-4.461588 8.183429 -8.604004 19.481138 -13.903543 -11.044521 7.093005 24.884256 7.543163 8.939850 -4.069832 -4.325096 0.755122 -15.453781 -2.497601 -2.960670 0.077719 0.740128 -3.084164 6.070919 19.643011 -4.638446 11.428144 -8.954528 -25.222582 9.702098 3.446198 2.538719 14.909235 15.429772
-5.270335 10.145707 -8.692067 18.890074 -12.243951 -10.701574 7.052177 23.885672 7.329725 10.075275 -4.093911 -4.817558 0.271132 -15.341450 -2.302792 -3.628515 -0.028927 1.694904 -2.500225 5.604851 18.174053 -5.268955 11.541782 -9.586960 -25.309921 9.878265 3.585854 2.566699 12.804060 15.701360
-6.077006 11.634880 -10.595091 19.401409 -9.986078 -11.893245 7.155999 22.006178 7.390494 9.917046 -3.849545 -5.642145 -0.959210 -15.410681 -1.969351 -4.942807 -0.283341 2.869728 -1.322553 5.373790 16.343828 -4.042797 11.915242 -10.888461 -25.309454 10.737954 1.858153 0.547893 10.590025 14.232990
-7.083200 12.308235 -11.723501 18.594597 -8.489048 -13.379978 7.210474 20.669878 7.432697 10.194553 -4.118443 -6.612709 -1.613600 -15.501481 -1.737518 -6.233910 -0.917319 2.884667 -0.473752 4.303734 14.036669 -3.621431 12.227390 -12.666213 -24.881701 11.395988 1.121058 -1.747212 9.899777 12.684498
-8.635783 11.782995 -12.213193 18.969000 -6.734650 -12.932295 8.746680 19.333193 7.617422 9.353004 -4.203590 -7.198604 -2.703633 -15.252140 -1.931703 -7.628450 -1.530487 2.521581 0.166716 2.593228 11.106764 -2.202939 12.005406 -14.517816 -24.931309 12.757950 0.390311 -3.693200 9.342560 10.508385
-9.530999 12.702978 -11.365806 18.306814 -5.642308 -11.191374 10.212197 18.475218 7.989414 9.663530 -3.372888 -7.920998 -2.922532 -15.271811 -2.120292 -7.702463 -1.414483 2.836041 0.398944 1.652542 8.580395 -1.571661 11.809243 -15.751062 -24.955545 13.799675 -0.218703 -5.622193 8.792884 9.298282
-10.388012 13.135359 -10.736245 17.798851 -5.536998 -9.612399 11.552248 18.226828 8.773607 9.768940 -2.725418 -8.382725 -3.665767 -14.909336 -2.414935 -8.001407 -1.386326 3.043440 0.322184 0.075585 6.911778 -1.857130 11.692846 -14.473586 -26.497890 13.279346 -0.747156 -6.603354 10.026464 9.310920
-10.776664 14.086183 -9.622221 16.705816 -5.090851 -7.863924 12.984553 18.265415 9.425603 11.171499 -1.985861 -7.829201 -4.830144 -14.451588 -2.931601 -8.104197 -1.731481 2.515168 0.007714 -1.174732 6.162781 -2.735432 11.220939 -10.544338 -29.025587 10.508065 -2.083401 -6.016478 11.393200 9.650704
-11.329852 15.930158 -8.162646 15.301035 -3.171652 -6.129252 13.787213 17.905436 10.742527 14.211852 -1.067363 -7.896661 -5.919454 -14.619728 -2.831850 -7.567004 -2.192271 3.861938 0.435646 -3.149878 4.074573 -4.092651 10.573380 -7.464321 -31.331892 8.210692 -1.939470 -4.959787 11.309340 11.844822
-11.742307 16.028057 -8.043734 15.468008 -2.497816 -5.496669 14.750524 17.544281 11.550927 14.692650 -0.376386 -7.357821 -6.448452 -14.481924 -3.082209 -7.102003 -2.285192 4.099809 0.277218 -3.656439 2.937653 -4.114637 10.502019 -6.738298 -32.253948 7.890680 -2.180296 -4.517612 10.770152 12.326389
-11.688000 16.175852 -8.297408 15.299488 -2.617299 -5.209266 14.597135 17.270079 11.378215 14.669382 -0.144425 -7.176649 -6.563749 -14.426544 -3.203880 -6.886292 -2.204602 4.182435 0.186981 -3.778519 3.025296 -4.133999 10.519592 -6.876870 -32.127125 7.974930 -2.008157 -4.549010 10.616798 12.759543
-11.573131 16.249035 -8.379283 15.191175 -2.383211 -4.953888 14.593053 17.271538 11.108509 14.578735 -0.051257 -7.223840 -6.602564 -14.414489 -3.281351 -6.929480 -2.199676 4.226929 0.255750 -3.912578 2.693751 -4.176009 10.486564 -6.844218 -32.205166 8.001779 -2.254305 -4.649207 10.460360 12.709679
-11.778516 16.346519 -8.474868 15.108477 -2.555839 -4.988819 14.878366 17.108698 11.281424 14.602373 -0.005479 -7.194867 -6.658086 -14.408561 -3.294220 -6.901359 -2.237321 4.224281 0.225613 -3.995116 2.631998 -4.277412 10.372910 -6.859637 -32.219913 7.984390 -2.197491 -4.626132 10.521957 12.745577
-11.972303 16.578499 -8.335353 14.990978 -2.610304 -4.860366 14.972441 16.878136 11.215697 14.442767 0.169875 -7.159601 -6.655190 -14.348124 -3.396301 -6.756810 -2.115885 4.325532 0.201815 -3.939842 2.671914 -4.331406 10.184663 -6.873665 -32.225086 8.090659 -1.929591 -4.449415 10.572479 13.006862
-11.836959 17.016735 -8.475065 14.765601 -2.559751 -4.584037 14.451108 16.677452 10.846306 14.558840 0.375875 -6.931783 -6.849921 -14.299534 -3.548719 -6.599015 -2.109685 4.521401 0.219887 -4.099438 2.579780 -4.844330 10.244157 -6.824059 -32.362556 7.955761 -1.832094 -4.120258 10.822384 13.225565
-11.983457 17.077156 -8.218711 14.757539 -2.522109 -4.450622 14.361325 16.513369 10.863053 14.411869 0.819147 -7.017343 -7.185564 -14.481682 -4.324228 -6.665446 -2.247459 4.727048 0.896180 -4.368564 3.380071 -5.188474 9.843453 -6.772371 -32.070728 7.519922 -1.955313 -3.899187 10.718927 14.025784
