0.618744 26.089619 -10.281058 4.639215 3.784334 -5.826606 9.217353 12.347610 17.694263 -7.500335 -4.353453 1.317859 -1.295287 -9.768829 5.333604 -2.064446 -5.415031 3.209506 -9.634562 -2.844474 -4.820008 8.685563 10.586482 14.682330 -13.346209 20.081861 0.554145 -15.742640 -0.624829 16.552599
0.146820 26.013844 -10.368258 4.660662 3.386769 -6.324097 10.005641 12.235703 18.395498 -7.643337 -4.379198 1.335438 -1.310237 -9.767161 5.299190 -2.084239 -5.439480 3.189318 -9.684285 -2.799927 -4.835740 8.722102 10.578842 14.655153 -13.353564 20.112520 0.527755 -15.751708 -0.604809 16.533791
-0.826018 6.962317 -14.337726 -1.766899 -3.323362 7.242541 7.586259 14.649917 20.797514 -18.860918 -1.142389 2.947516 2.593038 -5.923543 6.508418 -1.937872 -7.961755 -0.394919 -10.069091 2.957374 9.934535 5.675016 11.438375 20.401894 -6.708961 10.383703 4.296872 -2.779771 -15.617281 12.584159
-8.003105 -1.021517 -6.298682 0.167194 2.226311 21.551367 5.750330 13.775764 20.222643 -18.539337 6.046626 2.990836 1.469616 -5.880649 1.769428 -0.906194 -3.596342 -1.784544 -7.938876 4.711905 6.798852 2.772258 6.802833 17.904686 -7.341819 5.796760 -8.497647 0.528447 -21.748886 10.755886
-5.892340 -0.127695 -11.582128 -2.302064 3.290872 12.411191 5.503531 12.120526 22.100504 -20.530853 4.804310 2.794937 1.289921 -4.811463 2.242935 -2.250390 -6.896209 -1.758728 -8.610120 4.595169 7.548257 3.617424 6.056923 17.825630 -5.032241 6.403899 -1.569788 -0.558725 -22.489628 8.051104
-3.120490 1.225746 -16.123219 -4.717862 0.951034 5.708043 3.679320 12.770013 23.583027 -20.362665 3.028692 1.573622 1.852594 -4.514225 3.852158 -3.109907 -8.664423 -0.722680 -8.896761 2.982377 7.230703 4.605893 7.482306 17.881691 -5.355794 7.506855 3.192414 -2.365373 -20.621721 7.003328
-1.100758 2.547740 -18.719076 -6.112357 0.733618 2.364095 1.091054 12.825767 22.933649 -19.618107 0.126211 1.707830 1.510033 -3.680427 6.116785 -3.965861 -9.815052 -1.610034 -10.171183 2.249440 6.471140 5.029920 9.168111 16.485600 -6.067593 7.698762 6.998571 -4.745331 -19.196775 4.208828
-0.389978 2.790385 -20.292177 -7.928465 1.358631 0.047247 -1.705940 12.517959 23.043806 -19.663532 -0.724318 1.826960 1.452006 -3.033198 6.535550 -4.726246 -10.244148 -1.502697 -10.284398 1.866018 5.908236 4.922068 9.646306 15.478937 -6.524114 6.913909 8.424996 -6.248086 -18.850544 2.497593
0.355889 2.567747 -21.530676 -8.854401 2.135851 -0.840272 -3.425402 12.648004 22.856775 -19.628799 -0.867741 1.844768 1.365004 -2.686829 6.319254 -5.259491 -10.595623 -1.688400 -10.131426 1.315828 5.937118 5.985122 9.400023 15.040280 -6.746298 6.360254 8.739484 -6.896156 -18.694040 0.773382
0.745735 2.109714 -22.652027 -8.912939 3.880131 -2.121256 -5.528881 12.682298 22.296610 -19.140539 -0.805300 2.297446 1.058369 -2.230521 6.012924 -5.652979 -10.823315 -1.892063 -10.113500 0.523049 5.728333 6.947085 9.185174 13.787830 -7.062672 6.211667 8.878705 -7.778799 -18.671970 -1.462488
-0.200783 1.462687 -23.370699 -8.380522 5.523362 -3.647784 -6.434303 12.777898 22.166910 -18.696096 -0.613753 2.629199 1.126175 -1.660167 6.005981 -5.785173 -10.624937 -2.034719 -10.152957 -0.283572 4.381179 7.880870 8.911128 12.994375 -7.189551 6.105336 8.777280 -8.991385 -19.131519 -3.249720
-1.156538 1.629546 -23.436949 -8.741755 6.433897 -5.038897 -7.682652 13.175290 21.216791 -17.858313 -0.453668 2.691770 1.516197 -1.037870 6.069227 -5.911812 -10.162949 -1.858711 -10.531590 -0.883090 2.454539 7.247114 8.564097 12.455600 -7.449771 5.482121 8.896146 -10.572181 -18.896006 -3.620279
-2.008394 2.868514 -23.297377 -8.777800 7.438659 -5.795492 -8.975068 13.505010 19.350962 -16.605066 -0.219259 2.577789 2.463649 -0.319852 6.577856 -5.660130 -9.460714 -1.515931 -11.030563 -1.243425 -0.314853 6.384135 8.274831 12.423934 -7.545018 5.278660 9.867026 -12.980715 -18.055582 -3.309812
-2.236712 4.515068 -22.504230 -9.441037 7.693904 -6.104354 -11.093406 14.033908 18.697933 -15.779838 -0.052365 2.493231 3.782909 0.016521 6.894319 -5.190711 -8.711699 -1.128796 -11.737405 -1.170464 -1.740421 5.383785 6.912465 13.133985 -8.101953 5.602026 10.504050 -15.087877 -16.612312 -3.531729
-2.375278 6.383665 -21.777029 -9.917280 7.584422 -6.856964 -13.033031 14.905950 18.883081 -15.013138 0.349629 2.590458 5.147193 0.138788 7.000668 -3.883895 -8.034389 -0.692802 -12.859866 -0.665347 -2.139296 4.007875 6.309659 13.775243 -8.579904 6.282781 10.551942 -17.143948 -14.446857 -4.541918
-2.133166 9.583433 -19.957079 -10.100536 7.797925 -6.536416 -14.992875 15.443700 18.291342 -14.301647 0.614950 2.153020 6.379536 0.008641 7.108056 -2.657166 -7.527868 -0.476719 -13.926505 0.360857 -2.076364 1.710830 6.270408 14.699869 -8.728979 6.834537 9.394395 -19.412249 -11.752146 -5.109965
-1.541886 10.326456 -18.505033 -10.155629 7.710242 -6.807481 -15.580556 16.964502 17.851753 -14.674104 0.487663 1.405351 7.175501 -0.329097 7.115647 -2.415012 -7.326995 -0.082602 -14.315617 0.919463 -2.124609 0.352459 6.146073 15.346511 -8.951145 6.980043 9.408230 -20.892672 -10.081100 -4.727346
-1.657121 9.763865 -17.867220 -10.668348 7.635690 -7.339600 -14.874809 17.670607 17.625591 -15.318405 0.343599 1.243991 7.249087 -0.378666 7.096970 -2.536246 -7.439128 0.089783 -14.365323 0.837286 -1.769708 0.164440 5.521727 15.501669 -8.572842 6.989348 10.240260 -19.923054 -10.457209 -3.307897
-2.109769 9.468044 -17.647026 -10.851750 7.551218 -7.663668 -14.500518 17.794744 17.602819 -15.622427 0.336707 1.312019 7.456063 -0.371737 7.162457 -2.490764 -7.416180 0.126862 -14.380996 0.868208 -1.619689 -0.167560 5.258224 15.514867 -8.586687 6.842009 10.449905 -19.774710 -10.402372 -2.783696
-2.255869 9.133452 -17.777889 -11.108055 7.204387 -8.337634 -14.464391 18.141134 17.780983 -15.659767 0.312416 1.234551 7.416618 -0.436689 7.216976 -2.485472 -7.477483 0.130086 -14.360125 0.966204 -1.467122 -0.176104 5.327685 15.736606 -8.509459 6.743782 10.596058 -19.581511 -10.459469 -2.349897
-2.636767 8.718485 -17.540388 -11.296432 7.135641 -8.637176 -14.353677 18.360754 17.838469 -15.814371 0.247519 1.109584 7.490448 -0.438683 7.317546 -2.589975 -7.528768 0.154146 -14.315362 0.917140 -1.331239 -0.336336 5.777199 15.712353 -8.349043 6.859169 10.491849 -19.551756 -10.517614 -2.030149
-3.108181 8.100930 -17.338091 -11.480274 6.919219 -9.130483 -14.100217 18.604706 18.062017 -15.809853 0.217793 1.092290 7.341094 -0.524277 7.331398 -2.597315 -7.513762 0.128016 -14.263273 1.031733 -1.136337 -0.602801 6.122944 15.658249 -8.105168 6.774081 10.298697 -19.559402 -10.607080 -1.770071
-4.338976 5.194070 -18.612019 -11.173265 7.384756 -9.818522 -12.465310 17.181864 18.845537 -15.935446 0.320574 1.197551 5.497799 -0.396890 7.768107 -2.861894 -7.770108 -0.200186 -13.623913 0.719845 -1.049158 0.078846 7.795338 14.848261 -7.535684 6.750293 9.393840 -16.917772 -13.243816 -2.729517
-4.147127 3.958997 -19.159431 -9.880349 7.843960 -8.619982 -11.642676 16.250196 19.706999 -15.968645 0.344047 1.412210 4.699579 -0.478128 7.761587 -3.204157 -8.003208 -0.480160 -13.039135 0.590936 -1.410551 1.298927 8.341775 13.898439 -7.727060 6.599479 8.522622 -16.432505 -14.363041 -3.859653
-14.065429 -8.978598 -7.718647 -7.217290 5.030427 26.491693 -11.490464 11.007716 23.887825 -10.541811 9.463587 4.556592 -2.212523 -1.984718 1.292368 -1.760233 -1.418596 -4.471217 -7.311089 1.764831 -5.115695 2.546078 1.629576 11.823605 -9.800094 0.550413 -10.524543 -1.034981 -26.000120 3.792501
-11.682508 -4.797909 -13.990085 -4.825167 9.482950 11.584535 -9.125542 11.528647 23.755449 -15.625675 7.408720 3.520527 0.273890 -1.602097 2.222661 -2.574025 -4.715184 -3.619332 -8.879205 1.458237 -2.641207 4.333132 3.949913 11.355231 -8.362043 2.868304 -5.662609 -6.425004 -25.009714 -1.649841
-10.504986 -5.232632 -14.527755 -4.086462 9.384531 10.310310 -8.539128 12.729348 23.226828 -16.377783 7.017258 2.727215 0.675996 -1.914769 2.305801 -3.103072 -5.505293 -3.491238 -8.466464 1.604061 -0.577173 5.126503 4.401963 11.232802 -7.793359 2.951994 -5.322081 -6.870540 -24.657869 -2.728433
-7.603058 -5.092523 -16.000353 -3.476164 11.064065 8.955684 -8.249728 12.843108 22.712814 -17.625462 6.285479 2.919054 0.345317 -1.990781 2.355812 -3.498645 -6.425397 -3.270911 -8.379254 1.360830 0.756555 6.273961 5.404399 10.921917 -7.548378 3.240876 -3.570257 -5.911489 -24.980326 -2.481391
-5.464696 -6.461797 -16.140364 -2.438452 11.257792 10.372735 -7.190267 12.776433 21.619152 -18.364286 6.182033 2.670903 -0.231801 -2.468363 2.217906 -3.545617 -7.051661 -3.674878 -8.161389 1.715643 2.093747 5.972119 6.542787 10.783306 -7.700664 3.195244 -3.698610 -4.470324 -24.977369 -1.948111
-3.651978 -6.683160 -15.846322 -1.767534 11.426569 11.797875 -6.652108 12.713243 20.760538 -18.855598 6.123960 2.171489 -0.710469 -2.953864 2.253192 -3.418739 -7.266222 -3.929976 -8.057901 2.130792 3.420780 5.811918 7.209811 10.924796 -7.616496 3.477670 -3.917382 -3.089805 -25.203753 -1.162392
-4.921723 -8.554177 -12.340692 3.846820 12.597559 22.403662 -3.016810 9.956937 20.434641 -16.479382 8.054443 4.206635 -3.146032 -3.629267 2.511610 -0.053500 -5.347361 -4.247910 -8.478402 2.810930 -0.035680 2.402064 7.067713 10.458206 -9.058556 4.001322 -4.316884 4.403093 -27.079172 5.997369
-3.064689 -8.199123 -12.211084 3.000836 10.976725 19.950182 -3.348323 13.267840 18.783838 -19.096010 7.203390 2.020780 -1.475098 -4.161674 2.909121 -1.179167 -6.150915 -3.847653 -8.459536 3.752388 3.653062 2.520362 8.035166 11.243653 -7.857483 4.047660 -5.511119 1.206527 -25.993135 4.293057
2.230835 -5.647368 -14.594536 4.678420 12.362124 14.674554 -1.072259 14.183932 16.611269 -21.291933 5.061281 1.140273 -1.118985 -4.682946 4.502635 -0.993163 -8.294521 -2.485062 -9.075214 3.409658 5.967014 2.453330 10.940522 12.366844 -6.411520 6.825535 0.389634 0.734019 -23.475344 5.548475
6.627185 -3.034853 -15.115161 4.085443 12.420813 12.084987 0.238768 15.894606 13.675073 -21.706545 3.923755 0.207803 -0.528411 -5.103388 5.892391 -0.652632 -9.442795 -1.198238 -9.269106 3.169488 7.625985 1.827828 13.320571 14.616867 -6.250153 7.520507 4.195706 -0.317612 -20.850180 6.792152
9.514894 -0.610234 -15.677835 5.827292 12.030612 12.671123 1.190536 16.629210 9.659933 -20.392092 0.958106 0.350427 -0.511656 -5.568610 8.247027 -0.021026 -10.539989 -1.857853 -10.733088 3.832892 10.169193 1.413262 15.859143 16.932446 -5.779439 7.649364 7.370475 -1.290171 -18.216211 8.103785
11.578594 1.002344 -14.554685 8.082793 12.598679 15.469785 2.347850 17.056486 5.664840 -20.155439 0.129597 -0.015005 -0.416736 -6.249313 9.006730 0.442758 -10.334017 -1.839432 -10.697650 4.095872 12.090920 0.715118 16.874018 19.462563 -5.382586 7.226324 6.357395 -2.705026 -16.652252 9.168715
13.734881 2.631253 -13.767536 8.613542 13.441945 16.734587 2.807563 17.355665 3.053876 -20.132318 -0.201133 -0.937489 0.086624 -7.095940 9.008989 0.687208 -10.509319 -2.161900 -10.667588 4.898771 11.793952 -0.379418 18.435999 20.578671 -4.932671 9.010055 4.445715 -2.718200 -15.449675 9.702470
15.781967 4.488931 -11.163581 7.167374 15.399885 17.864828 4.305981 16.734610 0.852575 -21.512655 -0.198721 -2.543484 0.608156 -7.196906 8.701849 0.618421 -10.953217 -2.324157 -11.443851 6.233719 10.671418 -1.005293 20.114191 21.398552 -3.439322 11.713256 3.765199 -2.738364 -14.613723 9.019603
15.913436 4.803277 -10.337855 6.406545 16.079863 17.517847 5.057045 16.478199 0.434763 -21.915373 -0.344385 -2.767671 0.755868 -7.184567 8.365046 0.365623 -10.892048 -2.220529 -11.647777 6.561562 10.509689 -1.360873 20.363569 21.676254 -3.001793 12.070700 3.553810 -2.693097 -14.355072 8.755666
16.084198 4.751957 -10.119360 6.254447 16.245874 17.647532 4.996134 16.689220 0.372777 -22.148254 -0.460505 -2.904252 0.810226 -7.126054 8.387461 0.298930 -10.954464 -2.114275 -11.708811 6.634374 10.546100 -1.530808 20.401182 21.817741 -2.959323 12.060926 3.578806 -2.582073 -14.256002 8.868716
