10.311087 29.412418 -6.429731 6.549885 14.233573 4.221269 -1.199500 14.099216 1.128667 -7.227529 -3.464470 6.368169 -0.605833 -9.679256 9.786970 0.049074 -1.778878 -0.100453 -4.922228 -6.175749 1.918932 15.634583 -12.704424 0.143072 -29.613199 6.185495 11.953716 -16.162590 2.219001 9.108819
10.439308 29.427555 -6.271726 6.475305 14.421942 4.188491 -1.112142 14.159482 1.149269 -7.464753 -3.440240 6.436710 -0.609097 -9.658703 9.770602 0.079064 -1.808206 -0.114370 -4.930253 -6.147923 2.008890 15.677242 -12.704614 -0.008978 -29.773649 6.007841 11.891757 -16.192535 2.191156 9.031822
8.608068 30.787746 -10.946919 -3.006275 20.278742 -1.789572 0.482971 8.053342 -1.504078 -6.908114 -1.962397 9.461800 -3.761260 -4.441018 12.239689 -1.785231 -5.170612 0.760695 -3.726927 -8.276255 -5.417169 10.309765 -11.105944 -10.266542 -31.069921 1.088711 22.914133 -17.729822 -1.926184 4.862573
7.753240 31.223080 -11.268670 -3.777769 20.867178 -2.903614 0.475789 6.763067 -1.716179 -6.498150 -1.721861 9.867625 -4.411690 -3.775353 12.078047 -1.752193 -4.933234 0.988875 -4.274565 -8.853724 -7.358086 10.639648 -11.564067 -11.419349 -30.951082 1.180000 23.135132 -18.043383 -2.970347 4.964959
7.508788 31.791595 -12.125402 -3.940569 21.496923 -3.845703 0.829906 5.551843 -2.114615 -5.845631 -1.676117 9.957069 -5.093935 -3.378358 11.856188 -1.878540 -5.354450 1.461926 -4.495816 -9.337456 -9.641527 10.890235 -12.035155 -11.477568 -30.168932 1.337775 23.355984 -18.893469 -3.866259 4.496367
7.397109 31.890308 -12.385270 -4.080675 21.885616 -4.093880 0.968020 5.099836 -2.200547 -5.767188 -1.731257 10.013657 -5.418290 -3.224154 11.875815 -1.998033 -5.486950 1.593125 -4.474257 -9.664005 -10.003129 10.804550 -12.075715 -11.815945 -29.994341 1.322408 23.673309 -18.712553 -4.311289 4.576811
7.240022 32.084232 -12.526820 -4.183835 22.312813 -4.492795 1.020306 4.744511 -2.301617 -5.592748 -1.704426 10.081066 -5.551522 -3.217549 11.852570 -2.019296 -5.561846 1.599486 -4.415927 -9.705666 -10.303343 10.675825 -12.153539 -11.942090 -29.940899 1.300680 23.827951 -18.791311 -4.453758 4.728362
7.214410 32.088692 -12.581164 -4.249783 22.389917 -4.560804 1.002010 4.712174 -2.298911 -5.605710 -1.715155 10.064064 -5.548532 -3.206741 11.855788 -2.037081 -5.544017 1.581419 -4.419589 -9.745684 -10.336968 10.654955 -12.135499 -12.016902 -29.864653 1.270836 23.923449 -18.667288 -4.647986 4.725439
7.180614 32.105122 -12.600618 -4.281314 22.451464 -4.578696 1.034597 4.645645 -2.307501 -5.606440 -1.720009 10.070787 -5.563241 -3.209896 11.855580 -2.033635 -5.533476 1.586508 -4.416165 -9.759114 -10.313096 10.647295 -12.143032 -11.986499 -29.850824 1.249591 23.909657 -18.679098 -4.674876 4.731500
7.190230 32.101982 -12.590374 -4.270395 22.432331 -4.565023 1.029431 4.662901 -2.304650 -5.607744 -1.722113 10.071727 -5.565415 -3.209873 11.856318 -2.034819 -5.534324 1.589196 -4.414394 -9.757534 -10.298851 10.647348 -12.142968 -11.973153 -29.856173 1.247513 23.900484 -18.686934 -4.657684 4.725759
7.176674 32.101517 -12.622935 -4.294993 22.461094 -4.592471 1.023891 4.640718 -2.302632 -5.609558 -1.722011 10.078848 -5.577556 -3.206861 11.859352 -2.034444 -5.541885 1.595611 -4.405076 -9.760849 -10.345313 10.654722 -12.147639 -12.034883 -29.827848 1.248555 23.952238 -18.613970 -4.741352 4.760571
7.176971 32.100380 -12.621886 -4.294645 22.459354 -4.590659 1.024001 4.642151 -2.302220 -5.610256 -1.722008 10.078501 -5.576481 -3.207744 11.858733 -2.034379 -5.542176 1.594743 -4.404764 -9.759691 -10.340985 10.655508 -12.147867 -12.031353 -29.828588 1.247992 23.948969 -18.615461 -4.738101 4.760653
7.176935 32.100327 -12.621806 -4.294639 22.459312 -4.590556 1.024054 4.642163 -2.302210 -5.610291 -1.721928 10.078484 -5.576222 -3.208051 11.858494 -2.034238 -5.542163 1.594524 -4.404783 -9.759341 -10.340604 10.655355 -12.147906 -12.030805 -29.828577 1.247768 23.948633 -18.615965 -4.737898 4.760511
7.175575 32.099556 -12.622350 -4.291353 22.457344 -4.593204 1.021246 4.639509 -2.304825 -5.616835 -1.722083 10.078400 -5.576220 -3.207821 11.858747 -2.034313 -5.542047 1.594754 -4.404856 -9.759558 -10.338481 10.656775 -12.147171 -12.032828 -29.827185 1.250095 23.950764 -18.614855 -4.735542 4.759909
7.162834 32.090721 -12.668650 -4.315392 22.481428 -4.630049 1.008783 4.611940 -2.308911 -5.614523 -1.722728 10.076397 -5.582477 -3.200597 11.863092 -2.037411 -5.530726 1.589826 -4.413882 -9.788088 -10.343179 10.667572 -12.146217 -12.051506 -29.822542 1.262996 23.956240 -18.584122 -4.760596 4.779705
7.173527 32.088112 -12.659602 -4.304816 22.463158 -4.616292 1.003697 4.627787 -2.305759 -5.615562 -1.724628 10.077481 -5.585122 -3.200102 11.864188 -2.038462 -5.531434 1.593045 -4.412379 -9.786350 -10.332951 10.668018 -12.145931 -12.043250 -29.822041 1.261548 23.953112 -18.581804 -4.755398 4.778603
7.157241 32.087608 -12.674837 -4.321357 22.492765 -4.635937 1.013754 4.604494 -2.311162 -5.616596 -1.722068 10.075349 -5.581754 -3.201189 11.862979 -2.037558 -5.530743 1.589011 -4.414316 -9.785792 -10.348754 10.660733 -12.144794 -12.052326 -29.822519 1.262302 23.958965 -18.592371 -4.762839 4.772658
7.163302 32.089531 -12.669253 -4.315548 22.480507 -4.630375 1.008390 4.612968 -2.308605 -5.614396 -1.722586 10.080193 -5.582629 -3.200937 11.860400 -2.039214 -5.531142 1.589598 -4.412708 -9.787676 -10.343449 10.667456 -12.146247 -12.051490 -29.822437 1.262884 23.956429 -18.584370 -4.760743 4.779634
7.171577 32.088211 -12.660071 -4.304903 22.461866 -4.618918 1.006320 4.627444 -2.303050 -5.615566 -1.724586 10.080727 -5.584719 -3.200323 11.861664 -2.040304 -5.531499 1.593168 -4.411393 -9.785570 -10.333208 10.667894 -12.145965 -12.043216 -29.821918 1.261421 23.953310 -18.582047 -4.755573 4.778531
7.169816 32.087898 -12.659453 -4.304923 22.460041 -4.619546 1.008046 4.627560 -2.301755 -5.616039 -1.724909 10.079605 -5.584809 -3.199585 11.862772 -2.040699 -5.531983 1.593551 -4.411029 -9.786201 -10.333402 10.668423 -12.146391 -12.042558 -29.822058 1.261272 23.952593 -18.582521 -4.754542 4.778957
7.164860 32.086815 -12.662038 -4.308121 22.469091 -4.623690 1.012902 4.623359 -2.303833 -5.616899 -1.724451 10.076884 -5.584133 -3.200356 11.863857 -2.039065 -5.531930 1.592270 -4.412093 -9.785430 -10.334779 10.661599 -12.144790 -12.039165 -29.826902 1.262341 23.950178 -18.597178 -4.743927 4.768678
-7.170363 29.294395 5.654812 -4.005011 32.631508 3.772297 5.859859 2.424899 4.938410 -0.466296 2.244351 11.926003 -10.454080 -2.771801 7.263934 -0.398004 1.500146 2.137979 -5.165792 -7.826726 -16.298975 3.862266 -24.066778 -15.374675 -29.647764 -2.783452 9.646449 -10.521619 -10.524097 11.088418
-9.544754 30.527126 7.441837 -3.741829 33.809685 2.274574 5.624730 1.590007 4.404922 2.466296 1.558835 12.166359 -11.830522 -2.367521 7.552146 -0.601569 2.586283 2.350838 -5.594435 -7.016091 -18.298685 -0.277871 -21.999783 -15.658640 -27.517178 -1.713537 7.387014 -9.722879 -10.075184 13.785424
-13.541072 30.419622 7.689501 -3.525440 30.620710 1.624172 3.506828 0.417301 1.815371 6.131817 1.272679 11.174810 -12.917804 -1.937553 7.530806 -1.426441 3.768959 2.972204 -5.374961 -6.627376 -20.448214 -3.105069 -22.996161 -11.096599 -21.282236 2.225101 4.639988 -9.822355 -9.365600 13.986329
-15.502380 30.057293 8.692608 -4.127273 30.249329 -0.598079 1.715170 -0.492638 0.730557 6.830177 1.192255 9.935069 -13.806855 -0.928843 7.554456 -2.527338 4.356262 3.436816 -5.300239 -6.589371 -21.181566 -7.551839 -22.244343 -10.343246 -19.320654 2.619178 3.748283 -9.802350 -7.310783 14.323229
-17.671366 29.047714 10.222026 -3.923753 29.621674 -1.950777 0.801507 0.133013 -0.248942 8.181566 0.937478 8.716080 -13.890296 -0.264866 7.662498 -2.956195 5.558670 3.845395 -5.575957 -6.319725 -20.790073 -9.307209 -22.272539 -9.595260 -17.112017 4.607823 2.862155 -7.471897 -6.764360 14.519703
-18.951420 27.490372 11.901526 -5.104040 28.229223 -3.331598 -0.596503 1.137679 -1.424749 9.805826 0.423808 7.491718 -13.735520 0.534287 8.017015 -3.956575 6.409726 4.425037 -5.624653 -5.958513 -20.493383 -11.617127 -21.925655 -9.389124 -15.246138 4.890147 2.049039 -6.298893 -5.922204 13.783465
-20.439434 26.163303 12.372504 -5.940973 27.232384 -4.362229 -2.543850 1.561439 -3.584847 12.368971 1.094070 6.133938 -13.481187 1.325734 8.274645 -4.319591 7.668432 5.193796 -4.647300 -6.426088 -20.218645 -14.453978 -19.708555 -8.016376 -13.415257 6.342938 1.021993 -5.023520 -4.605032 13.857205
-22.251266 24.518185 14.023740 -7.967195 25.079605 -5.183919 -5.617548 2.409277 -6.938617 14.238099 1.381721 4.622485 -13.326029 2.282470 8.789465 -5.290671 8.863932 5.875724 -3.057255 -6.848907 -20.658331 -18.612711 -17.245970 -6.640847 -11.417299 7.730091 -0.389841 -4.387119 -2.974186 14.773709
-23.197042 21.853603 15.984063 -9.026020 22.150858 -6.449571 -6.826512 4.470675 -9.382629 16.502504 1.363333 2.773459 -12.370099 2.935381 8.922523 -6.238136 9.605213 5.723138 -1.826841 -6.346862 -19.747747 -21.689411 -14.985202 -5.297983 -8.866627 9.050423 -0.858141 -3.046580 -1.160096 15.094598
-23.641314 17.916327 16.976866 -8.592542 19.497984 -7.726831 -7.639970 6.098156 -11.072404 17.606377 1.135593 1.965042 -11.607663 3.618946 9.329988 -6.899377 10.395897 5.014382 -0.928335 -5.156491 -17.543842 -23.460817 -13.297329 -2.981055 -7.675628 10.509573 -1.268716 -0.865898 2.120883 13.207309
-22.749517 14.361616 18.028849 -6.673508 17.298639 -9.062463 -7.838722 8.874183 -13.123713 19.561499 1.051814 1.267118 -10.796081 3.996628 9.621490 -7.275714 11.361607 4.065346 0.232417 -3.279088 -14.485534 -24.577629 -12.555391 -0.871368 -6.805781 11.946894 -0.563252 1.671802 5.399027 11.588353
-20.697973 11.320236 18.878695 -5.093626 12.198189 -8.407282 -8.618419 12.152106 -16.244595 22.085085 1.330719 -0.469049 -9.605538 3.472537 9.387314 -7.126446 12.410622 3.817566 1.278588 -2.278673 -11.516738 -24.654289 -10.196727 2.194571 -7.631878 13.094477 -0.848649 5.320830 9.694658 11.929395
-17.219645 7.014742 19.968834 -2.734795 6.384722 -5.332594 -8.064126 16.854797 -18.825094 24.757195 0.683318 -2.355442 -8.195664 2.627565 9.416773 -7.898362 13.052277 2.784467 3.326435 -0.472355 -6.608548 -24.241953 -6.619618 5.786656 -9.239795 14.277310 -2.294307 8.837020 13.684962 11.195859
-15.788655 6.158922 19.550421 -1.624639 6.225850 -6.491579 -6.928802 18.708893 -20.151682 26.191648 0.583257 -2.453261 -8.261369 2.597271 9.174653 -7.943738 13.181610 2.606720 3.720417 0.819845 -5.342894 -25.003214 -5.982116 5.595260 -9.683622 14.776687 -2.954591 11.432086 14.516046 10.052818
-14.857132 4.776596 19.848270 -1.248295 2.676426 -3.651144 -7.787062 20.166033 -20.039602 26.565348 0.950770 -3.824287 -7.283765 1.811582 8.772552 -8.372647 13.397696 1.942172 4.798822 1.336521 -2.244402 -24.093864 -4.288617 8.404540 -9.948228 14.925028 -5.364775 11.579954 14.986205 8.731826
-14.557508 4.506347 19.798191 -0.936909 2.143685 -3.259634 -7.966424 20.471884 -19.867649 26.669098 0.942751 -4.121074 -7.131551 1.570711 8.662418 -8.322740 13.379663 1.903216 4.921461 1.389137 -1.743862 -23.768072 -4.085707 9.068067 -9.920003 14.948840 -6.301441 11.425252 15.093843 8.649064
-14.357998 5.733973 19.217663 -1.606057 4.154487 -5.156040 -8.005549 20.239317 -20.536461 26.954456 0.962718 -3.123751 -7.956728 1.979114 8.510260 -8.382566 13.011177 2.030150 4.784488 1.179718 -3.066664 -24.034555 -3.907952 6.968392 -10.195932 15.451918 -4.073875 12.292060 14.065914 8.844959
-14.337533 5.104289 19.441605 -1.180731 3.206430 -4.417377 -8.264280 20.713171 -20.139059 26.843588 1.135294 -3.770343 -7.419014 1.721711 8.606861 -8.464686 13.185377 2.063324 5.240398 1.366187 -2.133483 -23.915888 -3.507676 8.062066 -10.208126 15.525505 -4.989439 11.994384 14.583971 8.388558
-14.621676 4.788029 19.573065 -1.387049 2.884753 -4.224027 -7.849970 20.350065 -19.998005 26.625843 0.925837 -3.694219 -7.276938 1.839393 8.819049 -8.360005 13.292992 2.014975 4.916470 1.345156 -2.376482 -23.878166 -3.895882 8.349310 -9.915134 15.145767 -5.252249 11.713194 14.799529 8.588909
-14.497187 5.377556 19.310690 -1.317911 4.017932 -5.135816 -7.671365 20.301144 -20.229473 26.620714 0.861190 -3.200145 -7.731566 1.988268 8.674441 -8.424985 13.168510 2.046094 4.832515 1.183503 -2.983686 -24.139862 -3.903260 7.158451 -10.107268 15.411850 -4.395133 11.996039 14.305223 8.640229
-14.287976 5.830239 18.843029 -1.627934 4.324475 -5.610857 -8.189617 20.329020 -20.315542 26.975258 1.127688 -3.306011 -7.801436 1.902782 8.397106 -8.606263 12.908442 2.077087 5.196432 1.281928 -2.928562 -23.774012 -3.576814 7.403568 -10.226159 15.367475 -3.985145 12.220517 13.865127 8.645330
-12.783793 5.045576 17.149940 -1.540471 5.689387 -7.396735 -7.621738 21.093496 -20.192499 26.309044 1.028160 -2.272486 -8.693574 2.182868 7.827047 -8.789076 12.772318 1.431903 5.243684 1.637436 -3.177836 -23.289246 -3.428852 5.522477 -9.923443 15.768892 -3.074521 13.080091 12.626254 7.083625
-12.794781 4.052767 15.332747 -0.222584 7.580262 -10.040792 -6.046023 19.657869 -18.983988 24.853848 0.923492 -0.830503 -9.475402 2.687761 7.483751 -8.382483 12.561863 0.747485 4.255077 1.976606 -4.738761 -21.998539 -4.608762 2.452321 -9.967590 16.580843 -2.981171 13.465062 11.754281 5.622722
-12.676112 5.430166 13.692227 -0.146670 10.939038 -13.182797 -6.488201 19.134806 -18.342089 24.360186 1.189676 0.337755 -10.450576 3.163667 7.097372 -8.241914 12.211096 0.496294 3.744018 1.958732 -6.540001 -21.492369 -5.888521 -0.842199 -9.821240 17.467848 -0.759182 13.554709 9.718679 3.638020
-10.764209 3.404073 12.569806 0.966478 7.467304 -10.658347 -8.039126 21.905970 -17.608713 25.335722 1.807609 -1.226273 -9.528452 1.921838 6.249610 -8.742923 11.792173 -0.200618 5.563991 2.480565 -2.884836 -20.602438 -2.744402 2.106630 -10.180140 18.214838 -3.196471 13.961841 9.448339 2.701107
-11.651463 0.639842 13.199321 3.348403 8.162062 -10.907067 -6.893090 20.791689 -16.948135 23.934566 1.494785 -1.172517 -9.004862 2.769479 6.368167 -8.930949 12.720821 -1.479610 4.215450 2.595553 -4.323174 -19.855524 -4.272051 0.994069 -10.075441 18.423523 -4.654801 13.480140 11.161608 1.271561
-12.561381 -0.009180 12.120760 4.759985 11.558351 -14.239531 -6.138632 18.510387 -15.132545 21.891081 1.632361 0.411870 -9.738904 3.580892 6.095517 -8.350023 12.429230 -2.141774 2.577790 2.337210 -7.494308 -19.290827 -6.142673 -2.607548 -9.411870 19.920071 -3.718114 12.542278 10.769318 -0.569837
-13.205251 -0.036822 9.792298 5.712626 17.123999 -18.087160 -4.907697 16.192656 -12.602300 18.942556 2.046495 2.279744 -10.669677 4.828429 5.429742 -8.079142 11.970589 -2.600638 0.611874 1.539010 -11.446057 -18.317526 -7.923635 -7.206350 -8.070625 20.070971 -4.404265 10.443818 7.626424 -2.388506
-13.716071 -2.115028 8.538611 6.746766 18.854391 -18.479372 -3.906462 16.148327 -11.866861 16.945974 2.365663 2.460547 -9.778804 5.542718 5.807562 -7.949860 11.715183 -2.525548 -0.115471 1.135880 -12.703423 -18.321203 -8.467750 -8.113386 -8.125961 20.297411 -6.242023 7.909501 6.943262 -5.182889
-14.123367 -3.790773 7.772120 7.159313 20.650045 -18.593588 -3.371666 16.908674 -11.866990 15.570821 2.858061 2.842640 -9.403847 6.113790 5.704268 -7.950159 11.123005 -2.413224 -0.920514 1.541452 -13.685693 -17.777266 -8.821478 -8.265140 -8.402384 19.695528 -7.798526 5.786206 5.612670 -7.291734
-15.000703 -4.855814 6.427121 5.943757 21.374956 -17.928375 -5.025788 17.084557 -11.079558 13.632486 3.081062 3.334766 -8.820636 6.776165 6.477201 -7.288071 10.596350 -1.299562 -1.966570 1.625355 -15.218240 -17.716093 -9.536843 -8.555110 -8.300011 19.068703 -9.218295 2.989784 3.969693 -9.405063
-15.334837 -6.129137 6.336828 4.836204 19.841488 -16.462128 -6.106092 17.857635 -10.910725 12.793964 3.333868 2.828839 -8.029037 6.705037 6.667996 -7.173089 9.978985 -0.593678 -1.993068 1.632356 -14.701127 -17.520216 -9.793524 -7.209922 -9.044437 18.863235 -9.842454 1.155727 4.851933 -12.642529
-16.232761 -8.112930 5.595852 3.105338 19.817518 -15.379164 -7.226197 18.623713 -10.492877 11.110277 3.759819 2.670313 -7.284527 7.330180 7.410384 -6.916426 9.163218 0.067697 -2.653648 1.641821 -15.100276 -17.482002 -9.951610 -7.048563 -9.512354 17.650831 -10.524358 -1.503512 4.804316 -14.083991
-17.054333 -8.419420 6.364192 0.915252 18.393763 -13.443730 -7.798589 19.159946 -11.483536 11.135239 4.111719 1.874397 -6.660458 7.577256 8.082857 -6.781612 9.077694 1.267846 -2.712233 1.505570 -14.711049 -19.295332 -10.138164 -4.963127 -9.565705 16.140640 -11.679781 -3.597466 6.339457 -15.046861
-19.353870 -9.883468 6.981078 -1.345418 20.321615 -12.259796 -6.067927 18.298836 -11.634843 7.915995 4.302815 1.780268 -5.155822 8.113445 8.885515 -6.034856 7.151932 2.478779 -4.471139 1.809749 -14.674013 -20.628008 -11.516910 -5.655311 -10.864076 11.487644 -13.513738 -6.367517 4.878351 -14.060665
-22.165325 -8.662429 8.457561 -2.656613 22.187540 -7.972513 -2.421232 15.928858 -12.307559 6.555657 4.037141 0.841802 -3.747155 8.715929 10.124847 -6.307387 6.396675 2.932431 -4.954838 1.061379 -14.196115 -23.134600 -13.080381 -5.509108 -10.990911 7.405806 -15.161775 -10.456809 4.892272 -12.856244
-23.741287 -7.993895 8.671618 -4.137700 22.428881 -6.342726 -1.066689 14.976238 -13.029364 6.732329 3.880402 0.474380 -3.653982 8.871683 10.524481 -6.845882 5.759758 3.098094 -4.858295 0.365399 -14.897534 -24.152885 -12.980405 -4.556506 -10.567553 6.251727 -14.521755 -11.469872 4.239665 -11.664284
-24.378651 -7.697617 10.342581 -3.838953 21.386766 -6.179088 -1.613505 14.970775 -13.748094 8.084533 3.975579 -0.545016 -3.216118 8.864314 10.549017 -7.026603 6.389840 3.302859 -4.205028 0.411037 -14.279339 -24.849670 -13.611849 -2.549221 -9.602576 7.287830 -14.097165 -10.304892 6.050059 -10.901962
-24.247528 -7.901617 11.378617 -3.152740 20.041016 -5.693977 -1.671287 15.798992 -14.651663 9.515007 4.163145 -1.465616 -2.929821 8.659253 10.437353 -7.124930 7.025809 3.183008 -3.685367 0.516242 -13.626644 -25.682608 -12.929359 -0.586785 -9.632666 8.052761 -13.554170 -9.355962 8.487106 -10.299485
-23.422810 -8.357611 12.519269 -2.436739 17.915270 -5.491701 -1.396429 16.965887 -15.597196 10.471367 4.257205 -2.306401 -2.603293 8.347279 10.006126 -7.431812 7.560034 3.191337 -2.994328 0.575104 -12.622720 -25.785341 -11.861265 1.389328 -9.804682 8.873804 -13.789710 -8.543180 10.580142 -10.024415
-23.282200 -8.151790 12.364875 -2.624512 18.077229 -5.666784 -1.324831 16.855249 -15.451073 10.285303 4.221808 -2.183584 -2.621145 8.392735 10.036001 -7.352018 7.497000 3.185354 -3.114139 0.612445 -12.709399 -25.805265 -12.098466 1.158691 -9.746513 8.846767 -13.891419 -8.357533 10.294847 -9.841581
-20.088158 -13.513834 7.069744 -3.019567 22.837740 -9.229815 -0.766254 17.255968 -16.548353 4.503576 4.744913 -0.737682 -2.114077 9.159130 8.075250 -7.655386 4.699364 0.966553 -5.542848 3.852676 -10.437751 -26.766840 -13.960992 -8.073741 -11.005164 3.049357 -11.541686 -4.509748 4.355559 -8.974702
-17.549524 -16.830395 5.428462 -4.270583 23.641993 -12.835729 0.152854 19.715023 -17.132835 1.413320 5.040494 -1.099232 -1.812210 9.525887 6.704637 -7.800639 3.894217 -0.587031 -7.213165 5.036285 -8.986899 -26.445688 -14.161650 -12.362342 -11.803118 1.017424 -11.388728 -1.612160 1.483582 -9.754775
-16.704811 -18.866158 5.925572 -3.840169 22.808237 -13.615315 0.542447 22.073610 -17.992077 2.374264 5.454154 -1.449251 -1.699669 9.463144 5.917687 -7.997503 4.479143 -1.028692 -6.824611 5.613109 -7.665946 -27.056824 -13.571158 -11.941659 -12.943042 1.142484 -10.675601 0.879836 3.810771 -10.258616
-16.636925 -18.986240 5.637875 -3.773676 23.015062 -13.585471 0.408892 21.975397 -18.145002 2.042215 5.410448 -1.368222 -1.816506 9.495497 5.949378 -8.012046 4.384277 -1.157017 -7.011536 5.624467 -7.782223 -27.102030 -13.541999 -11.881845 -12.577715 1.359145 -10.875111 1.070893 3.469532 -10.183193
-16.616627 -19.003813 5.593282 -3.696462 22.949263 -13.463347 0.218178 21.907360 -18.233143 2.028265 5.420536 -1.328169 -1.801018 9.524088 5.932691 -7.924407 4.479917 -1.121551 -7.125309 5.608762 -7.842649 -27.123810 -13.656280 -12.005599 -12.685575 1.071869 -10.996219 1.010041 3.360119 -10.097936
-16.495979 -18.688295 5.556657 -3.814796 23.116693 -13.302711 0.146329 21.747610 -18.180758 1.807557 5.435391 -1.318800 -1.832459 9.488159 6.063697 -7.900990 4.353629 -1.082460 -7.112782 5.365319 -7.951101 -27.243168 -13.831592 -12.167598 -12.494924 0.989375 -11.022403 0.618294 3.007593 -10.137370
-16.524448 -18.514290 5.427818 -3.971845 23.243673 -13.377174 0.096312 21.637857 -17.899927 1.610743 5.411728 -1.268872 -1.873459 9.541341 5.971431 -7.957720 4.289788 -1.036176 -7.206347 5.354545 -7.974336 -27.208902 -13.869138 -12.154712 -12.312210 1.068202 -10.999399 0.611166 2.802333 -10.044366
-16.201622 -19.988213 6.935117 -2.780612 21.178015 -13.595197 0.261277 23.360258 -18.253881 3.126035 5.577961 -1.963774 -1.582818 9.176946 5.564284 -8.061113 4.969649 -0.927806 -6.276843 5.858315 -6.673728 -27.435787 -12.907714 -10.819291 -13.196641 1.876932 -11.216485 2.530577 5.781131 -9.916792
-15.603730 -20.193712 8.342462 -2.305087 19.932287 -14.093900 -0.156125 24.857611 -18.630590 3.978953 5.761315 -2.310710 -1.429447 9.071800 5.210792 -8.263165 5.715390 -0.830038 -5.652572 6.330155 -5.983985 -27.760981 -11.584302 -9.437712 -13.585995 2.721979 -11.088307 2.953420 8.129923 -10.039187
-15.562263 -20.151520 7.928611 -2.227281 20.274450 -13.808492 -0.079802 24.321493 -18.668076 3.687086 5.681899 -2.184738 -1.488540 9.101639 5.304555 -8.192850 5.611340 -0.918202 -5.789645 6.224153 -5.988623 -27.557211 -11.913664 -9.626369 -13.593773 2.585671 -11.137458 2.922154 7.807604 -10.270144
-15.714887 -20.017681 7.739812 -2.406808 20.604071 -13.960222 0.030510 24.192350 -18.606667 3.653806 5.740903 -2.201188 -1.414520 9.108098 5.261086 -8.170116 5.364131 -0.904975 -5.879119 6.175725 -6.010927 -27.648653 -12.068751 -10.150212 -13.548432 2.342568 -11.201278 2.834490 7.386181 -10.305583
-15.847356 -20.129297 7.497945 -2.753030 20.583471 -13.885148 0.253859 24.001678 -18.497885 3.569253 5.675355 -2.233239 -1.503532 9.131905 5.237164 -8.211158 5.303943 -0.878605 -5.989195 6.091353 -6.368172 -27.696177 -12.126252 -10.333477 -13.321933 2.271447 -11.264673 2.788388 7.012881 -10.300545
-16.063887 -20.052567 7.023883 -2.756012 20.922970 -13.835670 0.208782 23.458040 -18.365732 3.404315 5.559649 -1.997740 -1.652298 9.116180 5.428605 -8.085790 5.055242 -0.911443 -6.209560 6.003572 -6.470150 -27.672159 -12.610080 -10.776019 -13.214984 2.051043 -11.106473 2.751990 6.338780 -10.105987
-16.314035 -19.967276 6.928925 -2.880620 21.230587 -13.550579 0.186246 23.174780 -18.282431 3.105070 5.570179 -2.052093 -1.572932 9.170385 5.551421 -8.061735 4.971636 -0.936133 -6.299859 5.836921 -6.642476 -27.526537 -12.864907 -10.981429 -13.245142 1.834912 -11.331061 2.458837 5.809255 -9.996984
-16.463463 -19.737047 6.392592 -3.307971 21.901934 -13.737800 0.499899 22.698166 -18.386580 2.695900 5.463462 -1.828587 -1.687834 9.290463 5.717044 -8.015803 4.791502 -1.019413 -6.579918 5.793187 -6.906328 -27.341505 -13.211160 -11.465911 -13.294956 1.414277 -10.773118 1.950822 5.020725 -10.310709
-16.530109 -19.749031 6.201235 -3.316480 22.075834 -13.843807 0.519361 22.666994 -18.203882 2.692315 5.470401 -1.686258 -1.703301 9.355689 5.718853 -7.988171 4.692447 -0.964666 -6.648831 5.738538 -7.179947 -27.235849 -13.482059 -11.640643 -13.082340 1.443714 -10.704725 1.811075 4.576630 -10.353785
-16.569115 -19.689457 6.000985 -3.442606 22.251749 -13.663650 0.534374 22.559523 -18.199869 2.486505 5.443682 -1.549637 -1.811138 9.429928 5.807325 -8.046817 4.606904 -1.042945 -6.749018 5.690207 -7.158359 -27.304661 -13.429225 -11.742770 -12.951916 1.256007 -10.729245 1.645927 4.222838 -10.138688
-16.608179 -19.439127 5.825942 -3.431514 22.657068 -14.004426 0.500344 22.422960 -18.109266 2.510693 5.460621 -1.515755 -1.807601 9.428422 5.832317 -8.042844 4.499911 -1.026210 -6.759902 5.629161 -7.298212 -27.426382 -13.362470 -11.969622 -13.001183 1.242579 -10.658531 1.480882 4.127129 -10.316315
-16.544945 -19.222866 5.832469 -3.554868 22.804552 -13.758584 0.542760 22.188440 -18.138212 2.201791 5.458781 -1.483150 -1.838250 9.474965 5.817406 -8.028544 4.460955 -1.092766 -6.904185 5.644825 -7.439795 -27.210752 -13.394027 -11.901294 -12.939728 1.155441 -10.699975 1.272466 3.890292 -10.416827
-15.196073 -20.435036 8.639013 -2.239087 19.646605 -14.086754 -0.040077 25.369873 -18.593218 3.980375 5.849725 -2.628775 -1.375412 8.931373 5.202046 -8.167705 5.827818 -0.684459 -5.534126 6.474833 -5.484807 -27.523998 -10.887206 -8.948639 -13.887894 3.119621 -10.714435 3.355907 8.775940 -10.274745
-15.551161 -20.345167 8.408763 -2.328174 19.793289 -14.063600 -0.006259 24.908331 -18.603811 3.895929 5.745957 -2.340125 -1.443980 9.058425 5.191679 -8.249185 5.701544 -0.801669 -5.725054 6.351317 -5.838763 -27.704607 -11.380607 -9.516175 -13.788359 2.660494 -11.193523 3.067658 8.248261 -10.156381
-15.583126 -20.356518 7.993569 -2.106820 20.175352 -13.903816 -0.019266 24.479361 -18.625582 3.699081 5.683425 -2.223855 -1.570343 9.085664 5.248695 -8.272609 5.521284 -0.847659 -5.751382 6.224396 -5.867204 -27.574066 -11.717608 -9.667993 -13.742887 2.455410 -11.403443 2.903986 7.835653 -10.257735
-15.613202 -20.163757 7.831458 -2.399134 20.412401 -14.012817 -0.196020 24.334772 -18.554314 3.655439 5.686564 -2.207558 -1.465863 9.101671 5.343415 -8.138532 5.552876 -0.920879 -5.836351 6.289616 -5.998260 -27.519224 -11.885823 -9.846101 -13.691874 2.403053 -11.417417 2.772385 7.591750 -10.349297
