5.869820 30.906261 -5.893610 12.826847 11.904201 -1.798036 -6.397174 7.144661 -7.287745 -20.320354 3.728573 -1.326989 -0.262456 -11.386889 0.651968 -0.031783 -5.313342 7.659147 -4.903906 -5.593554 -2.935609 15.399273 -12.999183 15.108039 -15.112143 19.060392 9.793199 -13.369725 0.029525 9.247622
5.888649 30.937492 -5.868948 12.883944 11.914816 -1.835533 -6.461398 7.100831 -7.421800 -20.610268 3.751952 -1.309978 -0.275042 -11.393466 0.589697 -0.039476 -5.350036 7.665181 -4.933664 -5.560197 -2.899321 15.522266 -13.427360 15.090129 -15.124037 19.080343 9.928761 -13.334616 0.016233 9.114913
5.142117 12.192829 -9.550736 6.442468 5.607301 12.088490 -9.163539 9.380235 -5.660426 -31.829119 7.024793 0.309782 3.614580 -7.542902 1.783700 0.116502 -7.888852 4.081768 -5.297635 0.174834 11.479635 12.733189 -12.130329 20.581062 -8.555542 9.684830 13.649432 -0.099176 -15.279119 5.159737
2.209913 4.883487 -6.988762 1.609547 11.558790 18.008434 -5.844827 11.148868 1.964652 -27.200407 8.854122 0.855721 2.038588 -6.141828 -0.165563 -0.760073 -6.944999 1.485671 -6.196890 2.967368 10.228879 9.736211 -15.252877 18.736000 -6.655415 5.652811 7.083675 1.817594 -21.173868 1.763436
4.757185 6.342501 -9.929984 1.519036 9.929543 14.659701 -8.627187 11.478170 0.732845 -26.490164 8.185997 -0.017748 2.682934 -6.267778 0.761317 -1.034093 -8.359232 2.416776 -5.807441 1.673588 11.328916 11.670027 -15.508541 19.539774 -7.539688 6.518601 11.769481 1.062299 -19.643335 0.875162
4.926337 7.913010 -12.683875 2.422122 8.551194 8.970157 -12.508017 8.580832 -1.728983 -30.964827 7.699860 -0.409011 2.901958 -5.923449 1.533655 -1.421290 -9.514341 2.844186 -5.643671 0.458387 10.537400 12.105751 -13.005677 19.425295 -7.354674 7.224778 14.697534 -1.031201 -18.244984 -0.672101
4.396887 7.928511 -13.963284 1.691293 7.967295 6.632920 -14.403138 7.520077 -2.869936 -32.394932 7.679053 -0.620304 2.732205 -5.264540 1.739581 -1.984194 -9.710543 2.757285 -5.714994 -0.294269 8.829756 11.234616 -11.142635 17.705986 -7.475085 7.231293 16.086439 -2.957257 -17.644747 -1.541695
4.454427 7.858155 -14.959769 0.558636 8.103302 5.208207 -16.313931 7.374395 -2.609719 -32.150810 7.525188 -0.805356 2.648798 -4.902600 1.878699 -2.410051 -9.873341 2.754550 -5.624029 -0.653107 8.593724 10.586935 -10.067410 17.254646 -7.859279 6.529648 16.496834 -4.164733 -17.590555 -2.528167
4.439888 7.414223 -16.202747 -0.384936 8.246719 3.702619 -18.071728 7.253050 -1.777830 -32.206421 7.398453 -0.639040 2.415034 -4.541811 1.923314 -2.842684 -10.115952 2.803399 -5.284180 -1.278593 7.676001 10.661557 -8.870997 16.065538 -8.466519 5.965316 16.835779 -4.985178 -17.583334 -3.502763
4.235832 6.391852 -17.970976 -1.273950 8.798775 1.845520 -19.087700 7.127639 -0.436372 -32.299519 7.224369 -0.592028 2.341742 -4.120094 1.615446 -3.491999 -10.489653 2.647169 -5.067702 -1.919188 7.643173 10.945385 -6.675119 15.686603 -8.420815 5.628254 15.636239 -6.332265 -17.524065 -5.384690
3.284374 5.706094 -19.171944 -0.787651 9.862207 -0.706304 -19.284840 7.002257 0.644279 -31.750109 7.418119 -0.116831 2.005958 -3.544813 1.312352 -3.765660 -10.662880 2.444567 -5.217318 -2.800018 6.648033 11.358023 -4.584412 14.035171 -8.531079 5.282390 14.706021 -7.702023 -17.971247 -7.070696
1.640746 5.163480 -19.972006 -0.243177 10.573521 -3.039477 -19.527288 7.174698 1.864141 -31.232571 7.567501 0.178131 2.118197 -3.013478 1.274652 -3.852830 -10.392994 2.404687 -5.407810 -3.546922 4.999752 11.420795 -3.745723 13.492455 -8.705379 4.817463 14.051389 -9.361239 -18.132086 -8.212830
-0.046161 5.631752 -20.303343 -0.125495 10.877232 -4.547714 -19.993748 7.212000 1.750815 -30.106318 7.843622 0.159858 2.721732 -2.350419 1.593513 -3.753320 -9.746017 2.590671 -5.864684 -4.060920 2.932943 10.388319 -3.316840 13.608401 -8.884853 4.234774 13.837152 -11.441658 -17.490692 -8.235026
-1.439520 6.957249 -20.147083 -0.597267 11.323831 -5.948085 -20.306049 7.174115 1.660499 -29.153629 8.016484 -0.094158 3.819742 -1.891179 2.080525 -3.408714 -9.146017 2.905805 -6.467273 -4.103973 0.751428 8.884355 -2.831239 14.152524 -8.979400 4.155310 14.236476 -13.417960 -16.597612 -7.133115
-2.186535 8.063397 -19.280785 -1.750386 10.505289 -7.022916 -21.949368 7.948888 1.980989 -28.338655 8.273081 -0.197395 5.445291 -1.486061 2.425085 -2.604629 -8.295980 3.405879 -7.432913 -3.825549 -1.111506 7.047684 -1.919465 14.403966 -9.319294 5.233586 14.165910 -15.598020 -14.746136 -6.997176
-2.935567 10.155180 -18.395273 -2.417394 10.298149 -7.913204 -23.664150 8.779827 3.059710 -27.734951 8.582778 -0.230903 6.623468 -1.492976 2.514843 -1.302698 -7.647095 3.765906 -8.533380 -3.109889 -1.594825 5.139266 -0.868701 14.732153 -9.503010 6.295385 13.428414 -17.821081 -12.452830 -7.358461
-3.191803 12.379081 -16.872404 -2.774063 9.126436 -7.831697 -24.133724 9.509788 2.940826 -26.887686 8.654641 -0.865570 7.808820 -1.778529 2.618901 -0.368082 -7.170939 3.935945 -9.346784 -2.182447 -1.910513 2.953233 0.118775 15.004785 -10.071239 6.890789 11.443841 -20.688488 -9.995348 -8.551324
-2.432550 12.651953 -15.628057 -3.098593 9.156406 -8.456851 -23.726589 10.904374 2.443004 -27.493635 8.585193 -1.301229 8.289771 -2.002518 2.496424 -0.248978 -7.252932 4.378582 -9.675120 -1.838542 -1.585125 2.303970 -0.606279 15.602397 -9.981482 6.860744 12.263168 -20.372080 -9.642492 -7.177840
-2.190955 11.896309 -15.239326 -3.641176 9.222445 -8.827037 -23.514610 11.723378 2.085490 -28.182693 8.489169 -1.357191 8.368799 -2.019877 2.416308 -0.497206 -7.357706 4.506288 -9.582730 -1.956440 -1.580682 2.188561 -1.143398 15.740857 -9.702460 6.697430 13.098020 -19.589373 -9.827694 -5.788633
-2.139089 11.690111 -15.061410 -3.926579 9.412146 -9.174622 -23.638237 12.050736 1.919176 -28.332073 8.517491 -1.399420 8.396729 -2.039845 2.456677 -0.474519 -7.375565 4.614276 -9.542258 -1.897638 -1.235757 2.140980 -1.868304 16.092173 -9.712156 6.517733 13.568838 -19.246790 -9.843424 -5.392417
-2.371636 11.292332 -14.877317 -4.071585 9.474561 -9.436131 -23.602768 12.357629 1.846382 -28.441568 8.555037 -1.495211 8.468745 -2.066360 2.531112 -0.487566 -7.436570 4.653603 -9.509475 -1.863392 -0.902114 2.159469 -2.365803 16.283520 -9.584091 6.357383 13.903284 -18.890421 -9.952986 -5.140333
-2.482951 10.808645 -14.696906 -4.084488 9.504731 -9.645407 -23.667673 12.688481 1.582344 -28.608007 8.511695 -1.581696 8.427020 -2.153419 2.518652 -0.596908 -7.438197 4.645615 -9.330606 -1.814443 -0.585509 2.306288 -3.036972 16.421228 -9.623770 6.234469 13.938750 -18.716908 -10.007545 -5.331275
-2.569144 8.805156 -15.950477 -3.266607 10.756323 -9.402310 -23.438084 11.195337 1.136662 -28.442842 8.601789 -1.413088 6.520987 -2.037889 2.937648 -0.809017 -7.755019 4.282843 -8.757446 -2.239554 0.161212 3.223742 -4.391524 15.929926 -9.017860 5.687621 13.962659 -15.816787 -12.476666 -7.090284
-2.364578 7.635542 -16.358540 -2.645750 11.326431 -8.732207 -23.252401 10.354555 1.234891 -28.640701 8.630569 -1.216015 5.673144 -2.122167 2.947735 -1.136346 -7.934690 4.017468 -8.151885 -2.378352 -0.282232 4.826816 -4.595706 15.037075 -9.183895 5.759667 13.166055 -15.453323 -13.535994 -9.002897
-8.588652 0.922863 -12.750747 0.542249 15.736641 6.956284 -18.396587 6.757273 8.856509 -23.051884 11.218583 1.945841 1.520535 -2.003849 0.965592 -0.617825 -5.275228 0.772128 -7.101376 -0.759976 -3.719953 6.344355 -5.757348 10.156544 -9.293228 4.539234 1.676179 -5.728223 -23.512291 -4.649961
-12.696035 -5.055276 -7.916328 0.180833 13.149391 20.869974 -16.879784 3.985195 14.861197 -17.650072 12.232459 3.823729 -1.588115 -2.189429 -0.744540 -0.981835 -2.852166 -2.557293 -5.519161 -0.035820 -5.521016 4.396833 -5.016509 9.087066 -9.293451 2.054516 -3.971028 2.937278 -27.801889 1.086179
-7.488779 0.507575 -14.550359 1.409296 16.375433 7.302351 -16.889057 5.817457 8.818100 -23.457720 11.014585 2.410322 0.522418 -2.288992 0.594472 -1.104937 -6.304279 0.669913 -6.516350 -0.948797 -3.246506 7.366912 -3.302981 8.521170 -9.024672 4.935102 2.394407 -3.626122 -25.259161 -3.981244
-4.731472 0.081747 -14.871865 -0.998557 15.214510 7.532992 -16.771826 9.442246 8.992045 -23.994631 10.240365 1.737274 0.969579 -2.410858 0.536069 -1.944707 -6.872756 -0.273159 -6.766352 -0.755775 0.095692 8.671558 -3.302260 8.667487 -8.316403 4.848965 2.081229 -5.161699 -24.822710 -6.238103
-4.710242 -1.212600 -14.525764 -0.636219 14.675186 10.151015 -16.494461 9.308112 9.074903 -24.164276 10.000233 1.919392 0.366227 -2.791483 0.021938 -2.420619 -6.884637 -0.992946 -6.239927 -0.193519 1.665734 9.475588 -1.985448 8.349748 -8.167770 4.551764 -0.171477 -3.274130 -26.202658 -5.857131
0.850777 1.550331 -18.171579 -2.913293 12.540478 2.910634 -16.248882 10.214304 7.744326 -25.059486 8.822567 0.218520 1.136883 -3.115925 1.081869 -2.875487 -9.606348 1.044697 -5.872453 -1.881882 5.000912 10.980026 1.472236 8.406959 -7.976463 6.977748 5.657048 -3.453091 -23.879225 -7.836793
2.239351 3.727900 -19.329119 -1.004327 10.550892 -0.131773 -17.440586 7.077909 4.378441 -30.110256 8.228400 -1.018270 1.031608 -3.796835 1.817885 -2.653612 -10.779903 1.251298 -5.635571 -1.937568 7.815522 11.798952 3.211828 8.793012 -8.085999 8.097508 8.603662 -1.729601 -22.566061 -6.798294
2.700264 4.662763 -19.627050 0.423201 8.106227 0.848869 -16.373798 5.896940 3.353528 -31.871483 7.971623 -1.238949 0.909058 -4.554258 2.099283 -2.171435 -10.976761 1.496510 -5.351134 -1.472614 9.229219 9.738885 4.529617 9.232198 -7.578448 8.225143 10.162045 0.404779 -21.964663 -3.048246
3.613985 5.307682 -18.354834 1.141996 7.044115 2.703162 -14.421684 6.774417 3.069921 -32.129120 8.275515 -1.791506 0.788457 -5.280113 2.715539 -1.039902 -10.711548 1.836290 -5.729047 -0.652721 9.904466 7.612336 4.012782 9.713954 -7.760564 7.968259 11.911351 2.411417 -21.708237 0.994935
3.833488 5.931566 -17.769346 3.058130 6.328012 4.091046 -11.993190 7.310797 2.079724 -31.978632 8.483202 -1.923258 0.586035 -5.892081 3.215293 -0.020305 -10.557144 2.161651 -5.918091 0.000425 11.145281 4.631724 5.404551 11.697914 -7.199470 8.205666 12.388690 2.899039 -20.402811 4.045723
4.497969 6.735003 -16.914547 4.260801 6.763713 5.740135 -9.707723 7.632172 -0.062340 -32.192738 8.518090 -2.275125 0.614398 -6.530149 3.832327 0.991743 -10.426743 2.297124 -6.074530 0.375135 12.654888 3.275768 6.628306 14.188056 -6.684656 7.574992 12.377970 3.072031 -18.870836 6.405729
5.073022 7.408674 -16.258383 6.456155 6.663215 7.332383 -7.492784 7.882433 -1.155043 -32.133339 8.406552 -2.635471 0.454123 -7.261222 4.334843 1.932032 -10.488417 2.438539 -6.057138 0.927920 14.775970 1.494779 9.668934 17.442709 -6.122108 6.802236 12.039031 2.844917 -16.719954 8.490314
6.554457 7.881156 -15.418654 8.345362 7.213333 8.962764 -5.669516 8.604597 -3.088707 -32.335987 8.166980 -3.058248 0.693634 -8.195461 4.415308 2.553044 -10.353935 2.442518 -5.912050 1.309149 15.323781 0.326902 10.578431 19.344786 -6.071885 7.524474 10.892220 2.496090 -14.937682 9.899117
8.500270 8.964329 -13.901927 8.037620 7.427499 9.904838 -2.878867 8.665572 -4.677053 -32.958664 8.005941 -4.497200 1.259928 -9.007256 4.543541 3.052700 -10.443134 2.420624 -6.278576 2.642187 14.018283 -0.483838 12.610448 20.831491 -4.640779 11.107462 8.822986 2.304922 -13.727059 8.787617
9.307748 10.070338 -12.280554 6.770758 8.740594 9.350663 -0.409807 8.220233 -5.556433 -34.043156 7.892954 -5.844554 1.523013 -9.168447 4.272666 3.039572 -10.901466 2.446315 -7.071567 3.624894 13.326861 -0.988538 14.831867 20.595150 -3.828684 12.978186 8.005363 2.807565 -13.822887 7.140456
9.281453 10.026292 -11.965866 6.978652 9.067846 9.184085 -0.074772 8.163867 -5.369108 -34.244553 7.741503 -6.159644 1.781923 -8.972860 4.086390 2.617832 -10.949089 2.526772 -7.157674 3.802161 13.114221 -0.950456 15.301478 20.489225 -3.486428 13.490711 7.775171 2.940846 -13.812473 7.126410
