-0.769220 29.109404 -13.289168 19.802374 3.998409 3.689495 -8.674582 3.943054 -10.305144 -11.520840 3.792555 -1.327492 -0.319660 -11.356413 0.625442 -0.018322 -5.286355 7.710129 -4.925947 -5.577803 6.317507 13.834833 -19.436094 2.355179 0.260290 22.318947 9.580026 -21.463818 -3.719481 11.612553
-0.807419 29.135883 -13.239120 19.860800 4.109252 3.756806 -8.602092 3.900558 -10.307050 -11.557810 3.772647 -1.368867 -0.328274 -11.368753 0.516418 -0.064215 -5.378499 7.723989 -5.043165 -5.432592 6.194781 13.969534 -19.880091 2.506371 0.089526 22.318239 9.772985 -21.359137 -3.652184 11.468360
-1.318855 27.071209 -13.041864 17.299425 2.369477 5.074309 -9.688416 3.879688 -10.190400 -13.399982 4.514429 -0.910482 0.425061 -10.658415 1.215813 0.324702 -5.538473 6.966781 -5.024399 -5.055943 7.506843 13.051276 -19.717218 2.950440 1.752939 21.443810 10.977705 -19.908682 -5.840382 11.178359
-0.846339 27.978779 -12.942595 18.539911 2.619065 5.085603 -9.061523 3.980335 -10.320397 -12.919501 4.225133 -1.057662 0.015569 -10.885214 0.799449 0.075544 -5.596599 7.386533 -5.092001 -5.269755 6.973177 13.897722 -18.588724 2.496625 1.335697 22.208815 9.645661 -20.774946 -5.124637 11.687082
-0.550121 27.160103 -12.632750 16.975306 1.117913 7.133296 -8.799078 3.958358 -10.498165 -14.067016 4.469686 -0.699317 0.344336 -10.453339 1.024507 0.204073 -5.880190 7.164607 -5.178880 -5.062971 7.828410 14.707344 -18.694466 3.689797 2.021153 21.955008 9.444886 -19.743429 -6.766932 11.252184
-0.300443 26.237846 -12.359082 15.921261 -0.152026 8.812502 -8.391651 4.007958 -10.788657 -15.206532 4.813584 -0.349317 0.687584 -9.808641 1.409712 0.286797 -6.171944 7.031319 -5.190712 -4.848014 8.285409 15.069941 -18.656691 3.850831 2.349582 21.600639 9.639960 -19.055048 -7.766952 10.994817
-0.390618 25.387159 -12.174800 15.433419 -0.710569 10.165305 -8.052989 4.063337 -10.917556 -16.030596 5.072314 0.215953 0.935153 -9.496345 1.728521 0.617431 -6.424113 7.168915 -5.181760 -4.479144 9.004249 16.104612 -18.465660 4.519178 2.861428 21.560965 8.934410 -18.630873 -8.869015 10.232474
-0.234755 25.087660 -12.225097 15.029278 -1.113103 10.789540 -7.303943 3.833757 -11.448086 -16.540815 5.364323 0.704858 0.904305 -9.139709 2.047886 0.879305 -6.788383 7.482201 -5.178894 -4.201436 9.479371 17.137495 -19.302206 4.822198 3.224891 21.522768 8.842525 -18.196945 -9.771038 9.181335
0.209446 24.303747 -12.203920 15.262286 -1.805494 12.385736 -6.504518 3.863568 -11.594901 -17.345629 5.520085 0.943665 0.825062 -8.965942 2.075219 0.911443 -7.078754 7.568519 -5.240598 -4.015024 10.359975 17.256363 -19.265148 5.638650 3.789832 21.214296 8.585720 -17.577400 -10.642193 8.957864
0.649281 23.807922 -12.462480 16.238750 -1.450900 13.070415 -5.415918 3.670174 -11.426016 -17.866808 5.611729 1.241110 0.598009 -8.853985 2.019183 0.953656 -7.401825 7.767577 -5.243481 -3.876982 10.648438 17.366079 -19.212555 6.128260 4.383566 21.088232 8.501285 -17.152935 -11.414920 8.706086
1.280700 22.906487 -12.927136 17.108652 -1.340011 14.084865 -4.948218 3.599180 -11.043211 -18.452896 5.698235 1.090249 0.401543 -8.651311 1.609833 0.524624 -7.889819 7.434484 -5.397409 -3.770018 11.455941 16.666140 -19.115332 6.844815 5.221775 20.772148 9.039945 -16.173635 -12.212475 9.022654
1.350724 21.823406 -13.932418 18.271542 -0.727164 13.727404 -4.756482 3.198422 -10.276090 -18.546247 5.707494 0.728105 0.358377 -8.515061 1.213665 0.039465 -8.250973 6.974623 -5.548523 -3.619212 11.949594 15.739247 -19.304008 7.718945 5.996348 20.270304 9.586732 -15.798126 -12.655318 9.613896
1.430861 21.041695 -14.550479 19.108000 -0.001663 13.575160 -4.884658 2.962790 -9.683812 -18.588606 5.708479 0.175047 0.407036 -8.587912 0.632113 -0.428130 -8.649456 6.483746 -5.780312 -3.377465 12.222625 14.584201 -19.372564 8.361758 6.468615 20.126402 10.568370 -15.240357 -12.590520 10.366812
1.568297 19.724022 -15.342877 20.221357 0.975892 13.097166 -5.117196 2.992805 -8.795051 -18.863714 5.596235 -0.343436 0.633372 -8.675282 0.050669 -0.815518 -8.704540 6.044021 -6.036215 -3.213219 12.824412 13.588589 -19.370737 8.809518 7.157624 20.234209 11.509264 -14.218069 -12.967405 10.837008
1.320578 19.279881 -15.790448 20.403986 2.353908 11.600179 -5.934518 3.154903 -8.038289 -18.779551 5.625152 -0.802652 1.070919 -8.801079 -0.331254 -0.938130 -8.728649 5.589270 -6.366243 -2.894781 13.415682 12.849328 -19.730686 8.963328 7.817955 20.340021 12.796206 -13.039402 -13.370266 10.808379
1.196548 19.054798 -15.978108 20.341015 3.140189 10.402535 -6.854399 3.683286 -7.601683 -18.551926 5.612080 -1.454929 1.686480 -8.825559 -0.353110 -1.063086 -8.647560 5.380720 -6.585273 -2.489247 13.505382 12.251176 -19.841309 9.241658 8.571012 20.598549 13.804530 -12.015779 -13.986314 10.942700
0.682708 19.378412 -16.239782 19.786993 4.174419 8.702991 -7.628745 3.828644 -7.258109 -18.081451 5.582820 -2.096557 2.357993 -8.947495 -0.257367 -0.916062 -8.447645 5.354712 -6.836355 -2.046448 13.441646 11.664282 -19.288298 9.316502 9.276074 21.119120 14.538451 -11.175101 -14.564753 10.886142
0.177686 19.713240 -16.476772 19.422907 4.462532 7.825882 -8.207545 4.034125 -7.078462 -17.697496 5.531208 -2.558422 2.814768 -9.056395 -0.031395 -0.813072 -8.137825 5.420970 -6.894898 -1.774801 13.524390 11.178648 -19.371834 9.602685 9.901382 21.371798 15.084116 -10.478832 -14.973738 10.629949
-0.683442 19.832291 -16.571226 18.902967 5.277458 6.683122 -8.793401 4.160650 -6.949586 -17.467678 5.428824 -2.857309 3.545222 -9.249534 0.222159 -0.583759 -7.807065 5.835430 -6.880056 -0.953992 13.308809 10.146553 -19.456285 9.809051 10.686839 21.452415 16.195509 -9.994645 -15.489024 10.217048
-1.188150 20.260696 -16.390108 18.940559 6.465879 5.652075 -8.673165 4.109463 -6.875433 -17.194418 5.238139 -3.196708 3.823801 -9.412169 0.412408 -0.575645 -7.600112 6.226856 -6.839312 -0.707315 12.777178 8.970292 -19.754549 9.667556 11.222103 21.295410 17.082647 -9.962110 -15.612674 9.822400
-1.533747 20.086998 -16.232195 18.516451 6.826455 5.203744 -8.860596 4.081118 -6.837872 -17.248995 5.267154 -3.145090 3.922300 -9.365646 0.448071 -0.537333 -7.448869 6.323730 -6.871034 -0.561993 12.900723 8.578592 -20.429384 9.928782 11.487164 21.260593 17.489798 -9.694757 -15.696945 9.354919
-1.634020 20.272293 -16.092468 18.333332 6.769537 5.162952 -8.839232 4.066924 -7.038490 -17.154503 5.190482 -3.129045 3.830586 -9.455208 0.463824 -0.528467 -7.394204 6.502723 -6.851776 -0.559000 12.755102 8.549313 -20.618364 9.891940 11.507927 21.221916 17.616047 -9.716159 -15.710448 9.411391
-2.194915 6.677854 -15.438848 8.530416 4.814911 19.728001 -5.553673 6.813565 -3.632304 -17.899759 8.039965 0.002869 2.125480 -6.835795 0.668593 -0.607031 -7.997522 2.808815 -5.743600 2.472056 17.885607 6.039221 -17.726164 13.465701 4.598522 8.918221 10.619869 -4.180743 -20.554827 7.128329
-6.931698 0.986494 -13.636296 4.510122 10.161854 18.720331 -2.784328 3.969426 -1.443935 -18.801350 9.639125 1.747448 1.602021 -4.377773 -0.194494 -0.901410 -7.006270 0.995634 -6.024899 4.896019 13.717555 1.907521 -15.340842 13.352190 5.196217 5.225731 7.414254 -1.245597 -25.532520 4.423061
-9.723319 -1.341097 -11.459910 4.358031 12.499540 22.813847 -2.549567 2.908278 0.314140 -17.909719 10.791940 3.246581 -0.064015 -3.914895 -0.126305 -0.458706 -5.535048 -0.136656 -5.494499 4.968167 10.629852 -0.234880 -12.856816 12.685455 4.300284 3.920778 2.280797 0.375084 -27.996195 4.235739
-10.427587 -1.700934 -12.360126 6.324094 14.883893 21.896496 -3.116760 0.006372 -0.522081 -19.418383 11.076592 4.066299 -1.460959 -3.460455 -0.100906 -0.699292 -6.872787 0.090392 -4.720594 3.792538 7.787542 -0.220813 -13.513854 8.653529 6.059836 6.166653 4.597652 1.835292 -30.438099 3.849872
-10.379318 -1.937898 -13.106660 5.263969 16.933558 21.851944 -2.530910 0.716555 -0.889346 -17.882135 10.823970 3.892196 -1.463116 -3.069088 0.021459 -1.385173 -6.916115 -0.090876 -4.946192 4.328948 7.745450 -0.754627 -13.080871 9.685874 5.070692 5.168348 4.388095 1.917933 -30.346277 1.855218
-10.011903 -1.930208 -14.189393 3.799781 18.745543 20.907755 -0.187999 0.675083 -1.230616 -16.723711 10.669637 3.469790 -1.287681 -2.606840 -0.205185 -2.338973 -7.434881 0.469324 -4.679868 5.178927 7.597274 -1.237601 -13.316102 10.186486 5.040418 4.604007 5.803909 1.371055 -30.284657 -2.233276
-8.876132 -1.327817 -15.212252 3.608717 18.833679 19.163858 -0.459295 0.602535 -1.890965 -16.694921 10.372169 3.606879 -1.132667 -2.695258 -0.155802 -2.216527 -8.011919 0.977100 -4.711143 4.969449 8.622115 -1.474806 -12.848010 10.375556 5.605845 5.322693 7.479301 1.419109 -29.665096 -2.427984
-11.662702 0.429461 -12.702662 8.712844 19.835894 22.185909 -0.211475 -5.687532 -1.854117 -15.835169 12.094536 6.410987 -4.844592 -2.685460 0.211645 0.598547 -7.064397 1.816317 -3.515582 2.602061 0.954157 -1.764479 -10.712167 4.750497 6.334260 8.795818 3.963522 5.142076 -32.766129 1.846976
-10.438339 1.034421 -14.715751 7.039186 20.101454 19.394583 -0.552847 -4.121522 -2.892991 -17.460752 10.742080 5.677034 -3.484836 -2.805699 -0.059664 -1.031729 -8.217037 1.727536 -4.054340 3.509019 4.242689 -0.774956 -13.186873 5.467764 7.549691 8.671907 6.662523 3.274856 -32.557968 -0.573154
-7.001065 3.533773 -19.804840 5.161893 19.539429 13.255795 0.273649 -3.607857 -4.539349 -16.481327 9.437234 4.151883 -2.638060 -2.801028 -0.039730 -2.369680 -10.354353 3.860501 -4.427895 3.698406 6.935862 -0.498716 -13.488893 5.161518 9.104225 9.747156 13.940236 0.946134 -30.610157 -2.683880
-5.570848 3.786643 -20.574451 4.540885 18.329241 11.958358 -0.951264 -2.733798 -4.905152 -17.070593 9.297438 3.653307 -1.971473 -2.903419 0.142042 -2.525150 -10.961849 4.282784 -4.240560 2.727030 8.363828 0.665363 -14.053636 5.322064 9.198494 10.147194 16.273340 -0.298559 -29.455257 -2.385840
-4.528293 4.382965 -22.123594 3.860353 17.514982 9.968364 -1.159621 -2.157059 -5.123157 -16.899031 8.696749 2.576198 -1.437064 -3.136454 0.296648 -2.891421 -11.924925 5.224734 -4.635044 2.795742 9.594113 0.680447 -12.866944 5.034167 9.857065 10.570265 17.246565 -1.395784 -28.841639 -2.890898
-8.897644 3.909732 -17.529541 7.718959 20.001925 16.306396 -0.201697 -6.331115 -4.869063 -16.444706 10.611956 5.463536 -3.824703 -2.891408 -0.094822 -0.867449 -9.340767 3.530678 -3.928649 2.689810 3.086246 -0.961194 -12.642192 2.219738 9.441870 10.907153 11.009964 2.455382 -32.999996 0.627802
-7.753351 4.473110 -19.530399 7.285188 19.815878 13.361823 -0.505137 -5.593247 -5.497325 -16.936178 10.150000 4.884343 -3.415947 -3.136258 0.000185 -1.298005 -10.267471 4.130741 -3.801436 2.497720 5.446176 -0.627688 -12.413245 1.699028 10.860646 11.595966 13.252606 0.872203 -32.344509 0.110054
-5.233514 4.640090 -22.222546 4.521431 17.831495 9.926438 -0.915093 -3.117690 -5.224564 -16.890200 9.000606 2.843452 -1.849676 -3.005065 0.433435 -2.741423 -11.943178 5.610115 -4.268871 2.486451 8.498658 0.611398 -13.250893 4.309211 9.621735 10.687080 17.275272 -1.010948 -29.330460 -2.687161
-3.820025 5.271061 -23.414762 3.601711 16.621122 7.254188 -1.705577 -2.193910 -6.133821 -16.893402 8.257367 1.869333 -1.317270 -2.982691 0.730960 -2.977684 -12.643356 6.277369 -4.577027 1.956195 9.635702 1.872860 -14.079453 4.918872 10.362072 11.624676 21.043947 -2.241873 -27.688772 -3.069918
-3.796090 7.205062 -24.999296 5.178782 14.763571 3.679310 -3.197770 -4.471313 -9.408572 -20.345039 7.631138 1.219772 -0.734983 -3.141845 1.379299 -2.978565 -13.434706 7.048474 -4.452349 1.291127 12.293005 1.600160 -13.191388 3.041361 13.649907 13.098609 23.208517 -4.837523 -26.900871 -2.838242
-3.222051 5.441525 -23.644794 3.043712 16.274080 7.439303 -1.663164 -1.759809 -6.402881 -16.816275 8.091356 1.806006 -1.150560 -3.123266 0.868401 -2.990717 -12.663366 6.124135 -4.642290 2.090816 10.600451 1.750084 -13.631907 5.712785 10.120133 11.350142 21.014315 -2.202159 -27.254288 -3.398077
-3.610502 7.122067 -25.037014 5.220214 14.686630 3.711752 -3.423271 -4.445438 -9.475011 -20.466425 7.611916 1.186134 -0.711070 -3.136238 1.345318 -3.036387 -13.436321 7.008399 -4.477468 1.294009 12.194636 1.730221 -13.577267 2.945401 13.545613 13.124969 23.176901 -4.724603 -26.977221 -2.664764
-3.171101 5.747583 -23.962580 3.634834 15.948545 6.901714 -1.896766 -2.202298 -6.733279 -17.254160 8.122213 1.605638 -1.024074 -3.295786 0.975512 -2.887508 -12.865471 6.383186 -4.507688 1.921263 10.803319 1.680205 -13.728161 5.057961 10.743570 11.816165 21.545153 -2.946219 -26.970613 -2.958117
-3.739164 3.326604 -22.465887 5.938329 9.585140 6.085736 -9.102203 0.968614 -7.075468 -22.969423 7.685824 -0.885623 1.927490 -3.715425 0.747005 -3.412783 -11.856461 4.427223 -5.572586 1.716598 16.429773 3.246479 -12.233813 5.613316 11.217780 9.791904 20.331400 -6.309642 -24.598127 3.241657
-5.030302 3.378029 -23.925091 3.393272 11.362572 3.162727 -8.980559 -0.644722 -5.681804 -21.296247 7.722249 -0.564212 1.448799 -2.644766 0.706797 -4.405902 -12.139215 4.671421 -5.359241 1.203663 13.339832 2.364064 -8.438425 5.905130 11.139669 9.044779 19.631315 -6.980021 -25.249554 1.809703
-5.127815 4.799414 -25.338720 1.671572 12.145225 0.021170 -9.200998 -1.613817 -5.117767 -21.032864 7.480675 -0.386586 1.154373 -1.858052 0.769778 -5.287117 -12.566866 5.264767 -5.018945 0.172039 11.082564 1.636317 -6.945559 5.056671 11.707132 8.699711 21.839338 -9.672647 -25.458109 0.266150
-5.890544 6.635883 -27.425579 0.460053 12.523106 -2.564191 -8.258691 -3.645278 -5.023581 -20.836792 7.209518 -0.090364 0.660679 -1.072052 1.026365 -5.678970 -12.889883 6.287066 -5.264132 -1.055539 7.794768 -0.554574 -5.363916 2.119276 12.237953 9.522951 23.310917 -11.398878 -25.688276 0.528719
-6.751216 7.784787 -27.563942 -0.511685 11.919315 -5.217269 -9.697492 -4.158652 -5.618301 -21.410845 7.292040 -0.130750 0.938904 -0.400303 1.239101 -5.649854 -12.609041 7.124880 -5.620418 -1.669805 7.433297 -1.622599 -4.067416 -0.430384 12.989638 10.404041 23.730951 -13.504777 -24.824060 0.213920
-7.717448 8.565701 -27.404482 -1.659764 11.598895 -6.208247 -10.416244 -4.275108 -5.147609 -20.955370 7.205836 -0.258476 1.102208 0.028315 1.763112 -5.536676 -11.865854 8.031591 -5.786091 -1.944242 6.708708 -4.131160 -1.898547 0.010588 13.123331 9.957460 22.801783 -15.071922 -23.866608 1.195198
-9.367167 9.940828 -26.547972 -3.113640 11.197404 -6.621972 -10.165093 -4.117721 -5.425562 -20.473928 7.006488 -0.879807 1.342892 0.104214 2.713801 -4.871769 -10.973423 9.124025 -6.270697 -1.869900 5.877898 -6.141804 -0.520932 0.308088 12.693810 9.338302 20.909775 -17.978615 -22.793367 1.003741
-10.920922 11.497600 -25.447361 -4.276921 9.868479 -6.781005 -10.708355 -3.414006 -6.695452 -19.973780 6.782844 -1.682171 2.376370 0.073500 3.778684 -4.392654 -10.353579 9.710821 -6.695278 -1.616315 7.013285 -7.369285 -0.373312 2.305257 12.068104 9.569101 19.651262 -19.205742 -20.370651 0.479258
-11.423537 13.470595 -24.533239 -5.452312 9.127908 -7.693787 -11.148586 -2.321987 -7.047662 -18.737831 6.460741 -2.200078 3.564700 -0.193182 4.290930 -4.176913 -9.896526 10.182587 -6.523785 -1.710673 8.456580 -7.467159 0.101848 4.099370 11.422923 10.233532 17.955360 -19.525530 -18.527582 -0.044367
-12.262529 14.190278 -22.791710 -5.166251 7.919621 -7.487828 -11.229717 -1.082369 -7.083970 -18.955286 6.589693 -2.380021 4.728476 -0.507083 4.679170 -2.997507 -9.134373 10.695238 -6.910152 -1.354598 8.683124 -7.863515 -0.972392 5.689414 11.398283 10.049162 17.215536 -20.553919 -16.759687 0.736936
-12.193532 14.298226 -21.780693 -5.530942 5.402342 -6.157651 -10.210426 0.280870 -6.219438 -18.854364 6.633200 -2.317336 6.013374 -0.753875 4.815058 -2.029057 -8.472454 10.972773 -7.445622 -0.989783 9.488300 -8.506172 -1.255489 7.987891 11.178158 9.520300 16.544477 -21.847792 -15.542885 2.393786
-12.574992 14.196729 -20.450056 -5.064457 3.740124 -4.654057 -10.405011 1.829405 -6.881707 -20.084406 6.911611 -2.283146 7.069467 -1.209704 4.511268 -1.015852 -7.764698 10.749645 -7.923870 -0.166970 10.325803 -8.575705 -1.463823 9.771902 11.160489 8.689453 14.935399 -23.744484 -14.247988 2.642574
-12.781812 13.211021 -19.568510 -4.331898 2.148934 -2.316987 -10.603467 2.681962 -6.287232 -21.338964 7.074926 -2.760362 8.381891 -1.510138 4.299881 -0.617551 -7.322178 10.452561 -8.403665 1.026807 12.022091 -8.077668 -1.449764 11.859425 10.379301 7.708464 12.916017 -24.217119 -13.428228 3.326087
-12.868026 12.707414 -18.493752 -4.822855 0.816921 0.552873 -11.433204 2.003833 -5.441766 -22.716238 7.071073 -3.486801 9.338178 -1.838618 3.659918 -0.725570 -6.910693 9.325430 -8.672922 1.865643 13.889806 -7.481568 -2.343539 14.545936 10.587801 6.742673 10.327889 -24.181055 -13.088886 3.996873
-12.873990 12.700338 -16.922205 -5.702868 -1.493958 3.121733 -13.643852 1.940949 -4.387079 -22.857149 7.073915 -4.208215 10.067322 -1.920243 3.078491 -1.357011 -6.438075 7.753704 -8.946542 2.011576 16.070238 -6.430694 -2.406477 17.120012 10.059953 6.334072 7.632074 -24.955523 -11.163176 5.692836
-19.181152 8.373278 -8.519601 -6.863213 6.194654 16.850481 -10.368563 0.802408 7.424422 -15.324471 10.928059 0.948630 5.745492 -0.850839 2.668283 0.941168 -0.292842 3.445649 -7.912342 1.626772 2.348395 -5.848142 -7.152737 14.878162 1.629436 2.098413 -2.487876 -14.200767 -19.220530 7.500738
-21.370138 1.479784 -1.239882 -6.521344 8.596375 23.350946 -11.990909 7.037537 12.217338 -6.038391 12.283093 2.459446 2.223371 0.145447 2.311013 0.126952 3.320973 0.544219 -6.825557 -0.509300 -5.909001 -5.960947 -10.693749 13.030265 -2.424719 1.666764 -9.375182 -8.819339 -21.968897 8.298129
-19.870434 5.381258 -5.919118 -7.292943 7.524463 19.204042 -9.671788 3.854277 8.932767 -12.794114 11.113793 0.960601 5.163794 -0.729537 2.488462 -0.138904 0.815864 1.660284 -7.542984 1.640400 0.566189 -5.250001 -8.666923 14.279431 -0.841044 0.773872 -6.142797 -13.537652 -20.694342 5.535804
