1.345544 25.616932 -10.515967 3.006843 4.029472 -4.923593 11.786258 14.105755 20.758627 -3.921729 4.556435 3.723458 0.463672 -11.271003 5.191308 2.052082 -1.725631 4.301709 -0.240060 -8.944648 6.246130 13.503767 -18.037519 2.301055 0.401872 22.407192 9.352122 -21.664034 -3.728915 12.177361
1.506899 25.631769 -10.355115 2.929799 4.234792 -4.944740 11.873578 14.204837 20.809536 -4.143691 4.573112 3.779376 0.460050 -11.259632 5.191069 2.082926 -1.743670 4.284501 -0.233924 -8.925505 6.200332 13.528531 -18.029581 2.274007 0.393562 22.444420 9.299257 -21.685583 -3.719087 12.147401
-9.602305 22.488464 3.262228 1.018683 12.241816 3.650075 14.293494 12.727352 25.281813 -3.491983 6.248666 6.263715 -3.308246 -10.379926 2.333642 2.557926 2.797744 2.380257 -1.931246 -5.750621 -1.948573 8.132692 -25.417845 3.653611 -2.400963 17.463558 -1.522077 -16.431583 -8.672887 14.882090
-10.158580 22.903175 6.279140 1.289490 11.953417 3.110115 13.660502 13.008840 26.058266 -2.404910 5.713547 6.250925 -4.432901 -10.499354 2.089226 2.814588 4.352822 3.012877 -1.967795 -5.531860 -1.378014 6.891768 -27.399858 1.791853 -1.962870 17.769989 -2.250761 -13.868878 -8.360224 17.223038
-11.551566 22.004387 8.933419 2.372642 13.267647 2.748528 13.426942 14.007411 26.303427 -1.308529 6.068069 6.981323 -5.244147 -10.198814 2.435849 3.657725 5.257499 4.084236 -2.276861 -5.062155 -0.848681 5.934230 -29.440416 1.069056 -1.805310 17.260588 -3.362409 -11.691821 -8.478266 19.435734
-13.474868 21.278389 11.462979 1.874329 13.174613 1.989560 13.106151 14.158822 25.499159 -0.157683 6.162806 6.798697 -6.218896 -9.650410 2.448606 3.354176 6.128252 4.914445 -2.289843 -4.830653 0.303086 3.620770 -31.338570 1.103488 -1.153342 15.742664 -5.372684 -10.559928 -8.387744 20.478863
-15.576162 21.654747 14.028684 -0.574433 12.334526 0.993035 11.340820 13.597327 24.022478 2.231495 6.372103 6.544570 -7.472704 -9.202972 2.392504 3.064587 7.051250 5.777931 -1.531111 -4.333944 1.568648 0.276772 -34.300346 -0.532510 1.390381 14.629299 -5.763691 -10.931919 -8.497247 20.977585
-16.689272 23.118195 16.677446 -2.579412 12.195606 0.138714 9.003392 13.879062 22.453243 4.576016 6.361794 5.166497 -9.039365 -8.990280 2.656116 2.559129 7.956228 7.285907 -0.736992 -4.258034 3.000897 -3.217295 -35.675640 -3.535418 3.614531 14.067453 -4.607269 -10.457858 -7.762229 22.092335
-18.361464 23.148695 16.503267 -3.633850 9.474997 -0.652796 2.945641 15.108467 17.753839 10.176743 5.864996 3.957456 -9.264076 -8.512734 2.640535 1.552579 8.698616 7.997543 -0.302886 -3.714056 -0.071017 -7.250569 -31.482866 -5.140724 3.215114 13.276249 -7.005373 -7.816700 -8.447651 24.169407
-16.604305 22.570286 17.785336 -2.239205 8.570746 -1.827346 1.791121 16.662611 16.641800 10.633776 5.354373 3.351360 -8.915409 -8.402151 2.081695 0.685640 9.200706 7.810137 0.236318 -3.061461 1.088228 -7.649377 -30.549229 -6.829829 3.129255 13.636001 -8.014845 -4.952343 -8.817089 24.977352
-13.828956 20.932766 18.822405 -0.008261 8.396737 0.075506 -0.100325 18.291620 14.939904 9.764028 5.514643 3.859718 -8.393116 -8.550344 1.677414 1.177096 10.287880 7.718898 -0.243129 -2.590669 3.161747 -7.735749 -28.410814 -7.138113 3.428721 14.024580 -9.323262 -3.243714 -8.391514 26.365852
-10.870955 20.552456 21.238747 0.875609 9.951546 0.889106 1.122840 20.138756 14.521579 6.749144 6.038139 4.386251 -7.068794 -8.743283 1.228503 2.225505 10.924379 7.586995 -1.055559 -1.726601 7.230216 -6.466803 -26.331768 -7.396429 3.669420 13.950935 -12.766459 -3.228131 -7.750832 28.052355
-11.251424 18.147213 23.446302 0.181661 8.684708 4.447153 2.088233 22.060154 13.644215 3.102764 6.159931 5.003417 -4.612287 -8.718590 1.012479 3.010544 11.684906 7.465603 -2.049509 -0.564375 10.153438 -3.934839 -25.048544 -6.560895 3.134232 14.069712 -16.389921 -5.150663 -7.574619 27.497398
-11.490313 16.805653 24.094828 0.043346 8.810775 5.219473 3.152974 22.690502 13.806712 1.436762 6.464275 5.305095 -3.378978 -8.730854 0.847975 3.512347 11.850475 7.492269 -2.436844 0.009078 11.757682 -2.234058 -25.177349 -6.132349 2.818337 14.249706 -18.108290 -6.024811 -7.435143 26.914589
-11.594375 16.357109 24.094372 -0.065077 8.726828 5.715158 3.585418 22.749176 13.697571 0.814806 6.499845 5.328714 -3.081162 -8.758513 0.877251 3.609362 11.893961 7.515880 -2.495519 0.081302 11.995517 -1.841333 -25.246946 -5.840714 2.569272 14.370043 -18.448820 -6.653148 -7.100107 26.473192
-11.641576 16.395485 24.163960 -0.141229 8.797164 5.652885 3.642942 22.766041 13.601295 0.809440 6.552311 5.352670 -3.069445 -8.740354 0.844563 3.588610 11.920053 7.542133 -2.486362 0.090855 12.048525 -1.819977 -25.453001 -5.870141 2.537492 14.364210 -18.530111 -6.671390 -7.101637 26.192678
-11.705971 16.363819 24.140818 -0.133986 8.719337 5.636144 3.643094 22.765497 13.641143 0.837992 6.577368 5.362823 -3.066866 -8.723446 0.854369 3.602924 11.942001 7.568699 -2.519798 0.038769 12.077216 -1.750419 -25.651388 -5.914355 2.515472 14.408434 -18.453835 -6.603377 -7.019779 26.200733
-11.713121 16.365679 24.172379 -0.135337 8.733976 5.689025 3.607001 22.763132 13.639633 0.834371 6.577852 5.350089 -3.048383 -8.727142 0.861019 3.604238 11.940044 7.576550 -2.518352 0.053711 12.090928 -1.771061 -25.668221 -5.906369 2.519545 14.390871 -18.429834 -6.614974 -7.001795 26.182812
-11.699355 16.398226 24.210306 -0.160778 8.679940 5.706254 3.601814 22.802099 13.648092 0.815700 6.571209 5.337821 -3.075362 -8.732021 0.843721 3.595518 11.912294 7.572396 -2.498632 0.038933 12.061137 -1.712252 -25.675653 -5.927630 2.528803 14.400385 -18.428982 -6.592730 -7.076379 26.200642
-11.727158 16.433294 24.217382 -0.254953 8.592089 5.670467 3.595582 22.829046 13.603996 0.842506 6.567227 5.332965 -3.079130 -8.727379 0.837056 3.578732 11.908600 7.556811 -2.482653 0.052129 12.079453 -1.686399 -25.791521 -5.917588 2.507105 14.399195 -18.408781 -6.599539 -7.062735 26.194923
-11.716713 16.402824 24.190201 -0.234245 8.597067 5.678597 3.609457 22.817396 13.635691 0.828879 6.555150 5.360138 -3.077812 -8.734396 0.834203 3.590394 11.901798 7.538380 -2.487685 0.080050 12.114513 -1.693661 -25.774870 -5.913319 2.536522 14.379791 -18.419195 -6.585597 -7.084934 26.191858
-10.340420 -0.592560 17.902277 4.424239 14.453588 -4.839666 3.772671 24.356588 14.223014 -2.371965 9.528458 5.202865 -3.815458 -4.427636 -0.257639 2.538844 12.858120 4.728495 -2.958649 3.005763 11.655547 -4.563951 -19.081537 -11.976352 3.656193 18.855921 -22.867661 -9.105530 -4.556460 6.289193
-9.590156 -2.332011 14.412808 2.817654 10.113670 -3.637787 -10.255218 27.389366 9.231002 2.666955 9.726907 3.933166 -4.844413 -3.761081 -0.942086 1.754575 12.788088 3.711643 -3.165619 2.567400 8.429772 -9.366594 -10.865703 -10.949761 1.450479 20.438004 -22.743788 -5.203061 -3.653365 4.214827
-10.392169 -0.568442 14.046917 2.636618 14.084337 -4.806751 -9.510642 25.088972 9.947118 3.319736 9.766984 3.463841 -4.779716 -3.253955 -0.447853 1.233648 13.186644 2.866982 -3.060326 2.390683 7.201958 -10.508686 -9.789441 -12.947345 -1.061303 20.000584 -20.132200 -2.962296 -3.900910 6.693596
-11.753004 -0.185240 15.121943 1.932282 13.052002 -4.257159 -9.861767 24.776716 9.105329 4.387675 9.345578 3.086938 -4.770251 -3.196065 0.025290 0.778414 13.381716 3.418614 -2.937826 2.049875 5.546411 -12.038754 -10.624052 -9.631656 -1.552586 19.269846 -19.517809 -3.431884 -2.508617 6.774601
-11.787654 -0.670855 15.574364 1.720099 13.315423 -5.067983 -9.978359 25.360159 9.120386 4.195701 9.378077 3.306021 -4.890226 -3.203067 -0.069880 0.889742 13.328453 3.736012 -3.005925 2.158956 5.107607 -12.006872 -10.883468 -9.204204 -1.080956 19.495804 -19.960526 -3.503849 -2.488552 6.637496
-11.620369 -1.150203 15.383443 1.768439 13.672657 -5.992155 -9.746194 25.507801 9.192632 3.894259 9.437892 3.624634 -5.013494 -3.217486 -0.428942 1.061513 13.445997 3.576150 -3.184941 2.318919 4.857227 -11.833691 -10.812484 -10.782815 -0.875311 20.003366 -20.216192 -4.203211 -2.653697 6.218596
-12.092962 -0.879628 15.838273 1.703490 13.496510 -5.565203 -9.648701 25.365328 8.684361 4.158775 9.304360 3.124616 -4.925350 -3.153762 -0.134428 0.839450 13.499607 3.829217 -3.132442 2.072206 4.986705 -12.164940 -10.815776 -10.186155 -0.771695 19.853292 -20.316916 -3.848589 -2.802955 6.607838
-11.092706 -1.184684 15.154499 2.340214 14.067113 -5.838682 -9.339960 25.647579 9.281143 3.621503 9.582078 3.434522 -4.779306 -3.154769 -0.409484 1.242409 13.436687 3.430064 -3.135986 2.172412 5.040858 -11.213717 -10.107951 -11.851150 -0.466500 20.263468 -20.563890 -4.535227 -3.033887 6.239617
-11.606463 -0.868642 15.401690 1.790817 13.540092 -5.912722 -9.759888 25.406267 9.070529 3.974329 9.288606 3.229487 -4.931042 -3.247123 -0.221788 0.999907 13.596735 3.711592 -3.121136 2.207208 4.856179 -11.798606 -10.504081 -10.754567 -0.744651 20.353161 -20.594183 -4.292603 -2.460574 6.339914
-11.291148 -1.053025 15.333386 1.850123 13.679533 -5.915530 -9.792756 25.660788 9.312625 3.822955 9.341933 3.366380 -4.804872 -3.241650 -0.340132 1.109204 13.502705 3.595140 -3.217815 2.184329 4.851699 -11.438986 -10.462385 -11.115730 -0.808245 20.254614 -20.569944 -4.209970 -2.695110 6.222351
-11.337485 -1.050808 15.248713 1.879167 13.640129 -5.855552 -9.754563 25.553585 9.231328 3.890135 9.352337 3.356667 -4.838867 -3.224355 -0.317148 1.112808 13.519394 3.620486 -3.232207 2.159903 4.875227 -11.444130 -10.451880 -11.126988 -0.868063 20.258345 -20.606794 -4.276944 -2.655183 6.204191
-11.573856 -0.911961 15.398770 1.791126 13.463810 -5.777853 -9.756175 25.427084 9.058126 3.966111 9.297148 3.228444 -4.948674 -3.178946 -0.259598 0.940797 13.552839 3.684828 -3.162453 2.131486 4.966230 -11.794909 -10.511542 -10.682972 -0.726190 20.305756 -20.540140 -4.150459 -2.572116 6.323214
-11.231584 -1.068842 15.266490 1.911231 13.934214 -6.034373 -9.662413 25.700239 9.433982 3.623701 9.479539 3.353268 -4.789269 -3.207053 -0.380418 1.168369 13.439913 3.529846 -3.127534 2.103853 4.781845 -11.517633 -10.351778 -11.436333 -0.778132 20.289646 -20.368534 -4.366286 -2.718433 6.154050
-11.774398 -0.890142 15.420204 1.785345 13.469085 -5.655520 -9.740638 25.267187 9.111193 3.999176 9.300534 3.266076 -5.002346 -3.264639 -0.295573 0.893020 13.526682 3.695578 -3.110053 2.131333 4.876348 -11.831794 -10.674613 -10.444787 -0.872163 20.011833 -20.447783 -4.222468 -2.597329 6.560783
-11.198674 -1.361675 15.249489 2.307832 14.106154 -5.861593 -9.250654 25.742565 9.321429 3.518602 9.593993 3.413934 -4.813062 -3.167315 -0.389749 1.286290 13.407158 3.533282 -3.155238 2.181163 5.050767 -11.195066 -10.163814 -11.794595 -0.442687 20.150259 -20.553816 -4.418232 -3.223014 6.256854
-11.505668 -0.865720 15.428864 1.839849 13.726828 -5.885208 -9.605043 25.390032 9.043818 3.934432 9.301579 3.229704 -4.953472 -3.260762 -0.225569 1.001528 13.567629 3.648776 -3.139702 2.209249 4.797727 -11.797081 -10.536728 -10.937078 -0.844466 20.212809 -20.377422 -4.112807 -2.564428 6.477290
-11.263718 -1.085871 15.288468 1.933261 13.847587 -5.975744 -9.603230 25.626589 9.384124 3.698639 9.448434 3.354140 -4.820110 -3.232753 -0.322407 1.185263 13.454174 3.623864 -3.148613 2.128005 4.680953 -11.688462 -10.276908 -11.336819 -0.701570 20.331388 -20.421442 -4.310461 -2.732444 6.277797
-11.257937 -1.033729 15.269839 1.939767 13.755400 -5.956067 -9.671135 25.580286 9.390287 3.717883 9.407554 3.370042 -4.767782 -3.235653 -0.301256 1.166277 13.496572 3.648765 -3.143917 2.108711 4.750931 -11.589906 -10.399272 -11.330398 -0.752638 20.343561 -20.389404 -4.372602 -2.602087 6.276505
-11.637239 -0.869191 15.376330 1.795226 13.670877 -5.981234 -9.672318 25.382257 9.072183 3.979158 9.277179 3.210566 -4.939859 -3.283273 -0.200027 0.988030 13.589184 3.686011 -3.085952 2.190638 4.791024 -11.845895 -10.578414 -10.878155 -0.792917 20.269970 -20.431400 -4.271956 -2.487196 6.432682
