-14.117114 24.744678 -20.225584 21.341831 -10.215508 -4.732709 1.971611 0.630927 5.986651 -8.389503 -4.161430 1.273267 -1.349978 -9.794031 5.187120 -2.016188 -5.374272 3.358038 -9.533524 -2.858630 1.962206 15.859110 -13.645191 0.134708 -29.733103 6.107184 12.132892 -16.048206 2.240092 8.684278
-14.140944 24.763672 -20.230284 21.367716 -10.170825 -4.587498 1.947580 0.585412 5.958729 -8.393362 -4.164105 1.237585 -1.352212 -9.811732 5.075275 -2.043403 -5.467801 3.390117 -9.650761 -2.717599 2.182709 16.059511 -14.089114 -0.179937 -30.081917 5.728075 12.252616 -16.083399 2.199824 8.567241
-14.273486 22.975208 -19.891203 18.674349 -11.571518 -3.653272 0.899021 0.495916 6.420756 -10.259829 -3.543723 1.728573 -0.685878 -9.132950 5.789029 -1.685717 -5.607836 2.684809 -9.613394 -2.382691 3.047212 16.292198 -13.881967 1.886758 -27.791517 5.617985 12.494205 -14.040459 -0.374765 8.109358
-13.955436 23.542921 -19.771799 19.778217 -11.695944 -3.141953 1.651053 0.694187 6.009618 -9.976191 -3.721335 1.466496 -0.921671 -9.347578 5.389527 -1.896269 -5.709952 3.025579 -9.652800 -2.486021 2.966311 16.492418 -13.650886 0.168038 -29.341654 5.162431 12.185788 -15.123715 0.711381 8.487497
-13.509721 22.798904 -19.231943 18.074434 -13.046976 -1.192875 2.155119 0.743062 5.708290 -11.460384 -3.388325 1.905253 -0.619228 -8.766314 5.654050 -1.789734 -6.009218 2.794090 -9.711467 -2.435188 3.906902 17.847841 -13.835049 1.349078 -28.341002 4.980340 11.767385 -13.891231 -1.249805 8.146906
-13.390069 21.760300 -18.961523 17.031530 -14.125849 0.548534 2.544020 0.935341 5.444994 -12.869769 -3.128703 2.332987 -0.229538 -8.142238 6.117054 -1.602319 -6.324634 2.693536 -9.865115 -1.984705 4.759329 18.942831 -13.636373 1.865369 -28.173677 4.304979 11.352284 -13.180863 -2.688257 7.579418
-13.512600 21.209705 -18.995436 16.511454 -14.759721 1.605214 2.837092 0.871354 5.231486 -13.396339 -2.868743 2.910164 -0.099892 -7.802673 6.403272 -1.349641 -6.614815 2.816263 -9.841624 -1.644338 5.487516 20.156878 -13.510015 1.863881 -28.403547 3.728870 10.511430 -13.147258 -3.563571 6.757651
-13.249208 20.783497 -18.828558 16.329695 -15.155378 2.744984 3.927153 0.580401 4.822546 -14.044291 -2.662746 3.358872 -0.111940 -7.583618 6.645912 -1.071693 -6.866211 3.215916 -9.822045 -1.379071 5.760863 21.004133 -13.679990 2.187096 -27.990587 3.595510 10.057300 -12.667106 -4.590443 6.114689
-13.044104 20.187485 -18.876879 16.654488 -15.772610 3.767128 4.704762 0.412301 4.823601 -14.530479 -2.459999 3.579600 -0.061729 -7.364821 6.723675 -0.994556 -7.146904 3.191206 -9.866979 -1.194693 6.855183 21.197824 -13.471148 2.351565 -27.993937 2.862461 9.820621 -12.162886 -5.374951 5.538362
-12.848537 19.600525 -19.406069 17.549021 -15.903870 4.522230 5.410813 0.244338 5.018671 -14.764244 -2.365073 3.899104 -0.436461 -7.228752 6.632364 -1.048501 -7.534740 3.382122 -9.859712 -1.130037 7.279459 20.800089 -13.183335 1.980527 -28.028545 2.106866 10.333637 -11.759124 -6.003409 5.453821
-12.391845 18.624908 -20.152733 18.635014 -15.479843 5.323280 6.029769 -0.026504 5.624469 -15.264046 -2.303200 3.681939 -0.620935 -7.031858 6.213600 -1.538490 -8.005178 2.932581 -9.995982 -1.004209 8.266002 19.723743 -12.940682 1.358451 -28.461573 0.658401 11.107249 -11.355899 -6.458347 5.747790
-12.207524 18.046669 -20.948172 19.326113 -14.929882 5.066666 6.315903 -0.511851 6.137780 -15.406075 -2.277553 3.318454 -0.821400 -6.952347 5.676519 -2.066839 -8.384060 2.555579 -10.127027 -1.087746 9.237863 18.091774 -12.840756 0.965049 -28.737692 -0.698611 12.430846 -10.943219 -6.637629 6.600570
-12.194182 16.985107 -21.607874 20.216391 -14.240812 4.622200 6.215125 -0.670391 6.876763 -15.467646 -2.330801 2.730531 -0.602855 -7.058081 5.125553 -2.513416 -8.741514 2.077108 -10.458055 -0.615918 9.899299 16.830593 -12.643127 0.294581 -29.315165 -1.698123 13.575146 -10.515052 -6.580077 7.433629
-12.167041 15.907255 -22.418949 21.378458 -13.192961 3.850868 5.760516 -0.628437 7.718184 -15.441516 -2.387291 2.211099 -0.353870 -7.063594 4.611269 -2.856915 -8.819744 1.595343 -10.708187 -0.467080 10.887397 15.747381 -13.036495 -0.048098 -29.526051 -2.465390 14.830214 -9.859959 -6.583516 7.684486
-12.485616 15.398492 -22.924171 21.691999 -12.182232 2.791703 4.883611 -0.482022 8.309884 -15.216153 -2.414399 1.652839 0.063140 -7.230215 4.252114 -3.036095 -8.827435 1.206691 -10.999907 -0.116420 11.640788 14.876621 -12.655923 -0.938983 -29.745920 -2.975486 15.993817 -8.973170 -6.724022 7.762955
-12.619944 15.039221 -23.146015 21.543612 -11.325062 1.571937 4.088818 -0.017113 8.839709 -15.096140 -2.330201 0.921507 0.884380 -7.364585 4.188122 -3.014790 -8.658262 0.983080 -11.229095 0.346169 12.472564 14.302223 -12.458165 -1.689257 -30.161201 -3.847174 16.635460 -8.518722 -7.081641 7.978971
-13.085375 14.975531 -23.493158 20.975704 -10.926794 0.415487 3.012900 0.242605 9.123549 -14.663502 -2.331652 0.415460 1.579409 -7.426480 4.286110 -2.869693 -8.488037 0.924957 -11.436060 0.758594 12.592158 13.480646 -11.664487 -2.900667 -30.449987 -4.147445 17.798193 -7.862229 -7.329895 8.035835
-13.544479 15.378627 -23.730104 20.454077 -10.164746 -0.945438 2.304530 0.461970 9.490412 -14.327311 -2.411611 -0.090756 1.976312 -7.557748 4.552041 -2.731345 -8.192968 1.190799 -11.484372 1.161672 12.860178 12.658734 -11.428432 -4.548819 -31.244432 -5.096540 18.864672 -7.448292 -7.482416 7.937719
-14.262787 15.627301 -23.762054 20.098646 -9.383179 -1.854749 1.789162 0.625563 9.408385 -14.003650 -2.492760 -0.391510 2.618516 -7.690115 4.785829 -2.576932 -7.840937 1.497806 -11.466449 1.781539 12.782891 11.561830 -11.344882 -5.436515 -31.302639 -5.830691 20.087900 -7.295150 -7.748730 7.586111
-14.856914 16.128975 -23.565050 20.135773 -8.379299 -2.870580 1.560475 0.779464 9.582652 -13.813156 -2.791386 -0.548022 2.811794 -7.867902 5.025461 -2.526316 -7.597750 1.926294 -11.441971 2.071689 12.602441 10.616552 -11.492908 -6.016087 -31.466593 -6.570322 21.108587 -7.185268 -7.879032 7.340728
-15.344697 16.264692 -23.423874 19.768972 -8.012302 -3.140450 1.884559 0.639295 8.792030 -13.521641 -2.813374 -0.456347 2.803541 -7.870875 5.112848 -2.494387 -7.416543 2.131244 -11.426170 2.152827 12.454577 10.468096 -12.421765 -6.449744 -31.896761 -7.113411 21.335722 -7.607118 -7.577966 6.804102
-16.006847 16.719574 -23.252285 18.400099 -8.443871 -3.256981 1.924631 0.461763 7.699824 -13.186319 -2.614048 -0.419389 2.964948 -7.568251 5.239677 -2.440014 -7.559380 1.959784 -11.549657 2.343354 12.214373 11.113892 -12.734547 -5.435278 -32.175674 -6.335892 19.783541 -8.933354 -6.395115 6.502734
-13.392575 14.001707 -24.425875 20.057598 -11.691387 -0.832578 0.220045 0.579271 10.336877 -14.277189 -2.483232 0.094494 2.554046 -7.457387 4.864960 -2.881950 -7.961360 0.966707 -11.191689 1.242956 12.617146 12.988505 -12.229363 -1.984789 -28.886480 -3.714875 19.185106 -6.045865 -8.222832 7.577100
-12.433506 15.180802 -24.282166 17.653919 -14.576582 0.753533 -0.726056 -0.041728 8.865708 -13.935781 -2.392514 0.993812 1.636171 -6.654185 5.161051 -3.648561 -8.337204 0.242485 -10.394891 -0.264002 10.767616 14.054522 -12.570685 0.424947 -27.207859 -1.203422 17.381750 -7.109807 -7.687032 6.958048
-12.840455 15.817600 -23.644623 14.951842 -17.158192 1.629433 -2.933826 0.185910 7.717587 -13.584534 -2.380456 0.919056 1.327574 -6.900033 5.347269 -3.641043 -8.217970 -0.048007 -10.084462 -0.090117 10.720873 14.562438 -12.408444 1.794931 -26.237028 -0.870645 16.684237 -7.059850 -8.405163 6.313123
-13.765565 14.601352 -22.811544 13.652102 -18.069496 3.186918 -4.355515 1.066142 7.949039 -14.686970 -2.011311 0.995456 1.118216 -7.019313 5.392494 -3.259522 -8.245253 -0.336547 -10.023753 0.646234 10.490809 13.749092 -12.062485 3.581865 -24.172052 -0.200901 17.098192 -6.195566 -9.461713 6.549772
-14.023350 11.318184 -22.140894 11.070204 -17.214840 5.395936 -3.946181 1.758238 7.747716 -17.957651 -1.468503 1.604873 1.278778 -6.131427 5.961015 -3.073329 -8.432619 -0.842837 -9.715493 1.070154 11.656121 13.078535 -12.579000 5.118300 -22.822859 -1.089604 17.761793 -4.686733 -10.928896 6.278763
-13.843179 9.537411 -22.503387 10.196141 -15.364248 5.225642 -2.985294 1.614985 8.084099 -19.628405 -1.241198 2.024536 1.458650 -5.753842 6.264517 -2.917064 -8.361841 -0.671979 -9.693269 1.392372 12.749932 13.134713 -12.680764 6.436084 -21.889585 -1.514970 17.552168 -3.825443 -12.093636 5.740194
-12.956222 6.139873 -23.189245 10.827859 -12.435822 5.077006 -1.867225 1.751754 8.898870 -21.825228 -0.994578 3.087194 1.464508 -5.355602 6.730658 -2.504667 -8.595907 -0.609665 -9.304889 2.010459 14.929171 11.860899 -11.969671 7.335178 -21.086166 -3.553117 18.128241 -3.482157 -13.166018 4.778220
-12.658962 3.343876 -25.670906 11.013672 -9.924542 4.130340 -1.940966 1.137178 8.956008 -22.958797 -0.576913 2.866559 1.563165 -4.253444 6.717118 -2.856697 -9.469360 -0.673851 -9.847809 2.936157 16.456076 10.239113 -11.168944 4.860254 -21.918722 -6.391341 20.886711 -2.497901 -14.699980 4.003265
-14.097657 -0.268588 -21.969988 7.816606 -4.386487 11.822369 2.127462 3.624519 12.441273 -16.797983 4.059326 2.697290 1.389305 -4.245659 3.066482 -2.299289 -7.741635 -0.612155 -8.734900 4.520943 15.455671 6.731629 -11.036471 4.267505 -20.437468 -8.827120 13.282960 0.004950 -19.555799 4.429194
-16.022381 -2.635343 -20.925003 6.882228 -1.619294 12.619081 2.167900 2.402223 11.790041 -17.060413 5.164265 3.281088 0.742067 -3.765783 2.516000 -2.176584 -7.381225 -1.204802 -8.401077 5.363690 13.139665 3.853218 -9.657469 3.355505 -18.602837 -9.350444 11.356093 0.299272 -21.952150 3.839094
-17.257259 -3.558090 -21.723089 5.924421 0.418484 11.129685 1.790058 1.152644 11.042857 -16.259829 5.475272 3.300700 0.323979 -3.065546 1.903413 -3.130622 -7.770806 -1.382992 -7.985866 5.541635 12.107490 2.222285 -8.464751 2.229754 -17.862356 -9.818021 11.003208 0.316706 -22.805265 2.960458
-17.740644 -3.330211 -23.603662 5.076899 3.085631 8.202380 2.416809 -0.951669 10.963458 -15.940025 5.122097 3.336242 -0.182635 -2.169192 2.197866 -3.926697 -8.901085 -0.668793 -7.877317 5.307029 11.664622 1.990244 -8.285317 0.257141 -18.127180 -9.908448 13.770249 0.955149 -23.726244 1.301094
-20.392218 -6.687244 -16.981449 3.600402 6.579450 17.529390 4.363297 1.684912 11.810337 -14.930517 7.730554 3.942652 -0.472981 -2.187037 1.919584 -3.321082 -5.776918 -2.410118 -6.572299 6.456670 8.666640 -1.079114 -8.565589 5.775610 -14.867488 -9.576794 3.177023 0.844863 -25.991472 -0.584594
-20.566420 -5.074110 -19.767202 4.171058 8.321671 14.066410 6.756563 -1.772418 11.241132 -14.338226 7.230261 4.446096 -1.214476 -1.726381 2.051425 -3.332742 -7.522420 -1.220553 -6.939001 6.366286 8.668613 -0.464170 -9.533856 1.717350 -15.579594 -9.629545 8.202058 1.541927 -26.514532 -3.259364
-18.141121 -2.335262 -23.538387 4.884755 7.932858 8.784056 7.566978 -4.392124 10.082145 -14.426703 5.717399 4.766273 -2.075631 -1.717928 2.348264 -3.896984 -9.703312 0.416987 -6.917018 5.427656 8.529131 0.822795 -7.458619 -2.489169 -17.823709 -9.810053 13.554829 0.967326 -25.836542 -3.970835
-17.701435 -1.217637 -25.510513 5.351093 7.422267 6.177447 7.804461 -5.139449 9.494558 -14.767134 4.831744 5.031676 -2.313955 -1.762962 2.819310 -3.907457 -10.478867 1.155325 -7.159681 5.069364 8.425395 1.295535 -7.997126 -4.423267 -18.699150 -9.070694 16.641695 1.304507 -24.923124 -3.525658
-17.356655 0.175176 -26.545137 5.507003 6.762789 5.148377 8.908533 -6.027919 8.602393 -14.189243 4.205564 5.326500 -2.745962 -1.852330 3.073651 -3.932945 -11.116182 1.791198 -7.085122 4.733987 8.623284 1.348245 -8.285731 -5.663571 -19.257196 -9.085787 19.033323 1.646549 -24.335833 -3.609932
-15.327658 1.053550 -28.194801 5.375099 6.145529 2.725356 7.958233 -5.276269 8.029732 -14.477766 3.334528 4.175255 -2.146637 -1.961627 3.564595 -4.366959 -12.152988 2.509740 -7.663006 4.544305 9.910923 2.104556 -6.822235 -7.627058 -21.942022 -10.817402 20.702499 -0.168170 -23.168388 -4.375642
-15.541500 3.056290 -30.672970 6.935760 3.267088 -2.095754 7.199215 -7.293238 4.991607 -16.699711 0.622705 3.961935 -2.048290 -1.656602 5.429524 -4.744548 -13.194603 2.704283 -8.709703 4.118026 11.491794 3.206639 -6.944795 -8.818257 -23.982998 -10.873355 26.441160 -1.202581 -20.166206 -4.819569
-15.506091 1.404289 -29.540014 5.005260 4.041114 0.566120 8.985207 -5.086890 8.697391 -13.752415 2.658098 3.763687 -1.961610 -2.121489 4.100000 -4.334101 -12.579699 3.030469 -7.690146 4.236101 10.562776 3.169971 -8.181695 -8.588475 -23.220522 -10.582109 24.111403 -0.132773 -21.773811 -4.786349
-15.010512 0.305743 -28.625717 6.118864 -2.005687 -0.556294 -1.192681 -1.959618 6.810981 -18.433268 0.649365 1.481510 0.852974 -2.050084 4.871136 -5.346226 -11.566378 0.359202 -9.672706 4.017742 13.863600 4.873762 -4.913040 -3.154626 -23.440462 -10.996486 22.965841 -2.603385 -18.732582 1.471078
-14.140428 0.774948 -29.270096 1.789424 2.285586 -1.304066 -2.549179 -2.167416 6.503564 -14.988195 1.661895 1.309537 0.550168 -0.948528 3.884312 -6.583815 -11.775307 1.214528 -8.712235 2.891628 11.048396 3.576305 -1.501649 -3.920602 -22.565268 -12.429918 22.852026 -5.061414 -19.778238 -0.851443
-13.024713 1.488396 -29.972078 0.175021 4.788990 -1.599504 -1.840985 -2.625302 6.321985 -14.323419 2.139520 1.536367 0.200746 -0.288887 3.722446 -7.146127 -12.045498 1.791401 -8.401948 1.765279 7.279871 2.150699 -0.246643 -6.075455 -22.484968 -12.307283 23.598303 -6.676333 -20.527033 -2.038373
-12.521091 4.992616 -30.814085 0.731996 5.273388 -5.291748 -5.078419 -5.304130 1.672499 -17.013899 -0.203435 2.527946 -0.092559 0.971653 5.424760 -7.525210 -12.646650 2.502566 -10.042066 1.059544 5.654134 1.131468 2.265240 -8.472369 -23.613443 -11.450010 26.166208 -8.377300 -18.756849 -2.499145
-12.445624 6.733936 -30.721022 -0.132338 6.060250 -6.457972 -7.784499 -5.708597 -0.851705 -17.228529 -0.522261 2.507195 -0.021884 1.467476 6.128029 -7.364310 -12.101395 3.540102 -10.433522 0.839885 4.364717 -0.582099 4.004688 -8.391026 -23.369450 -11.409795 25.924622 -9.670358 -17.977221 -2.294998
-13.268690 8.109477 -29.601347 -2.050042 6.568201 -6.876578 -10.211177 -4.781441 -2.829914 -17.135008 -0.843603 1.903992 0.332874 1.775507 7.204918 -6.946674 -11.240643 4.634123 -10.867906 0.877709 4.111217 -3.891675 5.122487 -8.023360 -22.831625 -12.208318 24.818233 -12.313100 -16.824652 -0.799825
-14.181978 9.428619 -28.641394 -3.223878 6.566865 -6.383787 -11.624187 -3.993432 -4.629150 -16.687653 -1.056717 1.305700 1.103270 1.659640 8.038151 -6.389052 -10.614494 5.263622 -11.221820 1.222140 5.256030 -5.193349 5.939770 -6.493456 -23.115740 -12.231636 23.020880 -14.475652 -14.589493 -1.728178
-14.856971 11.708282 -27.512495 -4.204494 6.424119 -6.726393 -11.953164 -3.452200 -6.404735 -15.756886 -1.430389 0.736030 2.172258 1.338728 8.639864 -6.186564 -10.120493 5.552320 -11.278549 1.220098 6.360105 -5.215922 7.196795 -6.111470 -24.111315 -12.056280 21.231146 -15.794236 -12.576225 -2.234916
-15.472642 12.835332 -25.499836 -4.245275 4.503874 -6.304578 -11.934581 -1.797241 -6.783474 -15.239186 -1.575724 0.473312 3.139079 1.082909 9.326258 -5.284222 -9.392740 6.221543 -11.482200 1.481251 7.895457 -6.016343 6.205917 -4.964031 -24.583658 -12.902552 20.324839 -16.409227 -10.328159 -1.139142
-15.272117 12.681145 -24.099871 -4.012462 3.151266 -4.991325 -12.246157 -0.211583 -7.006163 -15.556801 -1.397532 0.557120 4.445419 0.933004 9.492646 -4.047150 -8.473413 6.754791 -12.187384 1.938858 8.560644 -5.959448 5.832536 -3.284915 -24.908651 -13.087082 19.668098 -17.444788 -8.824407 -0.040024
-14.604522 13.356549 -23.073484 -3.734204 1.682875 -3.002635 -11.878379 0.950887 -7.965669 -15.693553 -1.065005 0.441056 5.691155 0.643052 9.337322 -3.123225 -7.852441 6.755974 -12.690566 2.719053 9.070339 -6.544912 5.647001 -1.083121 -24.632505 -13.466211 18.100994 -19.283346 -8.079952 0.144255
-15.318625 13.146078 -21.942844 -2.817756 -0.096266 -0.884485 -11.783558 1.711238 -8.603050 -17.174414 -0.845332 0.157884 6.787482 0.188811 9.029919 -2.542065 -7.317847 6.351594 -13.082709 3.667990 10.483391 -6.270126 4.875167 0.528684 -24.992081 -14.560501 16.776842 -20.415281 -7.109818 1.267425
-15.856349 13.035500 -20.996248 -3.032655 -1.586884 1.675455 -12.687517 1.314348 -8.335373 -18.745424 -0.646313 -0.669854 7.963320 -0.096956 8.474144 -2.496647 -6.902947 5.520113 -13.400273 4.575409 12.512486 -5.538000 4.409959 2.929928 -25.086349 -15.563028 13.577439 -20.944176 -6.652862 1.833496
-15.947011 13.088013 -19.570692 -4.237928 -3.914021 5.046098 -13.958829 0.641417 -7.703426 -18.726873 -0.612992 -1.493984 8.751641 -0.354783 7.709290 -3.137462 -6.466331 4.147809 -13.486841 4.777466 14.496809 -4.362123 4.195193 5.535012 -25.500210 -16.001249 10.900400 -21.253281 -5.448442 2.904824
-16.207520 12.653875 -18.837996 -4.635518 -5.001945 5.959811 -14.811996 0.355658 -7.191170 -18.976946 -0.507137 -2.002111 9.431201 -0.354336 7.617970 -3.250150 -5.910096 3.325075 -13.583297 4.542066 16.655380 -3.736681 3.967271 7.257689 -26.060560 -16.207541 9.559989 -20.834330 -4.433073 3.799844
-19.936283 8.376028 -10.614312 -5.675559 3.336578 16.893953 -11.195329 1.673727 3.832311 -13.656799 6.644774 1.521654 5.937784 -0.069009 4.454453 -1.061901 -0.783260 0.800818 -10.603412 3.313360 3.597980 -4.413495 -2.973145 12.405553 -16.527407 -8.259190 -0.871244 -13.069165 -15.340699 5.188771
-20.502583 5.999372 -8.198171 -6.168920 6.427904 17.168596 -10.207265 3.021824 7.167634 -13.017594 7.554758 2.281566 4.771327 -0.019860 4.331265 -0.748441 0.058727 0.672575 -10.047754 2.887559 1.392162 -4.506676 -4.818283 11.903013 -15.688616 -7.582416 -2.661805 -10.520459 -17.365606 5.061572
18.930716 -6.212108 -4.572068 -26.168543 -12.268902 -13.629401 9.876711 -32.654163 5.947236 12.231033 -5.926905 -17.931461 19.637522 12.239430 0.973824 5.824860 -5.411533 -8.329829 7.420417 -1.904054 -9.956233 40.059170 8.816356 13.920385 7.066769 -18.434164 -3.791416 4.669473 36.920292 -6.381835
