-5.220421 23.875549 -18.080667 9.894057 -4.080652 0.392262 9.396237 10.925841 17.654116 4.776621 3.732117 -1.311623 -0.284157 -11.344357 0.672691 -0.062991 -5.316933 7.691728 -4.919626 -5.627067 4.130466 6.405046 7.387206 1.664553 2.286150 23.590876 -0.781739 -24.166433 -4.445007 20.006081
-5.177766 23.881516 -18.073488 9.922804 -4.062017 0.447462 9.447112 10.950425 17.629078 4.745420 3.739841 -1.350267 -0.288941 -11.358828 0.578341 -0.082795 -5.379827 7.708100 -4.998314 -5.518971 4.115004 6.437370 7.391501 1.627897 2.254124 23.616938 -0.826597 -24.174826 -4.432066 19.995848
-16.508396 20.795576 -4.809359 8.411091 3.672560 9.129235 11.832383 9.286960 21.966345 5.820501 5.411171 1.032935 -4.078264 -10.474635 -2.418642 0.278841 -0.915948 5.873764 -6.773164 -2.209060 -4.176154 0.959786 0.653726 2.871752 -0.585386 18.833590 -11.973026 -18.865238 -9.320523 22.727642
-17.144352 21.123627 -1.830186 8.721942 3.255345 8.664090 11.196457 9.501348 22.615187 7.049642 4.836038 0.907558 -5.229021 -10.605849 -2.690887 0.493429 0.621187 6.543807 -6.851049 -1.990249 -3.537520 -0.231673 -1.024943 0.989700 -0.105878 19.143000 -12.919034 -16.394648 -9.092358 25.296751
-18.493826 20.146858 0.886905 9.622008 4.704849 8.255598 10.979955 10.471215 22.832392 8.000454 5.211308 1.591414 -6.000255 -10.279531 -2.370304 1.312753 1.549006 7.592637 -7.187161 -1.554676 -3.057406 -1.449451 -2.843033 0.261594 0.020398 18.616842 -13.881328 -14.364600 -8.962117 27.612829
-20.281300 19.406445 3.441527 9.059577 4.765026 7.304248 10.613265 10.632997 22.108677 8.995805 5.320976 1.441509 -6.947060 -9.736782 -2.382235 1.009344 2.450372 8.367226 -7.179865 -1.318281 -1.823178 -3.678178 -5.016496 0.247119 0.782527 17.109766 -15.803539 -13.172589 -8.947355 28.530239
-22.104589 19.473494 5.759776 6.752556 4.094270 6.344617 9.228651 10.164027 21.010134 11.093662 5.561661 1.281080 -8.002380 -9.304287 -2.461573 0.806905 3.419062 9.185356 -6.506361 -0.909815 -0.919897 -7.338704 -6.889024 -1.137867 3.244827 15.930901 -16.576000 -14.056840 -9.094549 29.396351
-23.387106 20.869776 8.905724 4.178684 3.502256 5.334412 6.949636 10.533514 19.269278 13.363849 5.534098 0.032954 -9.624164 -8.995415 -2.083812 0.263963 4.296663 10.764046 -5.598490 -0.761182 0.667787 -11.155388 -8.183343 -4.563842 5.560835 15.172701 -15.314036 -13.376291 -8.127370 29.916540
-22.170837 22.301861 11.330626 2.210122 3.789279 2.746564 1.984576 12.678112 15.256436 16.099022 5.132111 -0.088743 -10.320065 -8.453534 -0.830688 -0.408217 6.115045 10.583284 -3.724963 -1.286398 -1.016660 -12.682663 -10.944118 -6.125196 5.214481 14.435102 -15.122239 -9.700817 -9.114949 30.741032
-20.000109 21.291718 13.036728 2.940089 3.360570 2.216279 -0.305897 14.198391 13.787465 16.236876 4.679879 -0.403531 -9.871213 -8.174772 -1.280481 -1.299506 6.724988 10.165945 -3.122185 -0.870165 -0.650841 -12.940537 -12.122749 -7.149432 4.184949 14.606341 -14.709786 -5.971931 -9.434994 31.149189
-17.789911 20.387682 13.838428 4.565948 3.007163 3.685513 -2.142904 15.628413 12.123624 15.555264 5.089482 -0.129821 -9.065813 -8.153108 -1.474256 -0.635084 7.610265 10.039516 -3.699286 -0.127440 2.204847 -12.353886 -12.449038 -6.542596 3.887310 14.316727 -14.824040 -3.917077 -8.253880 31.142788
-16.777225 18.519093 15.148063 5.970167 2.225715 6.659937 -0.925236 17.789461 10.892716 13.523004 5.532602 0.783192 -7.404786 -8.192348 -2.080891 0.469744 8.258070 10.052622 -4.801416 1.054736 5.933955 -10.060946 -14.062226 -6.548420 4.043880 14.115549 -17.978512 -4.324330 -7.495804 30.784843
-17.511185 16.615095 16.761898 5.834254 1.320982 9.026639 0.273328 19.196213 10.667731 10.439731 5.375639 0.370225 -4.746927 -8.897433 -3.253774 1.160919 8.577654 10.568809 -6.538727 2.635510 9.752432 -5.594579 -16.287958 -6.247687 2.912770 14.324272 -20.728451 -6.360409 -7.231664 29.721607
-17.591793 15.370753 17.092108 6.091437 1.393534 9.910348 1.174649 19.501682 10.764516 9.320412 5.636919 0.522155 -4.008524 -8.964506 -3.542021 1.437242 8.395149 10.716056 -6.840171 3.264177 11.363469 -4.374275 -17.018381 -6.296214 3.434359 14.708113 -21.579504 -7.222719 -7.313313 28.887310
-17.824890 15.141069 17.154058 6.036516 1.513846 10.033229 1.322607 19.564814 10.705159 8.992463 5.705417 0.406001 -3.803858 -8.941904 -3.474442 1.538126 8.469168 10.744656 -6.963244 3.325187 11.249827 -4.078750 -17.226242 -5.982800 3.115234 14.763062 -21.726034 -7.601730 -7.155550 28.611523
-17.772900 15.038363 17.175505 6.079967 1.426399 10.065863 1.398835 19.652815 10.738980 8.984331 5.725798 0.432358 -3.759013 -8.927780 -3.502719 1.523301 8.468851 10.756488 -6.952817 3.342406 11.330536 -4.146498 -17.234608 -6.026420 3.090851 14.776365 -21.785986 -7.617663 -7.069898 28.528042
-17.767746 15.058836 17.241045 6.007882 1.376314 10.048165 1.439290 19.700321 10.717666 8.972394 5.721655 0.417589 -3.771905 -8.933905 -3.506314 1.505179 8.486456 10.755569 -6.947678 3.324446 11.371699 -4.146276 -17.176867 -6.052143 3.066287 14.747215 -21.825010 -7.632041 -7.072167 28.555252
-17.811478 15.076183 17.236551 5.984517 1.396248 10.046317 1.424758 19.673582 10.724159 8.945935 5.733970 0.426784 -3.769867 -8.912427 -3.492119 1.507268 8.498705 10.760450 -6.963017 3.322342 11.321837 -4.124815 -17.217642 -6.068719 3.056782 14.767140 -21.842516 -7.578477 -7.141106 28.617266
-17.827034 15.106421 17.238964 5.964973 1.354946 10.012217 1.531057 19.663115 10.748773 8.975227 5.733452 0.435279 -3.775986 -8.921983 -3.497437 1.513253 8.488762 10.764641 -6.961425 3.325339 11.341672 -4.092936 -17.231432 -6.070060 3.043076 14.763460 -21.845385 -7.568904 -7.143711 28.585356
-17.809586 15.106035 17.228323 5.983348 1.373081 10.006904 1.536828 19.651505 10.732380 8.971839 5.734664 0.440090 -3.781801 -8.923794 -3.493904 1.521258 8.488783 10.771665 -6.966219 3.322955 11.344078 -4.110780 -17.221136 -6.070896 3.051726 14.758003 -21.826866 -7.556568 -7.140145 28.590378
-17.785286 15.093229 17.195843 5.992670 1.382488 9.991339 1.427101 19.671690 10.757289 8.969835 5.729669 0.443228 -3.768571 -8.914194 -3.517589 1.496621 8.485477 10.767414 -6.936938 3.331422 11.371159 -4.075145 -17.213255 -6.077702 3.068501 14.745422 -21.838442 -7.522328 -7.220706 28.576382
-19.166939 9.850602 15.790669 7.329683 6.596662 6.729031 2.752549 17.899187 10.681424 7.508394 6.822673 -0.184334 -3.262605 -6.713632 -2.743771 1.128736 8.933859 10.491161 -7.467834 4.556078 10.205108 -6.501264 -15.804942 -8.551945 3.741535 15.579879 -22.844515 -8.924859 -6.107672 20.598061
-19.287941 7.616051 15.086041 7.517944 7.333333 4.870014 4.015089 17.718449 11.132532 7.471178 7.094625 0.003389 -3.275718 -5.723198 -2.496831 0.579425 9.125063 9.914440 -7.067825 4.458632 9.846848 -7.620458 -16.009338 -8.631255 3.627308 15.531942 -22.350698 -8.358691 -5.472814 18.403227
-21.074177 4.520421 14.471796 7.809484 7.634298 0.902400 2.462859 18.374441 12.063847 9.031252 7.327281 0.321965 -4.570055 -4.070338 -1.456652 -0.767737 11.293184 8.528330 -5.589281 3.524173 4.955667 -10.603624 -15.878055 -4.681811 -0.508207 16.161177 -20.396029 -3.834628 -3.350321 14.195805
-21.156115 2.799120 13.321150 6.740541 7.321859 -1.261202 1.085523 18.190504 11.964968 10.054712 7.543559 0.103781 -5.207769 -3.154929 -1.258718 -1.613365 11.790462 7.783103 -5.024870 2.981528 4.145336 -12.213158 -16.403057 -4.040548 -0.716558 16.097765 -19.040354 -1.751679 -2.974762 11.974435
-21.907757 2.611512 13.534574 6.111418 6.779481 -1.735500 0.731149 17.958605 11.990150 10.289109 7.419938 0.074414 -5.417895 -3.164412 -1.041067 -1.802511 11.930157 7.777465 -4.621193 2.765482 3.418553 -12.626015 -16.594976 -2.886048 -2.191895 15.896090 -18.975718 -0.923284 -2.508046 11.586892
-22.616463 2.477826 13.774549 4.435087 6.202577 -2.261897 -0.211316 18.081602 12.139619 10.566325 7.095809 -0.092715 -5.242315 -2.951759 -0.469931 -2.161710 11.991596 7.906213 -4.321097 2.415980 3.571277 -13.374458 -17.260323 -1.278102 -2.444737 14.858742 -18.348406 -0.660637 -2.061548 12.147436
-22.672482 2.953235 13.949828 4.146069 5.737832 -1.726456 0.103954 17.688253 12.041335 10.903925 6.788847 -0.461316 -4.955214 -2.858549 -0.041736 -2.356338 11.988935 7.845955 -4.230940 2.234958 3.487463 -14.060778 -17.846434 -0.238796 -2.674186 13.829734 -17.421278 -0.065134 -2.090101 12.677876
-22.524288 2.618141 13.805890 4.485938 5.915761 -1.939668 -0.037329 17.964155 12.101937 10.620694 7.005336 -0.142334 -5.181090 -2.944775 -0.411919 -2.225027 11.938652 7.864797 -4.272591 2.429064 3.639663 -13.459990 -17.195999 -1.061511 -2.361995 14.797897 -18.069437 -0.534261 -2.019256 12.245154
-22.662693 2.976577 13.997010 4.107336 5.809616 -1.959047 0.055071 17.722679 12.011274 10.974254 6.778419 -0.428044 -5.056383 -2.871051 -0.138435 -2.433845 11.972509 7.811129 -4.205802 2.213807 3.540640 -14.151086 -17.795839 -0.474734 -2.551704 13.993790 -17.608021 -0.128658 -2.011323 12.740424
-22.725578 2.851054 13.898299 4.525845 6.012908 -1.828235 0.052946 17.815298 12.148312 10.802654 6.833864 -0.302769 -5.127787 -2.896922 -0.195262 -2.383250 11.934309 7.816479 -4.229403 2.303552 3.841375 -13.672059 -17.347450 -0.793767 -2.260962 14.486663 -18.128088 -0.245240 -2.001738 12.450961
-22.562607 3.005671 13.907578 4.206016 5.927778 -1.863214 0.130415 17.709272 12.090506 10.933995 6.790168 -0.382805 -5.046567 -2.888033 -0.156804 -2.396228 11.982136 7.831986 -4.198177 2.259395 3.551715 -14.160931 -17.861433 -0.436193 -2.512977 14.034170 -17.568487 -0.069879 -2.045469 12.829105
-22.842136 3.335037 14.055789 3.965865 5.287770 -1.929791 -0.278705 17.643759 12.110667 11.345352 6.575846 -0.701593 -4.866670 -2.828393 0.158872 -2.605739 12.144197 7.936492 -4.130533 2.012471 3.463256 -14.086439 -17.713869 0.454816 -2.886034 13.413225 -17.168119 -0.020826 -1.834624 13.360681
-23.037395 3.445448 14.249780 3.604636 5.189749 -1.435971 -0.351496 17.396509 12.051965 11.462587 6.390916 -0.875367 -4.749753 -2.766885 0.398309 -2.923887 12.320450 8.049465 -3.986780 1.808696 3.153369 -14.556624 -17.901537 1.460665 -3.243696 12.743683 -17.068731 0.372227 -1.766248 13.772321
-22.739872 3.155061 14.022080 4.025983 5.459391 -1.782040 -0.129964 17.659731 12.025846 11.161226 6.726615 -0.562822 -4.949983 -2.795267 0.159401 -2.468651 12.123819 7.957955 -4.234278 2.137459 3.490340 -14.030422 -17.680826 0.137752 -2.774800 13.616402 -17.362234 -0.024516 -1.934466 13.017581
-22.976322 3.327587 14.235630 3.654876 5.233643 -1.699895 -0.318481 17.562933 12.148179 11.375006 6.435332 -0.813554 -4.732345 -2.723903 0.291107 -2.802552 12.216278 7.992848 -4.153932 1.874937 3.355474 -14.310024 -17.901234 1.112044 -3.412044 12.952557 -16.959829 0.253748 -1.741171 13.407734
-22.960560 3.468898 14.242836 3.604958 5.189715 -1.369947 -0.354884 17.413767 12.011959 11.434080 6.392546 -0.894829 -4.731803 -2.759307 0.371121 -2.890793 12.283966 8.019780 -4.066601 1.821224 3.163107 -14.530708 -17.964098 1.435175 -3.265083 12.762582 -17.057127 0.396452 -1.790239 13.700801
-23.107866 3.516632 14.402419 3.529404 5.021206 -1.174956 -0.404799 17.432859 12.060157 11.419431 6.372504 -0.786374 -4.785772 -2.663132 0.477636 -2.874875 12.325035 8.009084 -4.038666 1.733084 3.125085 -14.486601 -18.156006 1.537817 -3.443235 12.655313 -16.764174 0.486996 -1.652580 13.733916
-22.919600 3.313199 14.261982 3.649914 5.248824 -1.670081 -0.377328 17.605862 12.159503 11.335428 6.454600 -0.816446 -4.762213 -2.720362 0.283481 -2.788652 12.202333 7.973276 -4.169894 1.855983 3.402784 -14.307868 -17.925232 1.097030 -3.414618 12.921026 -16.962408 0.309586 -1.679699 13.384223
-23.207336 3.046881 14.283473 3.505473 4.973607 -1.384659 -0.304682 17.560770 12.243035 11.269251 6.379989 -0.842711 -4.816551 -2.697328 0.460151 -2.858294 12.328861 8.028518 -4.034087 1.715556 3.218817 -14.356748 -18.069307 1.514112 -3.488338 12.731787 -16.963739 0.445794 -1.632229 13.450260
