1.463257 25.664793 -10.632529 2.900074 4.032757 -4.890551 11.624910 14.117859 20.568087 -3.884805 3.083344 8.284942 5.256828 -8.970087 0.679640 -3.564703 -0.387718 5.288944 1.835358 -10.419249 4.368509 6.319766 7.515607 1.418022 2.544845 23.745653 -0.577974 -24.500244 -4.270535 20.067410
1.510609 25.664970 -10.605096 2.940419 4.099657 -4.845304 11.676786 14.122573 20.553308 -3.985823 3.119386 8.334906 5.244648 -8.960415 0.661152 -3.531586 -0.407722 5.296336 1.839729 -10.403784 4.683056 6.342919 7.474996 1.022348 3.025845 23.934496 -0.531606 -24.793222 -4.355111 20.144989
0.337770 23.182232 -11.713067 2.381498 1.033327 -1.928794 10.122396 14.193875 20.802143 -4.282081 3.567954 8.390282 5.596025 -8.218152 0.892859 -3.829268 -0.829142 4.777484 1.815056 -10.049835 5.581497 5.569949 7.088349 1.884184 4.191560 22.927038 0.669201 -23.168592 -6.332291 19.642979
1.163821 24.297211 -10.773179 2.474514 2.246071 -2.537787 11.291699 14.352078 20.555744 -4.749026 3.458845 8.490784 5.432852 -8.416044 0.870310 -3.662200 -0.760872 4.983910 1.818873 -10.286616 5.354286 6.577533 7.370076 1.670913 3.861502 23.435301 -0.272883 -23.752836 -5.960939 19.733332
0.934342 23.456367 -11.092779 1.713295 0.269373 -0.068510 11.623689 13.956653 20.039799 -5.305077 3.784420 8.727165 5.736285 -8.011548 1.081151 -3.489358 -1.040394 4.647316 1.678329 -10.154613 6.273785 7.327034 7.225761 2.703911 4.688650 23.327600 -0.409051 -22.706907 -7.422093 19.476528
0.749008 22.417034 -11.384369 1.276345 -1.134730 1.463676 11.724968 14.045556 19.672106 -5.851090 4.193975 9.255930 6.184771 -7.434597 1.650189 -3.035286 -1.356219 4.669009 1.688855 -9.696229 6.881927 8.007496 7.304358 3.154338 5.164218 22.975420 -0.573285 -22.124708 -8.655283 18.893543
0.569631 21.819695 -11.428525 0.965280 -2.153872 2.929649 12.173095 13.889220 19.310303 -6.278446 4.498260 9.592887 6.409377 -7.105987 1.841714 -2.699267 -1.614887 4.737097 1.486596 -9.383854 7.536135 8.983490 7.363268 3.789901 5.576611 23.029192 -1.193362 -21.620192 -9.612740 18.223909
0.971395 21.316383 -11.284635 0.954510 -2.476410 4.184155 13.276484 13.824807 19.087658 -7.132865 4.716840 9.979593 6.378700 -6.814845 2.183900 -2.498476 -1.783207 4.955738 1.534071 -9.351634 8.232020 9.802864 7.409560 3.960573 5.680378 22.758392 -1.738166 -21.119806 -10.568731 17.628954
1.421392 20.662075 -11.368856 1.185063 -2.880148 5.214583 14.219604 13.764676 19.099768 -7.846761 4.899248 10.181783 6.419144 -6.494473 2.516489 -2.433886 -1.954390 4.996819 1.581274 -9.360792 8.766396 9.755029 7.429270 4.775286 6.494424 22.647322 -1.893850 -20.539854 -11.538485 17.265280
1.931159 20.105160 -11.343251 1.292641 -2.938744 5.831099 14.870834 13.702762 19.225233 -8.500990 5.021727 10.726803 6.125779 -6.431682 2.671504 -2.511353 -2.083226 4.704293 1.978941 -9.552054 9.219332 9.785490 7.543442 5.208005 7.089886 22.479740 -1.728649 -19.860495 -12.336084 17.080315
2.902115 19.310965 -11.432754 1.610541 -2.594868 6.539055 15.550530 13.614469 19.851973 -9.495808 5.118023 11.089705 5.879588 -6.362162 2.722031 -2.822386 -2.184420 4.010036 2.434179 -9.701783 9.640499 8.967641 7.373870 5.948596 8.070971 22.063250 -1.125614 -19.172537 -13.166281 17.386765
3.367938 18.572824 -11.744761 2.000359 -1.779166 6.275837 15.694472 13.517076 20.650454 -10.098478 5.162213 11.287770 5.818499 -6.281679 2.690881 -3.093589 -2.221302 3.313815 2.722104 -9.969028 10.170605 7.873884 7.071983 6.855531 8.732142 21.780952 -0.398773 -18.668293 -13.316748 18.095127
4.016549 17.461052 -12.021715 2.245907 -0.894120 5.655704 15.362685 13.675870 21.768957 -10.836645 5.239401 11.500155 6.106413 -6.292395 2.754795 -3.063200 -2.221991 2.631942 3.028143 -9.953861 10.629012 6.936253 7.070420 7.319197 9.149967 21.593014 0.453512 -17.965807 -13.427728 18.819174
4.479819 16.599026 -12.353868 2.403240 0.850417 4.106640 14.965206 13.845076 22.974609 -11.514515 5.314523 11.653225 6.417416 -6.241182 2.806077 -3.063685 -2.109640 2.004856 3.213910 -9.883804 11.125277 5.940168 6.842652 7.881620 9.955945 21.549120 1.586623 -16.935753 -13.838213 19.139669
4.622830 16.179243 -12.334666 2.149537 2.283374 2.706747 14.328252 14.107696 23.800585 -11.963740 5.386095 11.620753 6.898597 -6.291394 2.785642 -3.171520 -1.809895 1.233201 3.396197 -9.830597 11.646705 4.969516 6.841356 8.012120 10.567177 21.503258 2.677719 -15.913951 -14.222553 19.272373
4.595538 16.093487 -12.213056 1.645360 3.513136 1.040881 13.574723 14.694177 24.429831 -12.173184 5.382588 11.300283 7.604243 -6.374206 2.864501 -3.113159 -1.586612 0.991318 3.331975 -9.484785 11.850526 4.552494 6.625360 8.468463 11.288443 21.891897 3.483160 -14.979420 -14.793015 19.345490
4.467362 16.093388 -12.309304 1.015235 4.425603 -0.412775 12.596154 15.110305 24.855900 -12.095467 5.388887 10.889265 8.428786 -6.378626 3.014555 -3.080635 -1.301863 0.831744 3.266856 -9.090969 11.794648 4.013062 6.536264 8.574777 11.990191 22.278566 4.525372 -14.133651 -15.275245 19.164019
4.098506 16.338585 -12.663955 0.630841 5.340434 -1.924616 11.683508 15.434335 25.221039 -11.773670 5.317775 10.485802 9.115272 -6.469609 3.147751 -3.011124 -0.978813 1.046534 3.146957 -8.720503 11.822822 3.354157 6.653788 8.781946 12.660618 22.535147 5.283483 -13.328782 -15.729944 18.979248
3.422629 16.514252 -12.648503 0.365096 6.370308 -3.042670 11.569012 15.506594 25.302710 -11.623939 5.283386 10.194546 9.816087 -6.517093 3.173252 -2.936707 -0.686056 1.194163 3.025584 -8.182270 11.511227 2.273942 6.707381 8.728765 13.203492 22.577766 6.188715 -13.170769 -15.995783 18.569695
2.571404 17.069263 -12.376279 0.321397 7.236468 -4.214727 11.036935 15.690961 25.494387 -11.139278 5.184948 9.632608 9.852128 -6.847710 3.539994 -2.605905 -0.670586 1.521188 2.904561 -7.659174 11.127290 1.307807 6.722056 8.832047 13.794850 22.508799 6.785655 -13.102870 -16.309368 18.380568
2.296764 17.120003 -12.254057 0.083868 7.301931 -4.420166 11.043311 15.555986 25.195738 -11.005560 5.269933 9.580564 9.983300 -6.830507 3.567933 -2.530927 -0.633049 1.538705 2.763305 -7.417261 11.079273 0.692682 6.720490 8.852889 14.107649 22.441587 6.992223 -13.001740 -16.332151 18.125090
2.154006 17.371704 -12.260739 0.008454 7.423681 -4.559278 11.111155 15.432136 25.054552 -10.823539 5.245584 9.636936 9.891353 -6.854710 3.584902 -2.481986 -0.615919 1.620603 2.777151 -7.482452 11.015388 0.648414 6.645517 8.845013 14.103579 22.368469 7.043710 -13.063573 -16.303701 18.159859
3.672326 16.674129 -13.938178 0.389782 4.423874 -1.974696 11.799825 13.877458 24.626448 -10.481714 5.240138 9.855832 8.450691 -6.360461 2.956357 -3.345359 -1.410983 1.071925 2.790587 -9.074365 10.575666 2.885306 7.012113 6.805865 12.011663 22.280790 6.548077 -13.611367 -15.277429 19.125526
4.096138 19.224804 -15.301140 -0.564924 -0.359453 0.812875 12.683893 11.587308 21.429098 -7.828038 5.138273 9.756411 5.748510 -5.887839 2.176534 -4.267780 -3.359340 1.973956 2.283405 -10.357594 8.712230 5.324975 8.047833 1.894073 8.069644 21.105562 5.281149 -16.032251 -14.334381 18.594168
4.035097 20.561985 -15.411901 -2.113831 -2.408602 0.761826 10.544316 12.171973 20.670137 -6.858730 5.163763 9.066041 5.892962 -5.595956 2.111522 -4.459213 -3.623030 2.338971 1.779745 -10.065890 8.120809 5.341724 8.876548 0.303407 6.889276 20.888140 5.098228 -17.171669 -14.110867 17.394300
3.524918 21.484268 -15.859589 -3.174065 -4.466645 0.921386 8.018152 12.918340 20.253597 -5.990883 5.267909 8.617992 5.787379 -5.413366 1.545103 -4.616232 -3.931581 2.567865 1.045333 -9.722061 7.641217 4.625434 9.469504 -0.996375 6.243014 21.111258 5.160436 -17.834309 -13.864682 15.775947
2.547000 21.785631 -15.886249 -3.582685 -5.320333 0.699218 6.879898 12.993242 19.711802 -5.198992 5.297432 8.317555 5.882354 -5.363887 1.336347 -4.686542 -3.893196 2.711281 0.745753 -9.369928 7.613631 3.806111 9.165442 -1.658350 5.784215 20.572409 5.828193 -18.091616 -13.409002 15.742743
1.529378 22.520435 -15.435225 -4.575003 -6.598384 0.924922 5.592473 12.601150 18.751867 -4.018003 5.248946 8.123718 5.256711 -5.343926 0.504356 -5.176137 -3.946619 2.614042 0.329825 -9.474607 7.265127 2.847564 8.631590 -2.611846 5.266379 19.258944 7.044354 -18.531420 -12.916635 16.732025
0.995928 24.142857 -15.471641 -5.097959 -8.984592 3.417977 5.872221 10.679672 17.321007 -2.504852 5.210563 8.479291 4.227836 -5.979138 -0.595672 -5.218825 -4.166670 2.703507 0.008417 -9.408699 7.601289 1.649578 8.000242 -3.266689 3.953388 17.324049 7.966439 -19.673161 -12.262707 18.522602
0.544415 24.406996 -15.231921 -6.193339 -11.361136 5.461620 6.225915 10.049925 16.045109 -2.166326 5.053936 8.105854 4.007552 -5.905869 -0.823865 -5.504862 -4.212074 2.818244 -0.158029 -9.510981 7.612648 1.129159 8.386354 -3.910091 3.503865 16.544340 8.408425 -19.986917 -12.398560 18.611507
0.588860 24.511087 -15.183482 -6.156677 -11.310358 5.418951 6.334428 10.031324 16.029182 -2.154581 5.057022 8.130174 4.008216 -5.913342 -0.765938 -5.446384 -4.203389 2.872635 -0.141476 -9.497190 7.555151 1.115310 8.392460 -3.909096 3.476346 16.573511 8.405551 -20.028376 -12.422773 18.668026
0.632127 24.378685 -15.193982 -6.085507 -11.201731 5.399485 6.179023 10.056472 16.056015 -2.146541 5.058155 8.133449 3.978106 -5.958938 -0.845714 -5.493034 -4.192262 2.810341 -0.145477 -9.496817 7.547618 1.157107 8.303694 -3.960109 3.500976 16.507109 8.417820 -20.017063 -12.419188 18.610392
0.603085 24.541401 -15.225503 -6.020202 -11.189064 5.306147 6.196722 10.043647 16.209692 -2.077325 5.066561 8.193998 4.006773 -5.990661 -0.841186 -5.448023 -4.222472 2.824755 -0.110750 -9.435972 7.520869 1.087080 8.293668 -3.886369 3.514559 16.518061 8.408652 -20.029818 -12.453873 18.729725
0.563105 24.613211 -15.287258 -6.047420 -11.134071 5.228234 6.116506 10.003801 16.199800 -2.022847 5.071750 8.213999 3.977255 -6.004420 -0.866967 -5.462998 -4.233932 2.817750 -0.110566 -9.453533 7.475614 1.006878 8.422771 -3.925542 3.565660 16.558447 8.429720 -20.035028 -12.464072 18.705379
0.529392 24.591469 -15.246202 -6.033439 -10.916698 5.082197 6.158147 10.059182 16.269745 -2.101566 5.065354 8.227783 3.985769 -5.993135 -0.833245 -5.446367 -4.236540 2.842114 -0.094559 -9.463852 7.580570 1.108673 8.430676 -3.779574 3.461990 16.566912 8.141904 -20.166620 -12.241891 18.771870
0.647319 24.622427 -15.238791 -5.779094 -10.807926 5.164807 6.301185 10.077075 16.428572 -2.166889 5.091094 8.272245 4.013301 -5.969926 -0.807657 -5.397061 -4.240114 2.811427 -0.099117 -9.445023 7.512146 0.988225 8.347634 -3.738712 3.539293 16.719658 8.291151 -20.149488 -12.127852 18.825476
0.743526 24.622206 -15.172387 -5.698441 -10.655154 5.189810 6.534344 10.078604 16.435036 -2.278229 5.101717 8.314287 3.990998 -5.992834 -0.807866 -5.330559 -4.237331 2.829075 -0.114055 -9.424494 7.571311 0.962732 8.215142 -3.693776 3.480051 16.590221 8.386055 -20.172394 -12.088373 18.949406
0.741666 24.728979 -15.170507 -5.515431 -10.463406 5.039817 6.585146 10.099915 16.435705 -2.184104 5.131899 8.379754 4.025821 -5.970952 -0.847398 -5.359681 -4.262601 2.741133 -0.099326 -9.414064 7.469323 1.045214 8.144700 -3.561395 3.616231 16.825731 8.328034 -20.139189 -12.107664 18.861485
0.819780 24.727417 -15.203587 -5.471336 -10.353350 4.945407 6.664424 10.065954 16.453798 -2.218399 5.134990 8.371639 4.047872 -5.954175 -0.781735 -5.348419 -4.264127 2.762160 -0.081274 -9.390158 7.423754 1.083576 8.147590 -3.637524 3.581950 16.842558 8.414083 -20.107080 -12.112212 18.902531
0.594446 24.591476 -15.203823 -6.006517 -11.348595 5.450456 6.368504 10.020907 16.021307 -2.028136 5.062841 8.125475 4.016738 -5.906216 -0.821746 -5.508332 -4.228811 2.779152 -0.150040 -9.505327 7.447240 1.003320 8.374763 -3.948805 3.528723 16.451277 8.407713 -20.139168 -12.420210 18.638586
0.630598 24.497089 -15.315289 -6.098613 -11.310233 5.405429 6.023327 9.994641 16.058578 -2.002731 5.016443 8.406590 4.259240 -5.851320 -1.079166 -5.729447 -4.151850 2.835227 -0.036052 -9.501174 7.554870 1.105875 8.271352 -3.826322 3.521353 16.535723 8.380590 -20.082180 -12.389869 18.588894
1.161238 24.776808 -15.131904 -5.970944 -10.677894 5.827374 5.392305 10.142547 15.368394 -2.006938 5.006610 8.386843 4.268946 -5.881743 -1.048705 -5.720748 -4.138331 2.862922 -0.008246 -9.498138 7.529524 1.165235 8.282762 -3.803452 3.484312 16.472744 8.304667 -20.109819 -12.409702 18.830820
-0.691040 24.252401 -15.495435 -7.449716 -11.955084 6.444595 5.457674 9.575141 13.309443 -1.103599 4.747887 6.975091 4.702777 -5.235070 -0.987507 -6.502035 -4.259109 2.946468 -0.357863 -9.623746 7.824052 2.606681 8.812807 -4.712443 2.952716 15.692917 7.761134 -20.263777 -13.135683 17.034916
-3.178926 23.669502 -15.128362 -9.759652 -12.317214 6.616992 7.252236 9.096737 11.858096 -1.593423 4.676871 5.487347 5.020863 -5.036591 -0.101920 -6.201732 -4.717097 3.314783 -0.813127 -9.594402 7.160179 4.255390 9.527160 -6.351065 2.010251 15.624731 7.284266 -20.249537 -13.433084 15.126432
-4.100345 23.506638 -15.264191 -10.945738 -10.867481 6.215908 6.134095 9.090339 9.857232 -1.396900 4.492015 4.675024 5.600403 -4.365251 0.102639 -6.754486 -4.370333 3.592880 -1.094526 -10.327084 6.771684 4.747356 10.892026 -6.930019 2.433830 16.089296 6.741602 -20.703964 -13.751671 12.385968
-4.065622 23.242386 -16.335440 -13.064597 -9.882824 5.544139 3.721469 9.130939 7.854244 -1.109441 4.387948 3.839659 6.060469 -3.584121 0.242895 -8.088383 -4.028229 3.428233 -0.965295 -11.265215 5.219179 4.718106 11.657860 -8.344857 2.620258 16.361891 6.691057 -21.236479 -14.700996 9.696212
-4.506257 22.606895 -17.342920 -14.680843 -9.026327 3.904974 4.044213 8.275050 7.603879 -1.023285 4.232901 2.742708 5.899779 -3.221837 0.950944 -8.579928 -4.115221 3.698788 -0.904250 -11.531404 4.355249 6.333631 11.197282 -8.796096 2.566416 16.322084 6.518296 -21.839857 -15.566858 7.483307
-5.215055 22.752987 -17.743746 -16.736628 -10.027346 3.388631 5.047494 7.682859 7.599040 -1.073198 4.170580 1.942862 6.602102 -2.450722 1.513036 -8.628586 -3.973152 3.991131 -1.348003 -11.819242 4.030535 9.055208 10.903319 -9.016648 2.352039 16.597198 4.682597 -22.329784 -16.354996 5.283182
-5.260536 22.810556 -18.705374 -18.073118 -10.351217 2.642148 5.587229 6.916378 7.206863 -0.962950 4.301881 1.446020 7.213065 -1.872565 1.901922 -8.456239 -3.644178 4.599550 -1.969006 -12.190135 3.049786 10.283611 11.249553 -8.875421 2.242605 17.251116 2.893252 -24.319315 -16.864664 2.434915
-4.822470 22.554985 -19.679808 -18.824907 -10.340834 1.316419 6.249641 6.061627 7.058818 -0.643894 4.196962 1.223398 6.749855 -1.640940 2.407184 -8.411889 -2.913548 5.702264 -2.071353 -12.431519 1.190591 10.074130 10.708089 -9.292493 2.541888 17.520384 2.493502 -26.158022 -16.805859 1.058952
-4.186051 23.261711 -19.909773 -19.601938 -10.391403 0.340380 6.919541 4.762569 6.481008 0.092953 4.140941 0.869206 6.519799 -1.152485 2.679932 -8.860810 -2.740152 6.099691 -2.065557 -12.843854 -0.103184 11.855362 9.861587 -9.325170 2.501034 17.784639 1.338871 -26.341145 -17.785141 0.173564
-4.027100 24.235958 -20.539873 -20.055796 -11.018360 0.614521 8.228646 3.147096 6.015472 0.678899 4.315350 1.010175 6.336664 -0.651526 3.032862 -8.627590 -3.210084 7.038569 -2.252564 -12.759497 -0.792747 14.085060 9.532630 -9.233320 2.259951 17.044567 0.534989 -26.819918 -18.158495 -0.188863
-4.312931 24.678137 -20.648645 -21.035521 -10.990605 0.904081 10.850898 1.243366 5.470984 0.717220 4.399380 1.820991 5.837437 -0.702304 3.388865 -7.566793 -3.252964 7.910319 -2.255039 -12.611633 -0.924180 13.780933 10.627330 -7.740023 2.474633 15.910476 1.252057 -29.167852 -16.539194 -0.129943
-4.374235 24.488220 -20.895319 -21.607912 -8.857725 -0.131060 11.301129 -0.003079 5.024040 1.026769 4.589443 2.463413 5.586026 -0.769533 3.674156 -6.337070 -3.231376 8.738718 -2.700226 -12.595222 -0.740320 12.164930 11.404128 -5.348252 3.191721 15.762655 2.548262 -31.312017 -13.387129 1.061777
-4.864064 24.508984 -22.227234 -21.463713 -6.381491 -2.760450 10.493857 -1.259913 6.216678 1.885348 4.316797 2.790164 5.234311 -0.286688 3.695945 -6.586092 -3.533227 9.432952 -2.506855 -12.931805 -1.299945 14.021832 10.877616 -3.914546 3.587894 17.005011 0.640525 -31.874216 -12.993917 0.823947
-4.776646 23.888634 -23.568369 -22.872557 -5.152678 -4.840523 9.049065 -2.188476 6.521696 2.563272 4.259821 2.171716 4.996175 0.682438 3.894979 -7.421793 -4.081766 9.601336 -2.438063 -13.412974 -1.320733 17.909414 9.714076 -3.260685 4.251725 17.545450 -2.080530 -30.555574 -14.743096 1.509981
-4.781947 23.770184 -23.902002 -22.953527 -4.617382 -5.368911 8.450315 -2.229458 7.068461 2.416941 4.249429 2.014398 5.203431 0.754022 3.962767 -7.421672 -4.232318 9.682606 -2.466916 -13.222799 -1.024040 18.315380 9.645098 -2.792785 4.498244 17.713923 -2.343804 -30.438921 -14.867536 1.625515
-5.007627 23.851694 -24.590622 -21.831476 -4.007030 -5.257701 9.118328 -2.178472 7.085592 2.205157 4.228656 1.679100 4.998211 0.372564 4.289021 -7.039147 -4.852294 9.507000 -2.258876 -12.652048 -1.347471 16.721094 9.703888 -2.591193 4.978080 18.581812 -1.783523 -30.009470 -14.716327 1.566963
-4.659719 23.272030 -25.279467 -22.187462 -2.352796 -6.911616 8.293904 -2.219287 7.392287 1.889179 3.875215 1.458738 5.465305 0.996981 4.338607 -7.873142 -4.859861 9.607092 -1.761248 -12.909561 -0.733023 18.413744 9.171024 -1.004376 5.762271 18.634947 -2.902009 -29.346746 -15.480268 2.409484
-4.489199 23.266529 -25.189041 -22.392548 -2.330934 -6.651949 8.116179 -2.260927 7.343312 1.746383 3.916536 1.354905 5.532714 1.088078 4.249881 -7.973961 -4.899155 9.629974 -1.867198 -12.866262 -0.663749 18.432573 9.344177 -1.108507 5.715281 18.478107 -2.967540 -29.381689 -15.555204 2.215174
