10.360689 29.537327 -6.594419 6.476478 14.133831 4.104619 -1.315893 14.060577 1.000715 -7.269312 -3.558412 6.387460 -0.530103 -9.653941 9.831493 0.018977 -1.791934 -0.147452 -5.019220 -6.144557 -2.865253 15.773216 -15.045373 15.304251 -15.219810 18.866671 10.588315 -13.236402 0.065116 8.713862
10.493505 29.549232 -6.414211 6.391592 14.319164 4.105157 -1.259335 14.148776 1.029426 -7.518185 -3.535410 6.425794 -0.548742 -9.654036 9.835975 0.062708 -1.811965 -0.169100 -5.020741 -6.124761 -2.861963 15.939831 -15.421456 15.303077 -15.297455 18.872608 10.619372 -13.258950 0.080515 8.501153
8.653451 30.902657 -11.230316 -2.926220 20.025354 -1.751283 0.336724 8.048798 -1.687453 -6.835520 -2.063980 9.430069 -3.719822 -4.383449 12.293583 -1.873182 -5.222914 0.732959 -3.784258 -8.272714 -13.607245 9.611304 -14.985395 14.284152 -8.026804 21.629469 20.452723 -13.526355 -5.287869 4.185346
7.848608 31.362867 -11.405992 -3.829561 20.794949 -2.992442 0.380940 6.762845 -1.834896 -6.541273 -1.816993 9.879792 -4.368274 -3.739003 12.137114 -1.808933 -4.983281 0.947285 -4.313439 -8.838381 -15.522242 10.340866 -15.387280 12.687577 -8.056700 21.275211 20.734480 -13.897726 -6.374116 3.999222
7.579179 31.912178 -12.315114 -4.058560 21.455561 -3.980323 0.698629 5.541527 -2.213656 -5.914449 -1.771249 9.957710 -5.040201 -3.312096 11.937005 -1.926605 -5.351919 1.423861 -4.576097 -9.374236 -17.097166 10.913660 -15.537781 11.442388 -8.296725 20.720316 21.230415 -14.338212 -7.171365 3.899068
7.503566 32.000713 -12.537589 -4.161506 21.775013 -4.186471 0.804890 5.143983 -2.289940 -5.839058 -1.828797 10.028841 -5.376116 -3.180201 11.938097 -2.044499 -5.496575 1.545765 -4.530791 -9.672915 -17.434786 10.860949 -15.615649 11.136986 -8.221784 20.636862 21.414637 -14.292298 -7.461153 3.996840
7.327598 32.203468 -12.728467 -4.301273 22.263271 -4.625193 0.874834 4.757562 -2.391459 -5.675226 -1.797938 10.070017 -5.463643 -3.186077 11.906860 -2.074134 -5.572761 1.525477 -4.483657 -9.704426 -17.789854 10.730142 -15.682029 10.901277 -8.167662 20.559315 21.634626 -14.331626 -7.692555 4.204798
7.225788 32.286682 -12.806726 -4.388139 22.468943 -4.789598 0.924770 4.581148 -2.435359 -5.625506 -1.833357 10.078647 -5.527300 -3.166548 11.918764 -2.076893 -5.529288 1.542344 -4.482168 -9.820463 -17.708891 10.667757 -15.674517 10.813308 -8.106323 20.446123 21.716484 -14.174899 -8.009077 4.237896
7.263079 32.230972 -12.827685 -4.393009 22.404497 -4.726509 0.895361 4.624851 -2.409723 -5.663935 -1.818956 10.084259 -5.534707 -3.153810 11.922253 -2.090866 -5.560005 1.545328 -4.471533 -9.791761 -17.835899 10.708098 -15.695046 10.829015 -8.118631 20.505522 21.706099 -14.257947 -7.858559 4.243598
7.288969 32.236809 -12.752868 -4.345974 22.355165 -4.663998 0.913298 4.672535 -2.409581 -5.665866 -1.818484 10.078770 -5.515632 -3.163511 11.915151 -2.088227 -5.563107 1.543772 -4.472923 -9.761610 -17.782648 10.693409 -15.674996 10.879249 -8.145035 20.502724 21.679541 -14.320234 -7.770871 4.188078
7.288989 32.236744 -12.752711 -4.345665 22.354916 -4.664023 0.913037 4.672940 -2.409424 -5.665730 -1.818494 10.078703 -5.515911 -3.163200 11.915509 -2.088288 -5.563096 1.544267 -4.473095 -9.761904 -17.784138 10.693007 -15.675174 10.878503 -8.145044 20.502626 21.680120 -14.320863 -7.770677 4.188411
7.277168 32.239639 -12.761821 -4.351468 22.367964 -4.679621 0.912426 4.651372 -2.416592 -5.675990 -1.816382 10.077856 -5.513870 -3.163425 11.914688 -2.087319 -5.562551 1.541157 -4.474142 -9.762890 -17.798483 10.692626 -15.680525 10.872638 -8.141859 20.503157 21.679747 -14.320548 -7.781482 4.195195
7.286336 32.237701 -12.751876 -4.340627 22.350851 -4.667339 0.908622 4.666800 -2.414556 -5.676402 -1.818222 10.078796 -5.515585 -3.163396 11.915188 -2.088198 -5.563412 1.543783 -4.472937 -9.761314 -17.786108 10.692162 -15.677356 10.879347 -8.145026 20.501528 21.677095 -14.321111 -7.772535 4.187600
7.271342 32.241272 -12.765222 -4.356102 22.379271 -4.686622 0.919094 4.643520 -2.418198 -5.675671 -1.815899 10.076881 -5.511870 -3.164410 11.913736 -2.087489 -5.562555 1.539507 -4.474938 -9.761433 -17.803282 10.685596 -15.677614 10.869531 -8.146602 20.503077 21.682692 -14.331527 -7.776756 4.187492
7.275738 32.244129 -12.754315 -4.351568 22.382601 -4.671078 0.905289 4.652586 -2.425062 -5.676552 -1.812852 10.064947 -5.524565 -3.173340 11.924938 -2.073936 -5.566775 1.540885 -4.475829 -9.756663 -17.769270 10.823431 -16.074377 10.913239 -8.189602 20.471363 21.761095 -14.324606 -7.779861 3.993529
7.284168 32.233780 -12.779096 -4.354422 22.369781 -4.680778 0.885160 4.657046 -2.422981 -5.675539 -1.817338 10.064981 -5.535576 -3.165147 11.931316 -2.079370 -5.557793 1.542456 -4.481409 -9.781572 -17.752213 10.831915 -16.075293 10.923699 -8.183637 20.481798 21.751560 -14.301037 -7.788467 4.002872
7.286016 32.229317 -12.786023 -4.354142 22.354616 -4.688785 0.892527 4.656131 -2.414496 -5.675119 -1.820859 10.077904 -5.524691 -3.155246 11.921009 -2.092554 -5.553277 1.542602 -4.480038 -9.788257 -17.781395 10.700983 -15.681142 10.883613 -8.135987 20.513643 21.669924 -14.297959 -7.789947 4.203273
7.276595 32.230793 -12.795476 -4.364724 22.371519 -4.701420 0.898067 4.641016 -2.416903 -5.674424 -1.819061 10.080650 -5.522460 -3.155651 11.917759 -2.093210 -5.552297 1.539632 -4.480310 -9.790366 -17.793497 10.701318 -15.684248 10.877637 -8.132545 20.515446 21.672201 -14.298024 -7.799318 4.210300
7.284328 32.228535 -12.786721 -4.354283 22.352381 -4.691183 0.894544 4.655995 -2.411305 -5.675191 -1.820989 10.080160 -5.524160 -3.155798 11.918922 -2.093872 -5.553140 1.542376 -4.479489 -9.787355 -17.781015 10.700906 -15.680990 10.884061 -8.136195 20.513754 21.669653 -14.298408 -7.789220 4.202929
7.282260 32.233719 -12.779322 -4.353959 22.367056 -4.684180 0.887193 4.657237 -2.419957 -5.675048 -1.817199 10.067558 -5.535714 -3.164824 11.929577 -2.081065 -5.557462 1.542947 -4.481095 -9.781413 -17.755600 10.832085 -16.075747 10.922012 -8.181955 20.481052 21.752905 -14.300436 -7.792666 4.004462
7.281875 32.232323 -12.779847 -4.355242 22.367317 -4.683686 0.887717 4.657151 -2.419051 -5.676154 -1.817677 10.066774 -5.535593 -3.165337 11.929918 -2.080274 -5.557683 1.542034 -4.480977 -9.781910 -17.752771 10.831497 -16.075277 10.923734 -8.183578 20.481743 21.751516 -14.301633 -7.788035 4.002740
7.266644 32.234505 -12.794021 -4.370823 22.395960 -4.701901 0.898124 4.634253 -2.422946 -5.676427 -1.815389 10.064974 -5.531906 -3.166592 11.928293 -2.079413 -5.556650 1.537591 -4.482813 -9.781898 -17.769464 10.824871 -16.075584 10.914637 -8.184794 20.483408 21.756716 -14.312186 -7.792304 4.002763
-7.046438 28.983957 5.196981 -4.111645 32.355484 4.121227 5.699847 2.499340 4.491603 -1.360736 2.816971 11.642159 -10.085474 -2.887928 7.051259 -0.295551 1.211709 2.262590 -4.875718 -8.179406 -24.064032 4.257761 -27.483446 8.054027 -7.720146 16.318562 7.228430 -7.267131 -13.683258 9.343090
-8.476353 30.490814 6.824389 -3.903284 33.806343 2.659148 5.967531 2.095547 4.905980 1.292916 1.668833 12.384951 -11.253890 -2.564487 7.519234 -0.395731 2.029703 2.250625 -5.455750 -7.325198 -24.320475 2.531124 -29.309679 6.516253 -7.661489 16.582207 6.431862 -5.605579 -13.339481 11.260814
-10.960692 30.246778 9.169442 -4.334112 33.450947 1.569924 5.067305 1.177499 3.155542 3.602690 1.061387 12.296309 -12.799024 -2.285614 7.750372 -0.785354 3.157002 2.556465 -5.570070 -6.641961 -24.616070 -2.124989 -27.004465 5.034495 -6.597214 15.966751 4.255712 -5.877083 -11.506133 12.764018
-14.610436 30.180290 8.499125 -3.881267 30.052595 0.603621 2.692550 -0.265296 0.919006 6.538911 0.668733 11.226979 -13.583045 -1.629405 7.807604 -1.703713 4.208703 3.035287 -5.555884 -6.141776 -24.726034 -4.530047 -27.329302 4.452255 -6.920863 14.839897 3.231878 -5.730196 -10.187500 13.132347
-15.899976 29.114609 10.598348 -4.100001 29.910978 -1.775381 2.678030 0.173295 0.638206 7.064204 0.063924 9.983135 -13.917872 -0.898189 8.031954 -2.501135 5.005249 3.340072 -5.972337 -5.681273 -24.175497 -7.074299 -27.038237 2.664631 -6.512660 14.255866 2.274128 -4.622042 -9.094211 12.975941
-17.584568 28.071346 11.487349 -4.343713 29.045828 -2.931227 0.794085 0.731741 -0.824367 8.695603 0.095287 8.545020 -13.960891 0.176161 7.836285 -3.571499 5.838660 3.932838 -5.840700 -5.744546 -23.893614 -9.834214 -25.380255 1.516710 -6.018388 13.659883 2.156613 -3.709130 -8.105361 13.206304
-19.195868 26.652901 12.840156 -5.397041 27.514463 -4.113843 -0.855601 1.898396 -2.634325 11.002944 0.470267 7.010792 -13.582401 1.107172 8.161776 -4.097522 6.915453 4.796496 -5.563972 -5.676395 -23.445425 -12.803898 -23.446753 1.082985 -5.071942 14.240832 1.369131 -2.961840 -6.407320 13.219893
-21.247730 25.769875 13.435352 -6.785205 25.992220 -5.289434 -4.557388 1.818186 -5.877912 13.214497 1.126819 5.701851 -13.327243 1.586863 8.296013 -4.670455 8.297274 5.765203 -3.783216 -6.437059 -23.292183 -16.192703 -19.912315 1.132955 -3.960112 14.434088 -0.318879 -2.519114 -4.975528 13.934377
-22.710403 23.327675 15.279864 -8.449289 23.635866 -6.180400 -6.746458 3.722978 -8.441234 15.306540 1.322503 3.758401 -12.793286 2.496528 8.573505 -5.759006 9.321503 5.904063 -2.353751 -6.261643 -22.437834 -19.618479 -17.843231 2.482319 -1.996687 15.545822 -1.927613 -1.747995 -3.121673 13.621854
-24.056660 19.499012 16.497728 -8.722212 20.772881 -6.953706 -6.727007 4.925282 -9.879205 16.953400 1.090317 2.157588 -11.905801 3.232572 9.265878 -6.587841 10.041496 5.243678 -1.227893 -5.527977 -20.934958 -22.174883 -14.788762 4.434447 -0.676320 16.398497 -2.152333 -0.237555 -0.310897 13.725337
-23.435093 16.053205 18.019299 -7.515764 17.918806 -8.185819 -8.312744 8.012497 -12.680713 18.991816 1.123606 0.658929 -10.700511 3.878084 9.582354 -7.411440 11.240128 4.098475 0.043616 -4.197878 -17.530989 -24.048071 -13.929184 6.177666 -0.521320 17.163527 -2.208582 2.258981 3.728776 12.089934
-21.646523 11.727149 18.788012 -5.776978 12.899040 -8.216210 -8.420465 11.372495 -15.127943 21.124102 1.303068 -0.421164 -10.012635 3.505295 9.322160 -7.493774 12.258465 3.935355 1.294653 -2.907716 -14.037541 -24.256159 -12.036490 8.377703 -1.154395 18.042746 -1.677731 4.784657 7.853490 11.091002
-18.828678 9.237894 19.353561 -3.704299 9.860919 -7.300948 -7.829986 14.650100 -17.266216 23.535219 1.042282 -1.181761 -9.144125 3.298328 9.552938 -7.532681 12.932068 3.507452 2.229512 -1.382442 -10.883306 -23.893780 -9.284623 9.845791 -2.575127 19.314568 -2.765292 8.281088 10.871910 10.880654
-15.745427 5.852545 20.173273 -1.572295 3.824291 -4.180102 -7.368917 19.132141 -19.500589 26.140474 0.734986 -3.309427 -7.428762 1.964498 9.158041 -8.051805 13.322998 2.437843 4.351987 0.611149 -5.104899 -23.595461 -6.231431 12.996065 -4.589928 18.889681 -4.653767 11.521040 13.734224 9.884113
-14.992106 5.506791 19.812292 -1.060857 4.153491 -4.792312 -7.218322 19.648214 -20.212816 26.497116 0.728002 -3.155010 -7.630151 2.084127 8.984646 -8.142796 13.265884 2.296485 4.478035 1.044942 -4.873751 -24.104498 -5.790700 12.375834 -4.808324 19.241537 -4.802985 12.629331 13.667652 9.014785
-14.145326 4.671718 19.754370 -0.874111 2.232537 -3.332401 -8.390295 20.968208 -19.926384 26.754763 1.146879 -4.184225 -7.099877 1.568845 8.589873 -8.379175 13.256775 2.117002 5.145597 1.488872 -2.838881 -23.002424 -4.648784 13.170401 -5.502759 19.246511 -5.825963 12.989119 13.541431 8.548997
-14.927785 5.512706 19.515226 -1.122666 4.623956 -5.523185 -7.088655 19.664999 -20.211535 26.424686 0.800669 -2.904224 -7.901886 2.093840 8.811935 -8.203714 13.200266 2.125657 4.669242 1.046093 -5.284570 -24.062939 -5.510587 11.848598 -4.697221 19.564310 -4.445997 12.917767 13.286551 8.978521
-14.915805 5.167083 19.678331 -1.404571 4.207455 -5.085246 -7.361356 19.602846 -20.338772 26.139214 0.744303 -3.076867 -7.660483 2.068271 8.867015 -8.184775 13.247583 2.047346 4.555888 1.233927 -4.792646 -24.004478 -5.838069 12.406326 -4.651294 19.285160 -4.685825 12.897125 13.419819 8.960236
-14.402765 5.335808 19.403507 -1.288956 3.453540 -4.573167 -8.060525 20.427067 -20.324696 26.825830 1.023745 -3.712015 -7.387191 1.789940 8.633486 -8.540573 13.191683 1.991679 5.209212 1.309711 -4.022277 -23.356085 -4.499032 12.808635 -5.118975 19.857473 -5.225917 12.831929 13.585930 8.420329
-14.207116 4.521849 19.765057 -0.912405 2.271650 -3.467725 -8.178150 20.925350 -19.929991 26.669117 1.036798 -4.189827 -7.036517 1.551043 8.769895 -8.275280 13.350803 1.947427 5.044080 1.503603 -3.052980 -23.288097 -4.618200 13.406294 -5.403727 19.206072 -6.077913 12.684426 13.937019 8.824908
-13.864373 5.209744 17.174065 -1.451501 7.446711 -8.678784 -6.248147 19.366533 -20.295706 25.821959 0.706043 -1.491216 -8.941348 2.806276 8.304860 -8.298366 12.847212 1.653227 4.107636 1.585747 -6.127471 -23.196491 -6.066853 9.142086 -4.247669 20.194784 -2.988728 14.009284 11.924687 7.134509
-13.452852 4.693285 15.032019 -0.380285 9.906971 -11.608068 -5.714023 18.311165 -18.811853 24.322859 0.770484 0.274864 -9.940546 3.235946 7.554339 -8.087855 12.592522 0.783154 3.531049 1.812830 -7.605838 -21.742369 -7.521474 6.040547 -3.896808 21.421892 -1.765745 14.343064 9.946078 4.821560
-13.221488 4.847726 14.235607 0.038676 11.018358 -13.178721 -5.956429 18.557234 -18.298212 24.045607 1.013903 0.365577 -10.125834 3.395152 7.540926 -8.114100 12.541515 0.428733 3.520460 1.942380 -8.607808 -21.372564 -7.497230 5.196610 -3.681223 22.278582 -1.825274 14.442222 9.238763 3.653405
-13.052094 3.082988 13.595901 2.305996 11.716608 -13.420709 -6.072169 18.465824 -17.522947 23.184710 1.145669 0.531835 -9.940245 3.550654 6.826190 -8.285504 12.600716 -0.779804 2.966398 2.027472 -8.536222 -20.550545 -7.209133 4.418040 -3.589682 23.198282 -2.905077 14.385501 9.187620 2.017052
-9.371278 3.617558 10.606275 1.475940 9.718670 -13.161185 -9.422170 22.524389 -16.288755 24.916555 2.161916 -0.415634 -10.380644 2.083678 5.466289 -9.029799 11.092529 -1.128729 5.444033 2.543120 -6.348034 -19.358519 -4.372478 5.295297 -4.948447 24.136385 -2.865668 14.656577 7.240118 -0.729127
-11.577151 1.138523 11.712575 4.206890 10.962280 -13.962791 -7.351255 19.779915 -15.560462 22.766159 1.686622 0.231993 -10.166716 3.112621 5.901852 -8.764842 12.270952 -1.971562 3.465964 2.465230 -7.564945 -19.312096 -6.141118 4.029127 -4.156084 24.281622 -4.363796 14.383473 9.193226 -1.281314
-12.593957 -0.404634 10.751657 5.408675 13.862192 -16.142197 -5.426170 17.986834 -13.323282 20.211721 1.763416 1.268072 -10.062611 3.939320 5.671279 -8.308013 12.234238 -2.633242 1.958526 2.071002 -10.289006 -17.928511 -8.379482 1.720711 -3.410783 24.814257 -4.905134 12.876694 8.274694 -3.293126
-13.481444 -1.872630 9.416543 6.560550 17.459543 -17.954926 -4.319544 16.475197 -12.419752 17.866070 2.251574 2.164968 -9.894444 5.117609 5.384394 -8.185849 11.706553 -2.879948 0.417418 1.336100 -12.892325 -17.776756 -8.928572 -0.943707 -2.154465 25.256031 -6.630752 10.499129 6.286797 -5.067673
-14.151027 -3.216904 8.157050 7.080570 19.779535 -18.315346 -3.545529 16.999388 -12.417696 16.121168 2.730274 2.581516 -9.269633 5.982063 5.887726 -7.978056 11.432579 -2.634467 -0.587440 1.276901 -14.543928 -17.680773 -10.242826 -1.454836 -2.534796 24.421736 -8.453795 7.484964 5.050728 -7.425565
-14.409154 -4.483716 6.605206 6.309910 21.035070 -17.726225 -4.244712 17.002188 -11.478597 14.028189 3.036809 3.184385 -8.701590 6.637805 6.236238 -7.452228 10.834593 -1.679725 -1.824852 1.722423 -16.124975 -17.339237 -10.647763 -2.199000 -2.711592 23.890162 -9.671970 4.598946 3.812235 -9.854102
-15.307431 -5.972754 6.613291 5.563348 20.166828 -16.872252 -5.238294 17.614622 -10.928325 13.248156 3.318225 2.542174 -8.025421 6.589214 6.366069 -7.299201 10.184935 -0.768878 -1.841673 1.568762 -15.702615 -17.667852 -10.499159 -1.856699 -3.784027 23.182764 -10.426930 2.664578 4.386227 -12.392937
-15.724464 -7.726991 6.441815 4.256255 18.280851 -15.011162 -6.232919 18.747358 -10.807054 12.509555 3.794421 2.222798 -7.302673 6.894001 6.948349 -7.207944 9.917356 -0.346093 -1.856922 1.562925 -15.745593 -17.457735 -10.661602 -0.382263 -4.247265 23.039522 -11.741469 1.057008 5.350614 -14.269284
-16.944067 -8.723850 6.134562 1.035377 18.269693 -13.854714 -7.791481 19.570145 -11.120337 10.954899 4.075306 2.308762 -6.678850 7.430693 7.815336 -6.816473 9.012796 0.739867 -2.636621 1.617298 -15.845599 -18.703308 -11.276299 0.908908 -3.559040 20.747173 -12.727186 -1.886574 4.818563 -15.337439
-18.627510 -8.953012 6.490741 -0.623924 19.410254 -12.729255 -6.553123 18.329201 -11.655394 9.373539 4.338887 1.619655 -5.371197 8.030037 8.762558 -6.211735 7.662156 2.136953 -3.896219 1.690840 -14.715360 -20.073214 -12.232444 2.180433 -4.157039 17.677984 -14.197464 -4.134897 4.498188 -16.071781
-21.715012 -8.959100 8.209950 -1.557867 21.186636 -8.787628 -2.962196 16.017778 -12.270001 7.445363 4.026463 0.647741 -3.802235 8.629398 9.990049 -6.397597 6.716787 2.811548 -4.742539 1.479659 -14.805344 -22.595095 -13.922668 2.358107 -4.150013 13.921135 -15.068789 -7.363932 3.879648 -13.374670
-24.149214 -7.818729 9.353858 -3.126675 21.576540 -6.201607 -1.851585 14.898838 -13.390791 7.939945 3.987421 0.072476 -3.660387 8.985709 10.472757 -7.035825 6.261060 3.061669 -4.572062 0.494235 -15.479963 -24.539915 -14.584253 3.246236 -3.485991 12.577261 -14.578662 -8.714081 4.046734 -11.544866
-24.540264 -7.859763 10.290995 -2.845972 20.633392 -6.008717 -1.713823 14.928269 -14.209600 8.743885 4.023834 -0.999295 -3.167955 8.989896 10.554106 -7.163233 6.762048 3.214439 -4.095895 0.363488 -14.872040 -25.015926 -14.510198 4.494914 -3.485199 12.952076 -14.284530 -8.368279 5.762179 -11.122217
-24.016068 -7.823799 11.473735 -2.421773 19.025761 -5.516017 -1.299267 16.040932 -15.185026 10.365061 4.118506 -1.816057 -2.663495 8.653893 10.304801 -7.367125 7.191312 3.177307 -3.537081 0.587001 -14.147409 -25.813662 -13.859306 6.212451 -4.058418 13.184460 -13.817241 -7.505961 8.125087 -10.563506
-23.388988 -7.984035 12.601771 -1.815244 17.519541 -5.073345 -1.731054 16.965437 -16.053953 11.160170 4.230061 -2.613237 -2.720603 8.256548 9.832004 -7.559333 7.754859 3.175855 -2.894596 0.630692 -13.354712 -25.512024 -12.799504 7.404773 -4.521212 13.618834 -13.860011 -6.537790 9.479723 -10.076190
-23.598743 -8.343520 12.304576 -1.966573 17.575205 -5.151478 -1.527571 16.855722 -15.958138 11.093399 4.259880 -2.321345 -2.699092 8.383085 9.950122 -7.496085 7.623049 3.208844 -2.954065 0.563120 -13.447581 -25.597401 -12.978160 7.095268 -4.539241 13.490160 -13.846711 -6.799373 9.234486 -10.193832
-17.460670 -17.899063 6.860473 -8.252282 22.160463 -6.314687 -1.028641 19.312326 -15.370723 -2.816679 4.735100 -1.185626 -1.624782 8.837349 7.324883 -7.575892 2.913570 -0.346588 -6.877894 4.410937 -10.141047 -26.362164 -15.233915 -0.929803 -2.946134 7.133829 -11.834208 -1.340712 -1.936187 -10.463756
-22.264126 -23.441830 -0.593542 -8.069063 8.743855 -0.184973 -7.292466 15.986364 -17.607515 3.655668 4.755043 -0.147486 -2.131663 8.993486 6.722650 -7.681513 3.106898 -1.537634 -7.371600 4.622357 -9.649630 -26.592545 -15.391860 -3.397443 -3.638272 7.146783 -11.535948 0.897524 -3.394644 -11.511041
-23.158085 -23.822153 -2.860117 -1.544710 9.795885 -1.491018 -6.130514 15.636209 -18.692530 7.583275 5.104916 -0.659203 -1.834119 9.147876 6.259535 -7.940670 3.797668 -1.605258 -7.203420 4.895575 -9.143431 -27.306501 -15.618218 -3.528228 -3.672325 7.469648 -11.179000 1.814579 -1.652072 -11.003238
-23.745937 -24.244816 -0.919677 -0.821907 9.999825 -1.337549 -4.638165 16.344597 -18.970968 7.854150 5.285513 -0.743955 -1.762939 9.191633 6.428263 -7.918417 4.625147 -0.882988 -6.718623 5.248523 -8.152150 -27.023870 -15.488901 -2.148337 -3.740366 8.521204 -11.921011 1.677493 0.851143 -11.926917
-23.552872 -25.158100 -0.977613 -0.162740 9.461945 -1.786883 -4.655988 17.318811 -19.145670 8.270424 5.244860 -0.558235 -2.027187 9.204659 6.355279 -7.879500 4.927783 -0.865417 -6.753814 5.557241 -7.690736 -26.675634 -15.220652 -2.414933 -4.113672 8.627893 -12.013851 2.579475 1.256955 -12.133619
-23.000748 -25.681091 -1.346322 -0.544962 9.426039 -2.173563 -4.937696 17.818926 -19.554220 8.182716 5.468382 -1.021854 -1.827647 9.125024 6.060889 -7.917587 4.622103 -1.319412 -6.655992 5.539825 -7.391666 -27.421072 -15.100308 -2.490401 -4.336914 8.210928 -11.447522 3.517219 1.202279 -12.168354
-22.963081 -25.773731 -1.820937 -0.728163 9.181298 -2.092376 -5.049639 17.660559 -19.495886 8.287405 5.473134 -1.053955 -1.744481 9.119185 5.917641 -7.980952 4.462090 -1.544382 -6.682321 5.549714 -7.541564 -27.512657 -15.210863 -2.400227 -4.088924 8.395263 -11.389716 3.789955 0.972599 -11.979144
-22.892487 -25.476295 -1.762137 -0.729909 9.359098 -2.069869 -5.244523 17.457270 -19.513376 8.342372 5.451327 -0.994621 -1.757408 9.145191 5.916349 -7.942349 4.580391 -1.502613 -6.790018 5.626313 -7.526627 -27.352518 -15.245015 -2.726302 -4.262631 8.121322 -11.401139 3.832369 0.880203 -11.763525
-22.908512 -25.133366 -1.934538 -0.545963 9.562701 -1.813510 -5.354167 17.217197 -19.239698 8.235692 5.464618 -1.006725 -1.762007 9.106245 6.037765 -7.921557 4.439728 -1.445805 -6.755480 5.366763 -7.641586 -27.374479 -15.432794 -2.838091 -4.022717 8.048089 -11.518786 3.467442 0.448070 -11.704870
-22.550777 -26.528717 -0.358469 -0.125251 7.699219 -1.447806 -5.266054 19.073355 -19.764448 8.853614 5.662933 -1.780633 -1.343932 8.802879 5.522673 -8.028633 5.106944 -1.407303 -6.030097 5.832191 -5.935827 -27.499552 -14.552630 -1.576049 -4.898506 8.612889 -11.986054 5.419339 3.180341 -11.925342
-21.846977 -27.009445 0.822981 -0.006364 6.275817 -1.610102 -5.675239 20.590366 -20.282782 9.411106 5.818575 -2.084001 -1.435737 8.574162 5.011145 -8.153378 5.830719 -1.108644 -5.506771 6.412891 -5.053006 -27.601192 -13.584653 -0.191780 -5.344140 9.248996 -11.989810 6.046200 5.177830 -11.975626
-22.028069 -26.880316 0.436075 0.334612 6.626996 -1.711882 -5.476677 20.204248 -20.079859 9.331495 5.737940 -1.977120 -1.481037 8.639463 5.093946 -8.096946 5.678590 -1.166995 -5.733771 6.315063 -5.262262 -27.766321 -13.547610 -0.645068 -5.248220 9.149522 -11.912923 5.945296 4.818867 -12.083560
-22.193026 -26.789772 0.086293 0.183958 6.912808 -1.729570 -5.510778 19.878418 -20.263632 9.538286 5.813402 -1.999435 -1.415761 8.694276 5.103093 -8.141379 5.510180 -1.273004 -5.719984 6.175948 -5.311352 -27.802713 -13.815055 -0.832441 -5.129049 9.013832 -11.787802 5.942020 4.522983 -12.069918
-22.125051 -26.689682 0.109806 -0.101523 7.007238 -1.797678 -5.432015 19.929012 -20.214128 9.466325 5.789847 -2.021561 -1.313846 8.708855 5.177206 -8.103316 5.408485 -1.270458 -5.797753 6.124590 -5.445999 -27.737223 -13.907010 -1.009547 -5.093185 8.825681 -11.878074 5.907373 4.223746 -12.105054
-22.393879 -26.593683 -0.264001 -0.051949 7.426286 -1.814081 -5.301323 19.400846 -19.751909 9.100130 5.646758 -1.678926 -1.444994 8.750942 5.400272 -8.017089 5.204360 -1.320619 -5.927200 6.011590 -5.719364 -27.571432 -14.240716 -1.518045 -4.889193 8.918539 -11.889405 5.734342 3.604149 -12.028544
-22.490595 -26.527693 -0.251122 -0.049838 7.891265 -1.578424 -5.258527 19.150034 -19.705162 8.752240 5.655589 -1.753102 -1.452037 8.805742 5.489884 -8.043448 5.095779 -1.436656 -6.080359 5.826806 -5.988774 -27.486238 -14.752062 -1.520692 -4.867496 8.637686 -11.870121 5.405318 3.105094 -11.904077
-22.842537 -26.469551 -0.958300 -0.206390 8.284762 -1.702778 -5.182765 18.570986 -19.658697 8.664938 5.564643 -1.524181 -1.476272 8.940876 5.670164 -7.985540 4.899818 -1.450479 -6.330289 5.795040 -6.555209 -27.438490 -14.834273 -1.932533 -4.758102 8.517668 -11.429209 4.860460 2.407085 -12.232109
-22.898064 -26.242817 -1.244201 -0.388882 8.415648 -2.037293 -5.177258 18.488970 -19.481737 8.857127 5.596786 -1.407977 -1.515846 9.002520 5.708896 -7.949917 4.817206 -1.352826 -6.372059 5.751660 -6.774340 -27.466707 -14.946938 -2.169959 -4.657247 8.475393 -11.370688 4.746389 2.054175 -12.086378
-22.927113 -26.177721 -1.605045 -0.422678 8.577007 -2.058621 -5.077626 18.316574 -19.680376 8.843864 5.534754 -1.210284 -1.638841 9.065739 5.823024 -7.980583 4.719213 -1.434445 -6.441247 5.729134 -6.847720 -27.475861 -15.115346 -2.224697 -4.483714 8.266136 -11.281426 4.519805 1.727331 -11.951371
-22.898470 -26.082222 -1.774817 -0.404550 8.792745 -2.208375 -5.127803 18.068245 -19.525831 8.661607 5.540951 -1.240325 -1.673650 9.054617 5.873456 -7.998312 4.609422 -1.432700 -6.417496 5.662311 -7.159278 -27.635489 -14.999877 -2.338012 -4.454451 8.240356 -11.269709 4.129889 1.550301 -12.007440
-22.765450 -25.922613 -1.739669 -0.403616 9.084621 -2.224469 -5.211824 17.979357 -19.433886 8.507921 5.574923 -1.240827 -1.731025 9.065663 5.838175 -7.990106 4.581255 -1.496209 -6.486480 5.660735 -7.230776 -27.574465 -14.961390 -2.282196 -4.347970 8.303631 -11.220030 3.961644 1.425348 -12.172647
-21.330011 -27.075089 1.436626 -0.118875 6.084006 -1.661860 -5.494328 21.368162 -20.392376 9.288527 5.874351 -2.388154 -1.335166 8.469305 5.049099 -8.135098 5.990538 -1.001584 -5.316893 6.489835 -4.554932 -27.446444 -12.333705 0.248751 -5.642169 9.608793 -11.576276 6.426156 5.880477 -12.152369
-21.834309 -26.983974 1.047011 -0.027870 6.215192 -1.664489 -5.475696 20.780512 -20.342358 9.385141 5.810381 -2.137270 -1.400507 8.590758 5.012530 -8.195153 5.860263 -1.084650 -5.562335 6.426188 -5.032434 -27.690525 -13.115949 -0.085238 -5.378383 9.369576 -11.963767 6.199136 5.367506 -12.000791
