11.787456 29.010242 -6.338282 4.630554 15.099647 5.651816 0.624384 16.149261 3.524205 -3.956832 -4.160928 1.234662 -1.359724 -9.821842 5.085513 -2.032731 -5.463919 3.393298 -9.647508 -2.699524 6.112183 13.898928 -19.433937 2.502725 0.067900 22.312479 9.584876 -21.356785 -3.699538 11.636811
12.009546 29.070057 -6.216153 4.397877 15.249316 5.508053 0.643562 16.293913 3.580715 -4.210606 -4.312432 1.224121 -1.368850 -9.805738 5.091399 -2.096963 -5.535699 3.348992 -9.832410 -2.534245 6.588832 13.909418 -19.453295 1.984121 0.733210 22.538363 9.619134 -21.765175 -3.816288 11.725310
10.088206 28.074867 -3.910936 4.756852 16.951189 7.086700 1.285113 15.857775 4.688682 -4.179201 -2.909929 1.175148 -1.795768 -10.009762 3.881318 -1.627093 -4.694558 3.520276 -9.444463 -2.304971 4.544393 13.408694 -19.566774 2.096839 -0.471276 21.990908 6.810011 -19.573984 -5.259004 12.619149
9.655763 27.150688 -2.474749 6.049687 17.974148 7.312531 2.386851 16.135569 5.432577 -3.771055 -2.943846 1.299852 -1.952769 -10.302178 3.712933 -1.159285 -4.349468 3.695370 -9.455825 -1.807881 4.328324 12.944071 -20.013243 1.676768 -1.094687 22.215965 5.883924 -17.611082 -5.489183 13.365179
8.505622 25.600006 -0.641513 6.988693 19.287083 7.492624 3.631426 16.574492 6.069860 -3.729867 -2.424241 1.502628 -2.386658 -10.489026 3.153119 -0.649901 -3.708182 3.811697 -9.454272 -1.339164 3.373588 12.324051 -20.980265 1.000920 -1.871210 22.171400 4.119164 -15.572466 -6.188182 13.896878
7.835427 23.980759 1.080021 8.155664 20.391069 7.582210 4.791691 17.352667 6.672452 -3.651061 -2.285635 1.787275 -2.783233 -10.591955 2.822958 -0.322163 -3.083053 3.747569 -9.710212 -0.847024 3.425870 12.396576 -21.337297 0.368038 -2.149693 22.403072 3.184701 -14.215171 -6.397591 13.690101
7.703413 22.883583 1.842747 9.097332 20.824461 7.461084 5.572933 18.000622 6.877360 -3.548648 -2.365723 1.954334 -3.100533 -10.737188 2.693448 -0.021013 -2.603088 3.828899 -9.898728 -0.584669 3.304221 12.129940 -21.833513 -0.631781 -1.854896 22.668449 2.437924 -13.704289 -7.133236 13.848482
7.598414 22.116695 2.674813 9.696495 21.170530 7.282302 6.209214 18.600176 6.990673 -3.349380 -2.478899 1.825975 -3.293175 -10.759053 2.678270 0.023849 -2.298223 3.896668 -9.897614 -0.511356 3.360468 11.907679 -22.026087 -1.501236 -1.437494 23.033205 2.028760 -13.273517 -7.353465 13.845308
7.445995 21.960960 2.994951 10.012658 21.556940 7.062907 6.702968 18.643221 7.066779 -3.022580 -2.731648 1.725554 -3.499648 -10.911107 2.608490 -0.001603 -1.910732 3.983862 -9.883023 -0.461347 3.159972 11.300356 -22.506886 -2.029153 -1.242578 23.039375 1.557078 -13.253400 -7.408257 14.114367
7.111568 22.276941 3.709571 9.800301 21.904654 6.749364 6.939279 18.772280 6.986232 -2.441606 -3.062822 1.909019 -3.829952 -10.917850 2.620056 -0.102060 -1.754399 3.751528 -10.026538 -0.224640 3.433336 10.794127 -22.893900 -3.104355 -0.486777 23.250109 1.255230 -12.963382 -7.749331 14.452933
6.848190 22.429657 4.361510 9.542220 22.278488 6.491005 7.149990 18.820536 6.912042 -1.708800 -3.500811 2.193116 -4.210765 -10.910300 2.704521 -0.242902 -1.769871 3.464712 -10.185648 0.032780 3.458995 10.296166 -23.513876 -4.428713 0.406776 23.484108 0.622557 -13.239884 -8.158164 14.310325
6.103148 23.340496 5.176224 9.068402 22.496778 6.313141 7.343246 18.457615 6.444219 -1.224261 -3.960240 2.419559 -4.753876 -10.938137 2.629139 -0.542820 -1.724164 3.112940 -10.244447 0.281889 3.197245 10.132166 -24.940458 -5.280610 0.898924 23.663179 0.585379 -13.437438 -8.389810 14.018509
5.734921 24.284657 5.427589 8.483243 22.681244 6.039664 7.307358 18.190290 5.977074 -0.788048 -4.391005 2.665508 -5.110697 -10.943743 2.585036 -0.831167 -1.873037 2.579827 -10.353723 0.536306 2.877555 9.991515 -25.398809 -5.571354 1.056623 23.603346 -0.247165 -13.793749 -8.585130 13.403901
5.179448 25.242104 5.807732 7.837809 22.982199 6.160570 7.587275 17.539583 5.729957 -0.400444 -4.560866 2.902566 -5.628970 -10.966000 2.332488 -1.171322 -1.897662 2.277520 -10.210817 0.718526 2.634981 9.589577 -26.404379 -5.646028 1.298954 23.416330 -0.449279 -14.761058 -8.315184 12.681922
4.984656 26.325846 5.995897 6.969549 22.635363 6.255929 7.433658 16.951216 5.105491 -0.233407 -4.845120 3.134392 -5.995670 -10.883657 2.338306 -1.516838 -2.128120 1.892533 -10.202054 0.992668 2.759957 9.169893 -26.773592 -5.242509 1.549898 22.927164 -1.190749 -15.965945 -7.918847 12.134696
4.717496 27.010464 6.274121 6.139277 21.979240 6.829100 7.575531 16.579018 4.901538 -0.048495 -4.833482 3.238483 -6.330785 -10.826580 2.067854 -2.018174 -2.399001 1.412842 -10.005788 1.162183 2.835930 8.475641 -26.634111 -5.011953 2.032480 22.493139 -1.510091 -17.493864 -7.825349 12.021939
4.690689 28.293087 6.046809 5.326733 21.630896 6.905096 7.386698 16.190357 4.483233 0.221730 -4.826577 3.326879 -6.880743 -10.674967 2.044703 -2.590581 -2.781301 1.155667 -9.792565 0.984529 3.275424 8.012741 -26.727415 -4.213798 2.426681 21.847757 -1.980958 -19.386873 -7.321162 11.176909
4.720841 29.225090 5.816501 4.626227 21.143246 7.188239 7.444582 15.890443 4.129991 0.648291 -4.857209 3.316975 -7.099438 -10.396375 2.189439 -3.093664 -3.070265 0.950751 -9.754676 0.753808 3.258490 7.137465 -26.738932 -3.606064 2.926151 21.217730 -1.826653 -21.240477 -6.836702 11.223241
4.828948 29.829659 5.435568 4.024599 20.705988 7.616899 7.072008 15.677523 3.888935 0.714601 -5.001485 3.331640 -7.162954 -10.088014 2.448648 -3.484934 -3.339641 0.692931 -9.877574 0.564407 3.500615 6.798065 -26.564835 -2.815043 3.202498 20.608006 -1.549237 -22.476797 -6.399966 11.364419
4.920159 30.730293 4.908236 3.668652 20.443182 8.063832 6.620151 15.105280 3.827172 0.769628 -4.888942 3.298976 -7.136547 -9.897764 2.512171 -3.691897 -3.483261 0.502630 -9.907456 0.500848 3.723638 6.704983 -27.017435 -2.520636 3.694545 20.341915 -1.353477 -23.390898 -6.290816 11.499053
4.780020 30.614285 4.930985 3.749355 20.582529 8.039803 6.565933 15.001542 3.764314 0.609267 -4.889734 3.376499 -7.065653 -9.845126 2.603200 -3.697812 -3.549647 0.564501 -9.913776 0.447725 3.662380 6.817193 -27.109941 -2.742540 3.853707 20.461878 -1.433820 -23.501406 -6.348651 11.488729
4.778461 30.614773 4.923212 3.749856 20.546680 8.078441 6.559042 15.003284 3.739929 0.592079 -4.856168 3.375553 -7.072484 -9.820103 2.600837 -3.709134 -3.527279 0.557812 -9.917573 0.432553 3.677022 6.843484 -27.072241 -2.721287 3.818010 20.479856 -1.406017 -23.479269 -6.332882 11.471057
6.171024 29.587780 5.855723 5.709584 20.210371 3.887352 7.862242 16.963442 1.425374 1.194320 -5.491230 2.697526 -6.839300 -11.450249 1.604973 -3.172535 -2.768366 0.685838 -8.657298 1.906473 4.189537 6.505945 -26.879068 -4.505958 1.588555 22.152079 -1.972232 -18.397562 -5.929061 8.833626
7.470490 26.334518 5.186448 8.744969 20.839752 1.384236 7.156339 19.020979 1.979940 0.360589 -5.453430 1.980666 -6.128262 -12.382069 1.337505 -2.553923 -2.070949 1.712678 -7.844906 2.434035 5.332830 6.229850 -25.392298 -5.574942 0.133194 23.804024 0.274644 -13.863683 -3.769163 9.079761
7.402350 25.095390 5.834225 7.670119 18.912380 1.035398 6.681551 20.472416 1.824542 -0.377436 -4.689195 0.711378 -5.385974 -12.822561 1.177547 -2.482384 -1.732114 2.653456 -6.800677 2.306957 6.587542 5.786180 -24.619661 -4.265258 -0.905321 23.594906 1.662960 -12.542665 -1.932632 9.684000
7.635484 24.187006 6.394333 5.343588 16.382978 0.744112 5.852622 22.506235 0.320464 -1.278380 -3.927455 -0.777783 -4.521452 -12.856726 0.960425 -2.880487 -1.637777 3.163639 -6.103578 1.632935 7.361450 5.658286 -23.361237 -2.634090 -2.104411 23.148268 2.827337 -12.017064 -0.750106 8.987838
7.803475 24.391041 5.931785 4.248986 15.437288 -0.072030 4.394452 22.960878 -0.261226 -1.536134 -3.644223 -1.277892 -4.371194 -12.816541 0.915178 -3.052273 -1.663028 3.501276 -5.873782 1.151405 7.784790 5.661175 -22.249237 -1.442473 -3.111037 23.313330 3.599407 -11.797627 0.327082 8.594160
8.424653 25.637075 4.913138 3.685495 13.672797 -1.972940 1.378135 22.343071 -0.884615 -2.079514 -3.445744 -1.635891 -4.473721 -13.234389 0.502700 -3.388921 -2.202517 3.984376 -4.840297 0.371720 7.859226 5.004671 -20.966801 -0.521451 -3.939053 23.143503 6.485465 -11.555329 2.234172 9.387372
10.079387 26.742165 3.072150 3.692827 11.893585 -4.592607 -2.028889 22.777458 -0.790290 -2.272218 -3.322362 -2.328861 -3.803292 -13.715003 0.529619 -3.524724 -2.859422 4.840196 -3.801798 -0.368710 7.041501 4.489016 -19.666571 0.267114 -5.329334 23.339727 9.471670 -10.455605 3.861665 9.592994
10.272943 26.820328 2.822806 3.728148 11.706820 -4.953996 -2.424574 22.796253 -0.646414 -2.211478 -3.142762 -2.727126 -3.606108 -13.896030 0.511725 -3.528437 -2.801009 5.234833 -3.473749 -0.478311 6.899493 4.748063 -19.322321 0.630244 -5.831009 23.503180 9.911546 -9.982613 4.013566 9.439529
10.239547 26.807886 2.764013 3.777332 11.819111 -4.939826 -2.319201 22.702913 -0.647045 -2.258147 -3.116909 -2.645668 -3.681652 -13.889841 0.488707 -3.510250 -2.840933 5.223027 -3.485973 -0.564540 6.879176 4.775769 -19.351671 0.603761 -5.819510 23.504175 9.853282 -10.004792 3.991923 9.397994
10.228967 26.850956 2.773687 3.845079 11.840135 -4.848287 -2.284690 22.681395 -0.672762 -2.200952 -3.153681 -2.642239 -3.675103 -13.889278 0.489477 -3.516930 -2.812984 5.171267 -3.504539 -0.508821 6.965027 4.751849 -19.398748 0.443868 -5.687342 23.523462 9.840201 -10.065321 3.954505 9.388696
10.297327 26.903557 2.694151 3.884687 11.863053 -4.826866 -2.282902 22.705812 -0.671570 -2.249454 -3.141544 -2.653090 -3.606208 -13.875614 0.543177 -3.488866 -2.840302 5.194122 -3.513458 -0.495462 6.929757 4.812047 -19.421427 0.496415 -5.658466 23.526674 9.758121 -10.158587 3.872538 9.436641
10.262189 26.899231 2.761204 3.889854 11.921978 -4.813020 -2.167123 22.712692 -0.690533 -2.183768 -3.125608 -2.643537 -3.605225 -13.876514 0.535444 -3.472734 -2.821992 5.170759 -3.530099 -0.475803 6.939879 4.758606 -19.396507 0.494430 -5.683123 23.523924 9.832309 -10.112487 3.879230 9.459022
10.291532 26.928444 2.696634 3.901350 11.940052 -4.786979 -2.141020 22.706503 -0.642637 -2.172194 -3.161654 -2.614467 -3.609074 -13.870289 0.560145 -3.485284 -2.849559 5.156138 -3.550096 -0.490303 6.934833 4.822685 -19.411367 0.463775 -5.567297 23.525965 9.716598 -10.280544 3.809833 9.402057
10.356672 26.996628 2.633840 3.926909 11.830779 -4.859615 -2.181649 22.682306 -0.709299 -2.189755 -3.199610 -2.660848 -3.542251 -13.875693 0.640051 -3.488278 -2.892808 5.215070 -3.544683 -0.543392 6.991294 4.783338 -19.422163 0.310421 -5.404561 23.575977 9.721027 -10.434173 3.785308 9.311822
10.415391 26.943687 2.585202 3.972967 11.797222 -4.869604 -2.271678 22.721859 -0.679145 -2.196370 -3.212292 -2.644235 -3.555711 -13.876562 0.655634 -3.502423 -2.906391 5.222422 -3.545685 -0.537738 6.957460 4.808329 -19.436262 0.383329 -5.555655 23.510578 9.733820 -10.423991 3.864166 9.289914
10.346767 26.952021 2.642723 3.905705 11.719257 -4.876103 -2.327308 22.703907 -0.713025 -2.267726 -3.192796 -2.636984 -3.568903 -13.867026 0.622037 -3.470624 -2.894037 5.197321 -3.551398 -0.538631 6.897757 4.691770 -18.962339 0.339033 -5.517493 23.563189 9.554873 -10.474292 3.807823 9.436582
10.330091 26.908472 2.719296 3.971878 11.737659 -4.867053 -2.337389 22.694166 -0.683835 -2.296784 -3.195541 -2.628803 -3.595570 -13.852905 0.645792 -3.469653 -2.883315 5.207489 -3.579522 -0.525638 6.810811 4.638567 -18.990393 0.457582 -5.622282 23.500280 9.585841 -10.369548 3.868074 9.500863
10.346511 26.941574 2.756897 3.925872 11.751951 -4.777825 -2.327603 22.712778 -0.668803 -2.241297 -3.201057 -2.637239 -3.602892 -13.863249 0.634959 -3.492624 -2.870452 5.196715 -3.560627 -0.511547 6.861610 4.677192 -18.999140 0.341113 -5.508687 23.542986 9.572307 -10.404269 3.836521 9.507739
10.357907 26.910557 2.745580 3.878212 11.714054 -4.795106 -2.379081 22.762987 -0.642144 -2.232108 -3.199203 -2.614727 -3.586247 -13.830044 0.638363 -3.489452 -2.871521 5.217570 -3.585654 -0.547932 6.735946 4.458949 -18.076277 0.435624 -5.535243 23.574970 9.290675 -10.388436 3.826441 9.826606
10.276368 26.848145 2.826597 3.844670 11.680515 -4.737123 -2.411645 22.739576 -0.593058 -2.295218 -3.193668 -2.608527 -3.627331 -13.826218 0.641914 -3.472194 -2.852839 5.235909 -3.598014 -0.552841 6.697145 4.289306 -17.628521 0.378723 -5.475520 23.628490 9.075574 -10.424796 3.790918 9.931699
11.523729 25.223782 2.298868 5.866300 10.911200 -5.254065 -3.555012 22.984859 -0.020094 -3.418689 -2.280712 -3.581348 -2.134560 -14.098407 0.526443 -2.855565 -2.359868 6.135633 -2.921189 0.485184 7.350899 6.054840 -17.733789 2.207959 -7.429472 23.536917 11.548680 -7.407723 4.649258 9.632174
12.491162 23.001085 2.109374 7.854478 9.667131 -5.736347 -5.458514 23.447510 0.732020 -5.524438 -1.861908 -4.464412 -0.389315 -13.820194 1.277303 -2.221096 -1.154080 7.489923 -3.188183 2.179599 9.537572 7.889334 -16.819679 3.794483 -8.803497 23.224905 12.264786 -3.657819 4.571480 10.471671
13.471154 22.565777 2.368021 8.183226 8.278413 -6.430144 -6.406278 24.561413 0.673290 -5.409717 -1.605656 -4.871032 0.586296 -13.742195 1.132176 -1.775399 -0.046287 7.817241 -3.633238 3.181495 11.759074 7.059214 -12.732997 5.513353 -8.890772 22.266560 10.404747 -0.234897 4.404681 15.274429
13.780903 22.525654 3.813282 8.471590 7.115520 -5.940271 -6.065228 24.829012 0.128482 -5.265378 -1.500168 -5.029421 1.108345 -13.566548 0.765771 -1.255331 0.606425 7.416614 -4.121322 3.338875 13.546945 6.621011 -15.128295 7.167244 -8.920857 21.126705 10.495808 1.637749 5.948989 17.249016
13.411111 20.380785 5.577726 8.919275 5.365938 -4.591160 -5.693613 25.424456 0.378495 -5.814007 -1.509443 -5.303241 1.612426 -13.569934 0.600130 -0.640937 1.573434 7.229854 -4.613236 3.605247 15.802254 6.189281 -17.019327 9.140598 -8.795783 19.828066 9.024434 0.762967 8.391921 17.287613
14.083863 17.704147 5.687566 9.188005 2.365318 -3.278086 -5.814393 27.112587 -0.039710 -7.448288 -1.288226 -5.756075 3.022948 -13.449509 0.668121 -0.046629 2.156870 6.890723 -5.285775 3.841476 18.454744 6.088501 -15.938533 10.792991 -8.537432 19.123999 7.066214 -1.299311 11.110334 16.117636
14.981143 14.728583 4.446006 10.133526 0.416328 -2.213193 -5.218926 28.420832 -0.132541 -9.647765 -0.719986 -6.192942 4.198664 -13.309584 0.414754 0.622876 2.376784 5.897713 -6.310432 3.596878 21.440243 7.873926 -15.424205 12.311969 -8.708493 18.489033 5.286225 -3.197494 12.813224 13.872329
15.092351 11.495880 4.563612 11.230356 -2.072845 -0.618642 -4.740359 30.634996 -0.114268 -12.197575 -0.158571 -6.639074 5.503192 -13.001006 0.068403 1.368422 2.587867 4.381840 -7.768044 3.063509 23.617992 13.066392 -14.232491 13.119349 -10.817193 18.963438 2.168341 -2.957783 12.828681 11.212051
14.153659 9.396021 6.591742 11.896469 -3.049148 3.616607 -3.472179 32.098778 1.309972 -12.894884 -0.085119 -7.130042 5.794036 -13.073739 -0.546582 1.694319 2.834138 3.182918 -8.389534 2.096366 25.916754 16.276606 -14.960802 13.923387 -12.305538 18.434591 -3.872736 -3.841831 13.172041 10.069004
13.099571 8.309426 9.003262 12.804996 -3.998758 8.243707 -0.612438 32.980526 1.696832 -13.175989 -0.180073 -7.808101 5.421576 -13.191342 -1.499865 1.640958 3.290038 1.992879 -8.799210 0.995732 26.274633 18.515882 -17.279715 15.187650 -14.533928 17.164557 -8.771436 -4.370739 14.263208 9.726703
12.379951 7.614772 10.730756 13.665167 -4.015705 10.191070 2.596082 33.090393 1.351475 -13.128260 -0.342036 -7.976631 4.843365 -13.536228 -2.313273 1.365671 3.542732 1.153281 -8.781535 0.570752 25.213963 18.837721 -19.074389 15.765441 -16.673832 16.297926 -10.828106 -5.364430 16.193546 8.030725
11.431467 8.187254 10.923660 13.977146 -2.638855 9.203189 3.191507 32.485352 1.154903 -13.520263 -0.362051 -7.419327 4.158719 -13.848986 -2.549184 1.411237 3.379459 1.135860 -8.655208 0.691087 24.676126 16.969450 -17.469349 14.995982 -15.593661 17.457872 -11.311024 -5.414998 15.062836 8.934303
10.651081 9.442880 9.817845 13.735281 0.108250 6.227305 2.935384 31.587467 0.207074 -14.183150 -0.282987 -5.912840 3.089997 -14.037153 -2.524432 1.374710 2.911723 1.661811 -8.200085 1.306659 23.599165 15.490417 -16.830877 13.869647 -13.933048 19.287355 -9.452362 -5.204403 13.082741 7.912942
9.314569 9.856796 10.925151 13.737947 1.354211 5.599087 3.715016 31.725145 -0.511784 -13.799061 -0.369756 -5.488150 2.272021 -14.359107 -3.074976 1.263213 2.874696 1.391180 -8.125031 1.318524 23.162930 13.303183 -17.356867 13.584456 -14.176702 19.281385 -9.706160 -4.981804 13.144240 7.550316
9.519717 11.025345 13.138133 13.718645 0.464882 6.401482 4.266064 32.353271 0.089062 -10.526465 -0.685517 -5.536660 1.498956 -14.570453 -3.913352 1.216817 3.024939 0.530938 -8.177896 0.991234 23.362801 11.436975 -19.897921 13.709298 -14.934673 18.815222 -9.579009 -3.980200 15.370088 7.325343
10.188851 11.703697 16.119625 12.930405 -2.903574 7.647248 1.603174 33.021629 0.836107 -8.148455 -1.168147 -5.605476 0.306892 -14.850302 -4.677699 1.033998 3.375396 -0.105191 -7.908574 0.588936 22.591892 10.349033 -20.322489 14.054158 -14.810177 17.641750 -10.280261 -2.407785 17.058788 10.472645
10.139440 11.813698 16.494820 12.778803 -2.945006 7.838054 1.646825 32.870804 0.932442 -7.855304 -1.136583 -5.754970 0.234588 -14.800767 -4.764688 0.986500 3.422519 -0.239655 -7.844991 0.477934 22.206396 10.199944 -20.579664 14.234851 -14.882005 17.290277 -10.247952 -1.998702 17.141212 10.930575
10.136593 11.760365 16.455191 12.706142 -2.918996 7.865586 1.719096 32.952572 0.926558 -7.875747 -1.161534 -5.804443 0.309967 -14.768259 -4.764310 0.989645 3.498777 -0.343427 -7.960821 0.382258 22.337519 10.208859 -20.535337 14.411280 -14.811579 17.241747 -10.455309 -2.252701 17.200066 10.770603
