0.553516 26.095615 -10.245028 4.696802 3.805297 -5.891080 9.288848 12.259842 17.648737 -7.508844 -4.390293 1.305157 -1.285634 -9.770792 5.342235 -2.075158 -5.393016 3.222085 -9.638035 -2.815344 -4.912126 8.676928 10.530760 14.694297 -13.397890 20.108318 0.424460 -15.771607 -0.592896 16.576132
0.092622 26.023350 -10.333352 4.720182 3.427858 -6.394393 10.101550 12.142096 18.340023 -7.658404 -4.414571 1.326726 -1.299183 -9.768592 5.305015 -2.096055 -5.423865 3.198410 -9.689901 -2.768894 -4.932084 8.710047 10.525838 14.667490 -13.389852 20.140463 0.414851 -15.777472 -0.576163 16.561218
-1.075050 23.611618 -11.433902 4.111480 0.493276 -3.563141 8.633765 12.126084 18.580252 -7.967997 -3.720272 1.830209 -0.646188 -9.040665 5.960997 -1.787826 -5.589053 2.399256 -9.624120 -2.529366 -4.065002 7.957375 10.141623 15.545991 -12.236842 19.138420 1.575268 -14.226420 -2.529118 16.014206
-0.267988 24.663521 -10.508166 4.213717 1.582568 -4.080405 9.719848 12.341350 18.340960 -8.394247 -3.995489 1.563163 -0.917572 -9.243317 5.550841 -2.036150 -5.751940 2.844885 -9.781165 -2.479681 -4.252196 8.948850 10.423664 15.329056 -12.564772 19.601484 0.677055 -14.711057 -2.235679 16.118349
-0.492722 23.827162 -10.829083 3.481746 -0.358700 -1.618415 10.065389 11.959549 17.836319 -8.956070 -3.656463 1.976246 -0.605168 -8.728420 5.787030 -1.889455 -6.022870 2.583793 -9.871657 -2.406580 -3.325995 9.712009 10.280395 16.370436 -11.751831 19.492302 0.467067 -13.735440 -3.673850 15.806308
-0.675567 22.753407 -11.131622 3.049743 -1.843789 -0.010913 10.183003 12.035855 17.471491 -9.514206 -3.276110 2.438073 -0.146779 -8.086345 6.204197 -1.643328 -6.396183 2.604680 -9.929595 -1.939084 -2.683260 10.393769 10.357553 16.883934 -11.214676 19.179136 0.328220 -13.067420 -4.949225 15.252010
-0.838782 22.192768 -11.179645 2.767873 -2.738062 1.338067 10.630021 11.889913 17.162024 -9.933681 -3.021627 2.957502 -0.036420 -7.770258 6.508224 -1.394594 -6.646513 2.750395 -9.904698 -1.594334 -2.051168 11.340544 10.399291 17.511177 -10.786362 19.202700 -0.267118 -12.583075 -5.909037 14.591884
-0.479024 21.663429 -11.061614 2.720861 -3.121129 2.594324 11.693268 11.828765 16.908461 -10.769983 -2.837299 3.399126 0.014015 -7.538016 6.748380 -1.136178 -6.907169 3.032192 -9.868409 -1.370101 -1.384896 12.167641 10.450540 17.659647 -10.732110 18.928272 -0.848118 -12.144078 -6.831398 14.035121
0.013355 20.941473 -11.109739 2.930620 -3.623047 3.789668 12.631643 11.800953 16.900782 -11.556162 -2.661078 3.645399 -0.010864 -7.302100 6.876191 -1.069214 -7.194135 3.122718 -9.928782 -1.185090 -0.844543 12.138129 10.465487 18.442680 -9.932452 18.767029 -0.948503 -11.540311 -7.822346 13.694500
0.508927 20.454563 -11.077509 3.018838 -3.607440 4.310591 13.306279 11.718581 17.031813 -12.169949 -2.561026 3.878967 -0.303538 -7.196922 6.712498 -1.152543 -7.570008 3.186073 -9.967402 -1.085184 -0.364269 12.205315 10.611581 18.868568 -9.344160 18.657320 -0.794781 -10.814306 -8.605602 13.466518
1.457164 19.675177 -11.195491 3.363032 -3.217283 4.970026 13.950726 11.602418 17.665777 -13.128721 -2.497836 3.711673 -0.525714 -6.974247 6.330013 -1.643948 -8.095787 2.809447 -10.080174 -0.913561 0.010916 11.321613 10.453424 19.653837 -8.332768 18.286356 -0.167741 -10.165029 -9.390844 13.755104
1.931682 18.861778 -11.554714 3.732595 -2.433955 4.689958 14.023969 11.512299 18.451334 -13.699486 -2.530315 3.397954 -0.708333 -6.945443 5.787439 -2.162459 -8.382996 2.360787 -10.223659 -0.964023 0.545843 10.324400 10.246989 20.452213 -7.788709 17.997114 0.473072 -9.679360 -9.498983 14.445065
2.613785 17.770803 -11.858446 4.038848 -1.292716 3.888397 13.729795 11.696436 19.726667 -14.508039 -2.549165 2.766810 -0.534772 -7.029303 5.218806 -2.599271 -8.767624 1.923556 -10.524518 -0.614258 0.997683 9.249703 10.121699 21.006325 -7.222138 17.791904 1.494130 -8.899494 -9.713355 15.072619
3.046688 16.946447 -12.084713 4.168650 0.166706 2.597538 13.352738 11.883944 20.784250 -15.173616 -2.618543 2.201636 -0.251138 -7.064557 4.731763 -2.935850 -8.888884 1.507209 -10.797755 -0.386113 1.466705 8.222349 9.902009 21.553358 -6.445877 17.719854 2.590036 -7.922308 -10.061646 15.456985
3.216005 16.534225 -12.040254 3.908139 1.643910 1.155585 12.732007 12.181400 21.611717 -15.641497 -2.621974 1.669436 0.196638 -7.184634 4.384201 -3.106079 -8.865162 1.077552 -11.101577 -0.019146 2.076061 7.342387 9.938791 21.787098 -5.841753 17.731070 3.621155 -6.848506 -10.510727 15.626000
3.226756 16.426098 -11.958756 3.411089 2.959912 -0.587126 12.041108 12.687702 22.261271 -15.845309 -2.621033 0.964082 0.921666 -7.265388 4.366247 -3.132375 -8.713501 0.799776 -11.389110 0.386404 2.192018 6.853384 9.637087 22.234058 -5.063713 18.071077 4.470191 -5.981132 -11.002739 15.675694
3.045636 16.441227 -12.078710 2.707919 3.774186 -1.929761 11.069304 13.044737 22.635092 -15.762871 -2.606297 0.531276 1.656910 -7.343899 4.458369 -2.980524 -8.510689 0.722803 -11.566148 0.877841 2.138540 6.384305 9.602642 22.309471 -4.415611 18.488359 5.500611 -5.144469 -11.480886 15.538467
2.667146 16.742462 -12.353253 2.374283 4.712774 -3.431470 10.167930 13.439142 23.025745 -15.474100 -2.667271 0.007171 2.079763 -7.481118 4.713962 -2.838361 -8.211039 0.961250 -11.642531 1.289326 2.249919 5.778506 9.800155 22.510824 -3.814394 18.764486 6.191063 -4.326294 -11.943628 15.347926
1.991463 16.868734 -12.344397 2.139520 5.767201 -4.643587 9.967063 13.558691 23.148973 -15.297245 -2.777352 -0.274387 2.645996 -7.624665 4.952968 -2.687136 -7.857136 1.289515 -11.597170 1.820633 1.905486 4.622936 9.759950 22.444447 -3.196059 18.731859 7.145601 -4.162451 -12.257528 14.892744
1.131853 17.339180 -12.157050 2.071007 6.587636 -5.753641 9.434176 13.680723 23.292566 -14.805928 -2.983799 -0.488055 2.893775 -7.828377 5.129560 -2.598292 -7.611463 1.752487 -11.534387 2.114440 1.577733 3.641721 9.828942 22.487019 -2.635612 18.712305 7.728413 -4.025475 -12.547506 14.745205
0.822188 17.612242 -11.996914 1.846231 6.780322 -6.084945 9.515426 13.498340 22.951887 -14.578862 -2.989700 -0.482099 2.912903 -7.808808 5.195292 -2.629428 -7.542537 1.928175 -11.551074 2.255267 1.446560 3.059425 9.738305 22.534679 -2.304241 18.600309 7.963306 -4.015804 -12.553017 14.481988
0.707181 17.674938 -12.028310 1.780923 6.790250 -6.087687 9.534796 13.423563 22.842396 -14.483854 -2.997758 -0.439956 2.852284 -7.835642 5.188747 -2.593108 -7.501041 1.977932 -11.557811 2.215086 1.463964 3.012791 9.691808 22.572168 -2.309666 18.551283 7.966645 -4.027521 -12.535301 14.525901
2.250853 17.029625 -13.653041 2.178011 3.793164 -3.522970 10.243682 11.894513 22.421289 -14.155082 -2.725834 0.233682 1.732948 -7.275169 4.740489 -3.187613 -8.273336 0.954248 -11.342990 0.655949 0.979888 5.290939 10.031671 20.549267 -4.410781 18.403341 7.443830 -4.665283 -11.487924 15.493400
2.564770 19.400669 -14.994624 1.390786 -1.306332 -0.919397 10.660228 9.767044 19.504616 -11.381794 -2.547508 2.261555 -0.490217 -6.430554 5.154912 -3.888712 -8.875143 0.365027 -10.103690 -2.093238 -0.661186 7.524511 11.004671 15.774558 -8.374026 17.049145 6.135841 -7.166709 -10.246058 14.948524
2.591045 20.716408 -15.262126 -0.387911 -3.173729 -0.848594 8.727237 10.281043 18.551699 -10.607927 -2.462575 2.449264 -0.423637 -6.246263 5.719980 -3.790889 -8.623951 0.387636 -9.779746 -2.416159 -1.486210 7.402403 12.043284 13.844300 -9.521133 17.098896 6.141399 -8.115606 -10.414556 13.543111
2.219423 21.720646 -15.545822 -1.274079 -5.024857 -0.432356 6.830986 10.798013 18.007370 -9.752735 -2.362045 2.534523 -0.277455 -6.172220 5.821094 -3.690489 -8.423857 0.039458 -9.731659 -2.558132 -1.953882 7.323179 12.534185 12.846528 -10.190987 17.348940 5.944039 -8.761916 -10.167353 12.508237
1.036303 22.512602 -15.322175 -2.379729 -6.696199 -0.648184 4.618218 10.916412 17.177481 -8.492317 -2.335744 2.982873 -0.299703 -5.950946 5.987461 -3.837521 -7.793201 -0.584920 -9.332005 -2.967319 -2.283412 5.874432 11.952312 11.632647 -10.776231 16.331766 7.128453 -9.415547 -9.349538 12.241389
-0.428774 23.415649 -15.096437 -3.220125 -8.241209 0.362456 3.753773 9.789215 15.738336 -6.842579 -2.104371 3.743535 -0.747729 -6.194211 5.762754 -3.538583 -7.433853 -1.324872 -9.260530 -3.433734 -2.075572 4.785666 11.441478 10.514101 -11.973637 14.354765 8.158571 -10.260213 -8.540125 13.626777
-0.788733 24.898239 -14.937966 -4.188591 -11.587996 3.727458 4.718365 8.062435 14.047980 -5.847492 -1.931295 4.873657 -1.256247 -6.453373 6.129389 -3.026045 -6.848564 -1.790087 -8.701167 -4.114650 -2.056661 3.405832 11.516740 9.876797 -12.870331 12.852675 9.226027 -11.007796 -8.536683 15.136778
-0.865290 24.849232 -14.947708 -4.468549 -11.861053 3.852037 4.676486 8.021428 13.865518 -5.834391 -1.954463 4.801680 -1.279294 -6.369517 6.219265 -3.097435 -6.820819 -1.732516 -8.669353 -4.217597 -2.022081 3.448482 11.596322 9.775728 -12.905960 12.763432 9.321317 -10.966987 -8.664525 15.029524
-0.819664 24.872944 -14.971662 -4.352160 -11.778081 3.778060 4.619914 8.013867 13.849663 -5.738219 -1.936128 4.834057 -1.258062 -6.380336 6.178081 -3.066436 -6.799191 -1.767462 -8.685816 -4.197647 -2.101869 3.425946 11.485623 9.809553 -12.862514 12.768163 9.381164 -10.976678 -8.677260 15.146088
-0.837323 24.845810 -14.972573 -4.384343 -11.681852 3.682243 4.426339 8.039495 13.918611 -5.727924 -1.927077 4.841208 -1.207927 -6.409390 6.186273 -3.033679 -6.816108 -1.805137 -8.688163 -4.168278 -2.057316 3.368299 11.483121 9.755462 -12.863759 12.686958 9.388150 -10.960105 -8.694046 15.078643
-0.889386 25.018612 -14.982534 -4.214455 -11.651718 3.612005 4.732475 8.012261 14.007872 -5.713804 -1.943543 4.889461 -1.246166 -6.444578 6.173797 -3.017336 -6.806909 -1.789802 -8.673013 -4.213782 -2.147999 3.267234 11.546915 9.759673 -12.833415 12.737597 9.402556 -11.021425 -8.664347 15.130900
-0.896516 25.011612 -14.961291 -4.235778 -11.570708 3.515932 4.650502 8.089626 14.069884 -5.746049 -1.934115 4.838521 -1.201999 -6.451014 6.171507 -3.004048 -6.825305 -1.779565 -8.696412 -4.133511 -2.070980 3.430712 11.491445 9.869872 -12.941770 12.704981 9.133107 -11.161137 -8.504727 15.196404
-0.822224 24.982439 -14.975900 -4.083905 -11.451712 3.592061 4.767845 8.084582 14.202964 -5.843047 -1.935136 4.835604 -1.250103 -6.442407 6.131013 -3.020687 -6.850873 -1.800442 -8.712619 -4.134687 -2.134071 3.412361 11.434417 10.008360 -12.896860 12.926245 9.171685 -11.213763 -8.355141 15.164483
-0.724879 24.921715 -14.996597 -4.019925 -11.422148 3.650930 4.713280 8.084352 14.239579 -5.878619 -1.922028 4.882971 -1.287766 -6.416377 6.138914 -2.995500 -6.856076 -1.741150 -8.713134 -4.113246 -2.009556 3.278954 11.348130 9.972528 -12.885393 12.805939 9.471401 -11.054408 -8.391675 15.309604
-0.682501 24.894640 -14.996066 -3.963962 -11.230349 3.591261 4.701899 8.148973 14.271842 -5.928240 -1.918748 4.877097 -1.262731 -6.421209 6.062817 -2.973658 -6.932719 -1.699735 -8.783002 -4.008073 -2.005751 3.518792 11.191416 10.095770 -12.833315 12.889412 9.496654 -11.005973 -8.408182 15.231879
-0.721418 24.922909 -14.938710 -3.934847 -11.263790 3.572201 4.741859 8.196840 14.240401 -5.907543 -1.915242 4.881291 -1.222692 -6.487774 6.039281 -2.926755 -6.926231 -1.704864 -8.779626 -3.995186 -1.969370 3.501155 11.185688 10.175216 -12.833012 12.946472 9.327692 -11.077884 -8.319104 15.218200
-0.727776 24.935913 -14.901181 -4.051767 -11.300413 3.575303 4.737862 8.194849 14.169094 -5.909280 -1.933699 4.846861 -1.226766 -6.506076 6.037943 -2.927125 -6.948709 -1.667088 -8.794989 -3.963366 -2.045501 3.518926 11.206075 10.178642 -12.774376 12.978670 9.345914 -11.044866 -8.381639 15.243408
-0.696663 24.946255 -14.933917 -4.058478 -11.167620 3.538944 4.725212 8.162770 14.138959 -5.914108 -1.941629 4.841138 -1.235170 -6.488813 6.057782 -2.921555 -6.949935 -1.648189 -8.783793 -3.966598 -2.070294 3.534732 11.213583 10.192887 -12.780666 12.999918 9.308919 -11.079631 -8.361262 15.204503
-0.653940 24.925194 -14.925874 -4.089345 -11.106010 3.581017 4.771385 8.129892 14.078364 -5.969006 -1.959172 4.798449 -1.214484 -6.491127 6.000351 -2.954310 -6.969553 -1.660442 -8.834180 -3.935849 -2.058120 3.536019 11.215722 10.172223 -12.856943 13.018534 9.375517 -11.064748 -8.291395 15.259994
-0.041889 24.968555 -14.807429 -4.042494 -10.537136 4.119967 3.816193 8.330518 13.268088 -5.967428 -1.963925 4.785150 -1.219464 -6.484484 6.042480 -2.941674 -6.967933 -1.630856 -8.823043 -3.903060 -2.025205 3.546919 11.141764 10.234209 -12.849371 13.031155 9.303322 -11.098820 -8.311491 15.210925
-1.668892 24.769463 -15.056466 -5.820751 -12.448084 4.837232 3.326646 7.754529 11.237832 -4.809796 -1.893884 4.436661 -1.102583 -5.886669 7.023924 -3.302198 -6.287888 -2.027891 -8.385819 -4.953322 -1.649156 4.636132 11.848816 9.272618 -13.354274 11.984848 8.893680 -11.126853 -9.225107 13.959701
-4.539794 23.724167 -14.791738 -8.028687 -13.156401 5.119820 5.383916 7.258697 9.855936 -5.359249 -2.356135 2.028623 -0.623981 -5.096959 8.393508 -5.121329 -5.591294 -2.280238 -7.624521 -5.623282 -2.063807 6.461179 12.282914 7.653893 -14.083282 11.898540 8.282156 -11.071250 -9.668856 12.068039
-5.252108 24.028954 -14.835365 -9.053173 -11.727018 4.974249 4.752060 6.935570 7.736047 -5.029256 -2.558411 0.589557 0.085816 -4.370955 8.871196 -6.142948 -5.534027 -2.432977 -7.552366 -6.390202 -2.592810 6.910700 13.707682 6.671206 -13.898144 12.111498 7.953208 -11.439073 -9.975803 9.595305
-5.510837 23.753883 -15.768101 -10.925910 -10.176798 4.158315 2.711971 7.260466 5.882448 -4.838795 -2.637359 0.506898 0.562770 -3.850778 9.096773 -6.126707 -5.945883 -2.104764 -7.670077 -6.968282 -3.762207 7.030858 14.745271 5.558943 -13.583395 12.580186 7.551252 -12.377535 -10.601501 6.265973
-5.962019 22.696476 -17.187231 -12.363731 -9.558125 2.483768 2.969729 6.219912 5.479159 -4.775101 -2.816662 0.083450 0.985208 -3.530443 9.421296 -6.130617 -5.966272 -1.679094 -7.791312 -7.030262 -5.050202 8.622933 14.171989 5.047184 -13.328812 12.608871 7.385419 -12.751876 -11.862886 4.194010
-6.565948 22.910599 -17.789536 -14.266364 -10.459268 1.952614 3.450477 5.461966 5.549204 -4.585855 -2.692639 -0.249599 1.229813 -3.084524 10.007233 -5.892417 -5.519337 -1.249793 -8.209092 -7.284995 -5.457457 11.096102 14.114779 4.466952 -13.784750 12.707323 5.912421 -13.214225 -12.673257 2.265069
-6.711176 23.132246 -18.368343 -15.747645 -11.458670 1.709128 4.208776 4.886053 5.127216 -4.444010 -2.468117 -0.750389 1.660464 -2.509015 10.720519 -5.441009 -5.051283 -0.291595 -8.947452 -7.488903 -6.059868 12.419668 14.395000 4.708031 -14.137734 13.156769 4.093444 -15.341091 -12.694439 -1.076189
-6.434533 22.888510 -19.563917 -16.911715 -11.037378 0.366163 4.891731 3.920840 4.802975 -4.299271 -2.254844 -0.861036 1.934809 -2.029774 11.204523 -5.263805 -4.547365 0.554658 -9.457542 -7.874043 -8.030709 12.588411 13.615232 4.231134 -13.659558 13.552556 3.487803 -17.003525 -13.442127 -2.668121
-5.758428 23.424652 -19.524145 -17.652340 -10.769817 -1.153352 5.541354 2.955372 4.365184 -3.783591 -2.483758 -1.069580 2.003845 -1.691427 11.658012 -5.255969 -3.987837 1.431617 -9.298921 -8.174967 -9.488365 13.421040 13.197281 4.004027 -13.738754 13.752075 2.714615 -17.827349 -13.607327 -3.597719
-5.453188 24.542858 -20.103823 -18.579824 -11.486849 -0.919976 6.267564 1.539159 3.781940 -3.144585 -2.581331 -1.124984 1.770941 -1.258048 12.065407 -5.290383 -3.919078 2.209154 -9.206384 -8.424674 -9.850303 16.328020 12.654782 4.402807 -14.062065 13.284466 1.204221 -17.691610 -14.470129 -3.754198
-5.585784 24.812302 -20.319378 -19.503902 -11.929705 -0.636486 8.435323 -0.133363 3.146822 -3.067014 -2.536835 -0.654229 1.496234 -0.961681 12.265558 -4.971097 -4.101600 2.661475 -9.161952 -8.612642 -10.467167 16.577377 13.286969 5.549743 -14.167372 12.234573 2.023157 -20.011606 -12.988083 -3.791950
-5.928588 24.775715 -20.607708 -19.505636 -9.495037 -1.656630 10.097287 -1.982733 3.190250 -2.788424 -2.294717 0.341854 1.184306 -0.860978 12.399850 -3.807811 -4.042040 3.554699 -9.516353 -8.554342 -10.272367 14.694122 14.306750 7.888722 -13.196852 11.979454 3.426022 -22.428434 -9.781923 -2.960594
-6.197422 24.967569 -21.893599 -19.281704 -7.503433 -3.806310 9.277308 -3.118674 3.882197 -1.859780 -2.395303 1.020314 0.644922 -0.581714 12.433050 -3.451167 -4.457588 4.148772 -9.470578 -8.752138 -10.384051 16.031366 14.066908 9.945671 -12.641939 13.113384 2.032995 -22.921894 -9.074626 -2.579794
-6.100555 24.755873 -23.044865 -20.510162 -5.814991 -5.397589 7.922982 -4.450878 3.943210 -0.907484 -2.597309 0.099132 0.490925 0.195085 12.599495 -4.345463 -5.075754 4.759220 -9.522094 -9.020193 -10.783387 19.790804 12.848382 10.063761 -12.085384 13.668353 -0.829204 -21.810524 -11.048714 -2.565721
-6.196474 24.275093 -23.594023 -20.701700 -5.390176 -6.390766 7.273587 -4.405822 4.696169 -0.973687 -2.543085 -0.070400 0.626589 0.396747 12.787018 -4.329884 -5.227050 4.993495 -9.632363 -8.909264 -10.656116 20.111109 12.720715 10.600285 -11.625701 13.980675 -0.926594 -21.246645 -11.313874 -1.918428
-6.723272 23.433556 -24.586607 -21.263790 -3.878880 -8.480966 7.409045 -5.302401 5.508471 -1.370660 -2.757940 -1.113614 0.991314 0.678151 13.471974 -4.632908 -5.292927 5.517797 -9.554893 -9.114224 -10.253819 21.722548 12.640070 12.509337 -10.692072 14.495478 -2.371841 -21.091198 -11.480709 -2.013120
-6.159004 23.647638 -25.423388 -20.710249 -3.083493 -8.598060 6.630130 -5.291945 4.811753 -1.108493 -2.920178 -1.097685 1.079659 0.650526 13.254503 -4.957026 -5.582976 5.399607 -9.281582 -8.819735 -10.445943 21.348898 12.355473 12.275815 -10.652479 14.598804 -1.906677 -20.655617 -11.879099 -1.440513
-6.154019 23.618423 -25.725183 -20.207682 -2.719800 -8.630095 6.513379 -5.407414 5.020975 -1.042507 -2.930234 -1.070852 1.111135 0.728479 13.243536 -4.970792 -5.602966 5.330524 -9.255626 -8.895792 -10.762047 21.000055 12.472865 12.313451 -10.451700 14.651370 -1.775681 -20.838659 -11.978458 -1.731147
