-3.957245 27.493908 -9.474753 11.010089 1.481016 -11.857612 4.085439 5.374298 9.318719 -20.648027 -3.535545 6.314092 -0.517608 -9.700064 9.834202 0.031903 -1.829450 -0.164672 -4.961820 -6.147759 -0.169315 8.249258 13.372705 -0.519076 -27.658508 7.463830 2.070061 -18.931517 1.779291 17.167637
-4.481812 27.441242 -9.566731 11.053368 1.055808 -12.456437 4.773849 5.176591 9.892177 -20.990557 -3.556076 6.384947 -0.528395 -9.668189 9.828601 0.037683 -1.864997 -0.194061 -4.996235 -6.123179 -0.124013 8.313751 13.394330 -0.648878 -27.744709 7.368827 2.042026 -18.952198 1.751463 17.115112
-7.930245 14.969841 -1.883163 17.249491 7.459319 -22.788446 13.904437 13.513328 7.269886 -19.002512 -4.357246 6.279836 -3.509962 -13.540709 3.192003 -2.331712 0.079211 -5.574934 -0.341002 0.658578 4.693899 4.810076 11.634620 -11.751716 -29.733242 13.682938 -5.685943 -4.197188 3.785214 5.938124
-6.549912 13.236204 -1.316411 18.546007 6.749912 -24.992447 13.081387 15.104337 6.468218 -19.213999 -4.919157 5.925383 -3.148575 -14.128055 3.013191 -2.201017 1.161436 -5.422380 0.092621 2.262661 7.996551 3.624054 11.344717 -12.259345 -29.840761 13.563931 -4.864583 -1.198567 5.883204 6.104126
-6.399531 13.083494 0.212888 19.703871 6.323317 -25.665262 12.102244 15.436484 6.745147 -18.631111 -5.186958 5.720275 -2.840107 -14.190192 3.099412 -1.904103 1.844245 -5.225983 0.015245 3.075538 9.950799 3.415725 11.400367 -12.445650 -29.568008 13.825902 -5.617517 0.121982 6.990032 6.040892
-6.012046 12.460773 1.153639 21.021687 5.698857 -26.325949 11.581660 15.062560 6.473801 -19.261654 -5.485841 5.499711 -2.297361 -14.264803 3.109200 -1.521503 2.405502 -5.542071 -0.313029 3.888910 11.338480 2.690157 11.591908 -12.867377 -29.570047 13.747843 -5.008780 2.196355 7.992839 6.097118
-5.339643 11.933002 1.618002 21.651800 5.039637 -26.859148 10.327155 15.255048 6.221738 -19.238777 -5.714026 5.410627 -2.236393 -14.247641 2.876429 -1.348402 2.885704 -5.809687 -0.621332 4.293124 11.257157 2.446514 11.308913 -13.657458 -29.281435 13.855947 -4.568453 3.969966 8.124503 6.919147
-5.175851 11.664192 2.019699 21.822309 4.616103 -27.199572 9.400757 15.526895 6.217670 -19.026339 -6.019842 5.453429 -1.706929 -14.279090 2.912789 -1.144157 3.077497 -5.946848 -0.821387 4.683007 11.969876 2.654468 11.180885 -13.780295 -29.048231 13.712084 -4.187002 4.665661 8.268250 7.455393
-5.081950 11.355183 2.589491 21.962837 4.215409 -27.645628 8.601897 15.933700 6.377394 -18.645025 -6.200614 5.396430 -1.438033 -14.246489 2.915967 -0.999106 3.333924 -6.081311 -1.057098 4.973483 12.465384 2.823751 10.920058 -14.151589 -28.820829 14.080057 -3.469932 6.140437 8.275401 8.379286
-4.976906 10.937388 3.153544 22.277487 3.792337 -27.752928 8.145761 16.107798 6.739061 -18.372263 -6.428775 5.316366 -0.997408 -14.195911 3.045308 -0.768674 3.582173 -6.214316 -1.380644 5.450374 12.889206 2.464794 10.859105 -14.021843 -28.725418 13.936306 -2.851130 7.333793 8.512403 10.322099
-4.878618 10.348485 3.424879 22.988501 2.959519 -27.421007 6.891388 16.294090 7.061271 -19.147411 -6.446434 5.125694 -0.514649 -14.161472 3.127355 -0.466493 4.021996 -6.339101 -1.754393 5.822664 13.225079 2.726167 10.615850 -13.662402 -28.692301 13.479250 -2.751962 8.453269 8.395693 12.271641
-5.254467 9.450757 3.959773 24.045935 2.280863 -27.381086 5.848391 16.419380 7.022094 -20.260115 -6.246454 4.791573 -0.158914 -14.160219 3.089350 -0.074807 4.443405 -6.398647 -2.229640 5.863777 13.520053 3.128426 10.448335 -13.257986 -28.815859 13.633626 -2.507025 9.617539 8.607641 13.602714
-5.046679 8.932815 4.286325 24.096594 1.710191 -26.411638 4.994571 16.369503 7.483801 -20.469561 -6.228660 4.570587 -0.007968 -14.085440 3.125448 0.125969 4.898861 -6.517869 -2.715885 5.972797 14.054180 3.580938 10.340825 -12.655873 -28.722725 13.141491 -2.512320 10.583703 8.503792 14.629282
-4.693637 8.570959 4.844518 23.907045 1.252631 -26.143610 4.220548 16.920341 7.694082 -20.063864 -6.225123 4.207932 0.241988 -13.887974 3.217344 0.118261 5.268272 -6.972713 -3.229074 6.091969 15.123634 3.607502 9.765288 -12.290403 -28.484161 12.662968 -3.185521 11.478992 8.419035 15.475953
-4.051541 7.726304 5.608039 23.116976 -0.169841 -24.732386 3.268893 18.409342 8.179640 -19.458351 -6.202880 3.687914 1.027720 -13.495934 3.324219 0.289919 5.954893 -7.379802 -4.103270 6.351016 16.839264 3.075180 9.048031 -11.542521 -27.910000 12.048614 -4.497225 12.098455 8.552669 16.133118
-3.802999 6.343991 6.874352 23.145254 -1.484875 -23.349422 2.160187 19.788921 8.316855 -20.151789 -6.192926 3.915288 1.643751 -13.321918 3.283739 0.804005 6.365845 -7.417013 -4.756867 6.604990 18.098051 2.921206 8.083086 -10.906604 -27.488474 11.670860 -5.943218 12.549551 8.482200 16.538624
-3.742578 5.955493 7.261631 23.340944 -1.693939 -23.016903 2.076137 20.192625 8.468864 -20.364010 -6.050880 3.823259 1.994246 -13.254813 3.232705 0.902876 6.554719 -7.502800 -4.996615 6.692973 18.849188 3.303255 7.920015 -10.504515 -27.461592 11.473048 -6.581970 12.886970 8.552877 16.834568
-3.839046 5.871693 7.580698 23.425869 -1.872327 -22.793446 2.002926 20.367826 8.586523 -20.421953 -5.880594 3.715163 2.101223 -13.205829 3.182825 1.013366 6.768954 -7.482090 -5.138319 6.632672 19.406960 3.216504 7.828919 -10.419358 -27.304905 11.384207 -6.630965 12.829886 8.824291 16.786062
-3.887686 5.827731 7.750746 23.570349 -2.037971 -22.647158 2.051213 20.404015 8.726254 -20.511862 -5.771028 3.574885 2.235133 -13.225613 3.126702 1.034207 6.885456 -7.441247 -5.146842 6.588914 19.851776 3.221256 7.735161 -10.297137 -27.218353 11.214111 -6.827342 12.978365 9.007975 16.842264
-3.886362 5.647399 8.036521 23.621553 -2.552794 -22.414536 2.036040 20.665483 8.934603 -20.444851 -5.859036 3.379560 2.575064 -13.233439 3.116184 1.029695 6.934877 -7.574648 -5.204535 6.584653 19.769751 3.246884 7.635679 -10.268064 -27.207270 11.186926 -6.904786 12.957164 8.885362 16.738508
-3.800906 5.615760 8.033284 23.533537 -2.850879 -22.256639 2.050143 20.782413 8.943288 -20.483364 -5.898280 3.334148 2.696374 -13.251315 3.112660 1.028249 6.946694 -7.636347 -5.268315 6.574028 19.577528 3.326692 7.633611 -10.303109 -27.199358 11.204075 -6.784763 12.877643 8.862817 16.704819
-4.003676 5.480806 8.214190 23.687012 -3.010710 -22.147287 2.152816 20.758669 8.922006 -20.757317 -5.835631 3.250175 2.732981 -13.255573 3.037210 1.074394 7.038776 -7.681515 -5.325094 6.528800 19.751648 3.395252 7.724900 -10.267486 -27.243109 11.254198 -6.950952 13.051679 8.956476 16.770308
3.695003 1.725505 6.320994 18.343760 -9.132214 -17.975080 3.349479 29.456285 10.074872 -16.636312 -2.473203 -0.937557 6.461548 -13.515710 2.358506 2.212137 6.707613 -6.103148 -4.093848 3.826285 25.808668 7.437258 9.637121 -5.372679 -27.839304 9.947309 -9.534716 6.079283 15.124730 12.948447
3.990497 3.894370 5.705250 18.020281 -9.205253 -20.513994 3.490638 29.365030 9.242845 -15.852021 -2.197232 -0.614754 5.887315 -14.008709 2.074084 2.083999 6.408976 -5.375480 -2.855421 3.928423 25.372835 5.499182 10.187311 -7.001377 -26.874811 10.588251 -6.260801 6.535497 14.923120 13.579400
4.588320 5.450626 4.996747 17.218801 -9.718441 -21.689569 4.550406 29.908264 8.257131 -15.268790 -2.592514 -0.764099 5.803064 -14.457335 2.483074 1.569938 5.727528 -4.758638 -1.427328 3.818481 25.363970 3.877084 11.496819 -7.428221 -26.589041 11.214466 -3.354578 5.863291 16.388142 13.985929
6.485041 6.869959 2.925249 15.058092 -11.851585 -22.375113 5.657748 30.704573 6.497327 -14.708445 -3.232823 -1.193066 6.432162 -15.238867 3.412650 1.611514 5.020911 -3.274095 -0.410037 3.688504 26.994450 4.176420 13.225051 -6.472719 -26.303415 11.416529 -0.476250 3.454300 18.632723 12.977733
6.925424 7.783259 2.117215 13.852373 -12.396449 -22.149481 5.878996 30.448668 6.029870 -14.595236 -3.315544 -1.216944 6.585215 -15.380331 3.787355 1.618541 4.704531 -2.731795 -0.176294 3.567118 26.831491 4.013987 13.832978 -6.109107 -26.110569 11.333843 0.430442 1.553433 19.009029 12.564943
7.142631 8.103803 2.050715 13.554667 -12.794552 -22.017725 5.843279 30.519754 5.920766 -14.624035 -3.308064 -1.152322 6.441151 -15.430454 3.872236 1.546184 4.578610 -2.548388 -0.008019 3.521128 26.865858 3.960286 14.046003 -5.875595 -26.232239 11.311811 0.572711 1.163772 19.075340 12.418730
7.133642 8.150080 1.896349 13.413155 -12.785996 -21.945810 6.021866 30.499495 6.016273 -14.514377 -3.230649 -1.180766 6.435792 -15.400269 3.906361 1.529849 4.568073 -2.440911 -0.030026 3.379415 26.860090 3.693935 14.093463 -5.852136 -26.253586 11.253509 0.687764 1.033520 19.186281 12.400928
7.153925 8.195086 1.859802 13.361177 -12.803017 -21.930754 5.922323 30.500210 5.969375 -14.517893 -3.261696 -1.212974 6.469643 -15.386544 3.935361 1.495922 4.562148 -2.457449 -0.022399 3.378581 26.763723 3.744079 14.123036 -5.876554 -26.221449 11.288252 0.831541 1.000233 19.104614 12.393793
7.169068 8.195803 1.917556 13.301186 -12.873719 -21.883080 5.971076 30.531956 5.968545 -14.489704 -3.246013 -1.237064 6.489263 -15.388852 3.923922 1.546158 4.591704 -2.409546 -0.033420 3.317466 26.886024 3.741144 14.127086 -5.863037 -26.142929 11.290415 0.752006 0.929641 19.132967 12.332580
7.140748 8.232560 1.869489 13.312736 -12.774491 -21.923201 5.952927 30.504177 6.006310 -14.471080 -3.263672 -1.237820 6.439005 -15.398087 3.926021 1.493032 4.556366 -2.419469 0.020369 3.329204 26.798422 3.745675 14.104533 -5.794660 -26.141729 11.297461 0.763369 0.999426 19.080179 12.391699
7.178274 8.213685 1.851394 13.297742 -12.663834 -22.024950 6.029327 30.498812 6.023274 -14.493019 -3.260011 -1.226497 6.435701 -15.396193 3.917813 1.503068 4.549696 -2.418720 0.008790 3.337326 26.810820 3.731759 14.110934 -5.837545 -26.209570 11.239037 0.784432 1.023567 19.104795 12.363914
7.192813 8.211234 1.857381 13.300024 -12.734629 -21.991419 6.012864 30.511608 6.007605 -14.522205 -3.258507 -1.241917 6.437349 -15.400526 3.930484 1.492280 4.558668 -2.411106 0.027514 3.326823 26.837471 3.722586 14.109130 -5.851655 -26.172262 11.244951 0.788117 1.021100 19.087961 12.426547
7.190174 8.191375 1.848055 13.305328 -12.668598 -22.032068 6.017585 30.515095 6.026282 -14.484987 -3.261368 -1.230784 6.437651 -15.400211 3.918964 1.500868 4.543663 -2.413761 0.012672 3.337489 26.796207 3.698860 14.114237 -5.845069 -26.185007 11.264444 0.812529 1.019935 19.099302 12.360225
7.181487 8.219323 1.867613 13.286494 -12.699267 -22.026648 6.006044 30.515833 6.010200 -14.488264 -3.261718 -1.219096 6.442744 -15.398594 3.926645 1.505187 4.537169 -2.415066 0.013556 3.341358 26.821220 3.734913 14.123717 -5.814764 -26.191164 11.255699 0.793516 1.002134 19.105961 12.365422
7.243062 8.178940 1.853239 13.260719 -12.747005 -22.046375 5.932472 30.550413 5.958909 -14.487369 -3.255728 -1.240985 6.453557 -15.392750 3.924041 1.511451 4.550733 -2.416730 -0.006994 3.329307 26.823204 3.789006 14.004460 -5.830379 -26.177155 11.295008 0.840946 0.999471 19.114347 12.329782
7.241004 8.192899 1.843810 13.265444 -12.733608 -22.038057 5.951998 30.533554 5.965533 -14.494284 -3.251852 -1.221004 6.451606 -15.393453 3.915762 1.507393 4.551428 -2.416559 0.000255 3.336494 26.839849 3.800339 13.980613 -5.845505 -26.175505 11.278906 0.843178 1.007665 19.104576 12.327369
7.236760 8.189533 1.858024 13.253534 -12.757469 -22.028280 5.935832 30.544813 5.955666 -14.497160 -3.257564 -1.226903 6.448215 -15.398757 3.919219 1.508073 4.546441 -2.415973 -0.001468 3.343713 26.831717 3.799858 13.982387 -5.825468 -26.165495 11.296690 0.831758 1.001193 19.113554 12.326414
7.214989 8.198233 1.841347 13.273037 -12.709361 -22.028971 5.947002 30.523252 5.988379 -14.487246 -3.261364 -1.230522 6.431285 -15.404821 3.922955 1.512905 4.538707 -2.415411 0.011713 3.350864 26.790283 3.788570 13.983225 -5.835849 -26.171095 11.294322 0.857418 1.021786 19.099785 12.342626
7.200486 8.213118 1.851421 13.281094 -12.714761 -22.020618 5.950440 30.515083 5.985075 -14.498087 -3.253484 -1.240302 6.428543 -15.407244 3.923048 1.515360 4.543614 -2.419036 0.004087 3.353449 26.792194 3.799907 13.952662 -5.835512 -26.172207 11.297220 0.856873 1.025363 19.092169 12.336886
7.738826 8.302987 1.997974 13.321484 -12.178874 -21.505676 5.218418 30.615175 5.217124 -14.501274 -3.259216 -1.224063 6.444756 -15.382243 3.920723 1.506185 4.552524 -2.406957 0.007126 3.335870 26.799406 3.780588 13.988403 -5.844802 -26.174898 11.276629 0.848859 1.010253 19.098520 12.338632
4.033834 10.505917 1.589547 12.101204 -5.976139 -22.411026 7.075346 26.756134 6.311122 -12.823693 -3.172079 0.445388 3.265809 -15.286575 2.830596 0.296219 3.557279 -2.446347 1.116617 2.708907 22.265558 -1.416953 12.567719 -7.624033 -25.124334 10.339711 3.920060 0.949492 17.068800 14.577661
2.625384 10.828549 1.784862 12.367949 -5.431936 -22.472849 7.980784 25.992844 7.652960 -12.207674 -3.179041 0.700054 2.486076 -15.385455 2.649606 0.136861 3.543664 -2.526480 1.179961 2.696798 21.326868 -2.561620 12.172787 -7.588799 -25.390379 9.819695 3.665243 1.353428 16.693329 15.522073
3.128556 10.834492 2.153415 12.570633 -5.090667 -21.996773 7.144969 26.254709 7.077552 -12.090932 -3.226894 0.691585 2.318396 -15.521059 2.593831 0.201404 3.558149 -2.703816 1.243513 2.872508 21.560472 -2.725473 12.134374 -7.779246 -25.264154 9.999017 3.322768 1.633251 16.648315 15.384471
2.102955 12.722550 2.714006 11.651756 -2.617847 -21.612303 7.594508 25.768568 7.979331 -9.087278 -2.976421 0.671515 1.281155 -15.325583 2.426692 -0.633332 3.695800 -2.082680 1.951206 2.546593 19.222805 -5.074314 11.612684 -8.386748 -25.182745 9.479193 4.127839 1.869827 14.755191 16.371861
2.579556 16.069075 3.693815 9.209204 -1.241279 -21.151234 6.940334 25.926374 8.844420 -5.290005 -2.670706 -0.395457 0.727110 -15.329943 2.830612 -1.725601 3.728630 -0.305717 3.257497 2.510070 17.638853 -5.247036 11.592776 -9.867783 -25.172745 10.012623 3.072218 1.909998 11.962311 15.785640
2.227571 17.359894 3.439242 6.850374 -0.272802 -21.779552 6.798096 25.987326 9.800955 -3.660010 -2.799492 -0.695239 -0.786396 -15.499374 2.623071 -2.970133 3.165259 -0.394786 4.198170 1.520521 15.725368 -4.249546 12.090838 -11.499363 -24.773716 10.945419 1.868500 -0.409694 10.425114 14.092715
0.836437 18.842278 3.099856 5.070382 1.822874 -23.050684 6.259332 24.919334 10.283090 -2.192935 -3.256686 -0.871989 -2.010345 -15.467360 2.593428 -4.197667 2.449494 -0.866390 4.638915 0.333818 13.136058 -3.676482 12.198546 -12.977038 -24.600437 11.779535 1.281032 -2.605907 9.999003 12.599386
0.186133 19.821712 3.183092 4.319366 3.475140 -22.105183 7.657555 24.120508 11.073455 -0.951688 -3.164837 -0.875136 -3.212206 -15.401188 2.033039 -5.018231 1.963869 -1.338385 5.080634 -0.724877 10.624904 -2.966034 12.007870 -14.390520 -24.747721 12.797667 1.019289 -4.670515 10.019720 10.990553
-0.115590 20.537849 3.420974 2.668121 4.020615 -20.631084 10.157086 24.303453 12.843778 1.598331 -2.798152 -1.531892 -4.336796 -15.481218 1.103811 -5.736981 2.092964 -1.561845 5.605497 -1.757864 8.262362 -2.462119 11.756312 -14.364614 -26.070082 13.194710 -0.242671 -5.733920 10.026701 10.090787
-0.136808 22.108635 3.816688 2.208621 4.049187 -18.669952 12.922578 23.978071 14.670578 4.189827 -2.132086 -2.247751 -4.773992 -14.837959 0.663139 -6.438265 2.169455 -1.954733 5.445288 -3.428169 7.150952 -2.620291 11.340478 -12.860396 -27.306566 11.926579 -0.870140 -6.351303 11.000375 10.446106
0.382959 22.762295 4.644939 1.293184 5.359455 -15.685303 15.388419 24.648897 15.527445 6.842362 -1.098946 -2.661806 -5.698829 -14.568902 0.381752 -6.506553 2.143024 -1.327955 5.609894 -5.304627 5.975436 -3.257552 11.055978 -9.249158 -29.693800 9.639043 -1.389484 -5.449477 11.582510 11.822238
0.231809 21.901138 3.996567 1.056291 7.850689 -12.200351 19.394850 24.043371 17.588152 8.248089 0.274449 -3.221652 -6.098032 -14.355484 0.687132 -6.036742 1.851240 0.249757 5.930268 -7.056842 3.934319 -4.504461 10.441178 -6.574191 -31.978361 7.832072 -1.618304 -4.459652 11.395000 12.789037
0.182164 21.824127 3.632148 1.295346 8.361219 -12.318126 19.536585 23.806965 17.939711 8.546618 0.503551 -3.183534 -6.026650 -14.403067 0.645973 -5.962886 1.779283 0.349182 6.078309 -6.949914 3.064869 -4.475180 10.446641 -6.409905 -32.296864 7.784598 -1.915794 -4.340388 10.829180 13.362115
0.310323 21.745968 3.616290 1.340564 8.628412 -11.957444 19.490404 23.605989 17.806566 8.442934 0.548126 -3.113797 -6.129329 -14.334246 0.590273 -5.943116 1.764512 0.311747 5.998304 -7.104302 2.967010 -4.460197 10.505610 -6.393828 -32.311146 7.823840 -1.974651 -4.459731 10.767506 13.300720
0.206175 21.777840 3.486360 1.377598 8.528009 -12.088397 19.802805 23.573107 18.085781 8.532342 0.634881 -3.210840 -6.116119 -14.314785 0.630445 -5.944142 1.802696 0.403356 6.003913 -7.179159 2.916876 -4.377384 10.469064 -6.389167 -32.367950 7.850130 -2.052057 -4.392856 10.650492 13.342730
0.121867 21.847710 3.458632 1.292329 8.555148 -12.027875 19.884392 23.428877 18.123367 8.443055 0.727451 -3.155622 -6.075215 -14.259935 0.642607 -5.858007 1.796741 0.407593 5.928769 -7.224629 2.898014 -4.347995 10.493520 -6.417278 -32.363171 7.922533 -1.896428 -4.358992 10.683005 13.386055
0.306544 21.784184 3.510618 1.342624 8.697424 -11.848866 19.683714 23.514585 17.900904 8.466450 0.753269 -3.128959 -6.043108 -14.285320 0.552126 -5.883684 1.764980 0.405057 6.036722 -7.175719 2.893443 -4.423904 10.594135 -6.398351 -32.376980 7.884232 -1.912923 -4.368423 10.696233 13.438963
0.350320 21.778385 3.488492 1.290510 8.710395 -11.848690 19.619226 23.534876 17.875654 8.482788 0.753967 -3.065652 -6.071731 -14.288454 0.563502 -5.841706 1.747997 0.427476 6.006214 -7.187092 2.930851 -4.466506 10.524185 -6.382006 -32.358044 7.844624 -1.926573 -4.377354 10.730124 13.442238
