10.387708 29.511848 -6.616096 6.489487 13.998188 4.157941 -1.314357 14.167791 1.010588 -7.273647 -4.373876 1.310554 -1.298046 -9.757654 5.354401 -2.078809 -5.410078 3.202072 -9.651755 -2.861058 -2.958616 15.385571 -13.027261 15.106860 -15.111693 19.008341 9.788391 -13.311433 -0.065774 9.275934
10.434008 29.521603 -6.550657 6.529122 14.069008 4.197289 -1.268236 14.169715 0.986933 -7.398169 -4.396201 1.329239 -1.314360 -9.755323 5.318748 -2.099565 -5.433794 3.181737 -9.699535 -2.820984 -2.928719 15.518346 -13.442859 15.124471 -15.165813 19.018648 9.928710 -13.249948 -0.071487 9.132410
10.744282 29.799473 -9.279119 1.468270 11.341464 7.524324 0.014232 9.620864 -1.981136 -7.305086 -2.814848 3.169443 -2.359153 -5.962359 6.464979 -3.177838 -8.791267 2.543462 -9.452816 -3.637609 -5.665813 11.252422 -13.157466 14.150477 -11.676623 15.978959 16.388752 -11.628060 -6.582163 6.911586
9.646018 31.823341 -9.732346 -3.437731 12.091204 3.589755 -1.789989 8.081537 -2.996465 -6.230017 -2.905298 2.967576 -4.732599 -6.040458 4.809620 -4.956640 -8.250370 1.874283 -9.840851 -4.830109 -8.591100 10.462296 -12.980031 10.457459 -12.543357 14.932360 19.640882 -11.747183 -7.960589 8.962432
9.661543 33.230335 -11.283820 -5.439694 13.275743 1.190866 -1.210102 6.061948 -3.712645 -4.951742 -3.293542 2.531321 -5.678548 -5.096957 5.004265 -6.153599 -8.319042 2.131692 -9.584418 -6.252239 -10.726361 10.841154 -12.746789 8.249333 -12.306135 15.401306 20.963825 -11.831010 -8.031844 7.234668
9.236643 31.575729 -12.317924 -5.806424 14.470320 0.975855 0.147305 5.574282 -4.086474 -5.699245 -3.393950 3.126079 -5.723949 -4.683417 5.879931 -5.634676 -8.721252 3.222342 -9.308855 -6.601445 -12.153411 12.116905 -12.460448 6.782415 -11.897387 16.474640 21.166937 -11.418438 -8.985249 5.317905
8.854918 30.943672 -12.997266 -5.912842 15.020161 1.621838 0.901793 5.123877 -4.095587 -6.257815 -3.264074 3.551893 -5.470797 -4.518548 6.332108 -5.119114 -9.058002 3.742454 -9.264400 -6.439711 -13.054243 13.368067 -12.239999 5.655275 -11.810045 17.253311 21.307840 -10.659457 -10.165035 4.481953
8.278790 30.987707 -13.083521 -6.561765 15.070742 1.720773 1.305087 4.665584 -4.540243 -6.339244 -3.221376 3.351861 -5.072293 -4.289579 6.489170 -5.136076 -8.949177 3.533431 -9.291133 -6.654404 -13.295286 13.684811 -12.204431 4.804167 -12.390879 16.753574 20.980211 -11.146361 -10.307025 3.646756
7.661928 31.551683 -12.837782 -7.262900 14.740549 1.752632 1.667251 4.090556 -5.372682 -6.029659 -3.140653 3.336638 -5.051066 -4.003307 6.601150 -5.253641 -8.735901 3.316138 -9.386415 -7.052012 -13.627689 13.634190 -12.251897 4.231474 -12.604676 16.425875 21.091311 -11.358377 -10.566829 2.905915
7.391654 31.602516 -12.854962 -7.496910 14.271941 1.873837 1.480684 3.916007 -5.781590 -5.546880 -3.036030 3.288213 -5.004473 -3.757349 6.618884 -5.327978 -8.476425 3.131663 -9.552400 -7.304272 -14.156077 13.551856 -12.275125 4.175249 -12.687392 16.513538 21.137592 -11.913573 -10.417909 2.395654
7.057227 31.859907 -12.871859 -8.018967 13.967726 1.754390 1.298694 3.779081 -6.357725 -5.035686 -3.075130 3.113565 -5.281878 -3.659164 6.698431 -5.461121 -8.233072 3.444218 -9.617021 -7.533347 -14.453778 13.268593 -11.965499 4.376347 -12.653783 16.688379 21.211458 -12.783820 -9.892551 0.926356
6.716623 31.818949 -12.799367 -8.583864 14.036832 1.442955 1.093071 3.832178 -6.732641 -4.870427 -3.166373 2.918329 -5.464262 -3.670188 6.805329 -5.526880 -8.120663 3.738312 -9.600571 -7.657164 -14.379002 12.958047 -11.730095 4.308596 -12.727873 16.730879 21.494577 -13.273925 -9.230380 0.138767
6.474553 31.872974 -12.416520 -9.050354 14.499119 1.089702 1.584900 3.933678 -7.188892 -5.010408 -3.306171 2.741245 -5.300694 -3.700514 7.072303 -5.446708 -8.120203 4.013319 -9.463171 -7.617284 -14.750715 12.662331 -11.665974 4.718446 -12.522263 17.224209 21.397219 -13.791558 -8.845913 -0.409164
6.750431 32.546200 -12.284910 -9.162663 14.734035 0.721233 2.340648 3.507065 -7.698977 -4.892856 -3.430225 2.442736 -4.965212 -3.598503 7.288638 -5.417193 -8.072485 4.081903 -9.358118 -7.645530 -15.103232 13.565285 -11.774676 5.013018 -12.201105 17.468855 20.729445 -14.035083 -9.474643 -1.131628
6.919954 33.614101 -12.535071 -9.508028 14.374748 0.442843 2.815461 2.548951 -8.633294 -3.862869 -3.534757 2.246019 -5.142418 -3.581214 7.606945 -5.403381 -7.881610 4.514884 -9.277703 -7.947667 -15.395832 15.347666 -11.995967 5.112136 -12.144054 17.404276 19.758795 -13.968913 -10.405088 -1.462837
7.176291 33.599079 -13.527919 -9.411278 14.009071 -0.203602 2.326617 1.997955 -8.592252 -2.943812 -3.597301 2.063635 -5.204075 -3.396359 7.850317 -5.363447 -7.677054 4.858822 -9.421367 -8.342094 -16.345911 16.969049 -12.375428 4.956117 -11.721716 17.804852 18.804335 -13.529365 -11.459819 -1.645247
7.077491 33.858334 -13.910715 -9.515841 13.755920 -0.247043 2.415696 1.421947 -8.944961 -2.442777 -3.584176 2.056237 -5.196560 -3.271482 7.949438 -5.335466 -7.595850 4.866301 -9.454918 -8.494657 -16.662203 17.360132 -12.437836 4.711106 -11.783767 17.758211 18.575079 -13.550395 -11.610569 -1.620690
7.010089 33.856560 -14.028753 -9.268530 13.630104 -0.211212 2.410270 1.353864 -8.928762 -2.256133 -3.618448 1.907564 -5.117159 -3.193473 8.013546 -5.390705 -7.509943 4.848110 -9.483233 -8.577644 -16.794897 17.479692 -12.474530 4.667915 -11.714716 17.681137 18.612616 -13.498284 -11.814905 -1.590091
6.866513 33.719971 -14.194680 -9.311632 13.651653 -0.167685 2.482029 1.101715 -8.964709 -2.239647 -3.599945 1.913359 -5.074008 -3.147067 8.039813 -5.360240 -7.519209 4.897733 -9.540683 -8.563677 -16.811636 17.539831 -12.529826 4.536357 -11.591206 17.536915 18.515411 -13.387817 -12.089790 -1.669985
6.870095 33.868343 -14.128387 -9.141121 14.034575 -0.134897 2.730930 1.137292 -8.880845 -2.417908 -3.607460 1.916221 -5.037321 -3.202781 8.041386 -5.329487 -7.544595 4.895970 -9.509870 -8.529252 -16.634434 17.702173 -13.783408 4.775626 -11.765087 17.326483 19.025579 -13.383044 -12.019365 -1.986444
6.787127 33.715454 -13.935325 -9.103643 15.199709 -0.759837 2.804958 1.763725 -8.303237 -3.044548 -3.500973 2.084896 -5.197904 -3.233638 7.657984 -5.255418 -7.918310 4.969638 -9.705621 -8.141238 -17.076311 16.292406 -13.856955 5.636850 -11.250525 17.909813 20.126326 -13.722723 -11.498177 -1.335626
6.769052 34.072224 -11.872878 -11.627756 7.801658 4.571186 2.643087 2.024230 -11.820262 -2.327399 -3.981182 -0.033649 -3.451713 -3.385965 8.922559 -6.400294 -6.422597 3.207938 -8.434735 -8.940598 -12.861861 16.339346 -12.202939 5.752881 -15.044359 15.130655 15.514430 -18.089705 -8.251175 -5.200020
6.053298 33.977840 -11.854760 -14.264709 4.978903 6.586055 3.625543 1.217550 -13.316798 -2.517816 -3.918022 -0.788782 -2.551654 -3.452309 9.836281 -6.322333 -5.373654 3.170761 -8.367019 -9.230028 -12.574763 15.213749 -10.649709 5.605546 -15.900894 14.506627 14.376907 -20.932905 -6.992718 -8.142662
4.593873 30.961788 -14.026984 -15.676847 3.162033 7.907539 0.060309 1.592815 -12.264064 -2.838441 -2.879045 -0.747293 -0.885934 -2.495384 10.289212 -5.937493 -4.914037 1.796449 -9.351267 -9.118082 -10.728513 16.334417 -9.527453 4.655290 -15.955126 13.359488 13.703429 -18.878233 -9.397801 -8.960088
4.659037 33.124657 -12.724596 -13.175297 4.432174 7.748202 1.714790 1.744515 -12.013274 -2.613303 -3.384845 0.284634 -2.015531 -3.461013 9.455978 -6.091108 -5.523715 2.080281 -8.346697 -8.850205 -10.963817 13.324574 -10.485676 4.885338 -16.158476 13.561827 16.069963 -19.396463 -7.205267 -7.687276
4.411270 32.619194 -12.759068 -12.739425 4.136765 8.262378 1.206312 1.999677 -11.882394 -2.607589 -3.166616 0.116368 -1.596976 -3.402206 9.542509 -5.946278 -5.298322 1.739638 -8.638610 -8.820414 -10.530072 13.042368 -10.314938 4.790776 -16.249815 13.374423 16.081823 -19.123297 -7.074422 -7.429421
4.666384 32.953056 -12.557623 -12.970863 4.212322 8.212213 1.339915 1.981254 -11.966586 -2.625743 -3.196152 0.050509 -1.546117 -3.441357 9.644251 -5.940890 -5.188281 1.793350 -8.611859 -8.846043 -10.491405 13.724039 -10.342246 4.986596 -16.258490 13.488762 15.396110 -19.261578 -7.620286 -7.753796
4.504549 32.879021 -12.595059 -12.873831 3.939522 8.438041 1.251292 1.955447 -11.990044 -2.542877 -3.145859 -0.022573 -1.491658 -3.463554 9.679228 -5.986875 -5.137210 1.742475 -8.646670 -8.859550 -10.322722 14.006129 -10.305772 4.987803 -16.265560 13.618027 15.202991 -19.106092 -7.655095 -7.680254
4.478948 32.795616 -12.639737 -12.845711 3.881250 8.548871 1.258652 1.908404 -11.978508 -2.554800 -3.089462 0.042425 -1.421915 -3.416799 9.661177 -5.984885 -5.114213 1.629386 -8.676627 -8.817911 -10.238652 14.048149 -10.332330 5.005064 -16.329498 13.581570 15.163195 -19.123667 -7.610240 -7.705070
4.481182 32.881355 -12.602914 -12.848581 3.921658 8.490068 1.276294 1.934798 -12.021683 -2.524684 -3.150953 0.014680 -1.489553 -3.470686 9.683391 -5.968191 -5.131801 1.742897 -8.627507 -8.851368 -10.260183 14.071714 -10.335502 5.037422 -16.321629 13.600759 15.113011 -19.158323 -7.567403 -7.687493
4.513505 32.789478 -12.574539 -12.983837 3.980877 8.374743 1.245800 2.008548 -11.990293 -2.638207 -3.167080 -0.013652 -1.485192 -3.467419 9.692665 -5.983357 -5.120864 1.762770 -8.619045 -8.849322 -10.236268 13.899689 -10.316784 5.038367 -16.322960 13.593830 15.258359 -19.226408 -7.450406 -7.667982
4.512308 32.789646 -12.548289 -12.969079 3.969286 8.380127 1.203316 2.061028 -11.969309 -2.637197 -3.184164 -0.054637 -1.479660 -3.498129 9.657543 -5.982756 -5.144007 1.769266 -8.643346 -8.821984 -10.194453 13.896842 -10.334654 5.073769 -16.341959 13.612006 15.237639 -19.236050 -7.396151 -7.747043
4.891161 32.145077 -13.179173 -10.213579 4.004598 8.149621 -0.663645 2.964579 -10.066995 -2.483694 -2.845197 1.041153 -1.954722 -3.445691 8.690744 -5.987571 -5.771894 0.970924 -8.830666 -8.239079 -9.149333 13.106553 -10.996575 5.246490 -15.190900 13.738786 17.933367 -16.063704 -8.206852 -5.691132
5.050004 32.350384 -13.811104 -7.927583 3.430641 9.946057 -2.182004 1.816409 -8.673644 -1.486900 -2.355713 1.393279 -2.795292 -2.971365 7.879035 -7.071520 -5.854070 -0.855417 -8.820957 -8.757961 -9.215734 11.898434 -11.657296 4.603987 -14.632029 13.299103 20.045168 -13.189541 -9.541389 -2.182289
4.821550 32.095310 -14.169663 -6.483690 2.550901 12.402283 -2.760839 1.236699 -7.670922 -1.205020 -1.942062 1.877419 -3.156894 -2.773676 7.446342 -7.705893 -5.711489 -2.306498 -8.677176 -8.769093 -9.488769 11.394798 -11.594810 3.857916 -15.138617 12.689359 20.197556 -12.861865 -9.500746 -0.120655
5.804211 29.982283 -14.921809 -4.723268 0.550225 14.617913 -4.317417 1.313241 -6.198030 -1.507189 -1.230373 3.484652 -3.357056 -3.049192 7.163907 -6.573075 -5.726235 -3.417627 -8.901628 -8.377890 -8.937371 11.706857 -11.521952 3.212028 -15.848040 12.812323 21.035372 -11.959539 -8.902856 2.337975
7.966506 27.642014 -16.050186 -2.478783 -2.377113 16.876116 -5.053295 2.496187 -5.511075 -1.746638 -0.795197 5.157688 -3.024146 -3.519980 5.967773 -5.047663 -6.139675 -4.679288 -9.339602 -7.970545 -7.271075 12.287867 -12.252784 3.032599 -16.877132 12.276573 22.276527 -10.485970 -8.083589 5.800721
8.639405 25.119438 -17.643002 -0.850611 -4.427904 17.523756 -6.281225 4.027142 -4.381283 -2.169501 -0.920067 5.761222 -2.274882 -3.901316 5.734042 -4.387541 -6.457046 -5.301480 -8.972486 -7.444764 -6.366550 11.826333 -12.480069 4.179101 -16.451666 11.419138 22.491446 -9.690076 -8.915169 8.499185
8.511184 23.191723 -18.344831 -0.170468 -5.921916 18.977684 -7.044317 4.842300 -3.468649 -2.742082 -0.708546 6.158739 -2.315097 -4.074401 5.926332 -4.164338 -6.347699 -5.706883 -8.652754 -7.096162 -6.263761 10.701395 -13.267819 5.652234 -15.334335 10.761015 22.419535 -9.400445 -9.782220 10.486068
8.522166 21.808266 -19.764769 1.100963 -5.963014 18.318266 -7.611631 5.241021 -2.559707 -2.674478 -0.660010 6.311912 -1.894617 -4.310020 6.197120 -4.216703 -6.024066 -6.408916 -8.248415 -7.359551 -5.824943 10.550311 -12.217259 7.247779 -13.156202 11.974963 22.066187 -7.638738 -11.024616 10.364886
6.170213 19.296591 -23.553892 4.568844 -9.021799 20.090788 -8.804883 5.021308 -4.796266 0.757181 -1.204104 5.234758 -0.137262 -4.593945 6.131901 -5.624090 -5.009827 -8.445288 -7.194824 -8.670568 -5.888319 10.462140 -11.989833 9.048569 -10.773412 14.370461 22.635643 -5.762979 -11.969713 9.306129
1.925776 18.712257 -26.726149 9.208913 -11.288675 21.016268 -8.452167 4.199895 -6.452186 4.881151 -1.432816 3.840059 1.570099 -4.944613 7.077980 -5.607024 -3.188622 -9.618212 -6.698932 -9.305916 -5.111769 9.376319 -9.984152 9.731518 -9.111773 16.167929 23.057262 -3.563020 -12.836016 8.834191
-0.051848 18.960560 -27.809721 10.363463 -11.806269 21.023186 -8.277316 4.066897 -7.035842 6.493714 -1.392225 3.466524 2.418622 -5.158270 7.416011 -5.322898 -2.368038 -10.117835 -6.659176 -9.492245 -4.923333 9.270908 -9.741792 10.278342 -8.563268 16.804972 23.203936 -3.018832 -13.193745 8.725282
-0.303784 18.815243 -27.750917 10.342413 -11.907882 21.089561 -8.785750 4.366316 -7.117286 6.546725 -1.319250 3.541129 2.491056 -5.121367 7.531343 -5.092407 -2.372131 -10.170286 -6.696256 -9.431087 -4.686006 9.707009 -12.420607 10.783404 -8.617245 16.667074 24.153835 -2.868155 -12.870741 7.773109
-0.279122 18.793358 -27.780020 10.506081 -11.805115 21.143648 -8.600020 4.371905 -7.018172 6.462808 -1.310575 3.482271 2.509554 -5.146381 7.580225 -5.070246 -2.315007 -10.220589 -6.656183 -9.433109 -4.639009 9.710772 -11.847005 10.890868 -8.574268 16.856508 23.865269 -2.789181 -12.837185 7.926829
-0.356988 18.757307 -27.845636 10.567849 -11.832740 21.120720 -8.496375 4.322420 -6.995171 6.485703 -1.337659 3.521152 2.523103 -5.126043 7.543124 -5.117178 -2.344416 -10.221972 -6.642510 -9.474348 -4.739519 8.546206 -8.220605 10.438852 -8.050360 17.035967 22.478136 -3.145036 -13.008538 9.051866
-0.395140 18.737873 -27.835192 10.491381 -11.935008 21.180861 -8.677741 4.381287 -6.920465 6.481407 -1.310898 3.530402 2.474178 -5.161995 7.515281 -5.085096 -2.359801 -10.245481 -6.669702 -9.453856 -4.688833 9.165143 -9.531796 10.551139 -8.368319 17.069281 22.968475 -2.860563 -12.942097 8.585815
-0.469054 18.823872 -27.725782 10.349543 -12.434391 21.349176 -8.744458 4.456408 -7.233959 6.711223 -1.307171 3.536067 2.440404 -5.125223 7.547775 -5.053885 -2.358840 -10.234385 -6.658312 -9.452133 -4.573939 9.449198 -10.528428 10.668775 -8.480738 17.018074 23.335123 -2.759195 -12.897250 8.115350
-0.418316 18.788837 -27.832060 10.455217 -12.039917 21.218100 -8.720975 4.390762 -7.108180 6.597978 -1.312653 3.509990 2.446238 -5.153723 7.535820 -5.088940 -2.350065 -10.274312 -6.649983 -9.486573 -4.636453 9.381315 -10.575560 10.729369 -8.458924 16.968307 23.334639 -2.820057 -12.907228 8.234976
-0.416311 18.765369 -27.865417 10.507658 -11.904775 21.127464 -8.762901 4.406994 -6.987397 6.552811 -1.304174 3.489779 2.483613 -5.161050 7.566902 -5.063851 -2.326720 -10.217712 -6.666194 -9.430090 -4.639071 9.388880 -10.570914 10.722983 -8.430544 16.970842 23.386593 -2.761321 -12.947351 8.267697
