-7.300183 23.153946 -21.303553 12.952484 -6.950162 3.078667 7.442106 9.845103 15.362273 8.474009 -3.567483 6.322596 -0.516690 -9.674265 9.852594 0.038119 -1.829069 -0.182309 -5.013176 -6.118242 9.055824 5.954791 10.271703 -13.722854 -11.727000 11.057775 0.978864 -27.523087 -2.026639 20.603458
-7.777678 23.059196 -21.519796 13.001443 -7.376410 2.555130 8.165059 9.726896 16.087603 8.422392 -3.580306 6.387158 -0.525299 -9.661635 9.845769 0.048493 -1.841388 -0.206583 -5.023064 -6.095281 9.460879 5.994050 10.297738 -14.206622 -11.361429 11.171659 1.011700 -27.839800 -2.075993 20.696318
-12.673689 9.926016 -13.890519 16.597485 -2.203959 -1.633842 19.833782 17.126688 12.273965 8.173140 -5.134897 7.712703 -3.410934 -12.202923 4.693538 -1.306918 0.597011 -6.162074 -3.327585 0.527101 12.582857 1.352713 6.208684 -22.434649 -12.367910 14.455702 -14.045566 -20.855204 -2.117327 6.303004
-10.358153 12.000730 -16.385906 17.732950 -2.846432 -4.698644 17.427080 16.519135 11.560273 8.431004 -4.960975 7.188818 -3.033715 -12.443274 5.107360 -1.573951 -0.346181 -5.427768 -2.446935 -0.059930 13.305557 3.666402 8.170885 -22.644085 -12.854264 15.011719 -11.462491 -19.980925 -2.103378 7.238296
-10.032738 12.569578 -16.073511 19.282036 -2.364671 -5.391037 16.756638 15.794473 12.790982 8.838898 -4.663117 6.952398 -2.779655 -12.774504 5.160625 -1.368726 -0.600034 -4.680165 -1.834933 -0.359192 13.264434 4.182528 8.781936 -24.328289 -12.338489 16.223547 -9.248070 -18.667513 -2.091304 8.755496
-9.493110 13.547852 -15.547263 19.794222 -2.887851 -5.900877 15.513080 15.498581 13.356977 9.591978 -4.400486 6.512454 -2.579679 -13.113020 4.987997 -1.323220 -0.475621 -4.157210 -1.241604 -0.397623 13.103432 3.848841 9.031550 -24.557491 -12.709835 16.509472 -7.620330 -17.772121 -1.385840 10.201355
-9.147227 13.697433 -15.165822 20.094576 -3.302926 -6.350143 14.952800 15.730403 13.664900 10.070395 -4.370878 6.068622 -2.650445 -13.270052 4.846047 -1.483300 -0.136813 -3.727242 -0.904123 -0.465191 13.841686 3.176734 9.058150 -24.323494 -12.649107 16.413622 -6.507182 -17.707376 -0.017068 10.936328
-8.929920 14.948599 -14.428582 18.956020 -4.914836 -7.052826 13.973675 16.227995 13.022505 10.601420 -4.540723 5.061543 -2.426839 -13.158562 5.063450 -1.877921 0.682968 -3.323079 -0.858056 -0.495044 14.911800 1.788939 8.962762 -23.409431 -13.090156 15.575113 -5.311953 -16.948135 2.143984 12.362247
-8.638676 15.697931 -14.064120 17.415861 -6.693244 -8.092591 12.700158 17.219639 11.683030 10.364137 -4.906150 3.671499 -2.042639 -13.118530 5.276586 -2.565729 1.443525 -3.014951 -0.809991 -1.059984 15.565448 -0.388519 9.102128 -22.441124 -13.281531 14.872388 -4.097422 -16.954126 4.146410 13.964185
-8.223492 15.872480 -13.378022 16.209200 -7.939095 -8.281281 11.745884 17.652504 10.905920 10.712740 -4.676043 2.659462 -1.962687 -13.318071 5.099085 -2.824878 1.854202 -2.353382 -0.279498 -1.608205 15.774741 -1.816799 9.518221 -21.005211 -13.756330 13.990367 -2.799447 -16.178564 5.497954 15.647336
-7.675303 16.521893 -13.413450 14.775578 -9.221680 -8.954534 9.872799 18.205503 10.288266 11.199515 -4.425873 1.767572 -1.271012 -13.541805 5.081093 -2.844295 1.822561 -1.890324 0.215711 -1.965353 15.732863 -3.000474 9.921285 -19.790611 -14.430651 13.387886 -0.770404 -15.695094 6.686190 16.607586
-6.836234 16.255325 -13.895404 14.575436 -10.333210 -9.678525 8.230348 18.623564 10.034148 10.930059 -4.044147 1.460487 -0.621103 -13.907679 5.034378 -2.339571 1.545653 -1.200576 0.800215 -2.089379 15.916549 -2.783830 10.965648 -18.626419 -15.660675 13.405302 1.258739 -14.514781 7.502588 16.176451
-5.541279 15.547468 -15.871991 16.306402 -11.665582 -11.353669 6.667298 18.337858 9.742764 9.549368 -3.791413 1.312469 0.750579 -14.332792 5.406728 -1.337993 1.200755 -0.311828 1.291002 -1.247447 16.666388 -1.433706 12.115518 -17.632153 -16.653799 13.448390 3.753586 -12.517085 7.877658 16.155661
-4.220926 15.689378 -16.108688 16.690615 -12.847102 -11.754876 5.324502 19.015537 9.994548 9.665326 -3.445977 0.799416 1.767601 -14.502024 5.904772 -0.720254 1.354964 0.818546 1.518509 -0.732547 16.668520 0.034675 13.012765 -16.569536 -17.594532 13.298765 5.189012 -11.460129 8.028650 17.004732
-4.346173 15.929481 -16.056721 16.761625 -12.825686 -11.726794 5.347492 18.820656 10.069831 9.590075 -3.415839 0.826537 1.690576 -14.498566 5.895197 -0.757747 1.316165 0.809039 1.562367 -0.765478 16.723612 -0.037813 13.058696 -16.570305 -17.561510 13.273726 5.354010 -11.374465 8.100342 17.277645
-4.142252 15.698986 -16.021002 16.868685 -12.881108 -11.811681 5.189158 18.954622 9.912900 9.617287 -3.481764 0.748031 1.854039 -14.528543 5.893070 -0.726962 1.357183 0.823381 1.559996 -0.736132 16.847929 -0.120901 13.065396 -16.460173 -17.678076 13.258003 5.400238 -11.117189 8.246802 17.118546
-4.227960 15.770887 -16.092247 16.773821 -12.791784 -11.757068 5.331761 18.937147 9.949039 9.641949 -3.446847 0.831576 1.791618 -14.500845 5.909886 -0.699980 1.318220 0.786631 1.511078 -0.699701 16.669909 0.052214 13.010279 -16.548006 -17.619434 13.299850 5.174167 -11.409168 8.071994 17.108950
-4.185576 15.762405 -16.033537 16.879047 -12.868452 -11.925762 5.185381 18.926023 9.826576 9.649389 -3.433515 0.723117 1.826138 -14.561525 5.865842 -0.727627 1.332154 0.858470 1.635190 -0.742457 17.000467 -0.172104 13.176215 -16.370090 -17.651320 13.267876 5.537156 -10.973867 8.330090 17.265526
-4.216503 15.751426 -15.994088 16.749392 -12.899027 -11.766020 5.273823 18.913389 9.942155 9.660906 -3.481830 0.769793 1.817099 -14.523129 5.900267 -0.710528 1.386624 0.826978 1.541555 -0.730496 16.838135 -0.156079 13.113017 -16.363724 -17.685179 13.209506 5.369144 -11.303746 8.270709 17.122347
-4.279856 15.871881 -16.108763 16.872738 -12.800850 -11.670522 5.497690 18.835642 10.092920 9.611492 -3.439673 0.815241 1.759805 -14.507454 5.921335 -0.716349 1.345099 0.816637 1.538852 -0.726126 16.721064 -0.168351 13.189416 -16.577072 -17.515949 13.292391 5.364939 -11.416033 8.176249 17.334349
-4.265692 15.815171 -16.001284 16.846312 -12.825150 -11.803197 5.331262 18.825781 9.992895 9.640730 -3.469003 0.766525 1.835858 -14.535484 5.892399 -0.717353 1.362536 0.825069 1.568522 -0.716650 16.757925 -0.197183 13.220049 -16.480347 -17.717365 13.222795 5.281178 -11.281325 8.259171 17.142300
-4.274666 15.807306 -16.027153 16.777719 -12.860285 -11.758049 5.387410 18.854462 10.060729 9.663441 -3.461636 0.805600 1.828144 -14.516126 5.926016 -0.694080 1.354987 0.851959 1.530068 -0.720537 16.651731 -0.110756 13.189647 -16.445030 -17.743671 13.242033 5.192698 -11.314614 8.170423 17.115196
-7.418079 16.591776 -9.431111 15.181736 -15.102474 -0.898604 0.509109 17.112745 15.408191 8.194271 -0.044117 3.062310 0.462414 -12.792000 5.073645 2.517066 4.342638 2.753063 -1.246327 -0.113915 14.853472 -1.501561 9.781871 -8.929480 -19.313978 6.797330 1.404803 -9.419467 5.884941 27.217121
-15.758961 20.464352 -0.656186 10.922108 -11.559832 5.689231 -1.189874 13.313532 14.865083 7.861114 1.891750 4.006744 -3.107456 -11.819456 3.713010 2.097660 6.649936 3.504626 -1.532591 -1.697978 8.201838 -5.921978 4.108382 -5.580228 -20.410177 1.641693 -8.688308 -12.366148 1.049992 29.125271
-17.655090 21.770416 0.844095 10.297071 -9.473782 6.748693 -1.297563 11.980403 14.648315 8.028370 1.676802 3.128727 -3.901631 -10.505182 5.339973 1.821593 7.382139 5.763967 -2.359010 -2.922775 8.319228 -9.833210 2.055863 -3.052956 -21.513262 -0.719014 -6.389093 -11.148483 4.216718 32.567760
-18.291691 20.314142 1.803184 10.680659 -9.988440 7.393282 -0.464425 12.209386 15.118699 7.234782 2.192675 3.388217 -3.309881 -10.036745 5.612324 2.758613 7.911503 5.820643 -3.439841 -2.750257 9.355351 -8.720104 0.459391 -2.509426 -21.915550 -0.323721 -7.541148 -9.819372 4.604259 32.785076
-18.152653 19.497803 2.150875 10.567309 -10.828417 7.507397 -0.707727 12.928210 15.362329 6.980412 2.172805 3.564804 -3.043800 -10.043114 5.559488 2.893431 7.864096 5.818938 -3.461484 -2.634888 10.000604 -8.321918 0.956219 -2.600690 -21.846617 0.020859 -7.432704 -9.192947 4.707852 32.483559
-18.458294 18.905266 2.462402 11.027518 -10.402660 7.667201 -0.253912 12.970268 15.513412 6.767748 2.312519 3.883051 -2.857769 -9.747357 5.417217 3.029184 8.049080 5.591198 -3.886624 -2.459018 10.275187 -7.721575 0.498625 -2.647293 -21.978861 0.388956 -8.087833 -8.710925 4.726298 32.122311
-18.294468 17.024570 2.612662 11.769289 -11.122074 8.109750 -0.134416 13.754745 15.731620 5.723372 2.734851 4.343191 -2.251309 -9.404757 5.464196 3.483591 8.200693 5.413078 -4.376772 -1.926357 11.831741 -6.673723 0.285724 -2.336264 -22.064100 0.492078 -9.532457 -8.336105 4.996220 31.486086
-18.242111 16.618460 2.412449 11.632930 -11.187822 8.205616 -0.091923 13.898095 15.568615 5.402623 2.894824 4.474064 -2.137825 -9.268833 5.580886 3.620682 8.221163 5.441713 -4.541914 -1.991470 11.921905 -6.534142 0.095799 -2.203929 -22.232813 0.499000 -9.522841 -8.102755 5.257197 31.322811
-18.435490 16.129320 2.726406 11.879044 -11.267823 8.555987 0.293751 14.160289 15.744410 5.124100 2.963277 4.653722 -1.916239 -9.191168 5.427654 3.654201 8.261423 5.277347 -4.593458 -1.784782 12.172041 -6.287483 -0.044295 -2.232921 -22.207975 0.545235 -9.759336 -7.830480 5.138031 31.297771
-18.340759 15.489069 2.904148 11.935122 -11.474596 9.200660 0.556682 14.554978 15.490269 4.561357 3.143798 4.774558 -1.709938 -9.025414 5.394522 3.636506 8.342709 5.071655 -4.761754 -1.674884 12.886867 -6.082634 -0.092008 -1.988376 -22.078150 0.613389 -10.474795 -7.708920 5.423937 31.064707
-18.491899 15.548861 3.136182 11.943257 -11.574476 9.300918 0.799466 14.579318 15.363467 4.484430 3.181836 4.821488 -1.770460 -8.986305 5.388194 3.652621 8.357035 5.091756 -4.773903 -1.704544 12.820600 -6.165355 -0.213040 -2.093089 -22.024874 0.631574 -10.496529 -7.657428 5.397942 30.996742
-18.414070 15.611481 2.959464 11.942986 -11.291529 9.157503 0.725865 14.357381 15.606825 4.782062 3.099052 4.736387 -1.758983 -9.059020 5.436559 3.636226 8.302332 5.183700 -4.726795 -1.719607 12.767658 -6.123528 -0.082748 -1.961531 -22.118444 0.584340 -10.437668 -7.669055 5.351114 31.158997
-18.339653 15.710802 3.009502 11.950006 -11.446795 9.280704 0.715608 14.463924 15.496861 4.721295 3.104370 4.699456 -1.852199 -9.041873 5.453647 3.636601 8.393551 5.197655 -4.749485 -1.709664 12.810021 -6.241465 -0.090916 -1.922451 -22.114397 0.559718 -10.662726 -7.692379 5.432122 31.131699
-18.534218 15.833241 2.980075 11.957014 -11.247097 8.940824 0.591860 14.233836 15.390770 4.732680 3.020927 4.664321 -1.897338 -9.082636 5.439366 3.549500 8.268040 5.167648 -4.649362 -1.745831 12.443605 -6.145158 -0.096427 -2.148493 -22.022856 0.643132 -10.426816 -7.728955 5.029098 31.106472
-18.577461 15.876447 3.118879 11.980705 -11.165720 9.145359 0.708496 14.206701 15.407088 4.780448 3.079618 4.699278 -1.942284 -9.027846 5.466390 3.569001 8.331894 5.209532 -4.714589 -1.757110 12.531016 -6.225901 -0.153860 -2.060250 -22.044062 0.616100 -10.643112 -7.751085 5.130759 31.162891
-18.607342 15.958596 3.072215 12.181942 -10.765087 9.178161 1.095514 14.030067 15.475239 4.795628 3.061955 4.780664 -2.022519 -9.042131 5.351675 3.578573 8.287338 5.118500 -4.717103 -1.827824 12.434639 -6.112195 -0.171753 -2.060098 -22.164213 0.624043 -10.706588 -7.783873 5.153003 31.059067
-18.547836 15.862374 3.086066 12.068678 -11.027754 9.200044 0.876517 14.178407 15.413692 4.694579 3.078385 4.677246 -1.962123 -9.009048 5.426090 3.547401 8.358557 5.183218 -4.725146 -1.792877 12.465019 -6.152407 -0.249266 -2.131677 -22.105772 0.663042 -10.614564 -7.726569 5.183220 31.096642
-18.358286 15.733646 3.016178 11.884131 -11.388733 9.316978 0.678590 14.439969 15.420368 4.619736 3.143133 4.785926 -1.869072 -9.019779 5.409313 3.660463 8.373039 5.191346 -4.779190 -1.736373 12.789861 -6.203064 -0.115695 -1.930095 -22.072596 0.596958 -10.604988 -7.750556 5.444073 31.095112
