5.893460 30.951683 -5.884984 12.777652 11.955153 -1.826042 -6.447455 7.160348 -7.338848 -20.325117 -3.545939 6.321352 -0.516444 -9.695667 9.840546 0.038672 -1.824545 -0.178840 -4.976533 -6.138729 -2.984633 15.321211 -13.006597 15.127620 -15.019758 19.065804 9.833436 -13.472247 0.020761 9.289096
5.864793 30.947916 -5.851482 12.857550 11.946235 -1.854491 -6.521232 7.084397 -7.479201 -20.644213 -3.573972 6.388741 -0.524109 -9.681143 9.836258 0.048074 -1.846941 -0.202253 -5.002792 -6.100618 -2.927149 15.469124 -13.418271 15.116618 -15.099036 19.075464 9.970690 -13.425775 0.037991 9.153900
2.810374 19.436609 1.071827 18.487776 17.465647 -11.282367 1.837681 15.344036 -10.454863 -19.050261 -3.931707 5.911955 -3.414393 -13.251829 3.470400 -2.231305 -0.100503 -5.097603 -0.511233 -0.404206 0.544073 12.597548 -15.351282 5.530399 -16.847239 24.933949 0.088742 -1.109257 0.908522 -2.864153
3.296268 17.737228 2.230492 19.210360 17.713888 -13.783578 2.272563 16.512354 -9.885545 -18.130972 -4.688921 6.045833 -3.017139 -13.735666 3.119034 -2.329167 0.607580 -5.548535 -0.142944 1.649679 3.301446 11.462933 -15.172777 3.726672 -16.238640 26.184181 3.059789 2.398270 3.118669 -2.370332
3.885635 16.845169 3.218419 20.675571 17.064768 -14.937642 1.608410 17.374334 -10.399146 -18.546511 -5.023407 5.504434 -2.999668 -14.123986 3.049316 -2.176775 1.551556 -5.146729 0.243987 2.591707 5.726416 9.916674 -15.160911 4.165256 -16.156891 25.924057 3.359937 4.724556 4.833950 -1.214286
4.112008 16.156956 4.538768 21.518955 16.195255 -15.561208 1.006515 17.531313 -10.408937 -18.431866 -5.465229 5.316534 -2.366595 -14.258002 3.175416 -1.803454 2.175497 -5.413584 -0.105166 3.421762 7.639598 9.793366 -14.800483 3.810057 -15.794387 26.142660 3.017988 6.136094 5.705235 -1.570522
4.523428 15.335032 4.873337 22.927809 15.312594 -16.411802 0.123493 17.289051 -10.204909 -18.919273 -5.591883 5.387996 -2.073228 -14.249952 3.049483 -1.295989 2.760062 -5.599046 -0.516928 4.166538 8.048900 9.268122 -14.916885 3.593325 -16.189676 26.087374 3.119565 8.469811 6.414582 -1.423381
4.443012 14.994617 5.337311 23.311087 14.771428 -17.519846 -1.048067 17.368296 -10.025424 -18.702299 -5.987211 5.414564 -1.765412 -14.257328 2.956984 -1.198333 3.037699 -5.918001 -0.775781 4.594649 8.563452 9.565822 -15.008924 2.420255 -15.855176 26.318611 3.684705 9.875594 6.615439 -0.650609
4.576104 14.558109 5.960343 23.468306 14.149117 -17.944445 -1.897202 17.945377 -9.570487 -18.214071 -6.183514 5.387776 -1.394256 -14.264700 2.906784 -0.968858 3.316100 -6.073084 -1.034737 5.015251 8.946307 9.616358 -15.276465 2.215706 -15.791816 26.321383 4.297908 11.406494 6.537691 0.565968
4.547420 14.022611 6.477551 24.007860 13.851423 -18.043989 -2.242142 17.995913 -9.115891 -18.175486 -6.503257 5.247244 -0.962435 -14.230164 3.084434 -0.821113 3.547382 -6.220897 -1.326318 5.510265 9.346751 9.360304 -15.559112 2.014973 -15.671193 26.269552 4.889898 12.588409 6.703098 2.325520
4.633232 13.447695 6.707376 24.672054 12.779955 -17.889330 -3.524703 18.240690 -8.700267 -18.896208 -6.314984 5.120005 -0.459040 -14.164721 3.058800 -0.392810 4.016366 -6.326349 -1.741006 5.858766 10.003585 9.627551 -15.499131 2.480429 -15.786329 25.819738 5.181015 13.700297 7.088724 4.431720
4.458969 12.729822 7.193748 25.401527 11.926685 -17.719965 -4.555154 18.421762 -8.500657 -19.607815 -6.205369 4.800220 -0.027662 -14.074584 3.108297 -0.006151 4.510907 -6.408263 -2.299313 5.872250 10.471058 10.068377 -15.505847 2.742727 -16.104221 25.658323 5.566365 14.908049 7.196153 6.091142
4.479144 11.962140 7.656950 25.635832 11.428375 -17.204231 -5.340007 18.469870 -7.859503 -19.975225 -6.284789 4.404535 0.259655 -14.056530 3.138605 0.076883 5.034048 -6.597808 -2.748061 6.076874 11.151803 10.752506 -15.695946 3.041943 -16.346823 25.041809 5.634131 16.047157 7.035045 7.151549
4.893788 11.495827 8.226102 25.283442 10.337702 -16.322935 -5.926951 19.340179 -7.521451 -19.465391 -6.257095 4.071301 0.392857 -13.807775 3.230541 0.044948 5.410220 -7.097418 -3.407880 6.048203 12.266530 10.128387 -16.477064 3.087398 -15.933972 24.369463 5.006645 16.846350 6.858800 7.888253
5.254619 10.451025 9.312409 24.512506 8.594641 -15.050603 -6.816348 20.740564 -6.911814 -19.211641 -6.171202 3.869066 1.081074 -13.416557 3.293687 0.367410 6.099218 -7.305288 -4.189172 6.333830 14.008478 9.760214 -17.473967 3.988325 -15.662284 23.455351 3.251969 17.223318 7.114505 8.656222
5.037044 8.835712 10.735688 24.814461 6.999599 -13.373261 -7.608419 21.885714 -6.392083 -20.135578 -5.948518 3.679206 2.104458 -13.184109 3.165780 0.883344 6.604022 -7.457861 -4.998507 6.421193 15.654177 9.968161 -18.167158 4.475766 -15.396769 22.875381 2.037710 17.767813 7.463050 9.237929
4.876970 8.493312 11.292978 25.067081 6.470605 -12.986019 -7.705644 22.005110 -6.251476 -20.585337 -5.743781 3.422116 2.483768 -13.145204 3.073449 1.065734 6.875541 -7.490425 -5.136179 6.452454 16.260206 10.295919 -18.465879 4.572790 -15.278413 22.618662 1.229026 17.975603 7.259773 9.494541
4.805466 8.482728 11.492598 25.222202 6.301228 -12.836347 -7.764996 22.087851 -6.278841 -20.817354 -5.635948 3.315560 2.666245 -13.161240 2.991018 1.138674 7.024916 -7.525571 -5.199854 6.452448 16.723562 10.343653 -18.468229 4.709293 -15.164307 22.673946 1.118962 18.134241 7.426552 9.294745
4.867286 8.467639 11.536493 25.188751 6.200088 -12.777939 -7.781649 22.259674 -6.173861 -20.670866 -5.666664 3.257099 2.717553 -13.206463 3.042510 1.177267 7.104223 -7.529657 -5.245381 6.561866 16.831591 10.310644 -18.553516 4.741528 -15.124388 22.553415 1.121905 18.252579 7.455178 9.289794
4.884871 8.311614 11.763846 25.109781 5.873211 -12.633424 -7.734490 22.551943 -6.114271 -20.576002 -5.703570 3.129895 2.802861 -13.209521 3.016281 1.137353 7.163644 -7.691126 -5.311873 6.557033 16.880323 10.463654 -18.642412 4.736120 -15.124579 22.510202 0.889583 18.341166 7.306268 9.285111
4.883434 8.745624 11.074213 25.053017 6.815548 -13.530793 -7.486846 22.127657 -6.305365 -20.503386 -6.017120 3.746152 2.247069 -13.168413 3.165898 0.918390 6.832118 -7.635513 -5.179289 6.618327 16.264370 10.128401 -18.743744 4.679691 -15.255768 22.590998 1.057348 17.962671 7.082981 9.296813
5.179603 8.691387 11.328797 24.828173 6.299696 -13.205899 -7.705940 22.653479 -6.142510 -20.180157 -5.881605 3.375542 2.632938 -13.253140 3.133206 0.993643 6.938019 -7.586745 -5.230899 6.617750 16.712831 10.494348 -19.859247 4.874314 -15.383466 22.598211 1.761456 18.250963 7.550937 8.990080
11.877208 1.410369 10.619281 21.307812 -2.884902 -4.776247 -4.918148 33.096138 -3.918879 -18.252893 -2.251239 -2.702659 6.288082 -13.147774 1.866857 1.561618 7.126086 -6.940247 -4.733054 1.696476 23.744343 19.035166 -16.710669 11.635732 -19.257656 19.702280 -6.666082 8.436742 15.561953 4.174916
14.348913 4.556863 8.972408 18.717093 -4.511513 -6.039263 -4.083918 34.199249 -5.225472 -16.166437 -1.610610 -2.861233 6.802213 -13.662733 2.610724 1.889176 6.612721 -4.836108 -3.485602 1.908112 24.896748 15.893652 -15.621344 11.519850 -16.646385 20.553518 -0.736872 7.863116 14.984873 7.702932
16.070324 8.602889 7.038524 17.195557 -4.158152 -10.079119 -4.280307 33.623264 -7.863700 -15.432320 -2.858798 -2.103703 6.921789 -14.886106 3.531143 2.010086 5.295334 -3.439867 -1.410287 3.059460 24.347990 12.923937 -13.880304 10.287980 -14.646745 21.941786 6.127081 7.831566 16.734848 6.050151
16.213997 10.922586 5.112880 15.550426 -2.783695 -12.604682 -3.923254 31.906033 -8.953459 -14.548489 -3.301048 -1.365083 6.350277 -15.423057 3.861846 1.640249 4.623879 -2.717235 -0.219788 3.394915 23.517286 10.962776 -13.242696 9.897780 -13.902697 22.713303 8.919641 6.507109 17.220861 4.693171
16.300369 11.077471 5.166680 15.413041 -3.066835 -12.463983 -3.733253 32.019371 -9.109635 -14.345497 -3.261402 -1.229598 6.510685 -15.408092 3.852638 1.550559 4.573858 -2.516471 -0.011005 3.478962 23.623753 10.838523 -13.203926 9.929145 -13.828747 22.900599 9.064137 6.306592 17.545362 4.392561
16.374359 11.071230 5.226987 15.287362 -3.213035 -12.426334 -3.746735 32.102711 -9.129855 -14.213026 -3.304643 -1.191594 6.465835 -15.444100 3.869360 1.549940 4.581488 -2.537348 0.028226 3.509270 23.681662 10.938740 -13.228782 9.924308 -13.813514 22.938148 9.091137 6.349576 17.633987 4.594956
16.302181 11.079940 5.179048 15.340664 -3.208873 -12.421320 -3.746952 32.044601 -9.175721 -14.267591 -3.295773 -1.181550 6.440734 -15.443972 3.851663 1.533163 4.578293 -2.493828 0.052163 3.465873 23.726038 10.977283 -13.221642 9.959144 -13.859644 22.947504 8.993135 6.349557 17.668890 4.557030
16.368353 11.080986 5.184682 15.307463 -3.375926 -12.418752 -3.797141 32.112862 -9.253934 -14.334030 -3.318393 -1.189939 6.478709 -15.438160 3.882960 1.555098 4.598526 -2.489435 0.012290 3.464841 23.779207 10.972054 -13.223395 9.972474 -13.846966 22.931416 8.967101 6.341763 17.679556 4.515211
16.320393 11.131262 5.156598 15.305310 -3.285996 -12.393943 -3.761798 32.031548 -9.233211 -14.364576 -3.326577 -1.163720 6.445323 -15.427666 3.897936 1.524650 4.574057 -2.480885 0.039503 3.454968 23.760950 10.964418 -13.212716 9.955258 -13.819727 22.929556 9.028741 6.338786 17.647617 4.581281
16.325014 11.142000 5.174327 15.281626 -3.242077 -12.382228 -3.708776 32.028851 -9.206096 -14.342587 -3.305258 -1.217324 6.468540 -15.423998 3.883364 1.546975 4.602974 -2.476299 -0.005134 3.426229 23.752073 10.982347 -13.215032 10.047978 -13.856985 22.882788 8.975177 6.357613 17.634216 4.565983
16.357092 11.110247 5.171671 15.251856 -3.314632 -12.378621 -3.741918 32.063065 -9.214538 -14.331120 -3.320245 -1.216883 6.495121 -15.429853 3.905870 1.538259 4.588562 -2.469620 0.014905 3.404890 23.797840 11.016277 -13.205747 10.031389 -13.860332 22.881742 8.965776 6.334663 17.637775 4.575462
16.306099 11.121355 5.149714 15.273782 -3.195072 -12.438930 -3.769998 32.020203 -9.190459 -14.341875 -3.346284 -1.214275 6.481652 -15.436923 3.907347 1.506910 4.557652 -2.491224 0.044107 3.414361 23.728188 11.007565 -13.199723 10.030833 -13.876148 22.887020 9.021660 6.363412 17.609753 4.587788
16.267349 11.144014 5.169962 15.268566 -3.242697 -12.412515 -3.786014 32.027786 -9.197446 -14.302999 -3.345307 -1.220602 6.483259 -15.438520 3.903446 1.498539 4.559562 -2.497620 0.043924 3.417508 23.741259 10.994843 -13.208716 10.023910 -13.870991 22.877586 9.016511 6.358672 17.600595 4.571545
16.314743 11.105250 5.177125 15.094883 -3.197492 -12.367379 -3.669087 32.137524 -9.021104 -14.077953 -3.315579 -1.253175 6.487543 -15.442822 3.886804 1.524738 4.557462 -2.482110 0.042810 3.370429 23.609352 10.654033 -11.998666 9.886165 -13.742383 23.002203 8.623775 6.308236 17.541857 4.854831
16.318933 11.133755 5.203916 15.026976 -3.313056 -12.321774 -3.684796 32.150574 -9.072467 -14.097679 -3.303683 -1.229636 6.455317 -15.438620 3.876327 1.532395 4.562407 -2.462510 0.018690 3.339963 23.699368 10.698448 -11.977487 9.898515 -13.757352 23.004892 8.578671 6.299648 17.559956 4.824986
16.307453 11.129141 5.213055 15.014092 -3.291164 -12.312272 -3.667189 32.184437 -9.046422 -14.058134 -3.284080 -1.235771 6.511426 -15.432097 3.877744 1.575990 4.597597 -2.445678 -0.019111 3.353134 23.690157 10.664335 -11.967326 9.911162 -13.738085 23.006149 8.640793 6.248483 17.581984 4.755312
16.309013 11.122725 5.208626 15.021307 -3.287054 -12.313474 -3.662635 32.186657 -9.037358 -14.060526 -3.281042 -1.246238 6.512233 -15.435067 3.883790 1.579810 4.602042 -2.442456 -0.020164 3.356156 23.703394 10.645576 -11.970145 9.899507 -13.722801 23.008230 8.653009 6.250666 17.580980 4.765749
16.280832 11.175985 5.154109 15.009962 -3.213134 -12.329585 -3.654360 32.124081 -9.020448 -14.072651 -3.266213 -1.253565 6.475693 -15.433785 3.877998 1.557693 4.594670 -2.423739 -0.001961 3.340171 23.664022 10.632004 -11.941215 9.880738 -13.732271 23.025650 8.689031 6.223675 17.555288 4.767570
16.314032 11.164394 5.135699 14.997901 -3.227245 -12.314272 -3.686541 32.162090 -9.046086 -14.084764 -3.262205 -1.282065 6.503530 -15.430967 3.899680 1.562545 4.589677 -2.408172 -0.010380 3.342751 23.645639 10.655916 -11.924405 9.866469 -13.740463 23.024382 8.720719 6.211723 17.551945 4.768928
16.324593 11.180695 5.116461 14.971134 -3.333909 -12.346168 -3.682676 32.180168 -9.034764 -14.094558 -3.281440 -1.281780 6.506159 -15.415339 3.905988 1.523525 4.582284 -2.395532 0.017330 3.316630 23.559927 10.395120 -10.770587 9.760337 -13.660469 23.111645 8.240668 6.035675 17.574564 5.053799
12.886830 13.315201 4.741614 13.849837 3.099173 -13.165633 -2.098555 28.449194 -8.250702 -12.484848 -3.144727 0.381511 3.324021 -15.308571 2.748974 0.279838 3.530086 -2.549352 1.161240 2.688104 18.739698 4.779863 -12.062625 8.238458 -12.483577 22.252100 11.450463 5.993818 15.588009 7.175487
11.694810 13.893194 5.096480 14.020554 4.921622 -12.788745 -1.962248 27.494343 -7.634464 -11.724352 -3.204267 0.743909 2.234370 -15.408224 2.611843 -0.113213 3.457505 -2.490946 1.412782 2.634877 17.991901 3.907727 -15.216622 8.023460 -12.408283 21.593014 12.341594 6.685145 14.735659 7.551146
10.831235 14.874583 5.491204 14.629366 6.335678 -13.273226 -1.851904 26.926279 -7.718343 -11.023750 -3.319984 1.125056 1.303294 -15.381722 2.437128 -0.482906 3.467543 -2.433412 1.650774 2.651999 16.412745 2.067742 -15.279386 7.466679 -12.683701 21.537472 12.029912 7.412965 13.769998 7.930843
10.201680 15.478806 5.839586 14.308102 7.331416 -13.254941 -1.185144 26.775463 -7.290992 -10.357164 -3.421826 1.068594 1.106735 -15.288494 2.478120 -0.826395 3.493158 -2.393770 1.778342 2.351914 15.246379 0.146905 -11.796487 6.801398 -11.980108 21.617826 10.798347 7.026563 12.569956 9.112785
10.518342 17.094788 6.410214 12.512637 7.455259 -12.689985 -1.334763 27.542084 -6.102439 -7.445074 -2.999015 0.006953 0.988804 -15.266712 2.439645 -1.340435 3.732087 -1.570339 2.436621 1.899477 14.932925 1.189752 -12.940666 6.635943 -12.181280 21.933702 11.105861 7.538490 11.174042 8.561253
11.569207 19.180298 6.739236 10.551144 8.561534 -11.948577 -1.949198 28.318838 -4.382864 -3.943863 -3.042179 -1.351803 0.124853 -15.461822 2.953363 -2.940550 3.436491 -0.503077 3.877810 1.627957 13.741246 2.314412 -13.710109 5.028662 -11.345318 22.881332 10.081180 5.728142 9.040134 7.325803
11.120166 20.693565 6.445177 7.925303 10.537907 -12.293313 -2.734779 27.443937 -4.310080 -2.269163 -3.213536 -1.571396 -0.960356 -15.444817 2.984379 -4.015604 2.651355 -0.661879 4.493051 0.476390 10.824878 2.942393 -13.721092 3.824849 -11.510032 23.744946 9.068194 4.003393 8.195354 5.397276
9.978641 22.517323 6.400678 5.979937 12.804365 -12.922884 -2.529047 26.728844 -4.130794 -0.171457 -3.306748 -1.490147 -2.413941 -15.268683 2.400307 -5.160003 2.277279 -1.234056 5.045856 -0.417215 8.234599 3.532475 -13.985698 2.185721 -11.304752 24.969210 8.874837 1.741002 8.215254 4.056703
9.709266 23.412251 6.543633 5.329458 13.809853 -11.124911 -1.008161 26.490549 -2.350809 1.568536 -2.979911 -2.024158 -3.368578 -15.369711 1.789776 -5.656285 2.380517 -1.444033 5.216784 -1.382445 5.876411 4.485849 -14.153857 2.022475 -12.091772 25.518988 7.989816 -0.022493 7.918296 2.738184
9.912948 24.307026 6.693892 4.566449 13.944746 -9.671094 0.804741 26.321959 -1.776764 3.226159 -2.568109 -2.050721 -4.300871 -15.122890 1.139346 -6.003182 2.204193 -1.691340 5.276687 -2.518834 4.046905 4.780045 -14.591159 2.405489 -13.360685 25.338961 7.041130 -0.880813 8.447218 2.513161
10.515494 24.267860 8.073549 4.804430 14.488078 -6.239262 3.901386 26.741709 -0.343602 5.522385 -1.638142 -2.659882 -4.783797 -14.477047 0.737748 -6.417343 2.351141 -1.882451 5.113319 -4.226429 2.910341 3.941861 -15.276965 5.850910 -15.434198 23.059408 6.718572 -0.653435 9.870198 3.369161
10.410951 24.599586 7.679103 4.375998 16.715284 -4.688758 6.311214 26.654709 0.328058 7.568473 -0.962127 -3.427486 -5.276711 -14.661451 0.977662 -6.372675 2.275224 -0.566045 5.723534 -5.549493 1.154066 3.094542 -17.542522 9.337424 -18.228443 20.672022 6.840654 0.772068 9.783421 4.274201
10.219179 24.502665 7.193352 4.017582 17.942427 -3.493173 8.162490 26.048267 1.152336 8.356925 -0.123738 -3.187162 -5.686975 -14.607006 0.809250 -6.015755 2.018250 0.060376 5.948146 -6.237719 -0.386082 2.511342 -16.292654 10.107358 -19.066259 20.122913 5.958662 0.959499 9.084008 5.178231
10.200590 24.488094 6.980169 3.834164 18.180727 -2.629671 8.655664 25.534201 1.540794 8.240234 0.196297 -3.171914 -5.875922 -14.470648 0.582282 -5.981786 2.013953 0.175420 5.991812 -6.628295 -0.511482 2.259924 -15.418768 9.922132 -18.991327 20.261660 5.691707 0.916501 9.052963 5.725657
10.103965 24.530558 6.981108 3.724053 18.339346 -2.553911 8.771138 25.466127 1.541449 8.297713 0.333293 -3.220965 -5.924201 -14.462833 0.560278 -5.955594 1.980855 0.233407 6.026077 -6.778991 -0.541400 2.533593 -16.349699 10.106723 -19.129704 20.186411 5.893541 0.969113 8.947027 5.377793
10.309308 24.164616 6.783210 3.656289 18.207952 -2.285103 8.882478 25.712770 1.704359 8.263440 0.290077 -3.067044 -5.963619 -14.481994 0.744345 -5.767699 1.892525 0.357645 5.892880 -6.835348 -0.428117 2.907421 -17.765535 10.353456 -19.287703 20.036837 6.370569 1.098531 9.073627 4.960696
10.331640 24.174109 6.708323 3.534232 18.229244 -2.216630 9.032892 25.676857 1.752560 8.358156 0.313504 -3.109674 -6.015785 -14.482635 0.757665 -5.819767 1.880063 0.423831 5.934092 -6.953340 -0.544621 2.563384 -16.054260 10.057723 -19.075478 20.232512 5.787647 0.969583 8.913260 5.428451
10.353333 24.137478 6.740668 3.545589 18.242874 -2.186151 9.070227 25.729933 1.793633 8.403268 0.308366 -3.078720 -6.054222 -14.475552 0.769195 -5.803962 1.881958 0.436456 5.897753 -6.969841 -0.574284 2.435317 -15.392434 9.949313 -19.025484 20.306013 5.547419 0.931922 8.879660 5.669841
