-3.564042 28.360552 -16.603973 22.715605 0.533456 5.643825 -9.834053 2.726844 -11.564410 -7.852686 3.736965 -1.309177 -0.283739 -11.341747 0.670006 -0.071540 -5.326901 7.698102 -4.915034 -5.628986 11.003342 13.173530 -15.176327 -12.972893 -13.982733 9.739427 10.836481 -24.762691 -1.440678 12.696132
-3.525986 28.310825 -16.622040 22.788237 0.492696 5.728155 -9.802434 2.738812 -11.540072 -7.913790 3.746114 -1.346501 -0.299355 -11.352072 0.582567 -0.095601 -5.387367 7.707844 -4.990491 -5.532229 11.064710 13.230010 -15.175104 -13.091981 -14.147347 9.632235 10.732703 -24.802361 -1.429745 12.696943
-12.036036 25.526711 -4.828944 19.420238 8.361423 14.904735 -5.410875 3.475022 -4.997305 -2.120897 5.313957 0.809666 -3.495184 -10.791303 -2.433663 0.392019 -1.441450 5.789532 -6.593305 -2.207146 4.222523 8.311111 -21.524307 -12.251594 -17.359688 4.165885 0.746269 -20.159872 -6.034220 14.853278
-13.823220 25.221771 -1.451999 18.765474 8.100827 14.972169 -5.801878 3.989985 -4.050363 -0.647213 4.712730 0.927591 -4.915203 -10.454277 -2.436243 0.194198 0.280720 6.182608 -6.958571 -2.244791 3.396647 6.667913 -23.618143 -13.277965 -17.670954 4.039957 -0.413562 -18.254656 -5.621609 17.282246
-15.346364 24.886089 0.630621 20.086100 8.400551 14.720557 -6.129426 3.311827 -3.391985 -0.998929 4.846831 1.505964 -5.698713 -10.401766 -2.357358 0.957107 1.108640 7.013940 -7.141932 -1.510284 3.728625 6.375838 -25.601923 -14.297286 -17.306837 4.112631 -1.365591 -15.663661 -6.019416 19.139633
-16.402355 24.044230 2.963634 20.810316 8.928947 14.365884 -6.372827 4.052865 -3.830545 -0.224756 5.237936 1.602191 -6.385535 -10.037339 -2.333879 1.253392 2.011816 8.033240 -7.282087 -1.321044 4.846353 4.359346 -27.226631 -14.319859 -16.687300 2.947191 -2.997416 -13.662862 -6.144316 20.795078
-18.721134 23.679077 5.682821 19.492018 8.042077 12.557703 -8.082676 2.741695 -5.749622 -1.040205 5.261405 1.571891 -7.349955 -9.414562 -2.372603 0.871645 3.041147 8.752859 -6.950495 -0.976679 5.999280 1.972439 -29.511318 -14.441682 -15.064513 1.953942 -4.189981 -13.442317 -6.285412 21.426973
-22.806816 25.425022 8.973830 18.403261 5.919133 9.279628 -11.110114 0.415640 -8.674148 -2.289373 5.628233 0.737415 -9.303960 -9.136893 -2.264446 0.662812 3.880188 10.016937 -5.996658 -0.945160 7.438898 -1.784810 -32.482059 -17.269638 -11.784645 1.267845 -3.490641 -13.266987 -6.348361 22.423904
-24.488054 26.950237 11.265456 17.583624 4.828978 3.606351 -13.890117 0.601733 -10.493880 -2.581998 4.967962 -0.396137 -10.133104 -9.032307 -1.842510 -0.134374 5.136171 10.992907 -4.875386 -0.653491 5.793487 -6.463992 -29.633432 -18.728565 -8.355328 2.356915 -5.520396 -12.186646 -6.657096 25.350302
-23.774069 25.985283 13.208109 15.851418 3.069653 1.424363 -14.576061 3.273402 -9.686423 -0.552163 4.623873 -0.401564 -9.947659 -8.391801 -1.257503 -1.127981 6.433720 10.527030 -3.336172 -0.891570 3.474967 -7.521968 -28.647806 -16.498779 -5.751683 5.107789 -8.063135 -8.017343 -8.003706 25.314413
-23.163000 24.084801 14.317080 15.925761 1.652516 0.176239 -14.815958 4.737514 -8.946204 -0.992395 4.901521 -0.074090 -9.213712 -8.260302 -1.469807 -0.713268 7.525292 10.045332 -3.556865 -0.104277 5.233742 -7.756267 -26.257643 -16.009163 -5.572801 6.079911 -8.375257 -5.019763 -7.312788 25.797375
-23.582905 22.348930 15.359524 17.604013 -0.936172 1.683459 -13.584046 6.011530 -8.983829 -4.042555 5.541243 0.463106 -7.795329 -8.376347 -1.985694 0.248293 8.222601 10.031441 -4.382501 0.666625 8.913972 -7.190415 -23.836586 -15.220234 -6.192176 5.057320 -12.413198 -4.356994 -6.966548 27.474606
-24.773716 19.661415 16.760134 18.940672 -2.335347 3.517233 -12.076863 6.874530 -9.204570 -8.997091 5.425325 0.328839 -5.122443 -8.787558 -3.120287 1.057156 8.412161 10.627432 -6.328340 2.508506 14.132569 -4.623845 -21.839912 -17.281193 -8.379786 3.640975 -16.617130 -7.645942 -5.854951 27.450089
-25.317709 18.320175 17.298941 19.303301 -2.421635 4.485874 -11.074658 6.750966 -9.077220 -11.207630 5.645219 0.401330 -4.045543 -8.946413 -3.460793 1.458605 8.393332 10.722789 -6.835410 3.319412 16.617586 -2.876611 -21.370939 -18.462009 -9.196176 2.980720 -18.286695 -8.952937 -5.669148 26.664501
-25.607534 17.994341 17.298382 19.291693 -2.514648 4.579453 -10.896459 6.623899 -9.255420 -12.009005 5.704694 0.409328 -3.739861 -8.937300 -3.473814 1.560831 8.384735 10.770628 -6.929070 3.371571 16.730806 -2.484836 -21.235182 -18.193954 -9.315677 3.031127 -18.823412 -9.536206 -5.597649 26.574295
-25.666332 17.904118 17.324263 19.355959 -2.565490 4.542885 -10.803449 6.681211 -9.156878 -12.012135 5.732236 0.382431 -3.698550 -8.927979 -3.483333 1.572647 8.415773 10.765098 -6.926879 3.413759 16.749939 -2.575805 -21.265221 -18.264156 -9.292165 3.035084 -18.861452 -9.663571 -5.471410 26.414045
-25.624578 17.875616 17.350946 19.301710 -2.576116 4.564188 -10.910075 6.717187 -9.170689 -12.007444 5.753470 0.397279 -3.680348 -8.912148 -3.473148 1.590546 8.412586 10.784496 -6.951497 3.402012 16.780054 -2.617538 -21.282572 -18.236320 -9.235424 3.071495 -18.834543 -9.550105 -5.492870 26.443184
-25.634705 17.871464 17.342491 19.303267 -2.519971 4.558639 -10.896641 6.710778 -9.160471 -12.036783 5.757394 0.405726 -3.704125 -8.910198 -3.448838 1.597713 8.420639 10.799459 -6.950904 3.413169 16.765190 -2.556457 -21.392431 -18.216518 -9.263259 3.074696 -18.858784 -9.552272 -5.547638 26.418091
-25.656174 17.871473 17.333845 19.288786 -2.540791 4.536427 -10.903207 6.715522 -9.144122 -12.048543 5.762816 0.410495 -3.677979 -8.889743 -3.462062 1.586194 8.429714 10.795071 -6.960197 3.404667 16.776577 -2.567440 -21.297537 -18.243141 -9.253809 3.087207 -18.866037 -9.487889 -5.561109 26.488487
-25.680756 17.878115 17.321943 19.287426 -2.556130 4.531778 -10.886165 6.704150 -9.123130 -12.032639 5.764667 0.404998 -3.680689 -8.892870 -3.459784 1.587879 8.426716 10.793339 -6.958981 3.399487 16.739187 -2.564112 -21.352896 -18.237926 -9.230859 3.097136 -18.851431 -9.542800 -5.538321 26.466002
-25.646721 17.898325 17.332993 19.290062 -2.546854 4.570587 -10.899148 6.711014 -9.155914 -12.049198 5.771913 0.415976 -3.686106 -8.894102 -3.464919 1.595118 8.411875 10.792755 -6.962367 3.403149 16.768927 -2.583964 -21.305334 -18.258469 -9.243744 3.082994 -18.861958 -9.473913 -5.571173 26.494265
-25.643692 17.874807 17.331554 19.315294 -2.536190 4.526974 -10.908771 6.709401 -9.140728 -12.022004 5.761038 0.410779 -3.726040 -8.918718 -3.474375 1.590164 8.407551 10.801260 -6.929419 3.416515 16.800070 -2.521384 -21.440023 -18.229679 -9.262659 3.054052 -18.829092 -9.480651 -5.617861 26.413040
-26.035793 8.260729 13.954265 22.823355 3.460313 -3.127415 -10.246670 5.048402 -10.097674 -15.652525 7.267671 -0.213699 -3.431201 -5.601663 -3.146439 0.510815 9.233690 9.801498 -7.472390 5.566467 15.594369 -5.632845 -19.859575 -22.530130 -7.399809 5.360910 -19.364197 -10.344915 -4.091569 14.715629
-26.524216 8.720268 14.406442 21.811998 3.403872 -1.663867 -9.816807 4.614138 -10.001233 -15.664362 7.250620 -0.124007 -3.304497 -5.483216 -2.799767 0.543981 8.985247 9.874695 -7.471225 4.834974 14.332219 -5.646029 -20.066868 -21.096413 -7.027869 6.026760 -19.441477 -10.799573 -4.177567 15.278380
-25.563992 6.831877 13.837626 20.685110 4.258736 -3.598197 -9.166029 7.483554 -7.015256 -10.978493 7.509229 0.355321 -3.875425 -4.579952 -1.828099 0.055831 10.694662 8.583856 -6.221921 4.025562 10.625439 -7.865557 -21.075815 -16.044634 -6.193203 9.463422 -18.706783 -6.813879 -3.428809 11.801614
-25.544426 3.917671 12.797565 19.210251 5.406270 -4.948163 -10.176257 10.377481 -4.300828 -6.040450 7.965839 0.412243 -5.409583 -3.993999 -1.829044 -0.634537 11.445820 7.512728 -5.420297 3.781323 8.227135 -8.614123 -20.100008 -12.685744 -7.824688 11.656368 -18.376642 -3.196875 -1.985965 7.961456
-25.796429 3.851408 13.133063 17.468552 5.598431 -4.860259 -10.058948 10.551843 -3.714801 -4.155838 7.736951 0.288236 -5.663466 -3.466383 -1.488997 -1.269441 11.798016 7.410359 -5.027181 3.396091 7.127531 -10.456196 -20.576010 -10.858987 -7.431060 11.212158 -16.885416 -2.498386 -1.731337 8.107713
-25.569647 3.520761 12.820792 17.728655 5.792487 -5.052072 -10.043191 10.621110 -3.469138 -4.166362 7.767268 0.234163 -5.761693 -3.398033 -1.622009 -1.417761 11.695377 7.270149 -4.964141 3.301509 6.876143 -10.361059 -20.758245 -11.027136 -7.699274 11.343430 -16.801155 -2.615014 -1.490063 7.514638
-25.891129 4.045201 13.332805 15.824266 5.711956 -4.164491 -10.213294 11.056602 -2.543334 -2.450087 7.646510 -0.001226 -5.448859 -3.224362 -1.140823 -1.589285 11.963722 7.531236 -4.778954 2.934981 6.140315 -10.871847 -21.246710 -9.021226 -8.584402 10.875053 -16.697029 -2.323347 -1.436445 7.791419
-25.863789 3.823704 12.911609 16.408905 5.677215 -4.540905 -10.170727 10.865174 -2.673978 -2.814317 7.614165 0.106438 -5.593377 -3.348095 -1.329117 -1.523567 11.766157 7.334947 -4.896703 3.191139 6.596860 -10.517319 -21.094072 -9.680100 -8.438550 11.081578 -16.710682 -2.143830 -1.822712 7.713272
-26.162365 4.526934 13.322286 15.126245 5.737260 -4.445559 -10.465463 10.955931 -2.175309 -1.876925 7.392535 -0.162262 -5.577034 -3.056929 -0.970735 -2.141130 11.954857 7.701385 -4.527728 2.633598 5.791644 -11.292042 -21.596973 -8.333336 -8.374846 10.574148 -15.987110 -1.876204 -1.796787 8.587845
-26.019281 3.901926 13.121997 16.008369 5.720804 -4.350764 -10.165530 11.043215 -2.238786 -2.453399 7.627741 0.055057 -5.384025 -3.188430 -1.251618 -1.678288 12.022482 7.542015 -4.782015 2.956215 6.145981 -10.780100 -21.291693 -9.111259 -8.646774 10.971352 -16.723362 -2.267356 -1.392669 7.823061
-26.288557 4.603327 13.599244 14.794533 5.725709 -4.226024 -10.258775 11.190383 -1.923894 -1.367019 7.272303 -0.276964 -5.641671 -3.086669 -0.899819 -2.288037 11.825066 7.684805 -4.396976 2.544919 5.764906 -11.390785 -21.785200 -7.824194 -8.606525 10.292177 -15.849469 -1.616830 -1.620408 8.804348
-25.987476 3.942937 13.233349 16.173950 5.809906 -4.222998 -10.224858 10.947470 -2.532480 -2.710398 7.597589 -0.047727 -5.345217 -3.215744 -1.271742 -1.724070 11.857592 7.624123 -4.787805 2.976214 6.166476 -10.426102 -21.230963 -9.301972 -8.653706 10.961939 -16.868235 -2.437542 -1.569911 7.695619
-26.079281 4.316477 13.357940 15.426096 5.765408 -4.236084 -10.385608 11.101048 -2.062556 -2.095531 7.526303 -0.073816 -5.615403 -3.118299 -1.147595 -1.995152 11.924826 7.670068 -4.576414 2.702861 6.028244 -10.817532 -21.353205 -8.650838 -8.590900 10.785796 -16.687813 -2.440913 -1.498377 8.001668
-25.071442 3.327067 11.822333 19.052614 5.988673 -5.487425 -10.327493 10.592534 -3.566604 -4.488006 8.032401 0.421974 -5.800393 -3.452642 -1.921848 -1.095871 11.578001 7.044509 -5.298644 3.746006 7.254209 -9.609376 -19.755045 -11.820161 -7.934685 11.755836 -17.794355 -3.321519 -1.386385 6.703274
-21.405447 1.229050 8.728982 25.411417 6.875510 -8.016692 -9.785944 9.781503 -6.856718 -10.960581 9.468737 1.169822 -5.872482 -4.029743 -4.456831 0.264707 10.341385 5.590531 -6.064062 5.105106 11.497818 -5.522650 -16.649618 -18.787989 -6.959569 13.920527 -21.675619 -6.016551 -2.171944 1.686526
-21.245159 1.140440 8.605165 25.955065 6.972247 -8.205709 -9.598793 9.438061 -7.949767 -12.274477 9.606000 1.261512 -6.015628 -4.311310 -4.842553 0.424736 9.766167 5.594713 -6.028898 5.414861 12.549628 -4.984289 -16.363821 -19.618019 -6.327031 13.601302 -21.932350 -6.775471 -2.295937 1.190643
-21.481609 1.091096 8.677418 25.457912 6.780254 -7.930861 -9.867736 9.664183 -7.003346 -10.999897 9.450377 1.114262 -5.929681 -4.031911 -4.499046 0.161031 10.302612 5.620316 -5.989854 5.207750 11.524333 -5.457214 -16.688309 -18.888969 -6.925794 13.993484 -21.769728 -6.143360 -2.105118 1.587555
-22.136730 1.037711 9.353158 24.305983 7.181470 -7.180390 -9.830098 10.485257 -5.937714 -9.406981 9.317359 1.114092 -6.182601 -3.977827 -4.005577 0.118753 10.568920 5.943852 -5.895919 4.921837 10.263052 -6.037168 -17.213943 -17.230364 -7.379898 13.815862 -21.064482 -5.575590 -2.063484 2.418203
