-13.222121 24.907677 -20.285116 21.079159 -9.940102 -4.473498 0.625593 0.914702 4.794850 -8.427359 3.075521 8.259778 5.226561 -8.971205 0.720888 -3.544514 -0.405092 5.293387 1.834140 -10.429049 9.059604 5.958425 10.303697 -13.724490 -11.729072 11.081391 1.027137 -27.534361 -2.000681 20.652590
-13.783647 24.846207 -20.498384 21.187010 -10.440768 -5.070827 1.259498 0.698442 5.376732 -8.684476 3.107099 8.323367 5.233900 -8.948498 0.670744 -3.549621 -0.413757 5.296108 1.846045 -10.421381 9.443604 6.002676 10.316521 -14.217536 -11.356596 11.197355 1.037324 -27.845484 -2.066415 20.750950
-12.887301 10.114038 -20.817636 11.845788 -15.959842 5.492927 -2.112069 4.140110 8.412474 -20.880257 5.989628 8.347845 8.830488 -5.293706 0.765789 -4.376990 -2.729629 2.409458 0.233657 -5.537099 20.394039 5.057906 10.398967 -7.412076 -3.143623 5.387107 4.120009 -15.586102 -16.407072 17.382086
-12.017169 6.152522 -21.689444 12.465883 -12.625949 5.773954 -3.350673 4.042319 9.239033 -22.676138 6.060883 8.215261 8.409190 -4.923437 0.497568 -4.866220 -3.754307 1.912707 0.426841 -4.527895 22.577230 4.825539 9.677725 -8.348869 -3.883380 2.266892 4.714123 -16.041113 -17.888685 14.603651
-12.978625 2.745083 -24.004133 9.544663 -11.198909 5.798972 -4.938234 4.085029 11.377507 -21.374557 7.036793 7.702554 7.392130 -4.117332 1.150278 -4.732917 -4.665990 0.798072 0.181630 -3.969052 20.872972 4.271811 9.181842 -8.405334 -5.820298 -0.834792 4.826817 -15.019186 -20.365549 10.604367
-13.325852 1.121540 -26.396620 6.433825 -9.838200 2.663587 -7.726727 2.781378 11.126068 -21.553686 7.219761 7.303744 7.469627 -2.867973 2.058228 -5.399127 -5.424847 0.625179 0.355570 -4.314145 20.740747 2.050926 9.375230 -12.280560 -7.927928 -3.463390 7.895466 -16.238501 -20.374924 8.301858
-13.689148 -1.174539 -24.493912 2.842869 -3.327183 6.902079 -4.979456 4.026846 13.113854 -17.440195 8.371919 7.643008 6.005218 -2.386417 2.005302 -4.817587 -4.788268 -1.016327 -0.050070 -3.126372 16.430395 1.096272 7.552659 -9.171870 -9.839152 -5.079990 4.610438 -12.533523 -23.176649 5.331935
-14.375482 -2.164605 -25.442717 2.145042 -1.139670 5.060814 -5.929883 3.362097 13.396907 -17.332964 8.535071 7.853987 5.385620 -1.896608 1.960361 -5.007795 -4.921847 -1.320511 -0.000081 -3.454139 16.299906 1.670496 7.021225 -9.786448 -9.734528 -5.587662 5.287961 -12.877225 -23.324554 2.661921
-13.766530 -1.028044 -28.475462 1.942694 -0.556907 0.331910 -6.298613 2.700352 12.349333 -16.804483 8.434104 7.912658 5.246303 -1.192755 2.699996 -5.078843 -5.738561 -0.280739 -0.003172 -5.199459 16.498331 1.753327 8.451154 -11.855969 -10.890392 -6.452959 9.080138 -15.560607 -21.650469 0.796349
-14.011750 1.043132 -28.918621 3.025087 0.174991 -3.156932 -9.836009 0.841513 8.545239 -19.283697 8.069464 6.947990 5.154497 -0.470371 3.891626 -4.646859 -6.157482 0.831500 -0.414539 -6.250743 14.923216 1.598042 8.346927 -14.571353 -9.202486 -5.624045 10.342080 -19.706085 -21.039583 0.208747
-13.474669 4.154853 -29.629210 2.314837 0.565387 -6.743848 -14.000265 0.496038 5.649204 -19.315855 8.193871 5.890224 5.726393 0.293978 4.796144 -3.913788 -5.917812 2.012238 -1.802047 -7.219459 12.800105 1.727716 7.001638 -15.932019 -6.619664 -5.055958 12.872239 -24.594894 -19.786200 0.500443
-12.805974 7.102669 -30.063662 2.493536 0.942257 -7.690831 -15.717141 -0.071460 5.246016 -18.938534 8.667598 5.865581 5.927186 0.038511 4.786526 -2.805302 -5.748229 2.473259 -2.926915 -7.450188 10.807178 2.882557 5.413379 -16.111477 -6.257832 -3.715835 14.092255 -25.619810 -19.408180 0.257142
-12.636438 8.135561 -30.223890 2.367037 1.224237 -7.930143 -16.074661 -0.508216 5.011671 -18.902395 8.715426 5.916700 5.963497 -0.070729 4.749358 -2.587754 -5.733474 2.419994 -3.154948 -7.515079 10.199557 2.657266 5.110311 -15.693508 -6.182853 -3.446885 14.694106 -26.250811 -19.114441 0.599934
-12.549687 8.253487 -30.177042 2.366509 1.263426 -7.786954 -16.145981 -0.470753 4.963428 -18.864016 8.711039 5.947867 6.028639 -0.069667 4.721765 -2.564184 -5.691134 2.412262 -3.180979 -7.491719 10.234307 2.804870 5.109417 -15.765041 -6.133767 -3.335740 14.762382 -26.143559 -19.202078 0.601220
-12.514688 8.286686 -30.137224 2.360436 1.259071 -7.758173 -16.172001 -0.445041 4.977300 -18.873453 8.700315 5.929672 6.051744 -0.072491 4.729510 -2.562819 -5.687924 2.408762 -3.182591 -7.505625 10.221757 2.844922 5.087940 -15.760642 -6.109206 -3.304096 14.817023 -26.096682 -19.236296 0.666456
-12.514324 8.284544 -30.138411 2.355050 1.264795 -7.754959 -16.175793 -0.440263 4.994607 -18.872454 8.698392 5.923522 6.046838 -0.074050 4.734581 -2.558161 -5.688282 2.408235 -3.185621 -7.504415 10.226329 2.857235 5.046721 -15.752901 -6.113970 -3.305625 14.832054 -26.102617 -19.236895 0.642050
-12.518655 8.329870 -30.158751 2.330666 1.280726 -7.788795 -16.180414 -0.467631 5.000353 -18.889524 8.703168 5.930343 6.050918 -0.070620 4.731818 -2.550521 -5.692827 2.418043 -3.192240 -7.499016 10.243112 2.850884 5.084269 -15.775644 -6.110914 -3.298899 14.830844 -26.146225 -19.228781 0.619426
-12.356078 8.533998 -30.116575 2.272020 1.454947 -7.691721 -16.346579 -0.510492 4.789805 -18.826700 8.707951 5.885770 6.034668 -0.082156 4.753559 -2.538087 -5.703644 2.435657 -3.181336 -7.493924 10.222758 2.878255 5.090333 -15.782458 -6.114060 -3.295132 14.810124 -26.182484 -19.241165 0.606044
-12.358606 8.534466 -30.098240 2.239153 1.476059 -7.674859 -16.365955 -0.495877 4.783811 -18.817122 8.722945 5.911561 6.006122 -0.084427 4.759257 -2.518710 -5.701482 2.432564 -3.197250 -7.502616 10.208790 2.876025 5.108663 -15.767135 -6.130091 -3.296896 14.794013 -26.176498 -19.231363 0.611223
-12.388605 8.549278 -30.095232 2.226668 1.488660 -7.716543 -16.390049 -0.506554 4.799048 -18.782530 8.775340 5.930048 6.030804 -0.060725 4.757052 -2.478796 -5.678886 2.442912 -3.229228 -7.487698 10.249469 2.852766 5.136114 -15.763354 -6.128356 -3.310772 14.727142 -26.161057 -19.230249 0.592266
-12.396316 8.568835 -30.096478 2.265964 1.514990 -7.695310 -16.354792 -0.547857 4.804244 -18.816851 8.757093 5.935599 6.026433 -0.059746 4.752543 -2.487582 -5.685753 2.435460 -3.229780 -7.485081 10.233430 2.826498 5.170868 -15.793100 -6.120684 -3.289936 14.774503 -26.165148 -19.209555 0.655282
-12.411170 8.582043 -30.095926 2.288655 1.510572 -7.696918 -16.335091 -0.579921 4.810103 -18.826920 8.746697 5.923590 6.043474 -0.058214 4.745095 -2.501411 -5.687818 2.439264 -3.221126 -7.491176 10.236882 2.843210 5.134192 -15.809653 -6.112913 -3.293252 14.786281 -26.181154 -19.215450 0.625755
-15.386224 5.557062 -26.431784 -6.402718 8.320137 -2.511387 -10.735509 -0.401265 4.039670 -12.140406 9.631083 6.571623 4.373235 1.448764 6.621055 -2.128811 -4.659247 4.854626 -1.535929 -5.684351 6.970682 -7.267190 5.542143 -12.624702 -10.307674 -9.020319 14.590789 -22.063807 -19.216822 0.101662
-20.643465 6.520622 -21.921122 -9.601597 12.932957 1.062729 -8.585800 -3.359149 2.069094 -11.612199 9.588778 5.721560 2.277580 1.829823 6.669242 -2.910950 -3.085765 3.624707 -1.570417 -2.727011 3.816596 -10.284801 2.585443 -7.197837 -7.992302 -8.922445 11.069593 -17.361612 -22.153631 2.257474
-23.119585 4.884611 -19.105356 -10.214180 16.089216 4.821338 -3.256195 -4.868550 3.713132 -11.559326 10.658454 7.041064 1.933022 2.147839 6.207989 -2.828259 -2.172366 3.082335 -1.019220 -1.153354 2.565138 -12.705276 1.119325 -4.047297 -6.982508 -8.917500 8.391912 -14.211427 -24.365086 1.558309
-24.091640 4.079220 -17.720354 -10.775953 15.978846 6.633405 -1.259595 -4.904848 4.891264 -11.083181 11.009792 7.893448 1.971769 2.480609 5.822842 -2.898865 -1.646648 2.650663 -1.008307 -0.875782 1.841200 -13.870552 0.197710 -2.988064 -6.218720 -9.608617 6.877667 -13.523296 -24.420599 1.765416
-25.094156 2.988423 -17.381601 -11.395394 15.984627 7.789591 -1.555448 -4.806975 5.791634 -11.412873 11.202277 7.844852 1.996703 2.561072 5.428672 -3.154387 -1.461769 1.962724 -1.038784 -0.924187 0.507738 -13.786247 -0.703332 -1.827280 -5.604593 -9.488620 6.159546 -13.704823 -25.154411 1.645072
-25.365498 2.644215 -16.867729 -11.923609 15.596445 8.486657 -1.867631 -4.429956 6.742920 -10.852298 11.296434 8.115572 2.007429 2.790247 5.128729 -3.522627 -1.079002 1.722537 -1.004571 -1.044482 -0.517979 -13.745394 -1.491391 -0.526213 -5.317221 -9.643825 5.533727 -13.524526 -25.538298 1.998299
-25.755585 1.798960 -16.615961 -11.808067 15.407162 8.536944 -2.391502 -4.119191 7.269635 -10.799898 11.461384 8.353461 1.879001 2.843826 4.944820 -3.562307 -0.812392 1.476318 -0.855939 -1.125722 -1.116068 -13.489178 -1.977057 0.028783 -5.159266 -9.762065 4.665857 -13.812867 -25.708269 1.804718
-25.850866 1.335563 -16.263020 -12.034746 15.749277 8.926394 -2.562683 -3.952562 7.886717 -11.020565 11.646884 8.402525 1.791183 2.887508 4.888027 -3.534553 -0.613687 1.384673 -0.878298 -1.084374 -1.557325 -13.522817 -2.184741 0.621287 -4.905855 -9.706629 4.081309 -14.003217 -25.702055 1.675371
-26.120838 1.054044 -15.851823 -12.232613 15.516977 9.382567 -2.539285 -3.632614 8.515145 -10.898811 11.668059 8.455794 1.805784 2.980382 4.671316 -3.776303 -0.455135 0.996065 -0.750497 -1.205866 -2.336968 -13.529090 -2.373783 1.125633 -5.073901 -9.700924 3.445297 -13.848004 -25.804766 1.449707
-26.191738 1.108820 -15.793185 -12.333306 15.534714 9.446521 -2.609037 -3.665574 8.435323 -10.865063 11.725815 8.415229 1.761530 2.966668 4.682121 -3.711128 -0.477068 1.028331 -0.798113 -1.198949 -2.316357 -13.511389 -2.351739 1.191265 -5.049565 -9.739369 3.468773 -13.940500 -25.765385 1.368291
-26.045147 1.171361 -15.882091 -12.224286 15.563731 9.389560 -2.582928 -3.658924 8.416497 -10.825331 11.720935 8.437730 1.782118 2.958880 4.741587 -3.658608 -0.461711 1.041256 -0.820739 -1.189567 -2.325672 -13.474490 -2.357734 1.164968 -5.106399 -9.696594 3.395445 -13.871252 -25.791471 1.398715
-26.132147 1.100254 -15.873946 -12.271225 15.528757 9.492328 -2.645968 -3.691741 8.316199 -10.848211 11.683706 8.423244 1.760553 2.944686 4.674695 -3.746292 -0.457332 1.017776 -0.757844 -1.223035 -2.222968 -13.471227 -2.281925 1.294703 -4.934586 -9.706606 3.432747 -13.870357 -25.837795 1.325570
-26.158115 1.059377 -15.775447 -12.301780 15.395361 9.613854 -2.667038 -3.614967 8.361397 -10.851387 11.723945 8.431020 1.778765 2.957032 4.623906 -3.762718 -0.435987 0.971323 -0.746325 -1.205894 -2.307108 -13.480186 -2.454707 1.327056 -4.979970 -9.741673 3.300097 -13.861839 -25.866636 1.344626
-26.134628 1.099267 -15.792013 -12.317795 15.333194 9.589797 -2.630879 -3.598703 8.336516 -10.806557 11.729270 8.456316 1.778522 2.998412 4.636994 -3.790487 -0.450539 0.973833 -0.751365 -1.231496 -2.372252 -13.499727 -2.467171 1.363733 -5.044219 -9.777431 3.280603 -13.928276 -25.834280 1.386420
-26.035698 1.056187 -15.734260 -12.272375 15.341387 9.623960 -2.680170 -3.481651 8.423406 -10.771651 11.706812 8.414572 1.745408 2.978443 4.621558 -3.805179 -0.446495 0.952382 -0.738014 -1.256114 -2.527003 -13.470802 -2.489546 1.468248 -5.113533 -9.758315 3.184439 -13.892033 -25.819248 1.381045
-26.105694 0.939114 -15.656627 -12.312152 15.389384 9.552945 -2.697758 -3.465604 8.486878 -10.929194 11.719483 8.457453 1.696916 2.988722 4.556849 -3.865426 -0.424423 0.895706 -0.712985 -1.327383 -2.638072 -13.444729 -2.557593 1.531023 -5.001216 -9.721688 3.190021 -13.883435 -25.808678 1.532140
-26.142639 0.940410 -15.572368 -12.342005 15.399197 9.523252 -2.672123 -3.484147 8.464862 -10.901848 11.713143 8.467492 1.706409 2.970908 4.550974 -3.874530 -0.434840 0.891767 -0.664477 -1.296925 -2.680747 -13.481010 -2.626360 1.626302 -4.932770 -9.693832 3.162171 -13.868451 -25.811607 1.508474
-26.079077 0.839108 -15.586551 -12.383862 15.383570 9.557002 -2.715538 -3.454399 8.589261 -11.001651 11.762698 8.526480 1.681621 2.969484 4.529738 -3.895738 -0.353786 0.782348 -0.628828 -1.327447 -2.680274 -13.492852 -2.702045 1.608892 -4.886516 -9.654659 3.180632 -13.973977 -25.771154 1.589490
