11.652396 29.068851 -6.751965 4.749176 14.774693 5.565631 0.432648 15.999068 3.395457 -3.544145 -4.323069 1.354597 -1.311252 -9.788174 5.305349 -2.042521 -5.387865 3.288633 -9.632773 -2.832878 6.173856 13.447113 -18.062193 2.199646 0.412743 22.414240 9.348881 -21.674742 -3.739482 12.143465
11.728190 29.083088 -6.700016 4.815121 14.846567 5.609446 0.504570 16.034376 3.395837 -3.657426 -4.366369 1.351048 -1.325431 -9.779277 5.291897 -2.064430 -5.414210 3.258307 -9.691720 -2.789417 6.502093 13.510516 -18.066845 1.783642 0.847331 22.607355 9.351693 -21.972359 -3.811783 12.247420
6.163979 15.028927 3.397157 10.861160 21.612333 3.915265 13.719638 24.086565 2.390127 -3.912145 -5.245763 2.807143 -4.226625 -12.391838 -0.528535 -2.442195 -2.239098 -2.336720 -8.632272 4.212482 9.082011 8.972196 -23.299265 -7.263377 0.742308 26.718431 -6.762033 -13.103967 -4.954983 0.792447
6.486721 13.530455 4.632448 11.252480 21.602865 4.396249 13.982343 24.629827 3.634925 -3.618921 -5.542080 3.593358 -3.732082 -12.738665 -0.737163 -1.698548 -2.290012 -2.940724 -9.109775 4.884584 9.913955 10.886348 -23.865141 -9.066678 1.705276 27.025026 -6.847023 -10.267175 -7.502276 2.588866
5.744548 11.916231 5.580431 11.919151 22.196625 6.270690 12.896444 24.265272 6.500526 -3.977113 -5.202771 4.000387 -3.351918 -12.513043 -1.185676 -1.664961 -2.089983 -3.912600 -9.784307 5.229210 9.860685 12.831957 -23.962500 -10.152736 1.527812 27.763220 -6.283909 -7.769981 -9.293060 2.974386
5.424679 12.324694 5.985007 14.267141 23.389277 4.930771 10.526898 23.526365 8.491220 -3.218202 -4.572706 4.596691 -3.442650 -12.005720 -1.995853 -1.385390 -1.453068 -4.760248 -10.705293 5.168122 9.908815 15.726303 -24.716490 -11.567002 1.639051 29.122786 -6.237014 -3.862683 -10.912461 6.483227
4.427337 12.533726 6.782944 14.488991 23.997334 5.189156 9.770587 23.006281 9.143269 -2.863875 -4.636762 4.818918 -3.663292 -11.887096 -2.203310 -1.256770 -0.903864 -5.097492 -11.072926 5.487811 9.638648 15.632610 -25.497835 -11.917705 1.796646 29.240129 -7.267214 -2.689543 -11.055475 7.910614
4.655628 12.526793 6.610221 14.566132 23.917063 4.786992 9.568608 23.045193 9.124545 -2.711413 -4.662995 4.841957 -3.712210 -11.882160 -2.282942 -1.243367 -0.780240 -5.119668 -11.108248 5.587952 9.724749 15.809376 -25.405973 -11.883124 1.753895 29.301813 -7.166909 -2.559870 -10.956152 7.873840
4.636042 12.534364 6.625998 14.573764 23.951384 4.805484 9.545911 23.029367 9.187612 -2.683864 -4.674045 4.849540 -3.731822 -11.894021 -2.295806 -1.237075 -0.768097 -5.125106 -11.106366 5.599113 9.734060 15.897009 -25.381800 -11.835488 1.736546 29.288843 -7.167038 -2.597759 -10.954997 7.845090
4.636600 12.535089 6.676921 14.590189 24.003817 4.850896 9.646332 23.086195 9.182792 -2.687831 -4.668918 4.846476 -3.727162 -11.905214 -2.296016 -1.226625 -0.784303 -5.131920 -11.106512 5.576488 9.719743 15.813182 -25.396811 -11.876121 1.725887 29.279099 -7.130698 -2.539501 -10.960152 7.876222
4.616385 12.478539 6.653801 14.610081 23.953104 4.876429 9.618149 23.083145 9.166012 -2.689857 -4.698691 4.855200 -3.740888 -11.905592 -2.294304 -1.230731 -0.785972 -5.137590 -11.122619 5.595466 9.752912 15.907930 -25.356775 -11.940289 1.745456 29.341410 -7.120958 -2.516048 -11.014731 7.845037
4.591521 12.459618 6.660451 14.597452 23.970190 4.885544 9.622958 23.084436 9.187492 -2.679010 -4.681336 4.860602 -3.751129 -11.897505 -2.304214 -1.228121 -0.784055 -5.134705 -11.118350 5.600052 9.717692 15.859917 -25.355154 -11.922187 1.730385 29.318214 -7.071805 -2.531063 -10.966426 7.868510
4.550261 12.453344 6.719576 14.628377 23.948755 4.923525 9.524119 23.073420 9.216029 -2.706743 -4.675846 4.851114 -3.769296 -11.885349 -2.313175 -1.242447 -0.782300 -5.151349 -11.105439 5.558922 9.698804 15.870543 -25.433073 -11.925695 1.757138 29.269629 -7.126487 -2.444924 -11.041447 8.026295
4.551257 12.497364 6.697370 14.637490 23.931879 4.934931 9.444609 22.969431 9.213406 -2.762323 -4.676038 4.851646 -3.748307 -11.871221 -2.304183 -1.238150 -0.774116 -5.152240 -11.126055 5.549455 9.672996 15.861921 -25.488543 -11.902652 1.738698 29.240656 -7.217935 -2.463863 -10.992009 8.132417
4.527205 12.517230 6.702856 14.626245 23.950348 4.910976 9.429794 22.952478 9.216584 -2.738325 -4.675722 4.847448 -3.740559 -11.883632 -2.310421 -1.223639 -0.772295 -5.138259 -11.138463 5.563704 9.680921 15.839890 -25.484699 -11.903402 1.737344 29.242231 -7.232025 -2.470333 -10.988368 8.103552
4.531232 12.524363 6.692144 14.611609 23.941618 4.885931 9.422180 22.956987 9.198760 -2.742059 -4.684801 4.849551 -3.736288 -11.881267 -2.298964 -1.225537 -0.777648 -5.142477 -11.143214 5.566734 9.673177 15.830649 -25.489397 -11.901648 1.763004 29.237976 -7.226240 -2.474147 -11.018108 8.092236
4.536823 12.518924 6.692674 14.618345 23.949625 4.892079 9.422833 22.943708 9.214285 -2.741511 -4.682927 4.845609 -3.742232 -11.878830 -2.306920 -1.223111 -0.763730 -5.142660 -11.149348 5.576415 9.681542 15.840600 -25.499964 -11.912484 1.757073 29.239124 -7.238985 -2.451928 -11.009876 8.111415
4.546917 12.518021 6.698678 14.611685 23.913961 4.893532 9.423532 22.978390 9.192103 -2.734151 -4.678259 4.850140 -3.739562 -11.891097 -2.309505 -1.224800 -0.785378 -5.136268 -11.125525 5.561145 9.681992 15.842769 -25.500147 -11.903904 1.745015 29.226421 -7.241864 -2.461879 -11.001493 8.096689
4.506755 12.514836 6.708869 14.620068 23.943354 4.926956 9.391931 22.934319 9.250184 -2.730716 -4.678406 4.845792 -3.746775 -11.881699 -2.315800 -1.222077 -0.760643 -5.136490 -11.142828 5.578890 9.709435 15.865180 -25.498089 -11.897813 1.739326 29.222536 -7.246422 -2.439829 -11.006322 8.114694
4.522480 12.520487 6.696819 14.603384 23.941034 4.881069 9.398183 22.960310 9.219811 -2.731134 -4.674994 4.851974 -3.737000 -11.886995 -2.314145 -1.212062 -0.779351 -5.138196 -11.159230 5.586878 9.690507 15.816043 -25.490126 -11.887446 1.741021 29.230867 -7.240178 -2.476786 -10.990544 8.089902
4.544933 12.514240 6.690673 14.606074 23.918009 4.877528 9.400051 22.970400 9.202314 -2.744195 -4.687314 4.851409 -3.736748 -11.893242 -2.314722 -1.217268 -0.781415 -5.143526 -11.157175 5.582479 9.711886 15.849016 -25.482723 -11.910972 1.739220 29.241320 -7.254987 -2.481747 -11.008232 8.075397
4.533847 12.506791 6.707097 14.632988 23.935007 4.914402 9.411624 22.967606 9.203216 -2.740872 -4.686096 4.869026 -3.729612 -11.868599 -2.319844 -1.240975 -0.770685 -5.142116 -11.141774 5.555432 9.673034 15.830814 -25.493231 -11.898463 1.749541 29.226805 -7.222953 -2.457572 -11.015632 8.097659
1.483737 6.820546 3.620935 13.219837 17.238953 10.507908 5.950029 22.640024 9.077038 -2.510271 -2.943435 5.962396 -1.830294 -9.956530 -0.953276 -0.759847 -1.642466 -7.592597 -10.980938 6.450367 12.595056 14.529156 -25.855837 -10.187206 4.569671 26.897642 -4.096478 2.694785 -16.396334 7.029150
1.193190 3.581807 3.699236 12.085314 15.395598 13.452537 5.295734 23.523214 9.272290 -4.886352 -2.367268 6.326162 -0.657554 -9.367930 -0.490253 -0.828747 -1.627847 -8.413497 -10.667916 7.432609 16.099230 14.370978 -25.415030 -9.931853 4.996144 24.603849 -3.392902 5.996115 -19.248266 6.943385
1.567928 0.146612 4.144545 10.069088 14.740173 16.210209 4.925349 24.404148 9.409163 -7.943404 -2.072666 6.226830 -0.290426 -8.742198 -0.583013 -1.224410 -2.139551 -8.452051 -10.846084 8.489629 18.793850 14.487093 -25.305159 -8.655167 5.629684 22.646620 -3.294986 7.290515 -21.178946 6.651947
2.719130 -2.299884 3.497693 9.145275 16.128614 16.898273 4.310166 25.054792 10.468451 -10.149757 -1.687987 6.442566 -0.343135 -8.147974 -0.966343 -1.380775 -2.770397 -8.517172 -11.212346 9.404506 20.361422 13.007881 -24.664764 -7.239891 7.553956 21.666100 -3.002557 8.721312 -23.529661 4.980731
3.112584 -4.994359 2.867800 8.175676 16.987570 17.639658 4.132378 25.945801 11.291080 -12.291681 1.991776 5.249544 0.548620 -8.481959 -3.056154 -0.992227 -3.566177 -6.947800 -9.511571 9.580795 19.663767 12.612187 -23.237329 -2.615924 3.324082 18.596819 -2.922854 11.290927 -24.417803 1.502949
2.470083 -7.605707 2.070538 6.218664 16.532785 18.886053 4.494473 25.918566 11.244393 -13.886282 2.883754 5.068827 0.937391 -7.761626 -2.958568 -1.268955 -4.288365 -7.118526 -9.195341 10.215963 20.024487 11.960680 -22.027718 -0.945369 3.456017 17.067465 -3.242526 11.612159 -25.692629 -0.267019
1.315744 -9.981330 0.155441 4.513435 16.096838 19.937593 4.884051 24.741840 10.725561 -13.741874 4.170271 4.910913 1.264985 -7.180516 -2.876110 -1.534127 -4.838833 -7.124158 -8.308326 10.437850 19.145739 9.828738 -19.589880 1.268673 2.404282 14.569063 -4.283344 11.611190 -26.457628 -2.729213
1.373524 -11.289114 -0.667411 2.930016 17.575216 19.108288 5.381541 24.231035 10.814519 -14.669453 4.701152 4.577517 1.895445 -6.540576 -3.071980 -1.987653 -5.164505 -6.967164 -7.962127 10.686568 18.615950 8.321442 -16.803478 2.934303 2.863707 13.757782 -4.667323 11.593188 -27.014648 -4.075689
0.999042 -12.807826 -1.357840 1.208067 18.462656 19.147715 6.060368 23.202843 9.992084 -15.479228 5.326700 4.691267 1.863156 -5.781581 -2.978085 -2.565579 -5.147477 -7.097136 -7.390640 10.855510 17.898767 6.771597 -16.458508 4.117281 2.919184 12.639198 -4.758785 11.342389 -27.346466 -5.777378
0.584086 -13.504971 -3.225240 0.586209 19.345724 18.116995 6.932734 21.669760 10.098849 -15.105700 5.443147 4.550363 1.945441 -5.130062 -2.827791 -2.786436 -5.478038 -6.996819 -7.116166 10.872601 17.681265 5.482860 -16.739716 4.640940 3.740369 11.858669 -3.375677 12.153041 -28.217501 -6.259481
-1.309175 -15.922039 -5.106924 -1.465549 16.138964 20.669632 8.782793 20.679594 8.539170 -14.592749 6.823709 3.811239 1.579358 -4.810560 -1.931748 -2.774469 -4.803442 -6.662041 -5.655152 10.675653 17.380251 2.188501 -13.673448 6.142315 2.407618 8.761835 -6.029045 10.653529 -28.108877 -8.169526
-2.750465 -18.836790 -6.791432 -3.998847 13.806568 22.358650 9.974513 20.380709 5.865321 -14.166923 7.424331 2.737739 1.276182 -4.759993 -0.986585 -3.015058 -4.239824 -6.700820 -4.120202 11.014946 15.972825 -1.497768 -9.504892 8.452678 1.098816 6.582146 -9.069208 9.807872 -27.601782 -10.252339
-4.654116 -20.996056 -9.513900 -7.179364 9.561592 22.853048 10.092489 19.387445 1.693423 -12.915717 7.853861 1.388586 1.565228 -4.700437 0.180700 -3.756545 -3.762112 -7.342170 -1.693223 11.097907 14.798972 -5.241648 -6.876307 11.999358 0.438960 5.174692 -11.201242 7.264251 -25.214941 -13.909158
-6.563009 -21.419647 -14.025723 -7.925823 3.751528 22.366390 9.650855 17.562691 -3.401001 -7.980000 7.839237 0.201234 1.367177 -4.636823 1.683679 -4.272824 -3.782059 -7.217810 0.298323 10.793143 14.507633 -6.662338 -4.414905 14.171109 -0.641453 5.356509 -11.108100 5.275862 -23.299696 -18.685904
-6.652295 -20.153816 -21.031126 -6.867437 -2.402581 21.213282 7.847221 16.698999 -8.289441 -1.334075 7.475427 -2.170279 2.731466 -4.614756 4.079884 -4.972659 -4.501627 -7.277922 2.815889 9.470218 14.033468 -7.035235 0.382492 16.599154 -1.447010 6.841209 -9.428175 2.673544 -20.850901 -22.652519
-6.329526 -16.570608 -27.572252 -3.072469 -6.048433 19.537613 6.325598 14.789733 -12.443831 4.833518 7.012225 -4.258547 4.582668 -4.613201 6.795615 -4.947314 -5.185784 -6.459774 4.390813 7.821134 13.367190 -7.139046 5.747290 19.457890 -1.131824 8.929279 -5.841837 0.167492 -18.772840 -23.840836
-4.504771 -12.383988 -31.271479 -1.346115 -6.463127 17.135363 5.005283 13.929282 -14.949293 7.457404 6.883719 -6.564487 5.787604 -4.486464 9.109608 -4.934727 -5.980609 -5.778244 5.457258 5.988854 13.338430 -7.818835 10.189750 20.587429 -1.430532 9.612311 -1.885584 -1.914475 -16.352503 -23.885040
-2.693429 -9.657244 -32.223721 -0.261716 -6.250606 15.658135 3.925635 13.721904 -14.879834 8.005593 6.875735 -7.501209 6.821431 -3.968813 10.501176 -4.620632 -5.572662 -5.456186 5.461304 4.684207 13.889855 -7.811106 12.528312 22.309105 -1.841092 10.080700 0.339430 -2.639491 -14.237123 -22.727028
-2.174936 -8.671135 -32.293579 0.328979 -5.861433 15.130675 3.476952 13.388865 -14.420069 7.989471 6.845150 -7.707457 6.960559 -3.699263 11.038794 -4.463031 -5.314882 -5.195301 5.296097 3.901127 13.929345 -7.711518 13.363959 22.085705 -2.008456 10.210752 1.139743 -2.791813 -13.604723 -21.701054
-1.915099 -7.889032 -32.438534 0.553133 -5.788838 14.917276 2.857770 13.088672 -14.283662 8.060380 6.761928 -7.871179 7.092155 -3.656115 11.246447 -4.279672 -5.297483 -4.985693 5.162377 3.518486 14.178502 -7.398697 13.549689 22.811569 -2.112040 10.004123 1.481185 -2.787863 -12.959476 -20.974384
-6.060303 -11.867598 -30.918684 -3.999335 -4.533031 16.189062 7.090817 12.248179 -15.574519 8.141943 7.071075 -4.992480 4.277331 -4.317723 9.323014 -4.783113 -6.473445 -4.592994 5.892046 6.601584 9.727552 -9.792783 8.617864 18.502001 -0.942072 9.039932 -0.844019 -2.039481 -17.369707 -23.653872
-8.265735 -14.196398 -28.488504 -5.565513 -3.392207 17.078341 9.813249 10.973739 -13.910296 7.043711 7.066031 -2.984334 2.539675 -3.937221 8.022949 -4.807145 -6.557614 -4.347836 5.633864 7.928121 8.552432 -10.643490 5.834104 16.605679 -0.545968 8.305718 -1.728404 -0.882927 -19.115309 -24.418831
-9.980087 -16.070131 -24.481024 -9.006604 0.779506 16.915836 13.059745 10.333370 -11.604989 4.084949 6.931058 -0.963038 0.104077 -3.655332 6.273417 -5.543228 -6.278714 -4.271608 5.310865 9.286493 7.738146 -12.403696 1.676741 13.653261 -0.202595 6.247306 -1.683799 1.717011 -21.192205 -23.912342
-10.168081 -16.658676 -21.240232 -10.176498 5.221508 17.129396 15.738328 9.882802 -9.722200 1.370535 7.167360 1.079113 -1.497285 -3.403087 5.391740 -5.293881 -5.935596 -3.957049 4.679153 9.988087 7.640362 -13.848454 -0.861219 11.143266 1.060191 5.574511 -1.498625 3.814955 -22.954260 -22.603130
-11.308682 -15.770052 -20.396683 -11.368019 6.707009 16.223318 16.705759 8.722943 -9.288841 1.247496 7.149812 1.568645 -2.230319 -3.196896 5.133513 -5.379291 -5.899726 -3.694427 4.548471 9.933035 6.483442 -14.672536 -1.622975 10.273562 1.567398 5.344388 -0.528846 4.386539 -22.989115 -21.620022
-14.184646 -15.650840 -16.871572 -10.983996 9.572946 18.990927 18.822750 7.404778 -8.304601 0.164892 7.146245 3.187142 -3.866425 -3.212922 4.631701 -4.500234 -5.256424 -2.668160 3.887727 9.696632 5.334922 -15.730032 -3.068585 8.514348 2.025018 5.150947 -0.392585 5.789214 -24.244164 -18.248489
-16.001551 -13.918676 -17.809019 -10.115205 7.885613 19.227148 18.057779 6.027087 -9.070994 3.054258 7.054544 3.049639 -4.329654 -2.821095 5.209392 -4.831904 -4.606671 -1.785483 4.476807 8.239933 3.980883 -16.791761 -2.759606 8.724866 2.165931 5.505449 0.928614 5.464487 -22.987623 -17.892912
-18.370026 -12.098138 -13.880441 -9.601517 10.173542 20.141523 19.229416 5.354876 -8.236851 3.729503 6.841799 4.795661 -5.731997 -2.795457 4.726132 -3.960133 -3.634077 -0.410022 3.729218 7.594740 3.717421 -17.747675 -3.979402 6.863510 3.064378 7.177186 1.534072 6.286008 -21.388023 -14.369203
-17.670601 -10.964288 -14.048820 -15.870962 9.422874 18.104738 18.091633 7.716796 -9.896366 2.960737 6.967586 3.923147 -3.558029 -2.763823 5.705806 -3.544939 -3.405252 0.492895 3.289627 9.780391 4.551500 -19.495775 -5.758426 9.610062 2.366641 4.665550 0.969051 2.892325 -20.660748 -16.217041
-17.511282 -10.210054 -13.216590 -18.154343 7.408932 16.871281 17.102694 10.111865 -9.727494 3.162738 7.121854 2.829646 -2.355064 -2.983412 6.368218 -2.975742 -3.448118 0.750300 2.920856 11.232300 5.578020 -19.753481 -6.271034 11.848874 2.411488 4.684260 -0.402870 1.265773 -18.906582 -15.868603
-17.639179 -9.957836 -11.839221 -18.046974 5.800270 18.360136 17.162512 10.920763 -9.736761 2.259910 7.142920 2.560236 -1.781348 -3.272178 6.630728 -2.350789 -2.800278 0.975562 2.508644 11.698009 6.351277 -20.076126 -7.485251 13.153349 2.145005 4.333613 -0.767542 0.489031 -17.977102 -14.399702
-17.279007 -9.127455 -11.493406 -18.346451 3.372696 18.769651 16.180889 12.647569 -9.469716 2.670537 6.870994 2.132819 -1.159331 -3.420405 6.753557 -2.308403 -2.290985 0.925348 2.322911 11.192587 7.241110 -20.320156 -6.797299 14.965102 2.050915 3.397192 -1.416713 -0.573045 -16.801117 -12.367690
-16.714256 -8.999802 -9.557054 -16.929899 2.281329 20.416445 15.561130 13.400193 -9.459640 1.100802 6.375518 1.550016 -0.021595 -3.373660 6.858202 -2.148226 -1.527309 1.068245 1.451491 11.504826 10.841020 -20.469294 -8.002273 15.564679 2.213029 2.294203 -1.840230 0.137915 -15.749010 -10.373330
-16.077967 -9.070461 -10.898048 -15.272456 -1.839127 21.629694 14.474286 15.210499 -10.319995 2.597815 6.165322 0.432621 1.335959 -3.725224 7.644346 -2.068911 -1.173701 0.707005 1.709782 11.048607 13.245716 -19.318762 -6.829289 18.380150 1.814933 2.561626 -2.693979 -1.095205 -13.916503 -10.496807
-14.916969 -9.639166 -10.564362 -14.485189 -4.555106 22.983749 13.470387 17.585070 -11.072248 0.760961 5.815132 -0.290841 2.430935 -3.986534 7.476590 -2.032432 -0.500343 0.194031 1.423017 11.078174 16.606474 -17.632940 -6.060116 19.925789 1.533613 1.476142 -4.636713 -1.914329 -12.959130 -10.454911
-14.933446 -10.275424 -11.267704 -12.841398 -6.084768 23.513252 12.783900 18.139139 -11.399867 0.340021 6.027868 -0.872757 3.220580 -4.092772 7.116148 -2.499051 -0.119682 -0.446728 1.574052 10.757315 17.492346 -16.727354 -5.310162 22.036739 0.949189 1.655814 -6.330814 -2.391695 -12.231388 -11.228782
-14.686143 -10.394903 -12.538405 -12.382566 -7.206014 23.723845 12.452726 18.342291 -11.306053 1.669063 6.005928 -1.080417 3.470740 -4.156073 7.263909 -2.642358 -0.217387 -0.645221 1.866434 10.356780 17.117352 -16.461447 -4.491672 22.960281 0.762556 2.028106 -5.691358 -2.519582 -12.017893 -11.856999
-14.837695 -9.529362 -15.498905 -11.338756 -8.987891 22.835451 11.022619 17.116787 -12.300042 3.990635 5.707959 -1.964188 3.960947 -4.160531 8.256372 -2.832969 -0.709757 -0.936056 2.420588 9.805231 15.993267 -16.011801 -2.312074 23.550734 0.762915 2.675555 -4.381582 -3.578980 -11.422096 -12.622774
-14.992625 -7.430843 -18.335756 -10.056442 -10.018305 21.530588 9.183311 15.485677 -13.625928 6.289274 5.425442 -2.233422 4.508546 -4.280407 9.083618 -2.882188 -1.417677 -0.818423 3.273555 9.071704 15.039155 -15.907166 -0.404269 23.448456 0.706823 3.503335 -2.890702 -4.660554 -10.860495 -12.695045
-14.904172 -7.353829 -18.502066 -9.664085 -10.133691 21.268383 8.946115 15.458062 -13.664004 6.288313 5.410775 -2.600066 4.661741 -4.246640 9.395498 -2.891583 -1.505868 -0.899612 3.506299 8.917937 14.622117 -16.067698 -0.008927 23.615829 0.567199 3.564985 -2.352516 -4.813876 -10.787027 -12.667567
-17.935987 -3.318254 -8.874235 -18.786079 -4.928582 15.461453 14.683368 14.448056 -18.906309 4.821485 0.191371 1.952100 -0.745966 -4.441490 11.052330 -3.599555 -1.719591 1.881303 2.084558 11.933069 17.435307 -20.106844 -6.927667 8.591079 9.330524 8.150606 -0.831424 -5.145169 -13.260268 -11.573916
-15.782193 -7.885209 -6.376356 -18.366861 3.004618 20.703142 16.586712 16.069736 -8.710851 -0.301478 3.266723 -2.430803 -0.805607 -2.127864 7.050092 -5.806123 0.112050 1.302807 0.730597 10.551297 15.771455 -24.597715 -7.352153 14.755848 3.542419 3.889740 5.512664 -0.821205 -5.441420 -10.299817
-16.930630 -7.170335 -15.161904 -14.950118 -5.395647 21.029100 13.545331 14.036587 -12.287794 6.050211 3.291094 -3.528787 0.746612 -3.078918 7.745383 -5.618454 0.027085 -0.543623 3.697315 8.836359 14.968299 -23.498337 -1.179642 19.773487 1.116443 4.208042 7.980648 -2.073106 -2.386883 -12.710612
-17.171761 -2.467634 -20.620401 -11.503571 -8.838511 18.143034 10.518394 11.991723 -16.498421 12.279169 2.711193 -4.345607 1.161354 -3.192865 9.702520 -5.921924 -0.156243 -0.315580 5.192974 7.218915 13.343177 -23.265364 3.343044 19.794132 1.698011 6.774599 10.832210 -3.904206 -2.103004 -12.716553
-16.460289 0.759030 -21.551067 -11.158510 -9.047136 15.411393 9.489533 11.777968 -18.794966 14.760105 2.268542 -4.408430 1.080466 -3.159074 11.152399 -5.937799 -0.280473 0.410909 5.407236 6.625325 12.072264 -23.180653 4.437620 19.050861 2.357603 8.437182 11.449972 -5.414937 -1.918577 -12.468728
-16.267151 1.313684 -21.484488 -11.381375 -9.174597 14.763968 9.516574 11.790908 -19.466673 14.704016 2.104926 -4.717308 1.303537 -3.191053 11.679400 -5.863728 -0.457596 0.652535 5.550605 6.538091 11.770022 -22.798880 4.731192 18.285755 2.342890 9.030916 11.622694 -5.796303 -1.633701 -12.370471
-16.249516 1.635281 -21.216116 -12.062143 -9.318981 14.757277 9.616954 11.949920 -19.787481 15.096819 1.942952 -4.735268 0.956735 -3.218781 11.681776 -5.984817 -0.310075 0.637676 5.498979 6.516913 12.302279 -22.939980 4.516783 18.350706 2.303154 8.915240 11.741260 -5.750595 -1.579385 -12.366551
-16.058002 1.927780 -22.326166 -10.110472 -8.845404 14.380080 9.034814 11.062774 -18.901398 14.968456 1.843048 -4.911603 1.557050 -2.809945 12.109838 -6.015903 -0.329527 0.661341 5.329041 5.925941 12.070968 -22.450716 5.762924 18.214533 2.566764 9.170876 12.506707 -6.532680 -1.335410 -11.792489
-16.109310 1.873285 -22.143919 -10.554668 -8.947626 14.338279 9.078672 11.100713 -19.228113 14.866760 1.841718 -4.996619 1.630486 -2.911974 12.058039 -6.034213 -0.374399 0.531761 5.401720 6.133078 12.195716 -22.516790 5.577580 18.155384 2.335334 8.985739 12.487688 -6.339222 -1.449905 -11.791930
-16.159113 1.679677 -21.514521 -11.191047 -9.121807 14.532365 9.397789 11.646937 -19.670982 14.547044 1.851912 -4.937257 1.508467 -3.008628 11.894012 -5.984460 -0.264058 0.542299 5.410771 6.394808 11.830935 -22.686720 4.894506 18.123943 2.589602 9.281300 11.909204 -5.902462 -1.390792 -12.245020
-15.805253 2.093117 -22.715521 -9.867237 -8.783218 14.150737 8.839030 10.841323 -18.893072 15.197898 1.859034 -4.907629 1.669814 -2.732785 12.141119 -5.886234 -0.298609 0.723734 5.223958 5.658191 11.948009 -22.355967 5.896029 18.328411 2.661195 9.135697 12.424830 -6.756343 -1.439742 -11.729225
-16.100088 1.890611 -22.283440 -10.068148 -8.756255 14.439493 9.110448 11.038898 -18.883656 14.938541 1.841919 -4.939667 1.596700 -2.794883 12.130575 -6.032208 -0.284103 0.639319 5.329035 5.983503 12.231450 -22.417217 5.814569 18.252979 2.549998 9.029423 12.483469 -6.529720 -1.312272 -11.833747
-15.671359 2.238454 -22.781958 -9.825336 -8.709539 14.143324 8.767659 10.795276 -18.760132 15.174067 1.775472 -4.949158 1.694230 -2.724047 12.246243 -5.870854 -0.244654 0.801456 5.245590 5.548966 11.959094 -22.504330 5.914655 18.241192 2.679794 9.099021 12.423905 -6.820725 -1.457298 -11.662426
-15.667376 2.226952 -22.778605 -9.818457 -8.717258 14.107388 8.791251 10.831875 -18.762848 15.169840 1.777753 -4.975788 1.712630 -2.730111 12.203045 -5.906111 -0.233112 0.762972 5.267961 5.582032 11.959800 -22.523100 5.881091 18.291174 2.680876 9.175184 12.464303 -6.808380 -1.451164 -11.630680
-16.100550 1.941399 -22.318069 -10.164818 -8.812471 14.419093 9.095622 11.034912 -18.892162 15.031143 1.862336 -4.965865 1.581855 -2.789737 12.158371 -5.988638 -0.304935 0.666373 5.298894 5.957268 12.185235 -22.485479 5.804037 18.276253 2.596680 9.071537 12.533321 -6.490511 -1.319479 -11.795957
-16.134375 1.849079 -22.010632 -10.839787 -9.290493 14.191869 9.161642 11.551211 -19.576797 14.803796 1.842766 -5.117869 1.559523 -3.012645 11.949678 -6.005515 -0.345829 0.375699 5.470728 6.260536 12.043229 -22.505337 5.413263 17.820248 2.042361 9.013582 12.148825 -6.354601 -1.265953 -12.006008
-15.602603 2.230571 -22.820923 -9.559921 -8.556835 14.141038 8.793201 10.728079 -18.705397 15.104686 1.748887 -4.936299 1.755639 -2.723590 12.293373 -5.889790 -0.198892 0.889371 5.281840 5.546631 12.021363 -22.442829 5.900893 18.318752 2.730289 9.228683 12.565498 -6.901157 -1.363169 -11.666951
-15.831498 2.147088 -22.701735 -9.860847 -8.825012 14.122485 8.816067 10.812888 -18.901735 15.156837 1.827939 -4.934381 1.741551 -2.754414 12.153606 -5.908319 -0.282483 0.759530 5.263298 5.656194 12.068757 -22.407375 5.876753 18.282719 2.644551 9.091958 12.377423 -6.813959 -1.404518 -11.803571
-16.128504 1.855395 -22.252016 -10.797636 -9.040260 14.064063 9.191884 11.296062 -19.457537 14.911171 1.829331 -5.110515 1.687770 -2.941075 11.990747 -6.064534 -0.293622 0.426512 5.444084 6.272753 12.091461 -22.509146 5.445796 17.934116 2.229110 9.125489 12.207297 -6.229392 -1.299485 -12.068703
-15.321019 2.389113 -22.973639 -9.249729 -8.457501 14.180108 8.692318 10.625385 -18.484480 15.054414 1.800532 -4.903014 1.788000 -2.728341 12.273301 -5.874216 -0.248440 0.857376 5.275496 5.615667 12.096854 -22.430233 6.014980 18.427113 2.728420 9.118347 12.675986 -6.892145 -1.379119 -11.532315
-15.886189 2.004348 -22.457979 -9.977007 -8.802772 14.283412 8.776942 10.894867 -18.816479 15.066853 1.897843 -4.921039 1.737871 -2.758584 12.173456 -5.870265 -0.278084 0.705329 5.229949 5.855252 11.933286 -22.384394 5.777265 18.266096 2.590099 9.129123 12.705534 -6.619192 -1.416735 -11.811407
-16.107285 1.757993 -22.152851 -10.772623 -8.972450 14.338146 9.167653 11.249782 -19.214369 14.956699 1.870614 -4.999855 1.733707 -2.922420 11.921054 -6.041450 -0.349516 0.470882 5.422197 6.263843 11.985510 -22.668341 5.423015 18.070564 2.341667 9.070215 12.318276 -6.224952 -1.405623 -11.843282
-15.334105 2.397537 -22.977020 -9.241046 -8.443338 14.205758 8.693586 10.598927 -18.459898 15.058090 1.790411 -4.871512 1.788094 -2.729146 12.245253 -5.851142 -0.243083 0.846378 5.237740 5.630590 12.096553 -22.479242 5.934152 18.475979 2.796646 9.137715 12.724342 -6.845773 -1.445829 -11.455771
