10.473357 29.467995 -6.052161 6.411635 14.599407 4.117860 -1.043087 14.222312 1.221235 -7.643078 -4.555584 10.314152 3.465145 -7.755173 5.952608 -4.607438 -0.680571 0.815537 -3.083515 -7.368391 -2.834262 16.176737 -16.554888 15.347005 -15.298065 18.823004 10.615418 -12.954900 -0.102078 8.175950
10.630929 29.520481 -5.836455 6.178811 14.795699 3.977316 -1.003609 14.340444 1.295045 -7.893185 -4.601447 10.358643 3.483008 -7.760867 5.997648 -4.578354 -0.666597 0.794800 -3.113628 -7.345405 -2.831351 16.187355 -16.542681 15.365664 -15.294851 18.833866 10.609593 -12.952762 -0.096246 8.142510
8.897098 28.512440 -3.823040 6.561198 16.372644 5.431390 -0.275596 13.969056 2.373533 -7.871553 -3.387433 10.501408 3.229540 -7.859647 4.721762 -4.326128 0.166009 0.908945 -2.708706 -7.088169 -3.970958 15.441738 -16.880163 14.582098 -15.366806 18.539762 7.884288 -11.497207 -1.647619 9.029156
8.180310 27.401678 -2.250140 8.135817 17.399788 5.643277 0.903472 14.019684 3.074967 -7.720388 -3.289256 10.641377 2.995168 -8.132417 4.508488 -3.796869 0.631920 1.150795 -2.752704 -6.567354 -4.201810 15.034972 -17.464033 13.848134 -15.759025 18.954216 6.818462 -9.703191 -1.902588 9.704812
6.869756 25.897633 -0.238227 9.112900 18.870943 6.065246 2.227174 14.423582 3.842792 -7.638231 -2.724090 10.878686 2.561606 -8.284779 3.978022 -3.248042 1.296103 1.312289 -2.805475 -6.118017 -5.140575 14.664038 -18.374205 13.207120 -16.564386 18.956593 5.161072 -7.424706 -2.665249 10.373315
6.376201 24.466125 1.343003 10.220166 19.658676 6.036229 3.227855 15.181731 4.312709 -7.584948 -2.667496 11.084684 2.200958 -8.395004 3.717663 -2.964727 1.851094 1.238753 -3.012228 -5.616621 -5.271544 14.743184 -18.712051 12.744443 -17.017599 19.109446 4.255007 -5.830518 -2.904859 10.214193
6.213274 23.409187 2.217111 11.226591 20.289021 5.892251 4.132431 15.804555 4.692446 -7.330486 -2.707351 11.251427 1.863648 -8.532637 3.629166 -2.592299 2.358782 1.408746 -3.224504 -5.418521 -5.934668 14.403258 -19.102327 12.330828 -17.345598 19.117373 3.726507 -5.006931 -3.352285 10.598452
6.172502 22.641682 3.006032 11.628786 20.608967 5.785175 4.772538 16.523483 4.864831 -6.970854 -2.854463 11.097197 1.683696 -8.552373 3.631317 -2.572195 2.620842 1.467445 -3.191136 -5.333474 -6.073756 13.937228 -19.272493 12.092698 -17.399874 19.059383 3.421522 -4.454113 -3.303396 10.594323
6.151078 22.470215 3.279327 11.864887 20.946978 5.510940 5.216122 16.665541 4.948611 -6.528941 -3.100256 11.000109 1.483647 -8.685901 3.582365 -2.584406 3.007267 1.540045 -3.193381 -5.280538 -6.280366 13.449356 -19.647448 11.675502 -17.431643 19.115940 3.098418 -4.000735 -3.295821 10.937950
5.764583 22.514223 3.976253 11.876366 21.439466 5.208488 5.564085 16.795343 4.888550 -6.037868 -3.374249 11.057959 1.007116 -8.779636 3.759984 -2.476977 3.095838 1.290647 -3.406211 -5.066090 -6.557178 13.350045 -20.739077 11.310606 -17.877417 19.344728 3.076954 -2.956634 -3.469350 10.448596
5.482815 22.646421 4.700252 11.619148 21.776518 5.022767 5.745102 16.862360 4.795112 -5.362726 -3.829568 11.348273 0.572201 -8.791859 3.816268 -2.626098 3.101492 0.960044 -3.539376 -4.752996 -7.166625 13.057545 -21.156118 10.711447 -17.923254 19.499006 2.433693 -2.634363 -3.804702 9.991770
4.854620 23.545338 5.377385 11.224927 22.015158 4.820767 5.917755 16.455826 4.316855 -4.966426 -4.294885 11.604541 -0.002691 -8.823046 3.727080 -2.933094 3.139246 0.636591 -3.610172 -4.548722 -7.790687 12.781439 -21.541086 10.121792 -17.798811 19.697481 1.998255 -2.746327 -4.004347 9.741231
4.476052 24.443144 5.590294 10.656457 22.241093 4.531766 5.885817 16.202833 3.673917 -4.589321 -4.671609 11.743026 -0.470306 -8.877672 3.790978 -3.060125 2.944291 0.035495 -3.781289 -4.189507 -8.256566 12.653143 -22.402296 10.073521 -17.816021 19.466021 1.430651 -3.185660 -3.948275 8.912581
3.889862 25.541126 6.109613 9.959997 22.425905 4.718918 6.102494 15.586773 3.377738 -4.191578 -4.905792 11.998808 -1.059109 -8.894897 3.610785 -3.445928 2.892177 -0.271752 -3.653977 -4.069674 -8.868242 12.404406 -22.886547 10.286777 -17.988857 19.126553 0.856561 -4.054870 -3.862936 8.171708
3.699055 26.539488 6.205518 9.262712 22.199751 4.881568 5.956832 14.885371 2.639404 -4.223937 -5.096281 12.173557 -1.412772 -8.826349 3.598530 -3.736421 2.691181 -0.594032 -3.621559 -3.809928 -9.043361 12.122702 -23.099916 10.981261 -18.069746 18.637121 0.259072 -5.148862 -3.549643 7.492215
3.435712 27.291943 6.504272 8.397553 21.636953 5.464070 6.123523 14.520668 2.487997 -3.966445 -5.137537 12.422190 -1.582135 -8.663859 3.266529 -4.381414 2.432747 -1.023433 -3.395375 -3.706083 -9.109431 11.630910 -22.790499 11.874447 -18.223936 17.964907 0.131447 -6.304477 -3.172164 7.417974
3.442797 28.670204 6.303434 7.482914 21.206745 5.583983 5.998567 14.107203 2.112020 -3.579623 -5.088178 12.511619 -2.117716 -8.525221 3.183676 -4.921237 2.083728 -1.340193 -3.205428 -3.811176 -9.068425 11.027948 -22.651308 13.493784 -18.876730 17.058947 -0.216985 -7.388874 -2.341249 6.636091
3.418210 29.614149 5.972354 6.742143 20.625574 5.727071 5.934662 13.715539 1.646928 -3.357428 -5.117201 12.491888 -2.351544 -8.287708 3.317272 -5.402335 1.799242 -1.511075 -3.137734 -4.029025 -9.650422 10.068851 -22.615223 14.401317 -18.914644 16.378218 -0.176174 -8.892346 -1.787589 6.709698
3.398939 30.336359 5.613172 6.059966 20.214380 6.026992 5.423301 13.383061 1.410459 -3.331126 -5.299647 12.517702 -2.394402 -7.951086 3.619120 -5.825898 1.486392 -1.782146 -3.290122 -4.274584 -9.701437 9.701174 -22.023373 15.803435 -19.226114 15.619521 0.573321 -9.983475 -0.863003 6.688807
3.424382 31.196712 5.239202 5.625237 20.057199 6.425988 5.047316 12.923235 1.282631 -3.195807 -5.098322 12.353331 -2.602619 -7.894289 3.744488 -5.850855 1.366877 -1.972056 -3.325583 -4.225542 -10.059691 9.694881 -22.300821 16.919313 -19.567501 15.051033 0.892301 -10.609576 -0.483395 6.746552
3.335472 31.155142 5.180129 5.754190 20.034189 6.416870 4.977963 12.786040 1.114204 -3.409108 -5.138994 12.412321 -2.489446 -7.825249 3.887867 -5.847654 1.281108 -1.945398 -3.389917 -4.285720 -10.303627 9.739576 -22.260592 16.818317 -19.509382 15.117353 0.950997 -10.842075 -0.486569 6.694682
5.032701 29.672089 6.249804 7.449536 19.761618 2.688081 6.743600 15.319045 -0.516746 -1.994755 -5.700135 11.778904 -2.258052 -9.434118 2.875983 -5.300322 2.053955 -1.778641 -2.113127 -2.798742 -7.091552 9.455286 -22.832493 12.824423 -18.784580 17.501987 -0.374969 -6.880734 -0.720814 4.082537
6.266192 26.240185 5.534303 10.526176 20.676046 0.735996 6.414671 17.423155 0.483076 -2.416799 -5.668335 10.999752 -1.555626 -10.399439 2.551511 -4.727396 2.740881 -0.822679 -1.257147 -2.344679 -4.794349 9.362919 -22.086905 9.776477 -17.728891 19.519400 0.999974 -3.914136 -0.020213 4.393387
6.494127 25.268824 6.172546 9.090755 18.706442 0.311671 5.464447 19.065628 -0.066805 -2.795730 -4.987866 9.670472 -0.687443 -10.848472 2.417844 -4.653925 3.027446 0.128126 -0.244834 -2.487597 -2.708068 8.149775 -21.287138 9.986430 -17.426085 19.576319 2.770136 -3.382896 1.615296 5.649820
6.627415 24.276548 6.599936 6.767265 16.598282 0.348176 5.071285 20.901781 -0.875072 -3.350800 -4.187816 8.192883 0.094532 -10.818886 2.239614 -4.971467 3.126109 0.619346 0.346030 -3.186694 -1.009217 7.538171 -20.673918 9.974059 -16.777060 19.554834 3.969438 -3.920117 2.786354 6.080567
7.027450 24.654171 6.645527 4.762460 13.856600 1.343991 2.219020 21.270239 -0.887044 -4.301829 -3.916075 8.234715 -0.017190 -10.558048 2.860108 -4.928185 2.725327 1.372566 0.289079 -3.996835 0.442182 6.980492 -20.715435 11.408947 -15.619832 18.664722 4.904934 -5.039998 3.460417 8.453865
7.806833 25.446093 5.183885 4.225069 12.618960 -1.414591 -0.833249 21.272749 -0.972708 -4.190243 -3.500500 7.174112 0.251481 -10.940138 2.542528 -5.122440 2.517144 1.957175 1.217157 -4.599039 1.775176 6.612845 -19.428186 9.674858 -14.419155 19.580412 7.174008 -5.651869 4.627243 8.269700
8.836318 26.202927 4.392980 4.261187 11.258459 -2.290791 -3.195328 21.464224 -0.375536 -4.299549 -2.834856 6.484409 1.063913 -11.303796 2.479719 -4.523127 2.458944 3.033959 1.929818 -4.862182 2.278607 6.239935 -18.938589 8.563091 -13.455755 20.351618 8.970637 -5.459913 5.256189 9.098330
9.659129 26.790409 2.914557 4.623620 11.531804 -5.169043 -2.984724 21.668262 -1.244358 -3.693421 -3.441711 6.134682 0.758843 -11.769014 2.267110 -5.312444 1.976633 2.644604 2.584476 -5.206697 2.276813 5.971035 -18.038385 6.875463 -13.240129 21.676386 10.493947 -5.945077 5.691860 7.558032
9.581182 26.805756 2.897230 4.625152 11.793559 -5.606678 -2.697037 21.761564 -1.469623 -3.643512 -3.437617 6.010043 0.745327 -11.904022 2.105950 -5.453840 1.889152 2.579421 2.808209 -5.330289 2.325649 5.784473 -18.005720 6.673032 -13.251111 21.861593 10.481050 -5.971153 5.846462 7.038920
9.556120 26.805889 2.871034 4.725929 11.931611 -5.643455 -2.586573 21.711737 -1.464594 -3.663300 -3.454561 5.998201 0.726057 -11.933887 2.051085 -5.472843 1.921172 2.522097 2.833534 -5.292741 2.306578 5.811992 -17.987806 6.682438 -13.342974 21.873093 10.521478 -5.850266 5.925158 7.128758
9.524550 26.834003 2.867916 4.789979 11.946011 -5.629806 -2.615618 21.653456 -1.492169 -3.670320 -3.416231 5.996740 0.742033 -11.935818 2.062926 -5.454924 1.924357 2.564168 2.847803 -5.264197 2.311752 5.797893 -17.983503 6.717644 -13.349179 21.838526 10.574544 -5.794446 5.854879 7.173029
9.559796 26.883682 2.824945 4.818172 11.995835 -5.583087 -2.513452 21.676725 -1.531736 -3.644038 -3.451150 5.999924 0.739447 -11.928202 2.058630 -5.475708 1.893371 2.501172 2.829175 -5.316220 2.270919 5.845317 -17.973284 6.706268 -13.369102 21.858931 10.567337 -5.856965 5.857427 7.168249
9.546587 26.912292 2.877120 4.783354 11.986482 -5.544589 -2.571654 21.680441 -1.514953 -3.643433 -3.432778 6.031955 0.689340 -11.924089 2.033471 -5.433800 1.933684 2.503371 2.788924 -5.315307 2.273281 5.833360 -18.010286 6.629478 -13.243452 21.829081 10.583814 -5.968436 5.771492 7.230549
9.593305 26.905703 2.843048 4.831048 12.005789 -5.515895 -2.544389 21.681572 -1.485489 -3.613642 -3.426041 6.036050 0.736208 -11.930569 2.061856 -5.416072 1.912676 2.518485 2.798988 -5.295470 2.255201 5.849020 -18.011702 6.632755 -13.262978 21.818413 10.560013 -5.937729 5.751889 7.214671
9.612082 26.953671 2.802492 4.782711 11.976500 -5.503981 -2.588234 21.659647 -1.514645 -3.608842 -3.415435 6.050901 0.757559 -11.926077 2.089097 -5.389330 1.900161 2.564166 2.794827 -5.319033 2.247912 5.864697 -18.038494 6.558635 -13.219481 21.884399 10.434398 -6.011345 5.749631 7.073337
9.621530 26.935928 2.868208 4.777045 11.953755 -5.446327 -2.590934 21.698973 -1.495852 -3.579478 -3.414668 6.055294 0.752282 -11.920067 2.089547 -5.378904 1.908491 2.567434 2.765719 -5.303363 2.257998 5.917442 -18.028219 6.536223 -13.268534 21.848803 10.491626 -5.983120 5.766151 7.130379
9.625422 26.886608 2.821924 4.778840 11.895421 -5.456791 -2.619801 21.696075 -1.479613 -3.638788 -3.453416 6.175486 0.912972 -11.829829 1.985292 -5.535352 1.936601 2.608442 2.822558 -5.367504 2.225640 5.799330 -17.572710 6.500166 -13.211247 21.889917 10.272986 -6.055439 5.768451 7.221756
9.609055 26.913433 2.877194 4.769367 11.925598 -5.362770 -2.591735 21.676476 -1.453013 -3.631057 -3.502916 6.241857 0.870675 -11.831988 2.006606 -5.529883 1.936814 2.549580 2.771827 -5.278473 2.216203 5.787279 -17.568804 6.541898 -13.258472 21.862566 10.302779 -5.988109 5.795347 7.266092
9.615291 26.926432 2.916657 4.717304 11.874784 -5.363766 -2.613281 21.692823 -1.492604 -3.628659 -3.484337 6.251836 0.872071 -11.829610 2.004897 -5.516020 1.934453 2.570838 2.767879 -5.278833 2.198529 5.757178 -17.577345 6.585314 -13.282360 21.814173 10.314397 -5.974699 5.812285 7.271845
9.654492 26.937189 2.877139 4.747898 11.881795 -5.405245 -2.600170 21.720865 -1.483277 -3.614798 -3.538056 6.388233 1.042854 -11.743580 1.883849 -5.706643 1.964892 2.598278 2.833746 -5.352482 2.086310 5.469996 -16.617874 6.562712 -13.221593 21.953165 10.049689 -6.053827 5.788814 7.539003
9.603460 26.853733 2.957884 4.708948 11.825348 -5.310487 -2.643800 21.706051 -1.408689 -3.652337 -3.526188 6.354770 1.059320 -11.741602 1.932153 -5.661751 1.965655 2.614208 2.803018 -5.343931 2.064132 5.389003 -16.237459 6.443513 -13.070704 22.002254 9.821307 -6.094743 5.745921 7.726163
10.979609 25.509338 2.349487 6.278898 10.934694 -5.946834 -4.093603 22.212843 -0.808622 -4.551778 -2.704989 5.052583 2.026698 -12.192754 2.171920 -4.928978 2.220053 3.440254 3.450549 -4.441113 4.517828 6.306983 -17.141926 6.086174 -12.158842 22.358692 11.852559 -4.913895 6.157946 8.155058
12.454760 23.105068 2.000465 7.969458 9.568815 -6.191720 -5.347906 23.297686 0.131509 -5.970504 -2.142560 4.092427 3.981534 -12.003817 2.770587 -4.262298 3.399261 4.733413 3.352505 -2.772675 7.401416 7.922087 -16.758070 5.082119 -10.501096 22.822729 13.066712 -3.603087 5.735063 9.384622
13.504565 22.772758 2.664761 8.200271 8.017153 -6.428776 -6.234231 24.644772 0.294061 -5.592690 -2.110142 4.344037 5.336946 -11.680126 2.238483 -4.149482 4.839876 5.276004 2.985003 -1.793802 9.570452 7.649269 -12.438001 6.166672 -10.283016 22.333473 11.588756 -1.096944 5.261882 13.305167
13.736506 22.532665 4.086073 8.621733 6.898988 -5.811580 -5.923779 24.850222 0.022873 -5.515860 -1.911942 3.770797 5.657108 -11.713657 2.253264 -3.298342 5.377252 4.815390 2.390942 -1.526594 11.615433 7.385654 -14.752412 7.579054 -10.557566 21.317926 11.981099 1.958679 6.141519 15.698998
13.282913 20.605240 5.825036 8.973312 5.332839 -4.580012 -5.650585 25.397272 0.271737 -5.857604 -1.792529 3.446029 6.131786 -11.718371 2.058445 -2.552676 6.217751 4.606290 1.752921 -1.199933 13.579075 6.118675 -16.813641 9.328760 -10.585662 19.910769 10.695130 2.652918 7.945692 16.242907
13.903230 17.918680 5.848475 9.055946 2.402261 -3.336081 -5.662691 26.941122 0.075821 -7.377270 -1.680005 3.024126 7.263758 -11.534888 1.790351 -2.455494 6.832830 4.119039 1.299515 -1.164634 15.881641 5.724300 -16.095898 10.828513 -9.878509 18.963881 8.472020 0.457827 10.610932 15.865913
14.823176 14.887060 4.752927 10.003658 0.355084 -2.220674 -5.111433 28.401632 -0.178910 -9.647661 -1.144722 2.671375 8.710681 -11.211229 1.547300 -1.837701 6.984869 3.210954 0.159276 -1.331192 18.950556 7.259455 -15.510278 12.780622 -10.087446 18.055609 6.730929 -1.768784 12.775181 13.642911
14.890656 11.762300 4.889960 10.967911 -2.058180 -0.596353 -4.698762 30.459200 -0.185462 -12.195185 -0.574574 2.187447 10.300628 -10.886017 1.084152 -1.234706 7.249629 1.988817 -1.275485 -1.836078 22.452505 13.053164 -13.679355 13.727009 -12.150873 18.888979 3.259959 -1.788029 13.004932 10.446490
14.088025 9.598462 6.881192 11.644306 -3.461934 3.472222 -3.651709 32.010052 1.134950 -13.014935 -0.376811 1.781285 10.344907 -11.028746 0.248874 -0.802597 7.411719 0.542437 -2.117357 -2.653554 23.965612 17.491283 -15.469533 14.012790 -13.899712 18.670839 -2.633166 -1.418374 11.824171 9.725447
12.869414 8.562732 9.308148 12.293656 -4.522725 8.205730 -0.658271 32.963421 1.404511 -13.176743 -0.533287 1.054962 9.987714 -11.188709 -0.747137 -0.941608 7.849588 -0.580754 -2.586670 -3.697455 24.271160 19.180033 -17.085760 15.957723 -16.297220 17.118624 -7.942737 -2.555768 13.588715 10.265652
12.367372 7.979034 11.030428 13.244497 -5.025762 10.375812 2.062074 33.197098 1.314883 -13.219046 -0.644432 0.609853 9.461591 -11.540968 -1.415330 -1.009964 8.044989 -1.511648 -2.667717 -4.134998 23.747190 19.185253 -18.878389 16.338531 -17.794390 16.333937 -10.258739 -4.212699 15.627245 7.937539
11.932769 8.088733 10.876928 13.756121 -3.459609 9.210211 3.070361 32.877777 0.942116 -13.371853 -0.720523 1.356303 9.015997 -11.629663 -1.870783 -1.392401 8.164927 -1.444955 -2.427992 -4.090658 22.858404 18.015848 -17.100641 15.571984 -17.481319 17.378305 -10.276320 -3.584460 14.596179 8.825822
11.669837 9.035407 9.685677 13.543401 -1.479650 6.593561 2.519843 32.102875 0.435761 -13.920055 -0.586625 2.462699 8.655710 -11.738603 -1.690162 -1.230956 7.662636 -1.044428 -1.976635 -3.454926 22.913809 16.908407 -16.526768 13.927394 -15.294782 19.351858 -8.293189 -2.576948 12.369186 8.330844
10.163413 10.128803 9.957235 13.004216 0.473926 5.238023 2.582541 31.348049 -0.518260 -14.524882 -0.588857 3.272697 8.119365 -11.962191 -1.692464 -1.040347 7.762984 -0.582373 -1.919790 -3.344627 22.536333 15.456793 -16.287298 13.367251 -14.230750 20.237820 -8.038363 -3.531373 11.662369 7.465046
9.262409 10.924041 13.223003 13.603699 0.269577 6.592402 4.499106 32.437946 -0.185679 -11.133993 -0.950997 2.983899 6.469111 -12.519345 -2.636904 -1.162687 7.756335 -1.944181 -1.906369 -3.726173 21.537666 12.909234 -19.339975 13.036275 -16.091482 19.446253 -8.902761 -2.058545 13.094469 7.096705
9.783715 11.082952 14.604461 13.458169 -1.586990 7.229175 3.583601 32.673908 0.112144 -9.730633 -1.243256 3.401448 5.952116 -12.565811 -3.444188 -1.627450 7.880229 -2.243079 -1.478322 -4.240897 21.494005 11.567889 -19.120577 13.761379 -16.409468 18.725622 -9.401240 -1.295874 15.402165 9.430984
10.452154 11.563024 16.540110 12.923576 -3.529999 8.120200 1.720426 33.367317 0.552652 -8.254517 -1.616144 3.308924 5.420518 -12.703322 -4.014397 -1.863886 8.205585 -2.772287 -1.335467 -4.473334 21.384806 11.165329 -20.136961 14.816547 -16.458055 17.575014 -9.978494 -0.853189 16.788895 10.919370
10.445996 11.780308 16.407618 12.931755 -3.197388 7.962049 1.639969 33.164265 0.826009 -8.134327 -1.582028 3.504486 5.281492 -12.714142 -4.043452 -1.824658 8.149494 -2.786469 -1.311137 -4.364787 21.219519 10.975817 -20.118917 14.290380 -16.222223 17.804354 -9.630807 -0.574083 16.173042 10.772046
