5.053420 27.269117 -14.110168 11.725769 6.678359 11.014191 -1.901886 12.846456 0.228126 5.104477 -4.176588 1.278176 -1.369274 -9.778635 5.212185 -2.028791 -5.371905 3.354918 -9.519000 -2.881188 6.206414 13.899883 -19.431107 2.440873 0.086069 22.250116 9.594695 -21.314053 -3.741904 11.671744
5.054748 27.280874 -14.083029 11.762402 6.758693 11.082843 -1.848261 12.842837 0.228616 5.074574 -4.155778 1.244938 -1.375165 -9.799744 5.077254 -2.052432 -5.455221 3.390395 -9.626822 -2.739718 6.213811 14.037565 -19.903811 2.456870 0.084488 22.276033 9.732018 -21.306662 -3.716090 11.496041
4.582030 25.379686 -13.935662 9.490686 5.414076 12.303258 -2.632977 12.785286 0.579608 3.623325 -3.548558 1.687461 -0.694977 -9.143410 5.728230 -1.697839 -5.632429 2.702439 -9.671535 -2.319658 7.328508 13.166079 -19.749792 2.961649 1.794269 21.597811 10.754879 -20.113012 -5.653715 11.080651
4.998332 26.056892 -13.859749 10.380066 5.272641 12.630381 -2.073621 12.893819 0.390604 3.877141 -3.781759 1.533208 -0.956949 -9.319268 5.426614 -1.894516 -5.697430 2.993681 -9.723524 -2.454955 7.103693 14.049986 -19.558065 2.617358 1.389613 22.079628 9.961132 -20.654001 -5.235721 11.240989
5.307013 25.409229 -13.517413 8.732965 3.604513 14.548573 -1.941953 12.885672 -0.016466 2.683470 -3.420450 1.953736 -0.672010 -8.822374 5.650430 -1.741398 -5.965501 2.806458 -9.756426 -2.413143 8.077863 14.802969 -19.697515 3.627681 2.162582 21.830231 9.916619 -19.623793 -6.790374 11.003827
5.515442 24.206764 -13.278721 7.738469 2.422857 16.416765 -1.438949 13.011498 -0.251905 1.403003 -3.097940 2.317257 -0.211104 -8.164503 6.081583 -1.607105 -6.336716 2.638523 -9.854547 -2.010438 8.612664 15.419881 -19.572781 4.071487 2.686334 21.416647 9.885181 -18.812588 -8.202827 10.483447
5.470092 23.497135 -13.208344 7.355444 1.989231 17.487432 -1.027020 13.006567 -0.380844 0.731383 -2.844128 2.855535 -0.098260 -7.825826 6.372559 -1.375101 -6.596515 2.802171 -9.822964 -1.705077 9.262935 16.582663 -19.352100 4.840213 3.145369 21.659285 8.965863 -18.521271 -9.103838 9.540976
5.825754 23.047628 -13.027982 7.042558 1.501939 18.753796 -0.155779 12.933642 -0.874035 -0.092105 -2.573518 3.333890 -0.116969 -7.625095 6.598531 -1.044102 -6.871253 3.291682 -9.725356 -1.423567 9.782446 17.339712 -19.279604 4.949117 3.021931 21.273283 8.599528 -18.072445 -9.921292 9.088397
6.241812 22.507740 -13.053123 7.437720 1.134025 19.734444 0.638860 12.761659 -0.881340 -0.578176 -2.372226 3.546899 -0.086114 -7.403087 6.665932 -0.990718 -7.160155 3.223319 -9.779335 -1.263446 10.401546 17.276926 -19.273556 5.848129 3.850928 21.245401 8.549043 -17.415903 -10.792233 8.874262
6.502932 21.843603 -13.416945 8.182297 1.211139 20.521849 1.492313 12.588026 -0.671768 -1.047233 -2.356031 3.888716 -0.433260 -7.233838 6.627945 -1.044483 -7.534778 3.378204 -9.861806 -1.123977 10.851852 17.303949 -19.161253 6.172905 4.476849 21.024433 8.582669 -16.883837 -11.568104 8.654651
7.180650 20.877562 -14.026227 9.181941 1.731884 21.311670 1.993403 12.441802 -0.097840 -1.652771 -2.357380 3.615579 -0.644267 -7.048005 6.204288 -1.582267 -8.025322 2.946584 -10.022459 -0.999468 11.401187 16.607693 -19.204416 6.958956 5.439291 20.787395 9.024288 -16.215954 -12.285062 8.841117
7.254988 19.969170 -14.871690 10.043127 1.946838 21.369329 2.125339 12.085267 0.322317 -1.712058 -2.343333 3.333837 -0.758085 -6.939489 5.698285 -2.046828 -8.403515 2.531626 -10.221751 -0.988174 11.977513 15.729744 -19.942259 7.765373 6.012915 20.243670 9.940134 -15.680799 -12.568497 9.504773
7.303448 19.030483 -15.641721 11.260994 2.803764 20.975367 1.986022 11.914334 1.086750 -1.642728 -2.382794 2.718317 -0.570282 -7.056373 5.177516 -2.489774 -8.698555 2.112277 -10.448686 -0.589324 12.440662 14.640229 -19.862753 8.423370 6.640191 20.174559 10.887955 -14.898477 -12.769042 10.213038
7.474501 17.981255 -16.264820 12.103381 3.985025 20.020054 1.688403 11.978751 2.022686 -1.932344 -2.405535 2.222232 -0.348760 -7.062979 4.640118 -2.836076 -8.820766 1.632580 -10.709170 -0.441836 12.942142 13.731737 -19.885273 8.970028 7.276918 20.266010 11.713988 -14.007808 -13.104046 10.494632
7.253172 17.513617 -16.629847 12.204172 5.149683 18.863049 0.896261 12.203988 2.604774 -1.938316 -2.415530 1.671073 0.108024 -7.224504 4.292036 -2.983886 -8.824183 1.246230 -11.025351 -0.061888 13.425893 12.903787 -19.694063 9.017718 7.854824 20.451429 12.808389 -12.872113 -13.528269 10.694520
7.020441 17.396971 -16.911129 12.176041 6.020706 17.539772 0.267968 12.592720 2.943317 -1.597966 -2.419887 0.969072 0.778268 -7.298512 4.221428 -3.082118 -8.699451 0.978792 -11.285643 0.360240 13.499256 12.253376 -19.873783 9.471122 8.698596 20.697931 13.650138 -11.951654 -14.014530 11.030717
6.492538 17.399231 -17.252790 11.494605 6.622368 16.275694 -0.859096 12.845571 3.234223 -1.200632 -2.410248 0.470745 1.549640 -7.394947 4.333373 -2.878274 -8.478281 0.890769 -11.517937 0.814613 13.450691 11.544060 -19.243481 9.398944 9.422843 21.129389 14.536606 -11.052702 -14.672768 10.854079
5.977300 17.812410 -17.457342 10.995513 7.315681 14.816476 -1.570887 13.050102 3.594913 -0.795614 -2.467669 -0.033453 1.949621 -7.507531 4.589406 -2.764256 -8.200459 1.075897 -11.571803 1.173717 13.392579 11.195709 -19.464788 9.648982 9.944276 21.403563 15.068500 -10.473779 -15.008759 10.630725
5.185894 18.218300 -17.504261 10.682043 8.278956 13.678561 -1.798710 13.009585 3.599733 -0.431007 -2.592201 -0.307604 2.574047 -7.669131 4.845558 -2.566818 -7.837499 1.487179 -11.546950 1.807072 13.145350 9.876274 -19.512873 9.780417 10.800076 21.446030 16.260248 -10.034451 -15.438026 10.064764
4.609923 18.529675 -17.289183 10.794204 9.312115 12.718410 -1.923663 13.142481 3.824047 -0.228202 -2.802328 -0.539916 2.805830 -7.855841 5.041312 -2.526792 -7.584257 1.912684 -11.443707 2.058287 12.795835 8.909169 -19.751106 9.739071 11.262950 21.309469 17.055380 -9.890334 -15.712059 9.899295
4.394259 18.399479 -17.107405 10.389224 9.425699 12.543200 -1.986184 13.060699 3.632484 -0.251992 -2.797662 -0.568272 2.877110 -7.856048 5.055491 -2.553131 -7.510566 2.037582 -11.491821 2.231180 12.832213 8.549950 -20.519232 9.863543 11.529852 21.242918 17.549135 -9.703922 -15.731641 9.408881
4.268716 18.421680 -17.119448 10.254854 9.458755 12.473324 -1.984591 13.001880 3.571921 -0.186290 -2.790324 -0.555575 2.864337 -7.831641 5.037723 -2.554351 -7.492129 2.057950 -11.523414 2.194220 12.834146 8.565010 -20.661963 9.968344 11.401001 21.247271 17.443413 -9.845222 -15.558123 9.536810
4.451817 8.368509 -18.612665 4.246701 3.745389 21.450218 -2.540620 13.110818 2.136555 -6.377013 -1.201428 1.801269 1.713345 -5.870856 5.984437 -2.892933 -9.097305 -0.299938 -9.905074 3.208318 21.276140 6.749866 -18.579294 9.616176 8.418464 11.516003 15.833775 -9.262980 -17.450359 8.150743
-1.093678 1.806144 -15.577556 -0.818055 9.369705 21.309744 0.149924 10.082891 3.986392 -8.699524 4.083055 2.071772 1.757023 -4.116153 2.732801 -2.243582 -8.141460 -0.405003 -9.174676 5.828979 15.764235 3.436898 -16.056503 12.683375 6.385255 7.050398 11.483405 -2.301164 -24.167814 5.704638
-5.802523 -1.249909 -11.687530 0.004887 12.224365 28.590300 1.166744 8.424047 7.072347 -6.941125 7.595758 5.648451 -0.795318 -3.634941 2.093805 0.182902 -5.193011 -2.036269 -8.275504 6.424910 9.733011 0.912503 -14.007661 11.736407 4.991315 5.857142 1.029635 1.399738 -28.591547 6.019897
-6.798931 -3.006909 -11.860625 -0.590109 13.458789 28.589327 0.911027 8.068617 7.673810 -6.655884 8.021885 5.438862 -0.824671 -3.050544 1.677638 -0.879823 -5.071538 -2.347633 -7.573858 6.191609 8.793973 -0.579083 -12.237082 11.398448 3.636141 3.556406 0.921036 0.788433 -28.742210 5.146929
-4.145500 -2.605525 -16.175581 -0.297742 16.618826 22.534035 0.568355 7.291866 5.391153 -7.638118 6.211670 3.921367 -0.367629 -2.428741 1.874979 -3.307138 -7.948036 -1.444356 -7.489597 5.757560 9.950792 0.508351 -13.583325 9.791627 5.609619 5.548773 8.227525 0.302672 -29.069826 1.395849
-5.586127 -2.485527 -15.550148 -0.722961 18.809904 23.848890 2.254522 5.883221 4.670807 -7.222090 6.998206 4.217363 -1.048479 -1.965481 2.096200 -3.298185 -7.746744 -1.296887 -6.925634 6.073471 9.233068 -0.923911 -13.238675 10.960746 5.451004 4.718658 6.923695 1.027861 -29.447004 -1.377908
-4.793632 -1.717014 -16.259535 -1.008340 20.222729 22.631079 3.666222 4.759540 4.280912 -6.829782 6.764138 4.719614 -1.594762 -1.885592 1.875692 -3.428887 -8.358816 -0.783410 -6.695136 6.502562 7.895200 -1.167288 -12.785865 9.811160 5.695791 5.936036 8.021759 1.497371 -29.984968 -3.046070
-1.625571 2.768726 -21.439539 -0.967656 19.823484 16.215944 3.720091 3.159223 1.916058 -5.580965 3.920421 4.687109 -2.283123 -2.128284 2.894650 -4.144740 -11.378511 1.824477 -7.471782 4.847804 8.837026 0.543273 -13.536500 5.280749 9.497463 10.125564 16.012424 -0.408279 -29.531591 -2.742980
-1.757087 2.875356 -21.639061 -0.695361 20.073145 15.935008 4.479078 2.890215 1.641642 -5.389515 3.814445 4.727994 -2.529783 -2.025639 3.092738 -4.128599 -11.606707 2.024157 -7.379277 5.072017 8.467179 0.247790 -13.384751 5.233670 9.397655 10.194130 16.868380 -0.383447 -29.353128 -3.020938
1.106308 4.728769 -24.713167 -2.032491 17.906786 12.377978 3.273632 3.869822 0.627576 -4.994759 2.191729 3.479184 -1.884309 -2.069434 4.463387 -4.390035 -12.953417 3.361886 -7.826200 4.036692 10.499251 1.705126 -14.277699 5.172528 10.690594 11.709070 21.823156 -2.340654 -27.254326 -3.070225
2.222255 5.208725 -25.348799 -1.943344 17.511641 11.126656 3.207678 4.206588 0.082260 -4.851668 0.176723 3.884745 -1.833716 -1.724726 5.637329 -4.748384 -13.400660 2.659311 -8.865959 4.391949 12.164470 1.684202 -13.959333 2.865907 13.480259 13.083318 23.081182 -4.373495 -27.137815 -2.706834
1.810849 5.312059 -25.662420 -2.573273 17.174767 10.806077 3.087957 4.133609 0.411561 -4.602336 -0.162670 3.896500 -1.716691 -1.461718 5.940351 -4.793728 -13.383404 2.624092 -9.270769 4.266556 12.011737 1.645570 -13.366451 2.942884 13.637970 13.087002 23.095068 -4.927552 -27.073309 -2.595916
0.871661 4.438795 -24.463228 -2.192870 17.972891 12.280263 3.099995 3.997675 0.881394 -5.024116 2.283268 3.420918 -1.726437 -1.941975 4.285239 -4.519051 -12.866163 3.225790 -7.859089 3.963976 10.290954 1.638816 -13.548787 5.352807 10.435347 11.412058 21.412840 -2.650677 -27.142162 -3.152406
2.111023 5.572659 -25.731886 -2.417481 17.139666 11.029780 3.157367 4.097795 0.188865 -4.601806 -0.404303 3.921328 -1.710705 -1.538217 6.055346 -4.863538 -13.475616 2.742892 -9.198388 4.203066 12.337459 1.696469 -13.528693 3.077006 13.698627 13.171610 23.260057 -4.667325 -26.917452 -2.828021
2.327948 5.495772 -25.884260 -2.104382 17.018206 10.896316 3.086322 4.082706 -0.089433 -4.884154 -0.769995 3.991712 -1.800022 -1.595290 6.294443 -4.930183 -13.551319 2.539816 -9.385322 4.379632 13.290622 1.568197 -13.868668 1.935762 14.890569 13.700531 24.048964 -5.444741 -26.663679 -2.600437
1.133095 4.685223 -24.708715 -2.088146 17.929150 12.235894 2.913393 3.915806 0.821643 -5.048821 2.035242 3.483755 -1.826757 -1.987825 4.468868 -4.501861 -12.894150 3.111748 -7.977482 4.037059 10.538283 1.662719 -13.766179 4.820369 11.113489 11.780598 21.749456 -3.016472 -27.350084 -2.898169
1.358135 4.614464 -24.470720 -2.058498 17.953730 12.590640 2.852149 3.967665 0.512876 -5.195386 2.207360 3.431320 -1.781905 -2.105009 4.293843 -4.480345 -12.859520 3.044513 -7.863067 4.104398 10.296181 1.682065 -14.214330 5.203988 10.512630 11.621288 21.539034 -2.480619 -27.301329 -2.966633
2.198556 5.601173 -25.714357 -2.429229 17.193998 10.852274 3.120805 4.060985 0.097385 -4.600069 -0.308090 3.957763 -1.812950 -1.648540 5.995758 -4.841174 -13.521292 2.744551 -9.101301 4.219773 12.267543 1.636074 -13.780601 3.100449 13.554744 13.039680 23.288092 -4.630240 -26.946196 -2.636448
2.273130 5.627858 -25.998770 -2.386341 16.967157 10.676916 3.052697 3.962853 -0.108231 -4.769848 -0.746253 3.971261 -1.750179 -1.549490 6.336047 -4.908229 -13.580219 2.612011 -9.389972 4.293503 13.244603 1.550377 -13.823594 2.258887 14.848516 13.572258 23.989580 -5.760224 -26.553749 -2.722520
0.580438 4.301452 -24.062872 -2.124860 18.302692 12.690560 3.318155 3.856163 1.138425 -4.985191 2.461089 3.485701 -1.883332 -1.909568 4.284075 -4.435004 -12.812359 3.257533 -7.825654 3.970935 10.011433 1.901811 -13.910305 5.486446 10.038460 11.374949 20.936455 -2.084277 -27.568094 -3.236786
0.574792 1.245414 -23.051386 -1.562101 13.842024 13.693274 -1.587673 7.845621 3.070322 -7.036303 2.284711 1.096576 0.540560 -2.254664 3.855325 -4.982053 -11.592606 1.431552 -8.857497 4.141052 13.639875 2.791089 -12.732424 7.659143 8.810131 8.579160 19.848228 -3.907806 -25.621260 2.525725
0.064985 1.480419 -24.253025 -3.854556 14.179438 10.581712 -2.544234 7.191996 3.696943 -6.305826 2.257462 1.246725 0.557547 -1.460389 3.799356 -5.896763 -11.909340 1.446996 -8.577794 3.545406 12.223618 2.172166 -8.784984 8.185188 9.251273 8.089368 19.282213 -5.408479 -25.309553 1.162509
0.414250 3.832632 -26.974234 -6.287905 14.428484 6.229821 -2.357017 6.195282 4.189566 -5.623773 -0.441620 2.389781 -0.124460 -0.294647 5.275688 -7.146820 -12.925825 1.479325 -9.658216 2.413676 10.503131 1.005114 -7.371290 4.549682 12.499178 9.146889 22.827856 -10.278072 -25.811495 0.269808
0.169381 4.439629 -28.207237 -7.409805 14.002005 4.593240 -2.826916 5.612084 4.420133 -4.943238 -0.897555 2.401160 -0.005187 0.397312 5.614470 -7.688486 -12.854061 1.572268 -10.084840 1.679543 8.553375 -0.246797 -4.633256 1.191739 13.152527 10.268179 23.004463 -12.129693 -25.520720 0.558911
-0.670534 6.046674 -28.459700 -8.902935 14.530701 2.328946 -3.140352 5.142095 4.893510 -4.211234 -0.906151 2.666662 -0.006097 1.307790 5.962775 -7.628208 -12.568949 2.773579 -10.592762 1.208301 7.034768 -1.717346 -4.040062 -0.175139 12.844278 10.222580 23.621199 -13.628695 -24.769737 0.277397
-1.809654 6.891429 -28.268084 -9.784530 14.364791 1.412458 -3.317159 4.766723 5.617795 -3.878605 -0.836466 2.450149 0.190498 1.639094 6.474147 -7.411988 -11.859715 3.745395 -10.631226 0.897606 6.288729 -4.103399 -2.082662 0.180781 12.798739 9.736875 22.723360 -15.007021 -23.883589 1.178463
-3.485111 8.072537 -27.459391 -11.479176 13.850183 1.211326 -3.138187 5.121746 5.477406 -3.234230 -0.982658 1.805871 0.400969 1.732353 7.460174 -6.731996 -11.033907 4.801368 -11.099416 0.919833 5.741463 -6.104712 -1.025912 0.391170 12.398171 9.353011 20.932110 -17.314093 -23.051090 1.285883
-4.968320 9.467145 -26.353899 -12.469189 12.812967 0.678006 -3.516348 5.790977 4.436368 -2.668441 -1.178509 1.064779 1.612160 1.692769 8.331513 -6.325305 -10.374605 5.447235 -11.416910 1.251282 7.006812 -7.537531 -0.363441 2.544041 11.757030 9.384148 19.228195 -19.133127 -20.035246 0.382416
-5.737360 11.814540 -25.306116 -13.370390 11.967430 -0.283156 -4.441628 6.519751 3.382329 -2.059201 -1.471854 0.624113 2.456872 1.343994 9.067711 -5.838787 -9.885342 5.930754 -11.432016 1.335431 8.459491 -7.413755 -0.017275 4.138899 11.391337 10.206476 17.535522 -19.253407 -18.336971 0.195106
-6.576503 12.326631 -23.505983 -12.870203 10.694611 -0.101093 -4.590515 7.531621 3.533045 -2.947804 -1.479171 0.427948 3.615516 1.041955 9.459269 -4.824584 -9.091347 6.370654 -11.747403 1.659175 8.319974 -8.238421 -0.695901 5.924873 11.205423 9.724784 16.980131 -20.678213 -16.665432 1.062357
-6.786374 12.548692 -22.547945 -12.921207 8.480595 0.909193 -3.948678 8.683679 3.745460 -3.285314 -1.413960 0.412904 4.954061 0.767771 9.649568 -3.802345 -8.269814 6.671275 -12.367534 2.078043 9.239112 -8.573616 -0.825112 7.939728 11.325701 9.607472 16.235064 -21.880369 -15.231909 2.698051
-7.159136 12.476553 -21.530878 -12.843995 6.811977 2.614702 -3.862267 10.322450 3.444327 -4.267387 -0.946297 0.465894 6.146074 0.423546 9.293332 -2.735952 -7.594435 6.682253 -12.875592 2.900242 10.440177 -8.805546 -1.625815 10.045590 11.156242 8.516723 14.591069 -23.693674 -14.270189 2.779695
-7.362130 11.498209 -20.391985 -11.891840 5.351300 5.304338 -3.865133 11.079265 4.200975 -5.060261 -0.831521 -0.164289 7.412913 0.043188 8.895741 -2.490618 -7.131469 6.306831 -13.172760 3.939019 11.879482 -7.985611 -1.628132 11.927613 10.264761 7.636806 12.714599 -23.988214 -13.335197 3.215755
-6.849324 10.538776 -19.373693 -12.575947 3.733121 8.635179 -4.588151 10.840022 5.202893 -6.161467 -0.722555 -0.810178 8.282431 -0.281343 8.221049 -2.582338 -6.783781 5.168895 -13.366279 4.791759 14.027286 -7.478312 -2.489969 15.078862 10.844875 6.798134 9.874047 -23.904682 -13.140061 4.436405
-6.676416 10.717676 -18.002329 -13.466985 1.418859 10.374450 -6.753315 10.527941 5.680066 -6.649803 -0.486000 -1.617140 9.137225 -0.329458 7.663385 -3.171172 -6.194390 3.649443 -13.644589 4.732870 16.483767 -6.529044 -2.680867 17.283268 10.212282 6.265668 7.408409 -24.773090 -11.270477 5.764168
-6.372921 10.369654 -17.283520 -12.961249 0.799862 10.793048 -6.970093 10.845231 6.022239 -6.784461 -0.573057 -2.088471 9.476891 -0.452061 7.702193 -3.338324 -5.852437 3.174869 -13.641627 4.338828 16.846409 -5.512458 -2.375560 17.351151 9.668755 6.921270 6.817417 -24.204023 -11.213841 5.855366
-8.889717 8.525298 -15.125504 -11.896900 3.972637 13.555620 -5.070133 10.537711 8.016614 -6.503519 3.148441 -1.968057 8.042719 -0.665540 5.501643 -2.943293 -4.496701 3.657632 -11.630284 3.667392 11.071139 -4.908118 -3.310275 17.802563 5.275448 5.812439 3.240930 -18.763086 -14.454281 5.750061
-8.837712 7.647977 -15.345441 -11.144070 4.010034 12.106177 -3.954347 11.106710 6.633157 -6.753328 2.760653 -1.748466 7.745146 -0.749473 5.596124 -3.058604 -4.822380 4.410964 -11.123445 3.918969 12.230020 -4.614304 -3.413364 18.482422 4.985171 5.841659 3.802472 -17.155273 -14.810730 6.262325
