-13.777418 24.842566 -20.449047 21.072687 -10.382509 -5.039393 1.359722 0.784648 5.543011 -8.421700 3.711976 -1.294804 -0.249604 -11.378156 0.655931 -0.042896 -5.327279 7.649729 -4.899781 -5.580465 9.041364 5.916398 10.305226 -13.754032 -11.758445 11.050876 1.010178 -27.541037 -1.989268 20.641750
-13.817174 24.867414 -20.520655 21.199821 -10.402624 -5.111544 1.294677 0.665588 5.368708 -8.663998 3.751436 -1.303139 -0.268936 -11.383322 0.596964 -0.036731 -5.357845 7.660890 -4.926388 -5.550869 9.432062 5.962459 10.292741 -14.249827 -11.372547 11.166414 1.017024 -27.856844 -2.060893 20.722622
-19.734715 12.410771 -12.350877 26.577868 -5.029860 -10.011881 12.295633 6.678684 -0.118445 -11.197268 4.955550 -0.879720 -2.706357 -14.501850 -6.325177 -1.116076 -3.139908 2.912259 -1.466554 0.345333 12.550315 1.392639 6.206915 -22.469616 -12.355549 14.463672 -14.100061 -20.860249 -2.153073 6.229059
-17.393330 14.074833 -15.024981 26.899881 -5.218279 -12.408175 10.200704 6.844913 0.363839 -9.655807 4.038621 -0.956890 -2.503866 -14.476006 -5.555363 -1.568812 -4.160722 3.084311 -1.473940 0.148123 13.328222 3.662082 8.159504 -22.662041 -12.839775 15.017119 -11.513433 -19.970083 -2.147325 7.164115
-16.741364 14.621089 -14.830936 27.829872 -4.838390 -13.127908 9.661016 6.796954 1.710312 -8.489178 3.568188 -0.820487 -2.379255 -14.694723 -5.026729 -1.436116 -4.434594 3.496917 -1.378471 0.221780 13.100011 4.099880 8.788847 -24.380466 -12.435819 16.196684 -9.150832 -18.660646 -2.087029 8.889685
-15.843296 15.471287 -14.481138 28.026522 -5.386685 -13.674367 8.406075 6.650480 2.347461 -7.380412 2.988324 -0.940351 -2.251696 -14.799850 -4.674362 -1.544704 -4.307183 3.615704 -1.446830 0.425116 13.112858 3.848922 9.057131 -24.637054 -12.734868 16.506372 -7.566103 -17.811913 -1.358482 10.208783
-15.191025 15.580553 -14.095584 27.860662 -5.613153 -13.941743 8.101238 7.252170 3.183582 -5.972544 2.463674 -1.210080 -2.320763 -14.883179 -4.437499 -1.712761 -3.860810 3.880792 -1.488263 0.489808 13.870957 3.138825 9.108771 -24.390223 -12.717123 16.404669 -6.421038 -17.728823 0.072506 10.991212
-14.738935 16.877281 -13.176843 26.168036 -7.549372 -14.510584 7.045544 8.127794 2.540684 -5.029751 1.915229 -2.159564 -2.019331 -14.703595 -3.914315 -2.269166 -3.064462 4.026172 -1.548801 0.762504 14.913089 1.796571 8.998189 -23.472391 -13.114792 15.563913 -5.222629 -17.002697 2.186682 12.419801
-14.310803 17.775368 -12.486415 23.800947 -8.855016 -14.518455 6.582850 9.733521 2.282918 -3.627764 1.104280 -3.335859 -1.820873 -14.653399 -3.673118 -3.246113 -2.401888 3.831814 -1.531141 0.249830 15.584100 -0.422870 9.111560 -22.595339 -13.374912 14.774750 -4.110881 -16.998037 4.155327 13.921735
-13.474698 17.789284 -11.972862 22.262428 -10.026436 -14.307425 5.976507 10.777090 2.187673 -2.430923 0.673475 -4.115206 -1.596465 -14.634691 -3.346919 -3.491209 -2.056396 4.000140 -1.520806 0.216324 15.830920 -1.853826 9.520666 -21.151936 -13.794812 13.948296 -2.769090 -16.192705 5.504524 15.655568
-12.463147 18.348570 -12.064643 20.121122 -11.253611 -14.543859 4.661136 11.997561 2.498286 -0.837774 0.295185 -5.013933 -0.973651 -14.668933 -2.777997 -3.526681 -1.966280 4.502515 -1.436166 0.004555 15.754214 -3.025677 9.920194 -19.944885 -14.462313 13.380818 -0.797544 -15.740982 6.730204 16.606867
-10.739594 17.285278 -13.352540 19.441013 -12.160154 -14.485599 4.531768 13.631551 3.678409 0.415618 -0.233996 -5.290449 -0.731497 -14.942389 -2.362031 -3.516052 -2.096768 4.841269 -1.127301 0.271741 15.917484 -2.725127 11.003798 -18.670525 -15.817595 13.335450 1.287490 -14.520597 7.551161 16.209476
-8.439124 16.530224 -15.336454 19.840979 -12.758806 -14.908787 3.720566 14.594095 4.638659 1.850958 -1.133726 -5.076496 0.539759 -15.122649 -1.359727 -2.897840 -2.477975 4.999388 -1.433634 1.348105 16.648905 -1.467481 12.100871 -17.703869 -16.711420 13.394322 3.702740 -12.524209 7.861072 16.100754
-6.906706 16.895676 -15.436742 19.750221 -13.573835 -14.968356 2.282510 15.350832 5.410647 2.986166 -1.380810 -5.338409 1.629574 -15.194054 -0.554625 -2.310300 -2.425442 5.728676 -1.591541 2.023319 16.684404 0.019814 13.007792 -16.651058 -17.621565 13.252617 5.181070 -11.466609 8.018419 16.944645
-6.890535 17.085630 -15.442956 19.733053 -13.477423 -14.806081 2.372614 15.283253 5.532757 3.104762 -1.419478 -5.337760 1.552099 -15.214113 -0.520845 -2.366788 -2.429280 5.739443 -1.537584 2.035415 16.721060 -0.091605 13.060963 -16.600803 -17.570621 13.247883 5.391520 -11.381246 8.126413 17.288048
-6.715948 16.906975 -15.372497 19.758101 -13.627846 -14.976942 2.152015 15.470070 5.449722 3.208563 -1.438041 -5.424952 1.753773 -15.216246 -0.510351 -2.300899 -2.388237 5.756590 -1.589284 2.084904 16.869547 -0.167312 13.072917 -16.497274 -17.725872 13.179000 5.418853 -11.105440 8.247729 17.100231
-6.836996 16.990105 -15.466018 19.789953 -13.560277 -14.901083 2.286356 15.310401 5.463222 3.022741 -1.366443 -5.362069 1.670673 -15.189759 -0.507863 -2.282068 -2.409078 5.800059 -1.598994 2.048927 16.706875 0.052778 13.024829 -16.661734 -17.654196 13.252825 5.232474 -11.396547 8.049778 17.067183
-6.687053 16.897284 -15.437739 19.722185 -13.598788 -14.991415 2.117922 15.485744 5.591345 3.364883 -1.460655 -5.411606 1.750372 -15.227288 -0.473501 -2.284398 -2.405724 5.788493 -1.582338 2.096617 16.978319 -0.151552 13.185690 -16.439531 -17.702002 13.231527 5.532073 -10.968537 8.280777 17.189653
-6.836678 16.945919 -15.367163 19.718185 -13.616605 -14.948068 2.223761 15.345264 5.422227 3.150015 -1.401420 -5.389188 1.708337 -15.217380 -0.542089 -2.267648 -2.368938 5.750521 -1.598935 2.083829 16.846184 -0.160158 13.093595 -16.455130 -17.683525 13.171461 5.352256 -11.333073 8.233612 17.052219
-6.894065 17.102066 -15.459331 19.796776 -13.539047 -14.929717 2.408903 15.272734 5.482311 2.995553 -1.389266 -5.367391 1.631845 -15.184546 -0.509552 -2.329689 -2.409638 5.771399 -1.589294 2.021470 16.747385 -0.064567 13.216434 -16.666767 -17.592474 13.220879 5.302975 -11.432513 8.060515 17.254408
-6.747730 16.880760 -15.362527 19.746506 -13.662850 -14.909495 2.236898 15.491799 5.550449 3.238997 -1.432252 -5.408859 1.778985 -15.227439 -0.506236 -2.283344 -2.385486 5.773463 -1.582826 2.116034 16.933455 -0.177134 13.196696 -16.528393 -17.614752 13.222601 5.338334 -11.160229 8.235633 17.141668
-6.867517 16.999250 -15.408918 19.788685 -13.563876 -14.897967 2.417761 15.321361 5.511095 3.083477 -1.409364 -5.324642 1.648251 -15.219814 -0.516317 -2.284506 -2.403819 5.754361 -1.606584 2.091841 16.644535 -0.059838 13.180522 -16.550705 -17.692581 13.213921 5.208498 -11.335095 8.097003 17.201408
-11.936777 15.674360 -5.098243 16.691355 -14.190833 1.021341 -1.903995 14.652864 14.758822 3.835500 1.605150 -1.933380 -1.376733 -12.556705 -1.599529 0.985688 1.877537 6.557283 -6.008056 1.636251 11.801902 -1.569322 6.632384 -7.532000 -20.260090 4.884559 -2.622237 -8.341818 3.431675 29.318659
-20.091446 21.361200 0.934092 10.950502 -10.847239 5.816648 -2.619765 10.081052 13.259773 4.036143 1.407582 -1.765167 -4.991663 -10.901329 -1.109650 -0.796685 3.254987 7.435189 -7.334563 -1.096687 7.095160 -6.856497 3.338006 -5.542901 -19.961546 1.266799 -9.793026 -13.248488 0.194957 30.056759
-20.992771 23.633354 2.708764 8.706038 -10.365522 6.619946 -1.140220 9.914607 11.572550 5.337162 1.155429 -1.970569 -5.098425 -10.627285 -0.959034 -1.051513 3.555269 7.642630 -7.439874 -1.300282 7.363877 -9.427688 2.565266 -3.650748 -20.910383 -0.270687 -8.475108 -12.876868 2.714536 31.564419
-20.799774 23.531399 2.874376 8.876652 -10.611347 6.960875 -1.196903 10.087438 11.385861 5.145853 1.096692 -2.106462 -4.987533 -10.709284 -0.950788 -1.114647 3.581012 7.627093 -7.384032 -1.229979 7.532747 -9.423949 2.519464 -3.572908 -20.790251 -0.355954 -8.519168 -13.014348 2.767799 31.772949
-21.389719 23.526865 2.898241 8.910899 -10.184106 6.813075 -1.079692 9.576219 11.690585 5.106313 1.176662 -1.933459 -5.141458 -10.625000 -0.961429 -0.950068 3.696762 7.649039 -7.528434 -1.205089 7.353898 -9.367147 2.210369 -4.110965 -20.463400 -0.050001 -9.284770 -13.306382 2.637628 31.325518
-20.891117 23.284481 2.828215 8.895849 -10.969815 6.804029 -1.394713 10.289762 11.848373 5.063379 1.093733 -2.108368 -4.803976 -10.708138 -0.887878 -1.026974 3.646125 7.631908 -7.488605 -1.183854 7.602551 -9.385744 2.585969 -3.756046 -20.578810 -0.236650 -8.746891 -13.194037 2.695487 31.629873
-20.599791 23.192286 2.818143 8.781387 -11.440813 6.690877 -1.583853 10.593333 11.690148 5.050431 1.119068 -2.115089 -4.723426 -10.742485 -0.886952 -0.979894 3.651613 7.682580 -7.452526 -1.160625 7.651616 -9.297699 2.690537 -3.922225 -20.614109 -0.088194 -8.672937 -12.988820 2.724083 31.414537
-20.421246 23.250565 2.860065 8.815407 -11.718067 6.709358 -1.715981 10.732710 11.520488 4.979204 1.103288 -2.105446 -4.705367 -10.768877 -0.901525 -0.988176 3.642287 7.642187 -7.433152 -1.132392 7.814393 -9.345885 2.793128 -3.873060 -20.564932 -0.076952 -8.409257 -12.894092 2.833900 31.602789
-20.423090 23.207676 2.852764 8.863031 -11.755738 6.813933 -1.726138 10.739970 11.599277 4.921150 1.133207 -2.122210 -4.654905 -10.767794 -0.939011 -0.977496 3.677339 7.624243 -7.430594 -1.150379 7.879512 -9.266199 2.864403 -3.778654 -20.553469 -0.074632 -8.408933 -13.021353 2.852304 31.562889
-20.935291 23.212694 2.720367 8.878388 -10.856670 6.662923 -1.355826 10.186895 11.818760 5.088248 1.074143 -2.109978 -4.893035 -10.713721 -0.928122 -1.101655 3.587181 7.592441 -7.448821 -1.228132 7.503325 -9.345110 2.588869 -3.997262 -20.610300 -0.142211 -8.741206 -13.125341 2.606359 31.456944
-20.708639 23.285641 2.833176 8.747539 -11.253925 6.676912 -1.480657 10.513550 11.707736 5.196741 1.081066 -2.144379 -4.770907 -10.748095 -0.923527 -1.038876 3.631465 7.645711 -7.406170 -1.194310 7.648723 -9.384590 2.663786 -3.906519 -20.602741 -0.091253 -8.751372 -13.133893 2.808489 31.437645
-20.638525 23.189713 2.790105 8.829393 -11.389596 6.714026 -1.524965 10.515579 11.676727 5.010012 1.103712 -2.096354 -4.753062 -10.752942 -0.894165 -1.004056 3.621323 7.647783 -7.439131 -1.137052 7.602120 -9.280210 2.701373 -3.936039 -20.607958 -0.096960 -8.630058 -13.049145 2.715721 31.386723
-20.459221 23.206520 2.782789 8.847046 -11.570776 6.657546 -1.713184 10.660394 11.544709 4.961774 1.107918 -2.104429 -4.718475 -10.752114 -0.898355 -1.000252 3.645967 7.640552 -7.447437 -1.153886 7.776286 -9.284616 2.810790 -4.001424 -20.549143 -0.059889 -8.451278 -12.990109 2.725416 31.467018
-20.971853 23.207754 2.774055 8.859632 -10.739445 6.677309 -1.338488 10.187719 11.832214 5.129926 1.098257 -2.130225 -4.908209 -10.717464 -0.945239 -1.096571 3.596988 7.620484 -7.418286 -1.223102 7.496287 -9.361169 2.585908 -3.883947 -20.646852 -0.191863 -8.740244 -13.093846 2.663516 31.588484
-20.773495 23.236267 2.834165 8.794086 -11.214426 6.644843 -1.448497 10.449650 11.746831 5.120638 1.073155 -2.110832 -4.758871 -10.748278 -0.910233 -1.012885 3.618339 7.640017 -7.427367 -1.153173 7.763730 -9.441043 2.621275 -3.819142 -20.577919 -0.168145 -8.746817 -13.155897 2.855800 31.504959
-20.645285 23.290010 2.862372 8.791789 -11.424585 6.605121 -1.461989 10.564562 11.647708 5.055919 1.102528 -2.108685 -4.758007 -10.745667 -0.885876 -1.012199 3.617433 7.680046 -7.422694 -1.150603 7.706240 -9.327816 2.653896 -3.884002 -20.614565 -0.116274 -8.711404 -13.046866 2.860724 31.429863
-20.527559 23.249056 2.834678 8.832387 -11.447306 6.648767 -1.611749 10.583838 11.641796 4.958353 1.106126 -2.089163 -4.729477 -10.754900 -0.879528 -0.977636 3.639302 7.659118 -7.456534 -1.125507 7.754267 -9.303080 2.776749 -3.908234 -20.591967 -0.098089 -8.567468 -12.988036 2.779556 31.462841
-20.377926 23.201256 2.917350 8.897251 -11.786367 6.782742 -1.689599 10.793052 11.648753 4.957108 1.113159 -2.133702 -4.676032 -10.796986 -0.962278 -0.989486 3.695459 7.596913 -7.401007 -1.104378 7.907231 -9.328506 2.856811 -3.776840 -20.552042 -0.079665 -8.468881 -12.980511 2.865447 31.593390
