2.004683 25.690279 -10.486259 3.021446 4.388111 -4.298201 10.897660 14.291388 19.890619 -3.869478 3.717885 -1.339502 -0.282870 -11.387301 0.665702 -0.055959 -5.314923 7.617043 -4.885661 -5.633280 6.364196 13.017482 -15.978106 1.768154 0.822862 22.667477 8.683078 -22.038521 -3.762937 12.715169
1.555131 25.636055 -10.588919 3.029836 4.039497 -4.821919 11.698926 14.173600 20.569613 -3.991936 3.754251 -1.315508 -0.289744 -11.396032 0.589432 -0.051416 -5.354825 7.626603 -4.919892 -5.585903 6.699833 13.098639 -16.435575 1.412407 1.328199 22.870733 8.916741 -22.281631 -3.861520 12.673511
-3.783360 11.703599 -0.397779 9.323024 10.964588 -6.356926 24.411930 22.080820 18.522633 -4.359889 4.979274 -0.358358 -2.829318 -14.389108 -6.370061 -0.123908 -2.139568 2.995640 -2.425722 0.758459 9.090418 8.562549 -21.750763 -7.607036 0.977251 26.917259 -7.395928 -13.133904 -5.013952 1.161547
-3.464556 10.227995 1.021570 9.545896 11.034701 -5.495331 24.561157 22.741838 19.885910 -3.775961 5.017344 0.456017 -2.149727 -14.702362 -6.689661 0.808194 -2.211717 2.658351 -3.042402 1.653950 9.948372 10.510050 -22.298986 -9.359509 2.002366 27.078331 -7.436048 -10.544358 -7.569832 3.107849
-4.064397 8.696552 1.831329 10.152547 11.767145 -3.813445 23.267696 22.456297 22.600647 -4.063577 5.263396 0.762907 -1.731101 -14.593609 -7.228009 0.840696 -1.990975 1.733108 -3.631606 2.039289 9.900640 12.330839 -22.407545 -10.508460 1.791382 27.904451 -6.867680 -7.876163 -9.363558 3.417099
-4.342034 9.151305 2.347105 12.582834 12.969940 -4.846903 20.729126 21.712893 24.480421 -3.298534 5.819580 1.445183 -1.945698 -14.069187 -8.124193 1.093358 -1.362177 0.841467 -4.484092 1.784831 9.926724 15.389457 -23.167418 -11.913779 1.855295 29.281149 -6.916111 -3.965167 -11.088362 6.947440
-5.306623 9.362997 3.168677 12.840187 13.624060 -4.672755 20.055325 21.237898 25.010437 -3.002474 5.877454 1.593582 -2.246366 -13.999053 -8.456076 1.203100 -0.827513 0.577340 -4.713907 1.964488 9.637622 15.196732 -23.909124 -12.349698 2.050168 29.466269 -7.837562 -2.744153 -11.163106 8.327622
-5.208816 9.370815 3.073220 13.037359 13.616955 -5.001402 19.695728 21.065390 25.078161 -2.931972 5.861654 1.678776 -2.311266 -13.972126 -8.555830 1.266878 -0.675652 0.511964 -4.809832 2.070962 9.749173 15.468347 -23.954065 -12.351260 2.078786 29.492144 -7.932943 -2.552191 -11.171130 8.538404
-5.178794 9.379938 3.051752 13.063351 13.579442 -4.952647 19.644833 21.128748 25.136753 -2.867738 5.833817 1.668885 -2.327003 -13.976970 -8.564220 1.266582 -0.669582 0.508669 -4.797122 2.084182 9.699388 15.525829 -23.932474 -12.215128 2.029214 29.393095 -7.892976 -2.614503 -11.174683 8.539195
-5.211389 9.386929 3.102253 13.063431 13.662230 -4.940331 19.733150 21.155165 25.128784 -2.866925 5.839539 1.671958 -2.308169 -13.985801 -8.561146 1.278141 -0.689633 0.497563 -4.801728 2.053781 9.707352 15.510108 -23.926451 -12.290443 2.071447 29.470303 -7.887557 -2.529774 -11.230375 8.531672
-5.239367 9.373140 3.121707 13.066115 13.705982 -4.929893 19.716751 21.112949 25.170071 -2.881460 5.839093 1.670297 -2.313910 -13.984076 -8.562428 1.287073 -0.669735 0.506265 -4.816125 2.054338 9.702294 15.499897 -23.907812 -12.256701 2.074553 29.462482 -7.812325 -2.519085 -11.186753 8.582146
-5.269940 9.366894 3.133843 13.072849 13.696509 -4.900780 19.712223 21.109629 25.173140 -2.866855 5.838521 1.668513 -2.315491 -13.988930 -8.566933 1.284166 -0.672158 0.498959 -4.815281 2.057151 9.722512 15.531598 -23.907061 -12.277717 2.056646 29.463257 -7.843097 -2.517128 -11.203783 8.563151
-5.235900 9.356567 3.126293 13.087795 13.668578 -4.889819 19.721098 21.159132 25.150984 -2.888993 5.819900 1.655471 -2.314351 -14.007738 -8.570229 1.280736 -0.684606 0.510946 -4.791942 2.048365 9.722485 15.518508 -23.924644 -12.295409 2.084746 29.465492 -7.851576 -2.509870 -11.242175 8.568118
-5.236477 9.361568 3.111774 13.078771 13.642705 -4.893192 19.718163 21.151873 25.140419 -2.863337 5.832660 1.671498 -2.312568 -13.986915 -8.557216 1.289030 -0.685911 0.508920 -4.801313 2.050663 9.697515 15.505808 -23.912268 -12.256343 2.086040 29.465048 -7.842845 -2.530111 -11.217838 8.535831
-5.240558 9.377153 3.114672 13.063640 13.605423 -4.908661 19.692764 21.120550 25.113230 -2.897181 5.833405 1.671499 -2.315584 -13.994089 -8.547804 1.278549 -0.694087 0.509253 -4.796738 2.046756 9.685178 15.493349 -23.943579 -12.274580 2.085445 29.454809 -7.881068 -2.568709 -11.243542 8.542974
-5.228436 9.365292 3.119470 13.078309 13.602800 -4.888772 19.689789 21.129419 25.129688 -2.904241 5.823712 1.667846 -2.321807 -13.994705 -8.540728 1.277098 -0.694909 0.514273 -4.785299 2.037411 9.695973 15.525398 -23.937876 -12.261778 2.063589 29.448984 -7.887547 -2.563030 -11.211952 8.537426
-5.189665 9.375467 3.082384 13.072506 13.564043 -4.925094 19.671185 21.139238 25.112318 -2.889673 5.831117 1.669679 -2.319410 -13.987671 -8.548102 1.277810 -0.687245 0.511909 -4.795892 2.036432 9.743527 15.539493 -23.924831 -12.295551 2.062420 29.468557 -7.899638 -2.538539 -11.209270 8.533877
-5.220082 9.391939 3.095782 13.050150 13.620910 -4.935250 19.682705 21.106550 25.124680 -2.893333 5.830215 1.676281 -2.326161 -13.995027 -8.556480 1.283064 -0.690995 0.505571 -4.802099 2.041992 9.706389 15.508772 -23.918896 -12.262052 2.100621 29.459681 -7.854283 -2.532639 -11.238085 8.531503
-5.222947 9.384677 3.106746 13.062118 13.634272 -4.922827 19.703888 21.109488 25.121887 -2.899140 5.827005 1.670579 -2.323486 -14.001318 -8.556367 1.278772 -0.699142 0.504745 -4.794466 2.040820 9.682445 15.492093 -23.936361 -12.254260 2.100130 29.435480 -7.861619 -2.556223 -11.238917 8.528447
-5.258106 9.392174 3.136837 13.047906 13.613285 -4.947423 19.785080 21.131754 25.172567 -2.913715 5.827687 1.675427 -2.328896 -14.007908 -8.556129 1.276871 -0.700567 0.502317 -4.792232 2.035183 9.776402 15.798055 -25.254522 -12.139996 2.000502 29.351583 -7.333466 -2.499100 -11.142929 8.271344
-5.303559 9.381303 3.155427 13.059344 13.629851 -4.923120 19.757347 21.137161 25.213940 -2.883763 5.819109 1.660378 -2.325392 -14.001299 -8.549897 1.268337 -0.696427 0.512127 -4.779696 2.029620 9.801288 15.775330 -25.263826 -12.133946 1.976567 29.307339 -7.334584 -2.484701 -11.117704 8.282918
-5.245843 9.384937 3.106192 13.044436 13.537174 -4.928075 19.732960 21.141367 25.173941 -2.891521 5.822286 1.675811 -2.327543 -13.997066 -8.551001 1.272555 -0.693694 0.505221 -4.783150 2.030669 9.836153 15.864100 -25.237112 -12.148669 1.982537 29.350878 -7.350684 -2.469369 -11.153814 8.243848
-6.446230 -10.725791 -0.610730 6.749478 4.079145 12.697364 14.370189 24.998541 25.699242 -13.909732 9.325693 3.210746 2.147230 -9.678005 -6.437227 0.982231 -3.014001 -3.359905 -5.023142 7.255697 20.810984 14.087026 -22.380779 -0.992188 1.925202 17.436949 -5.190398 11.569294 -24.651346 1.699385
-6.685688 -14.207632 -1.546980 2.480083 5.921237 17.866030 15.649110 24.254450 21.716715 -15.469089 9.930730 2.397117 2.162562 -8.248787 -5.271152 -0.366476 -3.363944 -3.882475 -4.250117 8.648945 20.035734 8.306971 -15.275348 4.906994 -0.157678 12.139750 -10.427569 9.957183 -25.682201 -3.661566
-7.711804 -15.948486 -3.220265 0.471310 5.345753 17.634956 15.431495 23.777784 21.939741 -15.947536 10.072612 2.354472 1.921661 -7.455042 -4.781672 -0.814130 -3.698234 -4.092785 -4.032843 8.805059 18.776207 6.432710 -15.776145 5.503938 0.366605 11.024180 -9.105289 9.822139 -26.153147 -5.152237
-7.858117 -16.931120 -5.016109 0.339638 8.430980 13.354525 15.465360 22.154037 23.523935 -15.733524 10.220260 2.809621 2.362226 -6.655300 -5.237241 -1.032644 -4.520893 -4.344074 -4.476782 8.826101 18.048079 5.588002 -15.318590 5.377582 2.300155 11.847503 -6.407149 10.941033 -27.175632 -5.679937
-8.536290 -17.825068 -6.383524 -0.230086 9.996923 13.033154 16.958439 20.179663 23.037874 -15.863186 10.328380 2.624892 2.384353 -5.836998 -4.918867 -1.641980 -4.865386 -4.209917 -4.104980 9.003328 16.858059 4.182852 -15.350493 4.973946 2.853039 10.740274 -5.335379 10.913619 -27.755369 -6.553086
-8.891783 -19.559423 -7.938985 -2.570466 8.656567 15.483796 16.563452 19.758055 19.414961 -15.327192 10.682067 1.992305 2.105434 -5.498461 -3.830673 -1.678602 -4.390712 -4.449276 -2.851336 9.119989 17.154638 1.619142 -13.257133 6.936168 1.487543 7.711011 -7.018502 10.333610 -27.946428 -9.020984
-9.821214 -22.344933 -9.204829 -6.539569 6.944416 17.333624 16.434967 19.778196 15.324527 -15.486804 11.196748 1.132187 1.800145 -5.303102 -2.836355 -2.034195 -3.917228 -4.687335 -1.231417 9.639015 15.879098 -2.333208 -9.005918 9.933610 0.735822 5.806607 -10.106604 9.471724 -27.370108 -10.745358
-10.845740 -23.563183 -12.431021 -8.707788 2.759238 18.307076 15.894683 18.910278 8.389040 -12.639172 11.272754 -0.286303 2.183856 -5.302626 -1.444156 -2.839184 -3.780531 -5.452939 0.749879 10.116142 14.662626 -5.588897 -6.654821 12.894695 0.576013 5.111100 -11.419187 6.664658 -24.928982 -14.850730
-11.906551 -23.090931 -18.132145 -9.310042 -1.870246 17.894056 13.265656 17.080326 2.315913 -6.887850 11.160474 -1.652144 2.511810 -5.333170 0.398111 -3.303742 -3.892688 -5.431217 3.082619 9.550653 13.983861 -6.822106 -3.311813 14.697343 -0.745532 5.915329 -10.673779 4.501834 -22.579868 -19.386642
-11.930610 -21.722246 -25.257963 -8.036339 -7.746291 16.316969 10.223747 16.292873 -2.870278 0.066717 10.383607 -4.072779 3.464690 -5.326269 2.816079 -4.018377 -4.365632 -5.326256 5.053727 8.303020 13.614430 -6.565996 1.121366 17.344044 -1.664093 7.377642 -8.729711 2.300731 -20.289919 -22.761703
-10.980558 -18.347691 -30.770247 -5.725085 -9.962713 13.933931 7.925047 15.666564 -7.339242 5.060746 10.238191 -5.792597 5.048392 -5.150916 5.283870 -3.897265 -5.321551 -4.299475 6.575129 6.534077 13.191317 -7.709167 6.641901 19.371359 -1.230562 8.873927 -5.158361 -0.202510 -18.481749 -23.945807
-7.683340 -13.315144 -34.475456 -3.870766 -10.226147 10.924935 3.056517 15.246743 -9.227563 7.829288 9.885625 -7.657390 6.296309 -4.868263 7.442973 -3.854753 -5.867319 -3.943281 7.105838 4.405818 13.598254 -7.792939 11.091083 21.115160 -1.476442 9.685420 -0.866924 -2.362605 -15.695228 -23.381866
-6.207957 -11.398947 -35.047108 -3.699162 -9.813107 10.030156 1.538950 15.455434 -10.080702 8.297510 9.793195 -8.103532 6.526651 -4.645437 8.371995 -3.655222 -5.740618 -4.098015 7.067629 3.547452 13.781365 -8.098272 12.740997 22.111744 -1.676657 9.863719 0.640010 -2.689357 -14.222052 -22.521820
-5.073305 -10.310164 -34.963131 -3.224346 -9.141404 9.899953 -0.522242 15.530263 -10.169186 8.540451 9.551340 -8.214462 6.652955 -4.437868 8.913685 -3.560525 -5.500900 -3.962341 6.839458 2.725002 13.823439 -7.592111 13.425527 22.353073 -2.068347 10.133303 1.372830 -2.900511 -13.346661 -21.662874
-6.357157 -11.378693 -35.184677 -3.680915 -9.865701 9.810697 1.840091 15.271971 -9.941762 8.439281 9.778008 -7.985010 6.516187 -4.616912 8.269742 -3.722645 -5.772197 -3.971854 7.105256 3.504018 13.581836 -8.190249 12.709992 22.035809 -1.732655 9.834082 0.911555 -2.712424 -14.131020 -22.533516
-7.189493 -12.037699 -35.155083 -3.705935 -10.000555 10.055907 2.530221 15.219117 -9.830694 8.713055 9.750682 -8.031668 6.419472 -4.727390 8.179779 -3.706630 -5.801522 -3.813068 7.065504 3.866125 13.590552 -8.201299 12.112217 21.774790 -1.517330 9.813608 0.587447 -2.671716 -14.391119 -22.805202
-7.654440 -12.476377 -34.914822 -3.923817 -10.062067 10.396077 2.838838 14.981657 -9.515325 8.549467 10.008638 -7.916897 6.286759 -4.755361 8.000447 -3.745685 -5.846269 -3.756666 7.277146 4.214147 13.420574 -8.178162 11.631429 20.949080 -1.730625 9.580540 0.105703 -2.712550 -14.932508 -23.123415
-7.049403 -11.964411 -35.176613 -3.724439 -10.066629 9.921901 2.463813 15.255452 -9.988056 8.624371 9.743030 -8.005886 6.414290 -4.726068 8.230799 -3.672835 -5.800901 -3.798668 7.069691 3.829366 13.639615 -8.288467 12.182425 21.837343 -1.542416 9.882847 0.630402 -2.656344 -14.171990 -22.716764
-6.399490 -11.217010 -35.225876 -3.418419 -9.876282 9.825045 1.649535 15.181885 -9.786974 8.455282 9.819491 -8.046354 6.586077 -4.613125 8.439323 -3.563831 -5.759812 -3.943634 7.029158 3.502844 13.700633 -8.010117 12.841666 22.475536 -1.885827 9.680285 1.013437 -2.948892 -14.009730 -22.325422
-6.538211 -11.693678 -35.267365 -3.476864 -10.021511 10.085870 2.130022 15.327889 -9.912624 8.585709 9.782570 -7.976101 6.474092 -4.669182 8.266973 -3.637921 -5.801367 -3.891011 7.017012 3.666905 13.651234 -8.256678 12.509151 21.893387 -1.560574 9.909891 0.732105 -2.625034 -14.208496 -22.758518
-10.650521 -13.508316 -34.347870 -5.412311 -9.229336 10.531175 7.167518 12.605428 -9.238027 8.544121 10.022874 -6.375461 4.721906 -4.719139 7.289663 -4.012096 -6.244596 -3.012882 7.587454 5.058267 10.030131 -9.514983 9.462792 19.015152 -1.267081 9.088424 -0.314421 -2.061069 -16.671469 -23.716221
-13.207732 -16.599474 -31.624861 -7.404276 -7.188754 11.793285 11.901164 11.053278 -7.436501 6.857426 10.260276 -4.035954 2.770756 -4.487249 5.775715 -4.090246 -6.363276 -2.437341 7.637075 6.903632 8.513229 -10.805164 5.583926 16.588188 -0.440349 8.284210 -1.724796 -0.766629 -19.128183 -24.588295
-14.467315 -18.496651 -27.166300 -10.549960 -2.998590 12.046964 16.285101 10.563663 -4.807867 3.359098 9.917598 -2.182060 0.616061 -4.097470 4.097867 -4.845524 -5.888090 -2.505438 7.102816 8.086483 7.872489 -12.421986 1.472830 13.440160 -0.302666 6.055444 -2.249488 1.732263 -21.063906 -23.790829
-15.171445 -19.096872 -23.748795 -11.710469 1.428435 12.273198 19.986912 9.821195 -2.365769 0.483229 10.328942 0.033829 -1.151962 -4.040588 3.282922 -4.406697 -5.766009 -1.908401 6.533594 8.828262 7.334530 -13.605518 -1.057662 10.947474 0.813072 5.471079 -1.898694 4.021085 -23.387651 -22.324514
-17.450356 -18.272028 -19.618309 -13.570700 5.677450 12.093117 22.800552 8.165885 -0.444100 -1.838404 10.299455 1.295544 -2.459444 -3.809696 2.236167 -4.273271 -5.493683 -1.140996 5.618600 9.601301 7.302542 -15.849476 -3.959127 9.193433 2.144273 4.373687 -0.277307 5.788041 -23.892979 -20.410149
-18.427292 -16.445148 -14.935604 -15.685802 11.079314 10.941400 26.402460 7.310272 3.200814 -4.261693 9.915498 2.299747 -3.654035 -3.138768 1.783850 -4.260195 -5.137152 0.446278 4.020868 10.123740 6.680568 -17.108818 -7.961693 7.208498 3.690075 3.596374 0.977200 6.349131 -24.151155 -17.343430
-19.328081 -14.662516 -12.628745 -16.894785 12.372830 10.901298 27.349434 7.491190 2.712393 -4.091840 9.749946 2.714502 -3.825861 -2.941222 1.894465 -3.903966 -4.561558 1.789605 3.588208 10.467971 6.680486 -18.617884 -9.475974 6.949079 4.079798 3.402465 1.392784 5.958743 -23.209728 -15.550823
-20.640862 -12.962269 -12.487466 -18.581589 10.301725 11.702210 25.821182 7.853420 0.998065 -2.107202 9.804222 2.563093 -3.504885 -3.037727 2.583070 -3.397498 -3.707227 2.534602 3.774632 10.334347 6.359006 -19.505583 -9.925834 7.871542 3.381874 3.331344 1.336571 4.288359 -21.732092 -15.520437
-20.425636 -12.306829 -10.587056 -18.995245 10.422213 12.054092 25.257458 9.457936 1.185864 -2.240595 9.608696 2.388397 -2.466864 -3.158404 3.238344 -2.564082 -3.532919 3.319727 3.057394 11.141260 6.247047 -19.621170 -10.958115 8.752277 4.006136 4.080539 0.074588 3.170992 -20.989210 -13.768879
-20.617041 -11.267939 -10.862172 -19.973551 7.135674 12.935294 24.249945 10.492141 -0.614897 -0.578216 9.495345 1.693143 -1.527479 -3.546873 3.900457 -2.209091 -3.033837 3.162331 3.165514 11.482092 6.357458 -19.508312 -10.295308 10.925695 3.722283 4.778517 -0.773934 1.982293 -19.533772 -13.466687
-21.113575 -10.492889 -10.463812 -20.233294 4.009892 14.402486 22.309128 11.422145 -2.305852 0.200428 9.666800 1.622315 -0.928508 -3.550199 4.159671 -1.559594 -2.352831 3.154484 2.743592 11.280017 6.509200 -20.155857 -9.618741 12.598919 3.004776 4.071927 -1.459452 0.988428 -18.417833 -12.290868
-20.203955 -9.971848 -8.782473 -20.032549 3.670778 14.527827 21.847609 12.872509 -2.072048 -1.066818 9.353551 1.078526 -0.643107 -3.859355 4.282598 -1.483644 -2.054461 3.396522 2.386021 11.332153 8.365672 -20.451780 -9.640944 13.116380 3.028355 3.572153 -1.148463 1.390622 -17.655539 -9.570745
-19.975609 -10.300692 -8.138990 -18.161604 0.678122 16.228361 21.739428 14.186131 -2.109384 -1.555086 9.006067 0.212660 0.505518 -4.038617 4.409901 -1.565413 -1.496193 2.920835 2.053251 11.273809 11.501206 -20.088800 -9.664788 14.692219 2.990248 2.604048 -2.514593 0.898876 -16.531490 -8.498487
-18.682377 -10.336020 -5.786489 -17.430136 -0.063037 18.355555 22.266468 17.045637 -1.366026 -3.404995 8.464340 -0.337696 1.329040 -4.265935 4.213756 -1.847635 -0.923285 2.720308 1.712044 11.617537 14.831815 -19.012005 -10.322083 16.097309 2.687632 1.888329 -3.530680 1.352458 -16.098351 -7.573071
-16.973038 -10.261583 -2.876501 -15.650784 -0.025398 18.306955 21.383514 19.580128 -0.264250 -6.833368 7.875579 -1.035442 2.135362 -4.407189 3.659599 -1.962652 0.078567 2.542406 0.673683 11.639277 18.620920 -17.972574 -11.369456 16.219082 2.798955 1.553474 -4.703798 1.508252 -14.048385 -6.225643
-17.740185 -12.696856 -6.352015 -15.575863 -4.716306 18.926458 19.715107 20.348532 -2.107604 -4.857350 8.026424 -1.478888 2.625073 -4.563171 4.067603 -2.248943 0.207578 1.449334 1.402902 11.704590 18.164816 -17.486994 -9.701474 19.114048 1.842794 1.730116 -6.398617 0.300288 -13.317731 -7.708670
-18.241371 -12.725862 -6.855757 -15.227192 -5.548284 19.176268 19.345331 19.974699 -2.654597 -4.848485 8.017986 -1.410836 2.614804 -4.544738 4.120416 -2.321112 0.346348 1.231534 1.573925 11.382191 18.646801 -17.332346 -9.431512 19.757053 1.863610 1.979744 -6.651514 0.185710 -13.343822 -8.224982
-18.277046 -12.661400 -7.059440 -15.277642 -5.830096 19.446486 19.212921 19.919058 -2.821916 -4.566033 8.056476 -1.448129 2.783039 -4.538293 4.214696 -2.253987 0.310634 1.224270 1.654392 11.231823 18.618269 -17.333384 -9.254321 19.820232 1.644277 1.859951 -6.552781 0.180450 -13.304803 -8.184068
-18.332077 -12.950007 -7.293296 -15.500841 -6.131497 19.790049 19.275299 20.084002 -2.912296 -4.025033 8.041866 -1.459882 2.842269 -4.534933 4.364879 -2.206875 0.335487 1.076162 1.666059 11.239690 18.520536 -17.085062 -8.921826 19.909447 1.232969 1.780745 -6.636331 0.069915 -13.325873 -8.434684
-18.295925 -12.980988 -7.687139 -15.539337 -6.411776 19.586409 19.140808 20.156874 -2.992046 -3.733239 8.043556 -1.367244 2.814814 -4.560736 4.435767 -2.098521 0.343082 1.189448 1.667546 11.241445 18.673410 -17.197758 -8.838503 20.121288 1.289060 1.841510 -6.756813 -0.199949 -13.015417 -8.512418
-23.533659 -4.213895 4.135977 -20.088629 -1.950089 9.734143 26.775860 17.119005 -3.737118 -4.920940 4.700918 0.686602 -2.371583 -5.976913 4.128546 -2.850640 -0.109995 4.831606 1.670783 11.298916 20.421633 -18.985901 -16.487078 6.068275 8.977701 9.922375 -0.217877 0.153892 -10.723692 -9.024072
-23.604378 -3.978899 3.974147 -20.050940 -3.048375 10.036838 27.452366 17.138525 -4.111254 -3.119832 4.510140 0.506781 -3.181569 -5.844783 4.502512 -3.599037 -0.048505 4.971128 2.284633 11.560309 17.543673 -20.789530 -14.271463 12.472472 2.388063 8.297005 4.397006 3.554654 -4.001299 -9.886589
-24.859285 -5.122837 -0.768462 -20.919271 -7.822305 10.844266 25.510548 16.912304 -8.145032 -0.385260 4.933472 0.259566 -2.460614 -5.997594 5.775030 -3.332630 -0.139852 4.627744 3.326253 11.305440 15.937264 -21.339746 -10.685053 16.552479 -0.288699 7.671079 4.462707 2.395551 -1.488919 -11.631865
-24.869104 -5.324929 -1.584057 -20.799015 -8.730047 11.106424 24.926556 16.834826 -8.986335 -0.057401 4.901871 0.345596 -2.296755 -6.029085 5.993676 -3.262681 -0.085460 4.607835 3.497808 11.201944 15.917302 -20.910875 -10.325475 17.728188 -1.004812 7.096375 4.290115 2.258762 -0.810071 -11.805055
-24.804348 -5.297955 -1.713831 -20.879854 -8.786453 11.233384 24.860266 16.810686 -9.049610 0.082046 4.958025 0.327932 -2.183391 -5.989882 6.133085 -3.284014 -0.095034 4.627303 3.591532 11.134831 16.095463 -21.089491 -10.192132 17.323111 -0.662636 7.348331 4.212519 2.334198 -1.229643 -12.124114
-24.982197 -5.509794 -2.202754 -20.793028 -9.080437 11.482823 24.912815 16.684565 -9.280295 0.497614 4.867340 0.335810 -2.136773 -5.984084 6.325992 -3.320449 -0.105718 4.653579 3.756846 11.100945 16.093910 -21.080843 -10.067714 17.142365 -0.723836 7.128718 4.554924 2.326620 -1.381831 -12.093270
-24.933701 -5.341010 -2.376015 -20.783470 -9.297127 11.110991 24.965757 16.619825 -9.472539 0.816335 4.837021 0.271339 -2.035134 -6.005931 6.411999 -3.365024 -0.117252 4.717455 3.862489 11.062676 15.948901 -21.376398 -9.879024 17.225224 -0.814710 7.174917 4.621529 2.135650 -1.118878 -12.130542
-24.983177 -5.344197 -2.578858 -20.948404 -9.486771 11.192166 24.664700 16.581991 -9.518717 0.957096 4.814238 0.287485 -2.116319 -5.997839 6.570305 -3.286712 -0.143022 4.686349 3.988778 11.018299 16.014341 -21.488546 -9.794310 17.372082 -0.713750 7.192878 4.528948 2.053849 -1.245564 -12.240842
-25.057940 -5.214225 -3.215212 -20.978048 -9.924765 11.294320 24.362976 16.409098 -9.623814 1.557157 4.859731 0.404370 -2.014594 -5.970844 6.722962 -3.315853 -0.106077 4.634756 4.179413 10.981744 16.020830 -21.683752 -9.474383 17.057011 -0.409022 7.383734 4.629569 2.035366 -1.530872 -12.223090
-25.222681 -5.014667 -3.667334 -20.846403 -10.339242 11.483537 24.259007 16.203993 -9.890573 2.325885 4.899012 0.354543 -1.936635 -6.034662 6.945278 -3.260195 -0.029955 4.579900 4.399138 10.867491 16.012659 -21.783463 -9.114467 17.288465 -0.345240 7.449382 4.540371 1.985127 -1.475551 -12.225785
-25.184771 -5.115617 -3.834823 -20.898497 -10.480181 11.410423 24.050777 16.278387 -9.969911 2.387013 4.898860 0.307496 -1.984404 -6.017640 7.000979 -3.252794 -0.037929 4.554679 4.401196 10.786673 16.063066 -21.740772 -8.924300 17.264566 -0.417395 7.475046 4.620407 1.957821 -1.338554 -12.300149
-25.052094 -5.221766 -4.110510 -21.186340 -10.432461 11.471591 23.451498 16.379326 -9.991107 2.403462 4.889625 0.269710 -1.966202 -6.057118 7.048786 -3.245168 -0.064813 4.511874 4.431875 10.803923 15.878657 -21.967115 -8.553119 17.066101 -0.331018 7.582320 4.776757 1.695938 -1.444592 -12.338949
-24.986244 -5.000089 -4.075664 -21.024324 -10.375154 11.315553 23.752048 16.288437 -10.090479 2.454591 4.887505 0.333349 -1.977975 -6.004498 7.094342 -3.242878 -0.077570 4.489397 4.423121 10.676979 15.909945 -21.948700 -8.412870 16.886452 -0.320266 7.669739 4.855579 1.802417 -1.503212 -12.295623
-24.896057 -5.000055 -4.096204 -20.906561 -10.342141 11.321577 23.667221 16.250845 -10.160111 2.395680 4.869247 0.355569 -1.907276 -5.933886 7.107678 -3.251642 -0.026056 4.491257 4.343987 10.685362 16.006981 -21.927273 -8.382823 16.873512 -0.156621 7.714757 4.621826 1.673000 -1.554333 -12.359883
-24.883175 -5.190300 -4.320291 -20.928217 -10.361916 11.268691 23.324532 16.288422 -10.153790 2.429169 4.873443 0.328344 -1.857130 -5.907919 7.131892 -3.280100 -0.096016 4.389532 4.413137 10.615447 15.796955 -22.104811 -8.254285 17.030125 -0.205879 7.654068 4.791078 1.516255 -1.397439 -12.526164
-24.807522 -5.233185 -4.557341 -20.902363 -10.434477 11.471169 23.310932 16.325087 -10.186326 2.618130 4.848877 0.289024 -1.820317 -5.918159 7.190558 -3.274829 -0.086837 4.383288 4.384704 10.575919 15.709052 -22.286951 -7.772894 16.921612 0.014824 7.698517 4.680366 1.173854 -1.568020 -12.473123
-24.927731 -5.242503 -4.480430 -20.935854 -10.445196 11.432725 23.315426 16.321486 -10.083873 2.668337 4.835506 0.304231 -1.809682 -5.932587 7.169860 -3.294239 -0.114667 4.371725 4.418551 10.527510 15.746987 -22.206747 -7.804455 16.927872 0.092519 7.808215 4.705053 1.307976 -1.593812 -12.442065
-24.854851 -5.222261 -4.531237 -21.000860 -10.524954 11.356678 23.262262 16.334114 -10.107867 2.669594 4.801226 0.250819 -1.773060 -5.941061 7.165180 -3.366042 -0.127444 4.311052 4.458951 10.522722 15.681188 -22.215439 -7.888163 16.846449 0.142223 7.852518 4.666080 1.276752 -1.623212 -12.453209
-24.197708 -4.304027 -10.007429 -19.812099 -12.637083 11.322116 20.718779 15.179187 -11.381828 6.444965 4.727568 -0.254425 -0.918730 -5.609418 8.472595 -3.742759 -0.443067 4.070328 5.307421 9.831481 15.047433 -23.133478 -5.345693 16.526100 1.177751 8.033065 5.197635 -0.598731 -2.259434 -12.916816
-23.726410 -3.912049 -14.316407 -18.830286 -13.911951 11.588852 18.858349 14.351371 -12.371938 9.580265 4.446490 -1.387810 -0.183416 -5.093411 9.555658 -4.000342 -0.877256 3.879306 5.628798 8.911807 13.864762 -23.514227 -3.370319 16.903458 1.750313 8.214114 6.792227 -2.669832 -2.487740 -12.876822
-23.002527 -3.229379 -17.720274 -17.464827 -14.696119 11.771649 16.663349 13.860970 -13.288909 12.029708 4.461274 -1.989637 0.882766 -4.625229 10.104136 -4.058950 -1.130128 3.665088 5.873710 8.166480 13.669160 -23.751883 -1.333683 16.991959 2.810244 8.452571 8.613648 -4.421070 -3.028520 -12.900005
-22.282082 -2.593707 -19.296331 -16.871702 -15.001287 11.043229 15.727085 13.777579 -13.571802 13.331907 4.396957 -2.179389 1.020633 -4.528326 10.465103 -4.156781 -1.392597 3.689759 6.175242 7.924262 13.145919 -23.741289 -0.569423 17.089024 3.044864 8.765932 9.155585 -4.864176 -3.157932 -13.125031
-21.603691 -2.286402 -19.717079 -16.725096 -14.840929 11.347047 15.019936 13.822287 -13.651509 13.477968 4.477829 -2.573610 1.334709 -4.348084 10.772827 -4.059264 -1.555198 3.562711 6.042601 7.674141 12.948255 -23.792803 -0.090940 16.931099 3.179934 8.727936 9.237269 -5.226941 -3.148058 -13.034562
