1.252455 25.588882 -10.509858 3.052674 3.973361 -4.884616 11.978441 14.057837 20.933046 -3.898113 3.330514 7.767557 4.639783 -9.236295 1.278337 -2.847556 -0.546991 5.242149 1.582392 -10.275104 8.821726 5.988237 10.245410 -13.630841 -12.110477 10.919598 0.782293 -27.202246 -2.120993 20.621916
1.404367 25.614006 -10.366750 2.950113 4.161648 -4.909239 12.042373 14.161198 20.995529 -4.112425 3.333376 7.813089 4.625551 -9.221863 1.283134 -2.828992 -0.566481 5.223475 1.578329 -10.259465 8.868818 6.018078 10.264482 -13.732326 -12.319340 10.750401 0.767010 -27.244099 -2.099126 20.625729
0.234187 23.215881 -11.363434 2.204492 1.301042 -2.181735 10.613520 14.160996 21.206213 -4.549523 3.798785 7.983553 4.987547 -8.528453 1.539188 -3.001836 -0.976616 4.790805 1.536630 -9.825192 10.175900 6.438740 9.969575 -12.110513 -9.881989 10.535858 1.326156 -25.442467 -4.742355 20.143936
0.991031 24.333439 -10.496778 2.498540 2.339610 -2.678768 11.763961 14.241478 20.912596 -4.864339 3.689987 8.007645 4.841603 -8.714406 1.468625 -2.880372 -0.927620 4.958608 1.495488 -10.080466 10.058538 6.708824 10.291603 -13.731168 -11.422923 10.125807 0.929574 -26.493685 -3.652601 20.438793
0.755044 23.460630 -10.883883 1.737006 0.438867 -0.177053 11.990116 13.868199 20.465254 -5.385994 4.058220 8.246933 5.154891 -8.297765 1.651454 -2.721370 -1.181745 4.605584 1.372843 -9.954557 11.096963 8.073593 10.125155 -12.588102 -10.341229 9.970061 0.374520 -25.316992 -5.646377 20.125309
0.662416 22.329260 -11.122304 1.315312 -1.202487 1.660447 12.088515 14.087868 20.090822 -6.059043 4.452714 8.712580 5.658171 -7.747655 2.248592 -2.275258 -1.426222 4.551925 1.410285 -9.562787 11.984596 9.161737 10.123866 -12.242692 -10.063274 9.264562 -0.051832 -24.653360 -7.157436 19.578106
0.368851 21.754898 -11.131202 1.039425 -1.915924 2.769819 12.581818 13.833231 19.766298 -6.393829 4.755978 9.060623 5.780275 -7.379995 2.386095 -1.979336 -1.770664 4.722361 1.189219 -9.188166 12.595487 10.372831 10.106561 -12.259093 -10.271238 8.708620 -0.891868 -24.551027 -8.068025 18.760197
0.696090 21.255859 -10.997504 0.917736 -2.349526 4.026399 13.637605 13.765283 19.540876 -7.252062 4.993427 9.444589 5.763658 -7.079495 2.735262 -1.734544 -1.925838 4.948422 1.195286 -9.114063 12.938558 11.105314 9.987038 -11.989508 -9.941189 8.479036 -1.376537 -24.145317 -9.022701 18.077160
1.160988 20.733971 -11.069298 1.142478 -2.896456 5.143942 14.556998 13.643008 19.449068 -7.816375 5.185557 9.651133 5.812674 -6.758707 2.997046 -1.717206 -2.087215 4.917497 1.235153 -9.154503 13.977730 11.276410 10.104643 -11.802907 -9.823120 7.774781 -1.508738 -23.607210 -9.874510 17.548065
1.621181 20.089565 -11.053693 1.228447 -2.854412 5.744150 15.309617 13.520779 19.608665 -8.533361 5.314841 10.262196 5.454929 -6.664116 3.193857 -1.750473 -2.245780 4.734314 1.644367 -9.332509 14.437158 10.870562 10.313378 -12.203197 -9.906226 6.957693 -0.952906 -23.177858 -10.500189 17.422340
2.591524 19.332153 -11.064635 1.619244 -2.326864 6.417136 15.993976 13.514798 20.270845 -9.605032 5.400208 10.600817 5.306456 -6.632210 3.220539 -2.069731 -2.295875 3.948389 2.099291 -9.550946 15.358458 9.800128 10.511057 -12.873664 -10.354055 5.524136 -0.124440 -22.786732 -10.966776 17.710634
3.121037 18.623878 -11.463245 1.991311 -1.616267 6.194281 16.232555 13.270257 20.978415 -10.191664 5.458937 10.846271 5.184975 -6.529078 3.178516 -2.328162 -2.387321 3.313412 2.381844 -9.778239 16.401133 8.225342 10.611579 -13.213655 -10.632013 4.211342 1.189999 -22.240486 -11.159763 18.524784
3.737984 17.433342 -11.695750 2.255267 -0.696435 5.512796 15.812728 13.584422 22.185728 -10.956753 5.545577 11.035397 5.501165 -6.547889 3.269813 -2.295169 -2.351678 2.631349 2.708234 -9.762230 17.098181 7.148216 10.764176 -13.848206 -11.215225 3.260290 2.160539 -21.804573 -11.137764 19.209520
4.258718 16.591940 -12.027526 2.458561 0.823161 4.166466 15.475862 13.708864 23.347574 -11.591602 5.592050 11.166782 5.766878 -6.493468 3.295461 -2.318308 -2.226435 1.978427 2.886727 -9.733640 18.006271 5.839729 10.614718 -14.177981 -11.409749 2.382946 3.351528 -21.125841 -11.097173 19.740921
4.377531 16.109041 -12.056037 2.144018 2.333740 2.690982 14.735596 14.006630 24.199282 -12.063986 5.674219 11.178539 6.256366 -6.576085 3.291484 -2.381075 -1.950046 1.230734 3.076684 -9.635004 18.899029 4.775137 10.869740 -14.932523 -11.587959 1.673947 4.609872 -20.225973 -11.230963 19.898029
4.336202 16.038937 -11.917699 1.674485 3.607194 0.942808 13.950521 14.622176 24.786972 -12.229488 5.673485 10.877764 6.995006 -6.639435 3.415990 -2.357074 -1.707078 0.878741 3.056571 -9.297746 19.610184 4.478742 10.894811 -15.679906 -12.243492 0.885172 5.419518 -19.694778 -11.496776 19.996365
4.252586 15.935453 -12.114897 1.038666 4.406620 -0.390077 12.963696 14.968080 25.203985 -12.153097 5.670543 10.432987 7.869273 -6.630949 3.593098 -2.315626 -1.410609 0.758446 2.965721 -8.928249 19.937416 3.814601 11.097089 -16.727451 -12.550770 0.509886 6.756624 -19.014221 -11.705126 19.804001
3.967473 16.259716 -12.221468 0.676998 5.152911 -1.735612 12.263641 15.436504 25.567604 -12.008867 5.601926 10.018915 8.533647 -6.781675 3.710004 -2.223896 -1.134419 0.965530 2.841853 -8.487864 20.131330 3.070682 11.593232 -18.251892 -13.382783 -0.332453 7.591269 -18.802958 -11.798962 19.809614
3.241587 16.464390 -12.318551 0.355239 6.468905 -3.034114 12.028486 15.433161 25.686922 -11.783813 5.558125 9.670717 9.190125 -6.821239 3.736443 -2.175407 -0.854312 1.129080 2.742194 -7.943212 20.019974 1.914714 11.784047 -19.428478 -13.385830 -1.017454 8.869590 -18.597694 -12.111591 19.421818
2.430290 16.955223 -12.186299 0.391470 7.313190 -4.186091 11.385233 15.604716 25.862453 -11.248009 5.393480 9.381682 9.509912 -7.008627 3.802317 -2.183216 -0.696657 1.476444 2.746377 -7.564970 19.836966 0.851573 11.958859 -20.144089 -13.475831 -1.644141 9.694240 -18.568598 -12.257437 19.255033
2.066848 17.072100 -11.924116 0.170212 7.513501 -4.502945 11.428268 15.431054 25.564220 -11.082739 5.449442 9.349569 9.604606 -7.000446 3.866831 -2.093027 -0.662454 1.505233 2.612096 -7.303748 19.650118 0.306733 12.089875 -20.530455 -13.734270 -2.180151 9.993766 -18.392551 -12.324671 19.047638
2.525218 6.909827 -13.911544 -5.326493 1.631262 5.089932 13.990067 14.826559 22.486494 -16.784761 6.691893 9.895454 9.205699 -4.839578 3.311301 -2.993202 -3.071152 -0.024137 2.534963 -4.163695 26.055807 0.222937 10.857219 -12.344644 -8.970074 -4.099033 5.976126 -16.434092 -15.585669 14.951860
-3.229944 1.953825 -11.569477 -7.450442 11.188560 8.619388 13.550015 10.322063 20.941839 -17.441324 8.563205 10.861050 7.440680 -3.180271 2.460310 -2.381822 -2.662653 -1.707650 1.415542 -0.964349 19.830307 -4.068797 9.443400 -7.528203 -10.365099 -8.548403 5.236534 -8.793581 -21.540304 12.202282
-4.490500 -0.606548 -12.627385 -7.365485 12.640230 8.287566 13.616500 9.242621 21.611748 -17.112740 8.868351 10.978539 5.500262 -2.069867 1.546090 -3.582775 -3.834604 -1.442734 0.975163 -0.510000 17.592007 -5.168511 6.969061 -7.832078 -9.060843 -8.349827 6.044454 -6.540168 -24.228235 10.463674
-7.135293 -3.662555 -10.651583 -9.356743 14.324770 10.667069 13.767083 9.333257 21.632626 -17.638058 9.791819 11.816078 3.853170 -1.780582 1.143653 -3.646138 -3.196543 -2.169670 1.017078 0.357895 15.878809 -5.494379 6.188418 -4.752991 -8.640482 -8.506555 1.790987 -3.649750 -26.874563 6.889066
-7.107782 -4.051622 -11.705226 -8.875889 15.588475 10.406768 14.455516 8.632523 21.275944 -17.661963 9.905828 12.536918 3.320081 -1.710916 1.170874 -3.682760 -3.778590 -1.912662 1.607070 0.560144 14.562456 -5.601916 6.911355 -5.877656 -8.737797 -8.107682 2.183280 -3.460939 -27.346106 5.313447
-19.589851 -8.591129 -7.390823 -7.390654 4.369651 33.857307 3.708490 4.702950 15.965669 -0.778572 12.821815 9.752916 0.464238 -1.277584 3.179364 -0.843799 2.459303 -3.907389 2.116947 -0.905140 2.691170 -11.573442 1.623932 9.185758 -3.320005 -2.890372 -8.697618 2.090535 -26.698092 11.668883
-14.676620 -9.707848 -7.603705 -11.480520 10.837512 26.891653 6.641851 7.522564 18.063353 -12.210035 12.257342 10.277279 1.015702 -1.314987 2.494321 -2.382296 -0.134708 -4.112349 1.559743 0.833989 7.208635 -9.022048 1.741449 4.947621 -5.098463 -6.726025 -7.712982 -1.853382 -28.927763 4.844399
-11.871810 -6.805327 -10.724513 -9.395494 15.374250 18.707787 11.334931 7.362776 20.328897 -14.563782 10.988496 11.120464 1.913512 -1.267994 1.742069 -3.353901 -2.324675 -3.269924 1.101807 1.441584 9.707664 -6.515324 3.077700 -0.879307 -6.105100 -7.081666 -2.293921 -2.795485 -29.475996 2.815447
-11.011953 -5.966613 -11.176941 -9.559844 16.436501 16.128523 12.040566 7.266032 20.390537 -15.512772 10.776752 11.209663 1.840324 -1.472387 1.410740 -3.419875 -2.801143 -2.944993 0.913044 1.570544 10.430877 -6.666869 3.785189 -2.171501 -6.636877 -7.499245 -0.725288 -3.499607 -28.874067 2.587272
-9.179822 -4.283433 -12.933188 -8.595537 17.519442 12.491015 13.783273 6.202555 20.823450 -15.489246 10.388791 11.707109 2.285908 -1.291362 1.246081 -3.505837 -3.827014 -1.882795 1.058970 1.185119 11.281568 -6.221084 5.433688 -5.394448 -7.430317 -7.384392 2.573998 -3.853447 -28.660284 2.546729
-6.117188 -2.396502 -14.907238 -9.021328 18.646574 7.421046 14.488629 6.023880 20.783195 -15.775979 9.661954 12.114311 2.372350 -1.369576 1.488810 -3.794518 -4.969995 -0.533295 1.439270 0.069759 12.687406 -4.835014 6.717995 -9.398898 -8.460560 -7.217747 6.159826 -4.756435 -28.015772 2.828845
-6.037148 -1.000967 -16.173717 -7.858651 18.273241 6.695586 15.854646 4.518601 21.043573 -14.627062 9.506510 13.165004 2.047459 -1.265945 1.340604 -3.661705 -5.378220 0.283527 1.724942 -0.731220 11.855254 -5.434601 7.639249 -12.474320 -7.499028 -5.512278 7.732500 -4.458186 -28.474380 4.512470
-5.862801 -0.008998 -17.391554 -6.383764 18.715790 7.123046 15.796929 3.526261 20.177069 -13.214453 9.699409 12.989493 1.577574 -1.545974 1.406755 -3.255846 -5.715358 0.710636 1.911308 -1.036371 10.728669 -5.495271 7.676689 -14.839858 -6.302865 -4.161581 7.928847 -4.240696 -29.730873 5.832543
-6.746439 -0.069989 -17.240871 -4.076055 19.106138 9.275010 15.557876 2.433400 19.617237 -11.249987 10.391279 13.160618 0.894554 -1.715157 1.394851 -2.371486 -5.467083 0.437040 1.824409 -1.054714 9.090352 -5.724657 6.666359 -15.231393 -4.923081 -2.895308 7.028119 -2.823853 -30.736776 6.912926
-1.248176 3.005323 -20.102083 -9.873946 17.178209 -2.374788 16.683334 5.728745 20.318663 -14.853843 8.016820 12.674366 3.358346 -1.272066 2.814719 -4.672723 -6.925984 2.391061 3.398562 -3.767896 16.122751 -5.200344 11.263999 -21.088181 -8.873008 -6.839332 14.956480 -9.640121 -25.586227 5.168041
0.721764 4.456264 -21.015612 -11.368460 17.739714 -5.452135 16.079145 6.870977 19.332434 -15.121469 7.313333 11.632431 4.033149 -1.219206 4.097674 -4.944869 -7.695305 3.047729 3.552437 -4.507745 18.997934 -4.794619 11.883628 -23.200590 -8.720881 -7.282171 17.992640 -11.592195 -23.669018 5.131497
0.938283 4.633832 -21.750193 -11.250370 17.569912 -5.665348 15.951869 6.855046 18.951788 -15.133484 7.215947 11.776070 4.262431 -1.020374 3.958803 -5.312510 -7.713675 3.129403 3.693085 -4.600071 20.287989 -5.096794 11.833108 -24.089825 -7.151747 -6.739432 19.139296 -12.814926 -23.193228 5.238348
-3.130272 0.837420 -17.518784 -9.852082 18.740828 0.978010 15.498112 6.000480 20.483122 -16.420542 8.630050 12.455514 3.045331 -1.314172 2.665955 -4.258238 -6.228505 0.991124 2.511219 -1.999343 15.085155 -4.375234 9.184928 -15.873764 -9.561404 -7.339748 11.289049 -7.207726 -26.435480 3.431157
-1.921769 1.449185 -18.605131 -9.879969 18.800335 -0.161513 15.646452 6.366352 20.350708 -15.897606 8.315299 12.203169 3.354268 -1.422529 3.053287 -4.418305 -6.532996 1.558406 2.939384 -2.680319 15.920966 -4.512368 9.608487 -17.295643 -9.895887 -7.709898 12.773423 -7.889014 -25.780958 3.873991
-7.250268 -0.055335 -17.434235 -4.183819 18.909235 9.443794 15.539104 2.122967 19.691782 -10.951568 10.393537 13.220165 0.806407 -1.690936 1.509712 -2.188324 -5.282819 0.495329 1.767049 -1.181499 8.334279 -6.029019 6.601743 -14.917036 -5.090950 -2.916924 6.974020 -2.629929 -30.839056 6.930796
-3.637005 -0.276598 -15.933545 -7.197831 15.582010 5.656759 9.913096 8.866942 21.621389 -15.057694 9.417899 10.337696 4.537603 -1.625743 2.279733 -3.308948 -4.869328 -0.853845 1.179050 -1.698989 14.834423 -3.351903 5.245680 -12.736129 -6.272455 -5.271414 8.622334 -6.415500 -27.523680 10.523066
-3.164155 0.237059 -16.813480 -12.389292 16.831350 0.396335 6.161464 8.630046 19.890924 -15.865900 8.507650 8.597855 4.777668 -0.560740 3.236724 -4.815166 -5.832614 -0.141320 1.116451 -2.546892 14.192752 -1.625886 6.571110 -11.721232 -8.424134 -7.185874 11.180040 -9.125798 -25.599916 4.994191
0.530274 3.812882 -20.894054 -14.261103 17.657448 -4.490522 6.724762 8.002303 17.485523 -15.695516 8.165898 8.242998 4.134413 -0.262538 4.570708 -5.059665 -7.223104 1.551013 1.610396 -4.899955 14.066993 -2.687876 8.291181 -17.059101 -9.614223 -8.717494 18.679583 -13.486356 -23.877569 3.931315
-0.978815 2.259557 -18.539019 -14.216615 19.387058 -1.286199 5.384519 7.741557 17.710022 -15.520383 8.827701 8.189333 3.308447 -0.022292 4.275526 -4.673662 -6.577407 0.582827 0.725591 -4.365147 10.417236 -1.815799 6.229054 -14.779943 -9.231417 -7.439838 14.692734 -11.387306 -25.719187 1.965463
1.071083 5.385326 -20.639463 -16.284258 18.571470 -4.199191 3.121871 7.546047 15.344271 -13.932129 8.425227 7.287071 3.161872 0.448589 5.322166 -4.628863 -7.124357 2.281476 0.601647 -5.868477 10.517829 -3.386797 6.508605 -16.561888 -10.677498 -8.130924 19.422739 -13.832601 -22.809116 1.957883
2.583933 8.029992 -20.466452 -18.120737 19.814703 -6.503561 0.996743 8.132879 13.297164 -13.278517 8.242568 6.316823 2.880407 0.705214 6.720861 -3.919828 -7.034852 4.149041 0.168102 -6.568885 11.440873 -4.917272 5.689390 -20.095383 -8.545834 -7.797308 22.389391 -18.299585 -21.384455 2.950687
2.045452 9.713902 -19.777925 -19.555883 20.739470 -6.704448 -1.206705 8.697219 10.937596 -13.273436 8.294491 5.454644 3.191039 0.789438 7.678806 -2.823231 -6.539998 5.081882 -0.808796 -6.017903 12.824363 -6.921169 5.714728 -20.288889 -6.682240 -8.057768 22.243853 -22.052019 -19.803114 3.132727
1.095115 11.421218 -18.299112 -20.636284 20.698748 -6.346725 -2.136683 9.476960 9.140400 -13.121937 8.230865 4.308224 4.091567 0.548862 8.937340 -1.921980 -6.149297 5.551306 -1.309255 -5.383750 14.121985 -8.181608 6.051000 -18.522108 -7.416496 -8.201486 21.147329 -23.490782 -17.119408 2.733330
0.023393 13.320280 -16.956144 -21.693602 19.625334 -6.762714 -2.736618 10.516941 8.647305 -12.467219 7.923096 3.715041 5.231162 0.435868 9.261217 -1.390048 -5.540091 6.281679 -1.616027 -5.390307 15.703031 -8.001051 5.949215 -17.940588 -9.289611 -8.576696 19.640198 -24.210541 -15.333084 2.266473
0.130039 14.026286 -15.244861 -21.683290 18.359978 -6.092186 -3.014962 12.063956 7.194523 -12.635121 7.919618 3.476888 6.503102 0.133281 9.628032 -0.393350 -4.818263 6.968151 -2.042704 -5.032948 16.364996 -7.986604 5.804618 -16.672325 -10.060388 -8.912777 18.855217 -25.407545 -13.006260 2.527998
0.222502 14.101594 -14.643906 -21.083570 16.116049 -5.273474 -3.071549 13.323636 6.804336 -12.909093 7.712857 3.263353 7.781665 -0.181105 9.902807 0.491601 -4.152654 7.193897 -2.560229 -4.648305 17.158716 -8.933825 4.873210 -15.046155 -9.237189 -9.188717 17.913260 -26.899118 -11.521553 3.452219
0.468649 14.274618 -13.079738 -20.934256 15.157685 -2.887057 -1.957932 14.651026 6.316370 -13.517328 7.917857 3.288112 8.713042 -0.623566 9.690943 1.293464 -3.477533 7.060216 -2.724125 -3.884170 18.187231 -8.752750 3.795790 -12.702022 -9.530470 -10.315041 16.392065 -28.678656 -10.746141 4.107247
0.515428 14.077767 -11.290727 -20.510469 14.400391 -0.944421 -2.157310 15.683307 6.799136 -15.283531 7.990376 2.701416 9.717638 -1.089510 9.672586 1.671645 -2.974127 6.447721 -3.007709 -2.711701 18.651033 -8.317812 3.701685 -10.998967 -10.388145 -11.159121 14.122602 -29.317698 -10.304842 4.417569
0.762355 13.547741 -10.349572 -20.517706 12.883480 2.414351 -2.728374 15.083438 7.574099 -16.103542 8.161784 2.965429 10.529956 -1.543865 9.395808 1.935708 -2.235628 5.076440 -3.001586 -2.019085 20.927099 -7.326589 4.225584 -8.294249 -10.298014 -11.831465 10.583385 -29.476425 -10.396668 5.889916
0.260646 14.379369 -9.277881 -22.484058 10.645550 4.203570 -5.199900 14.285763 8.226573 -16.702353 8.266534 1.711698 11.273323 -1.572657 8.842424 1.687119 -1.578769 3.759114 -3.608617 -2.031330 22.692516 -6.824595 3.901831 -5.596090 -11.089063 -12.175912 8.028767 -30.619509 -8.250049 6.971452
-1.642032 12.857210 -7.079289 -21.757799 10.463747 7.194579 -5.064405 13.857270 9.973899 -15.909161 8.799189 1.476205 10.628440 -1.424541 8.167451 1.286398 -0.698982 2.948545 -3.871999 -2.043741 18.578413 -4.702091 3.305636 0.088682 -14.014684 -11.447147 4.873931 -25.642969 -9.102599 6.093848
-9.489829 9.335623 -7.040056 -16.474466 11.485811 16.603336 -4.744761 9.715932 14.393153 -9.885263 10.590938 3.343683 7.410306 -0.705982 6.259237 1.750991 1.681492 1.473741 -4.796931 -1.550565 7.810090 -5.896895 -3.534261 4.195786 -7.543671 -5.662800 -0.787781 -17.109873 -17.464453 9.013236
-20.891100 -2.290382 -3.918698 -5.529709 3.257627 29.037081 -9.982252 5.945296 17.115889 6.206121 12.935819 4.910407 1.785582 0.361264 2.932886 0.461598 4.481349 -0.864160 -3.057203 -1.432224 -7.189559 -8.805553 -9.682067 6.831123 -6.442986 0.724402 -8.220002 -2.033936 -22.152315 11.240600
-21.835712 -2.655660 -5.173135 -5.516448 3.155456 28.998037 -7.639359 5.068279 17.363142 6.035525 12.510863 5.230306 1.365530 0.429870 3.008902 -0.163678 4.585978 -0.726932 -2.248846 -2.152105 -6.296036 -7.569945 -8.704057 6.402512 -6.198225 0.921004 -7.026621 -0.994997 -22.601938 11.196082
