1.951103 25.812077 -10.499553 2.923597 4.478467 -4.426112 10.936402 14.167150 19.843088 -3.862481 3.697249 -1.316379 -0.278634 -11.381422 0.683966 -0.040862 -5.329378 7.655360 -4.919935 -5.597412 4.282751 6.290936 7.491705 1.443548 2.539352 23.719437 -0.533029 -24.506720 -4.284497 20.002148
1.490563 25.718670 -10.587815 2.966899 4.028347 -4.853156 11.668075 14.108758 20.555368 -3.984984 3.728117 -1.302962 -0.297017 -11.381504 0.619284 -0.048853 -5.359313 7.664788 -4.940501 -5.574485 4.638624 6.344958 7.476566 1.009874 2.991630 23.920214 -0.490538 -24.795492 -4.344593 20.138842
1.391911 25.320942 -13.964955 -1.066098 -1.503095 0.061340 11.670561 9.481408 18.181421 -2.819465 5.088167 0.021216 -0.404926 -7.992049 2.010634 -0.945650 -8.105064 6.117012 -4.348757 -6.553029 3.417342 2.324232 7.385546 0.270066 5.922859 20.731441 5.893682 -22.440218 -10.239085 18.232313
0.893747 27.075291 -13.905248 -5.677053 2.038781 -4.210330 12.171577 8.388344 17.105991 -3.652032 5.485321 1.003731 -3.054367 -7.414085 0.933819 -1.969686 -8.566525 6.899740 -4.992876 -7.184192 -0.361913 1.436471 7.078524 -2.121053 6.423604 19.793348 8.070725 -23.303019 -12.342617 19.394108
0.412413 28.619507 -14.419257 -7.953951 2.276631 -6.276308 11.313829 7.273756 16.829903 -2.492725 4.986974 0.084716 -4.491266 -7.203080 -0.014053 -3.637353 -8.258217 6.587942 -5.032663 -8.420393 -2.081360 0.988833 7.386839 -4.687422 6.100427 19.528753 10.291888 -22.828655 -12.699653 19.906704
0.578934 28.758331 -15.387795 -9.326870 2.603747 -7.471374 12.339116 5.947331 15.544564 -1.831458 4.772486 0.018804 -4.736433 -6.665781 0.613935 -4.122586 -8.241955 6.715536 -4.617956 -9.361364 -3.233077 1.949460 8.114593 -6.622047 5.742231 20.084524 11.039197 -23.066168 -12.874080 17.294563
-0.032550 27.494053 -16.707304 -9.835280 3.913719 -7.586684 13.290999 5.251348 15.334753 -2.545208 4.807825 0.603966 -4.387484 -6.299393 1.410897 -3.353088 -8.784176 7.719315 -4.487370 -9.313971 -4.851511 3.784268 8.487157 -8.675579 5.727749 21.224096 11.030587 -22.440241 -13.989434 15.853055
-0.652136 27.171387 -16.905245 -10.232864 4.413001 -7.143870 14.324138 4.728972 15.064004 -3.019878 4.993783 0.818694 -4.015387 -5.965495 1.658351 -2.980762 -8.892361 7.871033 -4.643500 -9.295973 -5.489596 4.388309 8.463715 -9.376927 5.598310 21.373684 10.813135 -22.741701 -14.370106 14.754468
-1.165357 27.727699 -16.872301 -10.778262 4.060052 -7.266911 14.500611 4.232957 14.347445 -2.481202 5.001057 0.749755 -4.134683 -5.685850 1.811966 -3.138976 -8.617811 7.761500 -4.651949 -9.924261 -5.876213 4.694155 8.504478 -10.032099 5.338187 21.167009 10.765861 -22.772640 -14.744171 13.762325
-1.514493 27.755709 -17.144312 -11.073177 3.630919 -7.003976 14.500697 3.711043 13.794626 -1.937312 5.072747 0.566384 -4.162173 -5.385653 1.950939 -3.352325 -8.287769 7.665354 -4.765872 -10.302036 -6.502772 4.546118 8.560026 -10.044351 5.404958 21.347324 10.920957 -23.436419 -14.490557 13.007610
-1.731035 28.030579 -16.871687 -11.974749 3.368470 -7.543551 14.108117 3.718140 13.125121 -1.445178 5.035384 0.437358 -4.326948 -5.310772 1.998326 -3.418885 -8.158449 7.958917 -4.853812 -10.362558 -6.627809 4.072273 8.757432 -9.942675 5.261525 21.331739 10.992886 -24.606829 -13.441309 11.565222
-2.095869 27.828537 -16.624489 -12.596014 3.393529 -7.520380 14.209769 3.908354 12.701896 -1.534851 4.947636 0.255831 -4.359463 -5.342652 2.132778 -3.340479 -8.138651 8.263496 -4.847275 -10.380029 -6.625834 3.753215 8.905766 -9.608685 5.453682 21.576754 11.075215 -24.921240 -13.188135 10.698685
-1.993707 28.303783 -16.374861 -12.695820 4.501853 -8.503676 15.032968 3.866711 12.287665 -1.562413 4.758156 -0.040651 -4.139870 -5.309821 2.386981 -3.313236 -8.193508 8.540777 -4.694661 -10.372274 -7.501513 3.790370 8.821117 -9.151769 5.983490 22.248138 10.955480 -25.282095 -13.405827 10.368417
-2.009076 29.317719 -16.551428 -13.000242 3.957016 -8.413056 15.907176 2.777757 11.258698 -0.797560 4.670403 -0.381827 -3.983868 -5.030159 2.906736 -3.373233 -7.873065 8.706348 -4.552349 -10.785469 -7.641984 5.160982 8.619918 -9.023834 6.198973 22.175751 9.958711 -25.406914 -14.375179 9.760921
-2.891924 29.376438 -18.228525 -12.193188 2.354801 -8.247453 15.123755 1.614463 10.479386 1.331831 4.547309 -0.434821 -4.328371 -4.907333 3.653743 -3.525398 -7.189449 8.961064 -4.095474 -11.596706 -8.492488 7.417696 8.248074 -9.242698 6.384997 22.394186 8.851035 -24.877733 -15.828685 9.673753
-2.679988 29.438423 -18.775770 -12.260155 2.366378 -8.833030 14.945957 1.374781 10.481828 1.772518 4.702372 0.158644 -4.470692 -4.827477 3.413157 -3.064557 -7.242738 9.052046 -4.360943 -11.488934 -9.123596 8.342188 8.028417 -9.394397 6.469337 22.645708 8.456835 -24.834917 -16.143749 9.484567
-2.643457 29.294167 -18.714460 -12.261597 2.405047 -8.791604 14.835689 1.341901 10.638152 1.640125 4.649017 0.078831 -4.441750 -4.777702 3.459419 -3.170054 -7.156188 8.965656 -4.275573 -11.637347 -9.156848 8.373678 8.082232 -9.565402 6.474551 22.661156 8.368400 -24.705503 -16.250616 9.460389
-2.603201 29.337532 -18.587143 -12.204662 2.559699 -8.765939 15.036339 1.347973 10.678990 1.477928 4.607875 -0.161442 -4.320878 -4.798905 3.468932 -3.248157 -7.208510 8.993922 -4.325109 -11.651128 -9.071839 8.229595 8.082854 -9.783839 6.457472 22.331358 8.383255 -24.665678 -16.480267 9.389711
-2.975319 29.453842 -18.725420 -12.011961 2.054418 -8.161676 15.249531 0.985581 10.457095 1.726587 4.629609 -0.093184 -4.368039 -4.771503 3.483440 -3.204132 -7.244126 9.001629 -4.318267 -11.641302 -9.063250 7.922831 8.137085 -9.801498 6.333333 22.185947 8.278255 -25.003435 -16.455215 8.983566
-3.057152 29.437630 -18.445919 -12.203491 2.293599 -8.023793 15.450833 1.241152 10.469228 1.370743 4.647120 -0.027702 -4.371520 -4.856926 3.397823 -3.226843 -7.318668 8.917166 -4.257665 -11.534952 -8.876084 7.309896 8.257203 -9.521385 6.338031 22.239943 8.544820 -25.171053 -16.062613 9.133251
-3.199302 29.369200 -18.180704 -12.243008 2.387349 -7.985748 15.458480 1.595940 10.376050 1.176522 4.592018 -0.154577 -4.373880 -4.840692 3.366017 -3.458834 -7.348835 8.769797 -4.106637 -11.548903 -8.602973 6.906852 8.308702 -9.495996 6.302140 21.976923 8.693845 -25.222418 -15.996463 9.095993
-3.348011 29.333187 -18.325382 -12.099203 2.018940 -7.742856 15.491598 1.512282 10.177878 1.419200 4.667768 0.004826 -4.365044 -4.805874 3.397655 -3.329448 -7.328213 8.693872 -4.114442 -11.588408 -8.579782 6.906788 8.242425 -9.365853 6.460044 22.120794 8.681582 -25.180258 -16.075848 9.033729
-3.158981 30.021645 -17.114687 -15.809235 -2.236849 -5.854636 15.088838 0.646947 7.831703 2.094088 4.327128 -2.037756 -2.812709 -4.533762 4.634374 -4.158818 -6.204762 7.908353 -3.563535 -12.208055 -6.391142 8.284288 8.711553 -9.189112 3.802064 20.235991 4.474746 -28.855722 -14.233733 6.197662
-3.851470 29.554682 -16.174988 -16.402277 -5.864969 -1.960428 15.868286 1.709180 7.049321 1.083487 4.360405 -2.372821 -1.763715 -5.452310 4.638542 -4.031537 -5.344129 7.140240 -3.326028 -11.893965 -4.107248 5.644430 10.094410 -9.279215 2.077622 19.158140 4.584865 -31.034529 -11.462709 4.047541
-3.940751 28.929062 -16.362843 -16.100544 -6.302104 -1.082565 15.390463 2.094750 7.355737 0.769557 4.743231 -2.600961 -1.071054 -5.318926 4.731732 -3.737304 -5.099601 6.493443 -3.855397 -11.952338 -3.143601 4.943498 10.571929 -9.282722 1.843613 18.860926 4.399869 -31.098169 -11.477664 3.536924
-3.974405 28.841759 -16.292360 -16.222828 -6.439742 -0.830795 15.148639 2.198721 7.562207 0.611746 4.821615 -2.688779 -0.746061 -5.274096 4.798539 -3.639912 -5.087709 6.432098 -3.987605 -11.765453 -2.843640 4.689853 10.617929 -9.199433 1.765262 18.613255 4.442546 -31.198221 -11.419776 3.448562
-4.042138 28.731627 -16.304552 -16.261616 -6.473303 -0.761575 14.911448 2.267896 7.566127 0.589782 4.810205 -2.724790 -0.720840 -5.260139 4.828413 -3.703557 -5.047256 6.357658 -3.973260 -11.786589 -2.773668 4.727935 10.702598 -9.133137 1.871862 18.792248 4.428949 -31.036177 -11.488297 3.454863
-4.000485 28.723366 -16.242579 -16.341492 -6.437710 -0.845862 14.859988 2.313509 7.559247 0.558023 4.776237 -2.731467 -0.753411 -5.263564 4.833033 -3.746654 -5.052508 6.363208 -3.910863 -11.789270 -2.821547 4.755991 10.694884 -9.040092 1.968789 18.895269 4.445294 -31.105356 -11.402080 3.391576
-3.985384 28.798492 -16.130140 -16.397650 -6.392574 -0.825437 14.827404 2.340323 7.497311 0.550001 4.756388 -2.797980 -0.729658 -5.274377 4.841537 -3.774757 -5.040081 6.338579 -3.897269 -11.797374 -2.856198 4.644175 10.756486 -9.049664 1.974583 18.930967 4.449173 -31.177084 -11.353574 3.312643
-3.980528 28.805193 -16.129545 -16.371916 -6.378942 -0.832093 14.851578 2.334553 7.498034 0.554492 4.779497 -2.788032 -0.704886 -5.260225 4.850613 -3.761959 -5.036817 6.320929 -3.911684 -11.800583 -2.839370 4.701513 10.722802 -9.119458 1.914482 18.941236 4.507924 -31.053400 -11.388980 3.454949
-3.982496 28.817286 -16.129118 -16.355970 -6.375415 -0.842649 14.870309 2.338153 7.512654 0.560120 4.766491 -2.787878 -0.728449 -5.275769 4.843182 -3.766897 -5.040488 6.340964 -3.903092 -11.793671 -2.835020 4.661700 10.737520 -9.048441 1.964766 18.916655 4.461987 -31.149792 -11.342736 3.345639
-3.992258 28.769524 -16.131800 -16.398228 -6.399847 -0.819105 14.853463 2.357609 7.495298 0.535571 4.762430 -2.780023 -0.727817 -5.287448 4.851101 -3.751372 -5.035664 6.356723 -3.894330 -11.781996 -2.817632 4.716577 10.742229 -8.978036 1.958279 18.943419 4.352583 -31.214281 -11.315014 3.307390
-4.336053 28.514816 -16.729740 -14.484062 -6.979154 -0.230989 14.213067 2.195729 8.419908 1.037991 5.354922 -2.271392 -0.494601 -4.994092 4.380069 -3.562252 -5.324387 5.392136 -4.508269 -11.523286 -2.016637 4.356860 10.444848 -9.124715 2.347564 18.376675 5.701517 -29.247072 -11.976782 4.510715
-4.102592 28.399185 -17.509592 -11.788778 -7.425031 0.839039 12.601889 1.950622 10.053655 1.766439 5.663022 -1.350264 -1.683594 -4.826058 3.311250 -4.091617 -5.870039 4.174184 -4.552460 -11.340116 -1.496299 3.701380 10.279395 -9.242967 3.371626 18.927896 8.008216 -25.917461 -13.203160 6.991966
-3.743235 28.522390 -17.604872 -11.001905 -6.736403 0.923802 12.307100 2.048707 10.865737 1.565112 5.654973 -1.774104 -1.938245 -4.698109 3.193190 -4.690617 -6.080519 3.691810 -4.340948 -11.469516 -1.712512 2.866127 10.039694 -9.186427 3.710913 18.837276 8.904728 -24.970135 -13.588086 8.697984
-3.837204 28.539726 -17.503241 -11.018318 -6.782451 1.639259 12.217873 2.014901 10.892262 1.336926 5.597179 -2.201405 -1.904285 -4.717370 3.102581 -5.103860 -6.074391 3.370219 -4.239984 -11.539654 -1.762169 2.717056 10.147837 -9.269927 3.600082 18.842535 8.914300 -25.127090 -13.439228 8.678767
-3.699106 28.248920 -17.356728 -11.413649 -6.741041 1.856613 11.438890 2.464019 11.166585 0.906483 5.558956 -2.121072 -1.918760 -4.790224 2.939876 -5.256427 -6.151295 3.187212 -4.119435 -11.455932 -1.437677 2.434978 10.232581 -9.185914 3.700455 18.714632 9.043479 -24.764170 -13.596551 8.853030
-3.924074 28.409433 -17.418341 -11.992093 -7.323106 1.888859 11.482827 2.486855 10.823030 1.024979 5.647284 -2.058567 -1.631893 -4.767714 2.979196 -5.177861 -6.052281 3.087817 -4.158322 -11.345503 -1.124025 2.169058 10.545535 -9.015764 3.804655 18.716928 9.100715 -24.836496 -13.582556 8.469785
-3.467545 27.407753 -18.655874 -9.321354 -9.881956 6.288829 10.116238 0.961563 11.921521 2.052270 6.567177 -0.490588 -2.237058 -4.481081 2.516738 -5.274341 -5.576292 0.937215 -4.133520 -11.916123 -2.247436 2.124954 9.547835 -10.401120 2.912670 17.605833 9.563530 -24.573977 -13.471285 11.916638
-2.035977 25.987955 -19.009069 -7.813704 -11.696318 7.533386 9.786851 1.436097 12.739416 1.684103 7.081584 0.841006 -2.352553 -4.981319 2.018286 -4.024889 -5.815078 0.253877 -4.607200 -11.525763 -1.558639 3.281122 9.029416 -10.863461 1.570354 17.804844 9.748677 -24.325018 -12.005577 14.957044
-0.484836 22.764462 -20.881737 -5.561936 -12.940722 6.679754 6.526714 3.576426 14.812647 1.660654 7.334736 2.709032 -1.642566 -5.282429 1.096616 -2.732694 -6.388873 -0.349637 -4.508557 -10.529869 0.264009 2.845139 8.588578 -10.247964 1.862049 16.945768 11.222817 -21.927029 -12.821834 18.154028
0.289894 19.699808 -22.942827 -4.734616 -11.772730 6.830546 2.896236 5.390188 16.003496 0.885944 7.488077 4.029934 -1.199176 -5.808195 1.588116 -1.615471 -6.825085 -0.401992 -3.623434 -9.229658 1.684799 1.314775 7.715970 -9.236512 2.795659 15.492718 12.163005 -20.539320 -13.954757 20.092655
-0.395005 18.051701 -24.692507 -1.974509 -13.399586 8.789660 4.198437 5.090673 15.321753 1.700412 7.396149 4.006593 -0.527224 -5.788559 1.764118 -1.990947 -6.119930 -1.507000 -3.149980 -9.835526 2.124694 1.193636 7.312726 -7.977417 4.162132 15.684649 12.457811 -19.313263 -14.932977 20.695429
-3.003307 16.293976 -27.624407 1.786190 -16.071495 9.538867 4.911378 4.442133 14.514945 4.605997 6.951656 2.641019 1.319946 -5.449192 1.688109 -3.438479 -5.028467 -3.580015 -2.495392 -11.106686 2.176631 1.811482 6.937977 -5.513282 6.459680 18.056234 12.624968 -17.053261 -16.366165 19.773342
-7.148531 15.995012 -31.088167 6.018562 -18.664846 12.125379 3.550023 3.248096 10.630229 9.746521 6.711781 0.771541 3.438305 -6.008066 2.878710 -3.543744 -2.953138 -5.280917 -1.806154 -12.118628 2.466685 1.136140 7.676217 -4.728948 8.137385 20.052065 13.530781 -15.274133 -17.089548 18.329357
-9.956309 16.124201 -31.390177 6.967174 -19.490267 12.745601 2.679741 3.689044 8.948279 11.854065 6.985821 0.074858 4.694337 -6.341902 3.630074 -2.752651 -1.765758 -5.827126 -1.954965 -11.697456 2.829834 0.301939 8.440647 -3.576334 9.154583 20.983236 13.709914 -14.473577 -17.189877 18.337849
-9.818531 15.921307 -31.385933 7.364893 -19.489218 13.049851 3.487146 3.610718 8.990275 11.666761 6.956583 0.248641 4.553081 -6.189132 3.827855 -2.660547 -1.614935 -5.741595 -1.900934 -11.905744 2.715667 0.547865 8.105773 -3.506289 9.356105 21.268980 13.717384 -14.255088 -17.412481 18.095839
-9.656133 16.004763 -31.648558 7.447721 -18.978462 12.693862 3.683601 3.584256 9.237153 11.481503 6.961201 0.284531 4.552521 -6.058296 3.825948 -2.778540 -1.682447 -5.792615 -1.846411 -11.932096 2.846247 0.480095 8.147374 -3.432660 9.380983 21.337965 13.662756 -14.243693 -17.216816 17.979347
-10.063237 16.046947 -31.423691 7.496343 -19.352812 12.594538 3.747871 3.621169 9.280447 11.738747 6.922462 0.025748 4.803955 -6.189849 4.005874 -2.685275 -1.509950 -5.761934 -1.837874 -11.823194 2.830426 0.520226 8.149024 -3.407964 9.401077 21.408129 13.728060 -14.171486 -17.305574 17.977844
-10.025645 15.922453 -31.388708 7.453622 -19.196447 12.529354 3.663728 3.677673 9.321075 11.646298 6.944409 0.090229 4.779794 -6.194240 4.033413 -2.626652 -1.496511 -5.771342 -1.822208 -11.826746 2.760246 0.549456 8.122468 -3.397432 9.433231 21.408266 13.726872 -14.207209 -17.321705 17.912205
