-10.527364 25.748590 -16.987751 17.938215 -6.578573 -6.685470 1.734367 2.137730 6.090795 -12.084662 -4.377061 1.307302 -1.279922 -9.770205 5.331595 -2.062035 -5.400902 3.240637 -9.641991 -2.808198 -3.048862 15.338270 -13.053555 15.157844 -15.029495 19.045088 9.763368 -13.362742 -0.059036 9.220273
-11.082526 25.693523 -17.160376 18.039474 -7.079969 -7.281486 2.365791 1.942244 6.660629 -12.376273 -4.410396 1.327206 -1.291401 -9.763372 5.301960 -2.085701 -5.428114 3.210151 -9.697139 -2.760250 -3.022029 15.472388 -13.468026 15.186103 -15.082398 19.049917 9.888562 -13.314607 -0.064212 9.062706
-10.580060 8.719996 -19.207392 10.630880 -13.461235 5.105562 -0.863996 4.676528 9.176260 -23.671722 -1.096527 3.406482 2.276107 -6.043432 6.850633 -1.680803 -7.242144 -0.642719 -9.805374 1.805724 10.211318 13.296589 -12.175973 18.891211 -10.138925 9.270603 12.987488 -1.350626 -14.179914 5.687996
-11.035090 1.697829 -17.825815 6.716742 -5.934205 11.123963 0.344005 6.997622 14.614930 -20.071066 3.328768 2.027254 1.791186 -5.536136 3.423599 -2.293933 -7.590299 -0.963145 -8.832325 3.369892 9.780333 11.376196 -13.461378 19.057217 -7.927892 6.500070 7.647155 0.291903 -19.960722 1.514896
-11.882785 0.137698 -20.203356 3.359303 -5.315165 8.072135 -1.674796 5.982209 14.701808 -20.304960 3.406327 1.324889 1.849551 -4.302293 3.201313 -3.373506 -8.548668 -0.873702 -9.434400 3.683776 8.583763 10.198969 -12.896157 19.156448 -6.476369 6.363750 9.564343 -0.272936 -21.090410 -0.572681
-13.485982 -1.092491 -19.102057 1.477850 -1.617453 8.096995 -1.783350 4.757911 14.737159 -20.731657 4.438031 1.657748 1.135809 -3.422941 2.273134 -3.855472 -8.055464 -1.286803 -9.159210 3.899899 6.076312 7.014921 -12.147796 17.473263 -5.293493 5.687061 8.702237 -0.399553 -22.369890 -0.927813
-13.590428 -0.879595 -20.992603 1.521850 0.305463 6.187603 -2.373819 3.810151 14.534917 -19.884899 4.274573 1.754718 1.115601 -2.933262 2.513798 -4.012488 -8.650707 -0.834636 -9.513962 3.781798 5.962650 6.695727 -11.853584 16.947857 -5.334245 5.656363 10.519385 -0.220621 -22.675531 -1.152859
-13.115920 -1.356070 -20.969648 0.640198 0.361928 6.091461 -3.330685 4.475066 14.820132 -20.471725 4.396939 1.805956 0.792687 -2.914457 2.268731 -4.315106 -8.680006 -1.362113 -8.944163 3.561513 6.061515 7.046084 -11.390881 16.379391 -5.432983 5.167291 9.642272 -0.925569 -22.701878 -2.768918
-12.507424 -1.343101 -22.938211 -0.155647 1.208208 3.551658 -5.116029 4.150958 14.245095 -20.073187 3.690969 1.485934 1.103860 -2.606821 2.505569 -5.107328 -9.686846 -1.078722 -9.009679 3.247790 5.834142 7.189708 -8.939978 16.489597 -5.064868 5.565850 10.780906 -2.621725 -22.276854 -4.633128
-12.025241 0.831740 -26.530107 1.479115 0.604646 -3.057915 -6.425821 1.727027 11.273782 -22.175726 1.329044 1.643572 0.999008 -1.619444 4.023577 -6.059926 -10.860710 -0.607765 -9.892600 1.821172 4.874362 7.883029 -6.453082 16.648170 -5.757030 6.595962 15.099621 -5.063853 -19.815426 -6.641693
-11.507100 2.270641 -27.356077 1.767615 1.410300 -5.559790 -9.402730 1.229417 8.470921 -23.706039 -0.163239 1.916950 1.036510 -0.729766 5.179554 -6.272005 -11.145704 -0.027116 -11.017347 1.054495 3.115112 7.395122 -4.257565 16.038713 -5.627542 6.709189 15.989038 -7.754101 -19.268499 -7.868703
-11.555097 3.606481 -27.050381 0.122062 2.303712 -8.088906 -12.363452 1.297514 6.444161 -23.475914 -0.218348 2.276083 1.545498 0.274394 5.906983 -5.941416 -10.465254 0.541306 -11.894923 0.095803 0.406536 5.835110 -2.881981 16.545921 -5.875896 4.952473 16.154877 -11.036007 -17.667433 -7.051365
-11.001942 7.207880 -27.856062 0.511988 3.090964 -9.247429 -14.638371 0.785022 5.929263 -21.896376 0.141293 2.564843 2.687097 0.824445 6.390482 -5.240470 -9.948011 0.797502 -12.890426 -0.813367 -3.325069 6.604138 -1.365724 14.573030 -6.456481 6.314638 17.238567 -13.154606 -17.449842 -5.074226
-10.729239 8.448581 -28.052969 0.469433 3.260466 -9.181233 -14.973045 0.403258 5.966776 -21.349833 0.183632 2.510608 2.809513 0.817223 6.476663 -5.039470 -9.798605 0.939548 -13.058286 -1.033665 -4.026704 6.684647 -1.232702 14.265250 -6.592308 6.710665 17.410875 -13.511788 -17.400640 -4.826754
-10.658101 8.900415 -28.063669 0.354525 3.502730 -9.116481 -15.199197 0.263717 5.785364 -21.305738 0.170367 2.539933 2.935584 0.880804 6.490212 -5.032743 -9.676805 1.005777 -13.091758 -1.061827 -4.322021 6.668257 -1.187179 14.055209 -6.735981 6.786775 17.506563 -13.647762 -17.380234 -4.950787
-10.656095 8.913871 -28.060238 0.418389 3.434166 -9.084877 -15.201573 0.259791 5.790936 -21.245466 0.176008 2.539884 2.973643 0.862588 6.479453 -5.024446 -9.654058 1.008998 -13.094125 -1.058773 -4.244514 6.744410 -1.299840 14.105339 -6.747317 6.758883 17.480667 -13.636176 -17.348494 -4.946428
-10.621520 8.928900 -28.078148 0.376958 3.472749 -9.118644 -15.223894 0.296532 5.798109 -21.291279 0.228346 2.535116 2.992697 0.849844 6.466512 -4.999475 -9.653866 1.034058 -13.047441 -1.084857 -4.251688 6.723130 -1.255797 14.062910 -6.682550 6.819232 17.540770 -13.715228 -17.342487 -4.943034
-10.625243 8.918008 -28.072290 0.380896 3.468735 -9.113135 -15.215526 0.300709 5.805767 -21.296083 0.227163 2.539652 2.990755 0.854375 6.462759 -5.007949 -9.653957 1.032470 -13.041497 -1.093799 -4.241629 6.721048 -1.248483 14.061326 -6.683492 6.822048 17.528856 -13.711185 -17.343699 -4.942660
-10.628037 8.931877 -28.080069 0.373669 3.488202 -9.128132 -15.233506 0.285204 5.804269 -21.285036 0.230098 2.539527 2.995847 0.861525 6.459962 -5.009638 -9.658928 1.031988 -13.045909 -1.098934 -4.250756 6.711553 -1.245601 14.074483 -6.686937 6.822595 17.521803 -13.726396 -17.312769 -4.937804
-10.641569 8.942818 -28.076496 0.370651 3.470430 -9.117933 -15.216688 0.285553 5.812369 -21.294321 0.229966 2.538186 2.988832 0.859178 6.465521 -5.006662 -9.655661 1.036914 -13.049726 -1.102312 -4.263770 6.709078 -1.243769 14.069808 -6.687439 6.813416 17.538061 -13.738205 -17.332560 -4.924091
-10.640718 8.918674 -28.090269 0.395316 3.519990 -9.121623 -15.194660 0.255498 5.829088 -21.291365 0.183112 2.562744 2.970389 0.879223 6.482923 -5.021324 -9.655945 1.000724 -13.092034 -1.068819 -4.287566 6.724654 -1.271569 14.086965 -6.716804 6.803771 17.455936 -13.688729 -17.345734 -4.954470
-15.460090 13.191285 -24.706553 -8.733015 10.471634 -9.800752 -6.894893 -5.720073 -6.412215 -19.403704 -0.659807 1.406751 1.114697 2.162052 9.654394 -4.784401 -11.065931 6.694911 -12.027895 3.362629 -2.116526 -9.728978 0.280440 15.536267 -2.898751 4.227521 22.836786 -10.254215 -16.630077 -2.915174
-15.886600 11.847908 -16.761501 -11.820540 19.147741 2.198926 -3.355088 -2.643273 -7.298971 -12.097413 4.882599 3.142787 0.316441 1.519094 6.128411 -3.180185 -7.922533 6.490703 -8.361014 4.620185 -2.553832 -16.639957 1.661307 14.865149 -0.380050 2.058304 12.604598 -7.610865 -19.959465 2.517407
-16.000431 8.443022 -15.136996 -8.917994 21.925230 6.195434 -1.471544 -1.547334 -5.752501 -12.248980 5.663874 2.379472 0.792715 1.852223 5.886028 -3.742715 -7.035821 5.543988 -7.824612 4.555169 -3.513306 -14.326840 -0.802389 11.555674 0.327407 3.553409 10.111038 -7.093248 -23.067106 2.103961
-16.105362 7.930404 -14.816034 -9.025074 22.075216 6.739903 -1.310751 -1.490227 -5.115195 -12.475961 5.690990 2.085308 0.783612 1.882848 5.838723 -4.058282 -6.796901 5.210167 -7.663582 4.464017 -3.457327 -13.926366 -0.965818 11.026885 -0.161067 3.251500 10.012332 -6.810379 -23.249430 2.003238
-17.194860 7.580938 -14.341699 -9.985687 22.390390 7.545874 -2.424494 -1.408432 -4.508530 -12.175983 6.045670 2.444805 0.495151 1.988544 5.790710 -4.154458 -6.418737 4.638885 -7.567928 3.981002 -4.229189 -14.163563 -0.445268 11.716730 -0.425665 2.625102 9.205323 -7.321599 -23.455160 2.166523
-18.235613 7.690296 -13.890401 -11.133699 22.488718 8.334395 -3.488685 -1.613100 -4.209846 -11.987057 6.452339 2.476288 0.514659 2.245245 5.919865 -4.154114 -6.162788 4.245583 -7.628137 3.647308 -5.012692 -14.967194 -0.974440 11.895020 -0.704769 1.307739 8.962308 -8.296890 -23.402103 2.348761
-18.760019 7.194067 -13.280351 -11.853014 22.004141 9.319350 -4.858506 -1.463173 -3.422020 -11.876464 6.934749 2.539713 0.308497 2.428520 5.692304 -4.314630 -5.579709 3.715215 -7.580987 3.513736 -5.737636 -15.433199 -1.505736 12.523651 -1.059436 -0.131627 7.989804 -8.909009 -23.337147 2.645746
-19.154243 7.178481 -13.215985 -12.731113 22.120630 9.566154 -5.766726 -1.227024 -2.824594 -11.727952 7.185467 2.672011 0.283162 2.520452 5.621109 -4.463577 -5.206665 3.447982 -7.357111 3.102842 -5.950839 -15.546264 -1.773781 12.506797 -1.396424 -0.824692 7.728520 -9.292304 -23.112072 2.865025
-19.956924 6.602316 -12.771010 -13.696814 21.873625 10.503461 -6.950969 -1.260858 -2.440128 -11.706340 7.379352 2.515670 0.049961 2.612818 5.411661 -4.618384 -4.711032 2.927216 -7.246681 2.840175 -6.735018 -15.893396 -2.129675 12.935794 -1.466985 -1.519635 7.118965 -9.731299 -23.294947 3.019523
-20.333733 6.559394 -12.347942 -14.576272 21.650953 11.092063 -7.930313 -0.984050 -2.174479 -11.301666 7.728992 2.780161 0.041921 2.696951 5.225530 -4.525280 -4.462579 2.693752 -7.166843 2.600476 -6.769256 -16.113123 -2.245802 12.891740 -1.547613 -2.506396 6.876849 -10.379639 -23.182390 3.504669
-20.562147 6.103050 -12.189311 -14.692773 21.438250 11.364659 -8.298129 -0.889410 -1.331098 -11.193713 7.899713 2.917485 -0.038908 2.723913 5.037405 -4.658719 -4.262166 2.194701 -7.060636 2.617206 -7.502742 -16.307678 -2.360184 13.153913 -1.612420 -2.803299 6.613487 -10.465814 -23.097906 3.798171
-21.085823 5.785895 -12.013568 -15.033295 21.096546 11.678253 -8.847026 -0.946293 -0.892319 -11.022521 8.097309 2.788296 -0.057667 2.763688 4.899862 -4.697984 -3.969155 1.973781 -7.151222 2.693225 -8.000251 -16.375753 -2.666059 13.435258 -1.526833 -3.119910 6.127629 -10.841067 -23.003735 3.645561
-21.106419 5.294880 -11.844918 -15.098465 21.225754 11.733836 -8.974264 -0.690338 -0.284560 -10.892801 8.187712 2.826539 -0.158363 2.806073 4.820429 -4.814430 -3.853942 1.728805 -7.080464 2.595185 -8.052907 -16.371336 -2.974254 13.197001 -1.615279 -3.421095 6.211069 -10.852141 -22.975204 3.795270
-21.497265 5.106794 -11.684674 -15.376731 20.926094 12.142993 -9.312713 -0.605518 -0.169964 -10.741188 8.220729 2.749291 -0.116325 2.776883 4.688593 -4.989763 -3.698775 1.499133 -6.838742 2.375165 -8.472555 -16.681982 -3.220315 13.333478 -1.619502 -3.822270 6.020088 -11.113475 -23.111961 4.214074
-21.526844 4.909989 -11.548656 -15.788560 21.070412 12.623102 -9.523789 -0.458317 -0.029216 -10.422613 8.438622 2.919712 -0.150880 2.723246 4.644286 -4.859546 -3.536535 1.343332 -6.745741 2.362271 -8.378037 -16.801691 -3.330187 13.341403 -1.691933 -4.226346 5.482220 -11.454420 -22.980955 4.089862
-21.529488 5.065381 -11.737076 -15.218645 20.907713 12.294233 -9.064057 -0.696218 -0.205444 -10.909163 8.239775 2.722091 -0.051392 2.791276 4.802915 -4.904429 -3.799814 1.642304 -6.951037 2.549381 -7.758894 -16.593447 -3.340865 13.262704 -1.567681 -3.895232 5.546583 -11.082499 -23.247816 3.981627
-21.516659 5.111245 -11.746537 -15.314274 20.822832 12.255005 -9.101020 -0.637853 -0.182471 -10.863626 8.266663 2.689492 -0.053882 2.798273 4.751707 -4.911398 -3.758812 1.672844 -6.921490 2.502774 -7.868425 -16.635918 -3.302293 13.220524 -1.590394 -3.894380 5.539715 -11.054855 -23.274538 3.994770
-21.488907 5.515213 -11.573778 -15.792205 20.818003 12.131227 -9.428815 -0.595075 -0.639337 -10.772627 8.205268 2.740908 -0.079401 2.797622 4.778054 -4.895071 -3.708889 1.739829 -6.927712 2.479789 -7.902047 -16.986586 -3.008127 13.484044 -1.605194 -4.054794 5.917130 -11.148496 -22.918947 4.166975
-21.592493 5.699128 -11.448287 -16.032312 20.830503 12.083108 -9.603991 -0.564535 -0.767889 -10.745321 8.282814 2.872177 -0.149070 2.738678 4.745916 -4.798812 -3.703259 1.738469 -6.949739 2.517483 -7.801342 -17.260653 -2.747508 13.699784 -1.639353 -4.220247 6.004517 -11.185153 -22.593498 4.266634
