-0.623024 29.132652 -13.453763 19.734484 3.832740 3.566963 -8.867114 3.980266 -10.436401 -11.627270 3.698135 -1.313986 -0.231899 -11.325454 0.663124 -0.094418 -5.326417 7.664831 -4.908514 -5.615151 -2.810647 15.786834 -15.040090 15.378915 -15.192401 18.839758 10.547419 -13.222842 0.019649 8.767563
-0.633068 29.181229 -13.440347 19.741087 3.852819 3.604695 -8.834167 3.947461 -10.448720 -11.658794 3.713738 -1.336269 -0.251271 -11.329968 0.571089 -0.109180 -5.392242 7.684208 -4.996681 -5.523461 -2.869416 15.810995 -15.039085 15.370687 -15.181627 18.869627 10.488072 -13.257948 0.009463 8.714013
-0.422817 29.309521 -17.287754 13.467163 7.374483 -0.160983 -6.133294 -0.561596 -13.721549 -11.839981 4.389476 -0.126058 -2.810717 -7.349804 1.651474 -2.359299 -9.026133 9.174673 -4.409796 -6.698655 -9.891521 11.468091 -13.841843 13.126436 -11.508251 19.465460 17.589361 -13.806838 -4.325243 4.381804
-0.315749 28.910753 -15.593801 13.186647 5.689531 2.482874 -4.924881 -1.448915 -14.287532 -12.554317 4.900938 0.552763 -2.643862 -7.182809 1.284765 -1.701591 -8.879044 8.658768 -5.085907 -6.484017 -8.651727 11.840662 -14.549979 13.176326 -11.508469 17.794439 16.994038 -12.964453 -4.989750 5.526701
-0.602902 29.911789 -14.988195 11.555408 4.349006 3.452704 -6.130263 -1.362572 -14.191808 -12.760715 5.338904 0.974592 -3.273278 -7.596764 0.503673 -1.791601 -8.609438 7.669146 -5.356202 -6.723412 -7.853767 11.758430 -14.918463 13.414401 -11.598513 15.616726 17.834192 -12.456036 -6.944027 7.518195
-0.354846 30.125156 -14.840399 11.338011 2.210770 4.537807 -6.925097 -0.634860 -14.589801 -12.503405 5.393155 0.814409 -3.261958 -8.060910 0.480666 -1.972489 -8.367098 7.160407 -5.122788 -6.613311 -6.744478 12.495596 -14.593937 13.040374 -12.457012 15.348740 17.965132 -11.630221 -7.378964 7.831714
0.303664 30.402323 -15.139917 10.621181 0.885465 4.883663 -6.821290 -0.760822 -14.791321 -12.566072 4.971213 -0.326814 -3.181080 -8.143707 0.199394 -2.752842 -7.958322 6.628929 -5.133731 -7.485073 -6.084131 13.636660 -14.024157 11.525762 -13.461580 15.966576 17.734472 -10.962056 -6.852890 6.924625
0.437945 29.984259 -15.125101 10.413540 -0.082345 5.930921 -6.448687 -1.074355 -14.769363 -12.938317 4.987112 -0.979559 -2.112086 -7.876944 0.371039 -2.940671 -7.537178 5.486325 -5.223335 -7.964195 -5.500664 14.187210 -13.356061 10.656821 -14.109735 16.861227 17.684858 -10.464538 -6.240563 5.679236
0.315244 29.500214 -15.412284 9.489040 -0.310472 6.857317 -5.780046 -1.914252 -15.293231 -13.216568 5.306276 -1.073897 -1.487302 -7.411296 0.745397 -2.963511 -7.472157 4.892759 -5.304448 -8.021287 -5.269390 13.928588 -13.237530 10.289356 -13.673232 16.303232 18.090883 -10.489987 -6.878290 3.538732
0.133436 29.901493 -14.809358 9.089540 -1.423637 8.877899 -5.115166 -2.081176 -15.968528 -13.556545 5.548073 -0.535666 -0.920934 -7.280289 1.303757 -2.400818 -7.149930 4.924145 -5.219361 -8.005654 -4.656590 14.530430 -12.812178 10.155940 -13.671660 16.114733 17.769226 -10.089656 -7.621830 2.669885
-0.187351 30.761106 -14.078960 8.515936 -1.045763 8.897617 -4.686406 -2.108965 -16.698565 -13.484097 5.807730 0.410210 -0.738899 -6.887829 1.845432 -1.991397 -7.126000 4.963264 -4.874523 -7.826727 -4.342675 15.573176 -13.022107 9.855857 -13.915405 15.306531 17.215248 -9.837043 -8.412529 2.527025
-0.608418 31.145155 -14.159003 7.234325 -1.082279 8.738965 -4.333581 -2.502492 -17.331253 -13.583112 5.807024 1.160905 -0.877304 -7.002113 2.530766 -1.520337 -7.135256 5.440905 -4.255304 -7.862728 -4.162735 16.972490 -13.012311 8.868148 -14.946774 14.321864 16.871147 -9.547310 -9.032794 3.090755
-0.791144 31.310894 -13.915785 6.545352 -1.277545 8.600249 -4.481129 -2.546687 -17.672655 -13.523237 5.840146 1.090548 -0.694043 -6.830706 2.978306 -1.498539 -6.889790 5.201338 -4.048009 -8.252275 -4.409568 17.434031 -12.864742 8.153567 -15.369859 13.947357 16.885042 -9.509330 -9.438469 3.529431
-0.741293 31.379162 -13.888900 6.650526 -1.150937 8.489823 -4.539711 -2.496327 -17.531193 -13.531791 5.805851 1.150056 -0.760814 -6.880213 2.989111 -1.496448 -6.865953 5.200955 -3.942140 -8.265724 -4.344492 17.381289 -12.855372 8.168079 -15.299227 13.990182 16.962214 -9.468391 -9.485605 3.504814
-0.783358 31.379963 -13.760213 6.290943 -1.171682 8.449943 -4.531885 -2.514411 -17.737616 -13.634222 5.812599 1.111155 -0.674874 -6.852177 3.072214 -1.464799 -6.810825 5.205349 -3.965240 -8.320717 -4.304862 17.566856 -12.875642 8.027411 -15.449885 13.861082 16.865103 -9.421331 -9.553512 3.344207
-0.818875 31.398624 -13.802411 6.276712 -1.221995 8.504543 -4.509788 -2.544557 -17.780832 -13.620255 5.812843 1.128291 -0.684123 -6.853017 3.083210 -1.456368 -6.805759 5.176703 -3.954817 -8.325982 -4.340513 17.694357 -12.857394 8.051614 -15.473202 13.892518 16.791887 -9.428760 -9.573549 3.350384
-0.814092 31.336372 -13.791958 6.275150 -1.218096 8.487668 -4.527274 -2.520725 -17.769407 -13.649487 5.799226 1.060157 -0.703952 -6.886844 3.082216 -1.446808 -6.816423 5.232708 -3.992851 -8.323757 -4.324400 17.749838 -12.841529 8.033519 -15.510285 13.873120 16.762243 -9.416245 -9.593501 3.386886
-0.772967 31.201803 -13.787485 6.268043 -1.141723 8.461687 -4.685863 -2.329173 -17.572985 -13.808162 5.798030 1.067236 -0.716960 -6.882734 3.104712 -1.462168 -6.804346 5.190433 -3.969549 -8.386467 -4.209214 17.535337 -12.840617 8.002542 -15.538863 13.725716 16.897802 -9.563309 -9.418598 3.372824
-0.730062 31.338673 -13.789997 6.495205 -1.026390 8.386327 -4.594829 -2.453223 -17.533054 -13.635798 5.785277 1.239096 -0.797938 -6.855546 3.065749 -1.458749 -6.890939 5.269526 -3.878831 -8.289211 -4.432558 17.268694 -12.828430 8.048537 -15.362911 13.884413 17.048538 -9.606387 -9.450590 3.367397
-0.786523 31.345264 -13.751580 6.245250 -1.184089 8.454224 -4.612146 -2.440119 -17.703173 -13.664570 5.801375 1.069730 -0.765617 -6.874358 3.067527 -1.465276 -6.850377 5.217611 -3.967009 -8.332109 -4.359848 17.715837 -13.259711 8.164498 -15.471571 13.885473 16.874256 -9.546130 -9.494488 3.142073
-0.685640 31.297924 -13.712193 6.282278 -1.140882 8.420037 -4.643711 -2.367868 -17.614153 -13.754570 5.785883 1.179981 -0.760232 -6.870030 3.103261 -1.437594 -6.813862 5.251282 -3.904070 -8.342702 -4.385599 17.632452 -12.840922 8.054074 -15.429488 13.917204 16.839521 -9.447006 -9.588711 3.363166
-0.664897 31.310303 -13.737008 6.309799 -0.955456 8.384987 -4.585754 -2.360060 -17.571541 -13.840096 5.763745 1.231844 -0.724066 -6.885578 3.152837 -1.405039 -6.801692 5.251330 -3.798789 -8.355763 -4.350389 17.477798 -12.821162 8.021002 -15.451997 13.800179 16.974371 -9.593794 -9.478289 3.300623
-2.126079 27.498819 -12.141335 2.751619 -5.579944 8.309367 -11.428387 2.100318 -15.953452 -15.814984 5.000649 -1.574939 2.321799 -6.720891 3.872902 -2.880198 -5.621440 3.468131 -3.223897 -8.147979 0.701017 17.649477 -12.117461 10.480214 -15.767134 12.943558 13.539723 -9.230479 -8.832664 1.184641
0.566504 19.594421 -13.058416 2.143329 -9.510197 11.513997 -20.119511 7.633440 -10.629661 -21.127920 6.035390 -5.189396 6.556816 -6.858600 4.617153 -2.682253 -4.729445 -0.553897 -4.288287 -4.635710 8.008654 16.958910 -9.616446 13.245088 -16.369949 7.898997 9.336987 -9.144114 -10.551744 -0.634488
-0.760436 21.271870 -11.627896 0.720990 -10.206076 10.121753 -16.929150 7.271805 -12.085454 -20.429878 5.337114 -2.785599 7.184843 -6.396061 4.027793 -4.439815 -4.183506 1.147379 -2.402453 -6.530946 5.940693 16.778614 -8.348801 11.948617 -16.326925 9.593046 9.881285 -9.653220 -9.865467 -1.106844
-1.613461 19.713390 -13.305896 0.022908 -9.040099 9.313106 -16.307007 6.642905 -10.697189 -21.456835 5.721160 -2.125788 6.944978 -5.535716 4.400518 -4.310023 -4.353953 2.301346 -2.904317 -6.807525 4.823367 14.988615 -1.638968 9.782504 -14.857873 9.402754 8.223950 -9.833479 -11.720432 -1.015458
-1.682375 18.287331 -13.969477 -0.689228 -6.994147 9.489543 -14.957538 6.004559 -10.604302 -22.718084 6.200343 -1.650553 6.926150 -4.833889 4.952796 -3.632824 -4.456469 3.082270 -3.440553 -6.670385 3.817065 15.927263 -1.451246 8.835774 -14.304098 8.651451 8.386240 -10.073214 -13.983023 -2.750605
-1.241493 17.786747 -13.922405 -0.687869 -5.875258 10.277444 -15.155477 6.188905 -11.450191 -23.135632 6.361873 -1.421920 6.706639 -4.571519 5.176377 -3.327778 -4.582806 3.343239 -3.548000 -6.510008 3.671643 16.181131 -2.326576 8.964823 -14.383935 8.006836 9.154289 -10.134355 -14.249302 -3.275868
-1.260988 17.821793 -13.789924 -0.693751 -5.954786 10.253475 -15.120746 6.088249 -11.289561 -23.124994 6.336804 -1.471300 6.752382 -4.607688 5.127794 -3.400809 -4.579449 3.304842 -3.513264 -6.466052 3.484205 16.173634 -2.239753 8.749270 -14.315231 8.012353 9.100064 -9.830752 -14.416470 -2.886598
-1.210111 17.659542 -13.972283 -0.510380 -5.642190 10.268815 -14.970113 6.017057 -11.254045 -23.230753 6.324704 -1.360898 6.638463 -4.583646 5.048464 -3.409259 -4.642294 3.371368 -3.499146 -6.453555 3.444148 16.271635 -2.107823 8.796667 -14.182300 7.973070 9.121083 -9.786654 -14.630432 -2.945438
-1.205644 17.676432 -13.905316 -0.521916 -5.727818 10.246595 -15.219377 6.042339 -11.140285 -23.180038 6.325843 -1.363135 6.655665 -4.590592 5.067255 -3.355732 -4.630702 3.355767 -3.518433 -6.536328 3.511299 16.159548 -2.250076 8.808709 -14.288572 7.948912 9.182287 -9.821258 -14.425247 -2.929173
-1.355103 17.753643 -13.893542 -0.530041 -5.814804 10.183724 -15.006841 5.950019 -11.195409 -23.067812 6.321333 -1.369780 6.680102 -4.618305 5.079862 -3.368083 -4.601754 3.303809 -3.470873 -6.409297 3.505268 16.252874 -2.200459 8.820350 -14.295354 7.820449 9.103358 -9.840856 -14.525593 -2.924197
-1.381514 17.947739 -13.692926 -0.618972 -5.986745 10.632974 -14.869194 5.966006 -11.221093 -23.217653 6.300266 -1.411841 6.624360 -4.667313 5.061892 -3.392232 -4.647865 3.304979 -3.471462 -6.448995 3.817088 16.588299 -2.292188 8.972544 -14.486525 7.795333 8.860828 -9.927115 -14.433311 -3.029348
-1.267880 17.417938 -14.071611 -0.455640 -5.198002 10.076261 -14.871117 5.982476 -10.949247 -23.276125 6.356320 -1.217554 6.489635 -4.454414 5.080598 -3.373075 -4.683843 3.507631 -3.497769 -6.345285 3.597557 16.288351 -2.177555 8.814221 -14.263611 7.519051 9.231025 -9.832505 -14.674179 -3.071190
-1.370128 17.755737 -13.750219 -0.631574 -5.917045 10.756900 -14.844080 5.963092 -11.243013 -23.289415 6.312860 -1.415489 6.660041 -4.596365 5.128860 -3.431430 -4.611407 3.327361 -3.434585 -6.395281 3.692324 16.430964 -2.029725 8.942605 -14.348650 7.719370 8.859990 -9.860426 -14.552213 -2.885307
-1.314049 17.717880 -13.839879 -0.561748 -5.801280 10.305053 -15.051517 5.931530 -11.192985 -23.112045 6.314308 -1.349973 6.681406 -4.629103 5.107999 -3.366518 -4.598130 3.341457 -3.449619 -6.377557 3.547141 16.301907 -2.122288 8.842150 -14.282539 7.800716 9.005260 -9.850030 -14.559219 -2.949405
-1.380322 17.729614 -13.782908 -0.566097 -5.801585 10.314701 -14.911168 5.872565 -11.252454 -23.038786 6.307244 -1.350846 6.658731 -4.630094 5.101175 -3.367896 -4.584781 3.349165 -3.444004 -6.362619 3.577358 16.428961 -2.293768 8.891698 -14.367941 7.737158 9.034530 -9.843281 -14.525226 -3.114766
-1.334897 17.923634 -13.655495 -0.613584 -6.037383 10.523497 -14.902873 5.985131 -11.138745 -23.140223 6.295884 -1.415935 6.648780 -4.652697 5.073272 -3.434017 -4.647914 3.256229 -3.405011 -6.431713 3.814728 16.634691 -2.311485 9.091640 -14.452984 7.764080 8.930539 -9.836752 -14.390509 -3.052408
-1.334694 17.303982 -14.041297 -0.501821 -5.112628 10.199502 -14.933701 6.013821 -10.869198 -23.338915 6.315824 -1.161385 6.419108 -4.499187 5.051425 -3.363708 -4.668843 3.417043 -3.438699 -6.265764 3.708396 16.310156 -2.175692 8.848197 -14.327147 7.352189 9.308589 -9.717854 -14.699339 -3.015055
-1.339897 17.515404 -13.768786 -0.412944 -5.786957 10.634428 -14.733467 5.948380 -10.947358 -23.282812 6.310822 -1.255834 6.606718 -4.652164 5.042484 -3.387098 -4.696470 3.276067 -3.425808 -6.311712 3.935409 16.303785 -2.274884 9.036578 -14.373159 7.699577 9.319654 -9.721171 -14.469268 -3.025267
