-3.962018 27.491219 -9.472576 11.002108 1.524177 -11.883700 4.092781 5.353967 9.321377 -20.667574 3.716127 -1.316166 -0.273017 -11.379425 0.670205 -0.034972 -5.329774 7.660327 -4.905994 -5.594564 4.326746 6.329707 7.518387 1.485457 2.543023 23.707367 -0.479238 -24.515989 -4.255019 20.033001
-4.489307 27.400818 -9.575681 11.093467 1.074813 -12.485562 4.770263 5.186615 9.900376 -21.018740 3.748763 -1.321187 -0.273814 -11.397569 0.581617 -0.041221 -5.354970 7.665432 -4.934946 -5.544952 4.705418 6.334742 7.498279 1.061303 2.975494 23.913591 -0.457776 -24.796257 -4.287088 20.185947
-5.657991 24.933311 -10.723797 10.526785 -1.944080 -9.574366 3.302706 5.192119 10.104907 -21.329607 4.456829 -0.796397 0.393333 -10.665827 1.241160 0.273696 -5.509659 6.852231 -4.849530 -5.309980 5.615983 5.613839 7.113248 1.821968 4.166331 22.908693 0.634587 -23.294195 -6.237671 19.549213
-4.784011 26.066555 -9.754363 10.738209 -0.865078 -10.112212 4.413402 5.428259 9.878628 -21.737188 4.199683 -1.069553 0.125825 -10.861573 0.833562 0.023467 -5.679278 7.298341 -5.000497 -5.271434 5.412907 6.569410 7.402689 1.535482 3.770900 23.437433 -0.261918 -23.820749 -5.814128 19.809555
-5.044852 25.218718 -10.112144 9.868091 -2.687442 -7.712493 4.769640 4.954185 9.394163 -22.337381 4.509398 -0.634115 0.411810 -10.347752 1.083716 0.171722 -5.954835 7.097313 -5.079870 -5.198812 6.296242 7.339840 7.246980 2.689958 4.700513 23.336145 -0.427390 -22.762196 -7.389143 19.461948
-5.209897 24.147678 -10.378916 9.437718 -4.252058 -6.070600 4.843947 5.119730 8.996194 -22.908461 4.869980 -0.218563 0.838628 -9.727044 1.504483 0.383604 -6.296525 7.091823 -5.128335 -4.784793 6.948060 8.040470 7.334604 3.074499 5.174957 22.918016 -0.501496 -22.064974 -8.708443 18.874788
-5.370720 23.620129 -10.412994 9.186852 -5.127554 -4.769576 5.307013 4.960932 8.687814 -23.305527 5.153067 0.312424 0.985297 -9.391340 1.774718 0.623366 -6.586083 7.169142 -5.119364 -4.414165 7.549649 8.964988 7.363116 3.776483 5.657944 23.056419 -1.136996 -21.651060 -9.590490 18.176579
-4.990789 23.119219 -10.327285 9.251503 -5.438652 -3.545779 6.413864 4.820553 8.460447 -24.062878 5.312512 0.735604 1.010273 -9.182060 2.020729 0.888751 -6.817563 7.512870 -5.087355 -4.174197 8.242440 9.749712 7.379103 4.056069 5.818495 22.865120 -1.728551 -21.082359 -10.501795 17.669649
-4.517588 22.452740 -10.375892 9.327682 -5.962209 -2.415253 7.267275 4.837306 8.448964 -24.844034 5.527903 0.988882 1.045066 -8.923225 2.138697 0.967419 -7.132778 7.537580 -5.149593 -3.960454 8.919317 9.773861 7.528013 4.721911 6.505569 22.718687 -1.770417 -20.373102 -11.535109 17.276398
-4.077485 21.929535 -10.348127 9.413092 -6.094879 -1.761108 7.933018 4.751858 8.508290 -25.457254 5.611339 1.277190 0.705084 -8.819580 2.030034 0.930474 -7.493826 7.713573 -5.165186 -3.871874 9.224309 9.819487 7.539747 5.128636 7.020185 22.423540 -1.708533 -19.951918 -12.254023 17.108536
-3.066572 21.044819 -10.460235 9.795805 -5.662450 -1.076437 8.686996 4.611821 9.167615 -26.504725 5.669453 1.080566 0.484592 -8.598961 1.603483 0.382051 -7.999446 7.260789 -5.280451 -3.761822 9.687334 9.010427 7.390493 5.961537 8.065145 22.068731 -1.114416 -19.242643 -13.076832 17.397617
-2.588791 20.367365 -10.745124 10.164702 -4.749350 -1.426344 8.800135 4.538083 10.013433 -27.120943 5.667289 0.738583 0.332607 -8.537607 1.135459 -0.092074 -8.345007 6.846488 -5.458458 -3.777117 10.193699 7.936403 7.150480 6.785884 8.736190 21.837103 -0.398678 -18.704397 -13.295805 17.997095
-1.960488 19.166162 -11.030694 10.396040 -3.941717 -1.972808 8.441698 4.745642 11.126517 -27.885046 5.655818 0.133543 0.516890 -8.642422 0.484499 -0.547922 -8.713676 6.323159 -5.753342 -3.403638 10.732841 6.933570 7.080430 7.308990 9.105266 21.534445 0.480793 -17.983988 -13.368546 18.866697
-1.487162 18.348442 -11.363469 10.599699 -2.270670 -3.469795 8.108185 4.863657 12.290374 -28.531384 5.580709 -0.445963 0.788170 -8.635982 0.012512 -0.925642 -8.852432 5.918524 -6.025338 -3.210342 11.161893 5.957318 6.886535 7.855808 9.959775 21.561491 1.620487 -16.982161 -13.791462 19.112946
-1.335924 17.960346 -11.320187 10.284497 -0.807629 -4.921349 7.431713 5.164200 13.107677 -28.973295 5.561574 -0.957338 1.221266 -8.806198 -0.347813 -1.055858 -8.809990 5.510930 -6.325798 -2.834573 11.711641 4.952717 6.842543 8.103125 10.633235 21.512964 2.731147 -15.924598 -14.187036 19.275698
-1.378848 17.824116 -11.224570 9.817863 0.436234 -6.538994 6.725900 5.732591 13.749695 -29.209930 5.559297 -1.669644 1.941717 -8.875633 -0.339362 -1.091444 -8.657347 5.254789 -6.606066 -2.433565 11.902259 4.549433 6.650615 8.490010 11.303577 21.897057 3.522276 -15.004479 -14.749280 19.341681
-1.516192 17.881809 -11.320308 9.172132 1.380209 -8.024615 5.743188 6.129829 14.160810 -29.102098 5.573153 -2.122979 2.667325 -8.963551 -0.246949 -0.931009 -8.442904 5.191657 -6.786064 -1.950493 11.870297 3.994392 6.547539 8.593907 12.035823 22.283901 4.571308 -14.144727 -15.238764 19.159084
-1.862619 18.127029 -11.655738 8.806673 2.268396 -9.525895 4.856762 6.470547 14.550207 -28.809141 5.496594 -2.639839 3.089924 -9.091100 -0.004998 -0.809992 -8.147373 5.445008 -6.852513 -1.549684 11.856210 3.367778 6.694126 8.767457 12.690067 22.566370 5.291068 -13.376280 -15.677757 18.960464
-2.568853 18.348553 -11.577279 8.509466 3.400780 -10.664517 4.751016 6.557494 14.603105 -28.685011 5.392835 -2.907007 3.632147 -9.245211 0.237500 -0.662521 -7.811877 5.764792 -6.793303 -0.981505 11.575501 2.332735 6.716467 8.731406 13.242981 22.546999 6.238815 -13.183948 -16.002983 18.578321
-3.377898 18.855438 -11.361811 8.531634 4.131701 -11.771245 4.140285 6.734091 14.818728 -28.186480 5.197527 -3.130110 3.907520 -9.438490 0.427246 -0.561965 -7.554360 6.211226 -6.731287 -0.694407 11.199895 1.294547 6.785114 8.751091 13.776423 22.524229 6.806954 -13.118482 -16.248283 18.420116
-3.751082 18.943378 -11.315259 8.279882 4.269030 -12.044320 4.230567 6.527715 14.539561 -27.987326 5.228424 -3.177916 4.039570 -9.432468 0.463038 -0.570000 -7.450134 6.303735 -6.816854 -0.506139 11.147836 0.709794 6.786248 8.789587 14.082500 22.486917 7.003518 -12.999485 -16.257708 18.148706
-3.804075 19.135422 -11.297122 8.215809 4.431441 -12.179628 4.297037 6.430535 14.417138 -27.882158 5.177682 -3.070959 3.899725 -9.436911 0.464912 -0.574098 -7.463846 6.430276 -6.761993 -0.581331 11.109385 0.599657 6.654154 8.862720 14.169691 22.385677 7.147058 -13.013140 -16.289667 18.152573
-2.305163 18.508053 -12.907799 8.559189 1.399033 -9.590806 4.992788 4.878677 13.932061 -27.509226 5.453862 -2.423441 2.782370 -8.900167 0.030622 -1.129171 -8.201044 5.427184 -6.563406 -2.124131 10.616773 2.868225 7.013489 6.819665 12.039513 22.252592 6.609754 -13.662274 -15.233365 19.119507
-1.902306 20.986439 -14.290855 7.610920 -3.405421 -6.815526 5.830976 2.586559 10.753309 -24.857552 5.575865 -0.349470 0.292675 -8.031604 0.498308 -1.757222 -8.810776 4.986671 -5.330043 -5.070774 8.812098 5.299181 8.048663 1.940103 8.096001 21.080055 5.311600 -16.052446 -14.276681 18.611692
-1.956183 22.333931 -14.420483 6.066325 -5.460723 -6.899557 3.623473 3.249012 10.026245 -23.891256 5.703113 -0.198585 0.492024 -7.871405 0.924899 -1.770993 -8.523384 4.829605 -5.029338 -5.297853 8.217525 5.316940 8.931623 0.305202 6.888555 20.859800 5.156549 -17.185045 -14.052937 17.394512
-2.469066 23.216190 -14.874700 5.012002 -7.500430 -6.734590 1.159211 3.948756 9.602539 -23.039179 5.818640 -0.064378 0.794723 -7.635564 1.087394 -1.736327 -8.252319 4.357884 -4.935295 -5.489803 7.710732 4.552574 9.478086 -0.995877 6.320344 21.063978 5.302743 -17.771790 -13.885096 15.816886
-3.441374 23.546906 -14.908697 4.580778 -8.473253 -6.842123 -0.009529 3.965251 9.040738 -22.208937 5.889323 0.248999 0.865281 -7.550080 1.274492 -1.722561 -7.866531 4.082121 -4.702806 -5.641519 7.633671 3.773858 9.189770 -1.626594 5.856339 20.596598 5.938800 -18.073851 -13.401674 15.743597
-4.470983 24.305206 -14.418120 3.583932 -9.686219 -6.664783 -1.276329 3.655109 8.048349 -21.059217 5.912426 0.601561 0.517708 -7.599164 1.069162 -1.812247 -7.566232 3.506011 -4.527902 -5.929195 7.314734 2.962916 8.697946 -2.559788 5.282320 19.329443 6.970333 -18.604490 -12.827898 16.632465
-4.853722 25.641659 -14.508268 3.369746 -11.317457 -4.848804 -1.140141 1.992476 7.018254 -19.740013 6.122530 1.637195 -0.026847 -7.960948 0.956414 -1.392085 -7.329512 2.884221 -4.253173 -6.504050 7.630353 1.870369 8.323033 -3.468678 4.073380 17.642160 7.822976 -19.478769 -12.228127 18.094593
-5.319620 26.201254 -14.249513 2.104357 -13.973310 -2.377012 -0.700716 1.062788 5.560683 -19.238014 6.252759 2.217914 -0.275260 -8.040461 1.399369 -1.025489 -6.795707 2.630244 -3.915971 -6.937618 7.601171 1.019212 8.448432 -3.803818 3.618562 16.626163 8.429456 -20.007341 -12.264486 18.753330
-5.338887 26.240980 -14.229937 2.044033 -13.980768 -2.386678 -0.671713 1.059510 5.544124 -19.241575 6.240713 2.207687 -0.256430 -8.066674 1.404546 -1.020456 -6.811911 2.639777 -3.910866 -6.907992 7.575607 0.962856 8.468340 -3.793775 3.622800 16.623308 8.409406 -20.061773 -12.243857 18.727755
-5.338294 26.157814 -14.181621 1.994122 -13.896652 -2.421202 -0.717533 1.151370 5.560492 -19.340963 6.235313 2.197491 -0.233346 -8.048441 1.395657 -1.025230 -6.831210 2.649160 -3.920340 -6.876293 7.563962 0.980556 8.444886 -3.657967 3.709194 16.737284 8.379845 -20.045622 -12.241553 18.719208
-5.302480 26.104067 -14.185589 2.100271 -13.809765 -2.399405 -0.630332 1.168408 5.549263 -19.365084 6.216526 2.149117 -0.220978 -8.057124 1.343762 -1.055625 -6.885189 2.668354 -3.949038 -6.827816 7.606951 1.213960 8.319698 -3.639712 3.673525 16.752447 8.344045 -20.052448 -12.220272 18.566051
-5.271132 26.087486 -14.096722 2.077643 -13.762261 -2.489374 -0.623850 1.297703 5.561388 -19.450315 6.213058 2.203499 -0.247750 -8.079583 1.333021 -1.005270 -6.898545 2.736555 -3.964748 -6.798313 7.603865 1.184700 8.321602 -3.646326 3.631396 16.719336 8.343598 -20.052301 -12.200222 18.667227
-5.266434 26.015522 -14.120807 2.002367 -13.813879 -2.454302 -0.711599 1.298073 5.550199 -19.483965 6.217398 2.205754 -0.258117 -8.069311 1.287168 -1.022316 -6.904838 2.762942 -3.999280 -6.784072 7.606968 1.188831 8.306643 -3.703815 3.604426 16.726784 8.430465 -19.986471 -12.190969 18.785980
-5.314261 26.090590 -14.112305 2.064649 -13.685234 -2.561944 -0.603440 1.284207 5.540103 -19.426359 6.202499 2.181372 -0.248212 -8.084540 1.316003 -1.012682 -6.901845 2.773665 -3.983652 -6.775329 7.553630 1.180788 8.297605 -3.650574 3.605726 16.776495 8.346368 -20.087107 -12.144610 18.744843
-5.186788 26.054020 -14.106071 2.000440 -13.670259 -2.564277 -0.852684 1.406106 5.516316 -19.474854 6.199093 2.189125 -0.299269 -8.097960 1.280992 -1.020834 -6.908699 2.768979 -3.998823 -6.790432 7.571898 1.138509 8.306668 -3.656590 3.633633 16.787476 8.442729 -20.016447 -12.170180 18.814537
-5.200026 26.140070 -14.116744 2.141724 -13.545564 -2.573923 -0.580570 1.296227 5.540895 -19.457617 6.209564 2.160053 -0.294814 -8.069586 1.308367 -1.003255 -6.911821 2.795174 -4.014254 -6.776920 7.539475 1.125847 8.278123 -3.654847 3.603889 16.774731 8.432167 -20.054310 -12.167830 18.915922
-5.205909 26.031759 -14.181870 2.156977 -13.641088 -2.497847 -0.800025 1.325589 5.593711 -19.460333 6.212344 2.204724 -0.257241 -8.080340 1.312321 -0.986522 -6.919416 2.804193 -3.991331 -6.733917 7.617495 1.146778 8.222167 -3.650283 3.592940 16.737791 8.473334 -20.017221 -12.145262 18.922039
-5.211793 26.134264 -14.257943 2.260550 -13.389625 -2.691088 -0.774203 1.254677 5.655669 -19.354027 6.214310 2.180071 -0.258239 -8.033478 1.358101 -0.989793 -6.924545 2.824136 -3.984369 -6.744339 7.433008 1.060636 8.159599 -3.603204 3.650197 16.821537 8.504864 -20.195948 -12.115496 18.849131
-5.247808 26.149071 -14.262113 2.230148 -13.321410 -2.757790 -0.908432 1.320856 5.721291 -19.382433 6.226994 2.077080 -0.237135 -8.070724 1.300799 -0.985622 -6.965156 2.818733 -4.068232 -6.686900 7.643640 1.113786 8.120742 -3.607230 3.582137 16.723639 8.460257 -20.125341 -12.076235 18.829849
-4.569020 26.348455 -14.121593 2.494393 -12.668245 -2.255401 -1.502929 1.465364 4.969387 -19.305124 6.206563 2.064808 -0.162962 -8.073704 1.323871 -0.963769 -6.901875 2.797101 -4.047770 -6.746549 7.602128 1.133814 8.102883 -3.496167 3.598865 16.829073 8.386010 -20.160021 -12.025831 18.763544
-6.138882 26.026083 -14.186185 0.562273 -14.809570 -1.185818 -1.876489 0.971473 2.856298 -18.372847 6.300100 1.773042 -0.053044 -7.511710 2.242289 -1.251144 -6.281513 2.428506 -3.652056 -7.665898 8.090241 2.309204 8.833732 -4.394409 3.139559 15.786080 7.994995 -20.043234 -13.084877 17.493654
-9.057160 25.136921 -14.207961 -1.493861 -15.559767 -0.948175 0.174692 0.058446 1.390829 -18.571775 5.889767 -0.402885 0.332860 -6.730469 3.628094 -2.967781 -5.567676 2.181048 -2.856656 -8.364405 7.597371 4.159882 9.174262 -5.935818 2.423385 15.714945 7.356513 -20.034357 -13.342449 15.922984
-9.800254 25.331400 -14.055735 -2.535911 -13.983498 -1.164404 -0.530964 0.102399 -0.516939 -18.332285 5.650762 -1.943119 1.192258 -5.994690 4.178038 -3.981143 -5.427662 1.933845 -2.783499 -9.165392 7.064224 4.612150 10.818973 -6.845703 2.299242 15.915527 6.946372 -20.482164 -13.503775 13.170721
-10.135036 25.188313 -15.029443 -4.406620 -12.804006 -1.885712 -2.379141 0.299817 -2.401387 -17.899405 5.498521 -2.335199 1.592843 -5.526673 4.414793 -4.302756 -5.917809 2.199740 -2.801521 -9.760546 5.807693 4.597983 11.956564 -8.020018 2.677450 16.375616 6.777604 -20.940994 -14.379157 10.319911
-10.437698 24.224052 -16.267782 -6.311353 -11.726047 -3.686272 -2.494643 -0.637256 -2.881446 -17.987246 5.296402 -2.595125 2.006759 -5.142740 4.784488 -4.148228 -5.887720 2.906959 -2.989032 -9.817692 4.355156 6.341819 11.075876 -8.657849 2.781217 16.331236 6.469770 -21.597036 -15.699698 7.935761
-10.983426 24.150414 -16.920872 -8.118138 -12.589848 -4.225511 -1.953156 -1.263624 -2.951751 -17.919077 5.387933 -3.195015 2.636726 -4.661296 5.421223 -3.900393 -5.358075 3.501870 -3.513514 -9.995769 4.100525 8.535503 10.931831 -9.116752 2.465774 16.291021 5.125031 -22.208103 -16.287596 5.773055
-11.138169 24.435379 -17.496798 -9.760970 -13.685911 -4.569098 -1.184111 -1.908592 -3.419085 -17.841278 5.616278 -3.480828 2.715206 -4.128626 5.969214 -3.526933 -4.921280 4.286250 -4.175975 -10.295158 3.375043 10.104036 11.287030 -8.819054 2.250818 17.117010 3.332445 -24.040854 -16.621944 2.824951
-11.090426 24.396324 -18.635536 -10.767918 -13.157557 -5.920983 -0.512471 -2.898608 -3.545662 -17.572535 5.892484 -3.574258 3.040826 -3.670225 6.572838 -3.221904 -4.509802 5.096186 -4.675988 -10.591486 1.677684 10.141560 10.721272 -9.178807 2.602418 17.404503 2.553090 -25.791563 -17.058392 1.166496
-10.416846 24.855209 -18.742064 -11.355984 -13.179152 -7.237403 0.233100 -3.929836 -4.069325 -16.994146 5.645498 -3.515365 2.953197 -3.386613 6.781976 -3.185898 -4.065541 5.850937 -4.492436 -10.859182 0.005643 11.149817 10.095131 -9.503105 2.530989 17.574121 1.743165 -26.569227 -17.424053 0.259125
-10.071811 25.791672 -19.428946 -12.200194 -14.012198 -6.928222 0.888062 -5.292861 -4.708750 -16.390879 5.595469 -3.602741 2.781144 -2.920189 7.287546 -3.190986 -3.975066 6.571094 -4.418123 -11.114780 -0.532127 13.604630 9.618119 -9.181809 2.276364 17.324156 0.452814 -26.663509 -18.137354 -0.189978
-10.237155 26.158882 -19.593664 -12.809319 -13.921586 -6.765761 3.303373 -7.212081 -4.934108 -16.300573 5.636370 -3.406501 2.612461 -2.553552 7.573570 -2.959475 -4.003353 7.124900 -4.479028 -11.416694 -0.857901 14.558846 10.188061 -7.978341 2.207906 16.184450 0.972743 -28.449045 -17.014585 -0.141965
-10.452175 26.057583 -19.920509 -13.564763 -12.169056 -7.594737 4.493097 -8.798308 -5.318965 -16.120119 5.909088 -2.299894 2.218548 -2.448874 7.743896 -1.829066 -3.945667 8.029483 -4.768106 -11.362591 -0.760350 11.991951 11.431668 -5.709434 3.102061 15.696231 2.610064 -31.531725 -13.458855 0.537793
-10.566877 26.303905 -21.052113 -13.708193 -9.998928 -9.863801 3.585200 -9.795089 -4.641539 -15.283329 5.888660 -1.703312 1.923287 -2.133421 7.858860 -1.313015 -4.206993 8.780546 -4.949947 -11.482864 -0.853558 13.506721 11.294363 -3.782115 3.425753 16.876543 1.142601 -32.093086 -12.641830 0.781518
-10.634686 25.789577 -22.379276 -14.308236 -8.341049 -11.463888 2.206394 -11.024622 -4.313721 -14.414444 5.694614 -2.474389 1.682574 -1.450947 8.034877 -2.086547 -4.909110 9.487879 -4.951229 -11.774122 -1.434603 17.166862 9.900039 -3.564388 4.045550 17.601643 -1.827015 -30.832058 -14.608678 1.167312
-10.707502 25.565807 -22.915270 -14.406823 -7.680006 -12.512862 1.712915 -11.215146 -3.663061 -14.373276 5.630691 -2.738865 1.821188 -1.305646 8.122094 -2.164813 -5.077771 9.611696 -4.908147 -11.701365 -0.877290 18.038748 9.759128 -2.748862 4.526104 17.754671 -1.971864 -30.342169 -14.758658 1.722976
-10.993167 25.883909 -23.249796 -13.367243 -7.352508 -11.751998 2.970918 -11.026336 -3.686587 -14.886329 5.597228 -2.288451 2.076724 -1.600001 7.959295 -1.961856 -5.156279 8.987064 -4.637854 -11.303570 -0.730052 15.744747 10.221935 -2.799221 4.566024 17.991180 -0.327444 -30.585321 -14.346776 0.876000
-11.129872 25.702042 -22.939022 -12.560810 -6.809636 -11.520504 3.264635 -10.952538 -3.715200 -14.928752 5.449136 -2.500720 2.227082 -1.579012 7.969704 -2.115137 -5.423317 8.829275 -4.372154 -10.956735 -0.308862 14.033486 10.480395 -2.126034 5.240456 17.951862 -0.406822 -30.353743 -13.897047 1.583829
-11.201356 25.602161 -22.876062 -12.631350 -6.036424 -11.625833 3.801625 -10.836301 -3.653976 -15.220019 5.340436 -2.760902 2.525537 -1.525492 8.313136 -2.269534 -5.403516 8.986679 -4.219309 -10.899403 0.364984 13.839357 10.508048 -1.646420 5.495027 17.758837 -0.525749 -29.818260 -13.959766 2.134282
