1.976985 25.746960 -10.489120 2.948722 4.486776 -4.401675 10.947351 14.206728 19.844408 -3.843256 3.711177 -1.326668 -0.259252 -11.381548 0.663313 -0.036461 -5.324319 7.649280 -4.905016 -5.586616 6.247437 12.971786 -16.000643 1.834672 0.896101 22.694872 8.706296 -22.065271 -3.770153 12.659081
1.538486 25.676785 -10.596559 2.975526 4.127501 -4.911080 11.741494 14.112914 20.535780 -3.980344 3.744041 -1.310473 -0.270377 -11.385746 0.594651 -0.038876 -5.359480 7.659759 -4.933101 -5.548537 6.607836 13.061958 -16.444668 1.458620 1.353427 22.888302 8.932634 -22.301718 -3.847981 12.673470
1.407942 25.229492 -13.953019 -1.037320 -1.552014 0.057724 11.593144 9.589305 18.199923 -2.808406 5.126167 0.071142 -0.333678 -8.000046 1.998511 -0.870816 -8.048334 6.085351 -4.360312 -6.492571 5.413260 9.021003 -16.094437 0.800597 4.291152 19.680235 15.159957 -20.088705 -9.797684 10.798099
0.998938 26.682335 -13.653201 -4.983008 2.343730 -4.060585 12.613980 8.436584 17.207125 -3.618140 5.477685 1.087441 -2.994419 -7.239611 1.016106 -1.857297 -8.695841 7.120028 -5.017447 -7.128728 1.387590 8.199084 -16.346226 -1.706322 4.691632 19.044180 17.162306 -21.264307 -11.610896 11.574900
0.481591 28.624065 -14.345680 -7.673227 2.625885 -6.184179 11.603263 7.395207 16.762230 -2.569587 5.063176 0.218969 -4.286051 -7.214653 0.135079 -3.320198 -8.306190 6.752766 -5.038713 -8.198589 0.149578 7.708868 -15.953406 -4.135017 4.230543 18.713182 19.403437 -20.649183 -11.942076 12.346461
0.598472 28.915459 -15.285926 -9.128633 2.127192 -7.106505 11.856578 6.163858 15.770343 -1.639978 4.768921 -0.125387 -4.799524 -6.857215 0.299152 -4.182057 -8.162859 6.597470 -4.759436 -9.256747 -0.976870 8.498884 -15.567220 -6.000971 3.884625 18.684378 20.292459 -20.548105 -12.367087 10.869227
0.246164 27.512531 -16.492720 -9.625003 3.629061 -7.223120 13.413883 5.287048 15.287220 -2.520339 4.782616 0.495213 -4.466628 -6.355322 1.326021 -3.502951 -8.627634 7.585557 -4.493397 -9.344488 -2.370721 10.556457 -15.161733 -8.069945 3.610951 19.639011 20.134460 -20.263742 -13.237577 9.005603
-0.551453 26.847336 -16.880272 -10.144001 4.449707 -7.183653 14.138242 4.966123 15.167064 -3.071674 4.951718 0.750322 -4.058623 -6.015720 1.569901 -3.107957 -8.926964 7.825408 -4.569757 -9.207708 -3.403234 11.195868 -15.084231 -8.885591 3.806986 20.418425 20.166418 -20.188869 -13.754222 7.784379
-1.084462 27.370848 -16.605293 -10.806151 4.402360 -7.235427 14.565406 4.666462 14.570507 -2.966971 5.043637 0.749880 -3.886907 -5.744699 1.746146 -3.025235 -8.730623 7.718267 -4.693989 -9.574064 -4.090883 11.316077 -15.120575 -9.328742 3.865986 20.415983 20.087816 -20.407598 -14.269240 6.546224
-1.425111 27.484612 -16.820555 -11.077274 3.817930 -7.040888 14.499288 4.221399 13.983130 -2.360212 5.114608 0.742342 -4.082584 -5.486612 1.811242 -3.244262 -8.457748 7.557048 -4.749774 -10.027096 -4.541970 11.426548 -15.122669 -9.650392 3.579614 20.297892 20.102324 -21.009375 -14.147728 5.786278
-1.936426 27.813883 -16.910517 -11.600025 3.367205 -7.144688 14.352823 3.759084 13.193057 -1.567534 5.077751 0.385879 -4.162960 -5.293532 2.013040 -3.411384 -8.159405 7.877339 -4.802366 -10.278162 -4.818619 11.135014 -14.927527 -9.483448 3.537750 20.425810 20.004004 -21.962057 -13.439981 4.478342
-1.992272 27.903816 -16.707712 -12.333828 3.640945 -7.631122 14.156268 3.923739 12.913942 -1.518841 4.990900 0.209444 -4.237173 -5.269147 2.121064 -3.427796 -8.083649 8.067986 -4.841454 -10.413383 -4.732453 10.550647 -14.707040 -9.377902 3.586968 20.463535 20.465902 -22.544687 -12.622130 3.741410
-2.143322 27.846626 -16.481222 -12.627274 4.295477 -8.295875 14.694731 4.096036 12.432462 -1.615765 4.772905 0.042089 -4.243120 -5.382077 2.335664 -3.328977 -8.185009 8.554279 -4.618120 -10.356012 -5.317014 10.311037 -14.642422 -8.941032 3.913102 21.086264 20.371733 -22.952126 -12.505280 3.197109
-2.030388 28.999474 -16.402964 -12.653393 4.079292 -8.239158 15.851474 3.179828 11.488451 -1.021796 4.704711 -0.352981 -3.932480 -5.081798 2.745303 -3.365784 -7.946523 8.604826 -4.568661 -10.646920 -5.597853 11.659243 -14.904113 -8.632857 4.408549 21.229908 19.387098 -23.030134 -13.638405 2.306195
-1.658931 29.893143 -17.306545 -12.613946 3.712988 -8.905839 15.785356 2.024545 11.057308 0.327676 4.617043 -0.579445 -4.055436 -5.008755 3.042559 -3.307819 -7.679855 9.094527 -4.704610 -11.006741 -6.302356 13.578715 -15.283000 -8.690219 4.646180 21.224051 18.415953 -22.716639 -14.910275 2.366185
-1.865021 29.751503 -18.017298 -12.654485 3.467438 -9.294805 15.446443 1.551587 10.955457 0.952253 4.548860 -0.749226 -4.056572 -4.808972 3.267867 -3.313456 -7.507694 9.325802 -4.728592 -11.267750 -7.112845 14.998521 -15.461667 -9.000506 4.759743 21.561262 17.714483 -22.400778 -15.667910 2.075276
-1.938246 29.822649 -17.924744 -12.819023 3.370203 -9.207172 15.515504 1.491704 10.825315 0.946404 4.541499 -0.735688 -4.081335 -4.844732 3.251384 -3.336119 -7.486874 9.286448 -4.712698 -11.325384 -7.143997 15.176147 -15.445481 -9.123163 4.764694 21.527388 17.518234 -22.411837 -15.735640 1.869259
-1.891924 29.810490 -18.071997 -12.729403 3.355623 -9.061471 15.591311 1.318759 10.883470 0.924356 4.544665 -0.791193 -4.083179 -4.869813 3.321176 -3.352865 -7.452424 9.323232 -4.703937 -11.363070 -6.971572 14.798884 -15.420194 -9.187003 4.688149 21.246672 17.727236 -22.505350 -15.646850 1.970718
-2.160858 29.791245 -17.921785 -12.597713 3.348262 -8.672911 15.767963 1.356593 10.812955 0.769556 4.552931 -0.799761 -4.053396 -4.829524 3.258299 -3.385300 -7.554616 9.298531 -4.712435 -11.255819 -6.941044 14.354422 -15.345808 -9.188388 4.592731 21.094179 17.712954 -22.814896 -15.528414 1.747642
-2.348531 29.904671 -17.633869 -12.796476 3.321688 -8.438921 15.996938 1.479668 10.727597 0.620514 4.566510 -0.752722 -4.093050 -4.934687 3.180252 -3.420837 -7.614062 9.216434 -4.622101 -11.193899 -6.705339 14.080192 -16.571747 -8.729829 4.575163 21.106264 18.462082 -22.979578 -15.161301 1.292121
-2.659065 29.828335 -17.404341 -12.817459 3.218275 -8.235285 16.076561 1.667909 10.521602 0.528240 4.547980 -0.820269 -4.015153 -4.857664 3.210261 -3.568773 -7.599585 9.026166 -4.501146 -11.223301 -6.568110 13.761330 -16.545225 -8.778087 4.549222 20.897444 18.539255 -23.011509 -15.171007 1.297877
-2.630715 29.825863 -17.314709 -12.743909 3.289828 -8.235857 16.146400 1.782453 10.534111 0.459599 4.552648 -0.858146 -3.974844 -4.892162 3.172886 -3.555591 -7.593022 8.998219 -4.543747 -11.194443 -6.540316 13.745668 -16.523405 -8.733405 4.541756 20.925524 18.563316 -23.017002 -15.169810 1.239648
-2.411386 30.210819 -16.651093 -16.397076 -1.563637 -6.137468 15.424542 0.979037 8.097434 1.329955 4.256248 -2.630389 -2.565067 -4.597710 4.387313 -4.288764 -6.441404 8.090197 -3.921627 -11.930443 -4.270019 15.116295 -15.553113 -8.462905 1.839008 19.235378 13.946446 -26.652922 -13.178965 -1.541197
-3.432084 29.888651 -15.757142 -16.724590 -5.258225 -2.179034 16.251791 1.778340 7.169892 0.710071 4.316690 -2.754877 -1.628477 -5.511195 4.630334 -4.082129 -5.451825 7.198797 -3.441709 -11.824448 -2.078251 12.123095 -13.586566 -8.591164 0.309240 18.142090 14.047198 -28.726221 -10.660623 -3.495492
-3.746901 29.035948 -16.090631 -16.341412 -6.123848 -1.033551 15.634879 2.120078 7.358406 0.549559 4.639167 -2.906510 -0.999592 -5.435314 4.718530 -3.816855 -5.172564 6.595496 -3.821913 -11.905506 -0.930473 11.581779 -13.260285 -8.375093 0.169978 17.875830 13.923384 -28.757668 -10.600250 -4.073521
-3.764577 28.777966 -16.066336 -16.425344 -6.239275 -0.902052 15.195103 2.326727 7.593609 0.405628 4.688599 -2.995404 -0.724979 -5.364265 4.772130 -3.735706 -5.151558 6.447717 -3.933784 -11.730240 -0.736102 11.466574 -13.257345 -8.281095 0.093844 17.740122 13.933318 -28.864096 -10.603942 -4.360789
-3.855251 28.731663 -16.074770 -16.420837 -6.286024 -0.837667 15.050632 2.377383 7.610625 0.422624 4.696464 -3.051029 -0.678688 -5.361167 4.775115 -3.804913 -5.117581 6.409803 -3.956722 -11.748111 -0.610642 11.439034 -13.302661 -8.275729 0.170732 17.856491 14.032927 -28.698618 -10.585957 -4.293144
-3.848613 28.738075 -16.083469 -16.437677 -6.294838 -0.873692 15.037037 2.349839 7.597740 0.449756 4.701205 -3.054229 -0.690046 -5.351480 4.775514 -3.809776 -5.113600 6.419569 -3.962353 -11.781133 -0.632647 11.503033 -13.272824 -8.218755 0.224509 17.882074 14.025380 -28.630013 -10.587827 -4.163831
-3.863158 28.726995 -16.108610 -16.375198 -6.354462 -0.867232 15.071554 2.364114 7.596170 0.471512 4.703133 -2.941033 -0.732995 -5.357455 4.724432 -3.787698 -5.099763 6.426102 -3.950784 -11.780126 -0.640912 11.509574 -13.226624 -8.206291 0.217160 17.870749 13.942964 -28.709047 -10.583080 -4.226143
-3.861912 28.721210 -16.109652 -16.391607 -6.359452 -0.863711 15.063901 2.366027 7.600591 0.456413 4.696043 -2.973633 -0.732520 -5.360165 4.735254 -3.793051 -5.090742 6.433484 -3.952308 -11.779078 -0.654440 11.512390 -13.216211 -8.228301 0.200162 17.853376 13.926179 -28.727362 -10.610723 -4.245807
-3.868503 28.735424 -16.091978 -16.381001 -6.348037 -0.886579 15.067781 2.365807 7.603446 0.465856 4.702013 -2.962099 -0.739394 -5.369080 4.730077 -3.788977 -5.087112 6.418742 -3.951452 -11.791920 -0.636556 11.497803 -13.201353 -8.231259 0.215233 17.870176 13.930236 -28.726870 -10.588514 -4.285563
-3.833201 28.691921 -16.087952 -16.386028 -6.369233 -0.885830 15.020333 2.403979 7.597329 0.457884 4.694725 -2.973856 -0.783149 -5.357339 4.732407 -3.783797 -5.111376 6.444197 -3.955823 -11.813627 -0.644159 11.530991 -13.219586 -8.257077 0.211539 17.864347 13.962342 -28.643028 -10.613335 -4.177232
-3.804269 28.327782 -16.316252 -15.721130 -6.551921 -0.349405 14.305902 2.601308 7.815344 0.473440 4.896677 -2.766323 -0.567948 -5.258186 4.541419 -3.712761 -5.261038 5.985330 -4.115157 -11.637671 -0.302440 11.034824 -13.158512 -8.534184 0.506416 17.638092 14.882550 -27.469101 -10.763861 -3.353387
-4.000206 28.200466 -16.923483 -12.736768 -6.368587 -0.549397 13.226665 2.991005 9.992026 0.851817 5.438766 -1.502364 -1.309718 -5.045802 3.444540 -3.755210 -6.058448 5.195592 -4.525115 -11.004215 0.630246 10.548077 -13.802436 -8.471292 1.636562 18.306385 17.497301 -23.769794 -12.108546 -1.069175
-3.855049 28.227301 -17.120989 -12.585251 -6.137165 -0.355328 12.325871 2.716637 10.526216 0.914091 5.500658 -1.501874 -1.659265 -4.784497 3.313547 -4.095945 -6.313703 4.762893 -4.446088 -11.118887 0.439414 10.173436 -13.914804 -8.790568 1.829196 18.257303 18.179745 -23.067564 -12.615047 -0.533001
-4.076754 28.129688 -18.431211 -10.064951 -8.022276 4.053735 10.791709 1.052469 11.439216 2.329076 6.278355 -1.310718 -2.174895 -4.288869 2.770240 -5.650421 -5.712806 1.796355 -4.127180 -11.927195 0.217177 9.516465 -14.562708 -9.592137 1.440574 16.729090 19.164959 -21.658146 -13.518038 3.018930
-2.980438 27.062767 -18.786417 -8.471113 -10.137718 6.239838 9.516246 1.017339 12.552245 2.439649 6.847454 0.549557 -2.582204 -4.556737 2.270039 -4.726162 -5.568163 1.013724 -4.204493 -11.518959 0.563429 9.596848 -14.776509 -10.231038 0.734019 16.547285 19.523384 -21.490803 -12.570059 5.128719
-1.096600 25.494005 -19.227713 -6.546850 -11.051830 6.372391 8.162189 2.524566 13.970695 1.920841 7.056602 2.117527 -2.208275 -4.935805 1.775761 -3.493464 -5.921075 0.779399 -4.181141 -10.836065 2.240564 9.943785 -15.430274 -10.033261 -0.122998 16.199675 20.387251 -20.254904 -11.646612 8.294064
-0.400061 23.186108 -20.610559 -5.285570 -11.623760 6.501309 6.065614 3.937619 15.197691 1.496968 7.287306 3.144072 -1.979122 -5.423458 1.333988 -2.658587 -6.150154 0.026064 -3.971776 -10.022624 3.604691 8.910074 -15.527690 -9.533090 -0.054350 15.391129 21.262993 -18.946926 -12.251919 11.145177
0.096947 20.137800 -22.067343 -3.853267 -13.673392 8.757818 5.644386 4.756923 16.216063 0.684820 7.532905 3.376042 -1.025159 -5.678637 1.526499 -1.860010 -6.304542 -0.769457 -3.995310 -9.718018 3.612505 7.907135 -14.898211 -8.522520 0.912543 14.721758 20.839323 -18.530863 -13.290310 13.859532
-0.064229 18.671034 -23.429396 -1.735569 -15.743954 10.348555 6.181687 4.940029 15.648610 1.310125 7.465007 2.963813 -0.398167 -5.837832 1.589465 -2.189042 -5.811109 -2.210337 -3.676246 -10.133816 3.626818 8.157421 -15.190371 -6.585202 3.181150 15.729747 20.875338 -16.978823 -14.629914 14.000557
-1.592279 16.018551 -26.400114 2.010255 -18.302708 13.005942 4.847156 5.379811 12.764211 3.957900 6.951287 2.158510 0.974880 -6.104284 1.254426 -3.421686 -4.889661 -3.867740 -2.903760 -11.265306 3.711751 8.284965 -13.455375 -5.354695 5.484267 18.093666 21.038721 -14.605186 -16.310999 12.978867
-5.101026 15.202718 -28.102707 4.549299 -21.215399 15.073426 4.636038 5.322738 10.666470 6.721430 6.610155 1.151714 2.090143 -6.857621 2.092558 -3.446963 -3.127686 -4.620324 -2.205431 -12.009661 3.746786 7.098154 -12.841956 -3.879786 7.248483 20.240070 21.459093 -13.401401 -16.487982 11.933084
-8.294708 15.346629 -29.850660 5.976181 -22.875105 14.796454 4.504710 4.857204 10.364527 9.292253 6.652876 0.520610 3.222677 -6.933659 2.772540 -3.112256 -2.048796 -5.177478 -2.114020 -12.231367 4.131893 7.227129 -15.179463 -3.011551 7.639809 20.514570 23.124365 -12.174367 -16.968431 11.462683
-7.707250 15.234859 -29.674547 6.234370 -22.254120 15.505025 4.220282 4.998566 9.534638 9.184132 6.624063 0.514260 3.248859 -6.935366 2.810370 -3.102836 -1.929673 -5.381911 -2.059176 -12.381403 4.049426 6.782915 -14.717381 -3.070851 7.864377 20.669542 23.188820 -12.041579 -16.989626 11.456348
-7.606792 15.358615 -29.643383 6.155853 -22.309546 15.721766 3.583003 5.238274 9.166580 9.236696 6.589416 0.476532 3.345647 -6.958161 2.813011 -3.155368 -1.811460 -5.426531 -2.027476 -12.417093 3.871395 5.675852 -11.004933 -3.362618 8.299056 20.977676 21.822264 -12.204685 -17.196320 12.375605
-7.446519 15.241779 -29.657389 6.390630 -22.250257 15.784970 3.664246 5.403197 9.410195 9.058899 6.646910 0.582746 3.318530 -6.976550 2.823908 -2.994631 -1.872778 -5.311128 -2.082611 -12.286264 3.925553 6.205952 -12.340732 -3.281914 8.127227 21.033716 22.381975 -12.031048 -17.106382 11.947270
-7.563004 15.163668 -29.626097 6.433690 -22.462217 15.700010 3.925570 5.411513 9.659235 9.027878 6.659548 0.526167 3.291431 -7.051051 2.825099 -2.918682 -1.887771 -5.264335 -2.130444 -12.231441 3.976380 6.430019 -13.343761 -3.164219 8.068521 20.973347 22.753710 -12.006421 -17.026474 11.575244
-8.437805 15.294796 -29.771814 6.233131 -22.742861 15.477695 3.322471 5.388396 9.150945 9.750477 6.690293 0.166345 3.616999 -7.116976 2.983953 -2.834459 -1.493811 -5.439503 -2.165081 -12.266112 4.124936 6.456674 -13.269925 -3.166271 8.108747 21.081039 22.734079 -11.864525 -17.107084 11.399726
-9.285669 15.527013 -30.112587 6.420668 -22.453733 14.773360 2.979999 5.372859 9.288518 10.303178 6.755478 0.009200 3.904452 -7.076684 3.205075 -2.802600 -1.237864 -5.491819 -2.135467 -12.216549 4.038478 6.233355 -13.460624 -3.103395 8.269574 21.050959 22.943300 -11.805987 -17.131992 11.345628
