-13.846521 24.880096 -20.399624 21.177851 -10.418582 -5.001052 1.580879 0.716425 5.678612 -8.483108 2.396203 2.969656 4.086318 -9.254445 -3.429611 -5.154701 -4.074697 8.646753 -2.985867 -7.028389 -0.203520 8.266316 13.413613 -0.470908 -27.687376 7.444852 2.037860 -18.810297 1.694983 17.193678
-13.910625 24.867411 -20.484621 21.231756 -10.402075 -5.011232 1.549987 0.620679 5.591059 -8.608530 2.430486 2.974440 4.069946 -9.253988 -3.485698 -5.151620 -4.112953 8.650633 -3.017146 -6.988338 -0.155747 8.327860 13.426166 -0.588264 -27.771917 7.360256 1.976291 -18.851576 1.679684 17.115055
-17.456163 12.916365 -13.338058 27.326246 -4.553246 -14.675618 10.202659 8.749119 2.497701 -6.763429 1.232994 3.435081 1.225322 -12.967285 -9.760284 -7.263797 -2.533089 2.917195 0.737060 -0.113010 4.336466 5.612309 11.776082 -10.995133 -29.707518 13.374025 -7.280974 -5.547802 2.913325 5.126886
-16.661648 11.062503 -12.596858 28.565844 -4.885776 -17.131823 9.965992 10.106899 2.528370 -6.022701 0.420713 3.264193 1.500961 -13.501341 -9.840723 -7.168730 -1.908214 2.965994 1.132387 2.052036 6.951234 4.197387 11.511777 -12.372403 -29.837236 13.561065 -4.826918 -2.257716 5.281922 5.737233
-16.103947 10.613095 -11.460577 29.673201 -5.480143 -17.885256 8.969745 10.956087 2.282430 -5.567474 0.014110 2.501824 1.712048 -13.854818 -9.849878 -7.149462 -1.063631 3.184180 1.370330 2.871028 9.538825 3.292697 11.486833 -12.514496 -29.428370 13.532465 -4.855912 -0.444883 6.544946 6.579210
-15.888469 10.143070 -10.314628 30.600584 -6.328883 -18.386654 8.289042 10.654161 1.882352 -5.987317 0.167054 2.169834 2.597407 -13.991191 -9.991502 -6.562188 -0.373179 3.063348 1.199689 3.563500 11.332499 2.875626 11.659863 -12.807263 -29.338579 13.678264 -5.170506 1.071044 7.748891 5.930708
-15.136418 9.705891 -9.969821 31.835930 -6.793296 -19.242147 7.000002 10.391538 1.584581 -6.231044 0.040627 1.972076 2.719129 -13.831008 -10.076740 -6.193477 0.311750 3.084471 0.833279 4.015069 11.427797 2.531758 11.407104 -13.509010 -29.413528 13.828115 -4.898610 3.607465 8.133804 6.429404
-15.255724 9.208629 -8.992209 31.964563 -6.921049 -19.906645 5.959054 10.879218 1.747322 -5.668092 -0.050728 1.709596 3.012745 -14.109015 -10.353718 -6.071016 0.422910 2.900037 0.899863 4.336807 12.004216 2.526960 11.067748 -14.055317 -28.981569 13.881966 -4.339375 4.573951 8.341145 7.298759
-15.118928 8.839853 -8.393337 31.978819 -7.338856 -19.985746 5.423410 11.147288 1.981705 -5.440501 0.219215 1.589540 3.315354 -14.212776 -10.660455 -5.767874 0.563025 2.859088 0.849458 4.672559 12.934883 2.796237 10.938325 -14.442462 -28.747105 14.379482 -3.825654 6.520494 8.119347 8.581893
-14.688209 8.388495 -8.104746 32.453106 -7.919666 -20.122755 4.572314 11.353704 2.422285 -5.742870 -0.019610 1.328456 3.911092 -14.121693 -10.527761 -5.647649 0.753026 2.785470 0.724347 5.073229 13.319654 2.557753 10.737396 -14.174062 -28.658440 13.923613 -2.838295 7.361142 8.600857 10.675150
-14.141514 7.755275 -8.069130 33.231777 -8.715788 -20.137880 3.306263 11.487803 2.768360 -6.585185 0.178977 1.047876 4.364024 -13.979961 -10.458776 -5.213628 1.269387 2.884954 0.326842 5.274817 13.180334 3.382520 10.705623 -13.785398 -28.896364 13.451084 -2.276421 8.545951 8.367128 12.588477
-13.874905 6.996107 -7.004433 33.821812 -9.435961 -19.460602 2.161068 12.008168 3.131065 -7.100566 0.169346 0.883169 4.615243 -13.892208 -10.545598 -4.980495 1.723787 2.627002 -0.084813 5.186962 14.082347 4.317644 10.504817 -13.248610 -29.039007 13.186394 -2.577148 9.861512 8.490165 14.048583
-13.653510 6.321671 -6.199521 33.686062 -10.100054 -18.589722 1.353040 12.445529 3.417693 -7.417214 0.339268 0.555218 4.927569 -13.567550 -10.745356 -5.038771 2.420410 2.352690 -0.535418 5.001812 15.116436 4.079063 10.305505 -12.534996 -28.813772 12.481984 -2.494190 11.177817 8.390488 14.997218
-13.337316 5.529924 -5.149528 33.593792 -11.064007 -17.941835 0.636852 13.595889 3.549767 -7.240902 0.652018 0.034057 5.536739 -13.507036 -10.931838 -4.925318 3.156365 1.982871 -1.003196 5.087490 16.647589 2.815364 9.194992 -11.392188 -28.057823 11.818157 -4.195471 11.967471 8.406105 16.189274
-13.376563 4.221668 -3.723247 33.624233 -12.869892 -16.217360 -0.465101 14.655143 4.168583 -8.090972 0.942668 -0.643159 6.576957 -13.168596 -10.887453 -4.586884 3.984347 1.624594 -1.845793 5.137013 18.058271 2.959060 8.315966 -10.617370 -27.653479 11.312759 -5.558138 12.304597 8.807229 16.837383
-13.421406 3.239202 -2.436715 33.350430 -13.789430 -15.241665 -0.985306 15.291816 4.314999 -9.189880 0.989996 -0.685494 7.104325 -13.093246 -10.934179 -4.300498 4.298597 1.448667 -2.194810 5.268241 18.840349 3.683837 7.934211 -10.425012 -27.480902 11.270375 -6.718837 12.913765 8.815159 16.738571
-13.425535 2.905095 -2.091326 33.448528 -14.049603 -14.936656 -1.048631 15.549343 4.543215 -9.299715 1.131691 -0.773957 7.264215 -13.000571 -10.977989 -4.204751 4.517676 1.375449 -2.523582 5.157846 19.085638 4.210761 7.782777 -10.301499 -27.501812 11.132443 -7.565255 13.024954 8.705697 16.782654
-13.503388 2.918244 -1.984687 33.532269 -14.053886 -15.011756 -1.105304 15.623919 4.582499 -9.313392 1.118459 -0.867021 7.306168 -12.966089 -10.967825 -4.219266 4.613771 1.321882 -2.612682 5.102840 19.763773 3.959042 7.834344 -10.192784 -27.329430 11.140901 -7.328254 13.256982 9.044573 16.779755
-13.337800 3.224202 -2.184485 33.483631 -13.919184 -15.186328 -1.095725 15.602411 4.528506 -9.139666 1.220987 -1.021936 7.438371 -13.063809 -10.906532 -4.100439 4.640734 1.512462 -2.490571 5.227844 19.936945 3.349509 7.792880 -10.272560 -27.040203 11.101471 -7.089594 13.164304 8.936123 16.920473
-13.199455 3.155827 -2.146437 33.415257 -13.978418 -15.125655 -1.008689 15.911881 4.567860 -9.020230 1.227768 -1.064304 7.400136 -13.102680 -10.908127 -4.129470 4.589433 1.538811 -2.409498 5.157030 19.732758 3.466651 7.765938 -10.273906 -27.192400 11.208254 -7.117195 13.019303 8.877523 16.941788
-12.904004 3.079705 -2.190206 33.079243 -14.133381 -14.947813 -1.006931 16.414333 4.775237 -8.464358 1.173535 -1.062799 7.404560 -13.094810 -10.847385 -4.150340 4.588631 1.548602 -2.433917 5.145955 19.780838 3.224591 7.839521 -10.168305 -27.187416 11.154419 -6.914964 12.917405 9.082273 16.892155
-13.093421 3.291763 -2.284709 33.189526 -13.985325 -15.128488 -1.060650 16.059336 4.609392 -8.772211 1.170239 -0.959137 7.334966 -13.128035 -10.884048 -4.119083 4.541272 1.511108 -2.464168 5.142284 19.718290 3.271219 7.793849 -10.223369 -27.204218 11.191072 -6.980932 12.959421 8.963966 16.830477
-5.241821 -0.540470 -3.234937 27.864716 -20.482126 -11.227057 -0.070067 25.455870 6.245082 -5.070568 -0.167314 -2.927407 10.584378 -12.536761 -9.029964 -4.046507 4.381797 0.553439 -3.953141 4.466058 26.260302 7.237404 9.567654 -5.640779 -27.370710 9.886643 -9.597924 6.258042 14.968169 13.223926
-4.825888 1.580969 -5.038066 27.526442 -20.699194 -13.672866 0.010627 25.189997 4.974197 -3.529821 -0.566441 -2.537740 9.931437 -12.890090 -8.478446 -4.286108 3.930897 1.335709 -3.259367 4.853283 25.404627 4.767010 10.589723 -7.402037 -26.498877 10.780880 -4.952807 6.980620 14.792692 13.764508
-4.425505 3.457414 -6.258908 26.713717 -20.945280 -14.926899 1.327974 25.070999 3.561321 -2.780261 -1.461287 -2.798440 9.756722 -13.363728 -7.721305 -4.767496 3.249359 1.958228 -2.092530 5.148654 25.668104 3.478196 11.670816 -7.092678 -26.340752 11.070244 -3.094667 5.665717 16.699619 14.351228
-2.596482 4.771816 -8.186755 24.729372 -23.252398 -15.169636 2.250941 25.947721 1.983155 -2.260664 -2.570771 -3.110929 10.164561 -13.866476 -6.569651 -4.810817 2.510509 2.841732 -1.627955 4.890298 26.830801 4.228800 13.561216 -6.272499 -26.376545 11.258490 -0.294069 2.801108 18.611341 12.944990
-2.325052 5.746814 -8.679269 23.458076 -23.850937 -14.681403 2.643028 25.716349 1.735173 -2.078891 -2.668505 -3.175438 10.182562 -13.923190 -6.184206 -4.911333 2.221544 3.305307 -1.470204 4.736157 26.746927 3.893645 13.952779 -6.076328 -26.122183 11.377796 0.496943 1.300593 19.044090 12.563884
-2.187805 5.880476 -8.659976 23.426756 -24.176016 -14.545079 2.545435 25.774714 1.487662 -2.282931 -2.717130 -3.084234 10.179729 -13.961985 -6.132778 -4.930354 2.112731 3.305356 -1.491344 4.700399 26.980890 3.940714 14.185885 -5.714319 -26.280245 11.251041 0.591817 1.140249 19.203482 12.555120
-2.063155 5.812369 -8.847358 23.140100 -24.153986 -14.617334 2.545378 25.925259 1.623217 -2.080300 -2.727010 -3.073012 10.251066 -13.941080 -6.084845 -4.890674 2.119859 3.365323 -1.534829 4.646023 26.787027 3.697706 14.166723 -5.817418 -26.159428 11.246180 0.843029 0.941461 19.143030 12.425598
-2.095580 5.818584 -8.864799 23.195940 -24.167269 -14.752910 2.487243 25.912565 1.504897 -2.186476 -2.742164 -3.080686 10.217036 -13.925298 -6.066535 -4.945152 2.123143 3.374218 -1.509393 4.658967 26.893881 3.681018 14.134147 -5.863440 -26.132177 11.242887 0.713924 0.949531 19.089857 12.350327
-2.131537 5.775902 -8.914012 23.173635 -24.112791 -14.744039 2.505282 25.912176 1.527447 -2.197952 -2.747942 -3.064845 10.238412 -13.934868 -6.049820 -4.945258 2.088575 3.354148 -1.501265 4.680114 26.890287 3.684591 14.139505 -5.882857 -26.115168 11.245300 0.695918 0.937412 19.082838 12.293105
-2.150774 5.791409 -8.921414 23.165951 -24.030811 -14.692699 2.584447 25.887226 1.625477 -2.094622 -2.767285 -3.044123 10.228691 -13.942355 -6.052250 -4.939970 2.079155 3.323867 -1.512211 4.710689 26.851562 3.654052 14.131901 -5.881794 -26.087345 11.242950 0.704949 0.937398 19.055405 12.312342
-2.138256 5.773988 -8.935102 23.137005 -24.062811 -14.664520 2.537667 25.926291 1.654011 -2.080113 -2.767080 -3.036319 10.234056 -13.941527 -6.056863 -4.945232 2.071866 3.317506 -1.510174 4.714595 26.847788 3.687305 14.130912 -5.884528 -26.089083 11.247013 0.686454 0.949313 19.021711 12.301806
-2.165800 5.636032 -8.897417 23.000633 -24.042994 -14.584281 2.616102 26.069706 1.761578 -1.928234 -2.747252 -3.044609 10.244880 -13.918402 -6.040738 -4.941405 2.091705 3.352876 -1.511901 4.721583 26.887350 3.699779 14.138797 -5.958706 -26.031168 11.279035 0.768265 0.981766 18.994249 12.219954
-2.157286 5.679872 -8.900140 23.015890 -24.102808 -14.643319 2.569234 26.023647 1.665786 -2.009598 -2.773706 -3.056891 10.245721 -13.931726 -6.040657 -4.946813 2.102649 3.341086 -1.513836 4.705508 26.860886 3.717928 14.153993 -5.935670 -26.026375 11.312914 0.767240 0.994801 18.987009 12.213340
-2.155563 5.663360 -8.918314 23.038774 -24.104612 -14.661677 2.541660 26.018618 1.666889 -2.040731 -2.780922 -3.069399 10.255663 -13.945816 -6.052012 -4.941542 2.109679 3.337767 -1.522139 4.713723 26.810141 3.731109 14.148805 -5.902775 -26.090893 11.301585 0.722505 1.015604 18.982855 12.197558
-2.144533 5.698935 -8.922664 23.058867 -24.081621 -14.684104 2.505914 26.016844 1.689282 -2.028529 -2.767437 -3.074422 10.259204 -13.946072 -6.054164 -4.943010 2.110008 3.343999 -1.515570 4.726341 26.831308 3.707052 14.159411 -5.920721 -26.109802 11.288321 0.762234 1.041654 19.003498 12.203937
-2.138530 5.701665 -8.921313 23.049772 -24.091028 -14.685297 2.502918 26.022930 1.686306 -2.025504 -2.769365 -3.071749 10.257396 -13.948261 -6.054364 -4.941426 2.107487 3.347533 -1.511660 4.724022 26.830473 3.707951 14.163940 -5.919451 -26.111162 11.291750 0.755578 1.040353 19.005461 12.201657
-2.137217 5.699819 -8.919044 23.059183 -24.076071 -14.681081 2.507898 26.026381 1.699742 -2.031788 -2.772901 -3.068142 10.256984 -13.948248 -6.054789 -4.942372 2.102768 3.338508 -1.514007 4.735025 26.828201 3.699423 14.156444 -5.934799 -26.101324 11.282650 0.753939 1.036782 18.997164 12.204073
-2.113061 5.690696 -8.889474 23.022852 -24.168600 -14.654517 2.493720 26.050304 1.658206 -2.045028 -2.786029 -3.064095 10.262461 -13.942640 -6.044593 -4.934408 2.110156 3.337591 -1.531366 4.721595 26.862143 3.733116 14.142965 -5.902102 -26.056929 11.321917 0.721542 1.004234 19.015947 12.187457
-2.130247 5.722546 -8.866006 23.037968 -24.202662 -14.629883 2.490287 26.036409 1.641944 -2.092248 -2.798873 -3.060985 10.253648 -13.944141 -6.044578 -4.944796 2.103127 3.327729 -1.524828 4.725642 26.894482 3.755738 14.116026 -5.898218 -26.056639 11.319855 0.718883 1.009213 19.013304 12.214439
-1.571278 5.767778 -8.748271 23.023127 -23.676123 -14.158483 1.738294 26.173285 0.871520 -2.035031 -2.946187 -2.710902 10.641542 -13.755587 -6.412003 -5.425205 2.213220 3.404400 -1.330469 4.595176 26.864229 3.798729 13.988412 -5.906191 -26.073969 11.337442 0.808520 1.022586 19.016188 12.162139
-5.148791 7.654584 -9.149196 22.327606 -18.058680 -15.012790 3.514322 22.493761 1.763726 -0.336121 -2.562565 -1.506547 7.690712 -13.761501 -7.202190 -6.275202 1.556841 3.886725 -0.298868 4.304901 22.480904 -1.059339 12.621701 -7.584686 -25.135851 10.400721 3.600699 1.126509 17.126177 14.325778
-7.000867 8.170913 -9.146291 22.326927 -16.312614 -14.952901 4.747910 21.105522 3.209175 0.596726 -2.152261 -1.508578 6.411314 -14.086342 -7.084552 -6.067328 1.182015 3.881534 -0.125353 4.362089 21.365993 -2.973292 12.025510 -8.105518 -24.963621 9.808359 3.761132 1.428850 16.321180 15.583674
-7.549438 9.123438 -8.572503 22.611536 -14.686475 -14.457774 4.593833 20.558468 2.870387 1.241888 -2.248801 -1.308552 5.720605 -14.080937 -7.302470 -6.440753 1.137283 4.130070 0.204308 4.086243 20.241102 -4.337636 11.647920 -8.118569 -25.131811 9.466844 3.706216 1.210262 15.731129 16.200413
-7.350345 9.234289 -8.396581 22.503716 -14.402730 -14.565248 4.083958 20.916883 2.735253 1.969398 -2.236674 -0.699265 5.875550 -13.891165 -7.938670 -6.985614 1.143641 4.030385 0.604191 4.039705 19.506311 -4.912457 11.408721 -8.464504 -25.263178 9.627997 3.780221 2.169812 15.127457 15.969440
-7.128651 12.371460 -7.413745 19.731058 -13.718976 -13.280033 3.865059 21.873075 5.630102 8.001714 -3.138823 -0.552515 4.631947 -13.820673 -7.837556 -8.158278 0.565028 3.409787 0.769046 3.460183 17.873039 -5.065683 11.428102 -9.871779 -24.924753 10.018626 2.670383 1.671761 11.896826 15.335379
-7.470742 13.343914 -8.401670 18.861811 -11.966686 -13.760601 4.429774 21.477793 5.889727 8.871199 -3.196214 -0.282950 3.832906 -13.922183 -7.821932 -8.913590 -0.736650 2.780867 1.340454 2.778968 15.889304 -3.977292 12.307723 -11.486959 -24.955677 11.198261 1.679758 -0.093247 10.218030 13.748577
-8.155306 13.041192 -8.167336 18.646133 -11.294394 -13.988799 4.096464 21.211702 6.206172 8.923496 -3.296080 -0.233324 3.820144 -13.876265 -7.800813 -9.080279 -0.972907 2.534799 1.482523 2.706156 15.234846 -3.042612 12.446788 -11.618850 -25.349659 11.375763 1.207886 -0.000129 9.831314 12.642898
-8.405940 12.757895 -8.250735 18.493345 -10.880091 -14.581300 3.566044 21.333921 6.593452 9.175645 -3.325830 -0.104064 3.850179 -13.973511 -8.009613 -9.098825 -1.058135 2.175521 1.518206 2.772366 14.943401 -2.940261 12.077642 -12.691876 -24.623453 11.710971 0.603286 -0.382369 9.593542 11.715658
-8.382532 14.429228 -8.082838 15.405788 -9.659504 -13.282928 3.774461 22.169250 8.866855 13.052027 -4.208174 -0.139145 1.749439 -13.803949 -8.250290 -10.393254 -1.241458 1.845299 1.488838 1.082183 12.070169 -2.594417 11.795758 -14.171684 -24.319145 12.753327 0.242185 -3.412806 9.559347 11.049334
-7.777880 16.237974 -8.271912 14.850407 -9.510721 -11.623351 5.412214 22.216551 10.508971 15.254963 -4.026528 -0.962058 0.958290 -13.537554 -8.351213 -11.313599 -0.962227 2.251726 1.877861 0.012454 9.637541 -1.890057 11.839654 -14.505819 -25.267332 13.392118 0.106482 -5.396874 9.505158 10.010672
-7.290875 17.284414 -7.747578 13.018047 -9.900257 -9.098889 7.635144 22.006004 11.099786 17.487505 -3.371972 -0.775937 0.218142 -13.406406 -9.206475 -11.214307 -0.335828 2.294960 1.683248 -0.569382 7.808674 -2.417186 11.523396 -13.054030 -26.710440 12.163064 -0.356023 -6.014272 10.543955 10.830874
-7.588366 17.210865 -6.832126 13.025777 -8.419073 -6.280375 10.592322 21.889759 12.017637 18.356833 -2.399695 -0.825956 -0.046540 -13.263904 -9.162197 -10.672433 -0.333841 2.856196 1.516846 -1.114360 6.800630 -2.877895 11.050059 -10.508593 -28.572208 10.268535 -1.658172 -5.807478 11.284325 10.822991
-7.908236 17.243374 -7.707581 11.908381 -5.454443 -3.451646 14.480275 21.193886 13.274034 20.116972 -1.002144 -1.087429 0.171374 -13.133484 -9.644464 -10.602898 0.201512 4.350219 2.258568 -2.160628 3.908986 -4.351624 10.616614 -6.913937 -31.755198 8.100286 -1.703169 -4.591444 11.219437 12.359912
-8.110991 17.067963 -7.779812 12.330418 -4.469496 -2.111074 15.728437 20.281612 13.909102 20.289154 -0.411698 -1.267581 -0.089901 -13.175694 -9.596136 -10.422739 0.127826 4.955019 2.487946 -2.491128 2.809093 -4.524341 10.707999 -6.175783 -32.521427 7.902623 -1.661325 -4.306983 11.037978 12.885587
-8.034839 17.908699 -8.546187 11.933159 -4.682477 -2.665477 15.861806 20.247133 13.985679 20.609261 0.012142 -1.463993 0.072725 -13.064574 -9.678431 -10.204745 0.244062 5.011830 2.489882 -2.501341 2.937616 -3.983526 10.413016 -6.277695 -32.291023 7.814276 -2.167780 -4.682046 10.801270 12.632104
-7.997323 18.279661 -8.753998 11.919629 -4.792478 -2.782997 15.512462 20.233889 14.068892 20.640656 0.126922 -1.777117 -0.251014 -13.185469 -9.417110 -9.867271 0.234479 5.017043 2.351867 -2.479209 2.869149 -3.853668 10.343612 -6.396655 -32.327625 7.832155 -2.412764 -4.540550 10.555460 12.420529
-7.633284 18.464655 -9.030746 11.871572 -4.829741 -2.868821 14.842145 20.369459 13.601353 20.590137 -0.082530 -1.524743 0.067660 -12.967659 -9.694874 -10.352719 0.403104 5.071113 2.481403 -2.608222 2.856300 -4.028008 10.500005 -6.285077 -32.305882 7.705219 -2.559502 -4.690891 10.727386 12.414254
-7.692743 18.504494 -8.921551 11.921532 -4.816130 -3.103397 14.745994 20.437222 13.521473 20.543177 -0.025807 -1.465798 0.004993 -13.022848 -9.891077 -10.311376 0.500982 4.925425 2.464071 -2.543723 2.807975 -3.995430 10.582314 -6.217867 -32.359829 7.708548 -2.437552 -4.599683 10.739291 12.481239
