5.887369 30.905254 -5.904303 12.758192 11.990788 -1.711195 -6.409514 7.120296 -7.207033 -20.293119 2.402930 2.952407 4.075554 -9.205748 -3.404653 -5.182407 -4.094264 8.658602 -2.986782 -7.051025 6.262316 13.477125 -18.009748 2.233568 0.540027 22.456793 9.429095 -21.732950 -3.748585 12.117038
6.021165 30.918125 -5.729177 12.669040 12.184540 -1.746923 -6.342276 7.205727 -7.162987 -20.540329 2.418907 2.917762 4.064973 -9.220577 -3.501405 -5.198853 -4.159799 8.672131 -3.070212 -6.941096 6.249701 13.520315 -18.000803 2.200314 0.506609 22.481867 9.374971 -21.734039 -3.742294 12.126807
-5.976044 27.950182 11.563317 10.018808 20.975780 7.360974 -2.190337 7.527685 0.904100 -14.480062 4.043562 5.072837 -1.305213 -8.190232 -6.563393 -4.068590 2.288460 7.929442 -5.281796 -3.559637 -0.942857 7.325593 -28.449419 1.330624 -1.555525 17.742403 -3.167303 -13.404361 -9.104555 17.980984
-8.262715 27.137968 15.265170 11.650259 21.165401 6.306669 -2.938144 7.454084 0.138239 -14.706209 4.525291 5.009248 -2.727928 -7.990895 -6.474773 -3.461374 3.394162 9.214718 -5.323726 -3.105165 -0.297778 4.933637 -30.800699 -0.414235 -0.727436 17.095163 -5.180221 -11.431745 -9.197878 20.259672
-10.812089 26.884167 17.194120 10.314778 20.693624 3.568935 -4.608956 6.016494 -2.487401 -14.845461 4.654288 4.951398 -3.914864 -7.629241 -6.436484 -3.318238 4.356367 9.780835 -5.005967 -2.144648 0.228331 1.518793 -33.608047 -1.719705 1.397426 15.712730 -5.888748 -11.728033 -9.382591 21.202850
-16.856499 25.059097 15.577767 6.403147 14.444458 2.081671 -9.494100 4.876482 -4.494693 -7.927491 5.141003 4.705040 -5.399766 -4.999576 -3.722985 -4.813979 6.182703 10.031147 -2.560396 -3.450607 -2.734416 -7.941420 -28.622618 -2.545999 0.924636 12.980890 -4.137941 -8.830192 -8.374367 21.409069
-19.931404 25.243813 17.563204 3.145591 13.530168 -0.092643 -12.580728 5.296041 -5.087539 -5.280403 5.054337 3.512052 -5.843408 -4.065568 -3.213851 -5.740358 6.740557 10.199135 -1.837530 -3.213126 -3.434537 -11.237208 -26.579062 -2.943241 1.009233 12.562899 -4.589536 -6.555278 -8.618742 20.323811
-19.808811 25.923897 19.114042 3.443663 11.787977 -2.443995 -14.632112 6.361325 -5.236768 -5.286417 4.167964 2.993040 -6.230399 -4.964089 -3.460067 -5.890195 7.005425 10.685336 -1.360126 -2.520058 -2.759771 -10.926861 -27.606405 -3.834840 1.544408 13.018797 -6.649362 -6.144493 -8.041671 21.808258
-18.155396 26.324097 20.002645 6.238549 10.000291 -4.581915 -14.091435 7.019103 -6.227013 -6.661128 3.716537 3.073806 -6.256848 -5.883871 -4.092286 -5.656985 7.699700 10.914825 -1.369707 -2.079195 -0.861696 -9.575892 -29.269442 -6.177927 2.563619 13.257307 -7.475237 -4.355100 -9.053452 24.307703
-17.348145 25.305136 21.395567 8.784982 8.314349 -4.690304 -12.783484 8.076636 -5.714114 -9.229084 3.909041 2.537682 -6.503422 -7.001287 -4.020702 -4.076912 8.377951 10.535488 -2.573500 -1.307749 2.492729 -8.343128 -27.046217 -6.968643 3.223438 13.964857 -9.192496 -3.211401 -8.385490 26.493050
-17.036625 23.955116 22.870073 10.755259 7.171713 -3.814617 -12.378547 9.205129 -5.848203 -13.189823 4.515228 2.846574 -5.965738 -7.281371 -4.265466 -2.704412 8.583603 10.582125 -3.555496 -0.405808 5.943733 -7.291521 -26.376463 -6.583709 3.613364 13.583670 -11.571237 -2.527103 -7.975138 27.768986
-17.080488 21.868700 25.349310 10.981794 6.830380 -2.434043 -9.777293 10.716792 -5.290937 -18.461054 4.832423 1.945348 -4.021763 -7.711693 -4.697115 -1.310123 8.658113 10.760685 -5.585854 1.656563 9.595758 -4.348728 -25.560499 -6.300235 2.576126 13.634100 -16.142105 -4.745962 -7.540415 27.435478
-17.576035 20.500250 26.128622 11.502115 7.030373 -1.889613 -8.619703 10.571870 -5.179308 -21.805231 5.060376 1.839367 -2.722362 -8.184139 -4.953718 -0.482719 8.813137 10.875662 -6.229289 2.682178 11.736999 -2.297684 -25.417093 -6.197704 2.876723 14.211535 -18.101576 -5.991521 -7.471880 26.711208
-17.628071 20.025408 26.361113 11.351902 7.176558 -1.300573 -8.079520 10.600851 -5.107892 -22.521393 5.134663 1.818394 -2.482844 -8.265068 -4.899313 -0.292497 8.831432 10.927980 -6.359522 2.802934 12.009455 -1.797946 -25.483303 -5.861282 2.534159 14.318754 -18.413031 -6.552909 -7.140718 26.213278
-17.754343 19.952206 26.354826 11.363407 7.241794 -1.326993 -8.035852 10.578255 -5.113219 -22.612604 5.160062 1.811602 -2.398571 -8.252888 -4.905971 -0.288340 8.860027 10.984489 -6.388129 2.789361 12.109925 -1.768287 -25.543228 -5.832800 2.521718 14.340090 -18.483862 -6.648778 -7.051037 26.241932
-17.777569 19.856348 26.331339 11.412113 7.198418 -1.362268 -8.017946 10.623401 -5.129116 -22.626703 5.189672 1.840763 -2.375928 -8.246899 -4.921364 -0.286955 8.877628 10.992975 -6.395523 2.809271 12.148297 -1.783765 -25.627626 -5.906207 2.539050 14.352567 -18.519104 -6.620111 -7.075776 26.136341
-17.783386 19.861370 26.332029 11.398445 7.212781 -1.376457 -8.012952 10.619464 -5.129447 -22.625629 5.185001 1.865557 -2.338592 -8.234806 -4.921874 -0.298075 8.880482 11.008620 -6.395545 2.796199 12.139928 -1.757857 -25.720648 -5.900310 2.546193 14.359572 -18.527260 -6.589921 -7.103955 26.118301
-17.792397 19.879063 26.359852 11.413296 7.235466 -1.400657 -7.997940 10.613469 -5.131074 -22.602173 5.193581 1.841270 -2.371591 -8.248610 -4.926537 -0.282009 8.866953 11.007726 -6.388540 2.794559 12.141760 -1.740555 -25.637999 -5.897502 2.543661 14.364720 -18.554834 -6.568016 -7.141988 26.138275
-17.794945 19.879467 26.356163 11.413116 7.235428 -1.402802 -7.997478 10.612297 -5.129026 -22.601301 5.193395 1.841909 -2.371411 -8.248524 -4.925749 -0.282364 8.867298 11.008348 -6.388729 2.794635 12.140652 -1.738130 -25.639814 -5.897938 2.542636 14.365757 -18.556498 -6.567912 -7.143533 26.134544
-17.784077 19.845537 26.352413 11.408189 7.219956 -1.387574 -7.989768 10.604434 -5.047497 -22.599222 5.172561 1.867639 -2.387594 -8.260624 -4.944932 -0.287220 8.868971 10.986248 -6.380383 2.840281 12.204921 -1.728151 -25.648611 -5.876023 2.559522 14.342107 -18.540819 -6.574803 -7.154901 26.111990
-17.776947 19.845991 26.353582 11.396255 7.219094 -1.395638 -8.011415 10.612269 -5.065321 -22.607744 5.168385 1.858196 -2.386731 -8.256462 -4.930698 -0.281745 8.879238 10.994385 -6.383994 2.841005 12.217442 -1.721477 -25.648121 -5.874397 2.557449 14.338409 -18.538172 -6.577838 -7.146515 26.109915
-17.779068 19.841698 26.344292 11.391445 7.221779 -1.408653 -8.011872 10.610374 -5.072096 -22.610909 5.176448 1.869650 -2.362547 -8.248000 -4.925084 -0.279317 8.869028 10.998034 -6.388159 2.832007 12.213042 -1.703712 -25.642555 -5.878497 2.554816 14.349464 -18.567654 -6.555924 -7.165523 26.125568
-18.823254 16.759842 25.726782 11.880276 9.726662 -3.795972 -7.612350 8.923598 -5.527619 -24.344503 6.092364 1.445974 -2.040282 -6.672747 -4.458751 -0.443403 8.990166 10.816174 -6.632563 3.398487 10.953034 -3.079886 -24.235197 -7.816782 2.815465 15.147171 -19.173811 -7.688541 -6.642760 21.652514
-18.747784 16.502712 25.456968 11.654533 9.659721 -3.286126 -7.422129 8.620008 -5.756132 -24.614401 6.121687 1.574860 -2.221365 -6.475302 -4.512964 -0.636553 8.818501 10.689102 -6.617202 3.312919 10.756009 -3.564190 -23.550184 -8.198985 2.665462 15.192078 -19.222044 -7.809557 -6.541953 21.395275
-19.049673 15.617172 24.652824 11.495062 10.156014 -1.895982 -6.395123 7.995244 -6.016135 -25.671068 6.613523 1.595141 -1.821281 -6.360265 -4.260195 -0.194096 8.773024 10.524140 -6.832370 3.395435 10.066065 -3.247307 -23.369808 -7.860808 2.898935 15.288496 -19.252043 -9.137118 -6.845202 20.334330
-19.498154 13.721180 24.338211 12.686737 10.838192 -4.392336 -7.131629 7.605296 -5.756279 -25.178726 6.409503 1.678026 -1.825401 -5.869079 -4.411875 -0.810346 9.040800 10.701735 -6.599800 3.817861 10.559924 -4.204061 -23.452755 -8.685205 3.762638 15.246098 -19.481749 -8.068732 -6.463045 18.173759
-19.510971 13.269156 23.953304 12.694448 11.097961 -4.608933 -6.669512 7.534989 -6.130430 -25.342396 6.607942 1.915435 -1.619568 -5.580653 -4.256587 -0.673558 9.164679 10.685638 -6.972890 4.001894 10.839017 -4.349656 -23.185694 -8.574556 3.650337 15.183524 -19.712889 -8.420036 -6.316337 16.886818
-19.210320 10.964924 23.400097 14.064087 12.151715 -6.934106 -6.442901 7.757693 -6.119397 -25.511837 6.583486 1.719146 -1.748436 -4.937821 -4.420725 -1.257856 9.344749 10.452206 -6.846711 4.469615 10.885497 -5.125522 -22.935427 -9.518693 4.247291 15.344965 -19.965454 -8.444463 -5.911917 15.099528
-19.220329 11.330926 23.392286 13.973475 11.883764 -6.515565 -6.215565 7.632099 -5.978073 -25.506302 6.617808 1.630823 -1.708627 -4.955734 -4.323704 -1.192462 9.306286 10.462767 -6.946205 4.334356 10.870095 -5.128175 -22.673191 -9.120601 4.093822 15.308214 -20.113163 -8.598627 -5.843082 15.483699
-18.985281 10.125225 22.847076 14.657969 12.691450 -7.136787 -6.729682 7.706662 -6.402228 -26.069464 6.792698 1.626824 -1.713396 -4.507953 -4.361961 -1.322480 9.412273 10.280104 -6.968476 4.504273 10.799333 -5.397868 -21.683807 -10.054172 4.253526 15.941946 -20.847170 -8.925399 -5.931840 13.907144
-20.055317 8.570198 21.547949 15.158990 11.845661 -7.043876 -6.779657 11.134412 -2.740854 -16.746269 6.636683 2.012446 -2.550795 -4.389085 -4.075699 -1.920176 10.758009 9.385541 -5.345610 3.673244 7.513405 -6.578634 -21.807974 -7.328064 -0.336926 15.755623 -20.821814 -4.904654 -4.416026 12.454158
-17.583698 6.613824 20.194590 16.901079 13.553130 -10.200322 -7.042482 9.900262 -4.982157 -24.467367 7.778741 1.561478 -2.198894 -3.878985 -4.968188 -1.485829 9.870613 8.977214 -6.570584 4.961380 11.156853 -5.582973 -20.874582 -12.167197 3.168903 17.741385 -21.218836 -6.925237 -5.278027 8.610284
-15.652922 3.406027 17.338858 19.611483 14.314986 -12.469201 -7.488777 10.787241 -5.248447 -24.991802 8.619545 1.356702 -3.029127 -3.551743 -6.062709 -1.419758 9.728886 7.658486 -6.345896 5.875855 11.540843 -4.356360 -19.432631 -13.456683 3.043002 19.872820 -21.821806 -6.087462 -4.857347 4.101266
-15.608093 3.299142 17.566870 19.361954 14.352231 -12.098195 -7.381549 10.499624 -5.446891 -25.853413 8.658400 1.468173 -2.978386 -3.525497 -6.092926 -1.293276 9.756323 7.765861 -6.588977 6.055849 11.738017 -4.265874 -19.132469 -13.730053 3.390874 19.784946 -21.695955 -6.574901 -5.039477 4.067283
-16.979568 2.706877 16.145477 19.868353 13.348353 -12.342713 -7.854745 11.613699 -5.155533 -21.090261 8.688920 1.977800 -3.498652 -3.401934 -5.434954 -1.660158 10.625309 6.721950 -5.401829 5.336402 10.432019 -4.857603 -18.643641 -12.388188 1.845345 20.138414 -21.803701 -4.563653 -4.627663 3.705495
-16.740217 2.297121 15.378259 19.206308 12.484673 -12.113771 -8.106521 13.027603 -3.694475 -17.097883 8.687266 2.114190 -3.600403 -3.120513 -5.038072 -1.797307 10.989573 6.479341 -4.877728 4.770121 8.942826 -5.834649 -18.338728 -10.579714 0.329192 19.986849 -21.025339 -2.822597 -3.845619 3.879565
-17.877712 2.559098 15.774425 17.620554 13.125315 -11.365319 -8.600133 13.845643 -1.743661 -14.396889 8.355693 1.928445 -3.781799 -3.005088 -4.770425 -2.187675 11.310648 6.648372 -4.927607 4.487494 7.072936 -6.519429 -18.570532 -8.594949 -1.091641 19.419628 -20.335722 -1.874767 -3.634867 3.859455
-19.488857 3.283699 16.537779 16.376225 12.596882 -11.403401 -8.815856 13.390622 -1.530954 -12.826727 8.070508 2.221590 -3.928860 -2.925052 -4.162894 -2.535143 11.629435 6.987939 -4.547993 3.897822 6.148970 -7.626047 -19.682337 -7.307345 -1.273715 18.875916 -19.564875 -1.220454 -3.347385 5.156323
-19.066765 2.807722 16.059420 16.834442 13.035408 -11.277440 -8.572078 13.614493 -1.662418 -13.256441 8.237706 2.197942 -3.888384 -2.954272 -4.411303 -2.490704 11.514473 6.833979 -4.666356 4.121265 6.361257 -7.097921 -19.343386 -7.367788 -1.482262 18.907110 -19.445827 -1.160448 -3.547184 4.964909
-18.040947 2.831286 15.736222 17.499971 13.264988 -11.545514 -8.367787 13.767817 -1.618629 -13.677057 8.228807 1.918367 -3.822520 -2.972525 -4.745697 -2.314285 11.451780 6.646506 -5.059457 4.551897 6.956334 -6.572397 -18.919241 -8.139344 -1.347757 19.402212 -20.201002 -2.020219 -3.297847 3.873664
