11.694364 29.082321 -6.881573 4.671025 14.654764 5.574240 0.407972 16.057449 3.309453 -3.527883 3.084935 8.264328 5.242753 -8.990262 0.709331 -3.530937 -0.388638 5.288524 1.850704 -10.409339 11.088663 12.685882 -13.128163 -13.300109 -13.466199 10.073101 10.250691 -25.091917 -1.474755 13.283181
11.750402 29.086838 -6.840674 4.694762 14.771932 5.574348 0.467477 16.062553 3.298690 -3.650587 3.115496 8.324175 5.256105 -8.978567 0.660041 -3.526704 -0.392489 5.290685 1.854127 -10.390970 11.532346 12.810020 -13.544573 -13.787770 -13.153560 10.146513 10.370406 -25.392826 -1.530505 13.226414
6.684052 15.816610 0.771402 8.386604 19.725878 1.292905 12.467105 23.488920 -0.063737 -4.025480 4.245139 8.799853 2.724525 -12.056341 -5.902451 -4.378327 1.830686 0.489461 5.234919 -4.757698 14.398280 8.076141 -17.620197 -21.856045 -14.187748 13.391700 -4.674037 -18.509645 -1.610518 -0.768343
9.241994 17.960661 -1.582946 9.412980 19.226265 -1.801582 10.040470 22.939280 -0.796804 -4.025260 3.403145 8.732243 2.819178 -12.033413 -5.008668 -4.753419 0.936933 0.691477 5.327747 -5.082908 15.101887 10.368773 -15.700823 -22.039093 -14.645144 13.937355 -2.071574 -17.626474 -1.606731 -0.008489
9.727927 18.577288 -1.196398 11.040701 19.745216 -2.276071 9.466779 22.272398 0.305577 -3.629078 2.995015 8.861532 2.975888 -12.255098 -4.520434 -4.587957 0.641330 1.099622 5.445190 -4.925960 15.039680 10.828032 -14.927011 -23.751165 -14.190334 15.114403 0.156013 -16.422590 -1.633309 1.495112
10.265124 19.706501 -0.704417 11.597190 19.405443 -2.837724 8.288863 21.868893 0.841362 -2.854850 2.374743 8.643277 3.094475 -12.374491 -4.110869 -4.703614 0.779300 1.189840 5.358871 -4.728509 14.837983 10.448572 -14.551981 -23.973038 -14.549667 15.355013 1.753064 -15.539950 -0.961705 3.043867
10.625675 19.812757 -0.421930 11.813622 18.958723 -3.297640 7.790793 22.156807 1.099499 -2.357860 1.892826 8.339636 3.029799 -12.445068 -3.845464 -4.858215 1.224931 1.474173 5.291819 -4.701594 15.615329 9.792412 -14.360110 -23.770920 -14.490012 15.300338 2.749729 -15.530066 0.452971 3.716552
10.816731 21.123581 0.350160 10.584122 17.475700 -4.094490 6.817269 22.644644 0.591672 -1.735517 1.359744 7.368686 3.323371 -12.284970 -3.388586 -5.392789 2.012207 1.588457 5.197212 -4.402184 16.631113 8.354116 -14.496051 -22.808296 -14.908888 14.453648 4.045515 -14.747556 2.623160 5.309152
11.022884 21.819794 0.713174 8.947421 15.715083 -5.493139 5.620769 23.621931 -0.638567 -1.918250 0.526965 6.190722 3.620314 -12.258371 -3.104429 -6.348924 2.628612 1.408870 5.217190 -4.820386 17.280685 6.157790 -14.487214 -21.966999 -15.071889 13.741736 5.126126 -14.659616 4.653466 6.855013
11.194562 21.766222 1.285973 7.730478 14.136249 -5.914452 4.704786 23.961817 -0.969449 -1.757814 0.127195 5.432126 3.838996 -12.260073 -2.832079 -6.583728 2.910508 1.482869 5.208646 -4.816279 17.544352 4.766293 -13.968554 -20.480366 -15.469404 12.893600 6.458561 -13.940410 5.971686 8.509028
11.783444 22.374241 1.178116 6.364270 12.856964 -6.595312 2.906472 24.497328 -1.383212 -1.341799 -0.214647 4.471894 4.400371 -12.298438 -2.212225 -6.545696 2.959858 1.967642 5.257197 -5.095069 17.572865 3.417957 -13.452792 -19.285698 -16.100523 12.249035 8.426452 -13.512296 7.252986 9.517775
12.739446 21.971516 0.745235 6.216381 11.873579 -7.245245 1.271993 25.036398 -1.575128 -1.829849 -0.698756 4.222460 4.581017 -12.579599 -1.749895 -6.423018 2.827198 2.344466 5.568876 -4.809232 17.764231 3.808410 -12.204460 -18.035042 -17.372728 12.288330 10.416627 -12.302821 7.997089 9.030851
14.011464 21.301510 -1.207375 7.669482 10.602726 -9.130139 -0.443542 24.839125 -1.604676 -3.143310 -1.677206 4.458797 5.763744 -12.743671 -0.609391 -5.766735 2.539026 2.564859 5.199210 -3.715468 18.390230 4.947711 -10.951057 -17.048584 -18.427654 12.359926 12.820802 -10.231685 8.362711 9.085824
15.369411 21.427212 -1.399411 8.160898 9.519714 -9.482863 -1.705770 25.462463 -1.392962 -3.106744 -1.880792 4.233184 6.826310 -12.848191 0.178073 -5.140456 2.577365 3.278440 5.070602 -3.006050 18.407927 6.406537 -9.947785 -15.960576 -19.352083 12.205027 14.242667 -9.218965 8.531528 9.934173
15.239611 21.637379 -1.401106 8.249660 9.529108 -9.428399 -1.658350 25.275923 -1.254016 -3.116839 -1.907336 4.253538 6.733563 -12.879185 0.165082 -5.196537 2.559731 3.262652 5.135482 -2.994617 18.480385 6.263210 -9.930786 -15.994544 -19.268621 12.180801 14.438708 -9.136874 8.605576 10.205670
15.387275 21.422415 -1.298155 8.301680 9.396860 -9.574247 -1.850489 25.422194 -1.423931 -3.122336 -1.896685 4.190016 6.911207 -12.895397 0.169678 -5.114096 2.588465 3.261402 5.105663 -2.927805 18.615932 6.207618 -9.884812 -15.856980 -19.382463 12.176420 14.473491 -8.856675 8.704517 10.049616
15.296285 21.562733 -1.361239 8.275589 9.508793 -9.506892 -1.733344 25.270330 -1.366279 -3.143967 -1.904419 4.230733 6.869952 -12.879473 0.192521 -5.113342 2.568332 3.268788 5.071683 -2.947851 18.433325 6.339695 -9.900207 -15.909644 -19.414705 12.170652 14.369655 -9.067764 8.617852 10.032281
15.402694 21.484873 -1.338334 8.292500 9.434968 -9.682450 -1.927503 25.425871 -1.540985 -3.052893 -1.945999 4.169767 6.955934 -12.901497 0.226526 -5.107745 2.596860 3.300937 5.104950 -2.915855 18.826248 6.167186 -9.857419 -15.773685 -19.428858 12.158447 14.541574 -8.575376 8.785301 10.217703
15.315959 21.559856 -1.346834 8.252411 9.480221 -9.510779 -1.720381 25.305227 -1.355823 -3.098974 -1.900577 4.242174 6.867704 -12.874441 0.191189 -5.101424 2.574813 3.274570 5.054235 -2.938838 18.434326 6.338859 -9.899854 -15.869772 -19.439323 12.153555 14.372338 -9.039891 8.628320 10.054971
15.375560 21.573822 -1.294080 8.300962 9.403135 -9.544730 -1.905125 25.353004 -1.547905 -3.089437 -1.816867 3.937538 6.674449 -13.045797 0.451254 -4.756601 2.492870 3.261667 4.991539 -2.816323 18.767467 6.534888 -11.110427 -15.622094 -19.444262 12.016522 15.077146 -8.750919 8.786125 9.957251
15.363494 21.544609 -1.302393 8.259703 9.369144 -9.637014 -1.960657 25.407961 -1.521079 -3.042398 -1.840415 3.871825 6.715318 -13.024324 0.506268 -4.779982 2.534664 3.307094 4.988346 -2.825395 18.883986 6.425303 -11.158156 -15.608562 -19.477650 12.030573 15.035707 -8.527244 8.868095 10.024684
15.142438 21.721680 -1.273813 8.193935 9.545231 -9.376002 -1.713227 25.239717 -1.297966 -3.119678 -1.807612 3.970903 6.494910 -13.003567 0.451696 -4.815491 2.529529 3.289929 4.987992 -2.912242 18.574299 6.538792 -11.173698 -15.796815 -19.392899 12.040524 14.891727 -9.065903 8.646215 9.926662
4.093326 23.786499 13.371123 2.576810 8.802981 8.333051 -6.797592 21.568933 5.136372 -4.530994 0.932121 7.013939 1.525705 -9.368536 -0.506162 -2.923257 7.826141 4.144953 -0.166620 -4.760735 11.248082 3.955470 -20.350975 -3.285728 -23.442152 0.495533 0.529517 -8.151718 1.588503 22.240662
-1.835087 23.374554 16.545532 3.140495 12.661906 9.345990 -4.946328 17.568508 5.343664 -5.214857 1.745574 8.482257 0.302919 -8.139554 0.037734 -1.863113 8.679142 4.842472 -2.013017 -3.935234 10.221615 0.204993 -20.818136 1.559486 -24.993036 -2.825258 -5.282438 -10.774414 6.042255 24.031857
-0.736243 21.403751 16.889914 2.510245 8.833773 10.178123 -5.103876 20.299257 5.551495 -6.348059 1.707449 8.614794 1.893029 -8.155418 0.578034 -1.265423 9.037807 4.591226 -2.779081 -3.283560 12.921750 2.935426 -16.585861 -1.245529 -25.579870 0.303920 -8.397815 -8.087651 3.920478 23.517212
-0.325143 19.875019 16.751581 3.047937 7.937801 11.038754 -5.494930 20.981367 5.867302 -7.568154 2.031968 8.773598 2.628510 -7.878788 0.333463 -1.031550 9.310230 4.284720 -3.117732 -3.255971 12.588396 3.960369 -16.319689 -2.313913 -25.998283 1.182388 -8.992761 -7.207570 3.057787 22.635252
-0.303673 19.763380 16.664742 3.033810 7.819133 10.986859 -5.497853 21.106125 5.947108 -7.695967 2.025474 8.751818 2.606915 -7.900585 0.383363 -1.006332 9.296721 4.241311 -3.130455 -3.181855 12.854661 4.025422 -16.275862 -2.209180 -25.965490 1.186715 -8.895605 -7.291314 3.252661 22.574051
-0.435893 19.900978 16.756714 3.040407 7.929471 10.841910 -5.472661 20.886412 5.889858 -7.574280 2.015352 8.778183 2.564270 -7.936749 0.350098 -1.028299 9.212547 4.280177 -3.060702 -3.227948 12.720508 3.978695 -16.357433 -2.252563 -25.829458 1.094955 -8.849633 -7.454768 2.982212 22.653913
-0.329059 19.670841 16.721613 3.052759 7.917444 11.095098 -5.400068 21.101856 5.993603 -7.695178 2.074299 8.746609 2.545126 -7.843607 0.372989 -1.030164 9.309727 4.233508 -3.122617 -3.237497 12.696059 3.916112 -16.175516 -2.230711 -25.884594 1.153198 -8.851889 -7.317088 3.123853 22.479885
-0.204891 19.714771 16.620317 3.069435 7.784546 11.052783 -5.502984 21.142267 5.955792 -7.673489 2.039581 8.761889 2.624689 -7.880599 0.346318 -1.009515 9.301090 4.201723 -3.137370 -3.193868 12.778201 3.971192 -16.271511 -2.151348 -25.947134 1.159028 -8.930701 -7.242862 3.268056 22.601532
-0.327512 19.725502 16.726509 3.084773 7.850142 10.996940 -5.382229 21.062279 6.113747 -7.518855 2.022307 8.703015 2.584996 -7.870576 0.380077 -1.048228 9.292639 4.253597 -3.148043 -3.316653 12.853066 3.920336 -16.333342 -2.114121 -25.894819 1.099434 -9.008618 -7.344314 3.235689 22.780556
-0.095035 19.695234 16.664652 3.081018 7.541834 11.034438 -5.467933 21.288263 6.029780 -7.578918 2.015105 8.708166 2.665527 -7.883063 0.373143 -1.015357 9.283785 4.186425 -3.140390 -3.245476 12.822377 3.890824 -16.165495 -2.043111 -25.937237 1.072438 -9.010019 -7.274505 3.259479 22.712954
-0.331844 19.541512 16.886663 3.096720 7.548934 11.263827 -5.200996 21.449129 5.998523 -7.753057 2.078197 8.697252 2.716131 -7.832845 0.423378 -0.970131 9.341066 4.175894 -3.277922 -3.182995 12.937719 4.097316 -16.114061 -2.034347 -25.960051 1.164473 -8.925832 -7.255435 3.288521 22.534882
-0.284039 19.694384 16.657034 3.155610 7.726427 11.131453 -5.341311 21.135874 5.960472 -7.821706 2.062665 8.774822 2.608547 -7.878796 0.375846 -1.043041 9.233562 4.172508 -3.141191 -3.193527 12.789108 4.041256 -16.111986 -2.217097 -25.866344 1.243494 -8.931428 -7.305914 3.171004 22.511791
-0.313784 19.567244 16.857990 3.105783 7.621872 11.174911 -5.255884 21.400080 5.977293 -7.753760 2.094274 8.755936 2.662922 -7.842751 0.389547 -0.982891 9.324299 4.162222 -3.219385 -3.201408 12.721059 3.869971 -16.077051 -2.129831 -25.958761 1.101229 -8.836232 -7.243368 3.318325 22.479141
-0.359916 19.840393 16.586363 3.109594 7.827043 10.727495 -5.472052 20.960836 6.100724 -7.559844 1.993505 8.765540 2.514872 -7.929892 0.305493 -1.086839 9.203051 4.238342 -3.029616 -3.318100 12.360401 3.708573 -16.095100 -2.408611 -25.762928 1.084414 -8.466167 -7.378435 2.957908 22.624968
-0.244666 19.759857 16.701223 3.057101 7.770962 11.006350 -5.395145 21.167967 5.916420 -7.708633 2.040316 8.775553 2.547671 -7.884539 0.369162 -1.029712 9.259504 4.212534 -3.127198 -3.237503 12.785916 3.965168 -16.158236 -2.279261 -25.903662 1.212639 -8.889901 -7.280378 3.171890 22.567919
-0.409377 19.784615 16.741373 3.089292 7.858538 10.946851 -5.387248 20.988504 6.049002 -7.631281 2.015083 8.750868 2.592303 -7.911282 0.346927 -1.060283 9.214252 4.236076 -3.100815 -3.256380 12.654807 3.899685 -16.243856 -2.281205 -25.807528 1.120386 -8.860509 -7.377096 2.974129 22.735504
-0.370774 19.583664 16.723253 3.075872 7.758755 11.127666 -5.299303 21.207592 6.012840 -7.828702 2.084938 8.799700 2.622439 -7.861523 0.380865 -1.028229 9.253841 4.153196 -3.162436 -3.170314 12.666371 3.889751 -16.033907 -2.183613 -25.945660 1.136147 -8.840600 -7.317032 3.285688 22.436560
-0.257958 19.559151 16.712923 3.113779 7.686762 11.076364 -5.392299 21.278976 6.067367 -7.755062 2.048835 8.787050 2.649325 -7.878023 0.366713 -1.031671 9.248375 4.120413 -3.163960 -3.151102 12.711482 3.888381 -16.059919 -2.150362 -25.937429 1.099391 -8.860271 -7.348508 3.387127 22.487017
