-11.142652 25.681404 -17.131170 17.912746 -7.172710 -7.079423 2.608544 1.964398 7.062911 -12.121302 -4.357053 1.338850 -1.298084 -9.775003 5.299863 -2.055780 -5.381667 3.255841 -9.668773 -2.816246 -4.930537 8.703511 10.500167 14.628121 -13.403826 20.076906 0.435585 -15.756358 -0.615469 16.504578
-11.174500 25.710583 -17.147993 18.035038 -7.174278 -7.159040 2.548577 1.881129 6.892437 -12.367499 -4.386329 1.340624 -1.316749 -9.763778 5.285485 -2.074338 -5.412599 3.233751 -9.715610 -2.776133 -4.971148 8.719855 10.502953 14.597164 -13.411287 20.119446 0.414739 -15.785138 -0.563345 16.510769
-17.833485 11.198094 -6.633883 28.620636 -0.506744 -11.571962 12.709677 7.685127 2.542748 -16.811810 -5.587220 3.305418 -3.724398 -12.532111 -0.633555 -1.944198 -2.357739 -3.091072 -9.094954 4.788566 -3.106277 7.505836 5.265563 7.607241 -16.554207 24.000086 -16.038485 -2.226695 -2.439936 5.281327
-18.219738 9.999916 -5.668396 29.590345 -0.583148 -11.962420 11.785623 7.003702 3.217505 -18.186335 -5.393086 3.856596 -3.076445 -12.816772 -1.093889 -1.594328 -2.363446 -3.706515 -9.354940 5.328163 -3.165240 8.869223 5.381968 6.015306 -16.439322 24.334908 -15.092329 0.132609 -4.851517 6.122583
-19.289726 9.833405 -4.535978 30.316805 0.591715 -10.697099 10.130302 6.439701 5.783402 -17.573586 -4.824234 4.482664 -3.282150 -12.125676 -1.744834 -1.491640 -1.799924 -4.638979 -10.485600 5.328037 -2.440117 11.451759 4.839045 4.678552 -16.159380 24.933920 -14.860784 3.614829 -7.029993 8.081384
-20.135294 10.211101 -3.722118 30.780769 1.452971 -10.159640 9.186497 6.066942 7.032317 -16.774832 -4.551939 4.693545 -3.610165 -11.980627 -2.211240 -1.359316 -1.225990 -4.895737 -10.816050 5.354554 -2.823506 12.142189 3.885643 3.747602 -16.193914 25.688990 -15.607970 5.661753 -7.518140 10.083405
-20.479412 10.296900 -3.308326 30.942818 1.679012 -10.005908 8.694287 5.858329 7.432984 -16.434071 -4.624766 4.842731 -3.721623 -11.898308 -2.285949 -1.230505 -0.843233 -5.105195 -11.111047 5.542720 -3.051003 12.034863 3.606494 3.612463 -16.106890 25.818441 -15.795215 5.930847 -7.156723 10.919654
-20.596710 10.431033 -3.273454 31.107420 1.907673 -9.965313 8.830389 5.680024 7.580951 -16.413191 -4.685250 4.850460 -3.753222 -11.910942 -2.283547 -1.245925 -0.830279 -5.136377 -11.115015 5.564560 -3.050972 12.029895 3.512851 3.468447 -16.026367 25.906500 -15.835797 6.043084 -7.244439 10.842234
-20.634453 10.387087 -3.324692 31.124254 1.994329 -9.911370 8.820767 5.649153 7.687042 -16.345266 -4.681318 4.844893 -3.729451 -11.897511 -2.296845 -1.235359 -0.799942 -5.130079 -11.114808 5.590598 -3.062924 12.038206 3.474706 3.422673 -16.017063 25.961798 -15.928073 6.078603 -7.256789 10.886944
-20.556738 10.436907 -3.358312 31.099169 1.894423 -9.983220 8.768861 5.673412 7.604127 -16.380705 -4.665580 4.841210 -3.734667 -11.912189 -2.314551 -1.222927 -0.796128 -5.115362 -11.121183 5.596131 -3.050265 11.990404 3.476096 3.436420 -16.028534 25.914375 -15.900914 6.073915 -7.225997 10.874575
-20.619408 10.417524 -3.313559 31.145628 1.937114 -9.955857 8.714242 5.598889 7.653453 -16.417488 -4.662684 4.843837 -3.740783 -11.889346 -2.310985 -1.231974 -0.783442 -5.129696 -11.117680 5.574455 -3.116918 12.012673 3.451125 3.434331 -15.996567 25.929560 -15.894767 6.095685 -7.285393 10.998155
-20.600210 10.429489 -3.298784 31.142355 1.902272 -9.934997 8.689836 5.632838 7.662014 -16.382410 -4.644362 4.835900 -3.742312 -11.909888 -2.330644 -1.216000 -0.780088 -5.116940 -11.113561 5.580935 -3.098304 11.990039 3.468472 3.443967 -16.062607 25.896404 -15.882199 6.092878 -7.208084 11.036392
-20.601437 10.408593 -3.301071 31.133356 1.919308 -9.925937 8.732356 5.639902 7.669176 -16.380278 -4.656281 4.844139 -3.740284 -11.895615 -2.320003 -1.220785 -0.781005 -5.119720 -11.104770 5.580404 -3.092657 12.029157 3.459413 3.452053 -16.025234 25.903181 -15.857555 6.132834 -7.252454 11.021878
-20.608898 10.413679 -3.301292 31.152676 1.896067 -9.908773 8.675377 5.587679 7.683071 -16.425222 -4.649636 4.845960 -3.744846 -11.885188 -2.325886 -1.225225 -0.765262 -5.129230 -11.121753 5.581518 -3.085855 12.043497 3.452673 3.419241 -16.049046 25.919563 -15.911097 6.116385 -7.231063 11.049343
-20.592625 10.421486 -3.305202 31.125010 1.893858 -9.916209 8.692273 5.614608 7.662855 -16.422607 -4.650062 4.841782 -3.734817 -11.899608 -2.318629 -1.220342 -0.787894 -5.113398 -11.098957 5.567721 -3.096986 12.052963 3.467064 3.453755 -16.023134 25.903255 -15.867846 6.113510 -7.264012 11.029873
-20.623251 10.440538 -3.306544 31.136732 1.907771 -9.890046 8.637154 5.558623 7.682103 -16.441042 -4.673329 4.852992 -3.722013 -11.870852 -2.300405 -1.221572 -0.771729 -5.128324 -11.143348 5.578008 -3.134914 12.053078 3.428848 3.460491 -16.010258 25.880211 -15.916324 6.113823 -7.303034 11.127849
-20.634468 10.442040 -3.305878 31.124807 1.865569 -9.889495 8.620304 5.559010 7.675567 -16.435749 -4.669125 4.846273 -3.722840 -11.872272 -2.298141 -1.225894 -0.782270 -5.128767 -11.138972 5.569865 -3.129664 12.049996 3.429637 3.471227 -16.014515 25.880430 -15.912452 6.123256 -7.304900 11.128331
-20.629158 10.455137 -3.304626 31.120623 1.895088 -9.928227 8.620878 5.558981 7.676414 -16.417875 -4.670552 4.845064 -3.734640 -11.882767 -2.311065 -1.229113 -0.778824 -5.140286 -11.139207 5.570967 -3.146650 12.036724 3.426344 3.465388 -16.011198 25.885719 -15.898252 6.130701 -7.294838 11.134007
-20.645763 10.444130 -3.307394 31.123743 1.946010 -9.954118 8.632820 5.564486 7.697853 -16.418434 -4.660604 4.846320 -3.718798 -11.881651 -2.312778 -1.221138 -0.797939 -5.136165 -11.138511 5.570413 -3.129042 12.043785 3.443587 3.500139 -16.011271 25.857500 -15.905410 6.127194 -7.322310 11.115657
-20.647125 10.442976 -3.322316 31.133963 1.945505 -9.944880 8.631746 5.537566 7.699779 -16.431971 -4.670295 4.850650 -3.723712 -11.870745 -2.313995 -1.225905 -0.787437 -5.141284 -11.150832 5.578103 -3.136744 12.051496 3.433540 3.492365 -15.993101 25.858673 -15.911437 6.121777 -7.330040 11.095788
-20.650881 10.441540 -3.314926 31.132954 1.949439 -9.947453 8.633535 5.537090 7.706318 -16.418262 -4.678984 4.860194 -3.718125 -11.868684 -2.302872 -1.221106 -0.775415 -5.149584 -11.147880 5.576736 -3.132908 12.042126 3.435630 3.496936 -16.004143 25.853769 -15.904125 6.113745 -7.330207 11.076598
-16.616142 -10.188306 -5.329630 19.523024 -2.636301 11.162858 7.686758 13.840859 12.048814 -22.916948 3.497579 5.182505 1.826714 -8.248435 -2.399393 -0.694601 -3.281888 -7.009727 -8.412927 10.028678 11.273173 7.755218 4.383879 11.000281 -9.728883 14.671930 -13.929306 16.326113 -21.715849 5.211572
-16.456648 -14.306925 -6.324874 13.086012 -1.238992 15.983772 10.076673 14.706472 10.904725 -23.163668 5.786107 3.942500 1.535259 -7.095107 -2.369001 -1.695518 -3.551381 -6.619901 -6.758115 10.570074 12.025975 4.107387 4.461591 12.388106 -8.608905 10.363029 -15.725404 13.744834 -23.685396 -0.708196
-17.837601 -14.612877 -8.168057 12.893991 -0.607172 13.358482 9.038155 13.242673 10.891079 -23.068846 5.459275 4.224728 1.645866 -6.583383 -2.629863 -1.917298 -4.116033 -6.776698 -7.089327 10.678860 10.875401 3.006617 4.563544 12.708945 -6.685741 11.130823 -13.293118 14.533417 -23.868505 -1.258814
-19.249619 -13.854815 -10.348992 14.334643 0.197115 4.518071 7.411684 9.925424 13.876956 -23.477594 4.114587 4.988738 1.748301 -6.191905 -2.968549 -2.022712 -5.377647 -7.487229 -8.599814 10.859409 10.153113 4.008781 2.989662 11.479302 -5.335228 12.713066 -9.016799 16.821932 -25.164072 -0.103095
-18.357615 -15.522167 -10.673735 12.085344 2.225466 8.433260 9.095042 10.763611 12.839386 -22.580816 5.583211 4.460061 2.011829 -5.559865 -2.892251 -2.596563 -5.151794 -7.105381 -7.341894 10.862453 10.025096 2.187184 3.490751 12.400850 -5.072296 10.834023 -10.471271 14.964383 -24.901419 -2.642186
-18.100018 -17.274590 -11.521201 11.302192 3.522190 9.351087 10.793675 10.145760 12.712529 -22.800306 5.922361 4.310336 1.676771 -4.901628 -2.532601 -2.838318 -5.274973 -6.612175 -6.844888 10.624129 10.072264 0.762465 2.435185 12.364395 -4.714293 10.070546 -9.587969 15.376685 -25.765623 -4.060839
-17.725479 -18.530903 -12.100538 8.169527 4.038842 12.329263 12.584046 11.155818 10.450421 -20.820147 6.975352 3.433934 1.526400 -4.897891 -1.562593 -2.652804 -4.613296 -6.308743 -5.246557 10.745735 10.169527 -1.407894 2.282856 13.842460 -5.192361 7.248150 -10.954412 14.127475 -25.983118 -6.211332
-17.080437 -20.144779 -12.863925 5.411918 4.558080 13.832881 13.341886 12.144379 6.697981 -18.738104 7.424897 2.383516 1.354493 -4.634010 -0.422878 -3.122262 -4.165425 -6.322009 -3.584548 11.235289 9.606158 -4.673533 2.886737 15.535998 -5.267490 5.637093 -11.991755 12.703322 -24.877989 -8.591763
-16.570827 -20.098846 -14.600533 2.776448 5.779547 13.022627 14.726206 11.919013 2.764768 -16.486538 7.606974 1.127611 1.443235 -4.272391 0.381080 -4.092363 -4.031554 -7.038960 -1.762738 11.366869 9.272614 -7.316417 3.588564 16.710520 -5.272192 4.858438 -11.641110 10.515555 -22.957304 -11.760356
-14.251620 -19.952120 -19.263224 -0.216469 3.066037 10.269425 13.269819 13.892203 -1.506735 -12.897521 7.656713 -0.404947 1.890560 -4.652073 2.577477 -4.457635 -3.847792 -7.409677 1.238455 10.628583 9.502873 -8.356457 6.016857 19.304512 -5.374722 5.145059 -12.156456 7.741984 -20.950418 -16.826370
-11.527879 -17.757294 -24.093586 -1.250368 -0.444836 7.670459 9.633410 14.620158 -6.147592 -9.397173 7.312908 -3.280169 3.418619 -4.671707 5.259684 -5.028974 -4.776089 -7.139835 3.501765 8.883008 9.765453 -8.671387 10.111903 21.073063 -5.408014 6.824238 -8.812167 4.671800 -18.305157 -19.765186
-9.205106 -14.809555 -27.806559 -2.859928 -2.406004 5.492542 6.591410 14.789465 -9.490745 -6.898246 7.032766 -5.126790 4.940453 -4.729664 7.819336 -4.877616 -5.568125 -6.296691 4.891549 7.356227 9.803692 -9.097545 13.125785 22.268612 -4.844493 7.799560 -5.513910 2.818458 -17.302240 -20.512112
-9.920259 -14.250641 -28.607634 -3.382924 -1.892417 4.514395 8.456367 13.644425 -9.980226 -6.486423 7.024016 -4.948664 4.586080 -4.622834 8.388433 -4.931478 -5.955544 -5.612177 5.332401 7.489082 8.933061 -10.090427 13.277439 21.183456 -5.027236 7.490314 -4.571206 2.520889 -17.395647 -21.235712
-9.184690 -13.314705 -29.488756 -3.416858 -2.463290 4.195664 7.438828 13.676320 -10.565734 -5.850238 7.065464 -5.338149 4.667346 -4.570541 8.916134 -4.779327 -6.239282 -5.353899 5.588569 7.038092 8.637739 -10.197069 14.025624 21.933538 -4.833406 7.924913 -3.404349 2.019427 -16.713957 -20.907158
-8.341178 -12.121342 -29.845037 -3.999433 -3.180219 3.700855 5.824826 13.951945 -10.919932 -5.347860 6.945277 -6.202190 5.173631 -4.558929 9.292669 -4.911380 -6.246786 -5.406705 5.675576 6.317295 8.895339 -9.879543 14.894790 22.406281 -4.553792 8.259073 -2.498816 1.714977 -16.519476 -20.556072
-7.648753 -11.589865 -30.385878 -3.856952 -3.669721 3.622718 5.107284 13.956179 -11.226314 -5.189508 6.903501 -6.538097 5.554276 -4.434230 9.466457 -4.858495 -6.236472 -5.297086 5.670830 5.900659 9.208692 -9.673739 15.126022 23.111427 -4.395118 8.503969 -2.119943 1.710618 -16.298553 -20.425102
-7.667636 -11.502680 -30.478483 -3.853563 -3.787349 3.530573 5.022436 13.921618 -11.207879 -5.105391 6.904344 -6.592050 5.644737 -4.412298 9.535213 -4.784297 -6.202683 -5.261132 5.637486 5.889376 9.277589 -9.657362 15.080121 23.144299 -4.368617 8.542953 -2.008778 1.725904 -16.201563 -20.366505
-6.323540 -10.515472 -30.595554 -4.079279 -4.215551 3.614834 3.131013 14.626569 -11.459144 -4.613194 6.946699 -7.176771 6.150848 -4.228203 10.072228 -4.658569 -5.897364 -5.299998 5.584008 5.358026 9.793189 -9.393667 16.062616 23.353354 -4.604720 8.700382 -1.318136 1.615445 -15.473480 -19.715595
-6.589991 -10.793690 -30.520979 -4.047670 -3.957729 3.502115 3.912888 14.341077 -11.341632 -4.875180 6.963229 -7.088683 6.053204 -4.256566 9.951037 -4.687812 -6.065270 -5.174286 5.583369 5.497975 9.738232 -9.517492 15.761327 23.284081 -4.530193 8.675386 -1.364627 1.931935 -15.630493 -19.753315
-7.524024 -11.378685 -30.407873 -3.998499 -3.912968 3.431765 4.697196 14.105912 -11.312086 -5.119900 6.936194 -6.660444 5.633640 -4.340423 9.548153 -4.768046 -6.163497 -5.302203 5.543893 5.745891 9.720375 -9.587034 15.387766 23.273958 -4.449871 8.596901 -1.648965 1.791104 -15.858824 -20.296040
-7.626438 -11.350096 -30.466639 -3.768214 -3.682350 3.512589 5.025513 13.848931 -11.133632 -5.114885 6.948906 -6.574933 5.618324 -4.367371 9.563454 -4.759760 -6.238553 -5.220647 5.612652 5.827322 9.441809 -9.638934 15.185727 23.202667 -4.449489 8.535685 -1.840141 1.721613 -16.092896 -20.270874
-10.364482 -12.565438 -29.402861 -4.041811 -0.986310 3.251061 8.980783 11.779677 -10.735354 -5.270197 7.226890 -4.218314 3.787509 -4.266532 8.815281 -4.704416 -6.324894 -4.628601 5.703485 7.375546 6.590771 -11.445204 13.213666 20.581724 -4.502840 7.628995 -2.260770 2.049365 -16.969242 -20.538271
-12.577605 -14.646860 -27.033125 -3.190335 2.204237 3.679163 13.114507 9.949887 -9.485408 -6.669835 6.963844 -2.399426 1.852103 -3.885725 7.372466 -5.170873 -6.478110 -4.444872 5.430474 8.584949 5.032144 -11.855406 10.491414 19.087742 -4.562562 6.802370 -3.223230 3.546703 -18.780180 -21.219912
-15.197490 -15.562063 -24.165178 -3.231120 5.303151 4.367222 16.936920 8.234994 -7.357401 -7.916439 7.113256 -0.319398 -0.281204 -3.425013 5.635962 -5.497394 -5.942519 -4.350599 4.859060 9.645569 4.439132 -14.008823 7.159288 16.779802 -4.226191 4.928638 -3.182117 5.949365 -20.163107 -20.770983
-17.623814 -15.539963 -21.485598 -3.497629 8.403448 5.337024 20.239697 5.838856 -5.423482 -9.116007 7.120937 1.903682 -2.038765 -3.324994 4.830937 -5.285372 -5.748302 -3.808431 4.240706 10.648712 3.275737 -15.537861 4.638298 15.404702 -3.616242 3.961803 -2.850142 8.007907 -21.594671 -19.372498
-20.143501 -14.686543 -19.164967 -3.595292 10.658698 6.168478 22.145803 3.827186 -4.663549 -9.844957 6.948594 2.543646 -2.965114 -3.112406 3.989126 -5.046120 -5.685747 -2.861780 3.118689 11.135629 2.279097 -17.423677 3.521875 13.756848 -3.144631 3.255650 -1.698356 8.931294 -22.139002 -17.886787
-21.615454 -13.547256 -18.282270 -4.399039 11.343239 6.247645 22.864563 2.712043 -4.780364 -9.223442 6.756783 3.100736 -3.520749 -2.734463 3.927719 -5.123649 -5.242254 -1.909819 2.727590 11.085952 1.634946 -18.760149 2.423944 13.003953 -2.551602 2.777616 -0.681006 8.825707 -21.443655 -16.474888
-24.706650 -12.137758 -14.887970 -4.732446 12.865011 7.303641 24.841602 1.284342 -3.909238 -9.990589 6.511502 3.836815 -4.153868 -2.410072 3.775861 -4.456511 -4.868482 -0.065568 1.558438 11.601512 1.608008 -20.222296 1.336418 11.756540 -2.045948 2.936081 -0.270959 9.289784 -20.697405 -13.782870
-25.437489 -10.396849 -14.196738 -6.883737 11.887217 7.170158 24.181087 2.159322 -5.125109 -9.157110 6.687106 4.093440 -3.869449 -2.496046 4.339641 -3.876084 -4.038774 0.901941 1.560045 11.806883 1.870085 -20.982924 0.139303 12.652465 -2.484237 2.152256 -0.933857 7.713438 -19.784357 -13.074508
-25.607216 -9.693342 -13.104476 -7.573206 10.811707 7.703376 23.311636 3.600056 -5.567458 -8.335650 6.910269 3.726110 -3.056488 -2.692686 4.869527 -3.330513 -3.667364 1.343695 1.584902 12.152569 2.246481 -20.986773 -0.412223 14.218886 -1.853947 3.066385 -1.667501 6.558747 -18.533785 -12.705312
-24.772865 -8.654998 -13.949792 -9.195061 8.306343 7.300524 21.124054 5.721375 -6.713259 -6.768542 6.989772 3.021423 -2.352515 -2.951739 5.590023 -2.825376 -3.182554 1.190436 1.851184 11.946060 2.251938 -20.858126 -0.618135 15.977933 -2.292256 3.341623 -2.482621 4.596689 -17.129591 -12.877110
-24.446556 -8.078943 -13.560824 -9.616083 6.766775 9.268680 20.946854 6.811289 -6.822631 -6.206616 7.076555 2.709007 -1.726012 -3.155757 6.007243 -2.342520 -2.497535 1.440406 1.738743 11.952570 2.840495 -21.614594 -0.534624 17.222851 -2.475858 3.140216 -2.315162 3.698487 -15.985601 -11.350781
-24.262991 -7.591315 -11.847413 -9.065273 6.000965 10.045288 19.943462 8.126060 -6.891469 -6.742646 6.764987 2.077209 -1.018745 -3.165296 5.954085 -2.440052 -2.046731 1.573726 1.134460 12.086602 4.415096 -21.282385 -1.534343 17.736727 -2.403477 2.431050 -2.673024 3.883556 -15.676135 -9.106155
-23.046631 -6.962899 -10.493381 -8.239322 3.730211 10.956050 20.121151 9.444973 -7.558737 -7.816695 6.261813 1.588667 -0.008568 -3.352484 6.399793 -2.166733 -1.389152 1.364001 0.777584 11.798130 7.567779 -20.953560 -1.512750 19.144951 -2.629668 1.763951 -3.458314 3.686098 -14.795420 -8.298448
-22.759315 -6.786597 -7.659389 -6.219205 2.530447 12.674587 20.300766 10.916575 -6.744260 -10.129553 5.644303 0.649551 1.027461 -3.635482 5.967007 -2.315991 -0.800249 1.497435 -0.296434 12.446768 10.701049 -20.171825 -2.141215 20.382973 -2.364102 1.219374 -4.785137 4.125670 -14.834029 -6.182349
-21.952124 -7.772268 -7.034542 -5.156894 -0.468183 14.329803 19.340853 13.332892 -7.029517 -11.563347 5.387897 0.112041 2.438035 -3.858940 5.576524 -2.325278 -0.128404 0.845375 -0.581944 12.833107 13.245193 -18.754908 -2.359926 21.779545 -2.536713 0.785867 -7.365509 3.109754 -13.375422 -6.642179
-21.436224 -8.869251 -7.088733 -4.515758 -1.530208 14.165129 19.252855 14.762847 -7.089529 -11.311707 5.493727 -0.335371 2.665617 -4.078609 5.500837 -2.526160 0.187355 0.520729 -0.486407 12.680773 14.291795 -18.243685 -2.493845 22.777605 -2.693677 1.038519 -9.020860 3.280725 -13.075653 -6.395720
-20.835163 -8.985629 -8.477863 -4.969198 -2.466967 13.944018 18.704372 15.395329 -7.548347 -10.341263 5.722061 -0.572412 2.752004 -4.120116 5.921409 -2.503908 0.235254 0.189314 0.160484 12.113422 14.407749 -18.097450 -1.714522 23.550999 -3.179349 1.081829 -8.557137 2.723670 -12.624247 -7.516082
-20.744152 -9.009125 -8.649894 -5.116691 -2.310673 13.981513 18.953173 15.535329 -7.490177 -10.085475 5.782790 -0.622322 2.789663 -4.114158 5.964042 -2.482052 0.355277 0.196370 0.253133 12.034583 14.332852 -18.098227 -1.589234 23.799595 -3.336068 1.087884 -8.686690 2.580274 -12.528309 -7.509523
-20.679644 -8.913525 -8.717282 -5.022758 -2.293901 13.860509 18.960924 15.602494 -7.451485 -9.950150 5.792005 -0.572518 2.799078 -4.155031 6.048694 -2.350140 0.383219 0.097094 0.338387 12.007796 14.344443 -18.111925 -1.556556 23.787432 -3.293038 1.080035 -8.609406 2.334612 -12.408527 -7.553968
-20.778975 -8.817988 -8.816716 -5.017639 -2.479314 13.838734 18.697359 15.536584 -7.614051 -9.824918 5.740362 -0.610546 2.830743 -4.186793 6.132512 -2.329003 0.346104 -0.013157 0.386887 12.025364 14.377957 -18.168371 -1.384593 23.844656 -3.374954 1.112301 -8.583504 2.328420 -12.314700 -7.618723
-30.181229 -0.214172 0.570349 -5.896225 -6.632362 0.008389 21.825987 8.338218 -16.717163 -11.976040 -0.025080 1.678236 -4.276107 -5.219310 7.895219 -4.034123 0.339448 2.888163 -0.124307 12.475006 12.804117 -21.706644 1.038954 13.758703 0.587999 8.899971 -6.378277 3.328834 -8.951848 -7.711541
-22.319408 -2.254654 -2.959807 -11.983595 -8.460593 1.507012 25.008476 18.352064 -14.462364 0.834072 1.683575 -2.084286 -1.702503 -5.374076 6.895205 -5.849011 1.183852 2.107129 4.123608 11.011801 13.592978 -22.970911 0.979753 16.693291 -0.147992 8.064757 -4.334884 1.319665 -6.077662 -10.859613
-18.155777 -4.297202 -4.157973 -14.791931 -7.275412 6.083796 26.924078 23.607069 -8.132356 8.881498 3.063912 -0.181195 -1.348102 -7.488687 5.847976 -3.691861 -1.629072 3.351902 6.447952 12.125683 13.510516 -22.388924 1.245752 17.447586 -0.584148 7.912140 -4.881180 1.457443 -7.213056 -11.345702
-20.266304 -4.477668 -4.520704 -15.503480 -5.008784 8.335725 26.756586 22.737869 -6.362720 9.498407 3.836504 0.561081 -1.713880 -7.458183 6.108231 -3.135194 -1.957286 4.066913 6.076422 11.664618 13.134785 -22.270540 1.115010 17.444506 -0.690323 7.945714 -5.060685 1.574673 -7.628811 -11.632146
-20.226398 -4.355203 -4.431705 -15.395322 -4.739263 8.281945 27.009089 22.701799 -6.359580 9.445736 3.838627 0.601182 -1.662236 -7.427662 6.047261 -3.189379 -1.968619 4.082178 6.069329 11.647711 13.086407 -22.283655 1.161941 17.450609 -0.712190 7.985697 -4.990649 1.604807 -7.602359 -11.560177
-20.137375 -4.327940 -4.795494 -15.333063 -4.904502 8.239446 26.716253 22.587933 -6.643804 9.413462 3.819211 0.576197 -1.693234 -7.372402 6.175786 -3.194233 -1.970024 3.993806 6.154305 11.564753 13.027112 -22.259878 1.296090 17.691849 -0.925403 8.027811 -4.934534 1.698186 -7.538797 -11.580964
-19.922981 -4.430176 -4.816627 -15.416042 -4.948754 8.301604 26.340040 22.687597 -6.547580 9.444866 3.803892 0.483866 -1.641676 -7.312641 6.175433 -3.263263 -1.910604 3.951418 6.154742 11.462929 13.004402 -22.188448 1.276072 17.772053 -1.012460 7.934089 -4.859077 1.761028 -7.602212 -11.676233
-19.857895 -4.481848 -4.967999 -15.498320 -5.016079 8.331337 26.146194 22.684631 -6.741096 9.352690 3.778665 0.438831 -1.583747 -7.277577 6.260111 -3.235990 -1.887590 3.842347 6.133998 11.461349 12.988223 -22.255663 1.302872 17.829266 -0.949359 7.963098 -4.826190 1.722042 -7.704784 -11.839202
-19.897957 -4.408506 -5.045867 -15.423983 -5.023127 8.222668 26.060587 22.631086 -6.850085 9.477179 3.738825 0.457112 -1.524552 -7.293118 6.219067 -3.290481 -1.947035 3.754400 6.183804 11.443813 12.860442 -22.351851 1.371231 17.897461 -0.820487 8.045255 -4.699957 1.594292 -7.604275 -11.905551
-19.940277 -4.352531 -5.223169 -15.490065 -5.011601 8.128257 26.069572 22.535860 -6.800344 9.466988 3.735080 0.389314 -1.541247 -7.270695 6.240141 -3.313423 -1.938831 3.756643 6.181211 11.373108 12.871373 -22.264818 1.425993 17.968161 -0.886618 8.000721 -4.676836 1.554772 -7.674068 -11.895041
-19.905235 -4.394488 -5.291712 -15.600400 -5.141761 7.951698 26.027641 22.606670 -6.869160 9.462826 3.767674 0.308721 -1.572716 -7.310785 6.312255 -3.302307 -1.931469 3.769629 6.223251 11.370132 12.908072 -22.265917 1.323763 18.038576 -0.896939 7.967640 -4.771996 1.488983 -7.654853 -11.942055
-19.848577 -4.378466 -5.387270 -15.571397 -5.139684 7.886376 26.054159 22.654501 -6.945932 9.430137 3.768419 0.279835 -1.523645 -7.314666 6.361900 -3.284039 -1.911599 3.770384 6.219448 11.377924 12.844720 -22.402418 1.336113 18.025526 -0.917639 7.974962 -4.734768 1.394865 -7.571291 -12.002431
-19.812820 -4.317273 -5.500904 -15.495749 -5.164624 7.862778 26.044964 22.539762 -7.026612 9.452106 3.726465 0.326298 -1.613414 -7.312965 6.375672 -3.308265 -1.913775 3.740087 6.281373 11.367697 12.820830 -22.329643 1.297251 18.104057 -0.920569 7.965110 -4.680043 1.371310 -7.560834 -11.984023
-19.649883 -4.339873 -5.534899 -15.478933 -5.209017 7.809888 25.990732 22.681894 -7.138919 9.559752 3.709932 0.305285 -1.579700 -7.269505 6.456057 -3.289307 -1.933659 3.782032 6.295793 11.408757 12.913855 -22.405691 1.352496 18.068707 -1.004737 7.865542 -4.615974 1.371908 -7.485948 -12.110734
-18.891920 -4.076988 -6.913097 -15.573668 -5.842495 7.313064 25.212650 22.772047 -7.523744 10.190774 3.452675 0.243155 -1.261898 -7.176364 6.949297 -3.622886 -2.200648 3.485049 6.955365 11.018407 12.785699 -22.044029 1.910159 18.215437 -1.118814 7.794142 -3.833264 0.935644 -7.506517 -12.436738
-17.017670 -3.121226 -10.415807 -16.178787 -6.961477 5.243939 22.376999 22.831770 -9.310785 11.647171 2.848308 -1.117908 -0.455081 -6.792610 7.627042 -4.425214 -2.302382 2.530003 7.508340 10.274653 11.929696 -22.272276 3.312800 19.384686 -0.906519 8.107225 -1.337698 0.237143 -7.622858 -12.990190
-15.515166 -2.122512 -13.120088 -16.155176 -8.217795 3.883368 20.082327 22.903378 -10.437587 12.472219 2.660587 -2.178017 0.219701 -6.526883 8.235167 -4.837494 -2.585833 2.107269 7.979438 9.556606 11.037559 -22.081007 4.735699 19.918085 -0.905444 7.820620 1.109529 -0.487495 -7.739105 -12.965492
-14.516681 -1.896926 -14.253814 -15.833311 -8.804645 3.414099 18.928179 23.144678 -11.373861 12.865871 2.761925 -2.656412 0.716308 -6.257585 8.395462 -4.857688 -2.549255 1.815513 8.122025 9.165286 10.393842 -21.842855 5.329496 20.534760 -0.629531 8.218092 1.823895 -0.990554 -7.766292 -12.932949
-14.246162 -1.861471 -14.505869 -15.931332 -8.734295 3.226958 18.508244 23.185318 -11.424321 12.988565 2.744129 -2.987131 0.893914 -6.165770 8.707357 -4.913773 -2.499405 1.823125 8.306189 9.097078 10.079859 -21.971342 5.542609 20.797153 -0.491469 8.393244 2.521311 -1.092467 -7.687072 -12.854692
-13.356013 -1.053838 -15.555009 -15.277582 -8.766611 2.264879 16.575119 23.006836 -12.011062 12.939413 2.725976 -3.935944 1.686246 -5.891274 9.381325 -4.918754 -2.538844 1.268359 8.489191 8.844889 9.821252 -21.828297 6.544162 21.432768 -0.056402 8.541489 3.738641 -1.729837 -7.314598 -12.303292
-13.542739 -1.567296 -14.811528 -15.801728 -8.567309 3.225073 18.046244 23.351297 -11.916638 12.713295 2.772165 -3.496707 1.228314 -6.066513 9.058369 -4.805154 -2.521918 1.630030 8.302490 8.998863 9.845306 -22.118460 5.905136 20.985455 -0.329432 8.240854 3.047788 -1.462962 -7.552011 -12.602338
-13.376298 -1.466658 -15.301465 -15.549726 -8.744019 2.888921 17.604467 23.357054 -11.947368 12.918559 2.772922 -3.591116 1.361645 -6.006895 9.132006 -4.741457 -2.497238 1.518955 8.299029 9.040371 9.662438 -21.987892 5.963182 21.186913 -0.314117 8.351122 3.561323 -1.591815 -7.607842 -12.636178
-13.469137 -1.533270 -14.992830 -15.757350 -8.722565 3.434135 17.893272 23.245508 -11.882043 12.726689 2.780067 -3.433723 1.303073 -5.991845 9.090993 -4.804234 -2.571767 1.560724 8.345229 8.979268 9.764201 -22.014235 5.975631 21.117750 -0.299591 8.315545 3.202019 -1.545151 -7.587626 -12.580695
