-6.141941 27.423311 -17.531235 22.398935 -2.156897 3.171719 -6.906887 2.255241 -7.104132 -7.917445 2.410032 2.956256 4.070031 -9.222354 -3.411886 -5.176537 -4.070920 8.677865 -2.996787 -7.044825 -0.210279 8.318518 13.267446 -0.556868 -27.730076 7.356376 1.888101 -18.745729 1.579209 17.141331
-6.132470 27.405546 -17.553078 22.414213 -2.163170 3.208861 -6.904042 2.242740 -7.105412 -7.952702 2.433745 2.927067 4.069339 -9.231084 -3.505759 -5.186071 -4.135913 8.686890 -3.085425 -6.927557 -0.133715 8.345093 13.257579 -0.686558 -27.869589 7.236049 1.808268 -18.787727 1.583459 17.118622
-15.510636 24.638721 -4.658041 18.655437 6.039048 13.164382 -2.521448 3.009464 -0.401571 -1.769343 4.079607 5.182954 0.056542 -8.335687 -6.246399 -4.693382 0.317512 6.902009 -4.987667 -3.549469 -5.592163 2.361649 5.573476 -3.184217 -27.211075 2.315016 -10.049992 -15.443438 -4.914953 19.792837
-17.160419 24.712469 -1.751691 19.450098 5.527633 12.101159 -3.435765 2.646616 0.198792 -1.376337 3.563356 4.926070 -1.045615 -8.439817 -6.499080 -4.338414 1.852857 7.554912 -5.115334 -3.375944 -5.586122 1.093600 3.917935 -4.990062 -27.132414 2.503305 -10.868747 -12.937890 -4.630501 22.562309
-18.441031 23.855627 0.679061 20.619413 5.981191 11.598691 -3.348231 3.083049 0.773232 -0.870983 3.949653 5.513393 -1.886383 -8.161443 -6.155551 -3.466952 2.718545 8.546513 -5.520003 -2.915632 -4.244819 -0.287319 2.122566 -5.910219 -26.467680 2.588762 -11.778836 -10.686567 -4.019298 25.100443
-20.195625 22.982491 3.192660 20.379129 6.173121 10.907071 -4.097532 2.926836 -0.115741 -0.802514 4.128029 5.229397 -2.944286 -7.694197 -6.093817 -3.637755 3.603989 9.351818 -5.501651 -2.742908 -3.586346 -2.449846 -0.036365 -5.508607 -25.751387 1.405837 -13.166427 -9.584062 -3.761428 26.471365
-23.507109 23.838043 6.134980 18.760458 4.515893 8.341141 -6.733422 0.894300 -2.655447 -1.835750 4.357751 5.022692 -4.336973 -7.498315 -5.975828 -3.520333 4.401961 10.123543 -4.838854 -2.060807 -3.940067 -6.248853 -1.355354 -5.202749 -25.049219 -0.400580 -13.909194 -8.824710 -3.520406 26.503304
-25.866003 24.821098 9.342829 16.838680 2.948942 5.380574 -9.620925 0.391757 -4.593347 -2.182845 4.248741 5.026391 -5.834446 -6.744340 -4.702974 -4.101635 5.640382 11.121576 -3.026604 -2.752584 -4.585977 -9.694173 -3.590925 -2.233271 -20.597059 1.233018 -12.182541 -5.253582 -3.336934 27.684658
-26.562454 25.063671 12.042926 13.447710 2.068152 1.311647 -12.540814 2.341218 -6.038710 0.047487 3.945351 3.654989 -6.224205 -5.966915 -4.290333 -5.548108 7.245937 11.100102 -1.883932 -2.559866 -6.824103 -10.692612 -7.047140 -2.496649 -18.450485 2.359444 -13.214467 -3.053137 -4.744116 26.901436
-24.579445 24.081083 13.143304 13.866256 1.155129 -0.670941 -13.204736 4.373826 -5.859196 0.981990 3.538572 2.970711 -6.398210 -6.128976 -4.131212 -5.605758 8.098511 10.765713 -1.610787 -2.195539 -5.883543 -11.928719 -8.017868 -4.112140 -17.452364 3.685953 -12.561460 -0.413618 -4.448563 27.059971
-24.089046 22.842558 14.281199 15.432144 -0.853533 -0.164012 -13.696188 5.406238 -6.598420 -1.018068 4.192967 2.819157 -6.212107 -6.591661 -4.131052 -4.195481 8.587757 10.365923 -2.631197 -1.177812 -3.351247 -10.734158 -8.274194 -3.302451 -18.484045 3.235689 -13.703876 2.308091 -3.985117 27.926842
-25.270557 21.086395 15.504239 18.297966 -2.474787 1.245937 -12.285100 6.018376 -7.184673 -6.789920 4.930182 2.753472 -4.906857 -7.118061 -3.999822 -1.563118 8.811127 10.645505 -4.527573 0.617509 -0.042154 -6.953473 -9.822563 -2.480041 -21.941227 1.996328 -16.339186 2.629483 -2.426033 27.400669
-25.819818 18.863605 16.565027 19.033476 -3.207565 3.388765 -11.187870 6.681577 -7.734191 -10.260935 5.009132 1.951377 -2.968790 -8.021873 -4.922050 -0.649599 8.977072 10.691279 -6.159610 2.284482 3.317120 -2.671634 -10.826039 -3.055376 -26.045771 0.498143 -18.626020 0.875960 -1.376281 25.803762
-26.081631 17.928978 16.879723 19.286907 -3.313667 3.821944 -10.491943 6.434846 -7.764040 -11.780710 5.142936 1.877880 -2.465886 -8.141136 -4.935506 -0.422642 8.861494 10.909189 -6.321648 2.708754 4.505342 -1.524773 -11.554284 -3.689972 -27.400820 -0.157745 -19.356455 0.465696 -1.219784 25.183605
-26.333864 17.751179 16.861658 19.260860 -3.260647 3.839526 -10.381870 6.506799 -7.712121 -11.880835 5.167889 1.783896 -2.448688 -8.241811 -4.916826 -0.328507 8.875685 10.952504 -6.376223 2.733378 4.574629 -1.473043 -11.687779 -3.808846 -27.632521 -0.253254 -19.478186 0.124393 -1.096362 25.040085
-26.284178 17.684103 16.881578 19.298712 -3.226104 3.819070 -10.392850 6.579415 -7.696706 -11.947786 5.197672 1.851209 -2.323666 -8.197119 -4.946215 -0.353186 8.910355 10.977551 -6.400702 2.751151 4.596547 -1.519254 -11.598731 -3.833735 -27.603849 -0.217975 -19.630714 0.157489 -1.129922 25.022118
-26.312283 17.650412 16.867964 19.308098 -3.262057 3.855110 -10.334334 6.577360 -7.660446 -11.951627 5.206091 1.852327 -2.327993 -8.189375 -4.945570 -0.339133 8.910511 10.998453 -6.393773 2.740479 4.559421 -1.465058 -11.546737 -3.809486 -27.618937 -0.174118 -19.652597 0.198564 -1.212442 25.040894
-26.307678 17.675322 16.881319 19.292458 -3.253354 3.867560 -10.381341 6.566108 -7.683752 -11.944718 5.203996 1.848568 -2.320554 -8.191031 -4.938328 -0.338747 8.911200 11.003201 -6.396199 2.741853 4.573737 -1.477331 -11.562630 -3.797275 -27.606127 -0.185265 -19.633743 0.193814 -1.211156 25.033819
-26.326061 17.635183 16.889519 19.295092 -3.237840 3.816457 -10.400514 6.583141 -7.721627 -11.909732 5.194472 1.828941 -2.409335 -8.231572 -4.928681 -0.322949 8.894100 11.016374 -6.364534 2.742896 4.624011 -1.458598 -11.600509 -3.788229 -27.619532 -0.187636 -19.628544 0.226885 -1.211364 25.026129
-26.314178 17.678747 16.876905 19.291275 -3.260510 3.823760 -10.411577 6.566533 -7.673317 -11.922336 5.198750 1.849555 -2.342241 -8.203359 -4.958430 -0.350925 8.905750 11.006571 -6.369437 2.745545 4.602261 -1.444172 -11.556075 -3.799753 -27.613157 -0.184792 -19.647429 0.227017 -1.239193 25.004707
-26.312336 17.612904 16.857481 19.308161 -3.270689 3.853280 -10.333433 6.559280 -7.587444 -11.957922 5.186329 1.879070 -2.329841 -8.208596 -4.971161 -0.344123 8.904112 10.986412 -6.366919 2.782579 4.611860 -1.431237 -11.535544 -3.807575 -27.624224 -0.196798 -19.663937 0.225805 -1.264500 25.052408
-26.297571 17.646070 16.869373 19.289062 -3.279173 3.872592 -10.385738 6.557149 -7.630896 -11.933399 5.187077 1.870456 -2.327605 -8.209267 -4.956880 -0.336404 8.905689 10.993019 -6.377774 2.778362 4.622252 -1.446839 -11.543925 -3.792912 -27.612743 -0.210147 -19.628046 0.229450 -1.257629 25.029266
-27.855816 10.027091 15.396968 21.573751 2.305945 -2.153981 -8.881420 5.244888 -7.601188 -13.482412 6.571872 2.209639 -1.799108 -4.958147 -3.519444 -0.918492 10.161905 10.087215 -6.053654 3.548170 2.422235 -5.224582 -11.137219 -3.208084 -23.226381 3.494949 -20.115351 -0.003754 0.311871 15.248945
-27.331642 5.200478 13.652333 17.907339 3.795612 -4.923205 -9.245857 9.322384 -3.372845 -6.288864 6.840234 1.931271 -2.958052 -3.159614 -2.819807 -2.811765 11.837988 8.507669 -4.516899 3.178621 1.193267 -9.108934 -13.524243 -2.341231 -17.868660 7.733235 -18.483576 1.491862 0.600514 10.859209
-28.225933 5.244706 14.442938 15.658707 3.644225 -4.280633 -9.464895 10.007991 -1.710264 -3.356085 6.430157 0.968789 -3.090699 -2.769201 -1.946119 -3.555347 12.062908 8.606015 -4.022662 2.558028 1.018885 -10.800478 -15.015516 -1.169223 -16.875105 7.163536 -17.748302 1.951196 0.369526 10.965661
-27.382761 4.310853 13.521276 15.526372 3.921106 -4.445298 -9.551793 10.395860 -1.278300 -3.038665 6.862067 1.260691 -3.484459 -2.625759 -2.407965 -3.554311 12.048399 8.116669 -3.913971 2.649776 0.883411 -11.127659 -13.924544 -1.736223 -16.608936 8.131199 -17.818407 2.194063 0.496656 9.642725
-27.348038 4.312362 13.817798 14.045161 3.943721 -4.631148 -9.752833 11.221963 -0.289479 -1.523939 6.662488 1.121467 -3.509028 -2.278494 -2.038856 -4.045296 12.227133 8.151247 -3.643246 2.273048 0.733785 -11.715576 -14.224302 -1.155211 -15.705868 8.064363 -17.706553 2.404543 0.072225 10.143523
-27.082193 4.771922 14.095504 12.631219 3.443379 -4.291772 -9.412538 11.308251 -0.033425 -0.427610 6.321114 0.995686 -3.111525 -2.129885 -1.569410 -4.192075 12.396601 8.169559 -3.518134 2.017326 0.883056 -12.567399 -15.413628 -0.168139 -15.032803 7.749465 -17.116590 2.433114 0.258529 10.803853
-27.419451 4.470001 13.907894 13.550198 3.721287 -4.768373 -9.686486 10.825184 -0.349574 -1.443715 6.592137 1.153888 -3.341086 -2.254640 -1.861033 -4.068442 12.312571 8.198440 -3.505417 2.178900 0.709328 -12.104503 -14.905017 -0.629898 -15.451674 8.058103 -17.059187 2.439440 0.323787 10.364482
-27.283440 4.866312 14.052896 12.541724 3.602659 -4.243932 -9.256090 11.199046 0.051100 -0.178330 6.226115 0.974558 -3.103976 -2.194493 -1.543547 -4.224083 12.355843 8.163735 -3.444680 1.966570 0.785489 -12.782042 -15.491925 0.007143 -15.032682 7.686491 -16.904060 2.343586 0.304694 10.957580
-27.504457 4.545928 13.933550 13.656185 3.815850 -4.863340 -9.616685 10.896897 -0.346742 -1.359208 6.593755 1.084375 -3.385544 -2.284890 -1.919855 -4.087061 12.243940 8.134096 -3.520918 2.216531 0.782902 -12.176361 -14.749875 -0.579575 -15.441703 8.052634 -17.145546 2.407483 0.343205 10.385762
-27.371719 4.844717 14.150832 12.419346 3.619792 -4.197071 -9.289541 11.184687 -0.037013 -0.128815 6.211655 0.960018 -3.163048 -2.172415 -1.536142 -4.295774 12.341213 8.140815 -3.415945 1.902749 0.749093 -12.955715 -15.423816 -0.043992 -14.994915 7.779475 -16.765299 2.284453 0.379282 11.000010
-27.766884 5.045585 14.528897 11.723058 3.286221 -4.181750 -9.414611 11.387336 0.081488 0.527732 6.012501 0.703522 -3.129701 -2.153463 -1.242392 -4.475066 12.468182 8.286606 -3.343836 1.646350 0.886735 -13.231394 -15.664939 0.439703 -14.735926 7.356886 -16.360079 2.361598 0.335917 11.611932
-27.499750 4.963962 14.075844 12.916605 3.574088 -4.334179 -9.503348 11.165792 -0.223048 -0.232627 6.322136 1.109746 -3.225519 -2.156289 -1.566026 -4.202447 12.322702 8.136362 -3.438732 2.059159 0.847036 -12.404116 -15.282407 -0.139419 -15.058308 7.785803 -17.085228 2.383618 0.272007 10.766227
-27.506535 4.863129 14.352363 12.060861 3.515075 -3.932622 -9.327544 11.202104 -0.014959 -0.206689 6.170540 0.901480 -3.148018 -2.133199 -1.445149 -4.390182 12.364986 8.155735 -3.406389 1.817151 0.774585 -13.068254 -15.556190 0.141738 -14.857058 7.615748 -16.422110 2.511832 0.222389 11.351418
-27.833441 5.157994 14.650493 11.346831 3.257521 -4.263917 -9.527575 11.268412 0.052732 0.411919 5.964835 0.554365 -3.076499 -2.172385 -1.150194 -4.578556 12.547991 8.342495 -3.267171 1.606326 0.709432 -13.460223 -15.855968 0.836114 -14.557495 7.545612 -16.189692 2.047926 0.509636 11.572730
-28.069050 4.999885 14.944760 10.843037 3.217484 -3.668301 -9.265845 11.382365 0.467268 0.778106 5.857381 0.506143 -3.173090 -2.121179 -0.926527 -4.683490 12.630724 8.492622 -3.206496 1.337113 0.519868 -13.829618 -16.173147 1.270254 -14.365492 7.266483 -15.938839 2.108031 0.294838 11.893340
-27.727478 5.034883 14.424889 11.836654 3.310781 -4.241453 -9.380544 11.335649 0.018602 0.239403 6.101892 0.869458 -3.134779 -2.168927 -1.258295 -4.353252 12.464500 8.359261 -3.330406 1.645789 0.788495 -13.303999 -15.756157 0.412266 -14.717363 7.486133 -16.370886 2.471289 0.353045 11.519061
-27.897032 5.200567 14.649629 11.601811 3.367229 -4.335546 -9.554078 11.286359 0.111058 0.457393 6.002337 0.560452 -3.064104 -2.142111 -1.121745 -4.561989 12.550634 8.343823 -3.293384 1.619167 0.658830 -13.346319 -15.830562 0.717564 -14.496466 7.571963 -16.181307 2.037817 0.485832 11.470006
-28.052464 4.988224 14.854430 10.952546 3.239577 -3.756854 -9.316051 11.407872 0.375638 0.640465 5.870243 0.501669 -3.121733 -2.078288 -0.954458 -4.644296 12.579365 8.438259 -3.278493 1.378582 0.506786 -13.848712 -16.228371 1.185815 -14.406898 7.382732 -15.935220 2.126367 0.363409 11.641043
