3.370201 29.995281 -6.641710 12.410802 9.344518 -4.481337 -3.339698 6.642364 -2.767975 -20.705069 -4.740846 10.483440 3.636436 -7.610944 5.925613 -4.839091 -0.637979 0.788071 -3.127365 -7.435106 -4.965436 8.702341 10.503919 14.740000 -13.321852 20.113005 0.384141 -15.674630 -0.680516 16.521259
3.474911 30.015751 -6.440808 12.289097 9.447574 -4.657837 -3.436033 6.704648 -2.838532 -21.188547 -4.777829 10.515426 3.652797 -7.619982 5.955722 -4.819789 -0.628759 0.774282 -3.150293 -7.424904 -4.960683 8.709028 10.526534 14.754307 -13.321975 20.129786 0.387645 -15.672324 -0.655190 16.512341
1.951137 28.943783 -4.186936 12.024574 11.415401 -2.904616 -2.116524 6.847678 -1.014306 -20.172724 -3.464696 10.506285 3.284334 -7.853657 4.784316 -4.351279 0.125776 0.883936 -2.733502 -7.082368 -5.993401 8.236689 9.136653 14.068473 -13.420244 19.761389 -2.114136 -14.112163 -2.251539 17.028048
1.624000 27.895552 -2.729239 13.154465 12.614479 -2.502957 -0.607144 7.430074 -0.098097 -19.218336 -3.291142 10.645407 3.014917 -8.142819 4.523899 -3.781939 0.630334 1.171074 -2.752261 -6.571063 -6.239592 7.915576 8.428926 13.308495 -13.745701 20.148043 -3.283023 -12.368669 -2.651010 17.694164
0.498028 26.258434 -0.398021 13.491522 14.386612 -1.324281 1.212802 8.595294 1.497296 -17.736061 -2.777606 10.860813 2.602268 -8.313623 4.023709 -3.263805 1.230561 1.320244 -2.776053 -6.116655 -7.140232 7.511916 7.511183 12.655728 -14.645547 20.181067 -4.891667 -9.778081 -3.330370 18.351711
0.151062 24.801567 1.081711 14.430324 15.210032 -1.235107 2.273226 9.605370 2.114125 -17.357641 -2.679587 11.069239 2.223383 -8.412967 3.739077 -2.963388 1.800939 1.294641 -2.953275 -5.661058 -7.282346 7.436010 7.119609 12.233109 -15.075912 20.247999 -5.886632 -8.243850 -3.664225 18.326874
-0.139765 24.039053 1.693490 15.559623 15.921194 -1.528879 3.047545 9.813502 2.262957 -17.427935 -2.724076 11.265784 1.849930 -8.548402 3.644038 -2.608848 2.316361 1.432299 -3.195498 -5.440948 -7.996620 7.120337 6.757485 11.821031 -15.476059 20.275887 -6.429355 -7.338558 -4.034873 18.609798
-0.427634 23.194460 2.593264 16.297800 16.284727 -1.662982 3.440233 10.279752 2.241080 -17.652136 -2.862458 11.103951 1.701427 -8.577602 3.637841 -2.529748 2.643692 1.510178 -3.185774 -5.357238 -8.207471 6.805106 6.534046 11.482599 -15.516224 20.270845 -6.907505 -6.770755 -4.125222 18.494593
-0.793747 22.824648 3.208354 16.872850 16.787680 -1.941958 3.899042 10.312688 2.191207 -17.632660 -3.059160 11.011848 1.493814 -8.710226 3.584938 -2.555961 2.974160 1.580556 -3.163442 -5.330109 -8.461697 6.374220 6.234432 11.086738 -15.592008 20.365433 -7.258105 -6.398146 -4.064682 18.737476
-1.224764 22.884581 3.754858 17.400141 17.002378 -2.645177 3.666270 10.104754 1.712139 -18.074205 -3.335098 11.190244 1.147188 -8.744741 3.549033 -2.621912 3.208144 1.373355 -3.296171 -5.115156 -8.694410 5.999965 5.982457 10.524458 -15.858123 20.699324 -7.579933 -5.354744 -4.328068 18.682041
-1.895899 23.153225 4.640530 17.642866 17.249941 -3.305508 3.547545 9.800639 1.215499 -18.233484 -3.820086 11.508758 0.727566 -8.744246 3.645459 -2.762302 3.181631 1.053317 -3.453041 -4.807320 -9.250334 5.833073 5.586872 10.034434 -15.990069 20.872252 -8.235201 -4.977924 -4.642943 18.248306
-2.718129 24.258923 5.168489 17.501577 17.218323 -3.947078 3.235927 9.040807 0.163640 -18.702772 -4.326669 11.751372 0.176344 -8.765036 3.572387 -3.091423 3.180439 0.684886 -3.528327 -4.603687 -10.009488 5.503989 5.262286 9.395490 -15.830940 21.089373 -8.692452 -5.174623 -4.863605 18.013815
-3.474667 25.225319 5.477608 17.348200 17.062483 -5.032902 2.663375 8.289884 -1.186281 -19.383631 -4.743444 12.013277 -0.157530 -8.738482 3.520319 -3.381192 3.046746 0.123378 -3.663681 -4.295010 -10.491131 5.322319 4.903158 9.326410 -15.874124 20.891142 -9.490821 -5.522414 -4.833580 17.311937
-4.263518 26.224743 6.147380 16.723425 17.047626 -5.111162 2.494831 7.673408 -1.827975 -19.439234 -4.986801 12.264047 -0.746769 -8.749980 3.338450 -3.774869 3.005973 -0.190497 -3.532538 -4.166409 -10.991237 4.966429 4.512912 9.449290 -16.044161 20.625214 -10.093463 -6.352706 -4.691991 16.584595
-4.783328 27.467609 6.316503 15.954358 16.625145 -5.394327 1.966158 6.642540 -3.119139 -20.030317 -5.169657 12.439831 -1.068786 -8.687424 3.308974 -4.058833 2.801847 -0.523426 -3.484106 -3.881161 -11.181785 4.604279 4.339153 10.200066 -16.099283 20.081865 -10.676204 -7.471402 -4.385022 15.984752
-5.024858 28.301378 6.523254 15.236206 15.830419 -5.016347 1.810799 6.126173 -3.577237 -20.109205 -5.203408 12.606186 -1.366348 -8.578359 3.161844 -4.539633 2.456422 -0.993821 -3.365549 -3.775761 -11.302195 4.257938 4.237959 11.141669 -16.326727 19.294563 -10.885737 -8.585876 -4.123767 15.614832
-5.082750 29.792580 6.533079 14.269920 15.447390 -4.887605 1.391547 5.661242 -4.056988 -19.801001 -5.075005 12.630523 -1.889197 -8.485570 3.074317 -5.049118 2.090639 -1.169618 -3.092023 -3.962703 -11.448670 3.608108 4.415682 12.757776 -16.969700 18.385733 -11.273654 -9.656859 -3.438300 14.923039
-5.178596 30.944483 6.115133 13.548038 14.908765 -4.753747 1.104083 4.929136 -4.602441 -19.869497 -5.154669 12.653265 -2.183452 -8.213188 3.163942 -5.571085 1.871770 -1.461065 -3.082249 -4.090808 -11.815553 2.762472 4.697729 13.659229 -17.009981 17.737982 -11.066436 -11.130184 -2.659681 14.748672
-5.239605 31.602430 5.600763 12.933861 14.603251 -4.485728 0.644035 4.468389 -4.766387 -19.954950 -5.337685 12.683905 -2.193210 -7.893913 3.459653 -5.915749 1.614252 -1.702508 -3.260375 -4.310240 -11.935667 2.236549 5.323655 15.044951 -17.308809 17.000469 -10.289313 -12.282381 -1.869453 14.967155
-5.082913 32.676311 5.098643 12.564781 14.421565 -3.938740 0.256608 3.903867 -4.744268 -19.771641 -5.164779 12.581321 -2.197154 -7.717378 3.534934 -6.195436 1.419699 -1.848324 -3.216214 -4.425016 -12.413791 2.131321 5.571772 16.137461 -17.578808 16.478598 -10.072021 -12.976441 -1.662138 15.343608
-5.218204 32.552765 5.096583 12.744429 14.499861 -3.869908 0.232347 3.708199 -4.854110 -19.958717 -5.240613 12.652609 -2.161899 -7.673214 3.638964 -6.187969 1.387075 -1.821863 -3.268772 -4.404597 -12.525350 2.077878 5.574633 16.036879 -17.574028 16.484877 -10.063476 -13.062554 -1.512887 15.246788
-5.215611 32.577538 5.059474 12.712355 14.471271 -3.883852 0.200809 3.689348 -4.878911 -19.979427 -5.162532 12.630283 -2.178990 -7.649224 3.609368 -6.194799 1.424064 -1.821073 -3.252274 -4.422680 -12.544648 2.089045 5.596678 16.058989 -17.607040 16.491526 -10.042590 -13.049033 -1.522773 15.246814
-3.375583 30.969902 6.363297 14.430966 13.957324 -7.772649 2.114170 6.737999 -6.466566 -18.309076 -5.857846 12.062868 -1.950734 -9.281074 2.612357 -5.664476 2.143666 -1.740541 -2.029064 -2.881114 -9.338960 1.853671 4.797370 11.902686 -16.734217 18.866438 -11.360179 -9.352013 -1.650247 12.464824
-1.423099 27.033947 5.877326 17.048407 15.459053 -8.547355 3.386973 9.726461 -4.218721 -16.474421 -5.901120 11.295449 -1.245372 -10.188824 2.352726 -5.146465 2.791701 -0.850473 -1.229532 -2.456773 -6.957452 1.940394 5.485041 8.798348 -15.725079 21.049833 -9.961849 -6.345391 -0.773079 12.712390
-0.524693 25.468529 5.982502 15.113191 14.136118 -7.925411 3.544961 12.167466 -3.059132 -14.785059 -5.104375 9.939831 -0.440551 -10.703812 2.124349 -5.017651 3.137218 0.159993 -0.131231 -2.573937 -4.976431 0.781318 6.186891 9.026936 -15.476858 21.104921 -8.281528 -5.818341 0.761272 13.883515
0.048691 24.701389 6.422001 11.271110 12.084781 -7.695365 3.507967 15.072495 -3.279511 -13.624994 -4.224916 8.318411 0.386666 -10.692158 1.902409 -5.396538 3.256904 0.739385 0.579742 -3.266464 -3.097178 0.333497 6.826992 9.051361 -14.856091 21.088747 -6.983839 -6.327190 2.011702 14.072607
1.202425 25.314451 5.910822 7.894274 9.657774 -6.535144 0.775096 16.544376 -2.537858 -12.578634 -3.933784 8.038593 0.183799 -10.649150 2.355048 -5.475365 2.835938 1.560352 0.816710 -4.171844 -1.133864 -0.389133 6.894499 9.497537 -13.341055 20.635197 -5.366563 -7.401545 3.022485 16.274261
2.780012 25.598658 4.454593 7.364134 9.416689 -8.704138 -0.295143 17.307962 -1.778250 -10.548290 -3.903685 7.182295 0.322270 -11.216225 1.776449 -5.928167 2.498753 1.661463 1.870883 -4.696289 -0.173007 -1.078558 7.788244 7.508766 -12.408040 21.764685 -2.979700 -7.923211 4.139426 15.465802
5.390321 26.555107 2.459595 6.922319 8.179337 -10.629374 -2.487153 18.807489 -0.627370 -8.526449 -3.393560 6.105261 1.087710 -11.853735 1.691724 -5.824790 2.007909 2.716455 3.128726 -5.365046 0.608337 -1.432345 8.787068 5.730554 -11.318525 23.156548 0.412003 -7.980341 5.270875 15.825280
5.355272 26.516644 2.501007 6.968607 8.317724 -10.636744 -2.402150 18.813150 -0.591912 -8.473267 -3.457247 6.146877 1.042205 -11.836727 1.686860 -5.870587 1.996867 2.663021 3.101793 -5.394295 0.642152 -1.370994 8.818864 5.606716 -11.232246 23.310223 0.267645 -8.089122 5.154002 15.469761
5.338599 26.501286 2.403060 6.881434 8.365255 -10.677385 -2.412680 18.799601 -0.604564 -8.485090 -3.491755 6.139867 1.035561 -11.855703 1.681674 -5.886789 2.000005 2.634693 3.107236 -5.337618 0.704028 -1.395126 8.802019 5.649553 -11.275456 23.266068 0.242331 -8.056839 5.222347 15.442176
5.265595 26.467789 2.517147 6.942502 8.397696 -10.711490 -2.332067 18.796553 -0.673567 -8.565983 -3.543596 6.168513 1.048913 -11.829702 1.690393 -5.914438 2.004601 2.532654 3.046306 -5.274927 0.613707 -1.475025 8.754532 5.630689 -11.349709 23.233747 0.124526 -7.967391 5.202290 15.410395
5.222919 26.367920 2.627352 6.849807 8.341985 -10.760472 -2.388735 18.893501 -0.743138 -8.511139 -3.587706 6.228639 0.930795 -11.826289 1.705498 -5.922060 2.060745 2.529723 3.010498 -5.186191 0.584453 -1.499162 8.861230 5.495453 -11.333666 23.394915 0.030608 -7.966443 5.103818 15.180207
5.516284 26.482826 2.377930 6.914258 8.257742 -10.669961 -2.507168 19.018766 -0.523683 -8.296280 -3.401136 6.094050 1.143128 -11.864445 1.697444 -5.826340 1.974636 2.718489 3.159440 -5.404222 0.687799 -1.343246 8.805792 5.505722 -11.249597 23.316488 0.411092 -7.975754 5.216978 15.795701
5.541893 26.473984 2.382278 6.875427 8.261454 -10.640195 -2.515199 19.021154 -0.509646 -8.302564 -3.333433 6.058469 1.181003 -11.846943 1.694172 -5.767522 2.026846 2.768099 3.132933 -5.419518 0.700085 -1.378792 8.864053 5.529096 -11.184671 23.330984 0.535773 -7.945041 5.260464 15.858253
5.539393 26.441906 2.377453 6.831083 8.264184 -10.718516 -2.491811 19.060184 -0.481769 -8.191538 -3.396904 6.061865 1.137721 -11.901264 1.646752 -5.860872 1.975849 2.715277 3.214517 -5.395705 0.795471 -1.393178 8.880600 5.374917 -11.082358 23.424814 0.582361 -8.070807 5.335950 15.573470
5.469487 26.479900 2.343382 6.830739 8.349047 -10.744477 -2.477336 18.992834 -0.548162 -8.305807 -3.393748 6.064725 1.122192 -11.889589 1.587740 -5.904166 1.923226 2.642519 3.218711 -5.473257 0.678475 -1.456634 8.832097 5.525220 -11.293581 23.347837 0.414280 -8.073705 5.337080 15.519619
5.407799 26.539564 2.370336 6.780489 8.395159 -10.704371 -2.397866 18.888788 -0.502343 -8.285891 -3.448599 6.069123 1.077364 -11.877192 1.635659 -5.934955 1.939996 2.659619 3.181825 -5.417902 0.796015 -1.470077 8.821853 5.513517 -11.241746 23.343788 0.399256 -8.003797 5.274978 15.530164
5.440750 26.546474 2.458184 6.738670 8.311351 -10.679981 -2.436074 18.928389 -0.561964 -8.297082 -3.464351 6.106670 1.062531 -11.861813 1.638948 -5.923615 1.931002 2.622590 3.133916 -5.381739 0.744234 -1.577964 8.819201 5.557248 -11.309290 23.232773 0.485716 -8.018011 5.296089 15.547492
5.270362 26.393646 2.585346 6.840033 8.400498 -10.785600 -2.380439 18.873613 -0.688033 -8.467011 -3.518705 6.135323 1.021588 -11.847695 1.626951 -5.964017 1.971895 2.528633 3.089632 -5.328876 0.773469 -1.473658 8.822068 5.516245 -11.404779 23.308805 0.235828 -7.850958 5.273472 15.334784
5.645877 26.376883 2.342999 6.782153 8.332905 -10.458354 -2.512571 19.118322 -0.353037 -8.063651 -3.344871 5.944473 1.233120 -11.884188 1.784231 -5.818897 1.969942 2.825832 3.208640 -5.373248 0.868300 -1.388051 8.892558 5.421929 -11.140605 23.410292 0.504217 -8.009559 5.410098 15.642956
5.606465 26.352936 2.383580 6.790373 8.268502 -10.588672 -2.490519 19.139120 -0.355545 -8.070780 -3.372604 5.913324 1.162228 -11.910917 1.731277 -5.860354 1.986671 2.806783 3.244427 -5.406514 0.894795 -1.320717 8.948233 5.439400 -11.117571 23.455961 0.691794 -7.985277 5.416783 15.706716
7.591558 24.769356 1.403158 7.048175 7.718594 -10.242488 -2.734082 20.522482 1.022001 -7.247616 -2.723458 4.913635 2.416143 -12.223942 1.890250 -5.157244 2.448564 3.478915 3.681038 -4.256217 3.215998 -0.834942 9.163493 4.709627 -9.798429 23.875629 1.698893 -7.231748 5.654694 16.281656
10.035487 22.892805 1.517955 7.572904 5.304816 -9.122842 -3.182209 23.025591 2.426343 -6.893901 -2.340726 4.209465 4.327961 -11.912422 2.541113 -4.629179 3.574276 4.835596 3.495169 -2.734206 5.985426 0.850310 9.798206 4.062864 -8.557399 24.328447 2.417783 -5.495118 5.199214 17.368664
11.414050 22.872818 2.648634 7.955676 3.182142 -8.385238 -4.116851 24.774277 2.926014 -6.554378 -2.119651 4.256972 5.794504 -11.726561 1.996261 -4.386097 4.944708 5.208563 3.205145 -1.607462 8.501023 1.758624 10.169549 5.602539 -8.797054 23.555429 2.275022 -2.546808 4.762619 20.025589
10.893211 21.862228 4.871273 8.594187 2.595467 -6.968058 -3.500042 24.879499 3.089517 -6.580645 -1.895214 3.658048 5.713114 -11.802387 2.143491 -3.427324 5.348861 4.743782 2.496341 -1.368970 9.895478 0.661802 9.297491 6.934210 -9.033579 22.434504 1.898158 -0.058074 5.557893 22.665049
10.395442 19.210911 5.976776 9.307232 1.141016 -5.782992 -2.879371 25.166662 3.877076 -7.217676 -1.868914 3.385535 6.389018 -11.716438 1.886614 -2.707088 6.428253 4.613700 1.810210 -1.270322 12.096843 -0.650795 8.579659 8.702451 -8.756887 21.214540 0.071739 -0.223498 7.870260 23.882292
11.000745 16.649054 5.679235 9.559411 -1.022279 -4.974893 -2.608961 26.544868 3.597481 -8.374846 -1.775674 2.875668 7.356283 -11.537762 1.730750 -2.529528 6.843674 3.995342 1.264229 -1.437657 14.450336 -1.246112 8.688943 10.259628 -8.014606 19.958714 -1.103052 -2.623762 10.604333 22.820267
11.873513 14.290882 4.697558 9.670643 -3.788282 -4.135591 -2.565033 28.104784 3.439866 -10.290198 -1.097068 2.488652 9.032994 -11.181502 1.386801 -1.870446 7.004087 2.974415 -0.023906 -1.512325 18.018908 1.081654 9.694867 12.302567 -8.699540 19.425842 -3.384097 -4.222056 12.729174 20.630211
11.787666 11.572659 5.259442 10.004799 -5.833636 -2.386601 -2.028684 30.214018 2.973629 -12.337806 -0.604500 2.174918 10.317225 -10.873657 0.881221 -1.282177 7.165543 1.745475 -1.345289 -1.774988 20.973322 6.880097 11.094274 12.787829 -10.492903 20.160793 -6.632257 -3.991777 12.261858 17.676472
11.339884 9.359675 6.927684 10.573528 -7.582332 1.663253 -1.234005 31.870470 3.774872 -13.654452 -0.502628 1.542266 10.724897 -10.895277 0.117727 -0.923351 7.610599 0.502169 -2.268576 -2.856572 22.209991 10.270590 9.546553 13.129506 -12.084701 19.623844 -12.420713 -3.400899 11.496664 18.410496
10.540710 8.075094 9.357820 10.852389 -8.795023 6.062404 1.362182 32.973999 4.015666 -13.434162 -0.577429 0.874461 10.145384 -11.118080 -1.165403 -1.246201 7.942869 -0.932419 -2.591852 -4.038589 22.167826 12.120603 7.902634 15.353147 -14.852574 17.894583 -17.937614 -5.134425 13.533411 17.773146
9.866481 7.385491 11.206470 11.997676 -8.951554 8.341344 4.497555 33.331627 3.622793 -13.421407 -0.809629 0.690884 9.579654 -11.426874 -1.916842 -1.447522 8.193121 -1.782054 -2.657340 -4.378506 21.859991 12.235922 6.825056 15.673055 -16.277361 17.325108 -20.714760 -6.899207 15.544277 15.808449
9.794736 7.953526 10.655715 11.756955 -7.856534 6.644547 4.144814 33.020245 3.439947 -13.632750 -0.675504 1.098693 9.346093 -11.496393 -1.761108 -1.458690 8.018585 -1.486018 -2.424012 -4.137434 21.525450 11.709677 7.275975 14.740170 -15.437764 18.520527 -19.580978 -5.860310 13.946436 16.171036
8.813334 8.613642 10.488763 12.023920 -5.954136 5.400219 4.981005 32.360981 2.807441 -14.121011 -0.628311 1.886573 8.714838 -11.775816 -1.713129 -1.184502 7.938199 -1.032896 -2.219414 -3.793604 20.980633 10.677830 7.040411 14.020177 -14.328950 19.542480 -19.575233 -5.488871 12.604309 16.593050
8.029738 10.057606 9.961631 11.714512 -3.681879 3.844394 5.108618 31.364176 2.617518 -14.582194 -0.605572 3.245016 8.124670 -11.954779 -1.637002 -1.136968 7.730620 -0.508512 -1.922522 -3.346253 20.501369 9.087470 7.925387 12.637820 -12.592192 21.303080 -17.599268 -5.455047 10.850173 15.258741
7.044056 10.009598 12.109465 11.965199 -3.489200 4.370771 6.487832 32.178047 1.970031 -12.827250 -0.885759 3.389638 6.981919 -12.321615 -2.497512 -1.382918 7.801119 -1.356217 -1.794275 -3.533957 20.116205 6.859129 6.700718 12.248023 -13.847542 21.064341 -19.038195 -4.710486 11.862476 15.072797
7.094528 10.513211 12.482888 11.908220 -3.394133 4.154710 6.605521 32.179420 2.037875 -12.171411 -0.901488 3.470161 6.888540 -12.399089 -2.667454 -1.375782 7.695741 -1.521654 -1.738510 -3.597047 20.082523 6.259458 6.634545 12.186752 -13.731943 21.075933 -18.884737 -4.701051 12.017265 14.969258
7.103045 10.565052 13.804823 12.156162 -4.630369 4.744180 6.312659 32.539276 2.534675 -10.860806 -1.019153 3.304626 6.253091 -12.533895 -3.162516 -1.436709 7.911681 -1.953370 -1.703078 -4.016270 19.857599 4.988407 5.772507 12.532497 -14.257860 20.280245 -19.017118 -4.218726 13.748081 15.867887
7.341342 10.832445 15.688415 11.675883 -6.262037 5.107785 4.892235 32.915581 2.932502 -9.457036 -1.424022 3.411211 5.527394 -12.648762 -3.796934 -1.839329 8.042950 -2.662217 -1.464514 -4.328552 19.340645 4.302901 5.024417 13.425160 -14.531338 19.456945 -18.825893 -3.449615 15.195652 17.820604
