5.899305 30.917543 -5.935353 12.761099 11.924233 -1.794291 -6.454859 7.174216 -7.307908 -20.293081 -4.988192 10.924103 4.255942 -7.371024 5.363373 -5.567265 -0.469798 0.870386 -2.883672 -7.592534 1.794676 15.045331 -10.158772 -0.090183 -29.443882 6.371369 11.352216 -16.475866 2.272367 9.781275
5.885239 30.952579 -5.886209 12.839407 11.948174 -1.857266 -6.506057 7.091692 -7.458530 -20.597956 -5.023239 10.992706 4.264689 -7.342103 5.363338 -5.582495 -0.466626 0.841950 -2.894596 -7.574973 1.892304 15.216263 -10.563804 -0.086142 -29.553278 6.311164 11.400365 -16.446974 2.262138 9.608148
2.791742 19.478065 1.088374 18.515451 17.535700 -11.314208 1.810360 15.316548 -10.384531 -19.027336 -5.341499 10.483772 1.348800 -10.944025 -0.923466 -7.717120 1.297150 -4.052304 1.493508 -1.993212 5.574527 12.385023 -12.446477 -10.008891 -31.578068 11.821041 1.646979 -4.208482 3.100860 -2.263359
3.295144 17.656904 2.272669 19.252142 17.726957 -13.780117 2.248546 16.567989 -9.841052 -18.128849 -6.061502 10.549901 1.670948 -11.402243 -1.263530 -7.790600 1.950758 -4.512265 1.785182 0.066341 8.501949 11.274060 -12.182819 -12.071502 -31.338604 12.756264 4.519518 -0.751999 5.426353 -1.840817
3.851726 16.837675 3.246461 20.711615 17.040899 -14.874249 1.579864 17.395254 -10.396535 -18.541700 -6.330626 10.040209 1.633130 -11.807907 -1.331377 -7.582603 2.836304 -4.130815 2.189961 1.036659 10.903167 9.816092 -12.178111 -11.688581 -31.280722 12.480326 4.775931 1.491312 7.085585 -0.714154
4.156732 16.142115 4.527247 21.543905 16.167372 -15.570980 1.033503 17.573719 -10.402224 -18.432047 -6.806087 9.766788 2.237008 -11.958915 -1.133583 -7.217560 3.466342 -4.370630 1.876606 1.830517 12.879642 9.616733 -11.823026 -12.142276 -30.961203 12.560547 4.451576 2.934492 7.989678 -1.023628
4.517990 15.349714 4.889540 22.924997 15.388017 -16.446196 0.153573 17.297880 -10.205735 -18.925594 -6.908413 9.804335 2.530410 -11.978662 -1.236996 -6.665571 4.035128 -4.585899 1.440650 2.602360 13.149250 9.015738 -11.955773 -12.264653 -31.194838 12.641651 4.597048 5.259267 8.705128 -0.842119
4.442319 14.999245 5.336020 23.318857 14.721459 -17.494654 -1.097698 17.387951 -10.027043 -18.687134 -7.252373 9.752909 2.760763 -12.027548 -1.262195 -6.487430 4.287323 -4.882473 1.168153 3.090052 13.742435 9.345541 -12.105241 -13.269088 -30.678024 13.019643 5.191142 6.776302 8.877461 -0.020511
4.583316 14.577285 5.949598 23.454885 14.166783 -17.973618 -1.909923 17.933664 -9.588510 -18.232769 -7.462737 9.664414 3.062081 -12.038000 -1.247285 -6.234835 4.564776 -5.020831 0.904326 3.482013 14.080310 9.445423 -12.426160 -13.481288 -30.612150 13.012082 5.714123 8.354406 8.641651 1.197663
4.587974 14.007628 6.458969 24.003061 13.838111 -18.031511 -2.232024 18.034319 -9.101089 -18.144495 -7.736506 9.548312 3.498560 -11.993066 -1.094475 -6.090606 4.747443 -5.186961 0.646571 3.977728 14.462322 9.082365 -12.648724 -13.488187 -30.390734 12.962041 6.398310 9.626410 8.802594 3.008222
4.658468 13.392519 6.656618 24.652285 12.921865 -17.981758 -3.510303 18.255251 -8.653926 -18.891985 -7.578423 9.446503 3.960679 -11.909372 -1.041236 -5.677356 5.169825 -5.236512 0.262865 4.295246 15.166727 9.357658 -12.589368 -12.940188 -30.372314 12.533194 6.842163 10.725073 9.211653 5.067016
4.437886 12.736191 7.200595 25.417604 11.966945 -17.719858 -4.509163 18.393633 -8.517503 -19.620508 -7.505294 9.179402 4.424783 -11.828088 -1.030899 -5.316083 5.690319 -5.388562 -0.293361 4.333120 15.396584 9.706369 -12.717973 -12.578156 -30.501015 12.567940 7.023941 11.898488 9.238821 6.658719
4.407177 12.022346 7.661707 25.637106 11.408695 -17.187086 -5.354740 18.442472 -7.921544 -20.005894 -7.660000 8.907223 4.720267 -11.794703 -1.012526 -5.293276 6.227072 -5.607949 -0.719123 4.502835 15.998600 10.453086 -12.953338 -12.048063 -30.579073 12.102932 6.986658 13.028732 9.061455 7.671201
4.866150 11.499189 8.215114 25.293581 10.352635 -16.292252 -5.903704 19.331093 -7.491967 -19.433039 -7.608907 8.678723 5.008541 -11.510332 -1.105108 -5.409664 6.683838 -6.090209 -1.363171 4.422998 17.121220 9.820296 -13.746224 -11.680890 -29.903528 11.653488 6.305200 13.964132 8.816866 8.410325
5.264041 10.460518 9.315688 24.516479 8.627234 -15.062286 -6.784674 20.762634 -6.920340 -19.224958 -7.548094 8.482236 5.655558 -11.185975 -1.047309 -5.084636 7.339845 -6.292792 -2.105313 4.782500 18.718618 9.476959 -14.671536 -10.609143 -29.445879 10.920053 4.641467 14.355941 8.999147 9.087193
5.031837 8.833569 10.751048 24.813501 6.992970 -13.364081 -7.609365 21.904133 -6.394083 -20.148256 -7.298604 8.242374 6.628469 -10.993805 -1.164855 -4.513415 7.836384 -6.503763 -2.949249 4.891944 20.452225 9.572542 -15.432447 -9.915919 -28.967077 10.390602 3.350841 14.924487 9.404238 9.645345
4.883340 8.504234 11.328188 25.065725 6.493233 -12.981104 -7.670673 21.989258 -6.249732 -20.616947 -7.098609 8.023686 6.998835 -10.976145 -1.267423 -4.323082 8.092981 -6.490602 -3.061832 4.932308 21.094858 9.842885 -15.776868 -9.734706 -28.712866 10.153745 2.541235 15.125044 9.282954 9.886924
4.816733 8.470289 11.531013 25.216436 6.361193 -12.881535 -7.718929 22.090696 -6.277829 -20.816782 -7.008154 7.879198 7.224619 -10.956499 -1.344266 -4.286179 8.250399 -6.559100 -3.137078 4.916594 21.523596 9.958912 -15.791196 -9.663730 -28.711517 10.215612 2.461246 15.303968 9.415934 9.700463
4.861269 8.463653 11.569835 25.199369 6.187633 -12.756322 -7.769488 22.252844 -6.166750 -20.703489 -7.036959 7.801891 7.274949 -10.985720 -1.281268 -4.260253 8.329800 -6.558084 -3.177830 4.997396 21.592680 9.935083 -15.869967 -9.568078 -28.627878 10.098129 2.408410 15.415263 9.401917 9.750371
4.870162 8.338202 11.770900 25.125360 5.915971 -12.621139 -7.736693 22.522085 -6.157629 -20.581778 -7.006225 7.416832 7.140533 -11.117609 -1.061494 -3.983197 8.301491 -6.789779 -3.363873 5.080945 21.700480 10.395937 -17.135090 -9.437217 -28.789165 9.984596 2.686143 15.557809 9.374902 9.405038
4.452188 8.574522 11.273709 25.320415 6.683091 -13.480933 -7.633463 21.713324 -6.577289 -21.178102 -7.226604 8.167931 6.521959 -10.910575 -1.059578 -4.076838 8.181240 -6.982326 -3.610396 5.038710 20.851946 10.626881 -17.285208 -9.721040 -29.260866 10.005789 2.583698 15.645699 8.949859 9.738702
5.019300 8.550987 11.456510 25.055021 6.155421 -12.998071 -7.605888 22.405466 -6.285612 -20.656912 -7.183653 7.750204 6.936946 -11.075973 -0.923525 -4.027723 8.189674 -6.752252 -3.453803 5.080789 21.335379 10.439659 -17.119097 -9.467259 -29.128340 10.096813 2.862942 15.496854 9.377961 9.527573
11.953671 1.929329 10.574656 21.118046 -2.687603 -4.679148 -4.581752 32.941570 -4.044184 -18.023508 -3.199132 1.437008 10.857218 -11.047112 -2.294544 -3.556396 8.451096 -5.771383 -2.726883 -0.013990 28.312494 18.750418 -13.974703 -1.312266 -31.580008 8.701872 -5.023456 5.595109 17.328833 4.849506
14.472450 4.337566 8.985132 18.433550 -4.923333 -5.273740 -3.699297 34.215229 -5.179171 -16.342943 -2.886338 1.318563 11.280383 -11.448576 -1.450189 -3.307100 7.859174 -3.924412 -1.716607 -0.020226 29.412878 15.784130 -13.086053 -2.484056 -29.664045 8.744304 0.165682 4.586380 16.676062 7.963951
15.985934 8.140735 7.360794 17.359934 -4.313354 -9.480264 -4.101520 33.985428 -7.593217 -15.582916 -4.146179 2.112422 11.298800 -12.692896 -0.602384 -3.161954 6.549410 -2.738521 0.310806 1.277755 29.150772 12.845167 -11.219418 -4.145702 -28.503872 9.333930 6.958292 4.926158 18.550182 6.730296
16.263903 10.908736 5.131383 15.516846 -2.792462 -12.376078 -3.883011 31.936506 -8.829341 -14.423803 -4.584748 2.818480 10.662356 -13.311874 -0.160588 -3.374497 5.802495 -1.883565 1.635044 1.905092 28.485628 10.581469 -10.462014 -4.858109 -28.009777 9.869022 10.274650 3.617256 19.426348 5.383492
16.294743 11.069494 5.150268 15.502766 -3.106578 -12.404247 -3.800294 32.008480 -9.158929 -14.401134 -4.607975 2.964210 10.701577 -13.313388 -0.048767 -3.345720 5.726531 -1.689175 1.745168 2.071679 28.510164 10.462027 -10.415438 -5.019002 -27.937437 10.111514 10.547423 3.464442 19.676931 5.100646
16.289223 11.113197 5.182391 15.317406 -3.127466 -12.510926 -3.822023 32.036419 -9.246935 -14.311157 -4.628894 2.895970 10.681624 -13.333935 -0.038301 -3.449443 5.737103 -1.692749 1.834615 2.078059 28.608707 10.643017 -10.464375 -4.961932 -27.970467 10.064872 10.469213 3.460422 19.726870 5.233905
16.275442 11.095062 5.161412 15.281739 -3.176426 -12.487155 -3.816374 32.009850 -9.231156 -14.314312 -4.641585 2.845471 10.722448 -13.329632 -0.017581 -3.436179 5.750401 -1.668085 1.800308 2.097722 28.553049 10.641212 -10.470651 -4.972342 -27.976419 10.162616 10.412332 3.522726 19.688784 5.248065
16.206928 11.129292 5.152748 15.313630 -3.075437 -12.536759 -3.814110 31.936653 -9.213418 -14.320477 -4.643713 2.867173 10.701062 -13.332745 -0.019624 -3.440316 5.730040 -1.669052 1.819763 2.100808 28.546110 10.583099 -10.460154 -4.985748 -27.955626 10.163664 10.472367 3.534703 19.682518 5.238312
16.215857 11.139820 5.143655 15.316486 -3.082525 -12.499516 -3.802407 31.928640 -9.201055 -14.320876 -4.648342 2.853149 10.703999 -13.333033 -0.010155 -3.448435 5.726337 -1.672650 1.830695 2.088886 28.537176 10.596155 -10.457477 -4.997209 -27.938570 10.155096 10.509169 3.529139 19.688192 5.254196
16.242432 11.144766 5.182406 15.272532 -3.173189 -12.429046 -3.766992 31.966686 -9.215942 -14.346549 -4.649046 2.837810 10.728751 -13.333806 0.007705 -3.440131 5.727308 -1.674214 1.800256 2.057025 28.618917 10.628894 -10.443921 -4.953920 -28.041121 10.058988 10.441916 3.510647 19.727720 5.293797
16.262821 11.140664 5.181585 15.293750 -3.142135 -12.429822 -3.748065 31.963566 -9.219619 -14.347734 -4.653207 2.820714 10.725101 -13.335222 0.004296 -3.451688 5.727716 -1.678939 1.793439 2.038713 28.607256 10.640773 -10.442725 -4.905768 -27.997778 10.086337 10.451869 3.543327 19.697660 5.312370
16.275078 11.129176 5.188363 15.257030 -3.203040 -12.436614 -3.773110 31.982412 -9.243658 -14.345606 -4.654381 2.810699 10.737869 -13.333715 0.006241 -3.452793 5.731541 -1.674328 1.794741 2.034840 28.642807 10.661677 -10.434666 -4.884263 -27.992895 10.105381 10.436563 3.522055 19.723129 5.293106
16.251188 11.131790 5.181119 15.279020 -3.136422 -12.449611 -3.765695 31.952797 -9.214683 -14.358498 -4.645394 2.813736 10.735686 -13.330811 0.009586 -3.448934 5.733490 -1.668618 1.798534 2.040485 28.630476 10.647643 -10.431100 -4.948598 -28.038935 10.060843 10.457920 3.504372 19.719309 5.292087
16.287025 11.137409 5.161693 15.251945 -3.175694 -12.415566 -3.756182 31.984444 -9.198345 -14.346914 -4.668426 2.795509 10.719225 -13.332882 0.016134 -3.460482 5.733243 -1.641340 1.817280 1.992737 28.661165 10.655640 -10.423869 -4.947013 -27.990925 10.058672 10.413960 3.457445 19.705572 5.274838
16.267927 11.169084 5.187988 15.242194 -3.181562 -12.367230 -3.714234 31.961237 -9.206519 -14.372454 -4.635939 2.832272 10.730313 -13.326262 0.010837 -3.416502 5.746695 -1.604826 1.761171 2.000330 28.729042 10.625890 -10.392030 -4.913338 -27.971521 10.058921 10.440028 3.424117 19.730028 5.197990
16.257296 11.174190 5.183662 15.197786 -3.157433 -12.389839 -3.731294 31.987391 -9.212617 -14.324576 -4.643632 2.812475 10.740418 -13.329733 0.014539 -3.420568 5.747622 -1.594736 1.780153 2.009897 28.640081 10.571078 -10.401626 -4.893196 -27.905014 10.092999 10.544535 3.464309 19.696165 5.228572
16.284557 11.188994 5.167765 15.192250 -3.176914 -12.401368 -3.733119 31.994547 -9.219379 -14.326814 -4.654143 2.802879 10.715390 -13.339523 0.015175 -3.465369 5.727835 -1.585082 1.828666 2.006810 28.660599 10.553617 -10.413131 -4.873718 -27.899467 10.068229 10.521022 3.458246 19.695532 5.265454
16.263657 11.233797 5.116163 15.169616 -3.212436 -12.433928 -3.695748 31.979742 -9.175370 -14.330929 -4.732238 3.096102 10.927020 -13.205635 -0.254327 -3.811339 5.797967 -1.514786 1.959134 1.894723 28.588911 10.281065 -9.191054 -5.018937 -27.852236 10.151653 10.058873 3.330364 19.636656 5.503976
16.336040 11.156412 5.139268 14.988998 -3.335069 -12.313868 -3.699088 32.197971 -9.123286 -14.114812 -4.695798 3.088074 10.991421 -13.190019 -0.244987 -3.763698 5.809590 -1.507387 1.930611 1.824972 28.644491 10.365068 -9.145064 -5.035889 -27.858633 10.201889 10.065335 3.347261 19.634663 5.362444
16.291885 11.169384 5.132945 14.987118 -3.276843 -12.322616 -3.633245 32.191463 -9.031571 -14.107211 -4.712457 3.107772 11.012372 -13.175179 -0.289818 -3.808926 5.815987 -1.493368 1.965947 1.779342 28.539274 10.045900 -7.997329 -5.239160 -27.768099 10.276828 9.635532 3.248221 19.608854 5.663188
12.856605 13.267612 4.720719 13.928501 3.191871 -13.098132 -1.983592 28.375505 -8.235838 -12.527770 -4.589018 4.633149 7.613022 -13.161690 -1.301144 -4.959965 4.731686 -1.552343 3.132075 1.182570 23.813068 4.616842 -9.222246 -6.838259 -26.809969 9.221256 12.777617 3.090886 17.544981 7.763288
11.100571 14.494038 5.413382 14.220537 6.351596 -12.799697 -1.507324 27.007755 -7.495364 -11.104761 -4.449196 4.875985 5.596483 -13.350918 -1.072328 -5.022935 4.437006 -1.486741 3.260424 1.263514 22.195875 2.497354 -12.582430 -7.495673 -26.987593 8.392080 13.886223 3.679537 16.186129 8.305964
11.155702 14.529566 5.494482 14.697826 6.201679 -13.138892 -1.748440 27.226389 -7.455398 -10.916763 -4.470461 5.070948 5.565381 -13.337296 -1.574170 -5.302191 4.682984 -1.753065 3.333165 1.252651 21.798475 2.267967 -12.409371 -7.869937 -27.189081 8.615417 13.218539 4.738755 15.904976 8.407409
10.873912 17.382252 6.041874 12.562513 7.781986 -12.829465 -1.282015 27.232611 -5.761977 -7.123994 -4.339123 4.538655 5.357798 -13.008879 -1.453679 -6.575847 4.913333 -0.315165 4.401446 0.782715 19.566351 0.317452 -8.801491 -9.190387 -26.682592 8.750411 11.817750 4.212210 13.065792 9.371215
10.936674 18.938446 6.302084 11.230228 9.783503 -12.201331 -1.535769 27.585646 -4.761847 -5.047318 -4.310744 3.826397 4.437344 -13.014750 -1.211182 -7.772325 4.638383 0.364708 5.353487 0.161996 18.066566 1.987767 -9.685057 -10.308455 -26.903652 9.816572 10.946761 2.469354 11.196260 7.676726
10.822640 20.916656 6.186193 8.230455 11.220010 -12.754799 -2.845946 26.822706 -4.611550 -2.753885 -4.692560 3.001024 3.477493 -13.130922 -0.790659 -9.178596 3.822886 0.583064 6.366900 -0.738224 15.657229 2.850791 -10.664954 -12.223292 -26.679504 10.469895 10.684363 0.445660 10.451212 5.661845
10.076232 21.056129 6.817843 6.961276 12.826227 -11.189708 -2.188897 27.375654 -2.828108 -0.861115 -4.648067 2.619643 2.635110 -12.753398 -1.168307 -10.338197 3.323169 0.138513 6.838658 -2.368604 12.953596 4.561893 -11.103324 -14.288205 -26.452017 11.908581 9.577011 -1.174601 9.363708 3.672686
10.435222 22.106394 6.698884 6.325401 12.926720 -9.294590 -1.220740 28.111898 -0.739988 1.086551 -3.819275 1.906941 2.489580 -12.806922 -1.340254 -10.325487 3.558421 0.658751 6.961316 -3.253097 10.244932 4.847911 -11.449564 -15.490389 -26.701754 12.772995 9.211490 -3.069889 9.302839 2.673272
10.855453 22.574450 6.717601 5.774919 12.779741 -7.569460 -0.242308 28.494383 -0.054793 2.390350 -3.341229 1.294061 1.990866 -12.400087 -1.759264 -11.130918 3.501253 0.211396 6.964882 -4.362729 8.967233 5.597411 -11.291646 -14.365924 -28.284636 12.683446 8.421846 -3.804209 10.139906 1.659291
11.565793 23.043018 7.391267 5.524479 13.823674 -5.083044 2.120060 28.590036 0.235511 4.414043 -2.812322 1.236945 1.406561 -11.996851 -2.025011 -11.389208 3.509464 0.131078 6.678655 -5.535075 6.901633 4.369447 -12.348905 -10.424085 -31.326574 10.227165 6.856037 -3.360425 11.600315 1.460894
12.102135 22.602646 7.033622 4.562595 15.370163 -2.735466 5.364239 29.131407 1.235802 6.715147 -2.148082 1.255429 0.298687 -12.217007 -2.243864 -11.209718 3.178138 1.107640 7.282782 -7.181787 5.900925 2.503421 -13.066734 -6.633706 -33.557026 7.292583 7.583966 -2.523916 12.216110 4.060018
12.278982 22.634544 6.160777 4.413976 16.076439 -1.965430 6.699818 28.578480 1.881321 7.405110 -1.876738 1.229294 -0.785857 -12.358741 -2.018114 -10.826680 2.728540 1.469519 7.183747 -8.088273 4.771669 2.488165 -14.674091 -5.315808 -34.653675 6.470161 8.123546 -2.104557 12.094557 4.731959
12.391876 22.746243 5.809302 4.234470 16.093946 -1.758174 6.886827 28.430784 2.008705 7.473060 -1.993457 1.486830 -0.651499 -12.165138 -2.262540 -11.242883 2.851895 1.444496 7.310941 -8.165501 4.550590 2.091182 -13.372744 -5.562397 -34.441601 6.506380 7.618477 -2.254045 11.776104 5.404730
12.377603 22.763802 5.768463 4.177509 16.050894 -1.810428 6.905801 28.501816 2.029452 7.535442 -1.987671 1.532021 -0.694514 -12.155327 -2.321628 -11.315128 2.783415 1.427691 7.342168 -8.268585 4.309127 1.907779 -12.479246 -5.623521 -34.476574 6.586970 7.054198 -2.251271 11.582912 5.609568
12.447689 23.003078 5.608557 3.810287 16.046284 -1.647263 6.926342 28.389364 1.998243 7.586174 -1.972607 1.608890 -0.807598 -12.181951 -2.267780 -11.264451 2.697516 1.411788 7.305564 -8.282574 4.400270 2.190110 -13.366101 -5.490611 -34.555401 6.539166 7.464872 -2.127277 11.677654 5.401987
12.213733 23.193184 5.670657 3.650714 16.257816 -0.863465 7.381257 27.685202 2.126463 7.223634 -1.488765 1.908270 -0.968056 -12.378370 -2.015631 -10.039233 2.808535 1.987482 7.013170 -8.121606 4.487225 2.533157 -14.850471 -5.459490 -34.638039 6.455332 8.021415 -1.977476 11.754204 5.179577
11.782088 23.134531 6.144090 3.468805 16.675510 0.827754 8.630695 26.908617 2.657945 7.273652 -0.889460 2.163810 -1.469908 -11.926250 -2.625638 -10.547973 2.639837 1.941092 7.138387 -9.296852 4.618858 2.775923 -12.979445 -5.900309 -34.227577 6.835238 7.328568 -2.275688 11.199345 5.615344
11.549516 23.114483 6.228460 3.534825 17.091379 1.519205 9.136477 26.259192 3.164584 7.106909 -0.467412 2.432688 -1.456639 -11.837865 -2.990921 -10.363162 2.665182 2.051044 7.181662 -9.467966 4.616155 2.345495 -12.472444 -6.161805 -33.994831 6.910422 7.156490 -2.411067 11.175886 6.034227
