5.886374 30.921690 -5.916450 12.793117 11.882618 -1.794728 -6.467714 7.148900 -7.341251 -20.340471 4.556127 3.688980 0.489704 -11.285636 5.158968 2.065303 -1.750106 4.249090 -0.263692 -8.914669 6.333174 13.012554 -15.951560 1.853764 0.882802 22.701557 8.744097 -22.090097 -3.694448 12.698530
5.876868 30.941353 -5.861939 12.866476 11.916171 -1.839222 -6.510662 7.085553 -7.486965 -20.646284 4.596438 3.734364 0.498407 -11.280712 5.122963 2.070306 -1.791628 4.243866 -0.256801 -8.913841 6.724537 13.099019 -16.396608 1.408187 1.371226 22.914925 8.980359 -22.358828 -3.768595 12.706969
5.162454 12.140737 -9.516107 6.455460 5.681657 12.015872 -9.207260 9.384961 -5.707390 -31.886438 7.975633 4.924546 4.149636 -7.375766 5.818943 2.130478 -4.559447 0.907900 -1.243508 -2.786000 21.097494 10.260710 -15.114847 6.797805 7.980260 13.526703 12.672350 -9.142817 -19.029398 8.756902
4.258611 6.638855 -8.460986 0.553430 11.119053 15.202351 -6.748265 11.244681 0.675517 -27.195227 9.126502 5.197540 3.300047 -5.945754 4.913761 1.707693 -4.755469 -0.581523 -1.735108 -0.860425 17.044710 8.871408 -17.594278 10.802449 4.494922 9.268444 10.131176 -4.474029 -22.960337 3.727746
4.803050 8.016023 -11.045260 2.842903 8.975677 10.336747 -10.703918 8.971826 -2.748684 -31.071297 8.534091 4.332788 3.605615 -6.083941 5.296467 1.076461 -6.056429 0.067983 -1.640520 -1.781654 19.728594 9.822653 -17.115137 8.006077 7.318944 10.606455 13.261690 -7.998077 -22.107481 3.461934
5.180157 8.254311 -12.588150 2.472686 7.889192 8.494856 -12.786593 8.465037 -3.319793 -32.272266 8.408422 4.085220 3.436517 -5.785382 5.430454 0.561953 -6.440689 -0.009359 -1.675459 -2.387022 20.687679 9.964144 -16.314583 6.358261 9.209862 11.231361 14.075824 -10.108066 -21.703285 2.905395
4.731253 7.544650 -12.715605 2.304159 8.787836 9.081662 -12.688334 8.670485 -1.491229 -30.854393 8.628782 3.954361 3.444698 -5.501660 5.219347 0.229812 -6.336937 -0.238394 -1.756434 -2.472235 18.339808 9.619878 -15.842988 7.063541 7.423166 10.537121 13.386157 -8.986464 -22.136011 2.734798
4.745753 7.601900 -13.993905 1.185830 8.306266 7.137812 -14.850099 8.262360 -2.459530 -31.983622 8.482009 3.687107 3.350526 -5.160986 5.546865 -0.118627 -6.546668 -0.131780 -1.826938 -3.121375 18.647127 9.269127 -15.040695 4.478976 8.570140 10.660567 14.882961 -11.863347 -21.396723 1.436923
4.518837 7.753469 -14.815619 0.506884 8.253515 5.325474 -16.306545 7.565938 -2.575737 -32.259716 8.345188 3.420804 3.191918 -4.739133 5.434379 -0.656762 -6.949907 0.007580 -1.822052 -3.405172 18.025049 8.303652 -13.141339 3.846464 8.587543 10.623141 15.400145 -12.848268 -21.428486 1.111285
4.488660 7.467175 -15.838655 -0.403844 8.480067 4.148318 -17.363335 7.278066 -1.750675 -32.348003 8.241828 3.450779 2.883601 -4.521043 5.150515 -1.096578 -7.446290 0.059067 -1.721405 -3.786417 17.435839 8.415804 -12.313019 2.803412 7.848356 9.970211 15.775438 -13.625316 -21.315397 0.239245
4.327766 6.336356 -17.834959 -1.415127 8.703097 2.009753 -18.906109 7.278167 -0.370353 -32.294842 8.092019 3.167016 2.723719 -4.096879 4.882403 -1.648957 -7.869579 -0.071280 -1.723681 -4.282879 17.281733 8.444490 -9.676253 2.136241 7.783762 9.253300 14.767308 -15.242549 -21.234190 -1.807834
3.378512 5.551691 -19.159779 -1.009230 9.539680 -0.167984 -19.109343 7.059768 0.826692 -31.839678 8.086633 3.397590 2.540207 -3.364046 4.391857 -2.170627 -8.123308 -0.088998 -1.982687 -4.885987 16.534649 9.111491 -7.917665 0.780783 7.623499 9.177208 13.740424 -16.322393 -21.665703 -3.397452
1.756081 4.983528 -19.934204 -0.511072 10.735716 -2.670042 -19.271675 7.186347 1.887313 -31.363697 8.264096 3.495333 2.801321 -2.727638 4.249889 -2.461707 -7.839615 -0.209890 -2.316865 -5.439256 14.960453 9.243168 -7.155193 -0.019828 7.537037 8.747549 13.224507 -17.761337 -22.035204 -4.594482
0.005046 5.312675 -20.287296 -0.294943 10.875721 -4.441337 -19.811020 7.346063 1.948952 -30.210920 8.426647 3.290290 3.195549 -2.076114 4.375546 -2.574425 -7.355831 0.158080 -2.876361 -5.828629 12.844724 8.343451 -6.474736 -0.206918 7.334815 8.286623 12.884727 -19.992203 -21.285704 -4.983077
-1.262645 6.787398 -20.187279 -0.635607 11.643604 -5.898726 -20.252735 7.193597 1.533165 -29.020758 8.622605 3.050661 4.182603 -1.546744 4.837613 -2.141638 -6.723318 0.633964 -3.585586 -6.059976 10.615170 6.671153 -6.083553 0.450143 7.233767 7.880633 13.547376 -21.961573 -20.300997 -3.773865
-2.199119 7.650681 -19.431158 -1.782604 10.669432 -7.254429 -21.955360 8.157970 2.140062 -28.280714 8.897881 3.001692 5.542596 -1.307295 5.271603 -1.345589 -6.100700 0.976821 -4.419630 -5.873022 8.657817 4.845754 -5.325714 0.921138 6.762300 8.657343 13.333442 -24.315861 -18.626394 -3.412456
-2.833676 9.478437 -18.409239 -2.352844 10.417108 -8.005016 -23.531345 9.104180 2.876760 -27.733683 9.119683 3.201378 7.133333 -1.291058 5.457277 -0.067062 -5.318171 1.249504 -5.244502 -5.506059 8.097036 3.314094 -4.237647 1.678483 6.439425 9.870528 12.864088 -26.054964 -16.317110 -3.389337
-2.974261 12.179419 -16.839220 -2.945534 9.296046 -7.974545 -24.379200 9.950192 2.794801 -26.819189 9.241080 2.882235 8.245046 -1.521815 5.677930 1.084234 -4.735218 1.429648 -5.910828 -4.758289 7.460986 0.892022 -3.542751 2.117513 6.085411 10.416439 11.258433 -29.302067 -13.764266 -4.878501
-2.570532 12.663717 -15.654576 -3.379319 9.281094 -8.446703 -23.683826 10.979846 2.513631 -27.341560 9.036675 2.498853 8.895278 -1.780371 5.993006 1.191100 -4.537581 1.603449 -5.759900 -4.467191 7.799685 0.076933 -3.682939 2.649836 5.791396 10.512314 11.655501 -29.158806 -13.162886 -3.545278
-2.178126 11.870599 -15.272451 -3.830288 9.402021 -8.895206 -23.588993 11.918959 2.091438 -28.000856 9.064438 2.540842 8.949189 -1.754774 5.896496 1.109873 -4.546012 1.668190 -5.852281 -4.661300 7.975056 0.044609 -4.293561 2.787758 6.092127 10.298959 12.613641 -28.166967 -13.375017 -2.135489
-2.195145 11.394056 -15.027604 -4.072399 9.424131 -9.250272 -23.737053 12.408248 1.980845 -28.257708 9.113250 2.418660 8.946313 -1.859770 5.937374 1.132637 -4.560117 1.738539 -5.736615 -4.560019 8.403689 -0.024045 -5.042286 3.016022 6.127377 10.058089 13.163691 -27.663057 -13.414507 -1.667020
-2.422870 10.940561 -14.772042 -4.200130 9.528181 -9.537818 -23.673946 12.703710 1.876871 -28.399725 9.100423 2.282276 8.977262 -1.910138 5.957604 0.995427 -4.622914 1.674350 -5.592680 -4.556005 8.730681 0.152365 -5.770732 3.322418 6.111034 9.873218 13.234948 -27.418604 -13.531743 -1.776388
-2.401975 8.866205 -16.103903 -3.337884 10.679798 -9.242190 -23.392967 11.264146 1.303678 -28.244818 9.155923 2.298735 7.126351 -1.846069 6.277947 0.678935 -5.006315 1.492492 -5.054572 -4.867229 9.672709 0.916712 -6.947698 2.792145 7.019989 9.360144 13.055095 -24.839705 -16.018919 -3.383920
-3.474977 4.028422 -13.584357 -4.461219 14.269609 -0.676294 -20.131786 13.396237 7.761855 -23.052980 9.909004 2.567270 5.220075 -1.993053 5.133795 0.310027 -4.212589 0.294209 -4.660842 -3.874284 5.752542 3.222258 -8.949008 5.347145 1.590698 6.544400 6.516834 -18.780970 -19.735247 -5.783627
-9.060453 0.506020 -11.980430 0.194576 15.616995 8.128161 -18.324961 7.187409 9.338275 -22.656176 11.650922 4.463275 2.224602 -1.774763 3.149629 0.597781 -3.029646 -1.311755 -4.957142 -1.978833 1.593501 5.648434 -8.577524 0.935276 0.958455 7.085747 -0.517481 -10.711543 -27.613901 -2.286635
-8.416879 0.880619 -13.029706 1.043424 16.433283 7.295962 -17.476788 5.940450 8.801215 -23.037661 11.507829 4.741883 1.689114 -1.892341 3.027617 0.426699 -3.491069 -1.142706 -4.577682 -2.228514 1.452520 5.296627 -7.067096 -0.466191 1.997556 7.520826 0.748842 -10.613428 -27.642908 -1.363740
-5.615041 -0.019208 -13.472585 -1.270802 15.654024 8.159774 -17.142443 9.800323 8.603518 -23.675850 10.740832 4.160596 1.599146 -2.031810 3.102983 -0.603684 -4.222806 -2.004336 -4.576138 -2.397441 4.282085 6.851968 -6.435907 2.240506 0.191297 6.426394 0.507179 -11.131030 -26.465500 -4.195601
-3.570957 0.608023 -15.349255 -1.454031 14.743046 6.333822 -16.836617 10.055776 8.072873 -24.082758 10.345716 3.993461 1.506243 -2.167865 3.018338 -1.306340 -5.301949 -1.782448 -3.959542 -2.843741 6.335939 7.589019 -4.268712 1.400360 1.171752 7.163068 2.227522 -11.197644 -26.455053 -4.149767
-3.853137 -0.587996 -14.988976 -1.207117 14.582508 8.992199 -16.270283 9.311996 9.206202 -24.055948 10.163232 3.889690 0.650753 -2.603025 2.513260 -1.728052 -5.349816 -2.666553 -3.609388 -2.229837 7.277577 8.286815 -3.175668 1.174364 0.974787 7.138113 0.055797 -8.220892 -27.712805 -4.104220
1.253794 2.008657 -18.344921 -3.080452 12.559664 1.734023 -16.522409 9.993569 7.103773 -25.508371 9.110182 3.213641 1.705744 -2.619707 4.023345 -1.940506 -7.404463 -1.084043 -2.887699 -4.104095 12.068611 9.621229 -0.932979 -0.050462 3.122799 9.206017 5.560810 -9.889628 -25.838774 -5.772497
-2.691124 -0.478819 -14.725441 -0.277264 13.467203 12.285337 -14.141037 7.832777 9.819147 -25.118296 10.140907 3.327800 -0.235844 -3.743487 2.483508 -1.194439 -5.532578 -3.397569 -3.165083 -1.570728 10.748620 8.570674 -1.947566 1.366152 0.356483 7.224963 -0.724965 -3.802858 -28.720385 -2.000566
-4.083088 -0.238445 -11.985784 1.772677 12.419136 16.794031 -11.138371 7.542186 10.308541 -24.071274 10.701941 3.368721 -0.776118 -4.512038 2.942380 0.116553 -4.896671 -3.630374 -3.202938 -0.412730 10.998594 4.979756 -1.671650 3.471164 0.166480 5.420343 -1.335121 -0.863898 -28.901056 3.880997
2.354251 2.927036 -14.942667 -0.366419 10.626644 10.368899 -11.047365 9.484178 8.591735 -26.413954 9.682572 2.405230 0.414063 -5.173140 5.015402 0.675402 -7.013403 -1.408667 -2.574719 -1.973503 14.740121 4.703038 -0.063589 0.881386 3.369455 8.980658 6.321965 -2.062286 -26.582253 5.162061
3.264652 5.001696 -16.834042 2.466292 7.835877 5.714643 -10.928321 7.794443 4.064037 -30.776293 9.243458 2.069747 0.996994 -5.713435 6.236637 1.548903 -7.620996 -0.354309 -2.520581 -2.391592 18.037325 2.476217 1.759374 0.291154 6.707877 11.111821 10.450487 -4.876472 -24.461760 7.433477
4.489531 6.811414 -16.730949 3.578471 7.208926 5.527730 -9.710376 7.773550 0.525567 -31.871332 9.101019 1.555279 1.165419 -6.366325 7.390954 2.640644 -7.636762 -0.164115 -2.492368 -1.943093 21.453545 -0.299303 6.091873 1.826908 9.691238 11.193680 11.031396 -6.786259 -22.167980 10.709315
4.729847 7.202410 -15.923252 5.692809 6.716836 7.059515 -7.395205 7.950988 -1.277485 -32.735081 9.154870 1.272090 1.135291 -7.125795 8.343042 3.740522 -7.474750 -0.260459 -2.331402 -1.830559 23.781553 -2.301274 9.262613 4.578910 10.576740 11.251720 10.824043 -7.013383 -20.028620 12.893927
5.878471 7.551486 -14.966018 7.307107 6.894390 8.617694 -5.582342 8.481288 -3.811254 -32.590687 8.838156 0.865899 1.797392 -7.960013 8.664580 4.246755 -7.142554 -0.251101 -1.992459 -1.509823 24.160406 -4.531929 12.718081 5.981418 10.635391 12.429142 8.901627 -7.152550 -17.763966 14.197049
7.592178 8.447361 -13.566623 7.339522 7.136029 9.191001 -3.238610 8.561485 -4.559613 -33.395859 8.946365 1.107764 2.644883 -8.482528 9.775293 5.153110 -6.499165 -1.510127 -1.129759 -1.264919 23.278078 -5.961157 14.904778 7.197402 11.951977 14.996267 7.352319 -6.968601 -17.001425 13.862068
8.573956 9.533020 -12.107906 5.994765 8.291002 9.141757 -1.035142 8.222758 -5.582820 -34.369122 9.199456 1.454637 2.918646 -8.617432 10.397503 5.744237 -5.904370 -2.353484 -0.799352 -1.428223 21.897444 -6.330944 16.445665 6.998702 12.951237 16.627794 6.560827 -6.428326 -17.425682 13.032641
8.727820 9.625113 -11.874448 5.873973 8.658039 8.887535 -0.994657 8.205050 -5.642769 -34.468250 9.232450 1.519631 3.166573 -8.484835 10.478486 5.620516 -5.778115 -2.547145 -0.648066 -1.427880 21.568117 -7.042824 17.087334 7.324830 13.468189 16.484388 6.254602 -6.762059 -17.373564 12.964770
