-5.327717 23.806030 -17.995579 9.994475 -4.060722 0.515368 9.644906 10.889581 17.770546 4.802733 -4.287380 1.320401 -1.363073 -9.760568 5.276927 -2.046693 -5.385357 3.292477 -9.609630 -2.817403 4.105490 6.436981 7.327185 1.666750 2.224487 23.592596 -0.890670 -24.001341 -4.473599 20.021624
-5.364877 23.829418 -17.888090 10.025195 -3.940812 0.613147 9.664458 10.887456 17.730852 4.761291 -4.191337 1.248517 -1.353405 -9.803264 5.096894 -2.049697 -5.461052 3.370866 -9.661252 -2.689245 3.951931 6.409610 7.427892 1.776896 2.076906 23.617731 -0.929867 -23.900339 -4.413650 20.027147
-5.874329 21.898348 -17.690012 7.787740 -5.482363 1.824462 8.843000 10.868936 18.129284 3.276244 -3.495149 1.615873 -0.672031 -9.165545 5.688703 -1.713736 -5.670258 2.746240 -9.603301 -2.359209 5.018224 5.779690 6.940103 2.409940 3.636327 22.830879 0.302875 -22.617659 -6.400049 19.547430
-5.383585 22.543224 -17.624605 8.739480 -5.399742 2.137121 9.403321 10.960622 17.911936 3.474354 -3.706071 1.485115 -0.947878 -9.358967 5.374464 -1.880634 -5.703068 3.046435 -9.645043 -2.483321 4.735057 6.609790 7.228194 2.019544 3.244083 23.347454 -0.507194 -23.182627 -5.956904 19.639870
-5.065395 21.902950 -17.266766 7.050377 -7.050493 4.124809 9.594817 10.951013 17.513281 2.317810 -3.463174 1.978511 -0.665974 -8.790146 5.682436 -1.755709 -5.982143 2.769144 -9.803990 -2.379819 5.804896 7.352621 7.089461 2.963367 4.077063 23.095030 -0.685521 -22.173487 -7.512288 19.400867
-4.861697 20.704638 -17.031570 6.027229 -8.424781 5.973965 10.102441 11.109132 17.228592 1.067505 -3.094450 2.312815 -0.197596 -8.163525 6.072744 -1.604215 -6.343303 2.618182 -9.866767 -1.987220 6.452744 8.013065 7.166818 3.401326 4.654462 22.719301 -0.687722 -21.353996 -8.920961 18.894604
-4.853582 20.018913 -16.935940 5.675024 -8.986061 7.033036 10.541991 11.159739 17.090649 0.373442 -2.798020 2.829999 -0.094077 -7.837946 6.342083 -1.371325 -6.613500 2.830691 -9.780397 -1.709197 7.067564 9.163778 7.282260 4.066085 5.109823 22.890764 -1.471936 -21.084745 -9.860589 17.881145
-4.579683 19.517994 -16.814283 5.395141 -9.459452 8.277058 11.515372 11.033673 16.723158 -0.365751 -2.658227 3.349629 -0.110777 -7.589976 6.629726 -1.076181 -6.874589 3.203216 -9.818433 -1.369791 7.621938 9.884882 7.270110 4.089122 5.125271 22.561104 -1.968421 -20.597937 -10.723705 17.471878
-4.219763 18.950417 -16.849291 5.727740 -9.852506 9.167165 12.412118 10.885283 16.859905 -0.889659 -2.449955 3.576296 -0.089105 -7.361866 6.700686 -1.021695 -7.146776 3.150033 -9.865082 -1.227570 8.255109 9.799743 7.301900 4.974689 5.940706 22.513620 -2.094991 -19.945002 -11.573755 17.192436
-3.975370 18.266422 -17.215197 6.547374 -9.736378 9.834508 13.262685 10.692920 17.095665 -1.349298 -2.372281 3.882054 -0.430230 -7.230038 6.616423 -1.054299 -7.539086 3.369230 -9.877986 -1.099451 8.602448 9.801876 7.364861 5.471121 6.564866 22.336893 -2.016742 -19.412584 -12.355734 16.958569
-3.324711 17.294493 -17.828299 7.522340 -9.388205 10.737497 13.766572 10.551773 17.716269 -1.952589 -2.339024 3.678709 -0.675620 -7.076948 6.203970 -1.536549 -7.982382 3.003501 -9.988811 -1.032871 9.127398 9.132273 7.257589 6.171398 7.394380 22.003914 -1.498014 -18.706263 -13.046959 17.215660
-3.248791 16.388901 -18.686131 8.289002 -9.105513 10.642713 13.984845 10.172017 18.250330 -2.060084 -2.312505 3.313694 -0.756144 -6.934968 5.694516 -2.039790 -8.418501 2.519104 -10.210674 -1.010368 9.746238 8.106099 6.984452 6.945525 8.010822 21.555351 -0.771081 -18.144548 -13.327312 17.953548
-3.309699 15.377190 -19.465303 9.502392 -8.304884 10.288058 13.866987 9.983649 19.097036 -2.022133 -2.345542 2.699170 -0.553738 -7.062588 5.174660 -2.472651 -8.714325 2.115665 -10.443971 -0.575789 10.170030 7.063883 6.993850 7.525730 8.616083 21.442335 0.214462 -17.328154 -13.600536 18.631514
-3.163227 14.234284 -20.224173 10.371922 -7.117011 9.436432 13.568644 9.963758 20.008913 -2.225836 -2.402661 2.217975 -0.342055 -7.055196 4.621929 -2.856529 -8.811470 1.612011 -10.711498 -0.456486 10.819819 6.017611 6.800579 8.311079 9.417391 21.326080 1.116478 -16.462988 -13.903375 19.044727
-3.321405 13.791664 -20.562330 10.492831 -5.926015 8.324584 12.714380 10.234853 20.612356 -2.263825 -2.406231 1.703622 0.077161 -7.222832 4.260805 -2.986962 -8.828465 1.224959 -11.019923 -0.082615 11.290463 5.072889 6.815046 8.355347 10.008619 21.384611 2.345849 -15.353509 -14.271409 19.271149
-3.593703 13.790402 -20.788002 10.384956 -5.014243 6.898753 12.069359 10.579221 20.951910 -1.943282 -2.421464 0.990169 0.753038 -7.296212 4.233302 -3.073531 -8.703981 0.984050 -11.279910 0.333492 11.384895 4.589241 6.539760 8.767636 10.757936 21.723574 3.185829 -14.391556 -14.811611 19.448317
-4.098326 13.685450 -21.168890 9.619954 -4.431408 5.640328 10.943847 10.800911 21.215010 -1.617470 -2.402013 0.488795 1.550639 -7.388722 4.331952 -2.882825 -8.483706 0.855845 -11.510606 0.783407 11.266660 4.116708 6.507933 8.773915 11.382601 22.169657 4.247915 -13.545506 -15.326604 19.128769
-4.586456 14.141702 -21.350225 9.102017 -3.709517 4.180184 10.114810 11.077719 21.545750 -1.211662 -2.482918 -0.040675 1.949406 -7.513194 4.599919 -2.766593 -8.192778 1.081678 -11.573795 1.180519 11.280994 3.675484 6.523554 9.033956 11.946564 22.383135 4.779892 -12.995481 -15.714994 18.945202
-5.378119 14.505570 -21.387152 8.796435 -2.659668 3.065681 9.852713 11.000272 21.511782 -0.852213 -2.596203 -0.312809 2.565236 -7.655633 4.853356 -2.582324 -7.839551 1.468004 -11.545962 1.793784 11.085549 2.384712 6.611178 9.137691 12.780899 22.489222 5.880521 -12.516831 -16.167646 18.454073
-5.955128 14.939760 -21.170179 8.961058 -1.680294 2.103937 9.653449 11.176473 21.713888 -0.545084 -2.806059 -0.550424 2.816259 -7.858182 5.054699 -2.529033 -7.590484 1.904297 -11.441237 2.068349 10.589953 1.360056 6.638391 9.011420 13.248522 22.389124 6.595992 -12.535541 -16.382412 18.283894
-6.149632 14.575586 -21.154730 8.583740 -1.527217 2.021269 9.487062 11.070621 21.591993 -0.637741 -2.746159 -0.592027 2.966638 -7.800845 5.046025 -2.539011 -7.520693 1.892185 -11.530622 2.201250 10.616485 0.824950 6.819266 8.977744 13.553606 22.357197 6.718770 -12.354777 -16.542612 17.990479
-6.125999 11.790733 -20.962870 6.996565 -4.898500 4.257778 7.170222 12.199500 21.680506 -1.692143 -2.576361 -0.198483 2.757390 -7.473844 5.147684 -2.815250 -7.629914 1.538675 -11.035530 2.306117 12.269856 0.211240 6.987925 9.967842 13.816563 20.489706 6.252645 -11.981292 -16.714121 18.069038
-5.783689 11.166304 -22.181309 5.919888 -7.208847 6.222298 5.335066 11.598141 21.851160 -1.711063 -2.641370 0.001433 2.167219 -7.086127 5.620239 -3.324340 -8.152340 0.672872 -9.869599 1.557483 13.903807 1.292004 7.117902 7.297174 10.506336 17.320124 5.723763 -12.386781 -16.910448 18.401814
-5.990344 8.048402 -21.073284 2.943011 -9.776638 11.295281 5.035386 12.617681 20.634279 -4.828932 -2.093734 0.588754 1.580485 -6.406633 5.775918 -3.386331 -8.559725 0.017358 -9.721008 1.668405 15.992937 1.444384 7.085874 5.272084 8.371535 14.108116 6.263677 -12.565484 -17.112078 18.283823
-5.689212 7.988526 -21.240690 1.912151 -9.728476 11.211884 5.818845 11.575438 19.613848 -4.740267 -1.639293 1.412082 1.569277 -5.855122 6.101916 -3.174936 -8.780243 -0.435038 -9.455545 1.600670 16.095430 1.395576 5.567765 4.800658 8.095166 12.695205 7.207049 -12.872519 -17.463449 17.228611
-5.198727 5.349404 -22.228868 1.008965 -7.813027 11.370845 6.267380 11.335549 19.878180 -6.379280 -1.056941 2.858592 1.392350 -5.521042 6.547403 -2.655096 -8.596935 -0.570283 -9.429593 1.997284 17.321297 2.347112 5.650444 5.180074 8.026998 11.135937 6.182653 -13.044064 -18.979639 14.917802
-4.682098 2.246278 -23.685904 0.913920 -5.832591 10.912951 6.154918 11.403068 20.083887 -7.970572 -0.645850 2.996782 1.374084 -4.521383 6.864087 -2.652746 -9.303490 -0.729075 -9.642832 2.725757 19.154465 0.929208 6.802087 5.626094 9.822624 10.390152 7.765407 -11.229092 -21.058472 13.551691
-6.618920 0.255223 -21.243093 0.043555 -1.897518 13.122916 7.177424 10.413045 19.106421 -8.784603 3.108831 2.182730 1.531172 -4.565878 3.936622 -2.284563 -8.526842 0.010636 -8.741516 3.863093 15.349570 -0.428645 6.242059 9.936488 6.105986 8.377890 4.719349 -6.400915 -23.181543 12.411220
-9.626929 -2.733771 -18.258177 -1.209965 2.521561 15.144374 7.615262 8.902819 19.011436 -9.807503 5.169920 3.233569 0.783944 -3.856779 2.532800 -2.083475 -7.347580 -1.165123 -8.457313 5.394950 12.471810 -2.184691 4.231130 10.414946 5.976492 6.579191 1.680278 -3.909089 -26.003729 10.829532
-11.141566 -4.176847 -18.326368 -2.354906 5.175712 14.537288 7.802830 7.867677 18.947962 -8.812241 5.768332 3.306100 0.382172 -3.023434 1.671604 -3.045387 -7.454780 -1.459859 -7.910660 5.679573 10.221433 -3.365730 2.706459 10.397406 5.524155 5.177146 1.345941 -2.557247 -27.095682 9.385296
-10.780019 -3.634905 -21.181150 -1.940530 6.362055 11.402806 8.863381 6.052628 18.422667 -8.562120 4.849382 2.782053 -0.149115 -2.750384 2.420164 -3.642426 -9.239532 -0.768031 -8.103328 5.654346 9.885690 -4.067633 3.440392 8.292869 7.843475 7.252848 5.330942 -2.555765 -28.200682 8.394353
-12.257962 -3.971390 -22.082598 -2.348378 8.023507 10.719903 10.493652 4.900403 19.304953 -8.257273 5.187976 3.785823 -1.178767 -2.133036 2.188967 -3.991242 -9.368603 -0.562688 -7.742549 5.186726 8.947472 -4.188372 3.347686 8.147082 8.366762 7.483294 5.731894 -1.453783 -29.321146 6.788845
-12.321660 -3.165782 -22.535372 -2.736249 10.311794 10.014552 12.430367 2.849102 18.944822 -7.517902 5.295662 4.481333 -1.661867 -1.844644 2.325745 -3.943854 -9.778452 0.225295 -7.293712 5.268193 6.791357 -4.763460 3.755608 7.848185 9.074268 8.299157 6.067454 -1.768684 -29.821478 4.172637
-15.376774 -5.900058 -16.125704 -2.677623 12.186022 20.429953 11.319751 2.560010 18.698383 -6.266297 8.150134 6.402058 -3.551120 -1.844361 1.823506 -1.946843 -6.558041 -1.458781 -6.306938 5.404759 3.091507 -6.217883 2.386340 8.568809 6.624355 5.904738 -1.891570 1.597439 -32.361786 4.690475
-13.418792 -4.144147 -19.446203 -2.610251 12.594355 14.745582 12.205979 2.415910 17.805958 -6.770381 6.509381 5.086576 -2.095958 -1.877006 2.405705 -3.194978 -8.546091 -0.275093 -6.492124 6.025314 4.418397 -6.054416 4.090092 7.981560 7.717747 7.451103 2.097257 -0.368988 -31.263870 2.378581
-11.708444 -1.502752 -23.443657 -2.292920 11.663889 9.624734 14.092681 1.123976 16.833597 -6.275233 5.073996 5.450162 -2.956239 -1.826901 2.762868 -3.767545 -10.407246 1.201215 -6.745965 5.147245 5.740313 -5.707267 4.923573 6.086768 9.931496 9.875225 7.229889 -1.127045 -30.123606 3.242022
-12.161038 -1.921941 -23.015757 -2.399817 11.735409 9.706921 13.955495 1.409336 17.476362 -6.510332 5.184182 5.131258 -2.422645 -1.838441 2.639581 -3.804516 -10.242086 1.023958 -6.925558 5.137174 5.808650 -5.312429 4.671631 6.365811 9.504741 9.464259 6.392508 -1.659502 -30.231972 2.688907
-9.043986 0.805481 -27.691568 -3.291046 10.368846 4.247099 13.828572 1.866632 15.788480 -5.336103 2.761740 3.978626 -2.145983 -1.881729 4.156785 -4.370826 -12.587286 3.079050 -7.713106 4.301143 8.101165 -4.933249 6.205368 4.404609 11.635163 11.466575 12.969181 -4.003162 -28.332396 3.191073
-9.219586 0.460070 -27.373991 -2.964992 10.581587 4.369663 13.477981 1.925127 16.277811 -5.525704 2.817494 4.005517 -2.097937 -1.829965 3.961662 -4.533898 -12.367895 2.859511 -7.708260 4.330970 8.084958 -4.918499 5.740172 4.559035 11.542672 11.218219 12.366126 -3.672324 -28.633333 3.176035
-9.226949 0.240948 -26.906664 -2.804345 10.530041 4.914680 13.534467 1.882642 16.403078 -5.869656 2.913822 3.930984 -1.983207 -1.934171 3.845437 -4.583089 -12.423952 2.588280 -7.672741 4.304430 8.220179 -4.651288 5.675851 4.538514 11.414262 11.261240 11.810205 -3.487779 -28.649256 3.127986
-10.374686 -0.209261 -24.958536 -2.847314 11.253202 6.677499 13.864375 1.582535 16.988623 -6.100699 3.564674 4.280575 -2.091570 -1.809138 3.340296 -4.381454 -11.774673 2.271305 -7.758886 4.584417 7.642370 -4.791866 5.445771 4.633039 11.166885 10.758417 9.533003 -2.898167 -29.588135 3.360460
-17.482536 -5.894188 -7.084646 2.830527 9.077923 31.596834 2.812912 6.241199 16.037422 3.080608 10.277269 2.142793 -4.458127 -2.051002 4.008698 -0.359592 1.669144 -3.020144 -4.196485 1.277226 0.609974 -10.250565 0.808234 18.175224 2.147473 5.034297 -12.040822 5.539896 -25.925741 14.736777
-15.897666 -7.665221 -11.623300 -3.633427 10.027067 26.236412 2.894605 6.836807 17.965803 -5.765402 8.925986 4.828243 -2.715341 -2.261609 1.688810 -3.069138 -3.073416 -3.505916 -4.894611 4.371957 3.228142 -6.840112 -1.290261 11.588274 0.990304 -0.553427 -7.063717 -0.248153 -29.227072 8.176395
-15.086679 -6.138100 -15.185533 -7.491594 11.083271 19.239752 0.074953 6.860099 18.680899 -7.072229 7.935948 3.917447 -0.603268 -0.747075 1.356904 -5.204190 -5.078812 -3.065123 -5.975904 4.520775 3.764567 -3.518508 -0.467979 9.906477 1.972547 0.653455 -4.441357 -3.877372 -29.676094 1.661665
-12.296655 -3.657993 -19.701445 -7.808703 12.930223 10.629546 0.800666 4.668473 17.839956 -7.396742 6.664385 4.127413 -0.531613 -0.074850 1.900373 -5.634740 -7.438951 -1.445325 -6.641319 2.824487 1.570076 -2.945354 0.758040 7.199164 4.425114 4.012341 4.072953 -5.953279 -29.215300 -0.066796
-10.279838 -0.489357 -21.881998 -9.003450 13.383242 6.715324 0.267640 3.973753 15.534570 -6.217244 5.434164 3.431883 -0.855677 0.674609 2.466345 -6.064953 -8.739857 0.958246 -7.563186 1.900057 0.344086 -3.326746 -0.056171 5.896286 5.247185 5.774727 8.754368 -7.404455 -27.339762 0.044044
-9.659389 3.390857 -22.911028 -11.083609 14.362329 3.763307 -2.333284 3.875221 11.950830 -5.246598 4.389349 2.880902 -0.681026 1.166795 3.857890 -6.055451 -8.949810 2.980971 -8.115445 1.030422 0.421157 -4.319026 -0.466830 4.060593 6.442610 6.920321 13.155829 -9.850158 -26.110973 1.288230
-8.906588 6.944451 -24.487169 -12.827191 13.596006 1.575997 -3.971942 4.816242 8.493981 -4.176831 2.790795 1.150035 0.472619 1.087068 5.591208 -5.844102 -9.643764 5.312314 -9.293281 0.848545 2.235575 -7.080082 0.936768 5.501539 7.804157 7.348255 16.081263 -13.878545 -22.429157 1.724651
-6.829255 9.739157 -24.920874 -13.402058 10.774945 -0.472772 -7.361134 6.743854 7.054338 -3.384683 -0.150324 0.609091 2.477040 1.428833 7.414997 -6.522163 -10.297527 4.536299 -10.898246 0.554149 4.691551 -5.515259 2.034118 4.435311 9.717083 8.900364 16.170238 -19.873426 -19.123394 0.876595
-7.353421 11.928621 -23.878679 -14.170899 10.513603 -1.285936 -5.326445 7.868662 4.344498 -2.520519 -1.426243 0.341979 3.764062 1.243938 9.296939 -5.114390 -9.024918 6.015615 -11.741718 1.415602 7.980377 -7.219451 1.504877 5.411757 10.902899 10.441291 17.011583 -20.575457 -16.672026 0.556387
-7.187675 12.498592 -22.942093 -14.045061 7.919065 -0.396215 -5.027323 9.278006 3.445413 -2.913528 -1.589426 0.254757 4.753475 0.978704 9.843937 -3.956586 -8.252823 6.587955 -12.207907 1.986447 9.683680 -8.489738 1.342413 6.517545 11.633940 10.106438 16.266970 -21.567736 -14.953385 2.430431
-6.916222 12.883986 -21.596098 -14.430354 6.671458 1.802960 -4.691028 10.796924 2.174085 -3.327852 -1.284942 0.240842 5.896832 0.565569 9.643631 -3.079778 -7.635602 6.418756 -12.605595 2.641467 10.402623 -9.073903 0.027005 8.897916 11.996443 9.033535 14.987945 -23.699736 -14.033993 2.658371
-7.382643 12.487757 -20.484903 -13.241138 5.354760 4.463342 -4.614189 11.562783 2.463222 -4.293591 -0.930427 0.037315 7.184226 0.237584 9.124779 -2.555962 -7.103822 6.097368 -12.988262 3.640712 11.693731 -8.659307 -0.362832 10.519826 10.713758 7.815081 12.731215 -24.768444 -13.142488 2.995797
-7.064956 12.029112 -19.065477 -13.343672 4.441981 7.324373 -4.871014 11.475778 2.824539 -5.850490 -0.785634 -0.648730 8.312953 -0.173856 8.442804 -2.490763 -6.631464 5.215504 -13.331449 4.667246 12.902069 -7.986842 0.110263 13.349259 10.884145 7.194315 9.652719 -25.003649 -13.234871 4.400470
-7.121983 11.715488 -18.238760 -14.405769 1.526445 9.767628 -7.012593 11.076853 3.986607 -6.387525 -0.755049 -1.577299 8.938434 -0.342376 7.760010 -3.084893 -6.349920 3.768563 -13.545955 4.818897 14.796082 -6.697883 0.004131 15.906462 10.269331 6.780955 6.849493 -25.165873 -12.061760 5.431566
-7.321409 11.394184 -17.040234 -14.519812 0.731990 10.698738 -7.522465 10.939553 4.703100 -6.737211 -0.646412 -1.963761 9.424797 -0.481456 7.568981 -3.169895 -5.757177 3.210320 -13.463399 4.763858 16.648333 -6.337782 -0.197401 17.116640 10.379778 7.225720 5.123163 -24.725166 -11.343109 6.341337
-12.398488 8.641348 -11.504601 -14.028589 4.902033 17.162222 -7.478076 9.300421 10.612367 -5.501112 5.786445 -0.001637 7.246570 -0.605071 4.313107 -1.853918 -1.832655 0.986473 -10.546247 3.330055 6.882110 -4.455406 -3.052187 18.467758 2.061459 3.116825 -2.919818 -17.510796 -16.030228 5.874889
-10.137749 11.192403 -14.318801 -12.837130 4.932281 12.773065 -7.346874 9.080224 7.761858 -5.906609 3.795387 -1.433682 7.958734 -0.804860 4.934523 -2.683262 -4.637469 3.212614 -11.555064 3.312325 9.705425 -4.758895 -1.840782 18.754766 5.263838 5.656757 0.904479 -18.997616 -13.572569 6.054057
-6.737736 10.518337 -16.705603 -11.597450 3.568264 9.443818 -5.628490 11.619221 4.969262 -6.289625 0.415981 -1.814755 7.775669 -0.673412 6.570985 -3.483565 -5.859560 4.215458 -12.334756 3.715758 12.451010 -4.453452 -2.146599 15.665013 7.698946 7.739277 6.263772 -19.377354 -13.422770 6.650690
-19.523808 0.754494 -1.117381 -8.251305 5.172324 25.477457 -6.271317 10.137946 17.171637 2.349021 9.465540 2.902070 1.781813 -0.125972 3.622349 -0.996557 3.972258 -0.757033 -6.748251 0.668911 -2.891675 -5.562409 -9.978808 14.854955 -2.736751 2.016158 -10.644339 -5.536540 -20.599485 9.705117
