9.175412 28.022766 -7.327458 4.239884 12.347673 2.904353 3.533277 15.691493 7.982186 -4.037927 -5.427021 5.375804 2.838289 -7.747517 1.155895 -6.995805 -4.257347 4.352742 -7.778174 -4.053668 3.913640 6.476906 7.353931 1.756878 2.006705 23.602343 -0.886545 -23.885534 -4.417785 20.037580
9.341851 28.090939 -7.060260 4.068094 12.562633 2.857173 3.538694 15.811633 7.977528 -4.298220 -5.353262 5.151064 2.678672 -7.895080 1.191363 -6.822317 -4.365285 4.405768 -7.870848 -3.899170 4.167433 6.497344 7.375768 1.466049 2.389959 23.760483 -0.805582 -24.165745 -4.485515 20.127300
7.520870 27.144894 -4.970996 4.311378 14.104950 4.337764 4.182471 15.403206 9.100664 -4.246300 -4.183099 5.337078 2.409683 -7.944835 -0.023824 -6.595334 -3.523930 4.474538 -7.546263 -3.641873 2.422715 6.257984 6.243449 1.451728 1.386560 23.192678 -3.317869 -21.993132 -5.990830 20.725433
7.059170 26.181414 -3.436649 5.673317 15.218843 4.582197 5.311700 15.660440 9.808565 -3.856943 -4.159685 5.472482 2.217175 -8.208142 -0.200913 -6.098428 -3.125027 4.696463 -7.559403 -3.098980 2.235847 5.868721 5.739869 1.010302 0.821893 23.435875 -4.251743 -20.150461 -6.264986 21.384560
5.899426 24.618454 -1.598930 6.624026 16.547157 4.800624 6.554853 16.096554 10.432078 -3.810865 -3.640534 5.683048 1.770266 -8.389183 -0.736895 -5.567187 -2.484921 4.830126 -7.579062 -2.639340 1.240604 5.267321 4.759124 0.243427 0.065007 23.462250 -6.044530 -18.054001 -6.971841 21.791815
5.287479 23.003481 0.149025 7.703999 17.596973 4.918540 7.686640 16.926687 11.044208 -3.666898 -3.499759 5.921479 1.368971 -8.474408 -1.030106 -5.246974 -1.863625 4.789808 -7.824186 -2.146608 1.331960 5.277527 4.327173 -0.355015 -0.195678 23.670691 -6.965934 -16.601099 -7.151448 21.689278
5.128149 21.929256 0.929279 8.658869 18.064734 4.805871 8.459665 17.541967 11.236750 -3.603591 -3.585170 6.097383 1.077973 -8.591290 -1.110403 -4.909636 -1.390500 4.896833 -8.061499 -1.921743 1.196672 4.940159 3.796470 -1.383082 0.139338 23.944481 -7.735667 -16.126562 -7.875082 21.868301
5.003573 21.177082 1.743998 9.246317 18.415064 4.631663 9.066786 18.129084 11.332221 -3.369220 -3.688834 5.925190 0.881816 -8.627348 -1.122462 -4.848364 -1.076680 4.989236 -8.045996 -1.834554 1.282883 4.791095 3.617264 -2.286006 0.507162 24.343494 -8.189050 -15.663289 -8.104628 21.715054
4.879539 20.961281 2.053365 9.622611 18.811689 4.421750 9.539557 18.191355 11.458889 -3.083277 -3.942001 5.805825 0.656266 -8.774991 -1.177182 -4.857261 -0.685477 5.087992 -8.032044 -1.800830 1.112055 4.277436 3.190543 -2.840811 0.729505 24.386095 -8.646583 -15.684007 -8.143918 21.879242
4.575987 21.280836 2.716933 9.394493 19.156500 4.053374 9.734110 18.350771 11.338161 -2.510896 -4.248729 5.995402 0.352050 -8.784293 -1.183016 -4.938163 -0.526791 4.863930 -8.181684 -1.596588 1.339920 3.747015 2.788085 -3.915957 1.477708 24.609043 -8.959311 -15.418679 -8.481750 22.247890
4.276136 21.489906 3.418688 9.107664 19.522461 3.817950 9.930478 18.377590 11.270371 -1.764679 -4.725711 6.277885 -0.078573 -8.779704 -1.096982 -5.104417 -0.551745 4.554804 -8.344773 -1.336340 1.330243 3.277914 2.187526 -5.199226 2.376705 24.858927 -9.599450 -15.649121 -8.875957 22.139954
3.597903 22.335598 4.175003 8.648599 19.772099 3.624655 10.148274 18.041248 10.837796 -1.297323 -5.216428 6.530247 -0.643525 -8.809649 -1.191206 -5.420130 -0.503697 4.191664 -8.417735 -1.107475 1.001259 2.918031 1.762242 -6.156182 2.964544 25.120871 -9.990942 -15.975743 -9.144572 22.175724
3.218613 23.293594 4.454185 8.072200 19.916885 3.394773 10.085078 17.793133 10.383647 -0.859651 -5.611197 6.768929 -0.978454 -8.798285 -1.249166 -5.715805 -0.670165 3.655677 -8.517836 -0.831719 0.730159 2.792263 1.314424 -6.479420 3.104610 25.063293 -10.897233 -16.297598 -9.342640 21.522888
2.675467 24.231014 4.849952 7.476007 20.215286 3.642443 10.310563 17.181299 10.123399 -0.478305 -5.751853 6.817690 -1.711889 -8.934480 -1.331478 -5.900151 -0.716867 3.346168 -8.413606 -0.667049 0.523938 2.291013 0.867755 -6.633229 3.319918 24.909765 -11.381663 -17.256613 -9.052070 20.914940
2.495641 25.332739 5.070568 6.684321 19.961159 3.864650 10.277841 16.510370 9.502324 -0.313407 -5.964013 6.930152 -2.191527 -8.928701 -1.205373 -6.054535 -1.006587 2.921394 -8.467044 -0.294421 0.610740 1.814013 0.605775 -6.226150 3.597742 24.425451 -12.169722 -18.498484 -8.654184 20.413071
2.217306 26.015450 5.325851 5.830278 19.288385 4.331962 10.368087 16.189194 9.328352 -0.120146 -5.996992 7.136130 -2.400682 -8.780516 -1.566994 -6.698487 -1.210511 2.507210 -8.240556 -0.219934 0.719623 1.214764 0.269534 -5.982807 4.004803 23.941202 -12.395028 -19.952806 -8.556715 20.194563
2.179449 27.313480 5.106181 5.008268 18.969683 4.413063 10.170621 15.788271 8.910063 0.152512 -5.959354 7.238432 -2.908406 -8.630558 -1.612487 -7.232030 -1.601361 2.207347 -8.057536 -0.338375 1.138898 0.715315 0.250032 -5.181451 4.382362 23.314411 -12.874885 -21.794069 -8.040154 19.355049
2.232636 28.305920 4.886706 4.298450 18.484692 4.714279 10.186456 15.438265 8.551042 0.613365 -5.995832 7.236461 -3.160140 -8.381145 -1.466276 -7.706249 -1.877510 2.026618 -8.013518 -0.566014 1.133507 -0.229257 0.361660 -4.573267 4.890563 22.698336 -12.659728 -23.588232 -7.561931 19.485771
2.346718 28.914959 4.525277 3.723485 18.068235 5.089645 9.869342 15.212130 8.297783 0.692036 -6.128286 7.231592 -3.215512 -8.069798 -1.202287 -8.114706 -2.151229 1.768358 -8.133057 -0.789091 1.332174 -0.671401 0.586987 -3.687806 5.186348 22.046011 -12.273480 -24.884106 -7.110792 19.800186
2.449610 29.851727 4.033858 3.369407 17.865288 5.541127 9.387045 14.641217 8.130374 0.790318 -5.966688 7.079721 -3.348860 -7.967817 -0.992657 -8.144552 -2.350737 1.550931 -8.221479 -0.786150 1.499047 -0.942980 0.695919 -3.420855 5.753257 21.803930 -12.243310 -25.880087 -7.027309 20.061184
2.336457 29.701307 4.027733 3.426033 17.970778 5.543607 9.291543 14.551045 8.116960 0.637855 -5.959338 7.140865 -3.283219 -7.922602 -0.887426 -8.116522 -2.401717 1.621346 -8.244756 -0.826158 1.399517 -0.841522 0.650771 -3.669249 5.870193 21.932726 -12.328374 -25.932161 -7.105248 20.050785
3.695791 28.632645 4.912652 5.400422 17.635963 1.361932 10.610099 16.492048 5.764869 1.147019 -6.570414 6.515782 -3.031459 -9.515838 -1.902869 -7.607489 -1.643353 1.747321 -6.987604 0.671678 2.063544 -0.930120 0.710483 -5.469913 3.602630 23.650545 -13.056195 -20.810663 -6.681185 17.099184
4.962997 25.427185 4.302998 8.316534 18.139101 -1.103127 9.919160 18.550772 6.253434 0.350859 -6.556645 5.779519 -2.351465 -10.478597 -2.221230 -7.046768 -0.984724 2.693650 -6.117146 1.152452 3.102045 -1.249290 2.070097 -6.560649 2.152050 25.287085 -10.885955 -16.388296 -4.543185 17.320818
4.835237 24.297348 4.952182 7.247343 16.298569 -1.471987 9.560174 19.942122 6.108544 -0.292749 -5.857181 4.563273 -1.532379 -10.932739 -2.366610 -6.911955 -0.689670 3.569636 -5.121461 1.063571 4.380995 -1.569068 2.883484 -5.204544 1.209688 25.090403 -9.456131 -15.221055 -2.818190 17.864407
5.012739 23.356232 5.307012 4.864748 13.664161 -1.836326 8.522279 22.074928 4.781275 -1.258594 -5.012459 3.038349 -0.755240 -10.912236 -2.539834 -7.246630 -0.547215 4.153605 -4.474888 0.318903 5.163391 -1.825480 4.044736 -3.462811 -0.106027 24.532732 -8.144513 -14.517984 -1.399353 17.352915
5.574118 23.581982 5.446041 3.344808 11.069615 -0.280453 5.761646 22.325151 4.666513 -2.398930 -4.830508 3.220621 -0.883221 -10.598143 -1.762542 -6.988692 -0.796689 5.018671 -4.743348 -0.383762 6.025771 -1.782637 4.054046 -1.130469 0.183263 23.463697 -7.318685 -15.087407 -0.774192 19.871305
5.885963 24.787292 4.122194 3.057442 10.931726 -3.975092 3.522301 21.632113 3.660058 -2.349705 -4.519624 1.870696 -0.748989 -11.269876 -2.605852 -7.719802 -1.258554 5.123414 -3.294333 -1.129035 5.809350 -2.346887 5.748661 -1.052613 -1.877500 24.040064 -4.257436 -13.889490 1.384248 18.068245
7.947141 25.994553 1.916231 3.487396 9.072045 -7.288014 0.167356 22.268011 3.399457 -2.185887 -4.106990 0.667766 0.017851 -12.069818 -2.796102 -7.735968 -1.779978 6.215668 -1.850537 -1.813292 4.983601 -2.647121 7.465119 -0.102533 -3.875554 24.754515 -0.374295 -12.302292 3.558392 17.823729
7.918271 25.906658 1.983001 3.649937 9.158905 -7.386204 0.309638 22.292320 3.311907 -2.225549 -4.096224 0.733371 0.001722 -12.094661 -2.844475 -7.699433 -1.762416 6.153625 -1.828320 -1.750627 5.071050 -2.587138 7.433860 -0.352585 -3.808860 24.904802 -0.551581 -12.313384 3.385760 17.586943
7.846128 25.884752 2.033535 3.551237 9.206226 -7.426835 0.327636 22.332674 3.252844 -2.291267 -4.163401 0.619355 0.072167 -12.127282 -2.839956 -7.831383 -1.830203 6.128057 -1.764908 -1.819679 5.085461 -2.717952 7.527461 -0.200649 -3.961982 24.870909 -0.412455 -12.203587 3.459799 17.449987
7.841234 25.930260 1.989000 3.531764 9.213064 -7.454376 0.390624 22.298925 3.223694 -2.243553 -4.182913 0.663097 0.002262 -12.117042 -2.842084 -7.829778 -1.817817 6.112028 -1.793736 -1.803650 5.142679 -2.759110 7.483124 -0.310378 -3.845614 24.889181 -0.438163 -12.304549 3.473491 17.476036
8.024011 25.743546 1.945989 3.769863 9.134377 -7.329738 -0.023641 22.400343 3.482860 -2.361628 -4.021162 0.502078 0.310126 -12.117028 -2.718389 -7.683585 -1.777599 6.351194 -1.759792 -1.705778 4.872897 -2.639089 7.667860 0.181736 -4.416359 24.739372 0.058965 -11.780189 3.757174 17.728081
7.975848 25.797310 2.049439 3.799501 9.170119 -7.322952 0.037319 22.360189 3.408668 -2.300951 -4.005363 0.543774 0.278910 -12.122393 -2.732277 -7.654197 -1.766353 6.319197 -1.781112 -1.676519 4.808304 -2.615799 7.645313 0.085640 -4.336635 24.816969 -0.009022 -11.878562 3.674757 17.668140
8.014740 25.606680 1.848352 3.851463 9.164514 -7.446079 0.093933 22.404690 3.533561 -2.372669 -4.022403 0.489191 0.377753 -12.117072 -2.718990 -7.661858 -1.779251 6.381421 -1.747110 -1.690812 4.984557 -2.520181 7.754219 -0.005342 -4.231758 24.917200 0.055681 -11.795207 3.609439 17.540154
8.041475 25.654869 1.877368 3.826240 9.092419 -7.367107 0.041995 22.374378 3.495986 -2.378879 -3.992552 0.532996 0.317967 -12.118557 -2.736281 -7.643011 -1.758961 6.356845 -1.770215 -1.620414 4.970915 -2.628402 7.675328 0.116444 -4.256567 24.805807 0.030740 -11.848202 3.698404 17.609398
8.123439 25.679426 1.726404 3.839547 9.138008 -7.445252 0.194883 22.345596 3.439234 -2.384606 -4.029609 0.576482 0.213219 -12.108157 -2.786671 -7.701477 -1.787533 6.283008 -1.777168 -1.725523 5.044159 -2.549605 7.686650 -0.028195 -4.069110 24.865475 0.007610 -12.018435 3.575686 17.606119
8.030725 25.629139 1.916912 3.778974 9.153749 -7.488291 0.275246 22.387011 3.318273 -2.382531 -4.065089 0.603340 0.154957 -12.149744 -2.856671 -7.741470 -1.803896 6.210753 -1.746115 -1.717278 4.900064 -2.515461 7.677511 0.031398 -4.340582 24.839943 0.001017 -11.803808 3.630566 17.584579
8.102057 25.692850 1.939960 3.900747 9.162777 -7.421666 -0.114124 22.432232 3.549636 -2.300258 -4.031868 0.654012 0.548904 -12.010349 -2.816300 -7.720814 -1.646721 6.386638 -1.771847 -1.648378 4.800594 -2.428945 7.636659 0.186708 -4.498358 24.808012 0.045647 -11.753709 3.707342 17.767208
8.029650 25.684139 1.889900 3.831956 9.201314 -7.449555 -0.000369 22.437529 3.560138 -2.299245 -4.072640 0.632440 0.456944 -12.040546 -2.865458 -7.829175 -1.693388 6.353437 -1.717729 -1.716266 5.032445 -2.498447 7.593276 0.003875 -4.284400 24.864988 0.048086 -11.812159 3.685958 17.707985
8.037744 25.661549 1.845149 3.775979 9.158745 -7.501117 0.052657 22.432405 3.507360 -2.368176 -4.063932 0.600006 0.506944 -12.028561 -2.824829 -7.828174 -1.720700 6.413025 -1.695912 -1.732125 5.010809 -2.490535 7.612701 -0.009701 -4.253942 24.859144 0.077434 -11.833533 3.644408 17.594757
8.037559 25.608778 1.654516 3.721925 9.022596 -7.605437 0.035377 22.399509 3.575274 -2.438689 -4.123605 0.785683 0.667702 -11.895847 -2.963852 -8.010711 -1.700918 6.406898 -1.679596 -1.814363 5.008139 -2.544452 7.688937 0.074899 -4.231332 24.896181 0.071203 -11.875339 3.688918 17.505745
8.160534 25.598907 1.685901 3.695225 8.980820 -7.605153 0.065626 22.454777 3.562232 -2.387089 -4.132905 0.769851 0.544070 -11.951481 -2.986952 -8.021597 -1.711689 6.376094 -1.659770 -1.798668 5.015445 -2.557178 7.612370 0.076450 -4.104807 24.877737 0.063775 -11.932844 3.584625 17.608421
9.062001 23.921659 1.469337 5.796993 8.126751 -8.284801 -1.128323 22.453020 3.710839 -3.964008 -3.468050 -0.518564 1.654025 -12.375518 -2.760991 -7.264199 -1.330523 6.986352 -1.188842 -0.779641 5.639156 -0.951299 8.675975 1.229133 -5.665722 25.037130 1.356682 -9.161725 4.195288 17.406960
10.251204 21.878559 1.037113 7.704276 6.952987 -8.852253 -2.777689 23.173904 4.485427 -5.619516 -3.056665 -1.325498 3.345595 -12.147738 -2.042932 -6.544699 0.035016 8.381836 -1.573776 1.110404 7.938560 0.434098 9.942032 3.134368 -7.127212 24.587107 2.111809 -5.079755 4.050100 18.703043
11.433831 21.847542 1.428213 7.804916 5.339933 -9.307363 -3.709589 24.321583 4.178883 -5.269220 -2.960044 -1.172449 4.926823 -11.858427 -2.669411 -6.559993 1.192655 8.592278 -1.803958 1.981199 10.453843 1.046864 9.688485 5.040309 -7.357786 23.462711 1.374587 -1.943612 4.191641 22.014412
11.544115 21.345276 3.514374 8.290173 3.868001 -8.095880 -3.388600 24.881548 4.091730 -5.104602 -2.779902 -1.665655 5.081595 -11.889265 -2.705861 -5.718229 1.739550 8.097082 -2.370233 2.299752 12.148700 -0.122851 8.887351 6.439781 -6.984219 22.250998 0.487771 -0.591876 5.624848 24.478325
10.955992 19.256401 5.154993 8.606812 2.183941 -6.848038 -2.802351 25.307543 4.304820 -5.944094 -2.570426 -1.955620 5.494596 -11.911004 -2.954050 -4.898799 2.696344 7.860920 -2.962292 2.382255 13.514453 -1.053019 8.516754 8.625312 -7.296114 21.107555 -0.265897 -1.067555 8.377361 24.942947
11.603699 16.174492 4.847092 9.077219 -0.550606 -5.701350 -2.958325 27.093164 3.933037 -7.789361 -2.372798 -2.344044 6.963249 -11.507559 -3.147316 -4.629960 3.308423 7.200973 -3.822625 2.110636 16.806427 -0.692801 8.715657 10.388371 -7.019722 20.094431 -2.435860 -3.792589 10.915022 23.083401
12.608441 13.254083 3.741411 9.646267 -3.181804 -4.629331 -2.584239 28.484713 4.013118 -10.017790 -1.732744 -2.773037 8.625646 -11.280107 -3.345882 -3.952926 3.476734 6.411142 -4.918962 2.060842 19.618782 1.305552 9.746408 11.935884 -7.778637 19.694124 -4.136679 -4.811489 12.298223 20.812483
12.748570 10.192871 4.094777 11.016653 -5.271819 -2.540085 -2.002820 30.535740 4.372139 -12.128468 -1.449232 -2.963912 9.748903 -10.940228 -3.835565 -3.448191 3.799909 4.867666 -6.187407 1.632447 22.481161 7.584904 10.189659 12.334111 -9.276132 19.997854 -8.839252 -5.298689 12.195339 18.764565
11.857844 8.393131 5.961103 11.500587 -5.905640 1.754486 -0.776588 31.720921 5.414720 -12.607803 -1.360704 -3.525966 9.987997 -10.997437 -4.471452 -3.210733 4.124502 3.820638 -6.766743 0.341768 24.039221 10.042418 9.290800 13.006076 -10.968700 19.561602 -13.441230 -5.087317 12.420324 18.095102
10.675420 6.985403 8.842433 12.342130 -7.464933 7.011310 1.992331 32.585941 5.643941 -13.105640 -1.507403 -4.093324 9.431273 -11.183703 -5.574493 -3.473885 4.555272 2.470860 -7.079489 -0.848955 23.929857 11.963476 7.564743 14.658351 -13.618193 17.803005 -18.846079 -6.625160 14.240168 17.232269
10.362140 6.351804 10.051793 13.423189 -7.037151 7.915166 4.699906 32.753445 5.166181 -13.236361 -1.564527 -4.503458 8.610188 -11.605075 -6.055679 -3.327398 4.705169 1.665110 -7.228131 -1.146126 22.858492 11.922523 6.934421 14.873706 -15.031046 17.435495 -20.642473 -7.453253 15.759679 15.822475
9.309759 7.327128 10.459150 13.264198 -5.622890 7.189676 5.417049 32.242203 4.756968 -13.453901 -1.593788 -3.697794 8.421281 -11.678443 -6.362771 -3.594619 4.621483 2.004596 -6.986906 -1.044419 22.591547 10.716135 6.737447 14.296391 -14.215025 18.528452 -20.893185 -7.693137 14.473289 15.778708
8.913133 8.356381 8.856933 13.310467 -2.991649 4.117024 4.943845 31.291960 4.261967 -13.956956 -1.505260 -2.483834 7.864132 -11.903610 -6.270669 -3.361537 4.236937 2.424093 -6.677289 -0.245638 22.409380 9.403955 7.463651 13.385579 -12.298559 20.298624 -18.924433 -7.204381 12.823470 15.867381
8.286845 9.449385 8.183521 12.746981 -1.103228 1.735378 4.534817 30.570715 3.580289 -14.458838 -1.486572 -1.858483 7.392456 -12.005428 -6.229731 -3.422946 4.177616 2.910114 -6.552632 0.029921 21.734192 9.308603 7.742715 13.061682 -11.682816 21.208403 -18.821720 -7.136544 11.639998 15.586236
8.246816 9.370443 8.622001 12.925985 -1.239586 2.231318 4.639695 30.634691 3.381051 -14.424736 -1.318361 -2.190665 7.216622 -12.200314 -6.034613 -3.007844 4.116492 2.822921 -6.705543 0.088710 22.035330 9.373138 7.532350 13.147184 -11.623303 21.020372 -19.362755 -7.530356 11.834911 15.440473
7.520905 9.092615 9.373332 13.126797 -0.886824 2.695243 5.512491 30.842964 3.343557 -14.328369 -1.496022 -1.954540 7.181346 -12.154819 -6.533649 -3.340560 4.348197 2.684384 -6.689656 -0.142577 21.695814 8.292231 7.029450 12.806922 -12.082922 20.950838 -19.653751 -7.011796 12.256163 15.281719
7.400229 9.019744 10.305223 13.706007 -1.342481 3.556371 6.263072 31.419653 3.314000 -13.336046 -1.653652 -1.703437 6.548479 -12.354835 -7.110427 -3.513250 4.162599 2.006651 -6.474522 -0.106737 21.684488 7.066405 6.395106 12.985479 -12.897932 20.412710 -20.428831 -7.108251 13.319983 15.211120
7.594254 9.915799 12.521951 13.512248 -2.517200 4.533533 6.735762 32.086868 4.019528 -10.364053 -1.915359 -1.769549 5.751068 -12.584125 -7.801590 -3.605605 4.255304 1.440190 -6.354745 -0.590077 21.383041 4.353403 5.499590 13.137525 -13.412741 19.776493 -19.802080 -6.183642 15.357815 15.403145
