5.732358 30.807425 -5.698494 12.933222 12.183490 -1.560441 -6.200876 7.091081 -7.089621 -20.240767 3.774320 -1.321757 -0.335494 -11.343250 0.640101 -0.037213 -5.286820 7.692528 -4.925301 -5.585065 6.218479 13.858759 -19.419540 2.465453 0.106092 22.273806 9.621863 -21.338999 -3.705252 11.652677
5.950568 30.834435 -5.404883 12.757769 12.482107 -1.629914 -6.096268 7.227793 -7.021845 -20.627771 3.781776 -1.360158 -0.345856 -11.364346 0.513563 -0.067809 -5.371601 7.722688 -5.033816 -5.439058 6.193383 13.993377 -19.904499 2.474796 0.098646 22.299528 9.727895 -21.350136 -3.686544 11.464937
4.783296 28.499676 -6.437135 12.195523 9.712758 0.938381 -7.549352 7.139718 -6.927536 -21.209286 4.452459 -0.926076 0.313989 -10.698515 1.126866 0.280462 -5.577412 7.081466 -5.038121 -5.066300 7.308228 13.156025 -19.772299 3.000749 1.841108 21.584980 10.786134 -20.074129 -5.709461 11.055635
5.441511 29.563040 -5.734304 12.479093 10.505363 0.487130 -6.498678 7.226735 -7.164226 -21.367250 4.232567 -1.068344 0.007370 -10.856361 0.825143 0.073423 -5.633615 7.362378 -5.095174 -5.255388 7.117509 14.118179 -19.537683 2.565409 1.295787 22.081524 9.928273 -20.647226 -5.177261 11.336305
5.162412 28.621073 -6.123136 11.597312 8.509029 3.043119 -6.358684 6.841991 -7.613177 -21.977728 4.560837 -0.620125 0.338828 -10.370666 1.069932 0.261296 -5.903527 7.140995 -5.179287 -5.087796 7.992557 14.829552 -19.723242 3.694951 2.210272 21.873180 9.790970 -19.674639 -6.810243 10.866097
5.129858 27.594336 -6.382499 11.227963 6.762934 4.922041 -6.413499 7.099634 -8.026618 -22.578339 4.883467 -0.307084 0.728720 -9.789934 1.431907 0.384078 -6.237302 7.080648 -5.239177 -4.731481 8.558808 15.405704 -19.565001 4.088931 2.693389 21.580578 9.890741 -18.952169 -7.995365 10.501515
4.840243 26.941465 -6.441206 10.840714 6.306419 5.896358 -5.823866 6.798444 -8.354012 -23.015823 5.154427 0.236123 0.874588 -9.388136 1.760035 0.585894 -6.517968 7.142496 -5.190151 -4.483644 9.246179 16.602440 -19.331240 4.730437 3.084509 21.590569 8.935462 -18.614191 -9.111323 9.457404
5.145477 26.638077 -6.355905 10.585934 5.766812 7.135806 -4.992010 6.672351 -8.735386 -23.605434 5.361082 0.710248 0.933830 -9.165033 2.034129 0.921457 -6.796943 7.499501 -5.188762 -4.124044 9.631768 17.186087 -19.269438 4.910058 3.280906 21.499941 8.735659 -18.136875 -9.891100 9.084640
5.708052 26.132101 -6.262858 10.890434 5.579460 8.248584 -3.988710 6.712462 -8.842596 -24.302879 5.509555 0.999044 0.921246 -8.968117 2.145353 1.014723 -7.095996 7.582006 -5.222356 -3.909893 10.427609 17.311914 -19.253550 5.790392 3.741498 21.169605 8.528201 -17.495996 -10.762748 8.904454
6.076387 25.469492 -6.295495 11.081826 5.602143 8.951003 -3.175931 6.508825 -8.702551 -24.963305 5.585300 1.292434 0.567021 -8.824093 2.046499 0.953892 -7.462381 7.775747 -5.249952 -3.859699 10.561227 17.322634 -19.266603 6.311688 4.400176 20.997923 8.555057 -17.081793 -11.493796 8.760499
7.154702 24.657978 -6.371670 11.563606 5.823175 10.000167 -2.451015 6.458336 -8.257805 -26.079987 5.662924 1.106318 0.306526 -8.636649 1.603398 0.456454 -7.912127 7.401390 -5.363415 -3.804289 11.245953 16.698423 -19.233963 6.849752 5.277101 20.681259 9.004439 -16.360155 -12.234325 8.985381
7.739320 23.808128 -6.704963 11.888795 6.576262 9.557681 -2.354434 6.401937 -7.465171 -26.718676 5.710857 0.736704 0.342935 -8.510412 1.189034 0.020909 -8.305849 6.912613 -5.559905 -3.681472 11.815398 15.559395 -19.422026 7.780925 6.115951 20.338924 9.713773 -15.697189 -12.608173 9.624410
8.383310 22.855095 -6.901125 12.199217 7.666234 8.842134 -2.733312 6.593678 -6.313207 -27.470097 5.676950 0.083693 0.466627 -8.620273 0.589270 -0.488784 -8.642679 6.439947 -5.805998 -3.306880 12.339574 14.612799 -19.368242 8.348873 6.541911 20.225334 10.511195 -15.062793 -12.702033 10.363758
8.896095 21.907219 -7.203794 12.476353 9.004393 7.893361 -3.016096 6.708110 -5.294873 -28.168238 5.618385 -0.398550 0.678608 -8.632917 0.014741 -0.852787 -8.734066 5.968527 -6.079849 -3.198852 12.950702 13.741238 -19.834967 8.895203 7.209126 20.197884 11.629002 -14.122632 -13.026976 10.559711
9.032023 21.496796 -7.323996 12.187109 10.629899 6.119172 -3.886659 7.020956 -4.384244 -28.548557 5.613019 -0.863565 1.103053 -8.791377 -0.326187 -0.955276 -8.739607 5.602872 -6.377125 -2.842708 13.451526 12.877016 -19.673979 9.025966 7.909115 20.430048 12.750922 -12.920173 -13.529709 10.701729
9.060084 21.441250 -7.137817 11.736873 11.965739 4.501389 -4.460776 7.515872 -3.837285 -28.718515 5.614379 -1.526094 1.722080 -8.855754 -0.369103 -1.061380 -8.610851 5.318457 -6.615655 -2.495655 13.553000 12.322803 -19.867979 9.469151 8.643204 20.670067 13.583949 -11.991780 -14.035492 11.016849
8.862834 21.666870 -7.216081 11.113197 13.318277 2.682413 -5.289264 7.816337 -3.329289 -28.615477 5.586029 -2.092730 2.422286 -8.959938 -0.243679 -0.877652 -8.413465 5.332051 -6.841575 -1.995841 13.362060 11.555571 -19.311865 9.384749 9.392275 21.102701 14.548306 -11.147452 -14.627878 10.829590
8.611200 21.815983 -7.416955 10.730615 13.616709 1.675275 -6.135118 8.297951 -3.049035 -28.442509 5.543315 -2.607776 2.913618 -9.065565 -0.028258 -0.802326 -8.133003 5.405442 -6.907176 -1.654223 13.399900 11.207338 -19.467144 9.625271 9.965523 21.409420 15.032648 -10.504023 -15.003923 10.577273
7.841686 21.910387 -7.459101 10.489796 14.636285 0.515626 -6.310915 8.399287 -2.822350 -28.307487 5.422774 -2.855084 3.557460 -9.245178 0.229643 -0.566043 -7.765035 5.844185 -6.871150 -0.973079 13.200466 9.925667 -19.564436 9.751113 10.801809 21.470724 16.275707 -10.009089 -15.435371 10.069556
7.102135 22.377552 -7.301453 10.368523 15.574061 -0.687802 -6.813107 8.477644 -2.709705 -27.845491 5.239632 -3.160820 3.801191 -9.392433 0.392007 -0.574216 -7.570616 6.239753 -6.830983 -0.703267 12.770850 8.962677 -19.718523 9.681161 11.209343 21.322409 17.009134 -10.019952 -15.622688 9.855301
6.671162 22.567133 -7.196866 10.202778 15.899399 -1.118746 -6.799903 8.293679 -2.929410 -27.605999 5.264138 -3.164571 3.914422 -9.392982 0.420323 -0.545260 -7.445834 6.305352 -6.872192 -0.526913 12.765679 8.539902 -20.429544 9.813336 11.544758 21.311913 17.561190 -9.736362 -15.692205 9.387864
6.576128 22.742634 -7.183553 10.047191 15.896616 -1.244103 -6.761022 8.253057 -3.047429 -27.500435 5.213946 -3.161465 3.850429 -9.440439 0.456440 -0.528082 -7.411516 6.450090 -6.874812 -0.540089 12.764327 8.578234 -20.585508 9.936645 11.575010 21.275072 17.573446 -9.684495 -15.769139 9.409383
5.731797 11.700412 -11.342256 6.001843 9.137266 8.348048 -7.923848 7.617915 -4.787587 -31.555418 6.947481 -0.806475 2.817825 -7.275289 1.535055 -0.742557 -9.129976 3.962000 -5.364957 0.784750 21.598103 6.479106 -18.145258 9.916196 8.808313 11.155991 15.589604 -9.358794 -17.768927 7.502416
0.161872 3.373022 -7.845659 1.347762 14.424515 16.485800 -1.818044 8.420636 1.541851 -26.583239 9.281262 1.344266 1.905610 -5.254148 0.162370 -0.291989 -6.956580 1.440333 -6.417151 4.514996 15.709856 3.543115 -15.997968 13.318714 4.947341 6.178899 7.866499 -1.570628 -24.654425 5.953039
-5.484915 -0.100012 -5.349442 3.031645 13.806396 24.371244 -1.020801 7.011406 2.754282 -24.329515 10.685987 3.040879 0.820381 -4.643461 0.009847 0.026121 -4.734085 -0.081115 -5.633430 4.914818 11.973929 1.836794 -13.016639 13.247842 3.331812 4.873665 -0.092108 -0.031404 -27.071325 5.462524
-4.979658 -1.452341 -6.876622 0.068898 16.594172 20.323839 -1.319257 7.364579 3.674070 -24.840099 10.487095 2.776577 0.587778 -3.995356 -0.333197 -1.028795 -5.582591 -0.344986 -5.359545 4.978770 11.627213 0.700796 -12.597085 12.615445 2.845227 3.220811 2.224650 -0.304283 -27.343658 3.666687
-11.298286 -6.187946 -2.731949 -5.675827 11.312864 31.257128 -3.692670 8.252588 4.272893 -20.282623 11.800738 2.789453 -0.985149 -3.904646 0.558544 -0.707434 -2.839994 -1.948895 -3.711820 5.273724 7.931964 -3.575767 -10.700836 15.750852 1.058367 -0.349713 -6.665294 -0.516047 -28.338602 3.160202
-11.392303 -6.115250 -3.571134 -7.623923 13.946135 29.310881 -2.715334 7.497953 3.346992 -20.076895 11.700484 2.969570 -1.361022 -3.151251 0.568768 -1.640935 -3.350040 -2.168281 -3.439918 4.927602 6.378018 -4.702953 -11.051053 15.336089 1.298972 -1.045624 -5.726896 -1.234704 -28.317827 1.095668
-10.356078 -5.552671 -5.529029 -7.365097 18.866610 25.674765 -1.526507 5.339382 2.525944 -21.345064 11.332592 3.064311 -1.483682 -2.421921 0.621123 -2.622606 -4.700991 -1.218103 -3.758192 5.221972 6.361443 -5.492736 -11.730175 13.883761 2.639827 -0.445012 -1.987651 -0.511251 -29.335569 -1.564573
-7.364623 -2.675398 -7.283847 -4.953066 22.378489 21.416069 0.835785 3.630629 1.602613 -23.041086 10.669305 3.555831 -1.223934 -2.368579 0.272917 -2.522770 -6.328204 -0.260252 -4.038666 5.340081 7.680753 -3.579597 -12.907254 11.322474 4.438409 2.182225 2.090259 0.751012 -30.118637 -3.273096
-5.688557 -1.598646 -8.194108 -3.130029 23.621962 18.281607 0.900644 4.005696 1.640275 -24.117538 10.774761 3.368026 -1.099884 -2.364704 -0.106268 -2.611129 -7.155174 0.286169 -4.702523 5.207695 8.018046 -2.007021 -12.990072 10.909451 4.811440 3.762324 4.844674 0.964845 -29.816776 -2.421373
-2.448346 0.709702 -10.393726 -3.577347 25.485041 13.618232 1.218850 2.911361 0.467676 -25.004551 10.146131 3.371607 -1.142903 -2.463157 -0.210669 -2.653026 -8.716400 1.368711 -4.837318 4.770800 8.113482 -0.508036 -13.181054 9.639485 6.252022 6.464006 8.827073 1.564927 -30.385880 -3.215419
2.413726 5.899202 -13.852124 -3.367383 25.913492 5.157512 1.644853 1.771049 -1.759431 -26.519552 8.724852 2.468685 -1.312913 -3.174072 0.149548 -2.846402 -11.733204 5.052459 -4.743490 2.997572 9.534348 0.526305 -12.738619 5.134078 9.903978 10.580069 16.777130 -1.645269 -28.762568 -3.010414
2.362230 5.735227 -14.008069 -3.369086 25.881144 5.069767 1.683861 1.795583 -1.628513 -26.546839 8.700552 2.456197 -1.268658 -3.199403 0.127630 -2.911764 -11.786600 5.110655 -4.703305 3.038126 9.522722 0.577938 -12.718856 5.160791 9.903509 10.498458 16.850418 -1.667572 -28.784979 -2.989111
2.494573 5.936430 -14.341276 -3.571764 25.686184 4.695221 1.549481 1.799860 -1.778619 -26.447983 8.759372 2.358066 -1.357781 -3.098713 0.325624 -2.871536 -11.873659 5.155397 -4.707253 2.860533 9.496447 0.573367 -12.670180 5.187365 9.765438 10.404493 17.252401 -1.802149 -28.766119 -3.016468
2.662618 6.051451 -14.240012 -3.734283 25.784552 4.500648 1.421595 1.896100 -1.903275 -26.222841 8.583028 2.137015 -1.229860 -3.057598 0.504819 -2.980054 -12.009731 5.236499 -4.708190 2.731148 9.609424 0.617470 -12.511319 5.313807 9.787042 10.498415 17.227484 -1.798868 -28.596849 -3.063745
3.706138 6.918117 -14.950405 -3.827090 25.686949 3.254373 1.199691 2.034405 -2.290937 -26.226545 8.348576 1.940277 -1.288204 -3.157380 0.618036 -3.013280 -12.313152 5.751348 -4.637031 2.527737 10.081622 1.031016 -13.203670 5.355739 10.159640 11.108982 19.149893 -1.981156 -28.124138 -2.968304
-0.566597 4.914408 -13.901143 -0.727448 25.985125 9.125330 1.546109 -0.487908 -1.698268 -25.099428 9.471010 3.740690 -2.139917 -2.984087 -0.078437 -2.333633 -10.458954 3.913099 -4.366643 3.402625 7.317896 0.281089 -13.740209 4.908748 9.002873 10.096350 14.451009 0.495562 -30.416929 -2.290576
-1.990896 5.412264 -12.684173 1.293234 26.998442 9.680535 1.571689 -2.508209 -2.283270 -25.226667 9.773630 3.990721 -2.935698 -3.047363 0.131066 -1.848364 -10.480618 4.188400 -4.314757 2.969360 5.366709 -0.325863 -11.718651 1.871961 10.327759 11.483246 12.392745 0.761326 -32.427502 -0.133793
1.897676 7.273788 -14.375329 -0.528917 26.400810 4.385073 1.019154 -1.026480 -3.722339 -27.770718 8.797444 2.445289 -1.732696 -3.166265 0.444414 -2.516204 -12.040422 5.562165 -4.472680 2.271526 8.871317 1.118594 -14.657693 2.252110 11.430254 11.918795 18.046774 -1.570636 -30.131086 -2.268049
3.593559 9.040701 -16.431421 -2.105592 24.651720 -2.102389 -0.457432 -0.343960 -5.539426 -30.035337 7.852724 1.583066 -0.939969 -3.032114 1.285137 -2.922776 -13.178194 6.758688 -4.507273 1.340801 11.341915 1.633984 -13.626408 3.159198 13.048273 12.834299 22.505360 -4.494017 -27.184301 -2.620080
4.153775 9.961590 -16.812429 -1.957945 23.941133 -3.344092 -0.683107 -0.755785 -7.020031 -31.337194 7.549534 1.138339 -0.696186 -3.108740 1.463785 -3.041068 -13.476974 7.100439 -4.480722 1.287029 13.229856 1.434550 -13.532162 2.316242 14.852422 13.464766 23.808310 -5.795063 -26.668541 -2.916854
2.290421 3.332395 -12.651355 -3.009669 21.520325 4.774742 -3.456386 6.290667 1.178951 -27.946301 8.591682 0.287514 1.199825 -2.929731 -0.019688 -3.652389 -10.727118 3.387287 -5.745898 2.674997 12.597316 1.777990 -10.652637 7.334359 8.036677 7.306928 15.518729 -3.122038 -26.952953 2.518152
1.964210 4.808996 -15.369995 -6.410008 21.708263 0.226899 -5.007291 4.876403 1.531723 -26.258970 8.134772 0.123907 0.952704 -2.107836 0.148566 -4.787914 -11.389448 4.100096 -5.335769 1.574530 10.464252 1.782774 -7.646777 7.612629 8.683943 7.260566 17.762106 -6.004343 -26.309643 0.923353
1.976606 7.588769 -18.340113 -6.518863 21.543642 -6.585572 -5.817658 1.473123 -1.210410 -30.297920 7.451992 0.006698 0.779451 -1.421391 0.761487 -5.439057 -12.729315 5.764695 -5.205369 -0.512906 8.968019 0.380360 -6.391026 3.591385 11.921366 9.136974 22.339792 -10.264950 -26.043442 0.086553
1.262419 9.009072 -19.049013 -7.529340 21.020061 -10.013019 -6.893325 0.609081 -1.564005 -30.566568 7.243223 -0.094127 0.924680 -0.706581 1.012940 -5.915564 -12.787107 6.433166 -5.390867 -1.442145 7.177369 -0.586099 -4.690186 0.685867 12.238394 10.049396 23.164471 -12.170317 -25.437050 0.368819
-0.113395 9.888348 -19.531607 -8.021983 20.311617 -11.369869 -7.569808 -0.356658 -1.667783 -30.553057 7.335771 -0.121829 1.004212 -0.199665 1.310285 -5.558175 -12.241573 7.597653 -5.740145 -1.869777 6.832724 -2.489324 -2.728116 -0.000701 12.808691 10.229734 22.814333 -14.261168 -24.278013 0.501812
-1.409360 11.104756 -18.990622 -9.760176 19.748682 -12.167049 -7.478309 -0.606069 -1.495316 -30.051825 7.190202 -0.563903 1.119246 0.094890 2.312527 -5.161654 -11.360107 8.718125 -6.035891 -2.030761 6.176876 -5.053432 -1.348899 -0.158821 12.616411 9.441575 22.181826 -16.096598 -23.483435 1.432759
-2.656299 12.423191 -17.644953 -11.367237 19.457365 -12.143153 -8.227502 -0.016358 -2.130085 -29.927992 6.909666 -1.249054 1.686791 0.139513 3.369733 -4.534846 -10.718746 9.450056 -6.608785 -1.898550 6.262336 -6.959009 -0.546889 1.117610 12.229856 9.006166 20.192625 -18.111513 -22.321644 1.240295
-3.955046 13.888792 -16.313822 -11.993755 18.579367 -12.559377 -8.319106 0.722744 -2.852067 -29.270441 6.613434 -2.014772 2.968585 -0.088545 4.025323 -4.271873 -10.103630 9.912281 -6.748042 -1.688087 7.439047 -7.311761 -0.225433 3.458370 11.228521 9.488300 18.512211 -19.338968 -19.412340 0.128924
-4.392762 15.796671 -15.617524 -13.286461 17.135443 -13.118469 -9.087539 2.132820 -3.529633 -28.063040 6.560493 -2.379286 4.256647 -0.187686 4.668951 -3.627417 -9.475834 10.625668 -6.813991 -1.608646 8.611505 -7.607721 -0.497498 5.213801 11.117911 9.744781 17.564291 -19.892761 -17.632837 0.529324
-4.587843 15.262615 -14.066514 -12.672489 15.107771 -12.097119 -8.750928 3.737842 -3.206481 -28.650368 6.562101 -2.420435 5.450741 -0.659802 4.783672 -2.706753 -8.787264 10.757996 -7.020988 -1.213298 9.353604 -7.805290 -1.139056 7.035166 11.069702 9.743008 16.769018 -20.758638 -16.023680 1.587869
-4.582695 15.331267 -12.615180 -12.506109 12.620398 -10.288848 -7.634166 5.465918 -2.617509 -29.082285 6.783580 -2.448809 6.564716 -1.006195 4.648169 -1.539713 -8.064314 10.855592 -7.642773 -0.515300 9.685157 -8.435205 -1.017076 9.025130 11.187906 9.187690 15.795466 -22.506771 -15.118382 2.712313
-5.133054 15.601179 -11.783978 -12.118013 11.723976 -9.279274 -7.698401 6.415233 -2.871559 -30.453413 7.033601 -2.361638 7.662211 -1.291017 4.283340 -0.934945 -7.543589 10.713003 -8.033266 0.373362 11.240228 -8.391385 -1.374305 10.595424 10.323884 7.650155 13.997321 -24.032694 -13.724274 3.071915
-4.446867 14.486387 -9.654817 -11.806923 10.959810 -6.867120 -8.018259 6.718157 -1.902364 -32.463020 7.121092 -2.957694 8.850423 -1.717710 3.862982 -0.659618 -7.035207 9.977554 -8.596293 1.462346 13.155586 -7.321005 -2.416272 13.026389 10.546654 7.316208 11.735203 -23.494459 -13.774632 3.844249
-4.834917 14.489941 -8.742406 -12.928463 9.095064 -4.133896 -9.540643 6.110926 -1.327591 -32.864506 7.071340 -3.872858 9.734303 -1.847789 3.389654 -1.074700 -6.744535 8.682748 -8.841557 2.129174 14.665246 -6.683640 -2.942376 16.008486 10.082579 6.422965 9.096461 -24.448364 -12.086401 4.580268
-5.203323 14.669557 -7.556080 -13.948878 7.055720 -2.330850 -11.181314 5.662784 -0.488109 -32.720016 7.179287 -4.550790 10.403134 -2.004420 3.007554 -1.423261 -6.116512 7.344839 -8.991203 2.048536 16.381922 -5.562521 -2.395696 17.576677 9.539171 6.164422 6.987333 -24.905113 -11.163292 5.906494
-4.459632 14.874104 -7.630749 -13.581968 7.298408 -2.723723 -10.933629 5.941056 -0.873669 -32.692753 7.053652 -4.614311 10.478669 -1.932680 3.260656 -1.498828 -6.080072 7.530510 -8.982660 1.586433 16.190004 -5.417937 -2.314960 17.193399 9.283411 6.854173 7.109045 -24.480835 -10.911921 5.576047
-12.173834 9.966284 -6.524557 -10.899343 11.148577 10.108000 -7.676756 3.669740 7.256969 -22.438425 9.817800 -0.499393 6.485696 -1.033028 2.528948 -0.371192 -1.739897 4.169072 -8.598750 1.960432 4.497165 -4.647699 -5.530241 16.046387 2.115391 3.996509 -0.144447 -15.793400 -18.163248 5.082375
-9.064181 9.717599 -6.681517 -11.290882 10.122584 4.202302 -6.348351 6.161767 4.354723 -26.602415 8.444911 -1.649323 7.339188 -1.480319 2.637134 -1.173953 -3.921996 6.419356 -8.015022 1.440475 10.581086 -5.673638 -4.409006 15.881793 6.800737 5.950077 3.254901 -16.493383 -16.623507 8.005255
