0.011450 26.043423 -10.361917 4.646746 3.337418 -6.360709 9.985106 12.142390 18.423021 -7.529831 -4.959141 10.936359 4.251376 -7.346115 5.358078 -5.606311 -0.455588 0.859964 -2.852183 -7.682270 -4.898780 8.650807 10.572631 14.640484 -13.358391 20.098944 0.492194 -15.779977 -0.642166 16.547600
-0.042206 26.059626 -10.295044 4.755998 3.353862 -6.359177 10.201510 12.099535 18.485041 -7.683480 -4.840602 10.598673 3.824043 -7.538960 5.748589 -5.090431 -0.625945 0.736294 -3.088397 -7.528490 -4.875005 8.704758 10.608871 14.610720 -13.382100 20.108376 0.435742 -15.794856 -0.632617 16.504776
-5.538585 12.154629 -0.155896 10.971630 10.505934 -7.883633 22.885790 19.822237 16.179504 -8.122220 -5.692096 12.480967 1.073317 -10.001019 -0.032371 -5.589097 2.679997 -4.807506 -1.695091 -0.914707 -3.406317 5.039020 5.762337 8.379653 -16.604620 23.222704 -15.375434 -4.213352 -1.092075 4.153077
-5.299715 10.500452 1.254919 11.626395 10.413682 -7.406672 23.386902 20.455173 17.504332 -7.792733 -5.921326 12.980454 1.231092 -10.504714 0.010271 -4.546942 2.559489 -5.499304 -2.305742 -0.167713 -3.102344 6.966870 4.972991 7.019318 -16.361086 23.336210 -15.838576 -1.529936 -3.729351 5.951491
-5.901654 9.256170 2.086380 12.210213 11.097073 -5.752255 21.873598 19.985275 19.972628 -8.260498 -5.660655 13.446421 1.584985 -10.263410 -0.396484 -4.522323 2.726279 -6.434032 -3.001337 0.179993 -2.996530 8.858761 4.925190 5.707494 -16.487280 24.039354 -15.101271 1.162437 -5.807367 6.688215
-6.088945 9.677777 2.672879 14.552231 12.173047 -6.644899 19.395378 19.353653 21.872499 -7.394237 -4.973960 14.093861 1.498983 -9.750437 -1.275028 -4.223999 3.454424 -7.256373 -3.921390 0.085971 -2.867779 12.002031 4.388468 4.135450 -16.375368 25.472826 -15.099145 5.037189 -7.399851 9.704550
-7.099607 9.892496 3.450889 14.873852 12.847795 -6.546620 18.630371 18.746183 22.347919 -7.240124 -5.025920 14.324155 1.267053 -9.642038 -1.510581 -4.120392 3.974324 -7.563191 -4.270545 0.385510 -3.147420 11.773354 3.463723 3.378279 -15.985873 25.860590 -15.971312 5.966840 -7.340056 10.907292
-7.080244 9.878304 3.410729 15.086930 12.940211 -6.821959 18.407967 18.600328 22.429411 -7.105239 -5.081005 14.361519 1.230265 -9.610556 -1.582471 -4.086683 4.137878 -7.597996 -4.346174 0.520109 -3.060741 11.902824 3.453663 3.346979 -15.974916 25.888916 -15.941712 6.160249 -7.297172 11.014581
-7.043811 9.887098 3.390881 15.114970 12.903956 -6.791072 18.300308 18.640303 22.485912 -7.121186 -5.078159 14.372780 1.228761 -9.609310 -1.578539 -4.079143 4.148308 -7.605936 -4.346186 0.508906 -3.174502 12.008303 3.481987 3.475863 -16.018238 25.831675 -15.908036 6.106955 -7.304451 11.142339
-7.015761 9.938837 3.402191 15.108803 12.898860 -6.792811 18.325171 18.655554 22.456062 -7.126595 -5.075994 14.358899 1.231639 -9.616976 -1.584976 -4.079548 4.120308 -7.598651 -4.350120 0.482601 -3.134237 11.987169 3.484691 3.450996 -16.011333 25.834099 -15.916829 6.143308 -7.332290 11.115228
-7.056989 9.930659 3.431639 15.116132 12.905540 -6.753662 18.306328 18.659655 22.483290 -7.125000 -5.075610 14.374395 1.234251 -9.625246 -1.569617 -4.069149 4.119104 -7.602878 -4.331981 0.474204 -3.183177 11.957382 3.477178 3.467084 -16.010765 25.815842 -15.888831 6.115011 -7.339877 11.143703
-7.024767 9.941063 3.419719 15.128431 12.884953 -6.766289 18.283722 18.661779 22.468771 -7.133449 -5.094808 14.355758 1.233570 -9.624849 -1.571356 -4.075676 4.113981 -7.603969 -4.348735 0.488819 -3.118606 12.012631 3.461283 3.416794 -15.963396 25.861914 -15.956026 6.147381 -7.425887 11.129005
-6.960662 9.952717 3.379026 15.114333 12.813910 -6.805366 18.254419 18.713722 22.418550 -7.130476 -5.090420 14.381532 1.231191 -9.625591 -1.561537 -4.077105 4.106225 -7.622848 -4.330603 0.472986 -3.122066 12.016115 3.483136 3.411039 -15.952285 25.875219 -15.927869 6.135051 -7.419398 11.125377
-6.976165 9.941541 3.392286 15.131249 12.866701 -6.794365 18.284523 18.694700 22.440947 -7.133745 -5.085645 14.371548 1.235846 -9.630517 -1.564417 -4.065611 4.117140 -7.607172 -4.328214 0.486216 -3.133132 12.010126 3.464446 3.439757 -15.942427 25.871923 -15.945194 6.141503 -7.410193 11.155215
-7.009573 9.950686 3.398289 15.110822 12.875124 -6.793948 18.269825 18.660612 22.455282 -7.132751 -5.091189 14.380309 1.235108 -9.616177 -1.566693 -4.075061 4.111657 -7.620827 -4.341786 0.478707 -3.120174 12.015070 3.475829 3.415967 -15.934355 25.873137 -15.934077 6.153326 -7.430696 11.101844
-7.008561 9.926940 3.408174 15.124950 12.857290 -6.759732 18.269922 18.678614 22.472900 -7.156796 -5.095861 14.364626 1.225413 -9.608423 -1.574343 -4.092334 4.116258 -7.613241 -4.324842 0.469481 -3.106545 12.051750 3.471950 3.420965 -15.934519 25.868982 -15.927273 6.180770 -7.462353 11.138818
-7.047882 9.918396 3.408916 15.142848 12.866171 -6.702123 18.282263 18.669981 22.491564 -7.090641 -5.101443 14.364256 1.234013 -9.619879 -1.576994 -4.071922 4.122890 -7.607916 -4.350659 0.506582 -3.087738 12.079807 3.483153 3.413461 -15.952469 25.882317 -15.980053 6.161187 -7.448746 11.080579
-7.045914 9.937311 3.426863 15.116859 12.904017 -6.748255 18.275831 18.662926 22.498903 -7.101989 -5.109838 14.375387 1.241213 -9.618103 -1.565902 -4.074147 4.118601 -7.618487 -4.342565 0.494905 -3.113594 12.048298 3.488680 3.414959 -15.921494 25.895060 -15.933255 6.171461 -7.461640 11.096454
-7.022501 9.927980 3.394774 15.135346 12.858833 -6.755670 18.279196 18.676575 22.466290 -7.111691 -5.097117 14.377751 1.238454 -9.620268 -1.559700 -4.065502 4.123681 -7.611729 -4.339837 0.495057 -3.119537 12.043232 3.478649 3.427153 -15.933827 25.890009 -15.944023 6.153421 -7.438001 11.099584
-7.039619 9.927094 3.422428 15.121031 12.881023 -6.750365 18.263756 18.684679 22.495325 -7.076318 -5.093483 14.387234 1.218587 -9.623787 -1.578977 -4.073050 4.116404 -7.617723 -4.342614 0.506126 -3.111560 12.044241 3.481154 3.427246 -15.950563 25.892517 -15.955253 6.161555 -7.424840 11.093890
-6.996178 9.933315 3.390201 15.132969 12.839841 -6.760931 18.281462 18.707052 22.460663 -7.089611 -5.099179 14.369434 1.236106 -9.632889 -1.562449 -4.065897 4.121954 -7.608708 -4.322628 0.495683 -3.124622 12.044243 3.487116 3.432895 -15.937021 25.899790 -15.939134 6.155969 -7.416653 11.107040
-7.022494 9.932339 3.406374 15.124235 12.847624 -6.739471 18.270651 18.701109 22.474657 -7.085908 -5.102005 14.374926 1.235745 -9.623804 -1.569446 -4.075028 4.108643 -7.616817 -4.327045 0.488797 -3.110890 12.054754 3.483970 3.418560 -15.935280 25.884329 -15.928678 6.172662 -7.445819 11.091213
-10.094050 4.348751 0.423160 13.540224 6.354559 -1.356766 14.736568 18.391012 22.320967 -6.801512 -3.845416 14.653408 2.689336 -7.774561 -1.056210 -4.319879 3.028349 -9.085482 -4.586812 1.706394 -0.223682 10.665064 3.047543 5.248849 -13.032463 23.574804 -12.985154 11.261051 -12.843246 10.114381
-10.482545 1.175202 0.458860 12.499088 4.183125 1.664775 14.307473 19.171156 22.716974 -9.146349 -3.064277 14.234587 4.308262 -6.864112 -0.831297 -4.481425 2.594693 -9.800581 -5.218680 3.248992 3.259844 10.535236 3.506301 5.517502 -12.598252 21.205530 -12.332589 14.443274 -15.730930 10.077860
-10.257506 -2.312069 0.836728 10.413170 3.531449 4.163458 14.010693 20.150400 22.914328 -12.162252 -2.591869 14.764216 4.889179 -6.227459 -0.842722 -4.562843 2.243287 -10.044367 -5.282302 4.207402 5.930012 10.457943 3.644875 6.852203 -12.029693 19.079594 -12.352902 15.530945 -17.536663 9.851241
-8.881227 -4.930259 0.015712 9.461839 4.911824 4.804296 13.282018 20.872454 24.119505 -14.594189 -2.174638 15.842455 4.730875 -5.861058 -0.857815 -4.332923 1.711717 -10.339149 -4.979692 4.958147 7.504558 8.715442 4.103910 8.119575 -9.977318 17.978487 -11.794758 16.902119 -19.730995 8.143846
-8.530230 -8.454480 -1.121190 8.736216 5.630355 6.027826 13.363011 21.844542 26.196613 -16.502018 1.499141 14.211494 5.318295 -6.181616 -2.148571 -3.450707 1.105389 -9.226746 -3.129765 4.885274 9.170249 7.484118 3.946569 8.733249 -9.321779 16.118259 -11.622867 16.877705 -21.251020 6.375706
-7.956038 -11.106743 -1.747479 6.888006 6.076880 7.770838 12.704412 22.331438 25.041349 -18.466955 2.500002 13.479137 5.266510 -5.938521 -1.511927 -3.132700 0.346412 -9.620749 -2.986457 5.554011 10.084435 6.661016 3.806721 10.020442 -8.591452 14.600060 -11.012118 17.128443 -22.570837 4.437551
-8.664836 -13.331844 -3.384985 5.486836 6.351537 9.710626 12.600714 21.377020 23.965996 -18.126240 3.397650 12.949316 5.373406 -5.264732 -1.360548 -3.539253 -0.422577 -9.851512 -2.583247 5.791093 10.314507 5.135037 3.754181 10.414159 -7.894145 13.163242 -10.478571 16.300814 -23.286600 1.977933
-8.528330 -14.856749 -3.953347 3.833962 8.334512 9.730699 13.186933 21.155632 23.261997 -19.305012 4.404184 11.980399 5.529750 -5.003453 -1.337476 -3.487142 -1.046178 -9.380578 -2.369576 6.148013 10.504956 4.424281 3.952888 11.711936 -6.528913 12.395054 -10.837272 15.753795 -24.294216 -0.641493
-9.098716 -16.772343 -4.808321 2.771731 8.945198 11.522195 14.675730 20.030390 21.655855 -19.967678 5.622331 11.698381 5.128895 -4.587668 -1.167968 -3.412646 -0.960018 -9.511543 -1.940188 6.705052 10.328568 2.151706 3.774318 12.304532 -5.862787 10.865360 -11.074365 14.847411 -24.610426 -2.399637
-9.822871 -17.472439 -6.435036 2.258638 10.154989 10.221551 15.456031 18.538147 22.167837 -19.481396 5.718732 11.963861 5.066433 -3.925328 -0.761820 -3.736925 -1.219855 -9.639645 -1.433058 6.602427 9.973104 1.608208 2.687818 12.061391 -5.109677 10.539767 -9.542686 15.535205 -25.477167 -3.391022
-9.976592 -18.669369 -7.537492 -0.168374 9.403463 13.351422 15.915935 17.923468 18.325172 -19.077351 6.928656 10.724110 4.526747 -3.908854 0.067529 -3.115809 -0.816431 -9.483742 -0.380970 6.819956 10.386773 -0.572656 2.371926 13.428864 -5.241142 8.078711 -10.825310 14.187129 -25.678534 -5.648027
-11.013648 -21.544823 -8.768156 -3.292829 7.286349 15.200080 15.514201 17.882896 14.765492 -18.914940 7.601227 9.630740 4.047921 -3.412512 1.302018 -3.334477 -0.121468 -9.669327 1.067050 6.745028 9.830646 -3.404349 2.453335 15.133895 -5.615059 5.724371 -11.682218 13.290521 -25.101160 -7.442628
-11.637589 -23.192123 -11.267796 -7.027525 3.759396 17.169024 14.621450 17.739271 7.972611 -16.016907 7.974528 8.164747 3.969912 -3.514737 2.445892 -4.080900 0.163043 -10.166303 3.432863 6.925666 9.514442 -6.705935 3.230749 16.642769 -5.356025 4.858784 -12.413993 11.013238 -22.931572 -11.175041
-12.576855 -23.089205 -15.007821 -7.983699 0.486746 16.543673 14.335105 16.293509 3.457479 -11.903014 7.906748 7.059372 4.536012 -3.155702 3.696404 -4.830944 -0.000097 -10.056245 5.081753 7.151805 9.350324 -8.236601 4.918635 18.379704 -5.343596 4.728696 -12.317291 8.748206 -21.684200 -15.092500
-13.223501 -22.509075 -23.356253 -6.813796 -7.174256 15.495683 10.937343 15.628373 -2.486236 -4.018645 7.373034 3.966341 5.752128 -3.358447 5.476401 -5.899527 -0.916754 -9.680328 7.203922 6.068263 10.134688 -8.886878 8.589438 20.293734 -5.407376 6.109101 -10.453086 5.953930 -19.332422 -19.186031
-12.177548 -19.019691 -29.760414 -4.085178 -10.136028 13.724767 7.454770 14.825320 -7.601532 2.268955 6.866410 1.216150 7.444450 -3.387379 7.786551 -6.124537 -2.100440 -8.543105 8.125118 4.799661 9.909495 -8.846458 12.167573 21.958410 -4.856750 7.539508 -6.559395 3.380070 -17.711227 -20.084490
-9.535274 -14.719496 -33.678642 -3.611253 -10.282533 10.589946 3.930879 14.677138 -10.646279 5.381033 6.740409 -1.264175 8.418952 -3.186302 9.755964 -6.097908 -3.229974 -7.362618 8.709981 3.204947 9.754987 -9.039093 15.305783 23.169807 -4.423013 8.807904 -3.028950 2.023835 -16.358959 -20.166138
-7.075833 -11.970326 -34.768131 -2.789281 -9.926907 9.476870 1.443878 15.146834 -11.322132 6.618414 6.595438 -2.892171 9.159923 -2.863928 10.610868 -5.968883 -3.284009 -6.730535 8.249174 2.121998 10.487430 -8.788515 16.575935 24.621712 -4.340992 9.362561 -0.800267 1.646378 -14.597809 -19.634129
-5.998671 -10.598053 -34.553532 -2.604272 -9.153758 9.310995 -0.680387 15.155932 -11.561351 6.987062 6.549936 -3.420101 9.047983 -2.787549 10.858294 -5.773185 -3.269430 -6.662222 7.885143 1.493305 10.382877 -8.276795 16.917589 24.888041 -4.041380 9.788225 -0.064659 1.241958 -14.320396 -18.793009
-5.347524 -9.807213 -34.475769 -2.778309 -9.140617 9.269977 -1.524261 15.189114 -11.662591 7.089951 6.567278 -3.519327 9.213117 -2.741842 11.138634 -5.523940 -3.268026 -6.394232 7.759980 1.257193 10.584842 -8.324020 16.910334 25.004845 -3.688940 10.053059 0.380367 1.202455 -13.893833 -18.358934
-11.353544 -13.924976 -33.830769 -4.924996 -8.811175 9.322481 7.484379 12.013700 -10.572626 6.267227 6.819731 -0.080987 6.859325 -3.095545 9.930001 -5.879531 -3.941828 -6.116655 9.143250 3.916409 6.710571 -10.717865 13.762823 21.160374 -4.357153 8.014969 -1.723869 2.033009 -17.116781 -20.060097
-13.688506 -16.924820 -31.007509 -6.415188 -7.174977 10.723964 11.370442 10.822363 -8.786148 4.366492 6.874855 2.457655 4.885651 -2.918578 8.666819 -6.001190 -3.800169 -6.131663 9.390143 5.355251 5.427125 -11.823534 10.894757 19.288647 -4.552588 6.687431 -2.698136 2.755873 -18.201971 -21.051567
-15.487733 -18.468475 -27.019690 -9.155798 -3.004814 10.771438 15.298252 9.456283 -6.823456 0.777992 6.857686 4.905902 2.901053 -2.608016 7.337173 -6.287068 -3.019914 -6.506029 9.395349 6.103201 4.405556 -13.372859 7.729795 17.220451 -4.382186 5.304125 -2.940109 5.296980 -19.451580 -20.735928
-16.529011 -18.766251 -23.161077 -10.292880 1.760235 10.907567 19.391048 8.413709 -4.304921 -2.254810 7.148589 7.354760 1.245632 -2.146440 6.392148 -6.186103 -2.578159 -6.148031 8.906153 6.864756 3.786206 -14.636213 5.288602 15.950856 -3.922811 4.429044 -2.826518 7.623461 -21.246580 -20.060402
-18.247032 -17.807653 -18.323381 -12.533244 6.942543 10.476095 22.819624 6.768046 -1.227296 -5.610152 6.980728 9.040943 -0.097525 -1.689530 5.535923 -6.105825 -2.103730 -5.490054 7.851442 7.552631 2.357832 -16.826752 3.486196 13.581557 -3.412685 3.267446 -1.972319 9.196473 -22.458025 -17.800201
-19.014698 -16.343359 -16.192371 -13.812681 9.461103 10.143466 23.911455 6.003397 -0.298850 -6.030517 6.834064 9.759711 -0.660803 -1.367588 5.522988 -5.936186 -1.723102 -4.551678 7.405095 7.565025 1.407184 -18.330791 2.556059 12.715357 -2.389110 3.269740 -0.833728 9.323408 -22.253334 -15.530765
-20.665409 -14.912290 -13.730265 -14.905143 11.266676 9.659222 25.580105 5.461835 0.387833 -6.299629 6.860877 10.755972 -0.900593 -1.184342 5.753356 -5.441377 -0.977921 -3.255867 7.138238 7.753725 1.607593 -19.706099 1.559107 12.195171 -2.030006 2.760105 -0.477680 9.143941 -21.090006 -14.348194
-21.694473 -13.200586 -13.493859 -16.628523 10.150010 10.042418 25.091354 6.082033 -1.295071 -4.752695 6.916680 10.569792 -0.680440 -1.316015 6.476238 -4.752815 -0.492961 -2.288132 7.188216 7.667004 1.646248 -20.892477 0.468947 12.892546 -2.366962 2.610826 -0.465297 7.518944 -19.298014 -14.146583
-21.582441 -12.033213 -10.304511 -17.088671 11.073141 10.311584 25.234840 7.581635 -0.514152 -5.938196 6.824895 11.004757 -0.074136 -1.147869 6.794784 -4.159936 0.011481 -1.376305 6.727280 8.141520 1.884174 -20.971098 -0.848621 13.478623 -2.021083 2.764582 -1.660551 6.755680 -19.035795 -12.012070
-21.737732 -11.408439 -9.982794 -18.195864 9.233938 11.164953 23.977451 8.478041 -1.400596 -5.094640 6.881848 10.591657 0.537871 -1.408199 7.036840 -3.628575 0.477597 -0.987074 6.382310 8.562936 1.887868 -20.860435 -1.204692 15.086295 -2.082926 3.295984 -2.601182 5.298005 -17.698584 -11.520423
-21.574434 -9.479438 -7.595895 -18.502512 7.911214 12.568812 24.048813 9.630790 -2.131011 -5.610309 6.855192 10.303602 1.287487 -1.548546 7.094649 -3.212234 1.157503 -1.001068 6.003507 8.588356 2.588554 -21.476562 -1.787746 16.350616 -1.985259 2.837731 -2.923425 4.808950 -17.107187 -9.013927
-20.878716 -8.953223 -7.082790 -18.664984 5.619558 13.148486 22.258747 11.367734 -2.560272 -4.675105 6.603419 9.732524 1.756404 -1.702699 7.259560 -3.091256 1.644280 -0.780980 5.717143 8.461145 4.518252 -21.199640 -2.020680 17.137754 -2.174210 2.279587 -2.900437 4.583579 -16.060833 -7.722349
-18.711121 -7.493439 -2.905996 -17.232798 6.463788 13.917870 22.958923 13.293429 -1.114265 -7.098943 5.781289 10.097155 2.698845 -1.673569 6.974591 -3.472216 2.341111 -0.440276 5.120100 8.362186 7.186279 -20.539061 -2.519988 17.182648 -2.085885 2.133060 -3.572284 5.506724 -15.488920 -5.292655
-18.805977 -8.529829 -3.414422 -16.304749 2.969239 16.054113 22.207470 15.330837 -1.710602 -7.103925 5.469501 8.668716 4.166934 -1.961563 7.230660 -3.588111 3.214742 -0.900916 5.154219 8.244276 9.738772 -20.176079 -2.363855 18.777878 -1.889674 1.771103 -4.192272 5.100245 -15.104567 -5.430541
-18.830143 -10.140553 -4.072340 -14.908140 -0.859087 17.374886 21.158659 17.076368 -2.265716 -7.302374 5.263379 8.051308 5.485606 -2.096076 7.747305 -3.658118 3.959342 -2.025908 5.151547 8.424845 12.758437 -19.132967 -2.392580 20.933205 -2.118175 1.107418 -6.728044 3.944206 -13.924690 -5.754418
-18.314848 -11.853251 -4.591171 -13.664954 -2.990890 18.064135 20.654015 18.840328 -2.277285 -7.921577 5.483706 7.234132 6.061841 -2.482046 7.571112 -3.672200 4.499358 -2.482739 5.278944 8.397804 14.064075 -18.044054 -2.354865 22.619991 -2.477479 1.307440 -8.791162 3.461728 -13.003772 -6.347164
-19.122126 -12.893517 -7.459313 -14.132074 -6.257977 18.848341 18.561941 18.860807 -3.965924 -5.945731 5.911570 6.196305 5.961926 -2.799565 8.119107 -3.376814 4.255475 -2.525797 5.620292 8.005613 14.444074 -18.122557 -1.769079 23.585926 -3.282971 0.911575 -8.640193 2.764300 -12.632307 -7.633555
-19.207687 -12.945910 -7.888154 -14.193827 -6.718761 18.840269 18.555336 18.836582 -4.198061 -5.620462 5.990252 6.085835 5.935844 -2.828126 8.033710 -3.428242 4.273807 -2.648353 5.666368 8.071833 14.396389 -18.136538 -1.638282 23.941088 -3.349475 0.961672 -8.689542 2.521103 -12.504613 -7.555374
-19.214180 -12.833860 -7.951450 -14.066533 -6.850698 18.895094 18.416111 18.761816 -4.354961 -5.571164 5.862748 5.970603 5.934445 -2.904983 8.172300 -3.417884 4.185675 -2.734958 5.705068 8.065430 14.442309 -18.171015 -1.487371 23.908562 -3.406345 1.031866 -8.530711 2.427035 -12.329712 -7.719173
-19.187983 -12.744604 -8.189618 -13.982292 -7.073855 18.941675 18.166981 18.738720 -4.520306 -5.423534 5.839911 5.886333 5.949851 -2.950974 8.267601 -3.355037 4.222784 -2.648073 5.723701 8.008753 14.398046 -18.207300 -1.367566 23.677967 -3.461554 0.954141 -8.434484 2.375170 -12.407202 -7.700253
-26.017838 -3.026314 5.952322 -17.210154 -3.049839 7.076167 27.059025 13.600158 -5.588731 -7.785291 0.957318 9.969984 -0.303284 -2.339562 7.316772 -6.515420 5.006124 1.727655 5.827468 6.804888 12.224119 -22.080082 1.315546 12.298938 1.214910 8.753937 -5.699656 4.048624 -9.089519 -5.074013
-23.392956 -3.670366 3.375830 -19.515142 -4.198961 9.174067 26.871511 16.508043 -5.476974 -3.035314 2.676577 8.329857 1.827631 -5.820206 5.094203 -5.124050 2.589216 1.978074 10.377428 8.536339 12.568767 -22.462687 0.829370 14.485768 -0.254753 8.199491 -6.127137 3.681312 -8.197113 -7.736947
-24.012939 -5.730235 -2.387069 -20.611300 -9.424416 10.467175 24.686625 17.294113 -9.308196 0.033074 4.388331 7.692783 0.650964 -4.979067 6.961879 -4.819633 3.005363 1.816188 9.188653 7.151292 13.079848 -21.974751 0.854428 16.758886 -0.897989 8.009157 -5.738337 2.312943 -7.798794 -10.957484
-24.419987 -6.265703 -2.929068 -20.114698 -9.580240 10.612821 24.409042 17.057842 -9.555297 -0.034050 4.682161 7.484247 1.372359 -4.592435 7.451169 -4.389799 3.463075 1.868464 8.830927 7.217007 12.930839 -22.052240 0.959528 16.692783 -0.829573 7.919217 -5.637119 1.997794 -7.726619 -10.985538
-24.366943 -6.053508 -3.246165 -20.238405 -9.846431 10.533069 24.382210 17.011580 -9.721257 0.341051 4.697998 7.412248 1.461761 -4.553505 7.453853 -4.458881 3.451383 1.969465 8.843305 7.139738 12.944663 -22.084969 0.976464 16.961750 -0.849486 7.934048 -5.735105 1.842497 -7.719732 -11.112765
-24.498867 -6.176435 -3.300671 -20.163237 -10.011088 10.605609 24.382347 16.937130 -9.744124 0.348930 4.648041 7.389238 1.458899 -4.537371 7.509609 -4.458902 3.373807 2.011106 8.833909 7.125455 13.095830 -22.068705 1.010931 17.055946 -0.828527 7.921550 -5.574605 1.772277 -7.601879 -11.260577
-24.293219 -6.074165 -3.494649 -20.212019 -10.114710 10.773989 24.273254 16.880182 -9.865082 0.431572 4.626088 7.343655 1.476531 -4.543892 7.560103 -4.427435 3.362921 2.023569 8.830989 7.098718 13.041215 -22.073452 0.963663 17.053883 -0.785858 7.863875 -5.533563 1.784913 -7.745529 -11.258025
-24.426025 -5.953600 -3.895083 -20.277338 -10.358037 10.693807 24.099648 16.798040 -9.964254 0.819335 4.678112 7.296780 1.486948 -4.548039 7.647799 -4.374518 3.378615 1.980775 8.891119 7.088382 13.000687 -22.050421 0.958042 17.238316 -0.836722 7.820554 -5.526924 1.738215 -7.774707 -11.389636
-24.484428 -5.989753 -3.858350 -20.212498 -10.447407 10.825062 24.031960 16.759197 -10.043632 0.854404 4.688704 7.267591 1.493355 -4.541096 7.654702 -4.381273 3.373460 2.042670 8.861510 7.075931 13.033562 -22.019152 1.033898 17.256447 -0.856942 7.852279 -5.547378 1.747030 -7.757115 -11.274094
-24.658951 -5.938418 -4.062660 -20.036354 -10.693621 10.841636 24.027191 16.611975 -10.194896 1.288418 4.732096 7.178746 1.478988 -4.646983 7.675118 -4.357862 3.372347 2.050360 8.961625 7.185167 13.054589 -21.952892 1.086546 17.413939 -0.808874 7.884767 -5.530677 1.782001 -7.705149 -11.307134
-24.634144 -5.991066 -4.255355 -20.096594 -10.819705 10.881295 23.959549 16.675835 -10.202492 1.431319 4.764835 7.173972 1.458230 -4.622545 7.744000 -4.324356 3.346025 2.012009 8.956885 7.117891 12.982563 -21.872995 1.036805 17.402493 -0.765910 8.013755 -5.450136 1.826124 -7.835546 -11.436007
-24.600529 -6.021879 -4.460733 -20.295406 -10.988761 10.718928 23.539650 16.721279 -10.431920 1.620361 4.755061 7.159297 1.423494 -4.627055 7.838350 -4.224427 3.379422 2.008555 8.959949 7.086242 13.069027 -21.950306 1.023727 17.586161 -0.754392 7.997015 -5.378474 1.815329 -7.784531 -11.457675
-24.613369 -5.922435 -4.506296 -20.208265 -10.916246 10.899112 23.750282 16.664156 -10.371485 1.780992 4.752337 7.139259 1.422978 -4.589154 7.865449 -4.253410 3.322624 1.998942 8.948081 7.050258 13.018886 -21.991663 1.076360 17.526640 -0.794203 7.979624 -5.296019 1.741669 -7.712590 -11.440516
-24.513699 -5.951757 -4.835239 -20.206383 -10.894899 10.911197 23.541046 16.640369 -10.422313 1.772348 4.724875 7.073887 1.424360 -4.610821 7.894409 -4.263480 3.262030 1.941898 8.947419 7.064787 12.905402 -21.968584 1.165160 17.602821 -0.885843 8.014747 -5.170046 1.884317 -7.806058 -11.433217
-24.350098 -5.944685 -4.847806 -20.276991 -10.920588 10.781958 23.354931 16.742273 -10.492517 1.760136 4.728658 7.078199 1.478067 -4.606285 7.945141 -4.205575 3.238471 1.907768 8.953026 7.026038 12.891534 -21.926908 1.192875 17.664616 -0.991227 8.025718 -5.125152 1.890096 -7.737257 -11.464483
-24.222939 -6.043625 -4.798093 -20.398468 -10.893812 10.820735 23.042875 16.897659 -10.528155 1.764046 4.738770 6.905330 1.564547 -4.580763 8.005177 -4.152768 3.236534 1.846508 8.874436 7.017002 12.872138 -21.902519 1.126672 17.619850 -0.924207 8.036113 -5.033559 1.858910 -7.792466 -11.434989
-24.264332 -5.937139 -4.800971 -20.246315 -10.816190 10.770830 23.086485 16.714588 -10.570369 1.736276 4.732864 6.906688 1.564577 -4.578603 8.010112 -4.168547 3.224235 1.864197 8.833675 7.047122 13.014659 -21.972488 1.244519 17.681852 -0.856688 8.003925 -5.093276 1.867234 -7.737969 -11.411663
-24.323872 -5.973546 -4.971486 -20.105307 -10.836094 10.756890 23.040155 16.595221 -10.528884 1.857936 4.716259 6.907822 1.546945 -4.569552 8.028646 -4.218949 3.210935 1.808655 8.847095 6.998355 12.906268 -21.978628 1.231366 17.653088 -0.840838 8.024668 -4.963798 1.938836 -7.838089 -11.555381
-24.181646 -5.923929 -8.583650 -19.278872 -12.265498 11.152951 21.888826 15.946402 -11.491527 4.383351 4.598824 5.859729 2.008775 -4.454772 8.859850 -4.363961 2.679152 1.736574 9.115028 6.955068 12.610107 -21.601839 2.017347 18.395866 -1.018593 7.919473 -3.637358 1.055911 -7.720158 -12.020866
-22.981964 -5.165783 -13.371585 -18.441648 -13.946916 10.943938 18.904322 15.238580 -12.996929 7.801626 4.376246 4.559604 2.771714 -4.085896 9.975485 -4.509213 1.700902 1.963153 9.451475 6.207205 11.683620 -21.675127 3.377632 19.626881 -0.738527 7.936910 -0.931357 0.235151 -8.041763 -12.286031
-23.075394 -4.187250 -17.053293 -17.264322 -15.083027 10.940177 17.168467 14.221330 -13.534549 10.513224 4.254684 3.378182 3.301682 -3.905116 10.814764 -4.665452 1.153906 1.880356 9.574950 5.722954 10.850665 -21.739145 4.645090 20.141529 -0.770512 7.756047 0.938069 -0.327275 -8.052360 -12.741396
-21.564985 -3.243069 -19.642027 -15.742468 -15.057828 10.774171 14.752278 13.671277 -13.909388 12.287708 4.287441 2.286389 3.798558 -3.716462 11.618940 -4.591614 0.470723 1.936199 9.546829 5.319393 9.630044 -21.881071 5.565739 20.888073 -0.243781 8.307067 2.736593 -1.366922 -7.956539 -12.149322
-21.435822 -2.967884 -20.536871 -14.962112 -15.034875 10.807316 14.414734 13.645144 -13.723001 12.985793 4.309223 1.763148 3.839323 -3.773690 11.713297 -4.608913 0.269180 1.839791 9.595230 5.209337 9.494321 -21.653215 5.925938 21.176952 -0.315917 8.268830 3.095038 -1.587515 -7.965219 -12.224885
