-13.728334 24.857615 -20.443029 21.158689 -10.440116 -4.932689 1.394212 0.757473 5.581272 -8.448816 3.096574 8.271484 5.260399 -8.980629 0.685943 -3.566267 -0.365571 5.260791 1.841534 -10.450597 -0.215187 8.280981 13.382360 -0.362396 -27.629038 7.488911 2.016545 -18.742554 1.632990 17.131145
-13.774122 24.864765 -20.499687 21.293261 -10.458723 -5.033458 1.322881 0.662876 5.438428 -8.677400 3.133057 8.319886 5.249534 -8.960413 0.666340 -3.541276 -0.394640 5.265122 1.851781 -10.436924 -0.168014 8.362783 13.372474 -0.441167 -27.705050 7.411908 1.964087 -18.754530 1.607616 17.095045
-12.362391 24.911352 -21.498005 15.668713 -11.113295 -3.803388 2.776301 -2.680110 3.613458 -9.989468 4.137054 9.627395 3.466633 -5.906303 1.142121 -5.206927 -3.260419 4.941540 1.978578 -11.111471 -1.750534 5.572997 13.899640 -0.518910 -24.578028 5.908361 6.810527 -16.785816 -3.385716 14.534893
-13.018295 25.743221 -21.872316 12.649996 -11.181053 -4.496008 2.689461 -4.218085 2.437308 -9.792116 4.759082 10.877789 2.300072 -5.083852 1.275984 -5.274438 -4.275952 5.189527 2.008951 -11.309067 -4.160205 4.580750 13.306968 -1.381650 -22.913488 4.833269 9.341733 -16.222965 -6.888813 15.126166
-13.533256 27.172161 -21.851515 9.241525 -10.723055 -6.628084 1.514995 -4.751047 2.025021 -9.621316 4.703339 10.098268 1.517369 -5.021639 0.491011 -5.878880 -4.099388 4.991210 1.405908 -11.818799 -6.801188 4.030500 12.920999 -2.715154 -21.856087 5.360058 11.336345 -15.815239 -7.728827 16.236156
-13.062146 27.761074 -22.268272 6.818318 -10.722421 -7.809087 1.564365 -5.962042 1.881906 -9.628675 4.245143 8.824209 0.987052 -4.941710 0.079761 -6.936818 -3.907712 4.891230 1.285916 -12.804760 -8.970999 5.087078 12.079567 -1.591891 -19.484255 7.291261 11.132247 -15.056885 -9.098015 14.871716
-13.134699 27.384014 -23.531958 6.095478 -9.524321 -8.571856 3.704528 -7.644237 0.891314 -9.542612 4.032521 8.779015 0.750545 -4.434408 0.336412 -7.212644 -4.555293 5.601241 1.403741 -12.889415 -10.976379 6.698270 11.674876 -2.523291 -18.856840 8.083334 11.573195 -14.829713 -10.387106 13.381840
-14.205816 27.466736 -23.735149 5.473448 -8.434659 -8.458664 5.390740 -8.601327 0.097394 -9.724394 4.237091 9.432972 0.978298 -3.982837 0.934560 -6.483594 -4.886038 6.420103 1.295148 -12.837360 -12.380950 7.796596 12.053508 -4.087335 -18.716070 8.909753 11.891016 -14.313029 -11.645239 11.828025
-14.853764 27.599409 -24.107132 5.115850 -8.438231 -8.343284 5.583314 -9.000962 -0.368961 -9.451014 4.257980 9.222858 1.144517 -3.561851 1.275108 -6.397376 -4.641640 6.529746 1.031263 -13.359995 -13.225924 8.591816 11.967082 -4.320313 -18.602427 9.175993 11.400901 -14.407815 -12.233574 10.532284
-14.904582 27.599028 -23.973352 4.723048 -8.219723 -8.557637 5.635468 -9.121963 -0.555745 -9.394808 4.286397 9.000459 1.074615 -3.338847 1.389977 -6.436425 -4.341009 6.651355 0.787162 -13.912977 -14.519219 8.682443 11.726742 -4.558015 -18.454538 9.448485 11.394300 -15.414212 -11.989395 9.563145
-15.067828 28.001154 -23.537066 3.792503 -8.311537 -9.010372 5.396801 -9.137944 -1.112538 -9.214397 4.246182 8.606115 0.982137 -3.191367 1.511784 -6.538226 -4.063806 6.970881 0.641427 -14.201792 -14.642085 8.502680 11.858244 -4.397960 -18.272367 9.685798 11.399966 -16.183056 -11.338365 8.417434
-15.378699 28.255268 -23.509592 3.385102 -7.969658 -9.899448 5.337121 -8.827039 -1.742231 -8.806725 4.132319 8.281057 0.911256 -3.181143 1.553285 -6.735660 -4.096307 7.136438 0.681334 -14.273402 -14.657955 7.916569 12.122451 -4.001007 -18.036699 9.757778 11.650563 -16.747309 -10.707443 7.769424
-15.564749 28.207293 -23.795940 3.283662 -7.514798 -10.446415 5.711847 -8.985962 -2.215261 -8.702726 4.042953 8.364980 0.999467 -3.233601 1.777902 -6.654301 -4.287178 7.434982 0.874574 -14.081061 -14.625284 7.412835 12.396271 -4.092186 -18.329309 9.485927 11.859688 -17.457712 -10.153455 7.367110
-15.382254 28.824249 -23.718134 3.156002 -7.508396 -10.463171 6.534156 -9.630425 -2.709786 -8.568997 3.990383 8.058151 1.443892 -2.960652 2.212734 -6.520401 -4.167099 7.580984 0.875451 -14.208296 -15.055610 8.878086 12.095383 -4.290246 -18.481121 9.337997 10.717640 -17.596165 -10.932049 7.237040
-14.836217 29.470903 -24.092966 2.545363 -7.595855 -11.200046 6.345556 -10.368917 -2.809136 -8.045676 3.872732 7.665679 1.539531 -2.719429 2.810994 -6.509949 -3.668407 7.969076 0.781976 -14.814708 -15.512517 10.869636 12.056064 -5.376054 -19.015291 8.956868 9.768219 -17.337282 -11.972715 6.922009
-14.682824 29.575535 -24.536125 2.176894 -7.541131 -11.847260 6.156463 -10.858403 -2.840843 -7.694876 3.830039 7.568509 1.504987 -2.558955 2.969785 -6.494684 -3.491639 8.181797 0.685306 -15.040136 -16.226212 11.854078 12.114301 -6.388358 -19.500372 8.778578 9.525481 -17.434776 -12.513876 6.504890
-14.714905 29.562082 -24.673285 2.188922 -7.664378 -11.799176 6.050818 -10.906090 -2.728032 -7.676931 3.843556 7.651672 1.529469 -2.565544 3.012390 -6.451621 -3.405031 8.148104 0.681027 -15.071478 -16.259649 11.832136 12.081220 -6.275460 -19.333204 8.861046 9.484493 -17.356405 -12.519069 6.523186
-14.921542 29.594448 -24.693691 2.437583 -7.607137 -11.668835 6.325910 -11.012528 -2.525373 -7.774926 3.986727 7.152635 1.150018 -2.725632 3.383925 -6.021868 -3.558666 8.059049 0.429834 -14.928879 -16.146889 11.502145 12.224831 -6.155221 -19.412220 8.765186 9.563554 -17.589911 -12.298820 6.555814
-15.135436 29.574100 -24.459152 2.387383 -7.588254 -11.417727 6.410457 -10.821678 -2.837844 -7.844022 3.920345 7.281221 1.226035 -2.724756 3.172096 -6.242790 -3.582397 7.993609 0.561637 -14.880915 -16.364923 10.861021 12.249291 -5.659501 -19.044027 9.024343 9.712181 -17.846054 -12.115700 6.378243
-15.458294 29.333717 -24.040598 2.164944 -7.800882 -11.127596 6.445901 -10.419045 -3.123748 -8.089138 3.936666 7.278198 1.260384 -2.818581 3.087836 -6.341712 -3.688479 7.867194 0.632555 -14.688484 -16.167894 10.460176 12.345165 -5.453826 -18.998884 9.167372 9.956374 -17.922033 -11.879030 6.405881
-15.518031 29.252621 -24.098566 2.367608 -7.853239 -10.972636 6.566259 -10.423163 -3.081336 -8.127192 4.034117 7.327538 1.105339 -2.939142 3.226910 -6.027590 -3.688179 7.889101 0.554759 -14.617322 -16.307070 10.577704 12.367707 -5.280823 -18.896978 9.324354 9.803569 -17.911489 -11.986071 6.350871
-14.353249 30.526232 -22.797539 -1.199419 -10.756697 -9.975007 7.182862 -10.941865 -5.587779 -8.051965 3.670524 5.077437 2.530302 -2.615188 3.456540 -6.992386 -3.633610 7.599859 0.420921 -14.426086 -14.349098 11.259180 12.394856 -2.566992 -19.043762 9.703403 5.856877 -20.884869 -10.120610 3.332882
-14.232490 29.845451 -20.651766 -2.503495 -13.523764 -6.452900 7.711867 -9.703147 -5.359540 -10.172371 3.679827 3.656128 3.250109 -3.420940 2.666137 -7.278894 -3.321789 7.611556 -0.397718 -13.557379 -12.909455 8.984493 13.552104 0.040136 -18.331327 10.785437 5.332977 -22.366335 -8.239364 1.124619
-14.396743 29.424179 -20.600187 -1.878609 -14.135645 -5.565230 7.577499 -9.492444 -5.251357 -10.143787 3.841668 3.331311 3.614263 -3.570081 2.460809 -7.286854 -3.132097 7.060923 -0.722627 -13.506000 -11.589386 7.291811 14.958701 0.240160 -18.685507 11.640526 5.350293 -23.254347 -6.139799 0.389894
-14.257184 29.277460 -20.554085 -2.051927 -14.296103 -5.388721 7.186846 -9.364499 -4.999533 -10.340997 3.893130 3.318839 3.893207 -3.433934 2.500227 -7.202942 -3.116565 7.084646 -0.845239 -13.371086 -11.331610 7.142303 15.008780 0.417261 -18.654259 11.547830 5.394064 -23.386278 -6.123025 0.187563
-14.226468 29.217390 -20.676582 -2.020486 -14.395500 -5.233922 7.122746 -9.390532 -4.890736 -10.385706 3.914217 3.385388 3.761482 -3.489678 2.428987 -7.251127 -3.100939 7.016268 -0.853353 -13.379993 -11.451718 6.869071 15.312066 0.420361 -18.634359 11.857088 5.311280 -23.717356 -5.685830 0.119918
-14.189427 29.140251 -20.679438 -2.129524 -14.458981 -5.196914 6.998424 -9.322078 -4.908687 -10.446795 3.913152 3.326338 3.791233 -3.473676 2.423811 -7.295352 -3.092000 6.950407 -0.861908 -13.412632 -11.363144 6.874350 15.351055 0.394853 -18.647684 11.873865 5.201735 -23.774429 -5.685612 -0.035132
-14.209491 29.178392 -20.613020 -2.082559 -14.453556 -5.180456 6.983989 -9.322263 -4.950704 -10.399958 3.895972 3.306329 3.771073 -3.494436 2.423683 -7.311141 -3.085176 6.953730 -0.842360 -13.446206 -11.301799 6.864391 15.371181 0.421802 -18.743727 11.868960 5.106859 -23.949297 -5.558563 -0.179297
-14.242290 29.179630 -20.615599 -2.009739 -14.406326 -5.228654 7.074342 -9.385149 -4.897658 -10.384731 3.899178 3.317907 3.780155 -3.497115 2.444623 -7.288854 -3.083728 6.977307 -0.841329 -13.450620 -11.319100 6.904975 15.344496 0.372400 -18.811026 11.867735 5.111447 -23.916090 -5.597337 -0.181698
-14.216874 29.147293 -20.606447 -2.102358 -14.466387 -5.162896 6.991422 -9.327630 -4.938267 -10.414143 3.887090 3.293736 3.764787 -3.496172 2.433770 -7.319486 -3.086807 6.963716 -0.840665 -13.455570 -11.322408 6.875912 15.344747 0.429723 -18.739227 11.859463 5.105514 -23.951878 -5.582505 -0.203444
-14.215658 29.170002 -20.557076 -2.075830 -14.333397 -5.269678 7.037232 -9.320169 -4.955451 -10.420721 3.858754 3.202169 3.757361 -3.502104 2.375366 -7.400159 -3.090930 6.934639 -0.832012 -13.451849 -11.283582 6.740248 15.396007 0.410119 -18.692894 11.793947 5.206261 -23.964136 -5.567998 -0.204683
-14.233303 29.194923 -20.545736 -2.069184 -14.367551 -5.240338 7.056601 -9.338199 -4.997375 -10.389610 3.864626 3.179126 3.778292 -3.496364 2.388709 -7.399788 -3.094745 6.938088 -0.840394 -13.457512 -11.287798 6.707441 15.408757 0.413880 -18.686050 11.821550 5.225121 -23.921352 -5.573860 -0.189595
-14.364842 29.008562 -20.514038 -0.703387 -14.725846 -5.129561 5.280220 -8.449673 -3.745907 -10.349590 4.087321 4.261819 3.423418 -3.536317 1.999789 -7.270455 -3.507550 6.114942 -0.613629 -13.304197 -9.629508 5.100261 15.614619 -0.132398 -18.477495 11.699032 8.003358 -21.044882 -5.599733 1.633687
-13.731523 27.790339 -20.418022 -0.623700 -13.556385 -5.722103 2.289978 -6.905591 -2.718304 -11.092723 3.977533 4.496282 2.529402 -3.399497 1.491112 -7.995186 -4.220253 5.357307 -0.006952 -13.456541 -9.549895 1.834089 14.555877 -0.959891 -16.575024 10.706924 12.493394 -16.632549 -8.168701 5.267140
-13.682710 27.515244 -20.357264 -1.177218 -13.194614 -6.385058 1.297854 -6.233992 -2.316901 -11.482092 3.865263 4.284739 2.104401 -3.384413 1.282339 -8.502735 -4.498211 5.227428 0.346800 -13.423635 -9.437390 0.773766 14.181664 -0.906847 -16.135900 10.274382 13.692275 -15.991429 -8.776897 6.093240
-13.834615 27.564981 -21.064547 -0.822446 -13.702387 -6.383476 1.094790 -6.538100 -2.507003 -10.816221 3.885077 4.571001 1.856381 -3.440244 1.381629 -8.346805 -4.592656 5.375675 0.494323 -13.531816 -9.529097 0.949178 14.161973 -1.286367 -16.241468 10.260033 13.755801 -15.818579 -8.918751 5.964893
-13.628837 27.270985 -20.402214 -1.040253 -13.145243 -6.690928 0.737154 -5.453843 -1.630859 -11.759887 3.502819 4.168836 1.002526 -3.990718 0.661124 -9.077693 -4.848421 5.264977 0.759438 -13.332379 -9.122684 -0.121896 13.359072 -0.624399 -14.924585 10.001341 15.152433 -14.364954 -10.556241 6.475293
-12.934735 27.087559 -19.609518 -0.388430 -12.263732 -7.891453 0.491316 -4.650191 -0.747721 -12.178177 3.598381 4.970322 0.818077 -4.586495 -0.199697 -8.664453 -5.055586 4.925606 0.616851 -12.635983 -7.888633 0.057702 12.286019 -0.043136 -13.617104 10.502383 16.322208 -11.682916 -12.000977 8.054724
-11.791424 27.906769 -18.825636 2.115396 -11.023600 -8.295887 2.255275 -4.049582 0.282973 -12.302389 3.792989 5.732596 0.673763 -5.117768 -1.050297 -8.265630 -4.947347 4.228474 0.309216 -12.423420 -6.796030 0.531241 11.399413 0.460486 -13.219486 10.975857 17.953074 -7.343569 -13.452231 12.310450
-11.129199 28.535900 -19.464598 3.783486 -9.639584 -8.929471 2.949066 -4.109032 1.545003 -12.268749 4.286663 6.522556 0.949084 -4.743677 -1.760101 -8.264687 -4.674356 3.247080 -0.278126 -12.476278 -5.776874 0.660910 11.617829 2.028606 -12.318991 10.880028 17.265535 -5.690080 -13.494783 16.438869
-10.207904 27.149935 -20.328306 5.991993 -9.722872 -7.317977 2.877181 -4.138427 2.815694 -12.632730 4.968378 6.413713 2.386681 -3.386573 -1.057134 -8.386981 -3.233134 0.542641 -0.745237 -14.379055 -3.990580 1.917191 10.630026 4.003094 -11.178483 10.938281 15.903167 -4.101795 -13.734079 18.723505
-9.012858 25.668613 -20.679228 7.699701 -8.242134 -5.501804 3.732826 -4.425880 1.129820 -13.093925 4.900041 6.292667 3.552917 -2.911224 -1.404062 -9.147712 -2.251318 -0.662922 -0.784257 -15.755013 -3.578966 2.256426 9.254966 6.032941 -10.390926 11.735519 15.827840 -2.621267 -13.970098 20.796640
-9.609570 24.271536 -22.415709 9.426238 -8.622658 -4.557721 3.463201 -4.318677 1.914646 -13.088169 5.040523 5.447656 4.788769 -3.245297 -0.087183 -8.546998 -1.776485 -1.153056 -0.482558 -16.003693 -2.423118 1.558153 8.340220 9.905124 -7.601676 13.168188 15.798841 0.372416 -15.546051 21.080368
-10.298232 22.890743 -23.310513 10.897217 -8.493255 -4.812423 4.566020 -4.251823 3.441278 -13.488325 5.176886 5.034281 5.293231 -3.574399 0.838203 -7.884178 -1.498097 -1.787275 -0.249876 -15.818615 -2.184406 1.242206 8.610808 10.605355 -6.849131 14.053925 16.427011 1.223521 -15.973677 21.257774
-9.787745 22.713722 -23.272131 11.167438 -7.814673 -4.395430 3.841053 -4.091692 2.909045 -13.483046 5.133895 4.883510 5.517307 -3.682745 0.927900 -7.951874 -1.164263 -2.194394 -0.154038 -16.047388 -2.267126 1.028411 8.760589 10.564457 -6.781880 14.007224 16.623434 1.319341 -16.085497 21.590157
-9.471641 22.744499 -23.291237 11.062356 -7.762785 -3.904785 3.455247 -3.843962 2.585788 -13.492868 4.973589 5.160676 5.957075 -3.487881 0.667111 -8.387685 -1.121268 -1.964634 0.081686 -16.002567 -2.267806 0.678661 8.996919 10.500251 -6.845187 14.089088 16.514618 1.353919 -15.943340 21.782818
-9.370238 22.693523 -23.094177 11.153595 -7.982368 -3.954622 3.139260 -3.438081 3.122221 -13.963872 4.924497 5.040430 5.782382 -3.701587 0.687311 -8.377915 -1.503279 -1.677059 0.207341 -15.482115 -2.692406 0.741013 8.667279 10.295935 -6.601698 14.092442 17.220144 1.416518 -16.277794 21.317190
-9.572606 22.731171 -23.019514 11.187017 -8.177868 -4.191570 3.145918 -3.390460 3.326656 -13.804810 4.898664 5.097490 5.776895 -3.679668 0.690141 -8.395264 -1.527425 -1.576786 0.273639 -15.421108 -2.688894 0.791447 8.537264 10.294687 -6.500414 14.055462 17.251970 1.486884 -16.450157 21.182732
-9.528967 22.698540 -23.061226 11.190999 -8.129042 -4.166545 3.232472 -3.418721 3.343553 -13.876795 4.907942 5.066440 5.802953 -3.654458 0.668313 -8.431178 -1.511458 -1.633259 0.260076 -15.440403 -2.753593 0.821383 8.571445 10.315115 -6.539383 14.122583 17.199488 1.426286 -16.428034 21.227867
-9.552894 22.739676 -23.043444 11.217999 -8.101709 -4.219685 3.257010 -3.411609 3.354519 -13.856343 4.896401 5.082799 5.750155 -3.681594 0.680927 -8.399929 -1.533174 -1.564248 0.261852 -15.427179 -2.712713 0.858366 8.557986 10.345757 -6.494387 14.131809 17.213646 1.504360 -16.512562 21.191328
