-6.031874 27.421707 -17.638107 22.304733 -2.292985 3.027801 -7.072962 2.286267 -7.216131 -8.029770 2.408980 2.951898 4.089672 -9.233553 -3.425575 -5.170677 -4.083119 8.648867 -2.974000 -7.036755 -0.189552 8.278590 13.374630 -0.478831 -27.680960 7.398341 2.078491 -18.815182 1.666832 17.115269
-6.073630 27.437271 -17.687622 22.430462 -2.335277 2.947471 -7.160887 2.186660 -7.375300 -8.256974 2.446827 2.951509 4.072168 -9.246151 -3.488032 -5.162822 -4.110165 8.659604 -3.000402 -7.001501 -0.140621 8.329991 13.387919 -0.568413 -27.767202 7.338247 2.008358 -18.854876 1.682152 17.072517
-8.784915 29.098122 -22.755033 13.010115 2.687444 -2.929718 -6.020560 -4.202808 -11.145686 -6.446128 3.957547 4.332737 0.556658 -4.251178 -2.325101 -7.271432 -8.526106 10.384829 -3.524364 -7.833928 -7.356728 2.923937 14.694398 -10.621245 -28.978010 2.373371 13.107360 -20.217108 -2.492097 12.908149
-9.337930 29.372601 -22.802984 12.096720 3.996674 -4.240267 -5.810391 -5.601771 -10.778697 -6.737866 4.097754 4.456542 -0.177452 -3.689816 -2.565164 -7.459752 -8.521980 10.750646 -3.998184 -8.415884 -9.431956 3.295332 14.209583 -12.002383 -28.974504 2.404944 13.368270 -20.636553 -3.533154 12.934844
-9.236214 29.965523 -23.463198 11.572010 5.022558 -5.411059 -5.240097 -6.887333 -10.992544 -6.545974 4.110341 4.661310 -0.905728 -3.318792 -2.592727 -7.527174 -8.766642 11.173382 -4.093680 -9.046253 -11.711823 3.571469 13.726047 -12.030997 -28.157763 2.524870 13.552313 -21.468880 -4.484546 12.456070
-9.352975 30.068445 -23.677185 11.406382 5.420969 -5.645723 -5.233591 -7.233269 -10.988690 -6.502357 4.070816 4.773720 -1.217635 -3.241155 -2.560350 -7.592227 -8.880266 11.293713 -4.015420 -9.322709 -11.957449 3.496659 13.709567 -12.353347 -28.007235 2.531828 13.850339 -21.245089 -4.883603 12.516912
-9.536889 30.317986 -23.815985 11.261151 5.926347 -6.045177 -5.108506 -7.600562 -11.125587 -6.326585 4.111108 4.845126 -1.318172 -3.213553 -2.577859 -7.614728 -8.965101 11.275990 -3.953114 -9.343716 -12.275116 3.355361 13.629734 -12.504300 -27.953314 2.517157 14.030535 -21.319090 -5.043118 12.711434
-9.545158 30.306755 -23.855204 11.229933 5.967141 -6.080315 -5.125319 -7.624310 -11.119087 -6.338715 4.099736 4.840186 -1.332302 -3.204624 -2.572620 -7.625082 -8.951029 11.274261 -3.953083 -9.384353 -12.317409 3.324774 13.636223 -12.546233 -27.885555 2.465175 14.106631 -21.253811 -5.190196 12.686320
-9.544806 30.307575 -23.856688 11.227359 5.967152 -6.082277 -5.127172 -7.625122 -11.119294 -6.338348 4.098557 4.840173 -1.332782 -3.205389 -2.572594 -7.624749 -8.948915 11.274687 -3.953752 -9.386555 -12.312968 3.325851 13.638278 -12.547051 -27.885908 2.466486 14.106868 -21.249823 -5.191889 12.684470
-9.548310 30.307646 -23.861622 11.223589 5.972636 -6.086576 -5.126872 -7.630382 -11.119709 -6.338058 4.097980 4.841811 -1.336365 -3.204004 -2.571357 -7.625560 -8.950724 11.276180 -3.951599 -9.388746 -12.317663 3.328377 13.637624 -12.557600 -27.880325 2.466197 14.114672 -21.234674 -5.208718 12.691645
-9.548765 30.307108 -23.862436 11.223011 5.973100 -6.087058 -5.126928 -7.630764 -11.119634 -6.338243 4.097827 4.842073 -1.336682 -3.203968 -2.571158 -7.625484 -8.950972 11.276418 -3.951084 -9.388889 -12.321414 3.329015 13.637485 -12.562265 -27.878283 2.466310 14.118294 -21.229635 -5.214777 12.694211
-9.544729 30.309570 -23.856384 11.227209 5.967428 -6.083317 -5.126690 -7.626085 -11.120356 -6.336819 4.098296 4.840369 -1.333115 -3.205533 -2.572418 -7.624592 -8.947948 11.274724 -3.953893 -9.387270 -12.313097 3.326553 13.639737 -12.550022 -27.883581 2.466835 14.109815 -21.244106 -5.198733 12.684793
-9.545128 30.308893 -23.856783 11.226763 5.967314 -6.083258 -5.126754 -7.626060 -11.120172 -6.337236 4.098040 4.840422 -1.332941 -3.206281 -2.573117 -7.624360 -8.947811 11.274197 -3.953758 -9.387176 -12.309701 3.326367 13.639286 -12.547315 -27.886055 2.467058 14.107099 -21.246923 -5.193008 12.684017
-9.545180 30.308962 -23.857054 11.226340 5.967442 -6.083527 -5.126889 -7.626314 -11.120226 -6.337229 4.097879 4.840552 -1.333183 -3.206453 -2.573193 -7.624263 -8.947571 11.274292 -3.953760 -9.387476 -12.309209 3.326411 13.639529 -12.547503 -27.886055 2.467168 14.107232 -21.246418 -5.193412 12.683745
-9.544915 30.309704 -23.858376 11.224507 5.974709 -6.083152 -5.128274 -7.629027 -11.125590 -6.337955 4.098177 4.840365 -1.333061 -3.206368 -2.572995 -7.624098 -8.947058 11.274244 -3.954194 -9.387594 -12.304329 3.317662 13.642501 -12.539035 -27.889345 2.465065 14.104760 -21.261581 -5.187094 12.672740
-9.543324 30.309191 -23.856943 11.225653 5.968261 -6.082900 -5.129379 -7.625641 -11.123261 -6.337685 4.097730 4.840649 -1.333311 -3.206760 -2.573386 -7.624094 -8.947224 11.274315 -3.953832 -9.387659 -12.308775 3.325839 13.642711 -12.546130 -27.886738 2.467383 14.105946 -21.245506 -5.192962 12.684608
-9.545999 30.308102 -23.859785 11.223625 5.972828 -6.084991 -5.128732 -7.628426 -11.122603 -6.338779 4.098038 4.840451 -1.333277 -3.206375 -2.572910 -7.624085 -8.947069 11.274426 -3.954058 -9.387934 -12.304522 3.316951 13.645709 -12.538205 -27.889227 2.465085 14.103840 -21.259977 -5.187860 12.674739
-9.555620 30.304192 -23.893843 11.209535 5.996930 -6.117068 -5.129222 -7.652193 -11.129611 -6.334765 4.102723 4.841360 -1.337342 -3.203442 -2.576148 -7.626346 -8.945440 11.264870 -3.960112 -9.410740 -12.317662 3.339262 13.639712 -12.567100 -27.877567 2.480369 14.113971 -21.209780 -5.226281 12.707467
-9.544766 30.299009 -23.888563 11.216596 5.974095 -6.104699 -5.142481 -7.635660 -11.120789 -6.337047 4.100325 4.841878 -1.340086 -3.202724 -2.574688 -7.628009 -8.947001 11.268520 -3.958761 -9.410357 -12.305907 3.337176 13.648267 -12.556783 -27.882734 2.479497 14.103312 -21.215902 -5.211858 12.702575
-9.545052 30.298862 -23.888395 11.216878 5.973220 -6.105297 -5.142444 -7.635321 -11.120400 -6.337275 4.100360 4.841828 -1.339940 -3.202814 -2.574833 -7.628003 -8.946983 11.268318 -3.958831 -9.410222 -12.305470 3.338455 13.645591 -12.557170 -27.882353 2.479166 14.103830 -21.217207 -5.212193 12.700907
-9.544703 30.295616 -23.904501 11.190355 5.994574 -6.128709 -5.143125 -7.643025 -11.140344 -6.332951 4.102888 4.840116 -1.335596 -3.203971 -2.577110 -7.626722 -8.944910 11.263237 -3.961052 -9.409253 -12.316736 3.337857 13.633587 -12.567786 -27.876862 2.482386 14.113591 -21.218801 -5.230307 12.699784
-9.538157 30.294340 -23.898373 11.196497 5.989253 -6.121773 -5.146961 -7.638071 -11.143167 -6.332160 4.102909 4.840506 -1.337619 -3.203793 -2.575723 -7.625558 -8.945549 11.264343 -3.960521 -9.410360 -12.319002 3.345809 13.634446 -12.572581 -27.874926 2.485328 14.112458 -21.208628 -5.231081 12.708791
-17.049107 26.332937 -14.409801 9.740066 13.586855 2.170281 -0.463311 -7.256929 -4.237661 -1.428170 5.500417 6.780908 -3.730871 -2.922177 -5.150263 -6.789887 -5.533863 9.526371 -5.305659 -6.436762 -15.997958 -0.190270 7.598665 -14.630300 -27.628815 -0.697171 3.937640 -16.104027 -11.308306 14.350514
-20.285023 26.481548 -10.893789 8.378345 15.279160 3.946462 -0.220804 -7.783347 -3.446667 -0.044029 5.940896 7.166771 -5.022789 -2.500422 -5.431700 -6.602712 -4.173344 9.639399 -5.728500 -6.216372 -17.963673 -2.754048 5.743531 -14.890804 -27.011475 -1.767867 1.665723 -16.146023 -11.747393 15.264291
-22.824253 27.301819 -7.513991 9.815237 16.060516 3.641135 -0.858868 -8.614041 -4.496829 -0.986028 6.406250 7.193403 -6.228902 -2.608379 -5.693820 -6.238617 -3.163315 10.498936 -5.588552 -6.734215 -19.012121 -3.748450 4.285151 -15.219986 -27.005468 -1.923281 0.137702 -14.900027 -11.955366 17.228706
-24.358212 28.868355 -5.191591 11.521633 16.502970 2.679157 -1.046195 -9.849110 -5.300451 -1.036257 6.512015 7.077866 -6.865227 -2.662646 -6.009257 -5.945082 -2.147295 10.937345 -5.553083 -6.449176 -18.250578 -5.110123 3.286720 -15.836428 -27.223587 -1.698088 -1.053464 -13.235560 -10.663458 18.875935
-26.732952 29.204063 -3.043579 12.501791 17.247723 0.981656 -1.465919 -11.051157 -6.231775 -0.845826 6.934933 6.798961 -7.851443 -2.266322 -6.135932 -5.753634 -0.916881 11.319645 -5.739061 -6.096489 -18.818438 -7.039507 1.551715 -16.922285 -26.614485 -1.938350 -1.756056 -12.780385 -10.182320 20.375929
-27.936867 29.482000 -0.879221 10.285698 17.122168 -0.782456 -3.094848 -10.138070 -7.106264 2.333297 6.921755 7.555154 -9.241608 -1.312719 -4.706501 -6.117565 0.991608 11.210525 -4.107368 -7.198260 -22.080643 -9.442465 -0.583806 -11.016934 -19.617750 2.986974 -4.021199 -12.014335 -9.908216 20.393585
-29.176857 29.139465 0.626439 9.812472 16.740902 -2.467406 -3.977792 -10.690610 -8.626184 3.058869 7.100310 6.676299 -9.584707 -1.023503 -4.902621 -6.622176 1.990510 11.580511 -3.752188 -6.853400 -21.812334 -12.325357 -1.648387 -11.345583 -19.078228 2.503623 -4.272377 -11.453860 -7.724895 20.596897
-30.527067 27.521303 2.561518 9.169005 16.513533 -3.755739 -3.977387 -10.273360 -8.592368 3.558831 6.873515 5.743320 -10.030580 -0.586255 -4.511455 -6.811137 2.845885 11.816389 -3.595443 -6.795021 -21.725014 -13.973360 -3.208760 -11.302105 -17.798635 3.596783 -4.659668 -10.005229 -6.533206 20.117111
-30.954929 26.293575 4.065519 7.215681 17.021042 -5.517500 -5.498300 -8.861197 -9.171062 5.581019 6.362699 5.003423 -9.803558 0.461963 -3.434035 -7.594864 4.387135 11.946218 -3.076862 -6.944420 -21.385738 -15.480995 -4.852394 -8.813725 -14.706509 5.315055 -4.235516 -7.884996 -5.997429 18.993086
-30.622686 24.611462 4.786862 5.608525 16.845442 -6.145497 -6.066617 -7.259410 -9.841685 8.560732 6.226384 3.541149 -10.341546 1.442463 -1.970549 -8.077292 5.688094 12.245956 -2.719821 -6.956954 -21.038099 -17.709002 -5.910161 -7.852593 -12.950547 6.433855 -3.982014 -6.053103 -4.972385 18.487450
-31.574448 23.079844 6.683107 4.155975 16.385553 -7.021557 -6.966989 -5.469887 -11.394293 11.645858 5.848044 1.788972 -10.649812 2.122214 -0.135995 -8.051231 6.751648 11.785381 -2.059088 -7.160609 -21.260553 -19.723452 -6.468522 -6.562245 -11.378677 7.968806 -4.223108 -5.157751 -3.368681 17.967178
-32.560074 21.156931 7.590812 3.287509 14.100132 -7.707715 -8.406792 -4.112826 -13.819051 14.542283 5.118945 0.950524 -10.310769 2.706837 1.263981 -8.527764 7.841166 11.398110 -1.219519 -6.477346 -20.783314 -23.253420 -6.241189 -5.311418 -8.728319 9.599810 -4.328781 -3.960657 -1.697437 17.335016
-33.137653 17.345694 8.502727 3.529659 10.848766 -8.053287 -9.577148 -2.437737 -16.175615 16.560703 4.516292 -0.574842 -9.759595 3.469088 2.637584 -8.973139 9.195581 10.511986 -0.557165 -5.171180 -18.384520 -25.299120 -5.706806 -3.602081 -7.290278 10.945910 -4.659379 -2.075409 1.733950 15.676976
-32.246380 13.183822 9.525519 6.200613 7.814137 -8.561036 -7.954060 0.204361 -17.696207 18.349831 4.201334 -1.013512 -9.242234 4.054118 3.229630 -9.562398 10.120090 9.292810 0.535232 -3.850368 -15.618665 -26.724081 -4.845009 -1.199755 -6.085895 12.169302 -4.443324 -0.374662 5.185280 13.188293
-29.703972 9.517465 11.938140 8.068656 3.866007 -7.369266 -5.974399 4.363109 -19.566587 21.236954 3.737310 -2.653514 -7.982322 3.768930 3.835535 -9.757844 11.464535 8.377502 1.764681 -2.079489 -12.351830 -25.856388 -3.040648 1.549816 -6.973870 13.563014 -4.666107 2.854417 9.329908 13.303126
-27.780281 8.247351 12.337172 9.372183 2.673629 -7.940917 -5.783398 6.429293 -21.842730 22.297796 3.440669 -2.672363 -7.440771 3.738795 3.258789 -10.564900 12.160055 7.891262 3.007560 -0.748981 -9.843429 -26.180731 -1.889778 2.834957 -8.142267 14.499382 -4.465535 7.218414 11.667910 12.027051
-23.753984 5.862817 14.210999 10.693802 -1.236459 -6.374538 -3.562977 11.067684 -22.508263 23.358404 3.577402 -4.419856 -6.511925 2.775814 3.523622 -10.749642 12.482496 7.063266 5.096928 0.438309 -5.185852 -25.558554 -0.260656 6.183172 -9.135479 15.010955 -5.367342 10.319270 14.286709 10.998681
-20.582582 5.404408 16.064472 9.856100 -3.537336 -3.547036 -2.566199 14.401822 -22.486746 23.472017 4.092475 -5.520503 -5.078969 1.671624 3.747929 -10.008204 12.842726 6.709140 5.816567 1.292434 -2.095415 -24.414381 0.827884 9.323357 -9.674650 15.048508 -8.014006 10.370831 15.025703 9.996649
-21.195831 5.265191 15.081111 10.234550 -2.800991 -4.722877 -3.059407 13.583832 -22.676600 23.266397 3.888891 -5.149676 -5.475585 1.942331 3.402895 -10.329421 12.767612 6.503053 5.672051 1.243003 -2.954478 -24.609701 0.873194 8.271439 -9.544420 15.230822 -7.271404 10.474074 14.800634 9.595475
-22.722790 5.286256 14.129585 11.188275 -1.422906 -6.380839 -2.989438 11.963640 -22.515013 22.990744 3.411304 -4.606718 -6.012093 2.447255 3.149813 -10.792818 12.486177 6.616320 5.489677 1.037606 -4.136884 -25.057608 0.298527 6.855418 -9.327950 15.134729 -6.028903 11.080453 14.125059 10.291570
-21.887516 4.855621 11.639470 10.907019 0.327762 -9.218831 -2.520443 11.718925 -22.819752 22.583094 3.680253 -3.427062 -7.164626 2.884520 2.451851 -11.061684 12.262976 6.111458 5.481057 1.393980 -4.816342 -24.361174 0.188548 3.869990 -8.950824 15.954695 -4.998379 12.402053 12.378515 8.762343
-22.695559 5.034907 7.999646 11.754310 3.630651 -12.844675 -4.158701 9.421551 -22.705290 21.754744 3.634591 -1.459299 -8.382876 3.878219 1.379669 -10.962459 11.972469 5.385141 4.018073 1.577817 -7.455338 -23.793531 -0.724741 -0.932709 -8.585114 17.070456 -3.867903 12.194892 10.166294 6.237463
-21.217350 5.871568 5.799973 11.080102 4.169713 -14.202856 -5.923513 11.222386 -22.575979 22.837738 3.828169 -1.281675 -9.098193 3.267972 0.701905 -10.851567 10.841286 5.025589 4.227598 2.084506 -7.473174 -23.193714 0.029885 -1.985138 -8.988986 17.488771 -2.381047 12.454322 8.663772 5.380993
-20.521847 4.121298 5.370866 12.574539 3.881631 -15.232683 -5.636738 12.879098 -20.963308 23.032082 4.231442 -1.240614 -8.753403 3.016933 -0.258670 -11.287112 10.473341 3.742519 4.458725 2.476744 -7.028710 -22.127377 0.358879 -2.280770 -9.333713 18.848221 -3.382540 12.863841 8.719209 3.168652
-19.040073 4.086535 2.071121 13.285018 5.995755 -17.412462 -7.089446 13.139939 -18.767607 22.637995 4.670583 -0.207167 -9.696092 2.862376 -1.606598 -11.456066 9.723118 2.848715 4.393530 2.949722 -8.198768 -21.062302 1.034836 -5.052206 -10.157193 19.932507 -2.933508 12.257251 6.555934 -0.016020
-21.576099 1.041596 2.177148 15.399582 8.049160 -18.506084 -6.503028 9.382257 -18.007534 18.895769 4.587380 0.113278 -9.067992 4.436644 -1.390607 -11.348593 10.482349 1.990618 2.187150 1.800562 -10.979593 -20.370077 -1.446740 -7.138535 -8.082380 20.137735 -4.559326 10.155126 6.907768 -1.123103
-21.032875 -1.281002 2.182071 16.871401 8.340921 -18.163729 -5.546570 10.518708 -17.564528 17.848925 4.962989 -0.427530 -8.314004 4.501385 -1.555575 -11.240695 10.014820 1.203775 1.713913 1.676875 -11.077923 -18.678953 -1.766524 -6.722946 -8.167766 20.915504 -5.983733 9.413774 6.847760 -3.288774
-23.047787 -3.096166 1.417753 17.318840 10.782763 -18.318880 -5.126952 8.905759 -16.854364 14.998337 5.820227 -0.028246 -7.689323 5.859905 -0.807559 -10.387200 9.997160 2.086948 0.063999 1.525066 -13.337433 -18.839510 -3.202089 -7.369152 -7.982464 20.197161 -8.669060 6.175173 6.392694 -5.496209
-23.695919 -5.085966 0.647177 16.675653 10.368112 -18.223097 -6.570662 9.423223 -16.787025 13.078756 6.427554 0.306732 -7.061463 6.256594 -0.304796 -9.860499 9.926193 2.673599 -0.665621 1.476548 -14.134002 -18.526802 -4.276685 -7.084118 -8.351288 19.495481 -10.469442 3.848059 5.623324 -7.536221
-25.787544 -7.245583 0.318130 15.931755 10.576243 -17.643616 -8.092957 9.136812 -15.865924 10.816156 6.872811 0.480570 -6.552954 6.452322 0.348755 -8.832918 9.210468 3.447266 -1.376138 1.523594 -14.571776 -18.270830 -3.817975 -7.102688 -8.392528 19.186892 -11.769691 1.179927 5.119552 -9.986750
-26.462660 -8.507294 -0.378194 14.030050 9.326960 -16.092936 -10.393359 9.544841 -16.011995 9.701214 7.239540 0.256105 -6.011478 6.649964 1.203556 -8.595047 8.777254 4.373175 -1.335581 1.141226 -14.998961 -18.772720 -3.437805 -6.339671 -9.337399 18.543249 -12.898438 -0.968938 5.731419 -12.195119
-27.302765 -9.786379 -0.088866 11.429976 8.489822 -15.369592 -11.847549 10.435990 -16.991095 7.700256 7.320517 -0.176794 -4.999893 6.882576 2.030181 -8.607079 8.056028 5.139975 -1.259037 0.949311 -14.751790 -20.095604 -3.780237 -4.808701 -9.516415 16.710817 -13.949328 -3.248701 6.123989 -13.235707
-28.670881 -10.415928 1.082633 9.403591 9.801038 -13.257777 -11.484998 10.028227 -17.619230 4.045180 8.272448 -0.568479 -3.455517 7.652796 2.187311 -8.383991 7.123047 6.491388 -1.599158 0.489449 -13.832453 -22.022833 -4.514573 -4.023435 -9.963005 13.309836 -15.443795 -5.346650 6.094905 -12.636846
-31.714298 -9.737312 3.335992 7.979912 12.227522 -10.613248 -7.348584 7.802169 -18.319124 1.922742 8.411536 -1.633975 -1.630217 8.418917 3.382382 -8.512498 6.420727 7.671487 -1.765470 -0.178721 -13.598348 -24.801741 -5.689667 -2.551679 -9.195572 10.350088 -16.420296 -8.304011 5.692153 -10.505771
-33.738056 -8.432732 5.109643 6.316775 13.713282 -9.486592 -4.770663 6.720288 -19.166868 1.604331 8.521922 -1.788607 -1.081773 8.696708 4.151417 -8.348995 5.752972 7.679260 -1.861315 -1.116959 -14.648819 -26.862392 -6.573061 -1.057485 -7.860252 8.951561 -16.987478 -10.399011 5.454942 -8.856752
-34.228497 -8.688353 6.022440 6.135644 12.889267 -8.727742 -4.250138 6.865711 -19.463270 2.645215 8.289475 -2.329259 -1.090925 8.720356 4.584929 -8.500929 6.055182 7.545448 -1.790158 -1.154693 -14.482023 -27.271763 -6.681516 -0.235599 -7.421380 9.538112 -16.564119 -9.948688 6.173760 -8.484862
-32.863808 -8.799814 6.909786 6.124772 11.098751 -7.753201 -4.006403 8.650083 -19.732792 5.194615 7.752110 -2.923343 -0.716289 8.396089 5.008833 -8.551766 6.735273 7.092926 -1.551009 -0.749353 -14.031133 -27.528488 -6.457763 1.404789 -7.704942 10.224816 -16.076725 -8.978108 8.380501 -8.237876
-31.569555 -9.782816 8.489461 6.012555 9.364712 -6.948440 -3.872949 10.715700 -20.149553 6.392708 7.615993 -3.698828 -0.612143 8.099638 5.079415 -8.532990 7.187007 6.684328 -1.234377 -0.523405 -13.035851 -26.923279 -6.261305 3.302162 -8.136532 10.474640 -15.953038 -8.307193 10.075712 -8.172555
-31.873329 -9.951891 8.339597 6.226594 9.431973 -7.008435 -3.951452 10.577899 -20.152098 6.301629 7.737912 -3.658366 -0.581215 8.119602 5.025944 -8.553020 7.111904 6.758701 -1.189212 -0.579630 -13.210528 -26.989374 -6.227995 3.115185 -8.065762 10.406307 -16.111410 -8.612233 9.946388 -8.154860
-31.686462 -9.669775 7.890079 6.123500 9.685297 -7.152612 -3.979200 10.258075 -19.899349 5.956697 7.732520 -3.505907 -0.598518 8.258440 5.102937 -8.499333 7.093507 6.825777 -1.265797 -0.619506 -13.194345 -27.075871 -6.366629 2.865821 -7.994234 10.430222 -16.158960 -8.296735 9.729748 -8.147789
-27.874565 -17.442875 0.996908 1.233446 13.871583 -13.076206 -4.713569 11.205229 -20.712236 -6.154904 9.462350 -2.462050 0.443809 8.727903 -0.140286 -9.823420 2.213094 5.019250 -5.042308 3.453815 -6.062686 -29.621695 -4.480694 -14.034115 -14.462508 -3.713488 -13.250047 -4.338792 0.430495 -6.585176
-26.904181 -18.972572 -1.234686 0.429562 14.247871 -12.937111 -5.405712 11.645366 -20.750032 -7.992428 10.717379 0.460067 2.092141 8.230831 0.403546 -8.202750 3.496466 2.359931 -4.399103 3.682126 -5.180439 -28.918528 -5.750095 -8.163960 -8.634567 0.743424 -15.000096 -0.545312 -4.423296 -8.486501
-27.263329 -18.884079 0.781157 0.958672 13.879262 -12.932796 -4.341300 11.725951 -20.703350 -8.014093 10.800043 0.964211 2.267212 8.019608 0.589539 -7.888057 4.686826 1.924241 -4.233286 3.370418 -4.300575 -28.667307 -5.751947 -6.523288 -7.845253 2.710432 -15.438042 0.427690 -3.467776 -8.740586
-26.752625 -21.555912 1.860596 1.785501 13.052266 -13.823116 -3.262689 14.028411 -21.515682 -7.210484 10.558511 0.307177 1.910628 8.207029 0.411467 -8.043956 5.056136 1.548083 -4.574936 4.397852 -2.915549 -28.445591 -6.198356 -7.061900 -8.434296 2.389747 -15.656705 2.014817 -1.947263 -9.369768
-25.812599 -23.246363 2.962091 2.403081 11.898115 -14.009106 -2.392728 16.443920 -21.664436 -5.521986 10.121541 -0.466696 1.784685 7.950525 0.341730 -8.302724 5.515309 1.140194 -4.633904 5.103606 -1.244810 -28.522200 -5.481009 -6.534339 -9.899876 2.246292 -15.689346 4.173718 0.506511 -9.631207
-24.176651 -24.402740 4.856445 3.362644 10.066951 -13.270562 -2.209108 19.053648 -21.529776 -4.185968 9.979346 -1.349712 1.258492 7.591341 0.280119 -8.288033 5.939219 1.394350 -4.423232 6.129522 0.188376 -28.332212 -4.848005 -5.689739 -11.298182 2.199968 -15.921693 5.516920 2.900820 -9.074825
-24.240370 -24.351263 4.640665 3.204465 10.206151 -13.086164 -2.130473 18.745007 -21.490658 -4.219815 10.036622 -1.218666 1.361609 7.587400 0.133783 -8.358088 5.787485 1.417791 -4.344783 5.905066 0.125095 -28.571241 -4.962718 -5.818600 -11.068834 2.049014 -15.602740 5.452147 2.674672 -8.922059
-24.451149 -24.130713 4.427371 3.053609 10.253349 -13.112504 -2.095213 18.258677 -21.483042 -4.364024 10.074100 -1.198836 1.498057 7.607845 0.217982 -8.315213 5.801713 1.350908 -4.345540 5.799685 0.003577 -28.564386 -5.098497 -6.054139 -10.777777 2.086867 -15.704686 5.433826 2.167137 -9.318048
-24.625799 -23.805805 4.045903 2.768566 10.608843 -13.228872 -2.315281 17.794924 -21.433748 -4.572299 10.049703 -1.121159 1.509558 7.629702 0.283825 -8.288276 5.622339 1.310974 -4.343515 5.648824 -0.210867 -28.568991 -5.318173 -6.204103 -10.563750 2.070313 -15.706492 5.310211 1.804363 -8.899978
-24.961697 -23.623875 3.695120 2.737540 11.044819 -13.397409 -2.400986 17.214434 -21.692854 -4.991652 10.103885 -1.114379 1.609286 7.728203 0.268825 -8.360383 5.606064 1.160827 -4.419740 5.459115 -0.457367 -28.524908 -5.698437 -6.164672 -10.306295 2.012455 -15.847447 5.103672 1.368962 -8.747448
-25.165779 -23.586920 3.389483 2.661561 11.403977 -13.487135 -2.340253 16.904844 -21.660212 -5.268930 10.002409 -0.799957 1.660251 7.757213 0.164723 -8.465114 5.549020 1.107681 -4.456676 5.296087 -0.794396 -28.470993 -5.510080 -6.378922 -10.239385 2.101013 -15.694810 4.968099 0.986371 -8.957009
-25.534176 -23.526264 3.116337 2.511272 11.675557 -13.418984 -2.440624 16.661795 -21.517046 -5.313025 10.031953 -0.690502 1.761684 7.829836 0.256895 -8.425334 5.512100 1.036960 -4.524013 5.218047 -0.968243 -28.563963 -5.434728 -6.388181 -10.044638 2.259397 -15.553069 4.647798 0.676134 -9.490662
-25.548683 -23.419128 3.050892 2.457604 11.644026 -13.562718 -2.484421 16.584290 -21.623953 -5.415068 10.052630 -0.662316 1.813693 7.911324 0.348346 -8.414998 5.455172 1.086607 -4.550338 5.162430 -1.149961 -28.478155 -5.613463 -6.508865 -9.855955 2.173068 -15.520083 4.503360 0.340457 -9.509403
-24.419088 -24.361280 4.461802 3.036193 10.172680 -13.186379 -2.148561 18.544815 -21.553713 -4.215729 10.034391 -1.193338 1.471128 7.631902 0.220543 -8.304484 5.780357 1.335855 -4.402378 5.890489 0.114151 -28.513914 -5.025054 -5.821972 -10.984468 2.028675 -15.754448 5.520884 2.485840 -9.259007
-24.452147 -24.151150 4.064580 2.856174 10.462861 -13.260543 -2.190903 18.164408 -21.556223 -4.346961 10.037208 -1.079227 1.494932 7.661388 0.276188 -8.308314 5.656016 1.322123 -4.292654 5.698914 -0.108172 -28.726770 -5.251639 -6.098439 -10.620755 2.119920 -15.751653 5.291291 2.038880 -9.055295
-24.758804 -23.756561 3.914829 2.637020 10.832260 -13.141850 -2.321430 17.572042 -21.481607 -4.895314 10.122873 -1.058697 1.574181 7.686526 0.262298 -8.332827 5.624721 1.244024 -4.376123 5.381772 -0.478597 -28.654779 -5.555833 -6.163341 -10.341106 2.064202 -15.764319 5.232342 1.393532 -8.767775
-25.065529 -23.628260 3.463759 2.765041 11.237856 -13.349010 -2.501256 17.013176 -21.655104 -5.192763 10.100621 -0.944377 1.560221 7.755911 0.257117 -8.320396 5.611627 1.078620 -4.495308 5.271924 -0.643987 -28.422235 -5.474981 -6.187429 -10.215946 2.137699 -15.696355 5.085221 1.114870 -8.899839
-25.500149 -23.393637 3.005981 2.561390 11.743471 -13.628240 -2.436234 16.644896 -21.557669 -5.112030 10.055036 -0.663526 1.749736 7.822103 0.250805 -8.427087 5.502685 1.030620 -4.455347 5.176696 -0.994134 -28.494356 -5.453288 -6.333902 -9.973096 2.316357 -15.548805 4.667311 0.701905 -9.463359
-24.602951 -23.904400 4.096300 2.910548 10.483030 -13.159282 -2.234130 17.944786 -21.490580 -4.394462 10.075536 -1.063662 1.497295 7.648690 0.277497 -8.263810 5.679900 1.331255 -4.321644 5.673603 -0.041181 -28.637203 -5.219179 -6.072798 -10.609291 2.132561 -15.723350 5.284101 2.012656 -9.259527
-24.930061 -23.687567 3.665563 3.001089 11.199669 -13.276922 -2.346080 17.299742 -21.680899 -5.119096 10.174322 -1.089487 1.676741 7.680575 0.286711 -8.198847 5.555281 1.163005 -4.533175 5.446876 -0.338326 -28.276747 -5.381537 -6.143504 -10.380440 2.098013 -15.830255 4.913931 1.303810 -9.340927
-25.441999 -23.456455 3.129176 2.610409 11.681925 -13.405492 -2.483860 16.705145 -21.499445 -5.238045 10.090325 -0.801173 1.762976 7.791655 0.282425 -8.355263 5.442833 1.001515 -4.542669 5.285224 -0.723607 -28.361107 -5.342245 -6.419477 -10.197119 2.214111 -15.687880 4.492708 0.802423 -9.953691
-25.548004 -23.343353 2.952091 2.601622 11.707928 -13.643360 -2.607505 16.477198 -21.553911 -5.525886 10.143037 -0.637838 1.823087 7.918606 0.413344 -8.269422 5.435221 1.102574 -4.633614 5.210165 -0.983964 -28.311836 -5.457889 -6.541942 -10.023667 2.157231 -15.621077 4.253615 0.484924 -10.030191
-25.554077 -23.295940 2.817031 2.554077 11.807102 -13.404044 -2.567268 16.424564 -21.547701 -5.608559 10.166928 -0.586313 1.753847 7.848458 0.357506 -8.280171 5.331589 1.056042 -4.593097 5.113456 -1.193694 -28.369534 -5.493058 -6.723447 -9.848738 2.111290 -15.501868 4.017971 0.080146 -10.015460
