-5.427182 23.785675 -17.849646 10.010648 -3.953165 0.621888 9.608951 10.865911 17.789057 4.773848 2.633082 2.567258 3.539798 -9.480528 -3.030551 -4.614096 -4.210622 8.617271 -3.157971 -6.865311 4.027602 6.409582 7.439726 1.781215 2.081415 23.567259 -0.863319 -23.920019 -4.394921 20.023252
-5.419854 23.790833 -17.854237 10.045935 -3.929651 0.626441 9.650621 10.871427 17.773325 4.719174 2.651352 2.521593 3.519231 -9.511568 -3.162199 -4.636262 -4.291885 8.649644 -3.267427 -6.705973 3.919566 6.410515 7.420096 1.775882 2.065720 23.616869 -0.932344 -23.905375 -4.397769 20.030960
-5.948684 21.701788 -17.721031 7.407576 -5.562622 1.905210 8.684818 10.867938 18.094250 3.149796 3.307496 3.213089 4.509666 -8.661752 -2.662792 -4.512036 -4.365212 7.956285 -3.158772 -6.392787 5.276742 5.639489 6.993948 2.298776 3.682468 22.707666 0.419976 -22.496096 -6.533928 19.566641
-5.400029 22.654545 -17.567568 8.733229 -5.315296 2.061045 9.292054 11.033170 17.815569 3.583610 3.097542 2.838797 3.891949 -9.022671 -2.883718 -4.484888 -4.502381 8.336817 -3.324441 -6.542614 4.870481 6.632403 7.330525 1.873165 3.291215 23.434553 -0.515553 -23.315514 -5.784870 19.829199
-5.107296 21.879379 -17.248846 7.201116 -6.611253 4.048322 9.706025 10.865186 17.609568 2.337413 3.411156 3.173081 4.193568 -8.589048 -2.625319 -4.303147 -4.809452 8.129256 -3.424092 -6.314521 5.856689 7.415640 7.224835 3.032412 4.125543 23.189863 -0.870184 -22.300505 -7.427479 19.275391
-4.815269 20.933920 -16.985903 6.143607 -8.111485 5.771163 9.999099 11.032554 17.359978 1.256092 3.761710 3.443399 4.489090 -8.031217 -2.156189 -4.140273 -5.079667 7.990079 -3.458728 -6.079238 6.297492 7.786833 7.226509 3.155546 4.385849 22.813631 -0.680376 -21.624498 -8.429024 19.071465
-4.939455 20.123135 -16.820345 5.710397 -8.684400 7.046811 10.398292 11.096269 17.230801 0.496252 4.043555 3.975291 4.689946 -7.731080 -1.826011 -3.761682 -5.346838 8.109383 -3.465537 -5.716209 6.947585 8.817755 7.310385 3.762119 4.950843 22.811514 -1.308008 -21.158932 -9.552294 18.227558
-4.797466 19.691669 -16.750013 5.173658 -9.280821 7.854705 11.223948 10.923937 16.723448 -0.099871 4.322289 4.475368 4.654862 -7.386255 -1.480220 -3.471070 -5.700141 8.420197 -3.480339 -5.416802 7.349581 9.728499 7.340726 3.987490 5.199697 22.717388 -1.787657 -20.692163 -10.574158 17.535496
-4.404645 18.941593 -16.821331 5.496572 -9.896507 9.143063 12.102583 10.887218 16.831522 -0.829781 4.479873 4.606662 4.628931 -7.232340 -1.419752 -3.392130 -5.963210 8.469539 -3.567537 -5.208691 8.247043 9.771961 7.377970 4.932151 5.863616 22.496321 -2.123550 -20.108116 -11.425097 17.340008
-3.959661 18.415108 -17.094248 6.427208 -9.663675 9.876542 13.155450 10.742425 16.992887 -1.336467 4.569013 4.924010 4.335603 -7.126309 -1.467625 -3.360338 -6.319823 8.663235 -3.571119 -5.082027 8.455462 9.869386 7.393020 5.328601 6.423813 22.289248 -2.093013 -19.663874 -12.230919 17.095396
-3.373204 17.471741 -17.624477 7.295345 -9.699548 10.938537 13.672985 10.647437 17.403913 -1.902570 4.621061 4.782667 4.186960 -6.868108 -1.904003 -3.899281 -6.810095 8.330587 -3.694302 -5.004991 9.248218 9.138983 7.399403 6.008049 7.238936 21.949141 -1.513953 -18.674885 -13.010715 17.368429
-3.382052 16.410496 -18.612110 8.467980 -8.931858 10.446913 13.991534 10.235375 18.340940 -2.014621 4.612039 4.423841 4.124065 -6.737786 -2.346258 -4.439396 -7.197149 7.890579 -3.837998 -4.885308 9.730716 8.179955 7.084862 6.902352 8.010345 21.463369 -0.958289 -18.176155 -13.454872 17.922134
-3.398293 15.519582 -19.324240 9.290915 -8.324608 10.376266 13.792960 9.938011 18.985218 -2.041218 4.575525 3.957432 4.255302 -6.834030 -2.975929 -4.954058 -7.540202 7.450754 -4.035415 -4.584673 10.057421 7.177481 6.958128 7.603796 8.579479 21.384745 -0.010096 -17.618433 -13.528258 18.606045
-3.232531 14.158572 -20.118284 10.377906 -7.289649 9.818604 13.611946 9.957306 19.926863 -2.355452 4.484538 3.449816 4.451678 -6.922956 -3.550183 -5.332700 -7.613967 6.930736 -4.279722 -4.469750 10.662751 5.992119 6.786181 8.112466 9.193018 21.295134 1.081281 -16.582296 -13.759689 19.268000
-3.433866 13.803456 -20.538116 10.526308 -5.879596 8.336206 12.785016 10.121709 20.571871 -2.234876 4.496261 3.010872 4.933967 -7.057470 -3.991489 -5.500979 -7.645362 6.470610 -4.586081 -4.119860 11.264994 5.069045 6.799735 8.282769 9.914792 21.311314 2.279440 -15.394536 -14.209059 19.332855
-3.571109 13.558254 -20.742479 10.420712 -5.037560 7.027517 11.829512 10.614419 21.147522 -2.077903 4.461380 2.381185 5.602574 -7.064812 -4.077853 -5.706392 -7.559249 6.212817 -4.764765 -3.767662 11.365802 4.471366 6.571296 8.599622 10.687946 21.576548 3.342154 -14.421773 -14.757732 19.442980
-4.092033 13.976961 -20.922224 9.813076 -3.958289 5.346039 11.044281 10.777318 21.384411 -1.619896 4.406022 1.830344 6.346179 -7.152708 -4.033321 -5.619515 -7.356954 6.228538 -4.999457 -3.305954 11.307660 4.149554 6.580842 8.714770 11.266397 22.096258 4.231741 -13.682497 -15.285994 19.155430
-4.540194 14.097799 -21.354860 9.391518 -3.815455 4.484511 10.223216 11.046069 21.535519 -1.181647 4.326283 1.398015 6.874063 -7.221871 -3.841392 -5.590359 -7.046443 6.324474 -5.035803 -3.054542 11.383756 3.583513 6.652814 8.934306 11.925710 22.359571 4.786526 -12.994495 -15.679703 18.973686
-5.373695 14.367867 -21.392784 8.879897 -2.881744 3.309071 9.733068 11.111168 21.602726 -0.927217 4.131099 1.280707 7.739096 -7.318295 -3.742345 -5.578240 -6.637452 6.851667 -4.917674 -2.272849 11.114384 2.625159 6.575315 9.152107 12.698467 22.466043 5.811047 -12.555791 -16.195803 18.544184
-5.909812 14.856449 -21.213318 8.952815 -1.881133 2.303456 9.795512 11.104303 21.682898 -0.616814 3.953229 0.956423 7.983215 -7.501563 -3.562015 -5.571768 -6.460864 7.189640 -4.875350 -2.037330 10.531064 1.367688 6.622432 8.910509 13.239491 22.307367 6.650312 -12.580886 -16.353241 18.251858
-6.059227 14.617897 -21.064365 8.569958 -1.457645 1.943129 9.504569 11.104655 21.641096 -0.707154 4.052763 0.801947 7.960342 -7.547338 -3.415931 -5.368501 -6.384212 7.207512 -4.969701 -1.850223 10.578813 0.819460 6.789028 8.992323 13.515566 22.335794 6.797048 -12.393024 -16.482391 18.126064
-6.024326 14.742338 -20.933062 8.538633 -1.484444 2.213133 9.317142 11.181747 21.231461 -0.594474 4.003894 0.775537 7.911538 -7.633007 -3.366017 -5.348725 -6.335902 7.325314 -4.969937 -1.751592 10.636306 0.676767 6.688640 9.123013 13.666365 22.312693 6.849356 -12.337070 -16.454302 18.067001
-5.689754 8.991867 -21.197554 3.120925 -10.140245 10.567319 4.719454 12.492564 20.426649 -3.954149 4.602028 2.127299 6.834630 -6.005132 -2.727695 -6.263316 -7.230252 5.486384 -3.289027 -2.774061 15.620544 1.748755 6.864165 5.373517 8.150845 14.355760 6.072736 -12.948323 -16.638784 18.308811
-5.318693 5.685110 -21.987711 2.790989 -8.283879 11.300502 8.200130 11.635770 19.406170 -5.977235 5.367526 3.286214 6.887679 -5.487212 -2.248090 -5.727986 -7.654483 4.743469 -3.013385 -1.384013 18.371611 0.980636 6.476909 6.973574 8.777698 12.231627 5.361132 -12.521201 -18.005619 15.939189
-4.448787 2.297220 -23.145384 1.365935 -6.005632 11.657380 7.320635 11.677356 18.654341 -8.095661 5.746141 4.146051 6.873387 -4.586566 -1.855496 -5.550714 -8.041832 4.875606 -3.003549 -0.631563 20.089964 0.089783 7.053934 7.273923 10.051004 10.381512 7.226639 -11.220072 -20.416136 14.463738
-9.900859 -1.955846 -16.033741 0.793850 0.922765 19.001566 8.434114 10.530345 19.573301 -9.355972 8.230724 5.417921 4.969191 -3.722854 -3.290473 -4.787956 -4.875328 1.456775 -4.516973 3.218892 13.473380 -1.757694 3.721339 12.469276 3.883598 5.921710 -1.367712 -3.627224 -24.285587 12.610988
-11.048623 -4.156860 -15.117081 -1.262056 4.252916 19.576290 7.375256 9.616174 18.812220 -9.775354 9.052840 5.228354 4.254865 -3.062295 -3.209859 -4.752292 -4.816614 0.630543 -4.433498 3.973521 12.154502 -2.923746 4.085042 12.878325 3.541039 4.245233 -3.190005 -2.462404 -26.206793 9.287608
-14.244606 -5.938477 -13.138007 -1.872302 7.449203 23.321751 8.072981 7.417542 18.606192 -8.176661 10.359590 6.146753 2.065311 -2.592217 -2.660224 -3.625506 -3.822971 -0.010170 -4.170033 4.515266 8.330655 -5.264233 1.656150 12.262412 3.857255 2.635259 -5.077321 -1.103128 -28.404799 8.881319
-14.239158 -6.594868 -16.192852 -2.343270 8.510389 19.268263 8.496897 6.307732 19.056574 -8.244833 9.842381 5.830455 1.889228 -1.797008 -2.566246 -5.105706 -5.548600 0.368864 -3.967943 4.047993 7.690361 -4.563478 1.063464 10.786119 4.960544 3.898102 -1.398151 -0.283167 -29.851885 6.459408
-14.327344 -5.348796 -17.980726 -3.118562 11.116485 16.543917 10.747855 4.116637 18.371246 -7.782897 9.602491 6.206278 1.872956 -1.446768 -2.609830 -5.603882 -6.766871 1.180130 -3.641171 4.307936 6.698713 -6.093604 2.460744 10.237653 6.822831 5.228609 0.753122 -0.679111 -30.488667 3.518851
-12.269334 -2.940830 -21.789633 -2.803883 11.545910 11.157221 13.159120 2.327108 18.037262 -6.995752 8.543115 7.040984 1.757564 -1.281886 -3.182689 -6.441112 -8.746483 3.134552 -3.341497 3.186105 6.006188 -5.379057 4.268773 7.218386 8.939994 8.520220 4.979083 -1.141142 -30.483400 3.123929
-9.281796 0.000545 -25.443056 -2.345010 10.532317 6.440072 13.611204 1.959007 16.550747 -6.309907 7.491151 6.213094 1.854476 -1.817872 -3.122197 -7.017611 -10.885118 5.891030 -2.898564 2.018557 8.185307 -4.878025 6.362572 4.482368 11.271544 11.415289 10.105953 -3.271054 -29.125673 3.110520
-10.686507 -0.450133 -24.769396 -2.618331 11.115812 6.646661 14.007506 1.525458 17.098347 -6.480583 7.534873 6.051067 1.794870 -1.483670 -3.024554 -7.117528 -10.528406 5.578424 -3.040403 2.150989 7.405536 -4.872482 5.572425 5.053014 10.792566 10.714133 9.490101 -2.553699 -29.561514 3.247448
-10.033515 -0.245481 -25.077765 -2.468992 10.876125 6.614653 13.846923 1.732203 16.960287 -6.256434 7.534606 6.133865 1.899514 -1.551771 -3.131785 -7.022862 -10.557018 5.589095 -3.081388 2.139690 7.694774 -4.782171 5.892973 4.553381 11.293627 11.258146 9.456647 -2.784508 -29.605032 3.138466
-10.478484 -0.601412 -24.767023 -2.293869 10.928701 6.868319 14.038844 1.604074 17.243933 -6.570288 7.537752 6.143902 1.833562 -1.605402 -3.100741 -7.079461 -10.534130 5.489630 -3.010399 2.215040 7.459836 -4.925726 5.676740 5.059002 10.809786 10.798990 9.297734 -2.576015 -29.504883 3.336761
-11.007278 -1.047959 -24.620249 -2.253361 11.051491 7.371572 13.931849 1.581082 17.254656 -6.716694 7.602567 6.448748 1.845318 -1.540195 -3.184142 -7.076413 -10.279165 5.063636 -3.091232 2.499749 7.248356 -4.970182 5.129966 5.068975 10.537457 10.345835 8.840334 -2.483330 -29.634604 3.172036
-10.858165 -0.695100 -24.599127 -2.252572 11.254709 7.486545 14.184807 1.252162 16.603285 -6.416274 7.746663 6.856901 1.542430 -1.543113 -3.276898 -6.929234 -10.341700 5.232752 -2.825714 2.651976 6.812676 -5.368200 5.641350 5.145341 10.793645 10.501096 8.588592 -2.467018 -29.763842 3.157661
-9.247528 0.407344 -26.593084 -2.896050 10.141863 5.421512 14.024686 1.760155 16.274801 -5.814666 7.105059 5.769458 2.155338 -1.405871 -2.719350 -7.335149 -11.214115 6.494089 -2.954018 1.474858 7.958553 -5.123257 6.319534 4.637576 11.597388 11.362028 11.522455 -3.601923 -28.820452 3.267391
-9.266225 0.434949 -26.511034 -2.838493 10.135954 5.306139 13.864590 1.777854 16.513464 -5.830056 7.046095 5.665068 2.130495 -1.425662 -2.630952 -7.356574 -11.170401 6.464707 -2.970027 1.474930 7.891973 -4.918425 6.410964 4.555373 11.493210 11.416985 11.080575 -3.746228 -28.851471 3.221078
-9.040309 0.256215 -26.085617 -2.527363 10.609141 5.831944 13.584102 1.916780 16.463818 -6.195149 7.174524 5.562716 2.061976 -1.642321 -2.739917 -7.191502 -11.138996 6.144243 -3.058506 1.671623 8.269788 -4.805188 6.433967 4.390440 11.443343 11.390459 10.298555 -3.356899 -29.270248 2.991405
-10.672802 -0.484539 -24.876974 -2.171682 10.664865 7.038934 14.240829 1.511352 17.411566 -6.613971 7.681623 6.291156 1.915799 -1.683654 -3.193782 -6.976976 -10.456383 5.319736 -2.985831 2.334529 7.558676 -4.848073 5.810284 4.917126 10.701693 10.882639 9.201583 -2.360478 -29.663336 3.243656
-10.947204 -0.832999 -24.276972 -1.909534 10.736780 7.815423 14.681205 1.364460 17.627106 -6.327033 7.981476 7.281075 1.321524 -1.540934 -3.172469 -6.609977 -9.976768 5.073643 -2.513628 2.150406 6.976565 -5.434625 6.023953 4.400153 10.846073 10.937976 8.611579 -2.129421 -30.017614 3.497446
-9.525540 -1.992840 -25.050335 -3.228055 4.700725 5.414854 8.788196 6.063802 19.674253 -7.623109 7.071854 3.573334 4.736410 -1.435021 -3.220032 -8.012594 -10.072430 4.594022 -4.066887 1.274592 11.025861 -3.145699 4.314706 4.750100 11.134592 9.569994 10.205846 -5.624762 -27.621304 8.726340
-8.960912 -1.416805 -24.986660 -4.624275 7.844372 5.937167 6.356675 5.208772 16.732656 -6.917280 7.299245 2.749820 4.137355 -1.081807 -2.428466 -7.778978 -10.275410 4.344544 -4.340294 1.471626 9.810073 -2.354502 4.235711 6.319609 9.643093 8.680172 10.117749 -5.422229 -27.756458 5.337187
-7.090148 0.503649 -27.279722 -6.751521 8.312273 1.404146 3.641797 5.026907 14.967541 -6.301745 7.049367 1.793261 3.434092 -0.631814 -1.671868 -8.066717 -11.141233 5.296987 -4.147460 0.152577 8.781593 -1.195731 4.913933 5.900360 10.205229 8.949562 14.387068 -7.902061 -26.575804 3.352115
-6.336452 1.766369 -28.254900 -7.124961 9.586789 1.385294 3.403381 4.183999 14.148488 -5.901921 7.294719 1.739827 2.740950 -0.288767 -1.145900 -7.939954 -11.512753 5.628243 -4.383969 -0.750948 5.912391 -1.874431 4.261898 4.408185 9.465002 8.816503 15.840595 -8.831895 -26.341539 2.442256
-4.812718 4.414454 -29.422701 -8.513669 10.605782 -0.664106 2.213900 3.933598 11.897922 -4.756771 7.034158 1.201181 2.336555 0.053095 -0.232528 -7.491914 -12.255161 7.107103 -4.743956 -2.135718 6.062970 -2.930130 3.507985 0.223261 11.734435 10.244814 18.838865 -11.879666 -25.990023 2.422825
-4.533449 5.958693 -29.145340 -9.870449 11.366529 -1.249996 -0.174088 3.889368 10.187951 -4.301921 7.016649 0.507333 1.944209 0.324027 0.770439 -6.736495 -11.764565 8.119699 -5.255293 -2.362439 5.556780 -4.113304 2.559464 -0.460127 12.650786 10.807837 20.111078 -14.011177 -24.705435 1.996968
-5.391731 7.456271 -28.155151 -11.946542 12.107824 -1.242186 -2.480008 4.740409 8.367614 -3.764730 7.109368 -0.577962 2.146692 0.624953 2.426560 -5.638548 -10.980013 9.453413 -6.074630 -2.157541 5.895281 -6.395400 1.360811 -0.168404 12.856490 9.820992 20.796877 -16.639795 -23.111683 2.480628
-6.047994 8.650211 -26.912977 -12.583929 12.271414 -0.648383 -3.734597 5.439213 6.138000 -3.636100 7.076899 -1.238642 2.856894 0.453044 3.247622 -4.741582 -10.318251 9.909838 -6.583915 -1.568205 6.930908 -7.754400 1.556309 1.562582 12.646391 9.508771 19.501616 -18.224600 -21.017197 1.795713
-7.118192 10.917466 -25.884426 -13.732653 12.157117 -1.124437 -4.341410 5.942440 4.874789 -3.044568 6.843401 -1.800423 3.986181 0.108282 3.734421 -4.114286 -9.670572 10.192028 -6.753131 -1.176055 7.986748 -7.818329 1.789553 3.514123 12.364151 10.055894 18.214025 -19.256451 -19.294464 1.326442
-7.429384 12.051878 -24.002651 -13.794647 10.354677 -1.095235 -4.525407 7.573550 4.041468 -3.000898 6.902352 -2.030562 4.890714 -0.164594 4.305748 -3.106391 -8.918409 10.847089 -7.060343 -0.944925 9.229125 -7.838151 1.401172 5.123009 11.756824 10.432371 17.185257 -19.734907 -17.089102 1.200372
-7.198765 11.685047 -22.456894 -13.710951 8.915108 0.097436 -4.747213 9.351001 3.803711 -3.412720 6.788907 -2.238799 6.347610 -0.243370 4.684139 -2.199253 -8.075308 11.307055 -7.589045 -0.722028 9.806092 -8.140781 0.678362 6.702375 11.531855 9.910959 16.504702 -21.564428 -14.935387 2.007277
-6.933506 12.655138 -21.550596 -13.586952 7.232851 1.745561 -4.570163 10.216273 2.633259 -3.452794 6.874950 -2.230905 7.274417 -0.686114 4.492817 -1.496925 -7.746239 11.160069 -7.877910 -0.182444 10.332002 -8.885763 -0.215672 8.619494 11.968351 9.221037 15.013474 -23.390081 -14.619101 2.430614
-7.274086 12.250528 -20.441429 -12.737381 5.788525 4.330012 -4.176197 11.313501 2.711812 -4.452234 6.968164 -2.556287 8.484076 -1.127979 4.413918 -0.830148 -7.144989 10.799153 -8.323716 0.884261 11.748248 -8.402984 -0.462664 10.018119 10.931279 7.880133 12.922499 -24.256433 -13.545410 3.372894
-7.137217 11.724111 -19.184374 -13.153669 4.491983 7.078949 -4.737539 11.635058 3.234581 -5.908252 7.087396 -3.340355 9.672812 -1.562036 4.048385 -0.673165 -6.787809 10.286681 -8.648931 2.103514 12.710893 -7.495787 -0.572902 13.301710 10.547053 7.200828 9.747397 -24.675005 -13.363649 3.978297
-7.324636 11.888235 -17.797571 -14.508230 2.223986 10.016841 -6.411804 10.834970 3.977890 -6.270854 7.121391 -4.305159 10.333405 -1.838517 3.608320 -1.040181 -6.292577 8.846622 -8.937071 2.427243 14.970464 -6.748659 0.041653 15.367902 10.415826 6.959755 6.603683 -24.891817 -12.409171 5.578630
-7.425639 11.636931 -16.949327 -14.480239 1.311741 10.658916 -7.110935 10.575211 4.351088 -6.667368 7.175042 -4.789408 11.058484 -1.881393 3.589464 -1.106537 -5.695424 8.152075 -9.064563 2.204731 16.718267 -6.342484 -0.019910 17.024153 10.159418 7.105735 5.134496 -24.786789 -11.517714 6.298223
-17.741802 3.839406 -5.510669 -12.692948 7.656784 23.457689 -8.308345 9.186250 16.208895 -3.236737 11.822849 1.820963 4.727972 -0.318894 2.353369 0.637985 1.930527 0.999686 -7.623704 1.484911 -1.485634 -5.236300 -7.745880 14.934855 -1.441046 -0.318000 -9.335677 -12.846402 -21.114389 5.381024
-18.652878 2.423979 -4.157362 -12.572490 7.918013 23.011667 -7.022994 9.556247 16.501165 -2.143727 12.015813 2.278571 3.799879 -0.217033 2.429987 0.106405 2.370768 1.015411 -6.813782 0.952304 -2.799772 -5.340603 -9.125266 14.238393 -1.667983 0.141286 -9.872277 -10.892095 -21.951258 5.897071
