-4.665617 27.509422 -9.576612 11.094877 1.009198 -12.457173 5.022394 5.031876 10.089875 -20.766914 3.240618 7.929797 4.825674 -9.188997 1.103862 -3.029294 -0.523072 5.224539 1.648812 -10.310567 4.260353 6.287421 7.484101 1.375446 2.524328 23.716707 -0.631821 -24.474443 -4.302971 20.060547
-4.662323 27.536240 -9.542496 11.198554 1.048351 -12.516322 4.995456 4.964294 9.938632 -21.083069 3.279053 7.972035 4.815686 -9.185796 1.076367 -2.997207 -0.541011 5.226530 1.649481 -10.294795 4.583109 6.299379 7.472798 0.965511 2.989202 23.922258 -0.578085 -24.770868 -4.352744 20.178329
-11.253161 12.913353 1.251805 21.743700 7.735862 -16.692572 15.325703 10.870709 5.495847 -25.845325 4.494593 9.499723 2.578230 -12.407478 -5.821055 -2.237707 2.464767 0.220973 3.915894 -3.710466 8.127753 4.222230 1.649454 -9.244731 3.343600 28.764088 -17.200155 -13.749959 -6.741287 9.717367
-11.272262 11.763567 2.249490 22.465643 7.679516 -17.236048 14.284092 10.372136 6.301149 -27.385395 4.707857 10.074545 3.494968 -12.647223 -6.290864 -1.691166 2.646740 -0.479516 3.414695 -2.861763 8.335225 5.773631 1.700051 -10.772754 3.709359 29.141188 -16.664949 -11.287869 -9.172246 10.222669
-12.537254 11.571529 3.371426 23.344545 8.831502 -15.873160 12.624999 9.670845 8.902032 -26.647787 5.341082 10.657448 3.242186 -12.005100 -7.152798 -1.674389 3.191731 -1.347193 2.471293 -3.156700 8.671102 8.119376 1.148493 -12.075669 3.845641 29.893816 -15.992967 -7.861750 -11.154058 12.512578
-13.291695 11.953957 4.155269 23.834402 9.633285 -15.410245 11.712145 9.352925 10.033519 -25.895245 5.405128 10.918684 2.880256 -11.809625 -7.556982 -1.628127 3.769488 -1.686817 2.119636 -3.121101 8.298652 9.015722 0.261219 -12.733121 3.698082 30.488836 -16.784916 -5.522123 -11.849966 14.614246
-13.701867 12.036206 4.614098 23.955740 9.901375 -15.243188 11.181954 9.084285 10.474898 -25.597776 5.431904 11.037218 2.698188 -11.774998 -7.748263 -1.511476 4.131417 -1.831668 1.977377 -3.037394 8.041495 8.835475 -0.106449 -12.783166 3.660039 30.474661 -17.186260 -5.165087 -11.570436 15.460922
-13.797596 12.130426 4.627753 24.132114 10.149701 -15.159215 11.306515 8.934750 10.635334 -25.531061 5.426768 11.040291 2.693041 -11.790682 -7.777028 -1.502750 4.163290 -1.812738 1.978126 -3.023043 8.061564 8.899044 -0.129287 -12.881516 3.718986 30.581678 -17.237114 -5.031651 -11.625153 15.361573
-13.833594 12.114710 4.589939 24.158884 10.175455 -15.176158 11.165761 8.870839 10.679040 -25.553717 5.422427 11.063187 2.667057 -11.760753 -7.815716 -1.493053 4.223573 -1.862266 1.939633 -3.006422 8.003023 8.834990 -0.245381 -12.893506 3.759447 30.528425 -17.301802 -4.924253 -11.639862 15.580080
-13.899284 12.157387 4.625055 24.201029 10.228503 -15.151136 11.179807 8.762332 10.741755 -25.546713 5.423097 11.080217 2.655941 -11.761610 -7.811579 -1.480561 4.233071 -1.860112 1.933761 -2.996906 8.003959 8.830554 -0.252598 -12.890279 3.745615 30.541544 -17.310955 -4.906032 -11.601889 15.646503
-13.919464 12.159378 4.631306 24.180574 10.217114 -15.149529 11.148292 8.738393 10.749087 -25.535940 5.424155 11.074830 2.661385 -11.758947 -7.811163 -1.479314 4.232596 -1.852716 1.928683 -3.006600 8.012287 8.839672 -0.253140 -12.879941 3.752493 30.512987 -17.301643 -4.914665 -11.637467 15.628457
-13.885909 12.172237 4.618687 24.170895 10.173787 -15.158411 11.141768 8.774516 10.726289 -25.534616 5.425405 11.082331 2.652865 -11.753890 -7.819096 -1.490173 4.222537 -1.860987 1.931610 -3.017052 8.024636 8.858555 -0.255336 -12.897072 3.763528 30.509203 -17.289877 -4.891355 -11.664307 15.622270
-13.852564 12.160533 4.601282 24.165609 10.159246 -15.186089 11.185998 8.829274 10.687230 -25.535894 5.426722 11.076870 2.655084 -11.759813 -7.818295 -1.493448 4.212380 -1.866191 1.941095 -3.018599 7.985772 8.799592 -0.254262 -12.893287 3.736852 30.499071 -17.271496 -4.923047 -11.624043 15.598014
-13.897931 12.162235 4.603174 24.155706 10.183367 -15.174468 11.178847 8.791080 10.696704 -25.539591 5.428501 11.071831 2.640868 -11.752407 -7.829553 -1.502622 4.209214 -1.864231 1.922317 -3.017208 8.012207 8.835637 -0.241605 -12.907720 3.743803 30.506823 -17.280445 -4.922459 -11.663430 15.583364
-13.865500 12.158552 4.601620 24.156076 10.166069 -15.195394 11.177963 8.825927 10.685160 -25.538700 5.430597 11.084650 2.651683 -11.757269 -7.813564 -1.492308 4.208930 -1.867181 1.945144 -3.022027 7.982562 8.786298 -0.243266 -12.908954 3.745218 30.516922 -17.252266 -4.925811 -11.636331 15.601916
-13.872303 12.159777 4.599023 24.185667 10.179558 -15.174560 11.177403 8.836962 10.692307 -25.504091 5.438856 11.085687 2.662679 -11.769213 -7.809845 -1.465850 4.227917 -1.864488 1.936922 -2.993626 8.016639 8.857246 -0.231733 -12.947694 3.811747 30.587145 -17.276869 -4.884199 -11.698986 15.606586
-13.873254 12.126919 4.618906 24.217890 10.156439 -15.081697 11.174400 8.892899 10.753394 -25.510889 5.431311 11.069578 2.648565 -11.760585 -7.808556 -1.495147 4.231393 -1.873666 1.951578 -3.011646 8.054933 8.936947 -0.211734 -12.978320 3.761297 30.591280 -17.276030 -4.862500 -11.705273 15.686168
-13.892888 12.156033 4.617584 24.177887 10.172406 -15.079301 11.157973 8.856250 10.756101 -25.495035 5.432500 11.079865 2.660962 -11.758751 -7.802934 -1.477035 4.209572 -1.858504 1.948624 -3.008631 8.048668 8.962313 -0.225086 -12.950316 3.820415 30.593969 -17.297613 -4.860158 -11.774507 15.633334
-13.894037 12.136895 4.637050 24.196192 10.176321 -15.065106 11.187839 8.894425 10.757804 -25.494917 5.433219 11.081714 2.656631 -11.764670 -7.804052 -1.479075 4.204576 -1.860589 1.952034 -3.007004 8.012472 8.899754 -0.251597 -12.937810 3.800600 30.557508 -17.303629 -4.880352 -11.747557 15.646031
-13.911427 12.141548 4.639198 24.188530 10.181715 -15.066681 11.166854 8.869656 10.768847 -25.492495 5.431541 11.076273 2.668312 -11.764789 -7.802162 -1.475192 4.207940 -1.859839 1.952649 -3.006473 8.022754 8.905081 -0.246697 -12.932862 3.800337 30.559385 -17.302979 -4.876142 -11.744978 15.642423
-13.876444 12.140011 4.619852 24.188169 10.122364 -15.067050 11.136309 8.905089 10.760638 -25.503645 5.426777 11.069479 2.662539 -11.761140 -7.798052 -1.484344 4.218987 -1.861880 1.958524 -3.021206 8.058833 8.946432 -0.220104 -12.945472 3.776555 30.573626 -17.301689 -4.866694 -11.737266 15.670650
-12.729897 -8.813616 0.173910 14.625086 1.318326 6.067110 9.350516 16.265261 15.772654 -30.114204 9.230864 11.363569 6.575902 -7.942866 -5.519767 -0.710564 1.042837 -5.372313 0.624250 2.943730 19.101097 6.972099 1.859539 -1.277740 3.868883 18.798555 -14.298996 9.666844 -24.988323 9.819657
-12.984363 -15.220361 -1.395643 6.656445 2.484598 16.151255 11.498137 18.211767 12.280334 -29.115402 10.217990 8.772257 5.281310 -6.836110 -3.457423 -1.404678 0.133845 -5.872634 0.821763 5.280624 17.504953 2.150716 2.846964 5.663249 0.111563 11.226153 -17.088425 8.089154 -25.963110 0.729797
-13.714148 -16.845743 -2.904383 4.541100 2.994988 16.035160 11.133103 18.184504 11.805871 -28.329805 10.305434 8.034389 4.942158 -5.833433 -2.444295 -1.942118 0.367658 -6.186335 1.259975 5.131081 16.709806 -0.392664 2.462435 6.921707 1.389005 10.147114 -16.999887 7.387204 -26.244898 -1.411912
-13.666262 -16.883080 -4.474787 5.299605 6.975858 9.987602 11.862168 14.966636 14.001693 -29.092340 10.640910 9.143221 5.437576 -5.210124 -2.764329 -2.235591 -0.546832 -7.108347 1.400191 4.899357 15.591548 -0.279996 1.329834 5.831029 3.475856 11.206239 -13.078028 8.722466 -27.664961 -1.732100
-14.216697 -18.139004 -6.726167 3.677161 7.270518 11.853630 12.131660 14.337550 13.151957 -27.370981 10.813746 8.982457 5.059642 -4.675219 -1.932744 -2.291028 -0.454449 -7.101714 2.080979 5.359716 15.266610 -2.199736 1.099444 6.428920 3.076757 9.572113 -13.064977 8.323998 -27.681303 -3.793955
-14.140304 -21.203680 -7.985994 -0.806402 5.400701 14.778858 12.547713 15.086016 10.267137 -25.645178 11.342945 7.966794 4.807875 -4.180514 -0.563690 -2.268775 0.287196 -7.400821 3.633062 5.356187 14.168613 -4.996788 1.172679 9.327748 2.031570 7.622244 -13.581134 8.616668 -27.003351 -6.188593
-14.350270 -23.046242 -11.481185 -4.743755 1.811821 15.374776 12.163650 15.442513 4.020397 -21.227385 11.448842 6.688324 4.898396 -4.086914 0.426320 -3.182414 0.256648 -8.305662 5.599957 5.916963 13.230443 -7.882097 2.246360 11.745250 1.260406 5.858318 -14.144435 6.482348 -25.174520 -10.583859
-15.184754 -23.112947 -16.669529 -5.522574 -2.128720 15.156310 10.729152 13.907184 -1.730066 -15.040855 11.308998 4.975667 5.331819 -3.921782 1.957248 -4.109766 -0.057761 -8.205212 7.586101 5.764639 13.679458 -9.150856 4.221291 14.291551 0.428631 6.414964 -13.423807 4.959798 -22.734015 -15.401303
-15.197906 -22.437378 -22.978807 -4.996120 -6.457871 13.860003 9.845492 13.174611 -5.844859 -9.910109 10.660402 3.231045 6.212292 -3.931186 3.341138 -4.928202 -0.781058 -7.858690 9.137913 5.224719 13.380427 -9.573806 7.284960 16.067474 -0.322685 7.114441 -11.511457 3.308882 -21.307739 -18.549227
-14.829813 -20.093090 -28.790791 -3.263748 -10.373635 12.123099 8.122030 12.563764 -10.443961 -4.306932 10.079953 0.980209 7.355191 -3.866009 5.254846 -5.342016 -1.916518 -6.553331 10.047858 4.126644 12.197874 -9.810537 10.982650 17.584988 -0.615750 8.431737 -8.995743 0.884156 -19.776257 -20.475574
-12.914167 -15.706985 -33.449760 -1.902876 -11.270544 9.121003 4.364723 12.092037 -13.559007 0.086945 9.900272 -1.501299 8.473717 -3.873629 7.119194 -5.205933 -3.159155 -5.598467 10.574662 2.840691 11.675344 -10.590269 14.403037 19.458109 -0.516731 9.355062 -4.594660 -0.704382 -17.822943 -20.365124
-10.732900 -12.662012 -35.123440 -0.715997 -11.306680 8.021085 2.140959 11.964611 -14.002187 1.417957 9.642426 -2.991796 8.818989 -3.669458 8.259783 -5.050127 -3.398512 -5.152372 10.291997 1.899013 12.796250 -10.319147 15.735042 20.843887 -0.305440 9.678501 -1.938557 -1.061683 -16.359571 -19.332317
-9.058509 -10.953007 -35.314529 -1.082433 -11.410301 7.376621 0.485022 12.966906 -14.501297 2.165370 9.495473 -3.706280 8.995228 -3.500757 8.625921 -4.956384 -3.466128 -5.087789 9.879767 1.322984 13.604152 -10.052708 16.302044 22.256618 -0.334157 9.959489 -0.402984 -0.999026 -15.020059 -18.866161
-9.761598 -11.357736 -35.158245 -0.912253 -11.130493 7.710046 0.854698 12.526992 -14.451503 2.024287 9.466404 -3.614117 8.757985 -3.600586 8.529574 -5.078583 -3.505924 -5.135821 9.976315 1.409378 13.186607 -10.286976 16.174109 21.851952 -0.283098 9.833059 -0.659494 -1.083875 -15.267767 -18.977554
-8.798125 -10.642262 -35.422943 -1.225058 -11.342985 7.486343 0.298785 12.941398 -14.341439 2.392672 9.444906 -3.717589 8.910893 -3.503669 8.609551 -4.996589 -3.504791 -5.043139 9.869988 1.162239 13.647251 -10.101641 16.319040 22.441628 -0.395965 9.765840 -0.349328 -0.928610 -14.954250 -18.466978
-9.447934 -11.329493 -35.410534 -0.915677 -11.544195 7.573887 0.733426 12.900511 -14.596858 2.327579 9.450372 -3.659027 8.883210 -3.570449 8.574482 -5.008679 -3.463683 -5.171011 9.904410 1.344687 13.624749 -10.189808 16.098713 22.085030 -0.299653 9.836095 -0.675493 -0.976194 -15.055570 -18.967436
-8.763473 -10.576130 -35.387646 -1.144575 -11.337914 7.498451 0.349656 12.938123 -14.368661 2.380414 9.472209 -3.701799 8.937053 -3.502910 8.633233 -4.949206 -3.511709 -5.044553 9.862243 1.195732 13.537449 -10.095940 16.409960 22.432636 -0.383631 9.797072 -0.275766 -1.037223 -14.918557 -18.501722
-7.923428 -9.582465 -35.379917 -1.306864 -11.104702 7.730484 -1.709602 13.371009 -14.720346 2.916496 9.280236 -4.159823 8.817757 -3.425372 8.851946 -4.957427 -3.468164 -5.240934 9.465519 0.780380 13.821658 -9.818246 16.536253 22.990414 -0.244455 10.019816 -0.037311 -1.182383 -14.532056 -18.188019
-8.745993 -10.694409 -35.373428 -1.112146 -11.251580 7.481801 0.244048 13.031039 -14.417252 2.365714 9.450879 -3.773213 8.931436 -3.540693 8.654937 -4.914809 -3.473620 -5.049778 9.845345 1.184557 13.631986 -10.129478 16.289665 22.602375 -0.393774 9.735334 -0.307248 -0.978960 -14.942005 -18.446129
-8.743681 -10.512808 -35.410049 -1.140693 -11.314150 7.499342 0.146554 12.946980 -14.363156 2.425447 9.466642 -3.796661 8.923072 -3.526994 8.654522 -4.911355 -3.487921 -4.978938 9.834581 1.145504 13.563060 -10.038446 16.345486 22.592903 -0.420543 9.779774 -0.184920 -1.035593 -14.969631 -18.386417
-8.291423 -9.756178 -35.527626 -1.095225 -11.187681 7.628972 -0.542235 13.004754 -14.405105 2.807131 9.421158 -3.860522 8.888482 -3.439389 8.854673 -4.794450 -3.528262 -5.166122 9.601748 0.898380 13.708356 -9.797102 16.501839 23.037548 -0.294845 9.899820 -0.029663 -1.177136 -14.610044 -18.173626
-12.502419 -12.518221 -35.209698 -1.067617 -10.416751 7.409027 3.878514 9.851077 -14.382816 1.782298 9.652337 -2.335840 7.465666 -3.591352 8.345596 -5.126149 -3.908393 -4.374417 10.741541 2.054141 10.474991 -11.427849 14.897943 19.353750 -0.113055 9.194813 -0.751012 -1.418898 -16.704199 -19.572018
-12.892348 -11.179941 -34.889828 -1.222581 -9.251799 7.668946 4.452625 8.710937 -13.917461 3.280446 9.882880 -1.616709 6.916852 -3.306305 8.498927 -4.850571 -4.028910 -3.717005 10.774377 2.124068 8.872121 -12.497894 14.389094 19.474136 0.244338 9.425876 -0.067246 -1.450684 -16.690966 -19.306852
-14.646403 -14.000885 -33.661751 -2.670243 -8.126094 7.558774 7.334397 7.355251 -13.251218 0.486710 9.908408 -0.086541 5.567197 -3.310760 7.650331 -5.005115 -4.025515 -3.955838 11.305947 3.071783 8.103134 -12.410263 12.535295 17.024178 -0.117441 8.213490 -1.780842 -0.770350 -18.720938 -20.700394
-17.253716 -16.369251 -30.100176 -4.797892 -5.331648 8.445961 11.109706 5.959317 -12.250804 -1.921395 9.788953 2.405339 3.682500 -3.162784 6.358663 -5.234828 -3.457210 -3.920270 11.347846 4.247091 7.065029 -13.939207 9.034070 14.248403 0.626824 6.988842 -2.378953 0.979754 -20.922876 -20.974758
-18.299126 -16.413567 -28.986021 -6.641119 -3.620260 7.972499 13.010488 5.032333 -11.719232 -3.095399 9.901023 3.383692 2.582679 -2.928632 5.783409 -5.559361 -3.511339 -3.643281 11.344407 4.282561 6.423260 -14.988709 7.475468 13.093920 0.978488 6.769178 -1.931710 1.995081 -21.371145 -20.719278
-18.946209 -15.541887 -27.692305 -7.726344 -2.337993 8.042390 13.772258 4.066874 -11.484719 -3.108323 9.731112 4.172994 1.585831 -2.548213 5.569769 -5.818583 -3.501727 -3.504661 11.184230 3.963191 5.142052 -16.352036 6.848980 12.778831 1.722776 6.784011 -0.256342 2.273608 -21.448521 -19.952759
-21.794773 -16.528931 -21.877172 -9.993446 2.882004 8.489309 18.334492 3.416479 -8.305287 -7.153329 10.075065 6.752731 -0.047733 -2.125670 5.020440 -5.231753 -2.152535 -2.620696 10.230311 5.378813 5.704262 -19.492401 2.998210 10.066504 2.612805 3.990915 -0.151863 4.245885 -22.453821 -17.632732
-23.909370 -14.706405 -17.413866 -12.405461 5.541938 8.616669 20.891993 3.078291 -7.286760 -8.625168 9.923814 8.100086 -0.454454 -1.982043 4.966474 -4.569232 -1.141761 -1.590125 9.490710 5.935076 5.880764 -21.085550 0.686404 9.025613 3.701028 3.945671 -0.560947 4.333729 -21.883348 -15.455018
-24.714462 -12.728784 -15.640423 -14.377371 5.993020 8.377801 20.437735 3.536911 -8.015698 -8.844301 9.892715 8.439287 -0.232946 -1.921352 5.557289 -3.795012 -0.338986 -0.606141 9.232601 6.238416 5.877213 -22.125906 -0.524131 9.316301 3.318841 3.670842 -1.093003 2.511248 -20.538416 -14.976371
-24.711044 -11.690937 -10.561118 -14.730740 8.869862 8.607217 21.605206 4.653506 -5.767322 -11.706512 9.716056 9.383704 0.470874 -1.814768 5.196463 -3.471341 0.152644 0.437009 8.551232 7.038844 5.800236 -21.943377 -2.317316 8.634954 4.448412 4.210340 -2.633672 2.665926 -20.602940 -10.976707
-24.704811 -10.497374 -9.927891 -15.599850 6.220594 9.720878 20.805176 5.968838 -6.088038 -10.653255 9.514851 8.962437 1.387076 -2.111588 5.660789 -2.949792 0.805777 0.641428 8.252038 7.490957 5.827610 -21.553946 -2.511114 10.423623 4.060328 4.826179 -3.587850 1.331577 -19.414314 -10.454049
-24.127964 -9.226844 -8.724541 -16.278448 4.574255 10.978251 19.721146 7.448279 -7.352481 -10.182117 9.682748 8.580968 1.779350 -2.362079 5.764188 -2.274354 1.255863 0.577166 7.809734 7.409838 6.320749 -22.392553 -2.825686 11.742120 3.875148 4.504188 -3.301205 0.963585 -18.469213 -8.507570
-23.437908 -8.298443 -5.469213 -15.249329 5.214170 11.544580 19.749622 8.486508 -6.285245 -12.386515 9.223513 8.942076 2.460254 -2.415600 5.579620 -2.209401 2.065138 1.091388 7.305855 7.508024 8.662393 -22.073378 -3.484531 11.501544 4.187884 4.136471 -3.549073 1.216523 -17.551430 -6.006252
-22.056301 -7.565223 -2.874799 -13.325590 4.729161 12.931865 19.883373 10.049150 -4.928398 -13.796618 8.680835 8.710164 3.434115 -2.472891 5.152154 -2.704227 2.661047 1.117404 6.846159 7.350837 11.327981 -20.887342 -3.775443 12.687139 4.112834 3.762541 -4.770568 2.126934 -17.111544 -3.958957
-22.660042 -9.354651 -5.243771 -12.679953 0.259788 15.431829 19.490831 11.628224 -6.153715 -11.533743 8.390050 6.997305 4.153027 -2.850698 5.948781 -3.039971 2.964417 0.206333 7.531579 7.214090 13.198567 -20.323257 -3.025082 15.288459 3.080594 2.787901 -5.582629 1.356680 -16.534258 -5.060384
-21.917412 -10.552441 -6.764538 -11.930305 -4.838878 16.611540 16.930450 14.340770 -7.747181 -10.423597 8.120917 5.675007 5.493031 -3.085509 6.699483 -2.763940 4.048621 -1.053596 7.263186 7.047755 15.226323 -19.677462 -2.599063 17.517704 2.179164 2.031381 -7.159759 -0.360956 -14.506722 -6.520923
-20.982641 -11.737054 -4.509987 -11.101275 -3.840216 16.762403 18.377499 15.733340 -5.720949 -13.532495 8.033451 6.111349 5.781788 -2.983987 5.916547 -3.337591 4.393751 -1.307573 6.999901 7.239524 16.546852 -18.800667 -3.107110 18.187160 2.254003 2.307030 -8.787227 1.008464 -14.459187 -5.206278
-21.562483 -12.766115 -7.466460 -11.747416 -6.533800 17.438055 16.897316 15.922904 -6.634618 -10.968157 8.166485 5.507590 5.820843 -3.250314 6.562172 -2.974196 4.207739 -1.581836 7.090689 7.196823 16.477541 -18.824938 -2.672768 18.976950 1.683760 2.128016 -8.808035 0.011313 -14.306759 -6.797524
-21.556631 -12.719654 -7.487639 -11.946167 -6.647024 17.417021 16.902687 16.041109 -6.823555 -10.706722 8.126799 5.386328 5.869009 -3.269336 6.666390 -2.919214 4.283103 -1.482723 7.021151 7.213444 16.536959 -18.768450 -2.626791 19.129763 1.548037 2.164111 -8.858121 0.118129 -14.421156 -6.660037
-21.506279 -12.779171 -7.593461 -11.948109 -6.704010 17.375265 16.838512 16.079681 -6.786034 -10.683689 8.117550 5.291765 5.923345 -3.252423 6.593688 -2.954564 4.268180 -1.517190 7.025864 7.212914 16.442221 -18.730806 -2.636191 19.341177 1.521474 2.234177 -9.008369 -0.061783 -14.283447 -6.834176
-28.899284 -4.421498 -2.872666 -12.621829 -10.227984 4.982507 16.756176 9.326303 -17.187803 -15.837169 4.941775 6.873320 2.575778 -4.236564 7.553537 -4.646593 3.743526 1.171932 8.607808 6.777995 18.393908 -23.274443 -1.826682 7.570012 10.991625 9.927204 -7.167102 -5.362852 -12.322371 -7.825408
-31.835136 -1.372961 -0.214307 -18.664526 -10.172147 2.541012 16.418171 11.088721 -16.258020 -9.685031 4.195676 7.337769 1.014999 -4.317246 7.544093 -5.274463 3.652818 1.964140 8.904213 6.850554 14.931184 -24.774458 -1.004477 9.414056 7.042147 10.398827 -3.524107 -2.816681 -7.442088 -6.959506
-30.537115 -1.462730 -0.084617 -20.785990 -10.628798 3.253075 17.435747 13.668336 -14.623467 -6.240188 4.380000 7.451790 0.745724 -4.431612 7.543660 -5.154394 3.688459 2.172745 8.925719 7.228016 14.542418 -24.752522 -0.072473 11.061642 4.947867 10.302713 -2.653353 -1.524064 -6.618225 -7.539210
-30.653198 -1.346376 -0.296799 -20.852755 -10.569156 3.132233 17.121317 13.400651 -14.678311 -6.375834 4.298728 7.367671 0.805358 -4.477524 7.577317 -5.165265 3.603418 2.239880 9.016344 7.157463 14.618581 -24.971373 0.033681 10.902211 5.108506 10.496637 -2.582657 -1.431860 -6.747139 -7.769226
-31.090435 -1.370305 -0.942998 -20.560261 -10.714458 3.226472 17.189554 12.763993 -15.074559 -6.392374 4.287229 7.360850 0.895548 -4.494605 7.801148 -5.092459 3.568667 2.269443 9.058540 7.104520 14.510120 -24.903526 0.232442 10.903358 4.984744 10.358273 -2.251566 -1.788341 -6.715305 -7.889046
-31.178055 -1.600845 -1.292391 -20.344202 -10.968305 3.239196 17.246691 12.893182 -15.203700 -6.168128 4.181674 7.263918 0.949129 -4.463846 7.811824 -5.101219 3.586490 2.402289 9.036386 7.043061 14.664844 -24.926220 0.148563 11.027183 5.175184 10.252725 -2.311751 -2.084866 -6.710532 -7.930722
-31.046825 -1.540028 -1.487641 -20.308048 -11.025013 3.470222 17.121347 12.690146 -15.299251 -6.260986 4.144077 7.137465 0.981063 -4.452609 7.934544 -5.149532 3.490364 2.436053 9.080180 7.006490 14.624634 -25.014883 0.059607 11.009419 5.289692 10.171223 -2.167392 -2.074144 -6.789889 -7.818502
-31.269247 -1.540843 -1.782449 -20.255316 -11.329303 3.547042 16.892076 12.644380 -15.379062 -5.955238 4.166315 7.089576 0.993187 -4.449036 8.035699 -5.113300 3.469711 2.388100 9.120006 6.969213 14.565839 -25.044271 0.016312 11.059776 5.260151 10.155309 -2.189105 -2.100294 -6.776001 -7.836321
-31.249611 -1.285924 -1.970845 -20.302151 -11.522570 3.493755 16.745298 12.454004 -15.693580 -5.944653 4.167825 7.073464 0.997231 -4.436041 8.061009 -5.120207 3.438938 2.472980 9.078429 6.970919 14.589477 -25.148607 0.134023 10.979198 5.390492 10.180048 -2.028286 -2.177857 -6.752501 -7.737383
-31.410112 -1.104050 -2.157607 -20.029903 -11.812334 3.248090 16.617235 12.302213 -16.048788 -5.667419 4.233467 7.069460 0.916436 -4.485418 8.067811 -5.097576 3.450562 2.463526 9.127110 7.065382 14.751932 -25.069838 0.169706 11.075626 5.485108 10.228449 -2.076437 -2.148215 -6.723584 -7.716605
-31.551678 -1.138481 -2.427216 -20.213533 -11.835304 3.153957 16.556841 12.175840 -16.210794 -5.619560 4.205613 7.045427 0.860842 -4.462534 8.144390 -5.125642 3.433029 2.435983 9.189914 6.973369 14.730191 -25.163965 0.067412 11.161036 5.589607 10.300407 -1.900358 -2.088204 -6.849333 -7.783049
-31.487423 -1.216094 -2.608289 -20.349693 -12.008395 3.146922 16.144247 12.341119 -16.451826 -5.451846 4.172124 6.948967 0.901160 -4.469292 8.237673 -5.077667 3.447826 2.317667 9.189115 7.002667 14.708056 -25.188482 -0.047133 11.153970 5.590088 10.323318 -1.933125 -2.116109 -6.814331 -7.900399
-31.494251 -1.100979 -2.658965 -20.199114 -12.023584 3.095274 16.227518 12.249473 -16.511021 -5.402874 4.171928 6.926464 0.910209 -4.432282 8.247240 -5.101880 3.436796 2.323115 9.184617 6.985240 14.744637 -25.057089 0.227784 11.089993 5.595150 10.479335 -1.659695 -2.148241 -6.797387 -7.918881
-31.560982 -1.163283 -2.840718 -20.290257 -11.928494 3.127553 16.163898 12.144406 -16.517870 -5.436568 4.162440 6.887640 0.855343 -4.437330 8.305329 -5.112557 3.358962 2.284116 9.219556 6.952139 14.669673 -25.083687 0.324576 11.056182 5.587533 10.512249 -1.599435 -2.157843 -6.835456 -7.915358
-31.370487 -1.226925 -2.913661 -20.407339 -11.946793 3.016677 15.706347 12.259378 -16.655584 -5.507638 4.158052 6.796995 0.926496 -4.441618 8.379168 -5.092154 3.384438 2.312677 9.166946 6.877197 14.629575 -25.012619 0.323579 10.967856 5.563632 10.598752 -1.497192 -2.173520 -6.772821 -7.968993
-31.284607 -1.325372 -2.950144 -20.302778 -11.910208 2.979501 15.591510 12.266615 -16.536299 -5.597545 4.121985 6.625393 0.986931 -4.467317 8.502041 -5.055877 3.372964 2.322628 9.153698 6.989428 14.738687 -24.982811 0.251067 11.064093 5.609409 10.534931 -1.518934 -2.235660 -6.734482 -7.990050
-31.240788 -1.214705 -3.213200 -20.169420 -11.973461 2.906673 15.718427 12.161032 -16.651892 -5.378625 4.157905 6.678165 0.978134 -4.383241 8.503990 -5.093510 3.318488 2.279575 9.166560 6.906292 14.581538 -24.990587 0.306167 10.890107 5.726404 10.643990 -1.358458 -2.257540 -6.873743 -8.097083
-31.309875 -1.203952 -3.403006 -20.274572 -12.034231 2.941691 15.679942 12.093009 -16.675688 -5.312749 4.147717 6.675171 0.973449 -4.388345 8.518015 -5.126404 3.269434 2.236878 9.141675 6.876840 14.573991 -25.111258 0.398561 10.984305 5.739978 10.638935 -1.282411 -2.331455 -6.771740 -8.164150
-31.360682 -1.287494 -3.384059 -20.407232 -12.159893 2.943915 15.528943 12.212790 -16.657257 -5.309844 4.169680 6.551727 1.028651 -4.396694 8.569673 -5.144839 3.244119 2.223691 9.160865 6.889637 14.519810 -25.109129 0.343337 11.037076 5.805219 10.709648 -1.277404 -2.312032 -6.763641 -8.168666
-31.735260 -0.748006 -5.863364 -19.531721 -13.009631 2.870772 14.256156 10.861890 -17.760895 -4.236403 3.966954 5.841759 1.217118 -4.258455 9.053259 -5.157764 2.779724 2.291137 9.059747 6.806304 14.355989 -25.505486 0.137898 10.444532 6.473583 10.358378 -0.768599 -3.083227 -7.168508 -7.833827
-31.642887 -0.306373 -10.715952 -17.355978 -13.702992 2.703724 11.537180 8.858317 -19.576418 -2.228496 3.692138 4.763631 2.149072 -3.896690 10.309237 -5.298817 2.151003 2.130262 9.387736 6.056740 13.870877 -25.887537 0.733693 11.021953 7.596789 10.285028 0.973708 -4.536823 -7.940461 -7.560832
-31.060665 0.426539 -13.782792 -16.010632 -14.810365 2.517881 9.938783 7.525939 -20.461637 -0.397311 3.606365 3.567209 2.903394 -3.662863 11.243873 -5.273385 1.550972 2.150594 9.368754 5.766106 13.578166 -25.794712 1.984850 11.077624 7.998601 10.370907 3.209018 -5.457363 -7.913702 -7.902220
-29.780544 1.168319 -17.139502 -13.730402 -15.653456 2.132349 7.846878 6.452852 -21.185648 1.737591 3.655809 2.388424 3.323532 -3.452100 12.061870 -5.208546 0.876038 2.356502 9.414676 5.204298 12.798593 -25.568514 2.888330 10.749118 9.069796 11.284540 4.580795 -6.795131 -8.406795 -7.890092
