11.738916 29.072805 -6.846724 4.661900 14.765144 5.580837 0.424926 16.055363 3.332963 -3.542578 -3.585560 6.377067 -0.509025 -9.638673 9.846382 0.001582 -1.808666 -0.179980 -5.004151 -6.118814 6.370542 13.428131 -17.963324 2.229443 0.588990 22.490969 9.487467 -21.843496 -3.651792 12.134583
11.880943 29.069244 -6.682561 4.578506 14.957752 5.542516 0.502416 16.157118 3.394321 -3.759229 -3.565012 6.432267 -0.508553 -9.630413 9.831018 0.032871 -1.818201 -0.194855 -5.000064 -6.092795 6.344812 13.449391 -17.969431 2.199896 0.586161 22.518879 9.421220 -21.851440 -3.660213 12.106566
12.353784 29.189041 -10.567634 -1.616078 18.594242 2.119566 3.249667 11.847505 0.713741 -4.167291 -2.855838 8.259101 -3.033478 -5.656444 11.785420 -2.195086 -5.076329 0.542533 -3.441176 -7.634222 -0.340139 9.167136 -16.778360 -0.577069 4.725964 23.251431 16.624113 -22.667660 -8.119308 7.892930
12.395828 28.671627 -9.414957 -1.374720 17.625746 3.602340 4.270788 11.151700 0.562264 -4.711058 -2.680235 8.450454 -2.778872 -5.478044 11.616468 -1.788172 -4.792538 0.378805 -3.952222 -7.451092 0.319460 9.515810 -17.329615 -0.564658 4.869640 22.155802 16.020885 -21.951616 -8.403765 8.924988
12.265711 29.574406 -8.567938 -2.240379 16.591347 5.244730 4.341512 10.634594 0.391140 -5.159928 -2.209328 8.979457 -3.202828 -5.421395 10.898945 -1.529358 -4.935699 -0.099986 -4.625659 -7.620297 0.504233 8.923693 -17.823828 -0.352454 4.993896 20.704082 16.532122 -21.916945 -9.471169 9.804212
11.999810 29.942059 -8.691838 -2.827561 15.043669 5.870873 2.887790 10.986835 0.142273 -4.561903 -1.961974 9.453064 -3.524984 -5.832839 10.281750 -1.370804 -5.101781 -0.337706 -4.826745 -7.289441 1.915138 9.507759 -17.919035 0.013073 4.524910 19.218397 16.645361 -21.305399 -10.719292 11.298741
11.729223 30.550938 -8.760083 -3.525269 14.405399 5.743068 2.184977 10.925254 -0.142064 -3.948490 -1.955592 9.380612 -3.815327 -6.094258 9.987092 -1.504520 -5.243317 -0.410905 -4.802592 -7.261028 1.789695 9.690462 -17.788034 -0.318211 4.264508 19.035234 17.108475 -21.069933 -11.007130 11.839128
12.072160 31.036545 -8.722992 -3.747969 12.314768 7.022348 2.404306 10.849495 -0.915037 -3.472806 -2.221301 8.519041 -3.892317 -6.305038 9.605758 -2.093678 -5.130491 -0.482224 -4.910476 -7.460005 2.636446 10.569517 -17.394651 -0.980633 3.562781 19.625269 17.000565 -20.481573 -10.842091 11.375055
12.637803 30.769947 -9.275928 -3.647305 10.000166 8.752158 2.434699 10.514451 -1.200040 -3.421508 -2.559368 7.319393 -3.297810 -6.419807 9.429922 -2.467196 -5.133357 -0.718946 -5.155428 -7.617057 3.712183 11.366518 -16.595268 -2.738498 2.320677 20.242653 16.880600 -19.641470 -10.159433 9.950123
12.124743 30.326340 -9.476195 -3.774861 9.334037 9.836628 2.991111 10.030570 -1.669466 -3.436311 -2.657098 6.862991 -2.419315 -6.164916 9.332960 -2.440130 -5.239595 -0.849179 -5.565269 -7.291099 4.214444 11.960467 -16.358286 -3.154790 2.155630 20.365448 16.606169 -19.580420 -9.983440 8.208825
11.815525 29.853493 -9.871444 -3.150816 8.426819 11.655966 3.552008 9.359419 -1.913814 -3.343587 -2.426753 6.906242 -1.989954 -5.881952 9.618036 -2.237613 -5.406965 -0.778761 -5.763954 -7.050150 4.542665 11.615767 -15.908813 -3.496076 2.506097 19.935411 17.010641 -19.347206 -10.915567 6.604165
10.584719 29.751404 -9.757395 -3.723965 7.507649 12.701404 3.895534 9.646792 -3.106147 -3.038549 -2.104016 6.555372 -1.290320 -5.416237 9.897182 -2.009018 -5.399758 -0.801990 -6.435625 -6.970824 4.728955 12.579739 -15.805511 -3.665254 2.484083 19.743368 16.683224 -18.892797 -11.704283 6.059035
9.025296 29.834164 -10.168473 -4.280077 7.551904 12.191824 3.563714 9.892867 -4.087601 -2.234155 -2.029839 6.335565 -1.251711 -5.087325 9.984531 -2.039876 -5.377457 -0.370202 -6.838964 -6.995072 5.240096 14.055601 -16.086378 -4.015585 1.999889 18.649717 15.955787 -18.453943 -12.628258 6.396280
8.215400 30.337891 -11.410851 -3.972187 6.578727 12.867778 3.626395 8.613753 -4.950125 -0.936300 -2.073325 5.823421 -1.269916 -4.986530 9.725695 -2.418796 -5.400928 -0.227096 -7.124600 -7.064134 5.295255 15.038403 -15.838680 -5.245139 0.860319 17.824366 15.821886 -18.526365 -12.859545 7.018273
8.201844 30.237747 -11.407258 -4.071657 5.991578 13.409544 3.777161 8.387004 -5.230681 -0.844311 -2.070614 5.661259 -1.181826 -4.928254 9.660579 -2.459830 -5.375047 -0.204921 -7.262554 -7.082758 5.164315 15.486719 -15.872544 -5.590609 0.786648 17.645712 15.716727 -18.261135 -13.437922 6.968812
8.213334 30.234213 -11.499990 -3.993604 5.746051 13.608294 3.764645 8.254340 -5.281694 -0.688123 -2.076523 5.671865 -1.253801 -4.946911 9.613671 -2.487590 -5.393708 -0.200271 -7.273733 -7.112663 5.103786 15.231222 -15.817044 -5.530180 0.785893 17.665585 15.805741 -18.416525 -13.283861 6.935000
8.186381 30.265881 -11.571366 -3.958641 5.702929 13.635097 3.721464 8.233698 -5.271682 -0.643262 -2.083973 5.557381 -1.185551 -4.954022 9.590088 -2.509091 -5.405006 -0.246053 -7.315944 -7.063257 5.167085 15.340063 -15.800843 -5.623110 0.658265 17.588972 15.801693 -18.376600 -13.298783 7.004453
8.170089 30.279160 -11.547940 -3.989993 5.668233 13.658755 3.735790 8.220918 -5.306074 -0.646038 -2.081666 5.621287 -1.204365 -4.957788 9.609735 -2.479106 -5.395892 -0.219025 -7.294959 -7.069816 5.135113 15.423085 -15.821079 -5.575324 0.699356 17.625387 15.750001 -18.346632 -13.338528 6.983765
8.155875 30.241852 -11.547746 -3.977123 5.717149 13.621019 3.742147 8.227201 -5.279426 -0.665428 -2.075820 5.611142 -1.162821 -4.955639 9.648716 -2.465205 -5.388923 -0.218283 -7.290895 -7.057087 5.186612 15.549490 -15.809375 -5.572869 0.698993 17.658182 15.683650 -18.254141 -13.411370 6.988816
8.137486 30.336159 -11.745313 -3.885185 5.524780 13.788677 3.670964 8.072331 -5.345805 -0.473214 -2.109833 5.489565 -1.235036 -4.961003 9.597729 -2.570195 -5.428535 -0.253696 -7.268459 -7.079022 5.327380 15.181079 -16.203621 -5.501247 0.646722 17.470907 16.043121 -18.470509 -13.108279 6.798887
8.115799 30.302082 -11.716990 -3.881304 5.593487 13.758204 3.747181 8.059944 -5.356164 -0.512414 -2.124320 5.440302 -1.201893 -4.966880 9.616271 -2.570151 -5.421221 -0.242231 -7.281184 -7.094349 5.349301 15.109638 -16.204569 -5.466618 0.723373 17.538462 16.003384 -18.486645 -13.104336 6.676486
8.233671 30.096756 -11.657881 -3.806154 5.978097 13.397054 3.492803 8.309628 -5.014710 -0.675511 -2.064910 5.677032 -1.254299 -4.891098 9.605469 -2.509246 -5.480309 -0.195386 -7.263758 -7.039837 5.198635 15.033102 -16.189501 -5.488607 0.785977 17.680868 16.094902 -18.423544 -13.096394 6.877277
4.330195 25.229576 -10.847355 -11.480836 -1.307454 12.282042 -8.146165 13.052627 -3.788784 -1.503454 -2.586090 2.084278 1.349208 -5.392970 9.419827 -4.141056 -4.743285 -2.022672 -7.297271 -5.832742 10.831224 15.466299 -14.849741 -3.388355 0.101184 15.784458 11.902165 -18.460602 -12.970486 3.753118
4.082489 18.861557 -12.709425 -8.289885 -3.460295 15.012620 -13.724547 16.850328 0.730150 -3.969528 -2.211967 -0.372669 3.931272 -5.255252 10.008653 -4.204483 -4.597225 -3.208426 -7.863618 -3.406420 16.574991 14.340044 -13.311245 -0.712011 -0.184573 12.195459 9.612889 -17.849546 -13.774874 3.671792
5.384652 15.210877 -13.576123 -6.675633 -5.184776 16.707186 -15.850349 19.545662 0.904442 -5.255253 -1.726881 -0.271162 4.234508 -5.126435 9.910986 -3.589719 -4.780921 -3.067206 -8.559793 -3.008898 17.803505 14.396427 -13.273434 -0.422452 -0.802401 11.330812 8.969573 -18.436161 -13.782175 2.224617
5.397665 15.191061 -13.798168 -6.636569 -4.819762 16.709486 -15.625073 19.400339 1.123135 -5.385375 -1.708426 -0.279728 4.282780 -5.086688 9.928264 -3.575123 -4.787695 -3.133610 -8.551004 -3.024229 17.979967 14.270671 -12.755960 -0.758851 -0.844333 11.156535 8.864862 -18.328283 -14.007548 1.922022
5.328556 15.321226 -13.914832 -6.968141 -4.889466 16.652147 -15.670112 19.303930 0.820261 -5.227155 -1.697574 -0.373944 4.428753 -5.068526 9.936600 -3.564208 -4.788793 -3.265622 -8.552243 -3.056884 17.958782 14.430252 -12.714167 -0.660106 -0.777237 11.144272 8.719783 -18.447546 -14.094177 1.693143
5.346837 15.291621 -13.986760 -6.884804 -5.008557 16.630302 -15.716280 19.232706 0.957096 -5.213428 -1.695319 -0.306967 4.400684 -5.103132 9.915515 -3.529652 -4.764573 -3.204868 -8.565491 -3.068253 17.983156 14.401323 -12.587955 -0.691347 -0.759773 11.157418 8.649025 -18.555933 -14.036312 1.435521
5.320073 15.478706 -13.777114 -7.131592 -4.907922 16.481722 -15.599581 19.297815 0.660335 -5.162136 -1.725163 -0.317675 4.391573 -5.099144 9.891665 -3.581640 -4.731523 -3.265421 -8.541209 -3.083567 17.755491 14.448679 -12.731587 -0.695837 -0.677056 11.315161 8.833279 -18.517687 -14.078871 1.472049
5.295261 15.352270 -13.911530 -6.789329 -4.668104 16.654345 -15.480859 19.213322 0.929386 -5.273921 -1.704305 -0.314962 4.373580 -5.106600 9.909361 -3.535442 -4.813280 -3.193315 -8.553627 -3.030499 18.022840 14.315561 -12.782174 -0.659460 -0.712428 11.191299 8.868604 -18.356863 -14.054123 1.718509
5.408421 15.658885 -13.725207 -7.568379 -5.330214 16.138981 -15.618085 19.484360 0.327059 -4.980981 -1.765525 -0.580425 4.449900 -5.081370 10.004829 -3.637304 -4.653717 -3.105999 -8.634526 -3.258916 17.704412 14.530350 -12.412951 -0.784217 -0.768243 11.334992 8.513420 -18.942535 -13.779107 1.048841
5.129813 15.251454 -14.077985 -6.643676 -4.308930 16.786194 -15.290136 18.894882 0.875799 -5.218130 -1.614707 -0.203595 4.380823 -4.984204 10.037057 -3.369410 -4.761285 -2.864326 -8.731775 -2.940234 18.277193 14.775175 -12.662059 -0.642518 -0.868252 10.716742 8.514560 -18.523298 -14.302269 1.274642
5.213763 15.588840 -13.791894 -7.650609 -5.081687 16.577505 -15.455799 19.310055 0.359251 -5.326550 -1.681780 -0.463102 4.528035 -4.846419 10.139649 -3.550263 -4.796621 -3.019221 -8.679410 -3.209537 17.762716 14.830891 -12.407029 -0.873797 -0.809952 11.107879 8.533120 -18.977800 -14.140454 0.494967
5.151375 15.190959 -14.249058 -6.893547 -3.727173 16.711199 -14.367882 18.805065 0.602599 -5.568037 -1.512706 -0.195597 4.459369 -4.613622 10.222124 -3.236676 -4.813636 -2.612039 -8.981026 -3.060346 17.820602 15.097721 -12.335670 -1.050623 -0.724950 10.393844 8.653640 -18.668104 -15.013535 0.514187
4.860281 15.388162 -14.176909 -7.394960 -3.540004 16.500301 -13.897077 18.589518 0.482469 -5.610309 -1.495953 -0.234188 4.556678 -4.438716 10.307664 -3.341089 -4.811698 -2.600748 -8.952113 -3.230331 16.994799 15.130461 -12.477218 -1.396569 -0.344584 10.688917 8.936473 -18.580366 -15.317270 0.590254
4.838078 15.540430 -14.263740 -7.911220 -3.716621 16.311125 -13.988183 18.460279 -0.063643 -5.486242 -1.467140 -0.392273 4.548042 -4.363904 10.452153 -3.434519 -4.805762 -2.574033 -8.944236 -3.421116 16.587008 15.189207 -11.926556 -1.438523 -0.344533 11.015791 8.566255 -19.245703 -15.039650 -0.106760
4.632241 15.228527 -14.396487 -8.071596 -3.638385 16.511227 -14.019568 18.161606 0.090645 -5.476147 -1.458438 -0.087693 4.349476 -4.225221 10.362520 -3.307639 -4.801288 -2.440013 -8.962135 -3.278460 16.653257 15.157127 -12.029050 -1.518259 -0.154558 10.613482 8.970691 -18.842955 -15.488922 0.119706
4.648687 15.459494 -14.410800 -8.750548 -3.116557 15.913634 -13.177246 18.007740 -0.237873 -5.770561 -1.357255 -0.016232 4.365221 -3.964322 10.524166 -3.324241 -4.791184 -2.264723 -9.058240 -3.458668 15.680331 15.414366 -11.984834 -1.941426 0.164399 10.864820 9.356614 -19.130140 -15.881130 -0.521194
4.814215 15.275771 -14.767547 -9.243882 -2.400054 15.560954 -12.110301 17.537546 -0.723676 -5.957689 -1.103768 0.150679 4.318980 -3.389305 11.008113 -3.060235 -4.717825 -1.441388 -9.461949 -3.706959 13.675286 15.936800 -12.143258 -3.100344 0.788224 11.291743 10.185637 -19.345331 -17.153584 -1.847831
4.937360 14.780407 -14.985901 -9.319496 -1.953121 16.005384 -11.303245 17.044817 -0.728358 -6.326025 -0.940235 0.645283 4.164742 -3.021364 10.997380 -2.748498 -4.802052 -1.148768 -9.737110 -3.632931 12.957884 15.959795 -12.092443 -3.377136 1.002339 11.343458 10.246244 -19.763475 -17.536638 -2.718502
