10.374907 29.503696 -6.559162 6.566389 14.080054 4.142784 -1.242388 14.096456 1.031376 -7.205517 -3.520982 6.337345 -0.572173 -9.698397 9.788978 0.025253 -1.800258 -0.152638 -5.007518 -6.168933 1.860389 15.459785 -12.263761 0.229729 -29.422159 6.296052 12.092513 -16.189505 2.238977 9.270221
10.409402 29.521488 -6.497471 6.586748 14.129608 4.162894 -1.195636 14.091756 1.020269 -7.335659 -3.548253 6.398458 -0.575376 -9.679737 9.818085 0.045212 -1.812208 -0.191679 -5.015911 -6.149333 1.910784 15.518682 -12.235358 0.115067 -29.550993 6.201701 12.018425 -16.235956 2.255449 9.189767
4.638363 15.437376 3.498187 12.616808 21.066572 2.432273 12.115989 21.941614 -0.270442 -7.675492 -4.401932 8.050762 -3.557518 -12.258391 4.222853 -0.275627 1.482559 -5.770288 -3.681056 0.616546 3.486574 11.717436 -16.655993 -6.727731 -33.278114 8.743860 -3.669830 -5.092115 1.807428 -2.663979
4.713664 13.842937 4.940586 13.328369 20.967878 2.830799 12.560413 22.335651 1.056393 -7.634218 -4.704144 8.858341 -3.078711 -12.639835 3.974656 0.473317 1.415167 -6.426088 -4.139456 1.335312 3.853778 13.782679 -17.384905 -8.191016 -33.420830 8.707422 -4.072214 -2.337830 -0.664133 -0.845052
4.057602 12.383283 5.742978 14.074295 21.677999 4.440268 11.258346 21.846815 3.601133 -8.181570 -4.412735 9.252527 -2.695086 -12.376520 3.628705 0.530081 1.611402 -7.363512 -4.861695 1.651758 4.030881 15.864385 -17.598970 -9.596695 -33.451008 9.402937 -3.464918 0.308883 -2.835776 -0.319570
3.811683 12.761683 6.199083 16.318047 22.797955 3.331187 8.871016 21.171156 5.687014 -7.261686 -3.743788 9.846062 -2.781830 -11.872728 2.732706 0.806544 2.250980 -8.249305 -5.802228 1.650513 4.129925 18.882164 -18.188713 -11.052235 -33.289112 10.761008 -3.482327 4.187653 -4.417604 2.720323
2.834596 12.950441 6.963679 16.676702 23.335840 3.484037 8.042867 20.626379 6.187132 -7.140576 -3.801509 10.071770 -3.036411 -11.779142 2.537897 0.921098 2.800695 -8.561092 -6.102356 1.913887 3.840408 18.608713 -19.088511 -11.837495 -32.925861 11.107736 -4.364008 5.103886 -4.373711 4.043997
2.934138 12.938911 6.882685 16.829870 23.390852 3.230558 7.874211 20.617998 6.306288 -6.955943 -3.828286 10.072938 -3.047470 -11.769871 2.446439 0.938292 2.912636 -8.595364 -6.173614 2.035930 3.912506 18.784210 -18.992659 -11.717801 -32.953815 11.141850 -4.280340 5.201873 -4.256553 3.975883
2.978371 12.944811 6.838267 16.807714 23.363396 3.116911 7.891810 20.673643 6.232908 -6.938320 -3.876961 10.103043 -3.057624 -11.773062 2.470263 0.957016 2.913910 -8.608720 -6.195231 2.075499 3.897988 18.863478 -18.953382 -11.727202 -32.943699 11.182053 -4.227722 5.186866 -4.266804 3.978212
2.995738 12.974643 6.860554 16.819780 23.362471 3.158553 7.898127 20.650532 6.227950 -6.984541 -3.878978 10.110558 -3.068656 -11.768768 2.481482 0.941701 2.854504 -8.612895 -6.190969 2.018131 3.944407 18.903864 -18.943888 -11.744180 -32.924648 11.169864 -4.212233 5.234246 -4.315928 3.971576
2.991388 12.985146 6.844242 16.816685 23.342344 3.139730 7.877131 20.636797 6.227626 -6.972924 -3.876424 10.119891 -3.060220 -11.786072 2.487822 0.963376 2.875526 -8.602306 -6.192883 2.034148 3.949578 18.888861 -18.939821 -11.739657 -32.937077 11.188299 -4.235293 5.196918 -4.277518 3.959776
2.984354 12.983985 6.854002 16.799082 23.346922 3.130795 7.876921 20.658052 6.242531 -6.970101 -3.867164 10.128749 -3.064609 -11.785009 2.485733 0.964121 2.872252 -8.610054 -6.174683 2.021113 3.984993 18.876842 -18.930967 -11.783563 -32.981831 11.120735 -4.231408 5.219778 -4.290415 3.944088
2.918698 12.951269 6.909273 16.873053 23.362173 3.215157 7.818212 20.596979 6.297770 -7.003610 -3.859192 10.111628 -3.071219 -11.775018 2.456391 0.958633 2.906660 -8.606549 -6.200238 2.024509 3.903307 18.899523 -19.000494 -11.757979 -32.929005 11.142520 -4.282165 5.251441 -4.331413 4.133475
2.926628 12.964473 6.911440 16.849993 23.383997 3.165980 7.831041 20.593256 6.285331 -7.003084 -3.863734 10.113010 -3.066444 -11.784137 2.460562 0.965037 2.895577 -8.600163 -6.193911 2.023893 3.909272 18.880377 -18.973248 -11.748622 -32.944168 11.153723 -4.252935 5.236760 -4.297846 4.094307
2.912709 12.959234 6.934004 16.835653 23.404284 3.219727 7.805520 20.575014 6.327655 -6.991115 -3.833994 10.091063 -3.074477 -11.761524 2.427895 0.957515 2.906350 -8.608751 -6.183936 2.006475 3.894466 18.863535 -18.998705 -11.770305 -32.924610 11.126419 -4.262838 5.267700 -4.349631 4.099991
2.930528 12.972788 6.918447 16.858770 23.363834 3.221159 7.780853 20.597702 6.311189 -7.000861 -3.832754 10.107769 -3.068945 -11.773344 2.439682 0.967128 2.912980 -8.618317 -6.177888 2.015878 3.934437 18.869692 -18.995962 -11.798708 -32.954044 11.101772 -4.300277 5.269795 -4.354217 4.078847
2.967891 12.989343 6.904424 16.856112 23.343124 3.191326 7.770465 20.615187 6.270559 -6.995930 -3.847049 10.095586 -3.069753 -11.782034 2.455160 0.964985 2.905870 -8.617168 -6.168134 2.012188 3.930740 18.869020 -18.980940 -11.820537 -32.969715 11.104411 -4.284553 5.250580 -4.354758 4.075966
2.925224 12.978357 6.919779 16.849241 23.358244 3.214229 7.760435 20.598475 6.291870 -6.982585 -3.835365 10.106014 -3.063832 -11.782812 2.447105 0.974144 2.905494 -8.609179 -6.158953 2.010450 3.933137 18.866228 -18.994610 -11.784356 -32.950745 11.095695 -4.297507 5.274450 -4.357427 4.090144
2.915720 12.967766 6.930420 16.846071 23.341215 3.221976 7.758803 20.620977 6.322056 -6.973265 -3.833935 10.108472 -3.066323 -11.779837 2.444874 0.974832 2.909510 -8.614205 -6.162831 2.015477 3.934118 18.856365 -18.983873 -11.775349 -32.967953 11.084854 -4.267592 5.272454 -4.340564 4.089138
2.848462 12.984333 6.923768 16.879417 23.394205 3.244218 7.725106 20.523664 6.340581 -6.997893 -3.832229 10.123293 -3.052567 -11.772460 2.448740 0.991011 2.945611 -8.614708 -6.192984 2.041615 3.873691 18.838125 -19.021706 -11.746404 -32.970364 11.094671 -4.341682 5.253443 -4.312816 4.176161
2.862843 12.975286 6.921467 16.873011 23.381964 3.246854 7.738057 20.539715 6.331833 -7.017441 -3.847280 10.124727 -3.054766 -11.759090 2.458718 0.975041 2.929767 -8.617768 -6.195331 2.026847 3.856903 18.845396 -19.029118 -11.753345 -32.950787 11.095863 -4.308430 5.266521 -4.351640 4.196482
2.871390 12.967873 6.920127 16.875044 23.384287 3.263620 7.730000 20.515457 6.339136 -7.011761 -3.858392 10.112812 -3.054053 -11.750645 2.444184 0.963824 2.934479 -8.621916 -6.222504 2.041579 3.846508 18.879690 -19.050993 -11.730996 -32.910725 11.142445 -4.345825 5.278849 -4.358022 4.206344
-0.147564 7.324321 3.836186 15.449718 16.729876 8.773952 4.346430 20.219116 6.172890 -6.811036 -2.556292 10.195981 -1.775498 -9.994143 3.083628 0.890636 1.721852 -10.092146 -6.529411 3.206348 6.436568 19.578669 -19.583179 -6.729620 -27.428907 11.463841 -2.822609 11.341090 -10.680058 2.827885
-0.453320 3.987183 3.926590 14.404783 14.879532 11.850718 3.639582 21.245438 6.494313 -9.297892 -1.758436 9.802639 -0.227637 -9.170998 3.396263 0.773106 1.299092 -10.859674 -7.021937 4.800501 9.672032 19.435093 -19.139467 -5.879937 -26.444223 9.881245 -2.208021 14.178626 -13.501593 2.175914
-0.089974 0.519573 4.369371 12.282415 14.219288 14.567966 3.250688 22.039484 6.535190 -12.299541 -1.231194 10.147726 0.257595 -8.596401 3.526506 0.834886 0.899948 -11.134050 -7.149371 5.848403 12.188813 18.204689 -18.761297 -5.017717 -25.639257 7.344158 -1.479571 15.375672 -15.541399 1.852007
1.059663 -1.892252 3.695268 11.338684 15.594206 15.139947 2.584329 22.675211 7.602942 -14.445030 -0.790872 11.366825 0.144823 -8.089701 3.341717 0.940700 0.438952 -11.415016 -6.893813 6.549080 13.704034 16.431269 -18.104488 -6.053386 -26.235842 4.499685 -0.417637 16.011982 -16.909685 1.202681
1.287020 -4.677009 2.807817 10.397251 16.632093 15.968656 1.894099 23.301289 8.967826 -15.991169 0.837642 10.819478 0.768499 -7.890583 2.575785 1.043023 -0.161095 -11.170596 -5.947815 6.825088 15.781533 14.988522 -18.907118 -6.246095 -25.997326 2.290720 0.670956 16.766535 -18.654577 -0.616152
1.167040 -6.987271 2.223231 8.104967 16.691540 16.076466 2.287601 23.761436 8.882150 -17.216738 3.074136 10.050919 1.267628 -7.683737 2.000806 1.203006 -0.636773 -10.603900 -4.915211 6.959523 17.428242 13.487736 -17.557055 -5.696069 -25.233696 0.645992 0.237901 16.899805 -19.957750 -2.283486
1.361175 -8.655863 0.986547 6.324226 18.186888 15.517287 2.096836 22.949581 9.288804 -18.014299 3.879565 10.102410 1.528362 -7.018189 2.014823 0.896302 -1.299495 -10.861373 -4.486477 6.907267 18.152760 12.584650 -16.031958 -5.740334 -24.590326 -1.017929 0.549776 16.828024 -21.123123 -3.925343
1.998498 -9.886042 0.088548 4.968593 20.207491 13.568221 2.055994 22.168045 9.602768 -18.963196 4.029026 10.510408 1.859604 -6.335296 1.750677 0.350736 -1.770128 -11.053915 -4.479617 7.545513 18.367414 11.653698 -15.570629 -7.230594 -25.096216 -2.613989 1.933377 16.572330 -21.591755 -4.519641
-0.025924 -11.696539 -1.510034 4.442317 19.787111 15.586542 3.675138 20.807432 8.708037 -18.033770 5.165361 10.012280 2.352563 -5.653806 1.371068 -0.093296 -2.441649 -10.654002 -3.783294 7.531626 17.232431 9.054356 -14.392686 -5.176569 -22.168879 -2.226739 1.727892 16.424166 -23.010176 -5.451802
-0.444905 -13.126579 -2.759513 2.539496 19.969706 16.239721 5.164930 19.906958 7.765652 -18.958508 5.990370 9.710327 2.453370 -5.057148 1.581602 -0.637635 -2.342114 -10.212524 -2.610891 7.432984 17.239435 6.844965 -12.284755 -2.922299 -21.265226 -3.559322 -0.252995 15.013434 -23.801413 -7.067214
-2.307833 -15.260620 -4.723401 1.112916 17.415489 18.924835 7.366394 18.481388 6.299042 -18.299400 7.439497 8.562582 2.176209 -4.742400 2.023768 -0.638635 -1.703321 -9.983562 -1.624069 7.602021 16.818150 3.864551 -10.331159 0.038207 -19.179590 -4.387174 -3.693858 12.992665 -24.757782 -9.508632
-3.995872 -18.453564 -6.698792 -1.990744 13.726315 20.723753 8.884201 18.397369 3.765578 -17.578672 8.255651 7.484160 2.125299 -4.519477 3.213396 -0.905079 -1.094696 -10.195160 0.233573 7.664677 15.241255 -0.204325 -6.080500 4.237924 -17.745543 -5.026122 -7.173075 11.630065 -24.043741 -11.156714
-5.657180 -20.833075 -9.269069 -5.575463 9.540500 21.729000 9.097049 18.055712 -0.046069 -15.584883 8.550121 5.910102 2.056337 -4.592545 4.110396 -1.756856 -0.744605 -10.565495 2.503207 7.835022 14.249159 -4.049786 -3.292248 7.335055 -16.504301 -4.836118 -9.311896 8.608041 -21.560144 -14.995692
-7.446747 -21.274296 -13.609923 -6.718563 3.813268 21.255985 8.709910 16.534481 -4.932246 -10.436939 8.493203 4.431877 2.204513 -4.538311 5.575155 -2.349051 -0.808118 -10.469172 4.341456 7.794698 13.749408 -5.657241 -1.352760 10.587577 -15.026241 -3.226937 -9.657254 6.673767 -20.487469 -19.619652
-7.599269 -20.164093 -20.749493 -5.504263 -2.429734 20.088343 7.087834 15.739949 -10.047042 -3.640367 8.025866 1.621403 3.240229 -4.456737 7.360547 -3.306749 -1.721680 -10.177050 6.304070 6.723589 13.048717 -6.317079 2.919425 13.906042 -13.287572 -0.288110 -8.383323 3.800002 -18.578856 -23.720654
-7.018341 -16.564970 -27.397680 -2.144335 -6.148893 18.541807 5.575163 14.132524 -14.265746 2.854840 7.363280 -1.125574 5.059968 -4.507938 9.760387 -3.627221 -2.855508 -8.896172 7.444593 5.487116 12.661849 -6.479044 7.604275 16.446819 -11.575817 2.227775 -4.444255 1.356682 -16.814371 -24.425602
-5.086782 -12.346494 -31.027086 -0.577066 -6.315002 16.163931 4.265816 13.403720 -16.542128 5.636019 7.245027 -3.513390 6.070171 -4.324030 11.614158 -3.573735 -3.806556 -7.685400 8.046169 3.819753 12.233085 -6.756752 11.604262 18.340412 -10.447250 4.162838 -1.032692 -0.228453 -14.982723 -24.208744
-3.278814 -9.660372 -32.054398 0.100819 -6.357876 14.717941 3.270491 13.441634 -16.332926 6.526165 7.251592 -4.396802 6.899203 -3.920997 12.609070 -3.228950 -3.593429 -7.255137 7.782410 2.809956 12.338946 -6.339814 13.824580 20.056108 -9.892179 5.735712 0.773904 -0.769353 -13.278162 -23.561876
-2.757106 -8.645554 -32.080933 0.611069 -6.098288 14.241652 2.756671 13.206079 -15.847697 6.610394 7.252366 -4.489115 6.981732 -3.742625 12.886379 -2.921710 -3.604607 -6.787542 7.384852 2.246027 12.072470 -5.824251 14.835171 20.221792 -9.522199 6.782135 1.051872 -1.004065 -13.011341 -22.554405
-2.412150 -7.934642 -32.188847 0.640469 -6.201128 14.128882 2.347198 12.990670 -15.626441 6.755227 7.160586 -4.642029 7.167927 -3.650530 12.959233 -2.764323 -3.549416 -6.479046 7.177866 1.974263 12.092851 -5.667881 15.127604 20.492769 -9.078669 7.177754 1.482538 -1.271284 -12.744377 -22.296875
-6.666682 -11.620331 -30.754168 -2.485227 -4.652813 15.051573 5.939786 11.565834 -17.055130 6.374051 7.410311 -2.134283 4.707563 -3.852484 11.777037 -3.525696 -4.356085 -6.433118 8.314430 4.506958 8.953244 -8.769808 10.322979 16.852325 -10.153109 3.404503 0.196111 -0.406850 -15.564390 -24.108604
-8.871480 -14.257998 -28.490995 -4.787177 -3.514092 15.864266 8.612779 10.442429 -15.743456 5.124436 7.459083 -0.087274 2.996284 -3.653912 10.707165 -3.483822 -4.386392 -6.176168 8.292606 5.856503 7.618902 -9.942192 8.043763 14.323604 -10.695232 2.012671 0.093397 0.505169 -16.904396 -24.865292
-10.472602 -16.750359 -23.538893 -7.652861 1.328208 16.441965 12.043681 10.342643 -13.344110 0.488160 7.696767 2.865144 0.613599 -3.414883 8.928286 -3.536454 -3.394325 -6.796332 7.920861 6.914692 7.522838 -11.496882 3.571548 11.165338 -11.756870 -0.984860 -1.409138 3.400306 -18.857298 -24.001270
-11.237471 -16.892958 -20.846239 -8.801868 5.333196 15.624388 14.635096 9.111292 -11.087169 -1.821711 7.726259 4.705127 -0.874792 -3.173995 8.337407 -3.613352 -3.172958 -6.740308 7.793888 7.540576 6.952963 -12.440536 1.631936 8.719991 -12.181024 -2.084335 -1.039794 5.964512 -20.489550 -23.065708
-12.156412 -15.980114 -18.930632 -10.318366 8.396662 15.701041 16.519802 7.740043 -10.946050 -2.660635 7.618279 5.697699 -1.933673 -2.838163 7.963024 -3.634830 -2.952050 -6.431597 7.287182 7.795905 6.023992 -14.008213 0.359015 7.277284 -12.080702 -3.143317 -0.071260 6.350567 -20.641678 -21.822100
-12.757371 -14.683558 -20.452013 -10.718967 6.223926 14.357226 15.349831 6.858581 -11.523124 -0.454822 7.651548 5.139665 -1.934277 -2.906343 8.438776 -3.810447 -3.286395 -6.017728 7.874082 7.132085 5.535266 -14.860796 1.398175 7.750858 -11.168571 -2.675731 1.822784 5.866331 -20.094059 -22.400650
-14.119514 -13.742893 -16.690880 -12.774595 10.471760 15.199477 17.597038 6.486888 -10.306502 -2.038808 7.380538 6.492008 -2.817715 -2.577682 8.159069 -3.513722 -2.327734 -4.753039 7.158333 7.724324 5.828748 -16.763464 -1.420236 6.104820 -11.532219 -4.679019 2.321093 6.561707 -19.456408 -20.256464
-16.069368 -12.343594 -14.953165 -14.449396 11.336775 15.071182 18.350357 6.364388 -11.060575 -1.838593 7.546824 7.553512 -3.045039 -2.515659 8.583181 -2.607540 -1.453251 -3.556602 6.884541 8.017859 5.999522 -18.418329 -3.677783 6.271282 -11.449313 -5.174928 3.094215 5.838885 -18.046881 -18.796488
-17.250797 -10.988816 -12.842977 -16.259731 11.511787 15.343651 17.821621 7.125031 -11.029389 -1.805786 7.677302 8.089582 -2.682936 -2.445265 8.735008 -2.061275 -0.775000 -2.450485 6.637971 8.125217 5.968157 -19.210478 -5.173155 5.858982 -11.779866 -5.561353 2.857244 4.757209 -17.258274 -17.138977
-17.708117 -10.213612 -11.531693 -17.470236 10.012207 15.554730 17.361004 8.838595 -10.846753 -1.159663 7.733981 7.400556 -1.872941 -2.573503 9.452105 -1.296946 -0.594010 -1.955622 6.146104 8.863886 6.254472 -19.442747 -5.528481 6.664265 -12.034393 -5.671554 1.893747 3.348569 -16.763346 -15.414245
-18.376732 -9.803600 -11.147404 -17.542849 7.597955 16.731859 17.237005 9.714010 -10.939051 -1.172164 7.820534 6.723173 -1.260103 -2.843670 9.785142 -0.522127 -0.133112 -1.779441 5.673176 9.040723 6.414575 -19.761820 -5.420300 8.053877 -12.306072 -5.562721 1.207986 2.276031 -15.755980 -14.875499
-18.519686 -9.431398 -11.096371 -17.309286 3.919068 17.913782 16.003086 11.219000 -10.838149 0.181037 7.635305 6.227312 -0.798402 -3.003957 10.096263 -0.443000 0.355580 -1.437871 5.760814 8.853336 7.071673 -20.415539 -4.998916 10.455585 -11.421207 -5.103498 0.818295 1.804230 -14.251325 -13.141019
-17.774101 -9.109591 -10.704977 -16.441809 1.975873 18.717728 15.465130 12.551507 -10.853896 0.297941 7.239575 5.297644 0.025313 -3.228857 10.283475 -0.391191 0.711936 -1.682113 5.306038 8.710286 8.938739 -20.258759 -4.644539 12.040399 -11.119574 -5.326450 0.012174 1.169856 -13.393340 -12.190382
-17.020298 -9.393936 -11.888627 -14.171059 -1.526343 20.024431 14.019633 13.326758 -11.373491 0.776881 6.793454 3.919989 1.368734 -3.328584 10.600157 -0.745293 1.046139 -1.732885 5.219352 8.304543 10.888130 -19.188477 -4.366071 14.251088 -10.553576 -4.974839 -0.396868 0.785946 -12.739246 -11.820381
-16.177055 -9.243236 -11.069221 -13.266503 -4.095849 21.496880 13.035081 15.168597 -12.871459 -1.072894 6.484764 3.392026 2.748942 -3.753056 10.679945 -0.441784 1.989568 -2.025423 4.959661 8.237501 13.819550 -17.861044 -3.742689 16.221455 -10.362825 -4.717540 -2.442197 0.025545 -11.752329 -10.762484
-15.368743 -9.690149 -12.169084 -12.080586 -6.253193 22.045441 12.247771 16.561983 -12.568465 -0.696855 6.454364 2.699161 3.863207 -3.905171 10.560190 -0.686597 2.420666 -2.720759 4.955312 7.833781 15.145391 -17.097731 -2.941530 18.470512 -10.028805 -4.523573 -4.400438 -1.133722 -10.714302 -11.731109
-15.425969 -10.134335 -11.740525 -11.726151 -6.638077 22.788046 12.052398 17.303041 -12.557996 -0.989677 6.553347 2.725596 3.920905 -3.897964 10.597015 -0.804715 2.618263 -2.996276 5.087703 7.757119 15.847678 -16.541128 -3.350877 18.707140 -10.554096 -4.650908 -4.729316 -0.910038 -10.902248 -11.692956
-15.650598 -9.701342 -14.524655 -10.617048 -8.748753 22.520601 11.529434 16.593300 -13.371191 1.287655 6.384281 1.799335 4.301726 -3.815557 10.980680 -1.092402 2.021219 -3.062703 5.189976 7.271969 15.066533 -16.056885 -1.245056 20.001772 -9.776878 -3.636067 -3.788297 -1.946839 -10.283682 -12.470744
-15.842363 -8.768742 -17.246952 -10.341616 -10.020189 21.815857 10.040916 15.198185 -14.179229 3.608029 5.897817 1.093983 4.635089 -4.096801 11.340487 -1.382503 1.296409 -2.864347 5.719247 6.973328 13.604106 -15.877205 0.282583 21.139467 -9.264507 -2.582141 -2.381815 -3.018823 -10.081180 -13.668088
-15.810471 -7.960676 -18.178261 -9.648701 -10.206371 21.267462 9.245626 14.688551 -14.608064 4.486224 5.946347 0.756150 4.804341 -4.179405 11.451475 -1.359396 0.979513 -2.917158 5.874568 6.968003 13.412631 -15.559394 0.930916 21.284689 -9.038030 -1.915172 -1.964774 -3.535247 -9.675453 -13.810643
-18.226427 -3.429232 -12.522499 -15.429742 -9.382420 16.927990 13.394468 14.573186 -20.088614 6.568812 3.236179 3.457053 2.226941 -4.116168 13.258776 -1.813419 0.578807 -1.150643 5.594638 8.745484 14.790298 -20.068592 -1.712836 14.333668 -8.591587 0.141696 1.763005 -2.692158 -7.162523 -14.450226
-18.880430 -1.958646 -15.449421 -14.830893 -10.843271 15.768872 11.489820 13.084361 -22.237366 8.757203 1.451279 3.405728 2.067795 -4.263364 14.598171 -2.439921 -0.406141 -0.983605 5.822556 8.614263 13.593924 -20.505322 0.043108 13.925633 -7.542461 2.059984 3.728415 -3.704862 -6.600528 -15.288560
-18.461502 -0.960343 -16.859407 -13.988998 -11.048887 15.100277 10.711860 12.530693 -22.511848 10.156408 1.476515 3.381984 2.060682 -4.275267 14.813115 -2.373260 -0.723044 -0.749713 5.965713 8.461467 12.999971 -20.135454 0.937903 14.233228 -7.085333 2.619603 4.374248 -4.129501 -6.499509 -14.987287
-18.082766 -0.763533 -17.350485 -13.609259 -11.156202 15.101819 10.367062 12.515578 -22.431950 10.426558 1.585257 3.025466 2.456283 -4.186968 15.104853 -2.201564 -0.814563 -0.666996 5.829405 8.435946 12.937216 -20.204144 1.318373 14.496184 -6.965089 2.570033 4.510510 -4.120910 -6.688080 -14.750019
-18.002899 -0.581713 -17.617064 -13.466974 -11.079441 15.105298 10.206657 12.490962 -22.386003 10.626764 1.693782 2.832747 2.549129 -4.227080 15.094122 -2.106941 -0.853303 -0.732943 5.845730 8.270751 13.006913 -20.051664 2.081382 14.921035 -6.870559 2.741951 4.445877 -4.233531 -6.752725 -14.858804
-18.170219 -0.629101 -18.318926 -13.041283 -11.136501 14.856671 9.977918 12.369485 -22.168215 11.386847 1.689032 2.560760 2.651371 -4.236978 15.056495 -2.212024 -0.952288 -0.780250 5.891779 8.287876 12.505593 -20.026159 2.494595 14.964561 -6.548040 3.129764 4.813458 -4.816548 -6.701983 -14.906815
-18.026157 -0.558593 -18.686142 -12.566863 -10.937395 14.769589 10.074024 12.244441 -21.918406 11.570341 1.722920 2.515202 2.789512 -4.138658 15.169262 -2.270843 -1.040469 -0.897817 5.995151 8.057264 12.436106 -19.905905 2.866219 15.019519 -6.399209 3.360054 4.823741 -4.657571 -6.759821 -14.679442
-18.074711 -0.324216 -18.869612 -12.594866 -11.016815 14.475172 9.701740 11.965816 -21.869453 11.705697 1.850501 2.322163 2.867838 -4.000847 15.132683 -2.239573 -0.964243 -0.906721 5.934023 7.969524 12.462018 -19.775915 3.230375 15.246507 -6.378332 3.322032 4.726756 -4.654607 -6.796741 -14.422986
-17.936268 -0.655403 -17.525686 -13.575193 -10.988201 15.104591 10.234367 12.482135 -22.248720 10.553403 1.709923 2.912680 2.239846 -4.115046 15.042077 -2.447901 -1.064841 -0.863036 6.106797 8.095651 12.804553 -20.217945 1.527401 14.571153 -6.953171 2.571052 4.716838 -4.164050 -6.641870 -14.668121
-18.033493 -0.629435 -18.059698 -13.057028 -11.046128 14.846137 10.003518 12.502908 -22.240990 11.253601 1.701780 2.535107 2.400951 -4.236903 15.040447 -2.363910 -1.091056 -0.829252 5.943560 8.232475 12.611798 -20.076685 2.210471 15.073062 -6.648443 3.051772 4.735266 -4.689174 -6.658245 -14.889144
-18.060852 -0.548620 -18.678133 -12.677990 -10.971560 14.770997 10.049763 12.253545 -21.993635 11.616858 1.723108 2.467013 2.651438 -4.162488 15.115353 -2.331745 -1.073841 -0.904800 5.998064 8.056025 12.344658 -19.919310 2.859658 15.050117 -6.445873 3.312797 4.724420 -4.727263 -6.741867 -14.738680
-18.074461 -0.239129 -18.953743 -12.637850 -11.032934 14.440554 9.622293 11.919369 -21.890554 11.834648 1.838500 2.317523 2.849342 -4.002306 15.109359 -2.217126 -0.934631 -0.942772 5.927078 7.986326 12.441134 -19.759394 3.263797 15.427512 -6.412230 3.305502 4.781261 -4.627923 -6.832457 -14.383835
-18.024731 -0.242982 -18.945105 -12.629131 -11.075509 14.430497 9.584176 11.880468 -21.953749 11.827364 1.859096 2.317771 2.792364 -3.995893 15.061552 -2.297538 -0.981184 -0.996763 5.980076 7.911442 12.425437 -19.747965 3.215346 15.383133 -6.435628 3.241378 4.786657 -4.599441 -6.855973 -14.395730
-17.948509 -0.707721 -17.505453 -13.616592 -10.995693 15.043280 10.221225 12.487113 -22.360008 10.496973 1.693338 2.922522 2.175661 -4.133220 14.997425 -2.492910 -1.112911 -0.836225 6.083818 8.087021 12.754117 -20.176260 1.499420 14.489727 -6.959793 2.534199 4.770289 -4.207175 -6.689275 -14.599725
-18.070431 -0.683280 -18.056852 -13.077255 -11.124018 14.841116 9.998952 12.547407 -22.155695 11.245717 1.725177 2.535604 2.433939 -4.208549 15.124496 -2.377745 -1.097273 -0.912230 6.033872 8.193851 12.569614 -20.084555 2.268825 15.010681 -6.657388 3.030430 4.753790 -4.733673 -6.576311 -14.943534
-18.140501 -0.586120 -18.608595 -12.662418 -10.959938 14.751662 10.129380 12.248872 -21.995136 11.543850 1.739810 2.432881 2.583717 -4.165274 15.108770 -2.373147 -1.099771 -0.884143 6.038750 8.001266 12.354713 -20.002306 2.834962 15.096560 -6.440295 3.287619 4.765557 -4.747804 -6.705665 -14.602797
-17.989803 -0.292701 -18.942131 -12.562949 -11.000348 14.606200 9.687778 12.029872 -21.936182 11.718387 1.847291 2.405438 2.792048 -4.035066 15.127184 -2.322428 -1.016127 -0.970469 6.032761 7.914407 12.376757 -19.824976 3.040353 15.376239 -6.448137 3.285460 4.726506 -4.637979 -6.768989 -14.690349
-17.979145 -0.299518 -18.937830 -12.580696 -11.017676 14.594645 9.709983 12.040913 -21.887819 11.761386 1.848528 2.431574 2.817802 -4.022749 15.093824 -2.310923 -0.989636 -0.978076 6.005570 7.934198 12.324191 -19.860203 3.043034 15.370294 -6.456408 3.271419 4.773144 -4.624295 -6.767093 -14.746369
-18.040464 -0.830709 -17.364935 -13.645393 -11.019740 15.060572 10.289161 12.556468 -22.450663 10.398199 1.574946 2.945507 2.101837 -4.196005 15.077842 -2.513932 -1.064335 -0.848955 6.096582 8.211187 12.819178 -20.215996 1.385365 14.441177 -6.956513 2.593108 4.742659 -4.245615 -6.591557 -14.686247
-17.947186 -0.617075 -17.583124 -13.488265 -11.019513 15.149417 10.081376 12.464643 -22.279119 10.594587 1.675602 2.749959 2.264017 -4.177827 14.982754 -2.454288 -1.116537 -0.838723 6.060516 8.100229 12.907425 -20.162470 2.193029 14.798760 -6.751359 2.873209 4.598654 -4.380399 -6.656847 -14.802808
-17.998381 -0.705642 -17.971025 -13.026160 -11.057946 14.984699 10.027681 12.448223 -22.130632 10.902254 1.694970 2.704828 2.217395 -4.218038 14.944139 -2.443761 -1.124654 -0.937001 6.077201 8.074922 12.742963 -20.068064 2.152934 14.874883 -6.669246 3.044670 4.821662 -4.424042 -6.553367 -14.699956
-17.993073 -0.622216 -18.714182 -12.657804 -10.930189 14.754444 9.933328 12.250612 -21.922157 11.496452 1.742364 2.402280 2.543737 -4.156223 15.063730 -2.491161 -1.155078 -0.934030 6.142332 7.981935 12.283776 -19.975512 2.952455 14.992579 -6.387866 3.333802 4.905165 -4.697997 -6.719045 -14.637956
-17.833035 -0.394231 -18.873701 -12.525742 -10.906396 14.651273 9.780484 12.074743 -21.784552 11.499047 1.818815 2.423998 2.761931 -4.021275 15.072342 -2.419230 -1.039243 -0.907266 6.038919 7.913261 12.415689 -19.797338 3.119814 15.173890 -6.387381 3.277919 4.707713 -4.736688 -6.765435 -14.676603
