-3.528229 28.397947 -16.633438 22.686266 0.426698 5.484206 -9.966100 2.731807 -11.712505 -7.977482 -4.360518 1.297029 -1.278374 -9.785135 5.313223 -2.067775 -5.403898 3.239830 -9.603814 -2.814684 1.789792 15.037254 -10.184264 -0.031507 -29.366245 6.418881 11.337130 -16.504515 2.296240 9.777767
-3.536269 28.422894 -16.707355 22.769976 0.351296 5.405159 -10.073728 2.642178 -11.874619 -8.233772 -4.417994 1.336062 -1.296399 -9.760692 5.308628 -2.096425 -5.427186 3.195448 -9.685207 -2.766616 1.866728 15.216671 -10.558564 -0.038863 -29.575241 6.305136 11.394027 -16.433176 2.286534 9.591658
-9.942138 15.946452 -8.586140 28.150530 5.373213 0.170778 1.403833 8.564854 -16.994127 -10.808300 -5.989570 2.486069 -4.098287 -12.319131 0.052845 -3.502013 -3.073747 -2.718681 -8.135598 3.956489 3.723514 10.824402 -13.616445 -5.322651 -33.400883 8.691765 -3.555413 -7.538775 2.926837 -5.281264
-7.087103 17.642221 -11.265265 28.665022 5.403628 -1.915837 -0.817034 8.841331 -16.747648 -9.264557 -5.792578 1.941341 -3.720718 -12.559746 0.337491 -3.790959 -4.065679 -1.967497 -7.349082 3.502038 4.637189 13.077782 -11.452655 -6.189793 -33.392040 9.672222 -0.582317 -7.267940 2.873238 -5.082523
-6.427713 18.131401 -11.084765 29.590437 5.662551 -2.645344 -1.368018 8.796405 -15.548749 -8.176681 -5.491466 1.727198 -3.506880 -12.912369 0.375393 -3.609394 -4.328695 -1.204727 -6.680922 3.200637 4.462054 13.702651 -11.009845 -8.092295 -32.654976 10.939278 1.404406 -6.184665 2.560275 -3.429874
-5.612264 18.996496 -10.682967 29.873343 5.224820 -3.212967 -2.456411 8.599214 -14.749210 -7.061899 -5.232554 1.257392 -3.272875 -13.229665 0.241024 -3.557323 -4.175748 -0.682033 -6.100771 3.151043 4.696280 13.195660 -10.803433 -8.669354 -32.498196 11.234921 3.060909 -5.462502 3.071751 -1.624336
-4.901491 19.241455 -10.389837 29.759836 5.055084 -3.514272 -2.657622 9.106638 -14.011523 -5.588206 -5.215359 0.839131 -3.369352 -13.396667 0.102413 -3.725284 -3.849430 -0.262927 -5.752301 3.077280 5.395321 12.515637 -10.755653 -8.818734 -32.129200 11.212601 3.987826 -5.350904 4.034673 -0.711743
-4.495843 20.498867 -9.438534 28.129713 3.206949 -4.071090 -3.643753 9.936382 -14.654486 -4.707830 -5.328112 -0.157283 -3.162398 -13.292407 0.309789 -4.075897 -3.005131 0.183139 -5.667800 3.020875 7.297716 11.119561 -11.257471 -8.627704 -31.427565 10.494344 4.880250 -5.346669 5.819665 1.186817
-4.192499 21.320477 -8.762189 25.704370 1.903126 -4.247099 -4.029549 11.504040 -14.728711 -3.312794 -5.743749 -1.538141 -2.814242 -13.263181 0.576350 -4.799904 -2.224554 0.522069 -5.584507 2.443879 8.759542 9.374982 -11.364188 -8.190875 -31.075987 9.885006 5.638516 -5.521196 7.508557 2.236867
-3.559674 21.226402 -8.319643 24.048994 0.462158 -4.219855 -4.649433 12.587451 -14.535992 -2.198340 -5.528312 -2.521444 -2.733008 -13.439642 0.394328 -5.068054 -1.830788 1.147534 -5.063937 1.917250 9.217695 7.716172 -11.021774 -7.304478 -30.936922 9.246284 7.222301 -5.174493 8.806350 4.326254
-2.568298 21.747265 -8.541948 21.866932 -0.878602 -4.547324 -5.856586 13.825763 -14.012002 -0.493632 -5.256418 -3.397619 -2.031428 -13.679880 0.344992 -5.092756 -1.875202 1.596512 -4.535467 1.530828 9.630979 6.234380 -10.740348 -6.716427 -31.035830 8.840419 9.226806 -4.934376 10.167079 6.120203
-0.921650 20.544733 -9.920791 21.323320 -1.753540 -4.543586 -5.911885 15.435010 -12.715335 0.672883 -4.889643 -3.707891 -1.334047 -14.029778 0.307914 -4.584199 -2.169666 2.277645 -4.001539 1.424789 10.255706 5.859224 -10.073276 -6.555819 -30.797850 9.037855 11.240603 -5.011599 11.288443 6.104209
1.471544 19.850172 -11.819282 21.638250 -2.466320 -4.923505 -6.746290 16.514107 -11.593927 2.237589 -4.585934 -3.944273 0.021449 -14.435241 0.670762 -3.640277 -2.499179 3.196954 -3.488622 2.229013 11.835365 6.752977 -9.113723 -8.119901 -28.891958 9.875967 14.219066 -4.999929 11.324005 6.595572
2.976336 20.198900 -11.959420 21.524054 -3.394237 -5.064922 -8.170748 17.274878 -10.743459 3.339795 -4.278384 -4.434849 1.035243 -14.603191 1.204080 -3.030061 -2.353644 4.325718 -3.260942 2.795475 12.817370 7.891872 -8.438729 -8.316079 -28.402304 10.160516 15.201160 -4.421659 10.857090 7.724153
2.940814 20.422211 -11.985008 21.503637 -3.257713 -4.961454 -8.072723 17.162146 -10.624159 3.450343 -4.245875 -4.424647 0.951280 -14.630880 1.157382 -3.055940 -2.383594 4.323455 -3.215075 2.779866 12.920951 7.718270 -8.449042 -8.435946 -28.367760 10.067160 15.296664 -4.363360 10.932178 8.017808
3.116171 20.198170 -11.926812 21.540594 -3.441920 -5.103592 -8.264896 17.369528 -10.650973 3.554654 -4.319480 -4.495968 1.108088 -14.642487 1.157704 -3.050278 -2.346660 4.326256 -3.229354 2.824311 13.237390 7.714287 -8.388791 -8.466132 -28.263666 10.131820 15.388171 -4.136006 10.903048 8.029038
3.052659 20.289602 -11.966189 21.530527 -3.368278 -5.051924 -8.147735 17.215170 -10.654999 3.471000 -4.286655 -4.428674 1.049478 -14.641892 1.181900 -3.011415 -2.371772 4.342508 -3.242763 2.807324 13.046340 7.841032 -8.400129 -8.437142 -28.344540 10.139108 15.274900 -4.287677 10.861882 7.892925
3.187643 20.184410 -11.979429 21.496883 -3.459139 -5.126700 -8.372820 17.414303 -10.559026 3.735677 -4.317487 -4.548765 1.134091 -14.668730 1.162956 -3.069028 -2.342417 4.343563 -3.183420 2.796118 13.440151 7.607563 -8.373988 -8.401394 -28.217588 10.179251 15.504710 -3.901547 11.002771 8.256166
3.131952 20.240391 -11.898632 21.464218 -3.436222 -5.082438 -8.269306 17.399389 -10.538866 3.707104 -4.283656 -4.527510 1.077911 -14.675346 1.129109 -3.062333 -2.331470 4.378082 -3.143312 2.820118 13.318236 7.616965 -8.402228 -8.521394 -28.259552 10.113305 15.440284 -4.048119 11.010211 8.246925
2.944679 20.490387 -11.911311 21.482016 -3.312239 -4.841623 -8.161772 17.155172 -10.617217 3.398895 -4.219549 -4.380247 0.956644 -14.631829 1.157988 -2.980191 -2.364088 4.416529 -3.216808 2.755726 13.019646 7.971108 -9.734635 -8.325139 -28.412596 9.943573 15.789256 -4.336625 10.994650 7.901917
3.143002 20.272964 -11.918010 21.439442 -3.441268 -5.123787 -8.365829 17.363007 -10.519845 3.746135 -4.299257 -4.541476 1.119271 -14.667297 1.162162 -3.091821 -2.350233 4.401733 -3.138833 2.832021 13.489989 7.880158 -9.666122 -8.362526 -28.319202 10.010799 16.048300 -3.871705 11.101943 8.027315
3.095178 20.359123 -11.952867 21.506952 -3.443641 -5.029880 -8.340678 17.211426 -10.626685 3.553543 -4.268626 -4.474628 1.131876 -14.644471 1.195080 -3.002196 -2.358508 4.445932 -3.200646 2.829281 13.287443 8.016234 -9.613844 -8.261851 -28.403950 10.032684 15.988093 -4.054263 11.007814 7.856102
2.899139 20.511572 -9.389935 20.061998 -5.436026 1.318823 -10.757237 17.307032 -6.532810 3.847092 -2.835979 -3.698534 0.917091 -13.761909 1.067907 -1.586787 -1.386721 5.606745 -4.451449 2.949054 13.722481 7.194472 -10.978981 -5.672539 -27.822569 6.932044 15.125795 -4.292666 10.148645 13.064460
-7.351225 21.599089 2.282175 14.726517 -2.715079 14.472610 -12.881326 14.040230 -1.496690 4.247226 1.031406 -1.061258 -3.396569 -11.896515 -1.295975 -0.112853 2.774754 6.291493 -6.635347 1.907291 6.926445 2.332529 -20.375448 -4.706737 -25.519403 1.134827 5.314163 -6.062830 2.519310 22.439156
-11.902196 26.945700 6.447113 9.069204 0.125535 15.884931 -11.604863 11.859282 -3.700816 6.463552 1.046129 -1.154208 -5.524523 -10.465277 0.310350 -0.201047 3.712031 8.914853 -7.253069 0.696969 4.745043 0.158031 -23.539682 -5.402994 -24.683348 1.056161 3.325188 -7.316744 2.017262 23.405586
-11.737823 27.397793 6.710344 6.496588 -2.299843 15.565948 -11.397513 13.974412 -3.420748 8.046513 1.002926 -1.991886 -4.595633 -9.850282 0.765185 -0.821454 3.878740 9.520759 -7.272520 -0.094179 5.805401 -0.038695 -22.124857 -5.485815 -24.332487 1.008600 3.841688 -7.192217 2.328708 23.499584
-11.841972 27.611032 6.747154 6.522721 -1.870875 15.506415 -11.448475 13.735486 -3.330212 8.129375 0.959696 -1.997069 -4.708545 -9.839561 0.756161 -0.851811 3.854952 9.479663 -7.263662 -0.032899 5.636980 -0.187624 -22.374155 -5.539974 -24.382793 0.926568 3.650965 -7.274522 2.221648 23.596083
-11.551625 27.300493 6.642022 6.468007 -2.320263 15.418191 -11.688657 14.086176 -3.407004 8.001286 0.985215 -2.039918 -4.598681 -9.879324 0.774133 -0.840490 3.846195 9.540052 -7.210925 -0.041715 5.772268 -0.066089 -22.012089 -5.511431 -24.433300 1.039696 3.787451 -7.099006 2.251891 23.591843
-11.320098 27.342676 6.754167 6.538716 -2.627583 15.502393 -11.930274 14.265320 -3.657479 7.855563 0.961871 -1.996187 -4.539987 -9.927364 0.717333 -0.856859 3.786541 9.506166 -7.138592 -0.089725 6.054422 0.009614 -21.912411 -5.356574 -24.317087 0.996664 3.700140 -7.092619 2.251945 23.729218
-12.150321 27.447969 6.616451 6.519435 -1.348878 15.172544 -11.136210 13.355428 -3.242324 8.253677 0.906168 -1.856611 -4.975032 -9.789517 0.583630 -0.998142 3.807151 9.373081 -7.228840 -0.198253 5.081985 -0.231556 -22.645424 -5.702327 -24.502657 1.052587 3.605458 -7.328271 2.166152 23.370075
-11.852292 27.474731 6.724310 6.483842 -1.720001 15.403419 -11.510179 13.740039 -3.320829 8.144290 0.938344 -1.901940 -4.804494 -9.818243 0.710069 -0.893181 3.856534 9.457613 -7.255667 -0.065179 5.422713 -0.184566 -22.463053 -5.639324 -24.402010 1.013630 3.686617 -7.168945 2.149980 23.443417
-11.908490 27.408024 6.500236 6.541269 -1.737123 15.171476 -11.499150 13.677491 -3.336483 8.128489 0.892185 -2.017172 -4.755605 -9.821247 0.722605 -1.017918 3.783103 9.487535 -7.170730 -0.143808 5.484527 -0.128979 -22.257021 -5.764733 -24.398764 1.077059 3.777894 -7.194625 2.074969 23.463596
-11.919322 27.374615 6.493627 6.476692 -1.585307 15.079006 -11.480957 13.613872 -3.342295 8.263064 0.902560 -1.975647 -4.857964 -9.788392 0.643628 -1.070599 3.763802 9.401964 -7.161147 -0.244706 5.380713 -0.105794 -22.258661 -5.824702 -24.474104 1.069756 3.741579 -7.112953 1.986849 23.332664
-11.642312 27.160309 6.660417 6.542583 -2.271641 15.295669 -11.630485 14.131639 -3.257994 8.058149 0.948422 -1.916348 -4.580832 -9.847244 0.691517 -0.860311 3.841880 9.508371 -7.259429 -0.096638 5.784299 0.026629 -22.131933 -5.750848 -24.337978 1.085629 3.724920 -7.135532 2.226703 23.322693
-11.615365 27.070023 6.649622 6.448177 -2.124228 15.280425 -11.506087 14.201270 -3.093657 8.295180 0.962712 -1.953483 -4.588117 -9.821095 0.652653 -0.932696 3.829309 9.489540 -7.232523 -0.197322 5.642127 0.024792 -22.175619 -5.725604 -24.434423 1.070166 3.712791 -7.134096 2.215301 23.193802
-11.574710 27.219685 6.658167 6.539559 -2.108130 15.358559 -11.703756 14.084920 -3.383711 8.087613 0.986308 -1.918711 -4.630969 -9.866905 0.677384 -0.809843 3.842809 9.491470 -7.259884 -0.101059 5.756720 0.007837 -22.042139 -5.821217 -24.320276 1.105613 3.774595 -7.072789 2.129923 23.308458
-11.535191 26.993984 6.628963 6.520617 -2.283098 15.269855 -11.770722 14.236074 -3.284601 8.021104 0.958202 -1.907976 -4.582485 -9.863781 0.683191 -0.838372 3.849865 9.497437 -7.262446 -0.107371 5.816017 0.082212 -22.010368 -5.618927 -24.331081 1.066357 3.691265 -7.074368 2.114291 23.387955
-11.459910 26.954960 6.662474 6.498917 -2.347767 15.263664 -11.888042 14.314218 -3.216859 7.977098 0.950012 -1.892875 -4.568161 -9.843998 0.658436 -0.890231 3.842069 9.508607 -7.234229 -0.131230 5.984744 0.100369 -21.920967 -5.557745 -24.331133 1.035598 3.560205 -6.961068 2.070700 23.501621
-11.959336 27.348221 6.679388 6.306719 -1.943839 15.335440 -11.593396 13.815758 -2.982997 8.206970 1.005084 -1.872273 -4.552918 -9.679152 0.677959 -0.912139 3.972712 9.472670 -7.398036 -0.137725 5.662765 -0.092534 -22.181202 -5.653502 -24.361658 1.021927 3.469812 -7.155897 2.179759 23.437229
-11.795526 27.446545 6.704242 5.628352 -2.588564 15.024081 -11.843055 14.384383 -2.945587 8.660130 0.991517 -1.962462 -4.469668 -9.607113 0.730255 -1.039233 3.997533 9.639015 -7.318784 -0.315162 5.904196 -0.103558 -21.910471 -5.541227 -24.187275 0.991542 3.383370 -7.106484 2.140697 23.675591
