5.840827 30.945812 -5.900352 12.771578 11.926929 -1.722495 -6.445029 7.071798 -7.295088 -20.309065 -3.526758 6.350563 -0.552885 -9.675270 9.800045 0.033850 -1.814780 -0.140602 -5.018233 -6.150541 1.844032 15.463604 -12.190522 0.157656 -29.596905 6.249300 12.074830 -16.304369 2.368849 9.277705
5.835300 30.996149 -5.849144 12.855935 11.988954 -1.826102 -6.459876 6.986591 -7.448591 -20.620193 -3.555820 6.406669 -0.561211 -9.668066 9.831570 0.055111 -1.820120 -0.174826 -5.019264 -6.130856 1.925034 15.508217 -12.167450 0.034227 -29.745653 6.122119 12.003181 -16.348038 2.391999 9.210861
-1.261882 16.146824 4.777519 23.364166 18.061255 -6.434882 4.351761 12.889655 -10.973064 -25.411526 -4.779578 8.611321 -3.078604 -12.410571 4.156878 0.278630 1.358662 -6.509485 -4.178224 1.225805 3.822500 14.154920 -17.162769 -7.445230 -33.238743 9.740800 -4.423809 -3.095718 0.647345 -1.514910
-1.364622 14.855923 5.876686 24.154562 17.924803 -7.003118 3.584316 12.417037 -10.105125 -27.026339 -4.592416 9.162789 -2.400894 -12.665299 3.708888 0.634277 1.340773 -7.178006 -4.439881 1.791416 3.950599 15.730676 -17.003740 -9.432784 -33.560497 9.568087 -3.404144 -0.749885 -1.794093 -0.838263
-2.503458 14.669056 6.956731 24.897911 19.094358 -5.763544 2.042312 11.705947 -7.287836 -26.458620 -3.999887 9.780352 -2.606490 -12.007954 3.023482 0.746446 1.916429 -8.082802 -5.567183 1.833382 4.598188 18.297083 -17.613829 -10.688326 -33.251507 10.144535 -3.322114 2.688616 -3.983114 1.052719
-3.354803 15.053896 7.712358 25.324808 19.862837 -5.427822 1.147728 11.369609 -6.107537 -25.741705 -3.709447 9.968705 -2.946205 -11.864820 2.555826 0.875507 2.504102 -8.323763 -5.883975 1.837241 4.196260 18.887785 -18.593048 -11.613015 -33.283413 10.850929 -4.084614 4.700895 -4.527891 3.174883
-3.749044 15.104952 8.166123 25.452204 20.161577 -5.176600 0.650281 11.136046 -5.562223 -25.358248 -3.806226 10.130404 -3.067263 -11.779236 2.487988 0.989383 2.875614 -8.550170 -6.154971 2.020343 3.994042 18.819561 -18.837963 -11.812815 -33.209164 10.930986 -4.190969 5.023306 -4.155935 4.006829
-3.880048 15.228892 8.204049 25.601206 20.387922 -5.118482 0.746142 10.967361 -5.410991 -25.290842 -3.868819 10.140511 -3.069649 -11.796740 2.482407 0.990770 2.909002 -8.571367 -6.198143 2.074957 3.979619 18.835733 -18.932371 -11.886601 -33.124386 11.054509 -4.358472 5.075060 -4.195599 3.901986
-3.883318 15.251547 8.156878 25.664391 20.381603 -5.125035 0.661195 10.896893 -5.376319 -25.315046 -3.845429 10.112910 -3.086576 -11.788917 2.444849 0.979966 2.940784 -8.580393 -6.165984 2.043568 3.897131 18.792105 -18.976997 -11.961034 -33.127453 11.054399 -4.313869 5.173600 -4.213449 4.090403
-3.906856 15.290382 8.145806 25.655027 20.421221 -5.146062 0.610037 10.809430 -5.371404 -25.322729 -3.861780 10.142463 -3.065117 -11.762222 2.464744 1.001621 2.942053 -8.582080 -6.214015 2.068935 3.865226 18.800901 -18.996073 -11.925912 -33.096588 11.024538 -4.328729 5.180067 -4.272120 4.160256
-3.904928 15.286588 8.150361 25.656733 20.423378 -5.151182 0.632403 10.835906 -5.373909 -25.305855 -3.852470 10.144274 -3.069059 -11.765052 2.460426 1.001370 2.936433 -8.587376 -6.209678 2.064649 3.851487 18.777643 -18.993296 -11.910067 -33.106205 11.014503 -4.299588 5.178582 -4.252980 4.175616
-3.883766 15.277682 8.151479 25.677465 20.414642 -5.135870 0.628119 10.832864 -5.372016 -25.333057 -3.857713 10.141176 -3.066329 -11.766024 2.456170 0.996644 2.943223 -8.594101 -6.218997 2.072441 3.854699 18.782312 -18.982323 -11.941136 -33.137974 11.007961 -4.301774 5.151984 -4.223106 4.178299
-3.905928 15.286542 8.139592 25.652559 20.426113 -5.150923 0.634740 10.825162 -5.372256 -25.316671 -3.853733 10.142807 -3.068707 -11.762830 2.460280 1.002272 2.942472 -8.587381 -6.212262 2.072251 3.855216 18.773691 -18.994173 -11.904330 -33.115627 11.003184 -4.302358 5.179525 -4.235537 4.172910
-3.906860 15.281963 8.138287 25.654665 20.413198 -5.150223 0.629755 10.846878 -5.380682 -25.328402 -3.852899 10.142141 -3.072760 -11.771056 2.459384 0.999856 2.932023 -8.585743 -6.201746 2.061459 3.848696 18.787680 -18.993227 -11.910508 -33.100620 11.034733 -4.308530 5.191059 -4.272740 4.179490
-3.929739 15.267994 8.178664 25.637529 20.430130 -5.082856 0.641972 10.878463 -5.340530 -25.281546 -3.862784 10.133765 -3.069875 -11.772248 2.451651 1.002292 2.924559 -8.588400 -6.203596 2.060653 3.871682 18.822256 -18.953669 -11.880038 -33.114002 11.026906 -4.253159 5.202059 -4.241536 4.195552
-3.947995 15.264380 8.180281 25.638765 20.417685 -5.057052 0.585548 10.881844 -5.316726 -25.277138 -3.869799 10.121149 -3.088281 -11.770071 2.447006 0.995484 2.936058 -8.593645 -6.220119 2.077915 3.897644 18.858992 -18.981050 -11.880631 -33.051071 11.100849 -4.336012 5.209151 -4.310045 4.222849
-3.924571 15.276077 8.162089 25.648760 20.409836 -5.058943 0.608949 10.870608 -5.349195 -25.281752 -3.869902 10.135550 -3.074643 -11.770254 2.462110 1.004388 2.924333 -8.593240 -6.201404 2.070833 3.896031 18.887606 -18.981434 -11.935247 -33.031315 11.081718 -4.324414 5.218312 -4.374418 4.176617
-3.939245 15.277481 8.173377 25.653505 20.395185 -5.093909 0.576113 10.833989 -5.373180 -25.330402 -3.862630 10.137388 -3.071672 -11.778605 2.462233 1.004583 2.917026 -8.585205 -6.186330 2.062230 3.863455 18.825052 -18.977758 -11.912987 -33.059940 11.036454 -4.284778 5.181523 -4.334568 4.175818
-3.907988 15.285102 8.142739 25.657936 20.352770 -5.091734 0.539963 10.829215 -5.384891 -25.349957 -3.866029 10.141279 -3.073829 -11.767360 2.464908 1.000464 2.930979 -8.593990 -6.205906 2.065111 3.896321 18.858242 -18.969454 -11.942685 -33.071838 11.042218 -4.314636 5.158111 -4.353118 4.178074
-3.919917 15.279287 8.155715 25.655779 20.356340 -5.077051 0.552595 10.813629 -5.378390 -25.342863 -3.865656 10.137265 -3.073262 -11.766848 2.457545 1.000822 2.932307 -8.591926 -6.203246 2.070958 3.888286 18.870934 -18.976501 -11.947159 -33.061424 11.057997 -4.334861 5.168765 -4.336016 4.165239
-3.914502 15.282210 8.148995 25.664297 20.366446 -5.095277 0.569815 10.834720 -5.378078 -25.335638 -3.859549 10.144108 -3.067743 -11.778990 2.453385 1.011163 2.941630 -8.588707 -6.206555 2.088783 3.902211 18.873428 -18.986422 -11.903793 -33.049480 11.077330 -4.361290 5.181145 -4.323794 4.177302
-3.908469 15.257380 8.145333 25.667553 20.353889 -5.098475 0.572443 10.841317 -5.373444 -25.362001 -3.866610 10.146868 -3.064877 -11.765726 2.457079 0.998312 2.932459 -8.585934 -6.200506 2.074649 3.883835 18.882738 -18.992495 -11.901909 -33.031513 11.091516 -4.338895 5.198464 -4.346008 4.194227
-3.366575 -4.846155 3.914011 15.964108 11.444818 15.803744 -0.501993 18.018076 -0.333074 -29.335485 3.557835 10.279423 2.036168 -8.318128 1.571421 1.693050 -0.138085 -9.906008 -4.753035 6.682360 18.048168 15.929731 -17.391558 -2.332977 -24.411730 2.179871 -3.968627 16.378744 -19.954195 -1.762185
-5.871846 -11.472360 1.170302 7.179990 8.944939 21.571476 3.601709 19.214600 0.548555 -27.356237 7.011293 7.993333 2.161279 -7.424633 0.869498 0.720400 -0.882521 -8.907927 -2.535688 7.958341 18.171843 7.079693 -11.073954 2.977492 -20.024330 -1.659604 -9.424838 11.868730 -22.424730 -7.109751
-6.872136 -13.142973 -0.389862 4.309406 8.741032 20.842831 3.374867 18.994898 0.676469 -26.528296 7.423543 7.312384 2.158119 -6.621074 1.470240 0.004499 -0.675283 -9.061264 -1.918930 7.701087 16.635939 4.783984 -10.298743 4.124131 -19.474373 -2.399788 -9.293604 11.522838 -22.470179 -7.637146
-5.270478 -12.999765 -1.716477 5.862838 14.710216 16.572098 2.973821 16.091230 0.825945 -27.468130 7.191582 8.416061 2.416216 -5.585095 1.461041 -0.481365 -1.556737 -10.285627 -2.158153 7.279742 16.472612 5.511331 -10.594580 0.662888 -19.543451 -2.786922 -5.406051 12.446984 -23.651272 -8.351014
-6.585552 -14.689394 -3.729836 4.489758 14.454738 17.917616 3.970100 14.771066 0.791456 -26.268229 7.802459 8.340017 2.635630 -4.966266 1.941965 -0.728100 -1.271462 -9.796197 -1.200628 7.608513 15.908327 3.326352 -10.320479 2.245400 -18.718355 -4.175367 -6.008458 12.101729 -24.091425 -9.472601
-7.665556 -18.098907 -5.731821 0.903180 11.759585 20.670832 5.725019 15.567193 -0.119659 -24.359758 8.433229 7.183053 2.186083 -4.648818 3.300625 -0.889853 -0.800304 -10.012280 0.361091 7.544201 14.769714 -0.630454 -6.191290 4.752203 -17.552935 -4.312213 -7.750076 11.351164 -23.238111 -11.236669
-8.587924 -20.610287 -9.280684 -3.093086 7.832798 20.108271 6.934554 15.338726 -3.554642 -20.970322 8.565955 5.645100 2.211918 -4.651730 4.360535 -1.670304 -0.666295 -10.518642 2.708072 7.767488 14.036260 -3.994503 -2.884468 7.886056 -16.246134 -4.453531 -9.336560 8.176054 -21.349272 -15.559660
-10.202328 -21.249605 -14.306169 -4.602785 2.139435 19.398817 6.747437 13.846847 -8.395581 -14.939497 8.388025 4.046515 2.214694 -4.513393 5.816805 -2.485985 -0.853253 -10.599569 4.556663 7.595078 13.738776 -5.666418 -1.090660 11.415555 -14.620790 -2.806394 -10.012252 6.676275 -20.344650 -20.060472
-9.725490 -20.656441 -19.987101 -4.208483 -2.269754 18.439714 5.486503 13.779304 -13.291375 -9.752045 8.120170 2.226279 3.200368 -4.363886 7.095527 -3.222193 -1.598996 -10.181667 6.060890 6.876874 13.282253 -6.627231 2.211302 13.540984 -13.565250 -0.990811 -8.567559 4.396314 -18.983191 -23.340239
-9.385558 -17.913794 -26.182106 -1.957135 -6.187571 17.313490 4.450128 12.443969 -17.507343 -3.806170 7.494132 -0.076626 4.524081 -4.437935 9.108575 -3.717844 -2.676394 -9.138624 7.310286 6.048067 12.364716 -7.071476 6.031301 15.675210 -12.318756 1.215534 -5.183838 1.995349 -17.412596 -24.884644
-7.537187 -13.502980 -31.074442 0.717747 -7.219676 14.857451 2.805429 11.551809 -20.428934 0.746599 7.366920 -2.624776 5.533351 -4.463975 11.240267 -3.414906 -3.850118 -7.600266 7.912538 4.713762 11.621350 -7.402335 10.160901 17.486229 -10.821123 3.391226 -1.603886 0.191302 -15.700602 -24.424919
-5.904662 -10.578559 -32.479263 2.183780 -7.611993 13.798178 2.164456 10.919837 -20.455832 1.815097 7.390655 -3.935381 6.421781 -4.104043 12.251490 -3.249527 -3.804929 -7.104923 7.935945 3.554162 11.969029 -6.978775 12.326629 19.021500 -10.118740 4.700370 0.126525 -0.362341 -14.179944 -23.918697
-5.240900 -9.213510 -32.478283 1.755459 -7.629768 13.386056 1.835922 11.142564 -20.409550 2.171304 7.265198 -4.289769 6.591657 -4.036297 12.540654 -3.220806 -3.797992 -7.015771 7.835729 3.046496 11.898897 -6.869627 13.444534 19.673004 -10.019320 5.422475 0.775137 -0.799110 -13.354616 -23.810993
-5.336642 -9.568551 -32.544758 2.107828 -7.751285 13.364575 1.697142 11.194789 -20.464247 2.291998 7.363495 -4.142495 6.482972 -4.029557 12.356159 -3.306402 -3.862585 -7.156358 7.901222 3.223039 11.995919 -6.923915 13.277669 19.350224 -10.124123 5.288534 0.824227 -0.686968 -13.381611 -23.847898
-4.813369 -9.054277 -32.741837 1.789164 -7.975877 13.191356 1.465317 11.547484 -20.499685 2.413080 7.256708 -4.395794 6.743666 -3.913706 12.536407 -3.285902 -3.709595 -7.030240 7.779661 2.891684 12.080244 -6.815157 13.626326 19.960983 -10.020712 5.586086 0.812107 -0.749012 -13.107697 -23.744518
-4.443027 -8.488704 -32.851543 1.827288 -7.922585 13.121020 1.241101 11.632827 -20.101999 2.510116 7.261187 -4.449477 6.959134 -3.908823 12.628183 -3.109398 -3.643426 -6.886007 7.670386 2.696149 11.848191 -6.486237 14.072247 20.271610 -9.815200 5.815585 1.044989 -0.929054 -13.255085 -23.236206
-4.805663 -9.045212 -32.638615 1.832942 -7.879753 13.137324 1.527045 11.640696 -20.437555 2.377078 7.244307 -4.401484 6.726087 -3.914748 12.520829 -3.288986 -3.703225 -7.018813 7.781867 2.890984 12.015324 -6.877156 13.648753 20.004242 -9.994958 5.640269 0.846072 -0.756843 -13.066763 -23.769169
-4.447367 -8.572212 -32.721256 1.619433 -7.754545 13.076026 1.272956 11.632627 -20.273691 2.412377 7.236847 -4.378652 6.882919 -3.911132 12.623939 -3.153195 -3.690181 -6.856709 7.732708 2.735704 11.947862 -6.670317 13.942949 20.132730 -9.727781 5.707754 1.099666 -0.823577 -13.227344 -23.192518
-4.111054 -7.584843 -32.457291 1.635037 -7.746154 12.971146 0.746075 11.781558 -19.975042 2.779206 7.253803 -4.609488 6.939208 -3.753537 12.910202 -2.929788 -3.543861 -6.896724 7.437189 2.400794 12.078643 -6.208609 14.783721 20.138786 -9.507215 6.577971 1.112442 -1.044448 -13.018877 -22.842953
-4.433602 -8.542517 -32.746616 1.637358 -7.831030 13.076174 1.270420 11.644729 -20.201269 2.435139 7.246082 -4.370884 6.894495 -3.906997 12.600733 -3.170748 -3.661610 -6.897043 7.734767 2.738828 11.934476 -6.635372 13.961629 20.134716 -9.728491 5.677397 1.046260 -0.817801 -13.263056 -23.275721
-8.098489 -11.073458 -31.793825 0.375124 -5.971741 13.173875 3.663707 9.463238 -20.998472 1.659062 7.514858 -2.536725 4.844992 -3.921518 11.809361 -3.412365 -4.383726 -6.559848 8.356394 4.184021 9.346538 -8.438413 10.897535 17.021336 -10.178934 3.596121 0.479034 -0.522230 -14.900326 -23.930794
-10.752099 -13.823850 -29.127192 -2.146091 -4.199769 13.782260 6.318264 7.948231 -19.825583 -0.382629 7.427587 -0.100246 2.942934 -3.671261 10.725754 -3.472014 -4.415232 -6.201525 8.235952 5.811107 7.521796 -9.942418 8.064195 14.268556 -10.683044 2.012758 0.204014 0.480216 -16.913893 -24.779049
-12.114493 -15.535334 -26.926332 -4.109105 -1.818925 13.982946 8.611226 7.418871 -18.503771 -2.759315 7.441051 1.618174 1.505991 -3.477768 9.616249 -3.700268 -3.894356 -6.760859 8.260981 6.637074 7.055671 -11.002954 5.229801 12.351430 -11.473258 0.230035 -0.519501 2.408136 -18.049553 -25.025356
-13.374017 -15.642708 -24.245712 -5.385051 0.733546 13.516908 10.490268 6.435155 -17.252354 -3.849789 7.588393 2.900271 0.240582 -3.261570 9.114740 -3.763500 -3.535075 -6.428528 8.147536 6.854739 6.884507 -11.882377 3.838557 10.696057 -11.394234 -0.605167 -0.452035 3.948692 -19.521746 -24.070169
-14.767370 -16.227396 -20.233065 -7.296606 5.979318 13.389020 13.480398 5.366758 -14.903643 -7.351476 7.767014 5.068888 -1.533933 -2.951162 8.095096 -3.698151 -3.090604 -6.635952 7.635969 7.472386 6.181890 -13.228201 1.102115 7.988932 -11.878499 -2.451248 -0.011538 5.861712 -20.308613 -22.442509
-15.973368 -15.152886 -19.346378 -8.558538 7.211619 13.078835 14.073699 4.149169 -14.742039 -7.277847 7.581852 5.480752 -2.269914 -2.868454 8.205572 -3.709835 -3.148938 -6.060619 7.577998 7.506972 5.894433 -14.756708 0.477813 7.183474 -11.478377 -3.396215 1.471060 6.446981 -20.242384 -21.677065
-17.171570 -14.344860 -15.773907 -10.248051 10.770861 13.204693 15.938020 3.547006 -13.534115 -9.701237 7.399231 6.829243 -2.949927 -2.588853 7.884219 -3.326772 -2.273540 -4.927047 6.837912 7.809705 5.909168 -16.219851 -2.439585 5.300290 -11.969713 -5.086253 2.430316 7.113102 -20.062342 -20.268551
-18.588104 -11.765366 -10.581769 -11.688864 15.385772 12.810198 18.346039 3.185121 -13.125969 -12.616607 7.549703 8.557484 -3.406884 -2.364586 8.229842 -2.203799 -1.286799 -3.446014 6.193103 8.367157 6.182840 -17.688854 -5.875329 2.921699 -12.903612 -6.974085 3.481254 7.294540 -18.883558 -16.425272
-19.405979 -10.195345 -10.066115 -13.437727 13.601865 12.670970 16.961527 4.232183 -13.598477 -11.132583 7.568249 8.482658 -2.943748 -2.367378 8.613845 -1.726654 -0.586488 -2.387561 6.084922 8.434082 6.318595 -18.397013 -6.946939 3.912822 -12.853968 -6.530117 3.091078 5.840390 -17.692278 -16.113546
-19.531267 -8.851179 -6.639069 -14.281219 14.815406 12.598789 16.801392 5.570086 -12.277600 -12.523375 7.351616 8.625891 -2.334989 -2.277062 9.087296 -0.977015 -0.245279 -1.521511 5.243175 8.892159 6.551705 -18.621515 -8.249197 3.169081 -13.640697 -7.409948 2.277173 5.043726 -17.246897 -13.897506
-19.337574 -7.637474 -5.470634 -14.619640 13.083987 13.826514 16.215885 6.732930 -12.401713 -12.785608 7.251082 8.123606 -1.461028 -2.606664 9.396820 -0.435754 0.429193 -1.212024 4.908967 9.230030 6.355405 -19.100546 -8.413508 4.269170 -13.866333 -7.247567 1.634120 3.618040 -16.173754 -12.659781
-19.307703 -7.151092 -5.409899 -15.616035 9.586266 14.855631 15.325412 8.636603 -13.455799 -11.100255 7.297359 7.613529 -1.016134 -2.927907 9.496014 -0.052764 0.838484 -1.061644 4.873477 9.171397 7.353856 -19.564285 -7.880697 6.189410 -13.397510 -7.331957 0.979609 2.868092 -15.104660 -11.067332
-17.675720 -5.513223 -1.698053 -13.727373 10.557174 15.500883 15.419338 9.705022 -12.883880 -13.829325 6.768829 7.719188 -0.471055 -2.893201 9.444266 -0.068834 1.535205 -0.890715 4.170065 9.092896 11.006301 -18.627977 -8.991467 5.727299 -13.955408 -8.009866 1.152277 4.246303 -14.076409 -8.121796
-17.403637 -5.864892 -1.200860 -12.683651 8.630947 16.951792 14.937453 11.164256 -12.432258 -14.030822 6.435039 6.906535 0.076771 -3.076022 9.300768 -0.384326 1.891244 -1.435841 3.964678 8.883302 12.980094 -17.805021 -9.280841 6.702305 -13.908124 -7.833542 0.610137 4.689747 -13.863202 -7.206192
-17.883221 -7.959649 -4.031932 -11.740652 3.167403 19.959074 14.544028 12.724351 -13.403428 -10.865568 6.734492 5.501647 1.147906 -3.412102 9.516293 -0.298212 2.200772 -2.069237 4.497055 8.756296 14.529410 -18.089151 -7.262273 10.599437 -12.321721 -7.020499 -1.030070 3.849850 -13.416057 -7.381871
-16.556261 -9.166020 -3.211830 -10.449331 0.240109 20.115953 13.493287 15.816943 -13.788808 -12.895084 6.510821 4.729870 2.701345 -3.460729 9.613632 -0.514485 3.253953 -3.197791 4.212882 8.960604 17.067270 -16.839872 -7.825020 13.035558 -12.744941 -7.359391 -4.288036 2.407594 -12.269409 -8.356153
-16.760115 -10.791430 -6.045464 -10.790941 -2.804605 21.427233 12.338998 16.571486 -13.646011 -10.092375 6.709715 4.092115 3.115489 -3.703389 9.483930 -0.841216 3.163227 -3.703714 4.848886 8.803226 17.484041 -16.575586 -6.349241 15.637694 -12.217979 -6.520732 -5.323317 1.415229 -11.938367 -9.630377
-16.980457 -11.103909 -6.486234 -10.583975 -3.496081 21.709517 12.125667 16.579897 -13.837161 -9.754615 6.679934 3.880828 3.102554 -3.847504 9.674643 -0.727522 3.201035 -3.682005 4.930985 8.627905 17.659361 -16.598764 -6.177147 16.290604 -11.865046 -6.236992 -5.595956 1.414358 -11.911674 -9.825936
-17.432137 -11.114922 -6.928316 -10.321177 -3.996211 21.920393 11.938507 16.345030 -13.965341 -9.313117 6.657913 3.992342 2.990632 -3.801399 9.684406 -0.770291 3.110316 -3.772147 4.947261 8.661706 17.346577 -16.840858 -6.153480 16.377663 -11.599048 -5.954572 -5.556674 1.203026 -11.960333 -9.854777
-17.462513 -11.222010 -7.174452 -10.325933 -4.124441 21.953894 11.896405 16.266603 -13.817841 -9.282087 6.634778 3.891718 3.010065 -3.836732 9.738682 -0.795653 3.077404 -3.814474 4.994270 8.680000 17.431475 -16.900076 -5.859211 16.716764 -11.601885 -5.932927 -5.443363 0.877788 -11.659652 -9.994262
-22.623070 0.915230 5.909411 -12.589842 -0.605539 8.072422 12.600099 9.824208 -26.515274 -16.572214 0.796317 6.231441 -3.534913 -5.022810 11.631393 -2.291661 2.771017 -1.512274 4.478956 9.129013 17.700722 -17.929667 -11.100919 2.939640 -12.515754 -2.104380 -0.015490 2.417131 -7.156124 -11.800576
-20.971687 0.311731 3.487286 -20.490522 -3.490511 9.271907 13.425200 17.388021 -23.241753 -4.069816 2.689440 3.952508 -4.836802 -4.526701 9.887074 -5.111555 3.268391 -0.968696 7.157254 6.907611 17.720190 -20.231039 -10.067870 5.301112 -11.280854 -1.817701 0.980960 0.998536 -5.276282 -12.816329
-18.123329 -1.173245 2.415200 -20.992777 -4.879223 8.411362 15.396453 19.921675 -22.719919 2.143875 3.143200 2.605464 -3.538220 -5.703739 8.834571 -4.827269 3.104813 -0.731534 8.771567 7.213224 17.599396 -20.213701 -8.901324 7.154132 -10.997421 -1.440861 0.781791 0.542849 -4.909276 -13.832418
-17.811211 -1.108284 2.061387 -20.868156 -5.053068 8.530087 15.314947 19.825750 -22.753809 2.380210 3.191885 2.505071 -3.266400 -5.665100 8.904367 -4.746768 3.118931 -0.756964 8.709434 7.189763 17.748755 -20.438898 -8.958618 7.238405 -10.766987 -1.576613 1.118644 0.390236 -4.831620 -13.798868
-18.155090 -1.267380 1.724111 -20.983450 -5.577029 8.619390 15.128636 19.734179 -23.426641 2.289762 3.076590 2.471583 -3.110045 -5.681445 9.061817 -4.822057 3.218657 -0.793801 8.770741 7.264301 17.548756 -20.363173 -8.646209 7.424271 -10.690258 -1.428423 0.901370 0.149750 -4.955162 -13.924834
-18.181559 -1.337838 1.438244 -21.048025 -5.655916 8.659971 14.979325 19.694147 -23.530647 2.529706 3.053679 2.424904 -3.072833 -5.625740 9.079378 -4.860714 3.277641 -0.724307 8.785498 7.297144 17.339834 -20.614660 -8.707568 7.571907 -10.582129 -1.251657 1.099841 0.088141 -4.833982 -14.084756
-18.247103 -1.309164 1.466619 -21.014204 -5.788216 8.788097 14.930770 19.671440 -23.576048 2.534883 3.112969 2.392820 -2.989832 -5.647563 9.096324 -4.773498 3.280324 -0.687358 8.792115 7.351882 17.595417 -20.664900 -8.635655 7.823109 -10.573881 -1.254258 0.996016 0.011013 -4.758824 -14.123643
-18.108696 -1.277661 1.246291 -20.872534 -5.858661 8.987130 14.579602 19.466951 -23.737274 2.396616 3.111967 2.423419 -3.045346 -5.608647 9.108645 -4.700476 3.221477 -0.557435 8.747227 7.204767 17.601328 -20.713894 -8.595425 8.016500 -10.462349 -1.129817 1.223010 0.045492 -4.735449 -14.176293
-18.530350 -1.049678 0.620053 -20.675055 -6.543743 9.006272 14.168200 19.222784 -24.000719 3.242837 3.142439 2.516161 -3.040054 -5.565074 9.125103 -4.700638 3.295852 -0.650769 8.812045 7.141109 17.293142 -20.768564 -8.316489 8.518016 -10.235422 -0.820485 0.959182 0.180888 -4.809185 -14.272737
-18.638645 -0.957778 0.232787 -20.602381 -6.699588 9.122326 14.325558 18.962053 -24.119768 3.584001 3.095333 2.443946 -3.075436 -5.614574 9.209754 -4.717762 3.144222 -0.663579 8.883145 7.192357 17.182177 -20.900019 -7.965775 8.751920 -10.208594 -0.793728 0.927041 0.015497 -4.844378 -14.439216
-18.734833 -1.018873 0.273460 -20.650988 -6.683559 9.274026 14.270361 18.944555 -23.949547 3.573526 3.057843 2.303984 -3.148066 -5.584550 9.311277 -4.735175 3.137150 -0.658366 8.863446 7.090382 17.222937 -20.904337 -7.786916 8.735196 -10.219198 -0.698239 1.010411 0.023222 -4.812314 -14.459670
-18.700727 -1.157817 0.041004 -20.583227 -6.640944 9.267803 14.287532 18.862284 -23.792561 3.491495 3.090154 2.324599 -3.173375 -5.584452 9.358507 -4.685817 3.093541 -0.657297 8.894142 7.086036 17.105440 -20.986425 -7.439717 8.908031 -10.234367 -0.621293 0.956853 -0.101850 -4.770234 -14.647676
-18.692272 -1.020498 0.114023 -20.494461 -6.527542 9.193347 14.392076 18.768274 -23.790228 3.384354 3.129921 2.362587 -3.164515 -5.514928 9.355854 -4.659483 3.107506 -0.621844 8.805783 7.070265 17.058924 -20.909040 -7.352298 8.812160 -10.210002 -0.527515 1.004719 -0.035474 -4.736041 -14.673103
-18.634727 -0.996184 0.124698 -20.453825 -6.533867 9.151706 14.284869 18.812284 -23.888540 3.419130 3.144046 2.305059 -3.108126 -5.448932 9.394686 -4.652180 3.163939 -0.632228 8.759780 7.042800 17.100004 -20.896469 -7.313137 8.827525 -10.187025 -0.533236 0.996912 -0.006472 -4.721611 -14.622928
-18.796810 -1.075910 0.045233 -20.347988 -6.596827 9.122321 14.350623 18.640802 -23.697649 3.268339 3.116951 2.224486 -3.029258 -5.421926 9.441027 -4.713263 3.154578 -0.580832 8.731978 6.984051 17.095333 -20.973688 -7.318080 8.963572 -10.149034 -0.594784 0.870374 -0.199405 -4.695091 -14.633858
-18.831327 -1.082910 -0.032704 -20.309336 -6.726819 9.022726 14.203973 18.648592 -23.903364 3.244324 3.084805 2.214868 -3.082634 -5.360916 9.498302 -4.784434 3.140536 -0.667221 8.764534 6.964801 16.884531 -21.080181 -7.216292 9.062309 -10.090009 -0.533675 0.862726 -0.237677 -4.733115 -14.846004
-19.104240 -0.984620 -1.298380 -20.101904 -7.545533 9.258265 13.573740 18.220062 -24.288857 3.793539 3.085766 2.085036 -3.009565 -5.201907 9.690500 -4.874437 3.018848 -0.822208 8.776648 6.926787 16.448050 -21.016453 -6.536085 9.699499 -9.779898 -0.242903 0.611488 -0.936262 -4.756027 -14.868809
-19.714569 -0.247781 -5.834817 -18.524160 -9.218932 9.231256 11.996815 16.119329 -24.897896 5.334538 3.086605 1.441834 -2.262696 -4.668904 10.505001 -5.310128 2.798985 -0.602292 8.583863 6.655957 15.427764 -21.416086 -3.455494 11.559419 -8.946221 0.471625 2.030398 -1.871285 -5.078585 -15.228171
-20.089947 0.871927 -10.399066 -17.521326 -10.933060 9.278156 10.292022 14.050064 -25.740711 7.776530 2.835779 0.284958 -1.468975 -4.096262 11.901558 -5.445397 2.186816 -0.426042 8.410641 6.150915 13.848987 -21.083822 -1.002623 13.023210 -8.218079 1.316222 4.022264 -2.957902 -5.249255 -15.265432
-20.590218 1.081761 -13.092807 -15.568911 -11.753868 9.747268 8.742822 12.765918 -25.988081 8.632268 2.728557 -0.180972 -0.716360 -3.318396 12.615879 -5.683856 1.787634 -0.217940 8.129775 5.623418 12.611283 -21.192327 0.403453 13.893243 -7.323029 2.021444 5.615308 -3.988260 -5.113428 -14.323455
-20.410683 1.525450 -14.256386 -14.863712 -12.027872 9.247498 8.137195 12.527446 -26.326998 9.719521 2.581843 -0.278924 -0.460280 -3.266154 12.923922 -5.640603 1.590286 -0.103885 8.098826 5.410324 12.026677 -21.339432 0.855640 14.180104 -7.032781 2.432897 6.006311 -4.202931 -5.282931 -14.365172
-20.320820 1.661653 -14.414890 -14.721259 -12.046166 9.051847 7.809694 12.489038 -26.409712 9.705699 2.458466 -0.448837 -0.409493 -3.250405 13.082278 -5.770352 1.426465 -0.203929 8.199234 5.263596 12.051937 -21.334784 0.827212 14.374759 -7.066947 2.426445 6.099365 -4.179535 -5.286906 -14.195479
-20.326324 2.543305 -16.654263 -13.484340 -12.194100 7.953952 6.350204 11.438080 -26.210613 10.530387 2.545843 -0.875693 0.091456 -2.988951 13.505707 -5.307997 1.084748 -0.278757 7.803288 4.990603 11.522065 -21.170132 3.166388 15.098776 -6.283471 3.293944 6.136007 -4.908328 -5.419837 -13.756686
