11.737859 29.110296 -6.854082 4.729328 14.730771 5.575786 0.432444 16.015036 3.329477 -3.532061 2.406151 2.954964 4.062222 -9.236435 -3.428218 -5.176162 -4.071921 8.654303 -2.994475 -7.053227 6.302005 13.445832 -17.976400 2.113599 0.507629 22.449234 9.475683 -21.786913 -3.673825 12.116899
11.881531 29.127672 -6.673514 4.633123 14.937384 5.559067 0.503585 16.113092 3.370252 -3.753519 2.497933 2.777067 3.874128 -9.323946 -3.362804 -4.995737 -4.175262 8.662063 -3.151049 -6.877226 6.294026 13.611942 -18.374266 2.154367 0.466462 22.448050 9.514232 -21.801111 -3.674862 11.885695
10.010695 30.441198 -11.507586 -4.691606 20.623671 -0.283172 2.062829 10.000735 0.689260 -3.088951 3.954742 4.337542 0.534660 -4.246967 -2.325315 -7.263973 -8.515934 10.409081 -3.549442 -7.843698 -4.165007 7.257369 -17.950468 0.668942 8.166933 25.408163 19.439547 -22.405127 -9.042673 7.750985
9.205105 30.905853 -11.651889 -5.585225 21.329416 -1.505350 2.088966 8.737660 0.510341 -2.788749 4.099201 4.446181 -0.178683 -3.681452 -2.564866 -7.458259 -8.502890 10.766550 -4.029238 -8.409389 -6.085427 7.977568 -18.340803 -0.973445 8.107002 25.034824 19.743032 -22.778826 -10.133623 7.562665
8.955435 31.482960 -12.604155 -5.810043 22.026533 -2.513379 2.435633 7.484401 0.120156 -2.150105 4.116688 4.663022 -0.934369 -3.308411 -2.593526 -7.532368 -8.765610 11.188022 -4.108909 -9.052262 -7.620296 8.566931 -18.498701 -2.140913 7.917637 24.521858 20.212290 -23.179848 -10.954264 7.471625
8.848054 31.583923 -12.827918 -5.913823 22.396196 -2.729683 2.536250 7.077383 0.069811 -2.085445 4.076352 4.775983 -1.248018 -3.231046 -2.554541 -7.604918 -8.883028 11.306144 -4.030679 -9.340524 -7.926887 8.470462 -18.583483 -2.377998 8.020427 24.457989 20.394855 -23.162172 -11.224337 7.598588
8.686040 31.761612 -13.000268 -6.052856 22.837198 -3.144726 2.608511 6.714028 -0.045966 -1.927419 4.116643 4.837521 -1.320769 -3.213214 -2.584475 -7.614739 -8.943192 11.271862 -3.983220 -9.351490 -8.250720 8.374662 -18.634222 -2.654489 8.038629 24.361441 20.596725 -23.176397 -11.451219 7.758177
8.685575 31.774206 -13.013564 -6.071022 22.862532 -3.168198 2.602994 6.697215 -0.050568 -1.921631 4.103224 4.842705 -1.356852 -3.197258 -2.574383 -7.626756 -8.942480 11.288483 -3.976110 -9.393431 -8.306644 8.348781 -18.631350 -2.722885 8.047680 24.310843 20.654181 -23.168976 -11.513138 7.742036
8.674865 31.778564 -13.020275 -6.080612 22.882906 -3.181798 2.613817 6.680573 -0.055031 -1.919701 4.105257 4.841982 -1.354085 -3.198459 -2.576144 -7.625100 -8.940596 11.284719 -3.977846 -9.394732 -8.316847 8.349140 -18.633816 -2.728411 8.049339 24.313211 20.655897 -23.169573 -11.519009 7.747215
8.648724 31.788437 -13.031406 -6.102037 22.928156 -3.185122 2.641389 6.628316 -0.059488 -1.923789 4.100639 4.848689 -1.368010 -3.204080 -2.577231 -7.622934 -8.935858 11.292107 -3.972370 -9.402828 -8.280678 8.342600 -18.632353 -2.699324 8.065503 24.301113 20.651939 -23.163763 -11.541304 7.747025
8.648664 31.788826 -13.031331 -6.101749 22.928190 -3.185423 2.641480 6.628286 -0.059702 -1.923322 4.100781 4.848853 -1.368223 -3.203959 -2.577226 -7.622938 -8.936150 11.292194 -3.972183 -9.402567 -8.280394 8.342560 -18.632410 -2.698979 8.065532 24.301180 20.651808 -23.163731 -11.540899 7.747283
8.649998 31.789566 -13.029580 -6.104181 22.929335 -3.182852 2.642984 6.631083 -0.058269 -1.917464 4.094166 4.847941 -1.368967 -3.202442 -2.572346 -7.625103 -8.936586 11.289309 -3.974256 -9.401573 -8.280589 8.342702 -18.632524 -2.698446 8.065659 24.301508 20.651621 -23.163889 -11.540156 7.747364
8.649998 31.789566 -13.029580 -6.104181 22.929335 -3.182852 2.642984 6.631083 -0.058269 -1.917464 4.094166 4.847941 -1.368967 -3.202442 -2.572346 -7.625103 -8.936586 11.289309 -3.974256 -9.401573 -8.280589 8.342702 -18.632524 -2.698446 8.065659 24.301508 20.651621 -23.163889 -11.540156 7.747364
8.649998 31.789566 -13.029580 -6.104181 22.929335 -3.182852 2.642984 6.631083 -0.058269 -1.917464 4.094166 4.847941 -1.368967 -3.202442 -2.572346 -7.625103 -8.936586 11.289309 -3.974256 -9.401573 -8.280589 8.342702 -18.632524 -2.698446 8.065659 24.301508 20.651621 -23.163889 -11.540156 7.747364
8.650105 31.790089 -13.029170 -6.103947 22.929638 -3.182981 2.643803 6.630652 -0.058705 -1.917123 4.094221 4.847972 -1.368750 -3.202446 -2.572481 -7.624934 -8.936329 11.289057 -3.974539 -9.401791 -8.281363 8.342645 -18.632524 -2.698745 8.065762 24.301531 20.651823 -23.164358 -11.540972 7.746925
8.645828 31.794773 -13.023210 -6.103341 22.944151 -3.177834 2.635261 6.628364 -0.065827 -1.919650 4.169736 4.692317 -1.544706 -3.274098 -2.414556 -7.431365 -8.968374 11.280949 -4.054464 -9.346384 -8.260581 8.474315 -19.034912 -2.651539 8.014464 24.265457 20.735163 -23.175541 -11.532648 7.548681
8.650508 31.790480 -13.028911 -6.103748 22.929075 -3.182770 2.643672 6.631320 -0.058686 -1.916992 4.094266 4.848148 -1.369037 -3.202312 -2.572340 -7.625012 -8.936598 11.289154 -3.974310 -9.401686 -8.281743 8.342524 -18.632620 -2.698941 8.066376 24.301043 20.652254 -23.163954 -11.542330 7.747082
8.641489 31.791765 -13.038242 -6.114336 22.945787 -3.195032 2.648896 6.616683 -0.060849 -1.916257 4.096694 4.847824 -1.366888 -3.202056 -2.572835 -7.623611 -8.935869 11.286386 -3.975754 -9.402882 -8.294037 8.342829 -18.635609 -2.705029 8.069530 24.302864 20.654589 -23.164375 -11.551266 7.753862
8.648044 31.781017 -13.064231 -6.117769 22.931482 -3.207015 2.629807 6.619698 -0.055531 -1.915790 4.097174 4.849095 -1.375489 -3.197760 -2.573402 -7.629251 -8.936901 11.283304 -3.979613 -9.424502 -8.276910 8.351478 -18.636351 -2.694639 8.074937 24.313583 20.644768 -23.141119 -11.558767 7.762741
8.643270 31.785318 -13.058315 -6.117268 22.945456 -3.202424 2.620830 6.617642 -0.062121 -1.918559 4.172731 4.693394 -1.551417 -3.269345 -2.415454 -7.435713 -8.968939 11.275187 -4.059631 -9.369111 -8.256791 8.483261 -19.038736 -2.647487 8.023464 24.277769 20.728077 -23.152853 -11.549656 7.564159
8.643380 31.784819 -13.058063 -6.117712 22.945320 -3.201976 2.621695 6.617918 -0.061795 -1.919034 4.172743 4.692658 -1.552144 -3.269497 -2.414720 -7.435019 -8.969185 11.275098 -4.059843 -9.369282 -8.257326 8.482800 -19.038622 -2.647425 8.023524 24.277699 20.728035 -23.153421 -11.549240 7.564005
8.643505 31.784632 -13.057881 -6.117452 22.944872 -3.201513 2.621673 6.618296 -0.061736 -1.919140 4.172862 4.692677 -1.552096 -3.269438 -2.414784 -7.435160 -8.969526 11.274874 -4.059493 -9.368633 -8.256507 8.483211 -19.038715 -2.646150 8.023661 24.278122 20.727369 -23.153271 -11.548048 7.564149
-2.073652 27.332676 -0.833658 -6.481624 31.277462 5.381505 5.804327 4.952199 5.096445 -1.055068 5.840639 6.974653 -4.698451 -2.660132 -5.096944 -6.576026 -4.807098 9.513243 -5.818439 -6.323751 -15.628657 4.538308 -25.739267 -1.421979 4.857267 19.790884 9.754155 -16.790470 -17.013126 9.698329
-4.543700 27.209875 2.558120 -7.163091 32.143456 6.685183 6.649908 4.888587 5.965662 0.109506 6.241159 7.118097 -5.785418 -2.508836 -5.285126 -6.243702 -3.650173 10.085217 -5.895279 -6.520272 -16.352877 2.160445 -27.644308 -2.496253 6.132117 19.298050 7.983397 -16.654373 -16.946390 11.186988
-5.778141 28.917788 5.247716 -6.792450 32.915058 6.147640 7.120610 4.926151 6.537819 2.517653 6.766635 7.043392 -6.763829 -2.774995 -5.920215 -5.819597 -2.663887 10.745996 -5.580928 -6.626358 -15.400044 1.189718 -29.308416 -4.238147 7.335289 19.710850 6.830886 -15.620534 -16.521719 13.213147
-7.042138 30.142601 6.281399 -6.174335 34.116730 4.478220 7.158014 4.404895 7.182004 4.459339 6.660516 6.888999 -7.590734 -2.582284 -5.844552 -5.640379 -1.717504 11.158895 -5.784436 -6.341239 -14.961653 0.234802 -31.212416 -5.264661 7.931959 19.516216 5.535776 -15.106049 -16.188637 14.575284
-10.623491 29.569073 7.163821 -5.441099 33.574184 3.643438 5.952193 3.261059 5.932433 7.853913 7.044632 8.105358 -8.743196 -1.654477 -5.481006 -5.878607 0.231667 11.175703 -4.585799 -6.751138 -16.133310 -3.775834 -28.184454 -7.297905 7.955769 18.923529 2.958112 -14.865163 -15.189093 16.405167
-13.008821 29.421621 7.552873 -5.659065 31.727995 2.649426 4.294406 2.168164 4.235811 10.613501 7.004734 6.947253 -9.351899 -0.929725 -4.852963 -6.575986 1.598221 11.249803 -3.945939 -7.036715 -17.229181 -7.632975 -26.952295 -6.808710 6.492770 17.675909 2.621483 -13.576974 -13.185913 16.012762
-15.004418 28.670658 8.907317 -6.335393 31.185932 1.135477 3.017778 2.064076 3.233779 12.300417 6.826262 5.958340 -9.862576 -0.318464 -3.869372 -6.843993 2.603002 11.746902 -3.685421 -6.901560 -18.385084 -10.313595 -25.680189 -7.905746 4.959843 17.165434 1.771673 -12.240880 -11.586907 15.955126
-16.297110 27.559984 10.595400 -6.482494 30.303640 -0.537418 2.802367 3.520327 3.360766 13.741804 6.559859 5.311985 -9.931418 -0.050937 -3.891407 -7.347651 3.710777 11.776150 -3.148690 -6.828286 -18.292887 -11.595681 -26.689083 -8.629942 5.359013 17.428617 1.443437 -10.897492 -10.796793 15.998351
-17.642464 26.067190 11.775812 -7.469027 29.065392 -1.596366 1.337177 4.395813 1.236765 15.756460 6.325942 4.069926 -10.213521 0.979381 -2.594407 -7.709598 5.113888 12.096918 -3.067945 -6.820164 -18.809233 -14.125242 -24.672216 -6.891057 4.184915 16.890718 -0.230212 -9.768547 -8.481841 15.530184
-19.284485 24.786171 12.643489 -9.070551 27.286337 -2.449689 -1.229423 4.806950 -0.776507 18.181875 5.991220 2.587767 -10.887005 1.686083 -0.991530 -7.944429 6.294436 12.087936 -2.273190 -7.153616 -19.339598 -17.652657 -21.344095 -5.568927 3.799292 16.779711 -0.793757 -7.889448 -6.504908 16.372145
-20.981886 23.128548 14.283524 -10.869977 25.052908 -3.692951 -4.481828 5.932832 -4.553952 20.387423 5.484850 1.316610 -10.594392 2.524102 0.982909 -8.292758 7.468316 11.932797 -1.568876 -7.009588 -18.687189 -21.270775 -19.356842 -3.009541 5.289201 17.266647 -1.443931 -6.493554 -3.863908 15.941066
-21.655222 19.474697 15.810855 -11.501288 22.073511 -4.783663 -4.902976 7.887248 -6.536417 22.047800 4.693562 -0.028195 -9.974292 2.999954 2.265956 -8.586425 8.636505 10.972603 -0.792536 -5.699530 -17.631462 -23.502636 -16.963064 -1.060343 5.977660 17.776089 -2.317217 -4.744557 -1.195187 15.155705
-21.004215 15.670426 16.780439 -10.798307 19.301229 -5.681414 -5.735927 10.445111 -8.491511 23.801308 4.374137 -0.751066 -9.183069 3.891085 2.902195 -9.423530 9.818972 9.877944 0.105164 -4.498649 -15.079123 -25.032059 -15.663127 -0.349260 6.299346 18.826498 -2.700439 -2.527854 1.718320 13.351241
-20.004951 11.947765 18.381954 -8.837789 14.489052 -5.562216 -6.440910 13.707153 -10.924052 26.747414 3.669665 -2.621296 -8.363484 3.714909 3.926626 -9.733573 10.886978 8.545652 1.416133 -2.931403 -10.221387 -26.231770 -13.006408 3.020158 5.040125 19.079006 -1.321485 1.167887 8.224399 12.601619
-17.187542 9.116505 19.017050 -6.849287 12.068039 -5.408796 -5.703197 16.856520 -13.116202 28.446880 3.476410 -2.790193 -7.586357 3.593956 3.427605 -10.353198 11.802114 8.069528 2.677489 -1.545162 -7.919776 -25.594379 -10.972871 3.583033 4.596200 20.646940 -1.441074 3.725315 9.521245 12.280272
-14.149097 5.483737 19.860682 -5.003432 6.286952 -3.082336 -5.155483 21.341894 -16.125315 31.171267 3.634152 -4.371389 -6.232686 2.594119 3.613682 -10.458545 12.430113 7.209202 4.762248 0.214388 -3.008743 -25.474195 -7.976088 6.984058 1.792760 20.853289 -2.978126 7.152508 12.967413 11.497061
-12.987222 4.862795 19.826725 -4.158535 5.837432 -3.091586 -4.689265 22.311447 -16.510220 31.513933 3.471071 -4.475926 -6.155015 2.570306 3.194821 -10.896002 12.564991 6.846850 5.425279 0.725778 -1.480550 -25.601276 -7.341283 7.199043 1.442748 21.206932 -3.360925 9.005613 13.373310 10.585464
-12.297229 3.847621 19.684473 -4.072492 3.230436 -1.361420 -5.673510 23.366579 -16.616274 31.691931 3.871591 -5.184876 -5.435655 1.927251 3.436984 -10.313830 12.761059 6.498896 5.656748 1.243057 0.378990 -25.375423 -5.502751 9.320490 -0.141694 20.593246 -3.978257 9.496715 14.938400 10.161199
-11.955310 3.896470 19.833406 -3.824737 2.820699 -1.070074 -5.897698 23.968958 -16.665184 32.010189 3.990693 -5.282029 -5.443871 1.828627 3.479580 -10.221545 12.647585 6.547572 5.756002 1.375659 0.727108 -25.225199 -5.096045 9.838261 -0.501565 20.759497 -4.442899 9.713159 15.053770 9.881139
-12.126256 4.869407 19.109800 -4.605438 4.352129 -2.818881 -5.521847 23.306604 -17.225302 32.534698 3.814451 -4.915747 -6.123765 2.006510 3.086735 -10.628490 12.115463 6.498957 5.927087 1.295451 -0.572023 -25.087320 -5.403748 8.567302 0.140618 21.474585 -3.475547 9.659762 13.984437 9.476329
-10.284492 4.600026 16.866732 -4.650960 6.352836 -5.002406 -5.264213 24.116011 -16.741970 31.863766 3.758791 -3.956789 -7.177596 1.962703 2.270710 -11.125947 11.727947 5.920596 6.353406 1.912650 -0.539862 -24.386814 -4.826239 6.782201 0.503942 22.105539 -2.182381 10.726935 12.273699 7.422894
-11.287858 4.441811 14.704766 -3.520399 10.444962 -9.327811 -3.819711 21.586355 -15.534705 30.210180 3.652154 -1.776499 -8.340276 3.551738 1.307502 -11.216569 11.976061 5.259000 4.565115 1.589393 -3.728206 -23.377863 -8.520358 0.720853 2.864655 23.579082 -0.810264 10.797565 9.298713 6.346366
-9.829434 4.863707 12.662580 -3.359989 13.734674 -12.069882 -4.361333 22.332039 -14.173470 29.467974 3.936199 -1.112055 -9.131190 3.222655 0.438830 -10.901711 10.687292 4.710854 4.225840 2.154926 -4.754915 -22.164709 -7.894609 -1.411012 2.856818 24.744652 -0.541169 10.815456 6.733006 3.826379
-10.526974 2.749494 12.778560 -0.838043 13.219544 -11.866286 -4.099113 21.672304 -13.485923 28.903934 4.095261 -1.046612 -8.321258 3.699120 0.078851 -11.201985 11.376280 3.463029 3.783232 1.933723 -4.836301 -21.432558 -8.534928 -1.545589 2.687802 25.556513 -2.561618 10.767619 7.739330 2.227480
-10.858242 1.048072 12.184192 0.882274 14.271018 -13.004683 -3.652426 20.906046 -11.829734 27.119967 4.195972 -0.929394 -8.373578 4.012722 -0.214123 -11.091611 11.761559 2.750814 2.915813 1.761223 -4.949280 -21.012339 -9.487966 -3.015463 3.418588 26.228132 -2.862755 10.193342 7.827290 0.425011
-11.032475 -0.227087 9.798722 2.178568 17.674204 -15.375571 -2.258987 19.262741 -9.370624 25.191681 4.570090 0.098415 -8.498702 4.887940 -1.193082 -11.000628 11.189693 1.988215 1.324710 1.721449 -8.056329 -20.466921 -9.945438 -6.578499 5.146976 26.684683 -4.139652 8.469758 5.440631 -1.119411
-11.814571 -1.801478 8.813575 3.308761 19.982695 -16.736794 -1.641582 19.181791 -8.643420 23.525763 4.971274 -0.003342 -7.927666 5.492947 -1.287673 -10.628031 10.430098 1.923900 0.265803 1.166066 -9.512507 -19.835247 -11.576350 -7.656249 5.374711 26.822115 -6.082519 6.309641 4.468881 -3.371797
-11.717611 -3.747930 7.290683 3.725687 21.401239 -16.663336 -0.419396 19.807499 -8.003891 22.125914 5.741288 0.265617 -7.708534 6.219992 -0.673813 -10.290303 10.035631 2.420058 -0.464790 1.176334 -11.037986 -19.043165 -11.622049 -7.943839 4.987873 26.752510 -7.980947 4.040313 3.382085 -5.722953
-12.601067 -5.326808 5.912295 3.606230 22.449179 -16.182644 -1.829532 19.947407 -8.000957 19.360214 6.700420 1.457636 -7.147333 6.773641 -0.745742 -9.721827 9.473934 3.282303 -1.246598 1.259706 -12.860055 -18.172762 -12.277030 -8.581710 4.958838 25.591188 -10.178041 0.535409 1.395283 -8.348849
-13.781383 -6.668015 6.156303 2.797223 21.996071 -15.094871 -3.257556 20.364845 -7.129743 18.387678 7.037638 0.988248 -6.798696 6.729379 0.102148 -8.983135 8.988831 3.920265 -1.443322 1.210836 -12.680623 -18.098009 -12.383100 -8.100084 3.706342 24.820757 -11.077310 -1.345270 1.834681 -10.471488
-13.996621 -8.366177 5.626145 1.165212 21.391949 -13.605612 -4.304520 21.373831 -6.818565 16.951302 7.627057 0.810052 -6.233037 6.750648 0.704255 -8.459041 8.381088 4.674479 -1.518209 0.739916 -12.764797 -17.956526 -12.948602 -7.354115 3.108283 23.844614 -12.402555 -3.490418 1.745572 -12.617059
-14.784539 -9.245790 6.078557 -1.150051 19.494566 -12.188962 -5.092993 22.653223 -7.469052 16.880850 7.345631 0.084452 -5.247660 6.939346 1.894292 -8.578309 8.021631 5.367244 -1.233181 0.936080 -12.432597 -19.174707 -12.972575 -4.766242 3.286389 22.611795 -13.781062 -5.716654 3.087920 -13.542686
-16.388475 -10.308638 6.024643 -3.014448 20.449768 -10.374552 -4.415098 21.649319 -8.197576 14.665943 8.551810 -0.242819 -3.554948 7.653346 1.795332 -8.449078 6.753433 6.554656 -1.786520 0.397812 -10.998994 -20.447611 -14.118272 -4.089178 3.428561 19.528591 -15.114724 -7.801505 1.351193 -14.129141
-19.526230 -9.265955 6.638985 -3.911222 21.740259 -6.699286 -1.133922 19.180071 -8.661916 14.404170 8.721612 -1.108731 -1.977397 8.158134 2.866184 -8.191482 6.170023 7.605881 -1.809939 -0.166120 -11.894855 -23.439577 -15.131946 -3.954491 2.897253 16.416582 -15.910643 -11.268249 1.211143 -12.163451
-22.201336 -8.421044 8.036538 -5.543069 22.702047 -3.712322 0.349467 17.887135 -9.694134 13.945225 8.782489 -1.434314 -1.270362 8.590658 3.748923 -8.247529 5.508252 7.879558 -2.033187 -1.170854 -12.222306 -26.054855 -16.457140 -2.913206 3.507756 14.190921 -15.251440 -13.014623 1.731866 -9.665507
-22.425262 -8.120218 7.770890 -6.037930 22.557022 -3.377042 0.496886 17.627174 -9.811625 14.041951 8.752908 -1.449016 -1.621722 8.267955 3.736367 -8.142191 5.090962 7.829332 -1.977248 -1.426289 -12.174935 -26.630365 -16.308517 -2.774963 3.772628 13.820539 -14.660954 -13.111375 1.607577 -8.746257
-22.692345 -7.712122 9.596524 -5.580586 21.696619 -3.543327 0.773039 17.887722 -10.908241 15.484957 8.247447 -2.062491 -1.281802 8.638213 4.437419 -8.504821 5.818515 7.624110 -1.780776 -1.207718 -11.665076 -26.914299 -16.055241 -1.077586 3.389740 14.410081 -14.906181 -12.419938 4.159111 -9.401336
-22.517050 -7.973807 10.708663 -4.862048 20.179386 -2.840060 1.140767 18.682142 -11.602405 16.747166 7.823033 -2.660698 -1.131133 8.328762 5.008693 -8.457391 6.503564 7.164824 -1.545683 -0.739133 -10.664527 -27.790838 -15.555120 0.518034 2.632872 14.362058 -14.184793 -11.404988 6.702583 -9.076676
-21.747665 -8.614290 11.883514 -4.048017 17.840902 -2.230089 0.794125 20.065060 -11.997260 17.629297 7.640095 -3.575100 -0.706706 8.023478 5.036387 -8.484848 7.123687 6.787930 -1.221960 -0.494415 -9.435425 -27.643671 -14.089131 1.918429 2.093145 14.701584 -13.522703 -10.703875 8.993739 -8.659775
-21.841377 -8.803240 11.673017 -4.042249 17.946358 -2.237520 0.901711 19.939241 -11.976191 17.574076 7.722861 -3.354409 -0.797208 8.069002 4.987666 -8.449046 7.054647 6.842167 -1.191341 -0.605292 -9.504357 -27.467426 -14.294620 1.821695 2.039542 14.779819 -13.589177 -10.772019 8.779366 -8.833174
-14.567677 -19.427969 1.838896 -15.218685 22.225615 -6.081678 -2.752731 22.771879 -11.653714 1.891867 10.294175 -1.427332 1.674537 8.160283 0.109646 -9.643487 1.520102 2.561172 -4.628851 3.523499 -6.482938 -29.806108 -15.878736 -8.805704 4.908101 8.583193 -9.210288 -3.316158 -5.703300 -7.360707
-21.433176 -20.206274 -7.522867 -8.303014 12.447872 -1.472021 -5.707065 16.093447 -14.888324 14.067965 10.471065 1.588209 1.215445 8.850801 2.053709 -9.066958 3.916584 1.008915 -1.873650 -0.149471 -7.127462 -27.911182 -15.619786 -11.080506 3.918525 7.725281 -9.544764 -4.443305 -7.242307 -7.517814
-19.466038 -19.354065 -2.086091 -6.597496 18.960211 -5.803104 -1.069219 19.370914 -14.670300 10.420031 9.998790 0.298213 0.846467 9.540611 1.273261 -8.933732 3.647352 2.365565 -3.288068 1.595560 -6.928298 -28.184402 -17.445896 -9.335085 4.812822 9.428216 -11.358531 -3.147987 -5.442247 -8.973666
-19.203833 -20.454304 -0.693999 -5.861096 18.763250 -6.142307 -0.395313 20.437056 -14.850441 10.273316 9.916185 0.272890 0.805125 9.708866 1.086738 -9.083451 3.969924 2.377438 -3.437041 2.131726 -6.393614 -28.112865 -17.282938 -9.190626 4.488968 9.517570 -11.456855 -2.458113 -4.484406 -9.369399
-19.137165 -21.575874 1.345043 -4.825466 18.352268 -6.193884 0.447368 21.930700 -16.189705 11.088970 9.624393 -0.284582 0.911719 9.612001 1.425159 -9.042829 4.703793 2.108811 -3.229435 2.996830 -5.072031 -28.548769 -17.682348 -8.279283 4.164415 9.938592 -12.341327 -1.249074 -1.805995 -10.164995
-18.742752 -23.402435 3.047611 -4.330583 17.153700 -6.370671 1.078717 24.037270 -16.488281 11.494441 9.197209 -1.075983 1.019253 9.487701 1.635692 -9.148997 5.428404 1.897863 -3.070111 3.695836 -3.248332 -28.585615 -16.842047 -7.336857 3.043091 10.335539 -12.263335 0.659800 1.078473 -10.916485
-17.752623 -23.780888 4.316727 -3.258355 15.454834 -6.381079 0.943969 25.288618 -16.902246 12.359694 9.141955 -1.607150 0.853125 9.202965 1.661099 -8.986609 6.157345 1.676699 -2.803410 4.324152 -1.631836 -28.913729 -15.329505 -5.889974 2.448745 10.824480 -12.293611 1.633535 4.356528 -10.878017
-17.680393 -23.703529 4.337251 -3.363953 15.463585 -6.408299 0.799405 25.385675 -17.067598 12.397095 9.198529 -1.567387 0.866409 9.289104 1.653863 -9.020327 6.182300 1.742567 -2.773921 4.310121 -1.759811 -29.046118 -15.597292 -5.926671 2.540536 10.899340 -12.414416 1.771559 4.196552 -10.866005
-17.744320 -23.824190 4.250021 -3.855639 15.721539 -6.203751 1.047007 25.268782 -16.822622 12.110788 9.187186 -1.532132 0.977761 9.299075 1.604940 -9.033239 6.028268 1.749136 -2.885229 4.159978 -1.970074 -29.037563 -15.511487 -6.356041 2.535315 10.594738 -12.498631 1.802339 3.616422 -10.823620
-18.093361 -23.519609 3.777784 -4.030551 16.125444 -6.097992 0.985362 24.588869 -16.700731 11.920393 9.264954 -1.476905 0.893470 9.296238 1.674058 -9.000847 5.787709 1.823935 -2.834071 4.013132 -2.489302 -28.858940 -16.078485 -6.518965 2.762547 10.474870 -12.395629 1.355227 2.563406 -10.631856
-18.301273 -23.592077 3.461683 -3.981030 16.659739 -6.123601 1.175019 24.353670 -16.634747 11.595756 9.218349 -1.141702 1.016314 9.426789 1.524412 -9.159794 5.606216 1.801956 -2.984926 3.715791 -2.835252 -28.633799 -16.731672 -6.991563 2.996029 10.508842 -12.168746 1.056464 1.703097 -10.963849
-18.693050 -23.337654 3.018752 -4.183579 17.136385 -6.355873 1.108852 24.015650 -16.698507 11.636742 9.195777 -1.014315 0.975763 9.450057 1.607870 -9.124844 5.473672 1.832394 -3.035412 3.728978 -3.335501 -28.571587 -16.734108 -7.253015 2.978508 10.354759 -12.266746 0.627265 1.125708 -11.026940
-18.631348 -23.295839 2.896491 -4.349089 17.144098 -6.475128 1.070250 24.025425 -16.522402 11.475832 9.240487 -0.982738 0.950688 9.513682 1.681344 -9.126022 5.434856 1.913378 -3.096880 3.669011 -3.377857 -28.432890 -16.833208 -7.289004 3.058154 10.273545 -12.339437 0.552988 0.862205 -10.868791
-18.643774 -23.217865 2.703167 -4.456639 17.264746 -6.400635 1.232792 23.968870 -16.533981 11.438588 9.296775 -0.889908 0.925055 9.543919 1.739280 -9.116450 5.327707 1.938089 -3.065617 3.574596 -3.403396 -28.493650 -16.981779 -7.314265 3.219974 10.139245 -12.184739 0.340903 0.624264 -10.701383
-18.623274 -22.989023 2.363921 -4.486349 17.479918 -6.568565 1.096009 23.750010 -16.467989 11.493877 9.292153 -0.813742 0.975043 9.570328 1.714826 -9.148557 5.278641 1.980418 -3.086821 3.453628 -3.646469 -28.702536 -16.949514 -7.530010 3.261253 10.110388 -12.116690 0.117470 0.531099 -10.795915
-17.707623 -23.892479 4.831722 -3.169434 14.978090 -6.406638 0.691935 25.813456 -17.090708 12.554085 9.216272 -1.788451 0.955183 9.168505 1.567441 -9.060352 6.387633 1.631972 -2.594689 4.408559 -1.234264 -28.860777 -15.066708 -5.263858 2.204885 10.841404 -12.050107 1.917106 4.950716 -10.781248
-17.687567 -23.844330 4.391364 -3.295235 15.415356 -6.366673 0.915441 25.368505 -16.873705 12.272990 9.124045 -1.606609 0.826329 9.180965 1.626467 -9.003850 6.168064 1.657591 -2.780450 4.311621 -1.594939 -28.870678 -15.303460 -5.890594 2.371076 10.773945 -12.366072 1.598332 4.370801 -10.954093
-17.845463 -23.667751 4.265396 -3.340140 15.790081 -6.360364 0.957265 25.243151 -17.070074 12.348480 9.187166 -1.583900 0.955766 9.245432 1.631463 -9.007283 6.077520 1.648149 -2.829301 4.196836 -1.730507 -29.087759 -15.458230 -5.899876 2.559470 10.846582 -12.320062 1.725331 4.147113 -10.867587
-17.735476 -23.841717 4.248415 -3.886146 15.747004 -6.230499 1.097979 25.254316 -16.788074 12.091282 9.194156 -1.548339 0.971823 9.281437 1.610858 -9.018104 6.025285 1.726370 -2.890409 4.121454 -2.021329 -29.073122 -15.559388 -6.303850 2.631472 10.677676 -12.489158 1.795735 3.621302 -10.829560
-17.959253 -23.638981 3.847145 -3.939375 15.880058 -6.116162 1.016496 24.791317 -16.605188 12.080812 9.300591 -1.461992 0.919814 9.227845 1.706361 -8.878608 5.847149 1.742345 -2.818172 4.089468 -2.318945 -28.817312 -15.838549 -6.650187 2.488487 10.569701 -12.429545 1.455702 2.951862 -10.944258
-17.682793 -23.799429 4.243251 -3.828751 15.804899 -6.213107 0.991745 25.262381 -16.867208 12.068178 9.304112 -1.614435 0.914985 9.207843 1.628140 -8.904267 5.999897 1.726594 -2.871441 4.136446 -2.040947 -29.015345 -15.542521 -6.201838 2.564703 10.689415 -12.404954 1.772920 3.646757 -10.933612
-17.904469 -23.570183 3.872198 -4.031133 16.006018 -6.165866 1.106287 24.776106 -16.705374 12.106760 9.353475 -1.449143 0.794965 9.256258 1.715507 -8.844767 5.751495 1.844658 -2.843431 4.055980 -2.436789 -28.920982 -15.807464 -6.513696 2.652993 10.622385 -12.641360 1.491985 2.825201 -10.898128
-18.128265 -23.512054 3.728518 -4.008956 16.497442 -6.001390 1.107954 24.521433 -16.630926 11.665793 9.385606 -1.546070 0.860139 9.272488 1.733652 -8.890400 5.632769 1.858328 -2.865164 3.939541 -2.652809 -28.804892 -16.086880 -6.589401 2.768964 10.442498 -12.577636 1.178001 2.295313 -10.641431
