1.054497 27.046745 -17.399490 16.345861 2.577599 11.351288 -4.814469 9.738708 -3.437674 5.142563 -4.380678 1.329596 -1.276811 -9.777664 5.307943 -2.077234 -5.400558 3.232934 -9.636558 -2.804113 1.839419 15.142746 -10.590473 -0.039491 -29.464895 6.334282 11.514919 -16.389441 2.231607 9.655671
1.048005 27.052341 -17.433260 16.407671 2.592690 11.363696 -4.791638 9.690270 -3.457891 5.095507 -4.421628 1.327684 -1.295561 -9.773752 5.297681 -2.090107 -5.426330 3.199361 -9.696193 -2.757997 1.869770 15.212042 -10.566039 -0.106139 -29.570311 6.275108 11.420330 -16.430691 2.244014 9.572574
-4.239480 13.904465 -9.826066 20.095049 7.807247 7.301624 7.523857 17.001568 -6.733548 5.216877 -5.975661 2.502214 -4.086327 -12.323927 0.033906 -3.495398 -3.104278 -2.719680 -8.145001 3.947938 3.717607 10.849101 -13.563987 -5.348518 -33.397144 8.689427 -3.476078 -7.554169 2.866304 -5.268709
-1.816679 15.772922 -12.187191 21.331179 7.478454 4.668586 5.335123 16.430721 -7.236730 5.557603 -5.796611 1.937387 -3.726743 -12.562454 0.327501 -3.804797 -4.074055 -1.974576 -7.355488 3.499490 4.640017 13.077618 -11.439261 -6.307014 -33.397076 9.659353 -0.583216 -7.233092 2.829195 -5.075435
-1.362922 16.302574 -11.823255 22.915791 7.980285 4.185865 4.769772 15.788358 -6.084364 6.031935 -5.484651 1.719514 -3.510571 -12.910884 0.378023 -3.607378 -4.333307 -1.193851 -6.687037 3.188871 4.456060 13.683949 -11.000992 -8.135141 -32.701012 10.880943 1.428158 -6.180475 2.548408 -3.411206
-0.744673 17.337799 -11.380889 23.431292 7.517472 3.529286 3.534488 15.520040 -5.602503 6.809261 -5.228187 1.248548 -3.285003 -13.247551 0.212358 -3.565404 -4.187330 -0.685920 -6.095293 3.145430 4.699373 13.178606 -10.785568 -8.754743 -32.488358 11.245706 3.080515 -5.489223 3.094381 -1.728908
-0.367538 17.470573 -11.144893 23.708750 7.147197 3.067609 3.032905 15.715508 -5.301459 7.328057 -5.208901 0.816592 -3.292515 -13.372221 0.124990 -3.727911 -3.866527 -0.288065 -5.790758 3.048523 5.403992 12.529194 -10.738267 -8.848379 -32.131809 11.227191 4.000804 -5.343436 4.032047 -0.740475
-0.170460 18.668285 -10.318470 22.236393 5.692501 2.425212 2.130888 16.169788 -5.736292 8.242034 -5.342068 -0.183484 -3.139953 -13.310707 0.306017 -4.066878 -2.977962 0.169445 -5.667171 3.050170 7.324715 11.044991 -11.204520 -8.599993 -31.462912 10.463737 5.057256 -5.310107 5.936546 1.320023
0.072809 19.361397 -9.815711 20.080585 4.121497 1.389140 1.069525 17.397730 -6.784430 8.636643 -5.712225 -1.528544 -2.842432 -13.265830 0.526091 -4.789054 -2.227166 0.517450 -5.581049 2.417958 8.760550 9.428643 -11.321868 -8.197156 -31.108854 9.896437 5.657333 -5.468511 7.467397 2.258416
0.526078 19.229790 -9.235238 18.925638 2.292029 1.034201 0.072278 18.099480 -7.094397 8.924307 -5.551337 -2.533046 -2.781535 -13.441963 0.386030 -5.112875 -1.837531 1.140756 -5.072053 1.852955 9.264336 7.715565 -11.014831 -7.361263 -30.913858 9.221503 7.201296 -5.203722 8.807202 4.292848
1.107869 20.095482 -9.394503 17.428850 0.797753 0.148079 -1.818599 18.631344 -7.432557 9.441522 -5.244185 -3.410677 -2.032395 -13.683786 0.326371 -5.099610 -1.869609 1.598300 -4.532402 1.518247 9.641616 6.198576 -10.733096 -6.786284 -31.050669 8.817047 9.235989 -4.947217 10.168859 6.133191
2.111185 19.730865 -10.308701 17.757803 -0.502474 -0.780689 -3.423154 18.887968 -7.511190 8.735998 -4.889633 -3.711053 -1.319531 -14.038846 0.292538 -4.579955 -2.168483 2.278056 -4.005788 1.449679 10.272317 5.830327 -10.066861 -6.619021 -30.840315 8.980652 11.277698 -5.002342 11.297853 6.127468
3.439126 19.072060 -12.159777 19.014444 -1.444983 -2.357201 -4.733717 18.925392 -7.525666 8.121774 -4.609734 -3.943304 0.034041 -14.457211 0.661656 -3.621789 -2.480943 3.188061 -3.516867 2.257232 11.871520 6.701473 -9.086648 -8.188221 -28.889246 9.884605 14.231359 -5.047205 11.340594 6.652446
4.751015 19.151083 -12.322965 19.401903 -2.476093 -2.638008 -6.071130 19.683121 -7.208597 8.368397 -4.285319 -4.445173 1.037536 -14.622253 1.200371 -3.013082 -2.339326 4.333971 -3.285581 2.816571 12.794719 7.837677 -8.460213 -8.346362 -28.506620 10.067675 15.139558 -4.474450 10.867722 7.742264
4.639797 19.279106 -12.295810 19.476627 -2.439611 -2.580348 -6.035460 19.579023 -7.063634 8.343863 -4.242224 -4.419749 0.985448 -14.635756 1.160830 -3.026035 -2.365519 4.338383 -3.224388 2.806314 12.921544 7.695727 -8.443809 -8.434008 -28.358343 10.084006 15.331447 -4.375529 10.951862 8.056407
4.854985 19.118834 -12.236227 19.449797 -2.613396 -2.693710 -6.181719 19.795036 -7.263285 8.439777 -4.346414 -4.511915 1.117448 -14.664938 1.173307 -3.059335 -2.333417 4.347075 -3.220240 2.814708 13.169306 7.718107 -8.371039 -8.395505 -28.320177 10.171359 15.392673 -4.134280 10.908064 8.060037
4.750821 19.209782 -12.281925 19.489233 -2.513759 -2.560365 -6.048023 19.654255 -7.118724 8.295318 -4.303044 -4.441629 0.985893 -14.629646 1.192310 -3.055012 -2.346729 4.317682 -3.267995 2.794831 12.925231 7.791197 -8.386188 -8.403441 -28.410017 10.094213 15.276788 -4.380536 10.927765 7.996315
4.810100 19.058411 -12.213463 19.461523 -2.632544 -2.685390 -6.143549 19.782021 -7.254700 8.379672 -4.333120 -4.484179 1.108489 -14.654739 1.140707 -3.042359 -2.335768 4.302014 -3.239505 2.811219 13.290572 7.735661 -8.336511 -8.347682 -28.266335 10.133017 15.418620 -4.198258 10.961079 8.072150
4.687869 19.181231 -12.318482 19.477503 -2.404063 -2.641860 -6.032775 19.630430 -7.198070 8.299137 -4.292099 -4.409621 0.985407 -14.631348 1.162575 -3.039253 -2.356756 4.279874 -3.263183 2.790480 12.819727 7.907465 -8.421804 -8.436835 -28.452917 10.152021 15.109776 -4.451883 10.867039 7.761019
4.788298 18.985783 -12.216063 19.528967 -2.500513 -2.718040 -6.064939 19.793959 -7.299695 8.372273 -4.337512 -4.451588 1.067177 -14.667450 1.101144 -3.049030 -2.334480 4.281959 -3.246488 2.842166 13.379174 8.053156 -9.606986 -8.218152 -28.417170 10.049025 15.917039 -4.133657 11.058500 7.640146
4.742473 19.127613 -12.202987 19.418821 -2.561788 -2.659999 -6.099328 19.701893 -7.251368 8.415206 -4.319654 -4.458836 1.104839 -14.662121 1.144599 -2.998792 -2.328040 4.337843 -3.266065 2.840740 13.272457 8.051835 -9.632097 -8.178746 -28.460222 9.995483 15.831459 -4.211312 11.012075 7.630569
4.510685 19.378527 -12.270187 19.410608 -2.263695 -2.530148 -6.186432 19.474327 -7.158461 8.270619 -4.312475 -4.320342 0.960935 -14.615421 1.182099 -3.028868 -2.404932 4.259889 -3.303486 2.784764 12.897817 8.059066 -9.750241 -8.303501 -28.480177 10.002803 15.638506 -4.304234 10.919212 7.718554
1.396510 19.552223 -5.662165 17.275702 -4.944374 8.633224 -10.718080 18.446552 -0.822287 7.340336 -0.619447 -1.908398 -0.478232 -12.827959 0.034959 0.376030 0.782137 6.109724 -6.247865 3.437665 13.199695 5.898555 -13.964414 -3.322886 -26.869171 3.915254 11.833723 -4.212986 8.477772 18.949844
-4.951384 21.612066 1.457631 13.722047 -3.417133 14.572886 -11.386298 15.941010 -0.364799 6.854215 1.023983 -0.844292 -3.319832 -12.107710 -1.486337 -0.025730 2.396382 6.065444 -6.301391 2.241264 7.558259 2.841725 -19.847115 -4.676266 -25.566740 1.329497 5.793270 -5.357829 3.069356 22.498438
-7.724469 23.502422 3.725058 12.059886 -1.530799 16.081411 -10.837489 14.665932 0.030991 7.740118 1.015171 -0.893912 -4.813818 -11.751937 -1.132209 -0.541950 3.016574 6.790696 -6.638883 1.551570 6.751894 1.171919 -21.389376 -4.869650 -25.181383 1.042352 4.072399 -5.823190 2.540986 23.358364
-8.729875 21.684246 5.084580 12.482490 -1.694109 16.809139 -10.210621 14.651825 0.363322 6.786265 1.381251 -0.871068 -4.193623 -11.366867 -0.647468 0.450338 3.587831 6.809132 -7.823110 2.242617 8.356724 1.887589 -22.106663 -3.940683 -24.920881 0.792331 2.065395 -5.225379 2.600594 23.479681
-9.113443 20.361473 5.731915 13.189407 -2.141662 17.329224 -9.298481 14.981411 0.795107 6.118042 1.793813 -0.927719 -3.538522 -11.000374 -0.105419 1.428501 3.942460 6.843398 -8.741010 2.901056 10.272431 2.572886 -22.982229 -3.379541 -24.611881 0.896643 0.541780 -5.014482 3.467341 23.164761
-8.927510 19.231483 5.744612 13.640207 -2.267553 17.752123 -9.107356 15.424939 0.961636 5.471491 2.083881 -0.745586 -3.136904 -10.835180 -0.039783 1.751410 4.135512 6.746474 -9.032421 3.157190 11.666127 3.464962 -23.117542 -2.510537 -24.723557 0.709302 -0.736553 -5.054696 4.129236 22.843998
-9.081742 18.488935 6.011415 13.676004 -2.865353 17.960989 -8.952181 15.913527 0.931440 5.013831 2.185764 -0.770358 -2.851560 -10.707585 0.137525 2.029222 4.301342 6.775221 -9.317361 3.333865 12.412974 3.864313 -23.388416 -2.237992 -24.580263 0.702617 -1.620731 -5.128275 4.379636 22.642967
-9.208111 18.497467 5.991565 13.615360 -2.712011 18.024662 -8.810056 15.825780 0.857099 4.983029 2.237279 -0.774429 -2.763546 -10.680513 0.182036 2.134559 4.304457 6.783215 -9.381999 3.382979 12.401799 3.884980 -23.355171 -2.251370 -24.569918 0.751682 -1.636665 -5.115997 4.281277 22.563372
-9.591979 18.460823 6.089310 13.752259 -2.174000 18.177311 -8.466641 15.699194 0.707064 4.761541 2.346045 -0.868587 -2.700127 -10.471214 0.225553 2.118903 4.382923 6.631090 -9.540185 3.276755 12.698648 3.980720 -23.473444 -2.111390 -24.695107 0.650427 -2.494317 -4.936959 4.164334 21.997658
-9.519711 18.135515 6.094580 13.678111 -2.387789 18.300270 -8.565969 15.873543 0.758323 4.527079 2.297165 -1.031845 -2.633806 -10.516863 0.269031 2.069247 4.396711 6.527847 -9.512990 3.290550 12.941461 4.118468 -23.299841 -1.869520 -24.827200 0.637559 -2.618123 -4.790407 4.296635 22.132313
-9.334374 18.025175 6.043388 13.625834 -2.507924 18.385962 -8.550969 15.983733 0.806108 4.570162 2.370442 -0.891461 -2.592052 -10.454323 0.262666 2.083873 4.362861 6.605924 -9.543212 3.286430 12.984279 4.210273 -23.262484 -1.770286 -24.920156 0.609682 -2.599508 -4.701610 4.364505 22.075481
-9.485464 18.058628 5.975443 13.645207 -2.427598 18.085960 -8.681873 15.765239 0.786967 4.627248 2.311572 -0.815474 -2.568817 -10.591167 0.202860 2.121879 4.268059 6.630767 -9.453816 3.332343 12.955308 4.329296 -23.200460 -1.790706 -24.831993 0.643946 -2.484179 -4.896196 4.257928 22.094473
-9.506034 17.760757 6.060141 13.651781 -2.618973 18.377674 -8.658692 16.030472 0.794010 4.277753 2.395307 -0.938823 -2.494093 -10.502858 0.334841 2.248571 4.325866 6.608699 -9.620853 3.269572 13.312743 4.369383 -23.218836 -1.660469 -24.821535 0.586633 -2.692044 -4.886737 4.573233 22.076538
-9.515970 17.771515 6.314917 13.656013 -2.747537 18.497061 -8.517386 16.268585 0.713777 4.153385 2.394366 -0.930750 -2.404914 -10.472010 0.312921 2.224401 4.353586 6.601779 -9.654518 3.165094 13.398181 4.421761 -23.315443 -1.498605 -24.798172 0.584882 -2.809156 -4.843544 4.448799 21.987259
-9.538753 17.697968 6.301546 13.713295 -2.716619 18.538603 -8.406159 16.249327 0.718944 4.075770 2.396441 -0.929135 -2.311155 -10.462684 0.295529 2.194028 4.349502 6.557851 -9.662004 3.188290 13.599828 4.500706 -23.342035 -1.376524 -24.824551 0.564348 -3.072482 -4.930382 4.616996 21.989429
-9.429114 17.838060 6.184103 13.685296 -2.667629 18.463713 -8.556939 16.129749 0.790065 4.241104 2.420721 -0.949196 -2.480002 -10.493229 0.331657 2.261274 4.314880 6.579387 -9.638894 3.217344 13.383609 4.445911 -23.147762 -1.641284 -24.801691 0.629823 -2.687227 -4.857016 4.435795 21.982832
-9.378177 17.751745 6.245481 13.673480 -2.780940 18.616198 -8.474643 16.301201 0.835830 4.208332 2.419211 -0.950027 -2.366794 -10.473846 0.342783 2.283994 4.348021 6.571284 -9.694691 3.191967 13.471110 4.527509 -23.193396 -1.519695 -24.747423 0.597122 -2.761569 -4.906744 4.440673 22.039629
-9.268533 18.019844 5.955042 13.663751 -2.661149 18.288576 -8.659586 16.010862 0.723521 4.398564 2.338572 -0.954289 -2.477251 -10.536594 0.295075 2.234889 4.325330 6.609001 -9.604317 3.225673 13.189873 4.431317 -23.085443 -1.745137 -24.899328 0.676232 -2.707270 -4.690109 4.252688 22.098238
