8.936332 28.056332 -7.575913 4.461371 12.176859 3.044169 3.488970 15.491380 7.858980 -3.599034 -5.394659 5.285734 2.691220 -7.830788 1.420858 -6.779786 -4.231475 4.297130 -7.714232 -4.151597 3.995943 6.436168 7.380537 1.806027 2.024096 23.557777 -0.838205 -23.889303 -4.403307 20.050478
9.159830 28.084805 -7.248155 4.293772 12.503258 3.030858 3.575272 15.639030 7.921765 -3.965960 -5.291532 5.130122 2.521094 -7.947337 1.384974 -6.627393 -4.359032 4.306783 -7.872149 -3.948123 3.942154 6.410236 7.412961 1.757533 2.047697 23.605719 -0.977266 -23.901571 -4.399858 20.033009
8.046882 25.692772 -8.296329 3.717905 9.608681 5.642391 2.151677 15.704232 8.198540 -4.393386 -4.680824 5.716983 3.412219 -7.143347 1.813225 -6.553233 -4.488800 3.736326 -7.743761 -3.670506 4.946205 5.720443 6.918223 2.435796 3.671373 22.843889 0.336463 -22.623100 -6.388915 19.507439
8.758362 26.819876 -7.656638 3.905807 10.448817 5.092402 3.226204 15.737376 7.929795 -4.534670 -5.007646 5.688542 3.214864 -7.210351 1.469049 -6.885911 -4.493054 3.999013 -7.847713 -3.874886 4.854557 6.697345 7.232083 1.911836 3.225041 23.361679 -0.539314 -23.220095 -5.882266 19.763214
8.429232 25.846355 -8.007202 3.049208 8.425644 7.758882 3.356740 15.357392 7.437768 -5.152541 -4.679078 6.115949 3.509959 -6.766443 1.750453 -6.648872 -4.770630 3.745896 -7.948439 -3.684280 5.768289 7.414821 7.061398 2.991645 4.106149 23.172031 -0.747245 -22.199709 -7.491402 19.351770
8.367555 24.788105 -8.227127 2.727313 6.747218 9.668271 3.372321 15.560541 7.073116 -5.754702 -4.334873 6.347475 3.867261 -6.244397 2.187096 -6.444955 -5.101416 3.691475 -8.033758 -3.287299 6.376541 8.046967 7.131030 3.339955 4.592395 22.808348 -0.722133 -21.398211 -8.789038 18.888542
8.088946 24.166180 -8.302468 2.311068 6.223885 10.598392 3.906754 15.286630 6.718725 -6.176104 -4.058259 6.849045 3.990366 -5.843589 2.568004 -6.200145 -5.398772 3.711226 -8.023346 -3.031861 7.034668 9.201870 7.242313 3.942072 5.030754 22.853701 -1.545944 -21.069609 -9.861156 17.792736
8.378648 23.856133 -8.188552 2.084619 5.746906 11.793347 4.727643 15.155316 6.356980 -6.822893 -3.832185 7.306432 4.030950 -5.636558 2.857451 -5.816821 -5.676799 4.097619 -8.043284 -2.652615 7.438271 9.818712 7.243904 4.119371 5.302621 22.712917 -1.860485 -20.579052 -10.748960 17.358971
8.941482 23.333866 -8.196560 2.442520 5.521756 12.931458 5.811121 15.128287 6.267658 -7.597086 -3.645987 7.567444 3.998109 -5.447756 2.996247 -5.670526 -5.957687 4.138297 -8.089834 -2.452537 8.301838 9.858082 7.302888 4.889249 5.835456 22.456430 -2.127237 -19.976337 -11.565273 17.218567
9.324149 22.702187 -8.232730 2.632503 5.594850 13.535552 6.613987 14.932445 6.434469 -8.252914 -3.570662 7.810789 3.647659 -5.308654 2.888208 -5.748106 -6.337097 4.322500 -8.122558 -2.390487 8.432485 9.834831 7.221797 5.447680 6.526147 22.275085 -2.081907 -19.623116 -12.295009 17.012894
10.373349 21.848305 -8.247463 3.081176 5.760362 14.569375 7.394493 14.915698 6.959743 -9.323498 -3.526407 7.664759 3.429683 -5.113521 2.429223 -6.296904 -6.777847 3.966800 -8.193181 -2.339433 8.989484 9.219632 7.206319 6.084773 7.270652 21.905939 -1.540708 -18.840445 -13.045897 17.310946
10.972778 20.929024 -8.579009 3.404288 6.571310 14.040414 7.503228 14.885808 7.879856 -10.015699 -3.498128 7.347224 3.460546 -4.966626 1.960067 -6.801600 -7.158822 3.515974 -8.369379 -2.213333 9.638429 8.135078 6.945887 6.989626 8.106318 21.508991 -0.800922 -18.089529 -13.494218 17.922138
11.610675 20.032192 -8.793033 3.694661 7.622930 13.508363 7.134593 15.040475 8.953821 -10.667938 -3.511117 6.646145 3.391748 -5.182730 1.473543 -7.163692 -7.518442 3.021793 -8.618618 -1.880582 10.137241 7.167318 6.925109 7.607536 8.547146 21.403059 0.016559 -17.458679 -13.531767 18.730129
12.131719 19.107098 -9.113715 3.948344 8.933077 12.558008 6.848428 15.169951 9.966816 -11.362452 -3.588071 6.129490 3.638655 -5.209644 0.884061 -7.568892 -7.638347 2.511656 -8.900378 -1.739850 10.714273 6.056045 6.727609 8.176824 9.228287 21.278578 1.052469 -16.552692 -13.795467 19.112934
12.228000 18.724039 -9.183232 3.665821 10.664356 10.791411 5.993654 15.472524 10.833143 -11.713346 -3.605894 5.674348 4.092390 -5.378735 0.486679 -7.720552 -7.651932 2.143852 -9.168818 -1.355512 11.281678 5.146696 6.798651 8.337214 9.957674 21.432022 2.275026 -15.320080 -14.325460 19.210060
12.285417 18.637224 -9.018403 3.258218 11.933098 9.199628 5.383101 16.005062 11.395381 -11.876204 -3.564932 4.959183 4.639184 -5.509217 0.533095 -7.686347 -7.588814 1.836664 -9.424002 -0.945654 11.483052 4.636409 6.555806 8.820644 10.713785 21.671656 3.123163 -14.427882 -14.802296 19.466742
12.090677 18.819263 -9.119691 2.629576 13.338600 7.354240 4.574158 16.317228 11.923634 -11.809127 -3.663485 4.546215 5.573715 -5.478613 0.474616 -7.769419 -7.319406 1.874242 -9.584401 -0.528445 11.270868 4.071552 6.453842 8.728177 11.406137 22.074530 4.319783 -13.613642 -15.346296 19.021061
11.781835 18.973701 -9.280790 2.197848 13.630318 6.364904 3.811969 16.791761 12.170585 -11.615643 -3.733320 4.101972 6.102289 -5.554477 0.626871 -7.764064 -7.030896 1.987258 -9.627905 -0.215254 11.314069 3.703681 6.543693 9.007142 11.942967 22.413488 4.696992 -13.012324 -15.694967 18.850800
11.061075 19.065510 -9.323529 2.002655 14.655778 5.370878 3.599998 16.891436 12.320046 -11.487368 -3.845161 3.872574 6.798329 -5.713903 0.806741 -7.593719 -6.673075 2.347443 -9.605288 0.465669 11.040269 2.404927 6.573010 9.127860 12.793519 22.549084 5.862431 -12.537204 -16.163193 18.426144
10.329059 19.627045 -9.139676 1.874256 15.636129 4.075055 3.037429 16.990297 12.442645 -10.967321 -4.053956 3.593687 7.015775 -5.895767 0.988591 -7.584666 -6.465843 2.814441 -9.497472 0.763133 10.544949 1.402560 6.682502 8.895236 13.161736 22.400068 6.490255 -12.624078 -16.319557 18.220989
9.934021 19.787004 -9.041371 1.828607 16.099447 3.710522 3.065050 16.804983 12.139334 -10.739243 -3.982044 3.443895 6.932815 -5.977878 1.195107 -7.349499 -6.434298 2.878651 -9.599402 0.966637 10.630532 0.771922 6.752741 9.099080 13.609467 22.372072 6.650539 -12.439643 -16.434229 17.901222
9.943145 19.838455 -8.945148 1.666642 16.052719 3.669198 3.057520 16.835629 12.066437 -10.763996 -4.007375 3.411365 6.908250 -6.067604 1.222631 -7.318164 -6.397045 2.956910 -9.611278 1.021184 10.549983 0.719589 6.707930 9.017715 13.626047 22.336267 6.802624 -12.370816 -16.451895 17.952000
9.227214 9.132663 -13.140195 -2.029339 9.254089 13.378674 2.162092 16.127041 10.091261 -14.473868 -2.474292 5.844128 5.951557 -3.852086 2.118527 -7.782297 -8.139111 0.486789 -8.060677 2.276237 19.113569 0.001671 6.473017 9.046693 10.520082 12.428614 5.138976 -12.430942 -18.428415 14.976907
6.317476 4.073536 -12.735912 -6.556505 13.875924 11.161166 3.936402 13.783465 9.585794 -16.112341 1.034386 5.345551 6.239046 -2.316591 -0.032824 -7.634257 -8.606823 1.649035 -7.281166 3.791818 15.246502 -2.365250 6.253247 11.394305 9.709330 9.667030 7.068278 -6.964871 -23.047258 11.710408
3.486692 1.413831 -11.122725 -7.266867 19.304855 12.448783 4.628683 11.975239 10.465066 -17.404177 2.872726 5.884979 4.173485 -1.413248 -0.902298 -7.834458 -8.569252 0.413155 -7.018029 4.464387 12.148763 -3.304433 3.581619 9.870021 8.992024 7.887775 5.962878 -3.426158 -26.861736 9.605714
0.232809 -2.069601 -9.538554 -6.707343 22.249718 17.029078 6.336500 10.481616 10.544215 -17.215017 5.194461 7.112199 2.709400 -1.181409 -1.172667 -7.265149 -7.337121 -0.594061 -5.914930 5.403305 8.525420 -5.379818 3.404237 11.229100 7.464998 6.820906 1.387335 -0.516298 -28.859694 5.613884
0.536581 -0.557147 -12.457511 -7.302208 23.695288 14.533491 6.543810 8.358947 10.758877 -15.489899 4.778930 7.514484 2.170613 -0.582030 -1.020845 -7.490221 -8.306835 0.427887 -5.958244 4.612396 7.316108 -5.353077 4.194857 8.767192 8.465082 7.772524 3.849333 -1.499932 -29.428755 4.265370
2.528534 2.072669 -14.208760 -9.165997 25.306648 8.815084 6.771552 7.402708 9.838123 -16.321371 3.118625 7.186591 1.984908 -0.430259 -0.406872 -8.384541 -10.016178 2.163756 -6.055720 4.069572 7.461071 -4.687473 4.905538 5.961493 10.376934 9.870812 8.190768 -3.203459 -29.422962 3.092870
3.043935 2.454172 -14.211734 -8.689259 25.709179 9.117304 7.723248 7.327129 9.564939 -15.943539 2.942319 7.673407 1.605331 -0.528484 -0.590441 -8.479936 -10.103924 2.355251 -5.985716 4.105650 7.732178 -4.384437 4.637161 5.395255 10.365092 10.328709 8.695083 -2.305679 -29.639389 2.881438
4.731211 3.438263 -16.087759 -9.237106 25.283016 6.609410 7.890429 7.865390 9.480443 -15.365286 1.917398 7.341763 2.026392 -0.413540 0.149935 -8.942426 -11.065836 3.152681 -6.164535 3.486381 8.802337 -4.453393 5.515680 4.689862 11.322865 11.374020 10.902343 -3.400336 -28.776047 2.915732
0.975325 2.392010 -15.158974 -7.350468 24.804947 11.385142 8.123282 5.542434 9.908938 -13.251169 3.610471 8.869118 0.753655 -0.412272 -0.587724 -7.703618 -9.676258 1.977110 -5.770063 3.724631 5.860298 -5.303473 4.258387 3.566866 11.043802 10.807364 7.308330 -2.048642 -30.961752 4.356306
1.210033 2.244633 -14.924015 -7.165413 24.843748 11.589410 8.283939 5.687386 9.979249 -13.667613 3.554537 8.609737 0.864962 -0.541306 -0.525307 -7.699390 -9.529799 1.967920 -5.636431 3.828430 6.229127 -5.274298 4.932236 4.775787 10.329952 10.380615 7.268444 -1.793850 -30.567278 4.083763
1.515756 2.625103 -15.227300 -7.108316 25.043118 11.339665 8.151498 5.474828 9.614833 -13.366112 3.492427 9.055156 0.599208 -0.428773 -0.738483 -7.783633 -9.681271 2.043071 -5.802035 3.793989 5.835207 -5.276223 4.364457 3.132263 11.477818 11.105612 7.396219 -2.111539 -31.100000 4.315882
-3.409018 0.608624 -13.336270 -1.848523 25.193800 19.188055 8.834315 1.804862 10.050853 -9.535261 6.293427 11.268062 -2.453668 -0.693085 -0.322565 -3.960843 -7.245512 0.012837 -5.383724 3.556445 0.412847 -5.381432 3.328166 3.572525 9.000965 10.390957 1.818763 2.360259 -33.568089 6.307635
1.733397 2.555154 -15.008201 -6.836092 25.124361 11.489560 8.323928 5.586175 9.345704 -13.660408 3.348643 8.967170 0.648011 -0.493815 -0.675275 -7.825555 -9.693874 2.036149 -5.690699 3.904921 5.929805 -5.310101 4.969540 3.271434 11.118766 11.047074 7.216310 -2.146241 -30.848055 4.042542
1.419822 2.665104 -14.657765 -6.515699 25.702608 11.985926 8.705894 5.233642 9.678889 -13.270752 3.545959 9.443686 0.175536 -0.480521 -0.733594 -7.672005 -9.612514 1.942872 -5.683042 4.000701 5.443309 -5.253094 4.434081 2.709786 11.439072 11.317812 6.976289 -1.725090 -31.565531 4.629411
0.232188 2.652724 -14.783236 -5.413222 25.607895 13.222102 9.196685 4.096642 8.992433 -11.849491 4.141752 9.779982 -0.530378 -0.568461 -0.495832 -7.053034 -9.327171 1.682812 -5.288148 4.071321 4.309674 -5.893793 4.840152 3.181668 10.938715 10.906830 6.189114 -0.799342 -32.093395 4.147806
4.793487 4.144404 -15.878324 -9.062911 25.337126 7.235162 8.418987 6.975181 8.966951 -15.123222 1.937500 7.457150 1.543951 -0.682672 0.292950 -8.524957 -11.192905 3.312303 -6.134407 3.322924 8.067009 -4.768701 6.350927 4.195392 11.339483 11.512760 10.215703 -3.552419 -29.211462 3.116805
3.314428 2.715793 -14.155366 -8.951252 26.009813 8.767992 7.905578 7.228753 9.315881 -15.779734 2.700088 7.652750 1.525819 -0.570042 -0.336493 -8.484264 -10.382252 2.520623 -6.056323 3.998999 7.933727 -4.483967 5.215428 5.202285 10.662529 10.659187 9.046796 -2.472154 -29.615221 2.926751
3.434430 2.792565 -14.232068 -8.929480 25.767523 8.734227 7.897995 7.262293 9.428967 -15.929796 2.762559 7.619980 1.525253 -0.547241 -0.367410 -8.429885 -10.385399 2.460273 -6.144317 3.875641 7.699399 -4.643080 5.398160 5.231733 10.636246 10.593077 8.949561 -2.600857 -29.605589 3.320743
3.509369 2.874157 -14.309428 -9.097229 25.626490 8.883653 7.827575 7.287279 9.193257 -15.934431 2.751832 7.626902 1.624390 -0.568895 -0.312134 -8.329830 -10.289974 2.448439 -6.124907 3.950557 7.623629 -4.731488 5.440608 5.079493 10.605011 10.627471 8.939034 -2.718140 -29.571833 3.372186
2.213758 2.290174 -14.495637 -8.199677 25.181803 9.652361 7.735485 6.654877 9.215385 -15.238089 3.110065 7.841642 1.620646 -0.511226 -0.492651 -8.377529 -10.062386 2.250808 -5.798069 4.218666 7.580046 -4.455913 4.651426 5.613924 10.198922 10.078735 8.458211 -2.313024 -29.562288 2.877300
4.863012 2.802466 -16.689341 -12.078122 19.678545 2.894126 -1.031407 11.645982 11.797286 -15.343529 1.471191 2.796622 3.642574 0.084401 1.427065 -9.328210 -10.589121 1.403006 -7.467334 2.069788 10.571708 0.014921 4.914383 6.403625 8.434558 8.435405 11.407540 -7.672132 -25.662107 3.507668
3.503307 2.880091 -17.863558 -14.018304 21.642542 2.092541 0.213461 9.411974 11.759696 -15.392869 2.180111 3.340269 2.154420 0.648198 1.776852 -9.171714 -10.880276 1.825082 -7.507900 1.427884 5.654072 -1.544612 3.637900 4.678334 8.830992 7.936188 13.721514 -8.600898 -26.862400 1.982830
4.393848 6.251096 -19.967720 -15.711587 21.620584 -1.740088 -0.220626 8.584054 10.649064 -13.874349 1.166625 3.057379 1.471799 1.377079 3.168960 -9.052106 -11.643433 3.415943 -8.420483 -0.032613 4.301813 -2.861814 2.736681 2.373766 9.495888 9.261490 17.797348 -10.567513 -25.369263 1.709581
4.788495 8.346319 -20.134279 -17.440584 21.942869 -4.341898 -0.705817 8.623706 10.663482 -13.009676 -0.582720 3.089873 1.149929 1.920466 5.376475 -8.456405 -11.705828 3.824805 -9.993320 0.229029 4.684559 -4.374519 1.774849 0.946039 11.395261 10.025078 20.047815 -13.944001 -24.242151 1.642093
3.272129 9.630960 -19.644838 -19.317717 20.966711 -5.376382 -1.048962 8.917850 10.581471 -12.840254 -1.027711 2.271713 1.199702 2.192810 7.179458 -7.467445 -10.811176 4.886258 -11.033675 0.811269 5.604077 -6.485101 1.184182 0.164778 12.952584 9.537820 20.694887 -17.503416 -22.900949 2.400275
2.261854 11.090769 -18.145269 -20.207956 21.133760 -5.270181 -1.676051 9.619140 9.015445 -13.110737 -1.132522 1.294747 2.071169 2.068202 8.121844 -6.658581 -10.058338 5.540338 -11.496629 1.208044 6.973157 -7.693950 1.509657 2.296007 12.763828 9.360308 19.276331 -18.965075 -20.527636 1.859550
1.685293 12.984941 -17.321428 -21.268349 20.535028 -6.171187 -2.418091 10.317203 7.473053 -12.366879 -1.330499 0.907373 3.023606 1.878868 8.438856 -6.069674 -9.530695 5.808377 -11.698867 1.498355 7.677772 -7.823300 1.863308 3.861761 12.394325 10.140062 18.190157 -19.807240 -19.102739 1.449649
0.724654 14.124527 -15.902249 -21.036018 18.722837 -5.869640 -2.743192 11.274481 6.973215 -12.520679 -1.326162 0.639481 4.190249 1.446597 9.178927 -4.906765 -8.604038 6.499866 -12.128338 1.795853 8.503755 -7.979094 1.468800 5.311452 11.538257 10.376194 16.666384 -20.815393 -16.691687 1.200286
0.793697 13.868311 -14.543528 -20.833746 16.339224 -5.042480 -2.462394 13.110468 7.189138 -13.203587 -1.364591 0.522071 5.469750 1.345451 9.508419 -3.943073 -7.954772 7.004005 -12.658995 2.085232 9.684780 -8.313265 0.421989 7.122698 11.863035 9.983778 16.187307 -22.339487 -14.945433 2.478873
0.667548 14.190407 -13.467086 -20.899099 14.945621 -3.585712 -2.389403 14.530066 6.953216 -13.789547 -1.018764 0.362496 6.633917 0.863671 9.273087 -3.092539 -7.380019 6.776016 -12.872628 2.793372 10.220693 -9.014568 -0.428747 9.199794 12.055922 8.787876 14.683832 -24.298056 -14.256107 2.691969
0.514206 14.476618 -11.804452 -20.435825 14.583076 -1.467744 -1.956907 15.348372 7.360182 -14.933831 -0.835731 -0.145450 7.960438 0.539403 9.221567 -2.475473 -6.941645 6.554977 -13.254177 4.026001 10.852287 -8.459249 -0.021549 10.992171 10.643657 7.938730 12.310980 -25.384296 -13.313116 2.999440
1.068293 13.497598 -10.601130 -20.533142 13.125294 1.751398 -2.276412 15.171603 8.530481 -15.900701 -0.632282 -0.972147 8.957248 0.013367 8.452647 -2.376332 -6.500087 5.784447 -13.504812 4.937328 12.480844 -7.776668 0.087807 13.584245 11.082596 7.347917 8.839410 -25.499075 -13.447001 4.173900
0.985053 13.657330 -9.542039 -21.199600 10.653240 3.974283 -4.634393 14.574252 9.403495 -16.482592 -0.466331 -1.971466 9.718587 -0.167882 7.936674 -2.724427 -6.045215 4.204564 -13.983199 5.162825 14.762292 -6.803965 0.021250 15.985122 10.843620 6.967153 6.264835 -25.927351 -12.284224 5.625602
-0.897962 11.803843 -7.511525 -20.833399 9.854023 7.468029 -4.833831 13.971334 11.031602 -16.434212 2.879796 -2.998066 9.536888 -0.773309 5.785749 -2.541790 -4.759642 4.283598 -12.172297 4.344357 11.901793 -5.108902 -0.408701 19.691399 5.174914 5.466500 3.379166 -21.821733 -11.856627 5.271518
-1.870567 11.043234 -6.647769 -20.010790 10.731226 8.616562 -4.587305 13.812875 11.251570 -16.145823 3.405203 -2.689222 9.095109 -0.545740 5.617455 -2.623409 -4.438713 3.750690 -12.015515 4.037668 10.778031 -4.550863 -0.931082 18.420385 4.999828 5.556333 1.442139 -20.323528 -13.775444 5.468438
-14.553992 2.659387 -3.519154 -16.599876 8.675823 23.410471 -6.431888 8.908845 17.142122 -8.402212 8.427846 3.272918 3.921843 0.287511 4.004199 -0.533914 1.045769 0.350897 -9.444144 2.630372 -0.032311 -5.322095 -8.451631 13.596873 -0.473356 1.221186 -5.719800 -11.633334 -20.998167 7.279884
-19.671978 -2.518257 -3.630826 -4.545849 2.840037 30.291166 -10.609629 6.855110 16.315865 6.645819 10.204329 3.533279 -0.782905 0.543756 3.368445 -1.899745 4.688053 -1.501549 -5.178246 -1.144039 -7.305609 -8.568147 -9.675046 11.638463 -2.356240 2.637347 -10.312961 -3.090540 -21.378658 9.599174
-20.685957 -0.316172 -1.129266 -12.981120 0.430665 29.798868 -10.963445 8.912822 17.274035 1.334111 9.255616 2.847833 2.286279 0.040367 3.849138 -0.958593 3.660860 -0.625776 -7.452769 0.928773 -2.663043 -5.098077 -9.573110 15.066577 -2.731988 1.137922 -10.512118 -6.362967 -21.668203 9.115256
