3.218512 29.979561 -6.835742 12.460131 9.165824 -4.516043 -3.424038 6.567456 -2.831062 -20.436407 -4.820457 10.569667 3.841977 -7.573421 5.742781 -5.061024 -0.570670 0.802299 -3.081242 -7.494048 -4.972392 8.665542 10.502900 14.715145 -13.380095 20.105371 0.430216 -15.743320 -0.590558 16.516109
3.356554 29.979141 -6.668379 12.383585 9.327650 -4.513315 -3.380322 6.654057 -2.806814 -20.664333 -4.803689 10.621614 3.825491 -7.564427 5.733506 -5.035472 -0.587129 0.790536 -3.078455 -7.474712 -4.976859 8.718669 10.500919 14.662867 -13.406449 20.119581 0.385395 -15.754058 -0.598473 16.495674
1.474610 31.331526 -11.469020 3.141036 14.992901 -10.412578 -1.899233 0.466349 -5.694993 -20.203741 -3.242954 13.297078 0.392230 -2.530611 8.512534 -6.602780 -4.055918 1.638275 -1.949858 -9.503152 -15.695097 2.532097 10.265836 13.597747 -6.142421 22.826115 10.444788 -15.897515 -5.974268 11.865624
0.696908 31.781574 -11.634685 2.236529 15.708744 -11.599281 -1.853821 -0.819766 -5.873322 -19.916632 -3.017535 13.745100 -0.303615 -1.907351 8.349763 -6.536890 -3.792188 1.869725 -2.470088 -10.114499 -17.518129 3.249510 9.845132 12.040692 -6.158331 22.447823 10.721049 -16.222969 -7.102845 11.678926
0.422098 32.364262 -12.518304 2.039847 16.347719 -12.584755 -1.608501 -1.957825 -6.214045 -19.289446 -2.960774 13.817316 -0.963173 -1.468901 8.143528 -6.672074 -4.224334 2.348581 -2.712775 -10.593204 -19.128057 3.824223 9.687640 10.769547 -6.404793 21.879976 11.219949 -16.684002 -7.912693 11.560061
0.304754 32.508274 -12.804655 1.887407 16.833391 -12.894425 -1.415255 -2.508970 -6.339209 -19.167921 -3.022887 13.885998 -1.333241 -1.316742 8.153127 -6.794579 -4.329230 2.479608 -2.698366 -10.954673 -19.571682 3.714002 9.594474 10.473840 -6.300983 21.825138 11.465113 -16.692818 -8.202880 11.732114
-0.109551 32.686081 -12.985877 1.749608 17.499353 -13.431273 -1.284379 -2.992142 -6.472060 -18.981590 -2.993738 13.948192 -1.368674 -1.364879 8.129300 -6.771256 -4.394535 2.425699 -2.598077 -10.911272 -19.481062 3.557894 9.558017 10.138568 -6.217890 21.553560 11.637416 -16.391577 -8.870168 11.905942
0.051953 32.699799 -13.004980 1.708969 17.382280 -13.367076 -1.311882 -2.956714 -6.454716 -19.014744 -3.012995 13.932673 -1.407103 -1.337048 8.136037 -6.800934 -4.378016 2.455170 -2.634433 -11.014664 -19.708223 3.583917 9.571084 10.168952 -6.242757 21.649271 11.692748 -16.532928 -8.689806 11.887780
0.103122 32.667759 -13.059920 1.675503 17.332174 -13.346009 -1.360922 -2.935070 -6.438530 -19.035547 -3.008550 13.942125 -1.450005 -1.303674 8.144327 -6.822464 -4.402159 2.478726 -2.628444 -11.024956 -19.851900 3.633879 9.540186 10.192164 -6.223732 21.705828 11.689500 -16.578180 -8.580630 11.923179
0.118618 32.676514 -12.994157 1.712525 17.301336 -13.297243 -1.337213 -2.904448 -6.442132 -19.035234 -3.005747 13.935987 -1.428451 -1.315112 8.135143 -6.818481 -4.404923 2.473017 -2.630876 -10.995349 -19.804811 3.619221 9.558781 10.238256 -6.252667 21.706499 11.661986 -16.644968 -8.490319 11.872335
0.118439 32.675110 -12.994641 1.711895 17.300714 -13.296078 -1.338177 -2.904114 -6.441319 -19.036291 -3.005728 13.935712 -1.428324 -1.314771 8.135560 -6.818699 -4.405076 2.473352 -2.630851 -10.994913 -19.806072 3.619264 9.558708 10.237715 -6.253012 21.706514 11.662169 -16.645681 -8.488932 11.872317
0.118309 32.675301 -12.994808 1.711644 17.301155 -13.296546 -1.338145 -2.904485 -6.441388 -19.036177 -3.005863 13.935674 -1.428417 -1.314672 8.135674 -6.818633 -4.404707 2.473556 -2.631220 -10.995626 -19.806795 3.618875 9.558793 10.236541 -6.253126 21.706133 11.662781 -16.645794 -8.490076 11.872203
0.118839 32.675671 -12.994218 1.712680 17.300428 -13.296497 -1.338041 -2.903500 -6.441509 -19.035721 -3.005625 13.935746 -1.428338 -1.314759 8.135543 -6.818747 -4.405166 2.473217 -2.630813 -10.994866 -19.808287 3.618682 9.556657 10.238338 -6.253296 21.705433 11.659604 -16.645599 -8.490635 11.871883
0.118839 32.675671 -12.994218 1.712680 17.300428 -13.296497 -1.338041 -2.903500 -6.441509 -19.035721 -3.005625 13.935746 -1.428338 -1.314759 8.135543 -6.818747 -4.405166 2.473217 -2.630813 -10.994866 -19.808287 3.618682 9.556657 10.238338 -6.253296 21.705433 11.659604 -16.645599 -8.490635 11.871883
0.118839 32.675671 -12.994218 1.712680 17.300428 -13.296497 -1.338041 -2.903500 -6.441509 -19.035721 -3.005625 13.935746 -1.428338 -1.314759 8.135543 -6.818747 -4.405166 2.473217 -2.630813 -10.994866 -19.808287 3.618682 9.556657 10.238338 -6.253296 21.705433 11.659604 -16.645599 -8.490635 11.871883
0.090025 32.682495 -12.995141 1.745344 17.326353 -13.279634 -1.295247 -2.956731 -6.413545 -19.046368 -2.937008 13.767366 -1.598846 -1.383576 8.303001 -6.627695 -4.443103 2.455513 -2.711550 -10.937879 -19.820112 3.612338 9.579770 10.231217 -6.248266 21.707850 11.656768 -16.648565 -8.500975 11.889289
0.118854 32.676384 -12.993805 1.713005 17.300880 -13.296818 -1.337146 -2.904001 -6.442036 -19.035242 -3.005539 13.935803 -1.428180 -1.314865 8.135317 -6.818615 -4.405117 2.472953 -2.630964 -10.995060 -19.808401 3.618509 9.556659 10.238093 -6.253017 21.705200 11.659839 -16.645521 -8.492235 11.871781
0.118965 32.675995 -12.994000 1.712695 17.300539 -13.296528 -1.337638 -2.903659 -6.441669 -19.035660 -3.005658 13.935850 -1.428419 -1.314677 8.135521 -6.818641 -4.405048 2.473183 -2.630960 -10.995499 -19.809473 3.621067 9.553984 10.237526 -6.253582 21.705540 11.659911 -16.645390 -8.493551 11.869330
0.119101 32.674896 -12.994409 1.712860 17.299969 -13.297335 -1.338452 -2.903274 -6.440867 -19.036037 -3.005572 13.935844 -1.428257 -1.314853 8.135337 -6.818621 -4.405192 2.472982 -2.630942 -10.995259 -19.809761 3.619390 9.558979 10.237782 -6.253641 21.705256 11.656730 -16.646303 -8.493502 11.868705
0.097041 32.670063 -13.021453 1.741761 17.310982 -13.291722 -1.315281 -2.951873 -6.406845 -19.046412 -2.941623 13.767418 -1.610043 -1.375193 8.309628 -6.633101 -4.433903 2.457326 -2.717202 -10.963263 -19.802900 3.621935 9.580615 10.241015 -6.242676 21.718481 11.643558 -16.626778 -8.511029 11.895392
0.099139 32.671768 -13.021050 1.741619 17.313078 -13.290492 -1.317404 -2.951908 -6.411500 -19.046247 -2.941499 13.766623 -1.610611 -1.375461 8.310179 -6.632393 -4.434078 2.457014 -2.717440 -10.963158 -19.803526 3.620908 9.582864 10.240742 -6.242765 21.718601 11.643057 -16.626966 -8.509995 11.895288
0.099300 32.671753 -13.020781 1.741831 17.312782 -13.290256 -1.317428 -2.951669 -6.411496 -19.046255 -2.941481 13.766587 -1.610473 -1.375555 8.310099 -6.632348 -4.434045 2.456965 -2.717481 -10.962967 -19.803144 3.620832 9.583015 10.241191 -6.242974 21.718712 11.642785 -16.627419 -8.509268 11.894943
-13.475643 30.233215 5.139443 0.593864 27.793036 -4.194693 3.421083 -3.583781 0.835564 -12.516782 1.681594 15.061357 -6.454296 -1.151243 3.814700 -4.497420 2.271171 3.218360 -3.345826 -9.331415 -26.152025 -3.407576 -0.546508 7.400638 -5.791842 17.644318 -2.959626 -9.670321 -14.236203 17.821056
-16.054632 32.010494 7.152918 2.577177 28.624973 -6.103917 2.613741 -6.045754 -0.520307 -13.482502 0.589270 15.808579 -7.734032 -0.944145 4.273257 -4.438245 3.038943 3.164349 -3.968921 -8.494429 -26.464502 -5.030439 -2.278271 6.094910 -5.993983 17.849146 -4.048658 -7.898900 -13.772942 19.507633
-18.739498 31.767094 9.664420 2.535483 28.112406 -7.622622 0.965692 -7.006022 -2.789714 -11.916952 -0.168089 16.279202 -8.868168 -0.452709 4.068615 -5.366482 4.225763 3.593654 -3.832874 -7.961684 -26.596148 -8.474651 -3.345610 4.627036 -5.166485 17.163431 -5.274362 -8.062081 -12.033083 19.825779
-21.729544 31.521404 9.352704 2.661178 25.363703 -7.903420 -0.900177 -7.199697 -5.099902 -7.635202 -0.390146 14.939229 -9.911984 0.155520 4.224881 -6.091248 5.229386 3.928858 -4.002926 -7.403773 -26.231833 -11.104177 -4.480241 3.910274 -5.117601 15.869143 -5.678269 -7.778820 -10.652672 20.126749
-23.198246 30.350803 10.954083 1.816817 25.572197 -10.081105 -1.547015 -6.803655 -5.693206 -6.618234 -0.692081 13.516323 -10.446635 1.067853 4.425525 -6.922458 5.874017 3.954714 -4.416607 -7.087938 -25.365679 -13.504956 -5.322448 2.483639 -4.917937 15.049168 -6.077452 -6.562038 -9.171513 19.530506
-25.035198 29.258194 11.782033 1.104229 25.624840 -11.281741 -3.408170 -5.516208 -6.067160 -3.863656 -0.556133 11.806799 -10.053174 2.080696 4.501486 -7.860771 6.869249 4.897007 -4.076478 -7.343250 -25.009829 -14.926557 -6.219095 1.627193 -4.888127 14.537925 -5.423236 -5.151240 -8.227286 18.824232
-26.008648 27.565968 12.216926 -0.313429 25.373251 -11.789741 -4.556278 -4.286339 -7.073448 -0.357340 -0.028373 9.922273 -10.361903 2.833134 5.049375 -7.978796 8.019583 5.715004 -3.841683 -7.190287 -24.466158 -17.170195 -7.164518 1.399180 -4.002723 14.763165 -5.150228 -4.311281 -6.843187 18.346813
-27.617439 26.536039 13.207927 -2.474494 24.189779 -12.628987 -6.521112 -2.900587 -8.618249 3.785996 0.628721 7.889917 -10.611278 3.046634 6.217164 -7.647729 9.186533 6.538122 -2.532840 -7.212312 -24.172020 -19.551077 -7.472773 1.341758 -3.269649 15.202354 -4.824973 -3.424044 -5.013533 17.937740
-28.093159 24.259119 14.406370 -4.571218 21.591253 -13.240390 -8.653781 -0.914624 -10.943187 7.051075 0.887289 5.966652 -10.424854 3.547067 6.757107 -8.051105 10.011860 6.957635 -1.548788 -7.057404 -22.925859 -21.903273 -6.826532 2.521600 -1.494395 16.297501 -5.376544 -1.851865 -3.397665 17.100103
-29.363190 20.641853 16.483061 -5.596726 18.637930 -13.646092 -10.049395 0.486759 -14.228779 8.908291 0.863946 4.049498 -9.749577 4.080400 7.562781 -8.439105 11.205513 6.130966 -0.192946 -6.104149 -21.351364 -24.515036 -6.655820 4.276425 -0.273436 17.120249 -5.193038 -0.456818 -0.104665 15.867803
-29.024952 16.691185 17.427895 -3.599594 15.885749 -14.270694 -9.968200 2.766825 -15.818686 10.638615 0.616642 3.522641 -8.782625 4.781297 7.922729 -9.108153 11.840340 5.207778 0.691788 -4.610522 -18.095045 -25.822596 -6.194451 5.558712 0.463056 17.944784 -5.382666 1.359115 3.045201 13.878288
-26.693077 11.913368 19.058233 -1.790242 10.654959 -13.796068 -9.058540 7.496036 -18.078257 14.472487 0.796125 1.792113 -7.807104 4.704772 8.022426 -9.396483 13.006748 4.680415 1.942678 -3.120687 -14.555532 -25.523012 -4.611527 8.272063 -0.579648 18.728708 -5.323102 3.476469 7.326942 12.316847
-23.814394 9.071482 20.712561 0.102827 5.175041 -12.324269 -9.136713 11.802364 -20.413458 17.656569 0.262278 0.562882 -6.562731 3.820972 8.107023 -9.754898 13.554594 3.880277 3.660660 -1.773991 -10.698880 -25.111731 -2.297573 10.680051 -2.427704 19.673212 -6.655963 6.730189 11.140236 11.755612
-21.226095 6.776033 20.932919 1.384152 1.723008 -11.309047 -7.662736 14.897190 -22.576395 19.248640 -0.024559 -0.589123 -6.462769 3.348525 7.806419 -10.294778 13.683128 3.417166 4.781352 -0.025166 -6.848602 -25.346186 -1.016098 12.023461 -3.554202 19.420309 -6.538936 10.855289 13.058614 10.952614
-19.994610 6.347279 20.758171 1.754737 0.643622 -10.747970 -7.685605 16.123079 -23.042311 19.574308 0.115885 -0.999801 -6.029703 3.113458 7.469763 -10.393888 14.031994 2.942842 5.233562 0.520701 -5.464593 -24.869055 -0.416411 12.408494 -4.148853 19.480791 -7.087047 11.772194 13.228857 9.906951
-19.800648 5.985679 20.454275 1.913311 0.386542 -10.862851 -7.681664 16.322824 -23.038639 19.459665 0.135293 -0.888838 -6.112079 3.161776 7.363756 -10.466669 14.001196 2.858247 5.229770 0.844252 -5.419527 -24.720703 -0.444988 12.393864 -4.251091 19.571543 -6.944273 12.059358 13.080317 9.894258
-19.783772 6.073927 20.448187 1.449930 -0.056102 -10.731526 -7.902003 16.501566 -23.297104 19.956156 0.209606 -1.133289 -5.990503 2.915046 7.387218 -10.399756 13.866344 2.854255 5.424923 0.882616 -5.165978 -24.775446 -0.323210 12.444196 -4.301516 19.600386 -7.200030 12.135711 13.164354 9.691739
-18.764568 5.643782 21.005249 1.321597 -1.424366 -9.511749 -8.473655 18.635473 -23.240969 20.836140 0.495135 -1.980983 -5.639345 2.547289 7.357852 -10.457732 13.741772 2.724725 5.967978 1.009369 -4.600855 -23.981983 0.354733 12.740273 -4.774847 20.009109 -7.416576 12.007819 13.389328 9.096577
-18.559111 4.994780 21.320280 1.590084 -2.318414 -8.492661 -8.208075 18.877256 -23.206633 20.668600 0.455453 -2.355109 -5.377727 2.393271 7.419041 -10.288682 13.963390 2.781601 5.750328 1.157933 -4.205288 -24.001539 0.278176 13.310185 -4.808602 19.596750 -7.957312 11.841916 13.592773 9.794495
-20.672798 6.228499 20.218418 1.804882 2.296567 -12.820352 -7.361899 15.458044 -23.371904 19.434223 0.059086 -0.280549 -6.580814 3.542396 7.475920 -10.366672 13.585804 3.130696 4.876071 0.814213 -6.504965 -25.313723 -0.688802 11.153135 -3.703305 19.858755 -6.252034 12.175423 12.602034 9.842015
-19.803715 5.600186 18.047607 1.825137 3.848204 -15.178576 -6.645937 15.454051 -23.057264 18.549057 0.210158 0.985305 -7.333016 3.700889 6.568066 -10.304872 13.450670 2.203108 4.695975 1.022278 -6.460909 -24.464445 -1.114868 8.938949 -3.354786 20.404041 -5.250493 13.544376 11.108626 8.242823
-19.042957 5.074357 15.824039 3.035543 6.268726 -17.690966 -6.653112 14.474750 -21.661644 17.153679 0.253117 2.302058 -8.068154 4.323272 5.846848 -10.476695 13.416023 1.393522 4.242334 1.170527 -7.537470 -23.159105 -1.034960 6.371995 -2.985188 21.554001 -4.919294 13.558821 9.588903 6.108158
-18.873402 4.509140 14.707802 4.146238 7.643277 -18.820181 -7.215512 14.285189 -20.917318 16.485308 0.526129 2.436692 -8.134543 4.659273 5.707036 -10.377213 13.452719 0.694432 3.755577 1.429887 -8.444591 -22.201473 -1.151204 5.153688 -2.932462 22.890253 -5.494260 13.559556 9.024237 4.677456
-18.385620 3.252263 14.218204 5.778444 8.920120 -19.535511 -7.307449 14.342086 -20.377579 15.487232 0.683542 2.856068 -8.177842 4.788267 5.096478 -10.571387 13.513659 -0.196641 3.473358 1.412921 -9.173061 -21.579126 -1.348805 4.278683 -2.813135 23.431080 -5.853031 13.477057 8.598295 3.508395
-6.363492 9.637978 3.745876 -0.452877 7.306933 -20.823904 -14.961708 25.589384 -20.895586 24.702513 3.175975 2.405879 -10.164057 0.744084 2.723441 -10.563687 9.487400 0.020503 8.748495 3.568868 -6.107952 -18.463543 4.735719 6.067489 -5.011570 25.414080 -3.885960 15.197815 3.395372 -1.088146
-4.968588 10.084764 1.187837 -0.326126 8.704628 -21.334539 -16.371964 25.933535 -20.333525 24.621794 3.562858 3.065693 -10.921304 0.209265 2.092331 -10.089331 8.465281 -0.234045 8.905297 3.667577 -7.108760 -17.491814 5.339455 5.537402 -4.364711 26.515472 -3.826223 15.448978 1.340615 -2.682690
-4.645538 7.636144 -0.940217 1.858720 8.474054 -22.251825 -16.283440 26.069925 -17.932234 23.879877 4.080275 3.351049 -10.577363 0.421030 1.743677 -10.312692 8.175661 -1.011796 8.913468 3.393361 -7.320554 -16.151554 5.013692 4.139517 -4.279490 27.415249 -4.050179 16.236830 0.406495 -4.505765
-4.223722 5.822248 -3.056605 2.295653 8.775742 -22.552656 -16.266773 25.557875 -16.301579 22.652338 5.127709 3.538605 -10.794972 0.653667 1.713812 -9.714360 7.485496 -0.877739 8.386138 3.712474 -8.472555 -15.494520 4.713554 3.382537 -3.966807 27.917757 -3.584934 16.547340 -1.021680 -5.980895
-2.781315 4.245898 -5.632101 4.079201 12.034728 -21.009947 -16.592436 25.082952 -14.511880 19.737833 5.775729 4.382411 -11.502736 0.669801 0.934959 -9.849859 6.578104 -0.998915 8.643803 3.665669 -9.835260 -14.794352 5.015876 2.378594 -2.900827 27.669569 -3.482948 15.716651 -2.832659 -7.388435
-7.196561 0.370207 -1.575231 5.197405 10.176558 -23.062084 -12.131923 25.285345 -13.145396 17.162977 4.731326 3.276160 -8.942879 2.420402 1.265771 -10.841495 7.683575 -2.554952 6.123302 3.775016 -8.832711 -15.482948 2.494787 2.626028 -5.192136 26.573000 -6.872150 12.231037 0.686927 -10.283521
-5.596156 -0.649190 -4.162664 5.110575 10.376095 -21.645834 -14.323009 26.447439 -12.633467 16.781431 5.513515 3.467297 -8.992366 2.122713 1.169743 -10.597105 6.504254 -2.076618 6.361560 3.890142 -9.279403 -15.225309 2.414823 3.176280 -4.955438 25.569231 -6.623310 11.774657 -1.022219 -11.661787
-6.577367 -2.126214 -2.904975 4.046049 10.031959 -22.145452 -14.077786 27.232492 -13.155457 15.985142 5.233620 2.661230 -8.184773 2.453685 1.719992 -10.430236 6.837561 -1.598883 5.624735 3.760778 -10.729779 -15.596448 1.712406 4.316152 -5.888804 24.998028 -7.576745 8.833788 0.976693 -13.550977
-6.916632 -2.999695 -0.533717 2.229954 8.148983 -21.463318 -14.041595 29.374147 -14.036012 15.294871 5.343846 1.570852 -7.893319 2.473528 2.385062 -10.278408 6.585542 -0.811972 5.790712 4.136562 -9.538610 -16.503815 1.811654 4.583637 -7.045299 24.722794 -9.211993 7.154101 2.802001 -15.775092
-6.957591 -4.375276 0.557851 0.623286 8.643866 -21.722383 -13.872589 30.900206 -13.924892 14.235725 5.323313 1.181328 -7.924687 2.628651 3.061244 -9.991050 6.755177 -0.529734 5.687073 3.620409 -8.718158 -16.464075 1.510977 4.402622 -8.265071 23.673563 -10.432771 5.827231 4.039682 -17.043968
-7.123857 -4.347251 2.495235 -1.040601 8.580085 -20.094770 -11.777822 31.028154 -15.338831 12.370659 5.684327 0.424455 -7.249556 3.030147 3.511106 -9.995563 6.275933 -0.026387 5.145566 3.014718 -7.954518 -17.394220 1.456156 5.584639 -8.897772 21.612268 -10.768762 3.926135 4.898240 -17.157225
-9.483897 -4.370453 4.044772 -1.677360 7.546324 -17.690470 -10.881333 28.426632 -15.988647 10.923483 5.408450 -0.877318 -5.990050 3.790615 4.084239 -10.583717 6.533625 0.902740 4.548493 3.378189 -7.302676 -18.217756 0.863560 7.846263 -8.952007 20.089201 -12.636243 1.474633 6.360902 -15.917022
-10.259639 -4.485085 4.589375 -1.568795 7.012150 -17.202438 -10.404060 28.097927 -16.184664 11.198389 5.235186 -1.168740 -5.540121 3.710560 4.457334 -10.548417 6.899868 0.794086 4.753997 3.352957 -7.237480 -18.344013 0.614821 8.438710 -9.012702 20.006681 -12.870692 0.847346 6.796183 -15.622808
-9.751821 -4.735744 3.752149 -1.655333 7.469575 -17.901640 -10.734318 28.436180 -15.830790 10.874838 5.234248 -0.714066 -5.964277 3.750977 4.305790 -10.497773 6.590108 0.851288 4.625256 3.316149 -7.089185 -18.158033 0.794952 7.873769 -8.716637 20.069777 -12.234668 1.484402 6.112885 -15.960996
-9.349504 -4.773918 3.582140 -1.528035 7.682836 -18.260433 -10.846070 28.814188 -15.749923 10.921959 5.288311 -0.634733 -5.970262 3.785792 4.158104 -10.573204 6.583395 0.723234 4.606138 3.475600 -7.079668 -18.013285 0.904199 7.819163 -8.693600 20.191252 -12.122561 2.020962 5.738229 -16.039936
-9.930678 -4.401008 4.276698 -1.396439 7.023574 -17.480400 -10.575143 28.346781 -15.935914 11.292347 5.288861 -1.079968 -5.639801 3.664701 4.373128 -10.561267 6.783626 0.774932 4.808549 3.372179 -7.142682 -18.329992 0.728580 8.420871 -8.862738 19.978704 -12.756877 1.036384 6.613266 -15.588867
-8.679756 -13.103546 5.273240 1.895330 10.270462 -21.044722 -6.450107 31.676456 -15.152533 5.487061 5.228768 -1.158983 -4.730909 5.199701 2.494504 -11.217355 5.830145 -0.262434 2.348468 5.467227 -3.378728 -22.966606 1.628855 4.722735 -9.053659 16.386238 -11.305167 7.793564 7.508806 -13.837882
-3.504939 -15.769503 1.700584 1.744394 10.822565 -21.368837 -6.011343 33.515980 -13.438302 1.913929 5.227799 -1.033444 -5.127696 4.932014 1.299616 -11.487773 4.900855 -1.460503 1.893589 6.560704 -2.948372 -23.131107 2.526637 2.332972 -8.822838 15.259378 -8.899107 10.607803 4.954026 -12.217170
-4.433282 -17.120283 3.843474 2.207193 10.108604 -20.727671 -4.944392 33.515026 -14.419888 1.301596 5.066418 -1.841025 -4.393486 5.218959 1.328131 -11.554585 5.564762 -1.116441 1.326501 6.788915 -2.331155 -23.552660 2.144641 2.614228 -8.947109 14.639157 -9.643979 10.481707 6.519963 -12.007700
-5.239525 -18.147133 6.251290 2.806135 10.109418 -19.984930 -4.320350 33.533108 -14.061810 0.374191 4.948167 -2.506750 -3.720508 5.312881 1.629936 -11.355565 6.121314 -0.805446 1.151173 7.105093 -2.007143 -23.335272 2.119811 3.658366 -9.250662 14.746802 -11.084223 10.278546 7.975229 -12.121465
-6.647070 -19.633564 8.637900 4.635620 8.349146 -18.388123 -3.623485 33.572014 -13.972305 1.156299 4.721953 -3.505162 -2.373517 5.081576 1.849338 -11.074092 6.848452 -0.470445 1.137069 7.604433 -1.433459 -23.311861 1.753389 4.315957 -9.627195 14.975925 -12.687062 8.791993 9.957270 -12.380214
-5.687035 -19.375328 7.562077 4.033300 8.662933 -19.165003 -3.955713 33.990181 -13.586346 0.614171 4.801668 -2.969153 -2.949631 5.208895 1.712372 -11.129724 6.601428 -0.526504 1.144907 7.339774 -1.488757 -23.387859 1.948498 4.157001 -9.488834 14.946024 -11.936603 9.361156 9.378345 -12.314551
-6.155809 -19.352039 7.685934 4.229671 8.514376 -18.685278 -3.841242 33.273087 -13.707484 0.464065 4.788251 -2.979017 -2.804682 5.361694 1.665008 -11.213613 6.589698 -0.657849 0.933041 7.336345 -1.697138 -23.817766 1.701945 4.061795 -9.191505 14.746501 -11.920836 9.256532 9.296678 -12.057904
-6.093140 -19.570715 9.026056 4.633133 7.978919 -17.870556 -3.574036 33.938007 -13.591100 0.849894 4.793882 -3.643053 -2.459631 4.927147 1.820820 -11.020313 6.938621 -0.592766 1.297904 7.541761 -1.000376 -23.165367 1.995655 4.561224 -9.969810 14.920677 -12.598909 8.945199 10.342393 -12.176087
-8.201451 -19.868629 11.911153 4.781114 6.864889 -15.632487 -2.962580 32.788391 -14.376623 1.629886 4.545337 -4.815487 -1.073015 5.106447 2.132552 -11.126584 7.578238 -0.042397 1.080841 7.749170 -0.607818 -22.747244 1.310733 5.206533 -10.414005 14.704983 -15.018902 7.507449 12.063464 -12.402874
-8.656123 -19.943836 14.603734 3.813900 5.309702 -13.371895 -2.411970 32.895561 -14.630392 1.718112 4.490438 -5.688230 -0.086206 4.967145 2.671796 -10.847631 8.281544 0.069157 1.055056 7.947393 0.102413 -21.901802 1.058119 6.140175 -11.287467 14.441206 -17.102228 6.054872 13.218391 -12.709182
-8.782780 -19.575264 16.068626 3.692314 4.354410 -12.217183 -2.353117 32.904381 -14.588046 1.778587 4.353714 -5.989188 0.309897 4.804603 2.944661 -10.501843 9.027765 0.279304 0.913722 7.883429 0.045632 -21.684858 1.044866 7.066468 -11.718073 14.729425 -18.270689 5.219945 13.702616 -12.575097
-9.676002 -19.870632 15.958203 4.028430 4.732447 -12.238547 -2.457531 31.768255 -14.872830 1.204822 4.267168 -5.850390 0.607613 5.140662 3.147035 -10.479228 8.959768 0.284329 0.451341 7.843942 -0.203829 -22.344612 0.922583 6.997390 -11.373199 14.341248 -17.992151 4.945345 13.829796 -12.626298
-10.521400 -20.201849 15.939946 4.456412 5.013320 -12.204545 -1.706736 30.772707 -14.922678 0.372119 4.191727 -5.321928 0.567191 5.622494 3.219178 -10.662984 8.757524 0.285945 0.123574 7.846921 -0.341658 -22.753071 0.549304 6.820517 -10.847629 14.046724 -17.820278 4.608214 13.792536 -12.442573
-9.624695 -19.715359 16.092730 4.014507 4.702299 -12.025763 -2.213728 31.670015 -14.921344 1.153144 4.304889 -5.861095 0.548733 5.159902 3.107635 -10.527877 8.996927 0.254172 0.423862 7.900077 -0.216172 -22.286688 0.725767 7.144865 -11.223620 14.374733 -18.144243 4.816866 13.861204 -12.619506
-9.034694 -18.952534 16.782581 3.361219 3.177924 -11.072533 -2.782967 32.719711 -14.795203 2.487123 4.352181 -5.990079 0.709263 4.904191 3.118485 -10.345798 9.216070 0.343107 0.804957 7.794137 -0.071904 -21.089518 0.911106 7.163383 -11.868857 15.022684 -18.629423 4.821238 13.671902 -13.181987
-8.195476 -18.600204 16.883251 2.901458 3.205092 -10.839555 -2.777304 33.538849 -14.277182 3.314826 4.347283 -6.335725 0.693432 4.362380 2.881102 -10.175845 9.023352 0.454021 1.021551 7.927837 -0.008225 -20.472036 1.091271 7.441857 -12.186928 15.210421 -18.949903 4.898631 13.373192 -13.422597
-7.960471 -18.601921 17.206680 2.651065 2.640554 -10.489450 -3.172846 34.169735 -14.235736 3.733535 4.309279 -6.446429 0.581824 3.982120 2.902585 -10.003853 9.167059 0.361036 1.275211 7.952868 -0.284202 -20.459015 1.370956 7.631970 -12.430736 15.499578 -19.201380 4.406275 13.616648 -13.808982
-7.462184 -18.268414 17.542946 2.151218 2.205522 -10.090079 -3.552359 34.712593 -14.269621 4.213015 4.444014 -6.556118 0.890885 3.871029 2.768700 -9.871968 9.273293 0.181437 1.293939 7.939622 -0.094562 -19.885733 1.508789 7.667533 -12.695847 15.416617 -19.606939 4.237639 13.239189 -14.119698
-7.339031 -18.082775 17.833487 1.999958 1.256652 -9.347823 -3.739979 35.093719 -14.325042 4.613750 4.386257 -6.748594 0.794364 3.795442 2.699159 -9.917841 9.261198 0.281501 1.341016 7.935251 0.093503 -19.589743 1.545081 7.751459 -12.975111 15.586931 -19.784990 4.194755 13.465952 -14.133735
-6.529122 -17.171944 17.743303 1.769493 1.354289 -9.215001 -3.695130 35.542690 -14.123614 5.487368 4.415492 -7.086418 0.898877 3.380191 2.652905 -9.785703 9.257519 0.168256 1.685684 8.001933 -0.213543 -18.823172 1.654347 7.951325 -13.025053 15.968822 -19.805662 3.699922 13.167505 -14.638200
-6.502737 -17.196274 17.773184 1.761234 1.396784 -9.219361 -3.632014 35.527405 -14.176270 5.468469 4.390284 -6.998941 0.762303 3.290498 2.619889 -9.762234 9.250673 0.103407 1.721616 7.931180 -0.148985 -18.691515 1.672554 7.871332 -13.072361 15.881513 -19.862919 3.629735 12.980001 -14.694000
-6.373822 -17.037031 17.849089 1.616181 1.320069 -9.212359 -3.638628 35.682117 -14.135170 5.701112 4.384505 -7.051552 0.785739 3.258745 2.631284 -9.764881 9.163671 0.144933 1.762768 7.901797 -0.064276 -18.623793 1.655872 7.957449 -13.056113 15.979131 -19.949999 3.673316 13.041403 -14.635182
-6.284059 -17.071325 17.891357 1.541793 1.295849 -9.265577 -3.554638 35.767075 -14.147275 5.634965 4.358403 -7.121279 0.793767 3.266080 2.649347 -9.768055 9.171591 0.215164 1.744846 7.945933 -0.056250 -18.691612 1.661703 7.995992 -13.067430 16.016506 -19.933210 3.668831 13.126774 -14.757576
