-0.664551 29.221481 -13.420716 19.686409 3.751073 3.457089 -8.908673 3.904716 -10.567250 -11.726801 3.714773 -1.328695 -0.264429 -11.390048 0.654225 -0.043417 -5.312409 7.648353 -4.895350 -5.587202 -3.007800 15.366364 -13.008914 15.173452 -15.117870 19.048574 9.763729 -13.403790 0.026822 9.260718
-0.699594 29.234911 -13.436099 19.771780 3.724792 3.427586 -8.990209 3.818752 -10.718597 -11.986656 3.744337 -1.305596 -0.281152 -11.394918 0.591766 -0.042450 -5.347610 7.659745 -4.927793 -5.561330 -2.978926 15.500601 -13.418283 15.198815 -15.172077 19.059952 9.914469 -13.349288 0.028969 9.118391
-0.307677 14.300652 -14.904584 12.080515 -2.464463 15.106736 -12.590927 6.450228 -8.515306 -22.755917 6.934971 0.667463 3.082379 -7.987429 2.308609 0.408835 -6.660461 3.765462 -4.933841 -1.793766 8.832499 14.206302 -12.222693 17.310661 -11.199908 9.535344 13.233104 -2.072415 -13.886855 6.211812
-0.590858 9.838194 -16.219835 12.335426 -0.859522 15.145452 -13.189169 6.140451 -6.993284 -24.099279 7.067486 0.365749 2.838650 -7.414383 2.091486 -0.267758 -7.676556 3.352115 -4.801332 -0.752427 10.709077 12.807628 -11.235255 18.531715 -9.884369 7.988900 12.953746 -2.007431 -15.516529 3.513309
-1.211538 5.306891 -15.754899 7.312273 2.714845 19.185659 -11.931941 9.002165 -0.647783 -18.544407 8.191608 0.306423 2.442264 -6.400375 0.981612 -1.054538 -7.736608 2.036514 -5.520816 0.744546 9.652841 12.342169 -14.616586 18.529411 -8.400770 6.513749 10.123891 -0.714263 -19.199694 0.010533
-2.831325 3.521810 -16.866907 4.129302 4.706129 17.209730 -13.625038 7.841507 -0.028185 -19.337175 8.526705 -0.371241 2.273028 -4.995759 0.383538 -2.327944 -8.269878 1.815481 -6.329511 1.277280 7.705866 9.791080 -11.858065 18.003904 -7.051178 6.141082 9.043591 -1.099940 -20.909140 -1.124900
-4.010284 2.568006 -17.743666 1.797367 7.334648 14.579059 -13.328238 6.390572 0.381584 -19.430809 8.676261 -0.406308 2.125840 -4.174606 -0.124585 -3.017222 -8.769873 1.703070 -6.480726 1.733459 6.851229 7.985841 -11.081260 17.057844 -6.210187 5.596742 10.150287 -1.767484 -21.717764 -2.451699
-4.917558 1.317434 -18.293161 0.947677 8.996277 12.841565 -13.608283 6.302580 0.996770 -19.459311 8.998816 0.195114 1.420167 -3.744423 -0.346907 -3.189300 -8.783209 1.246025 -6.172077 1.931452 5.749715 7.298733 -10.938123 16.122921 -5.229369 5.560557 9.617145 -1.059340 -22.796923 -3.733952
-4.898518 1.092786 -20.256872 0.402045 9.521961 9.434167 -13.719054 5.845168 1.521820 -19.386513 8.573951 -0.121939 1.601821 -3.344125 -0.341298 -3.963618 -9.871677 1.907833 -6.150490 0.941128 5.516107 7.205385 -7.820168 16.231977 -5.208044 5.649436 10.890621 -3.168851 -22.016413 -5.304223
-5.146806 2.426725 -23.359686 0.587978 9.339982 4.223281 -14.858573 4.415763 -0.145566 -20.202152 8.087712 -0.454883 1.767388 -2.527082 0.136782 -4.411768 -10.500391 3.300696 -6.387527 -0.845142 3.559517 6.256578 -2.683652 15.242898 -5.111677 6.844338 13.670058 -5.678137 -20.144968 -5.716769
-6.304838 3.796646 -24.022833 0.969740 8.408717 -0.378339 -16.570415 3.066828 -1.136701 -22.278503 7.920691 -0.638268 2.006025 -1.759838 0.770325 -4.309472 -10.614805 4.477559 -6.747341 -2.152674 1.398965 5.598025 -1.951043 16.133364 -5.610169 5.738324 14.985244 -9.502490 -18.489889 -6.726836
-6.587805 7.432514 -25.357660 1.046733 8.509359 -3.473767 -18.430756 1.777883 -1.281525 -21.459066 7.979680 -0.557793 3.087634 -0.865163 1.754167 -3.571126 -10.024168 5.294339 -7.769614 -3.283551 -2.340542 5.688919 -0.993760 15.230172 -6.024610 5.772489 16.468699 -12.128278 -17.832464 -4.759522
-6.480404 9.373013 -26.053593 0.895706 7.987777 -4.579963 -19.486595 1.285381 -1.465479 -21.032026 8.166606 -0.345250 3.856653 -0.759848 1.937131 -3.221467 -9.715389 5.360884 -8.219522 -3.780520 -3.345997 6.191558 -0.733787 14.324037 -6.350399 6.537860 16.937342 -13.112956 -17.567007 -4.466478
-6.641936 9.981394 -26.229139 0.662188 8.024596 -5.035498 -19.930281 1.015664 -1.556494 -20.956335 8.106420 -0.320040 3.835079 -0.767311 1.929184 -3.204877 -9.663704 5.415501 -8.228609 -3.916935 -3.757382 6.098996 -0.721368 14.089271 -6.415831 6.710837 17.267557 -13.281600 -17.375614 -4.465071
-6.646641 10.030192 -26.182226 0.757916 7.993233 -4.956707 -19.907639 1.013256 -1.475740 -20.894381 8.143729 -0.281834 3.940261 -0.736865 1.946615 -3.140584 -9.606001 5.448759 -8.296911 -3.893091 -3.818522 6.125363 -0.709524 14.050078 -6.403192 6.677147 17.439417 -13.340453 -17.375835 -4.306907
-6.611346 10.033119 -26.171017 0.721137 8.023603 -4.973076 -19.965595 1.026451 -1.502626 -20.934742 8.144680 -0.266327 3.948553 -0.735759 1.945402 -3.147226 -9.607920 5.444722 -8.284146 -3.893805 -3.819153 6.132520 -0.689021 14.050561 -6.391912 6.710313 17.411882 -13.374631 -17.368795 -4.347394
-6.591126 10.007839 -26.152262 0.726579 8.066017 -4.992738 -20.017462 1.104355 -1.465047 -20.931786 8.147996 -0.251430 3.946231 -0.728869 1.940300 -3.145484 -9.603172 5.442037 -8.287957 -3.894917 -3.814100 6.123163 -0.663370 14.031623 -6.393143 6.710402 17.385735 -13.398606 -17.368959 -4.354331
-6.614723 10.006763 -26.156870 0.716554 8.067280 -4.968884 -19.968180 1.050374 -1.486392 -20.912361 8.142431 -0.268609 3.981601 -0.720183 1.930357 -3.173181 -9.598801 5.444344 -8.274585 -3.886725 -3.853161 6.080277 -0.632425 14.060878 -6.414838 6.705128 17.292479 -13.379303 -17.370823 -4.366849
-6.609030 10.018871 -26.173689 0.718754 8.071205 -4.962368 -19.969654 1.048638 -1.481883 -20.919571 8.152057 -0.270360 3.974834 -0.723009 1.923318 -3.171101 -9.593172 5.446624 -8.266843 -3.883497 -3.848802 6.084965 -0.624563 14.086493 -6.432265 6.687860 17.307726 -13.366188 -17.370543 -4.364573
-6.633306 10.017520 -26.157782 0.716920 8.087421 -4.961466 -19.983131 1.050992 -1.477587 -20.924536 8.149537 -0.267372 3.972999 -0.721032 1.920564 -3.175161 -9.592894 5.448843 -8.266446 -3.886607 -3.842502 6.087975 -0.621024 14.106437 -6.435238 6.683909 17.310457 -13.378119 -17.361059 -4.365805
-6.574381 9.981662 -26.173183 0.722085 8.048908 -4.926056 -19.985510 1.100991 -1.492675 -20.933201 8.151814 -0.260326 3.971369 -0.726229 1.914058 -3.172042 -9.590681 5.438991 -8.265396 -3.881000 -3.798009 6.067873 -0.535930 14.070832 -6.423300 6.718787 17.267969 -13.350059 -17.376286 -4.396694
-6.568228 9.977880 -26.143290 0.686801 8.057158 -4.892945 -19.985926 1.087106 -1.488173 -20.941553 8.151053 -0.270190 3.970678 -0.731785 1.893358 -3.185179 -9.598894 5.424293 -8.281792 -3.886896 -3.850935 6.139934 -0.611425 14.004399 -6.452085 6.780864 17.309923 -13.365914 -17.429880 -4.408835
-16.062040 0.395115 -13.622104 -1.757783 16.485441 11.463191 -13.065892 -2.307836 7.646809 -16.683609 11.611714 4.889855 -1.595099 0.148008 0.694417 -1.434093 -5.151944 1.952483 -5.379729 -1.074817 -11.069489 0.001518 -5.567051 10.989086 -6.256069 2.699431 5.580330 -2.103539 -26.801441 -1.452328
-14.927571 2.135279 -16.029474 -2.626285 16.801521 8.742249 -13.456943 -1.075586 5.734093 -17.236511 10.900219 3.890086 -1.004796 0.376688 1.424321 -1.850481 -6.029727 2.684492 -6.332898 -0.862886 -9.344304 1.334362 -5.422462 11.531447 -5.418237 2.986898 7.277451 -4.720019 -26.181540 -2.820471
-14.488746 4.180831 -18.517092 -3.123828 16.605288 5.033501 -13.058293 -2.398864 4.838303 -17.043097 10.478897 2.706258 -0.814128 0.538263 1.969673 -2.178697 -7.189682 4.981763 -6.568187 -1.254631 -9.512980 0.001865 -4.768645 11.982060 -5.084875 3.862630 10.305264 -5.051771 -24.774111 -2.717442
-11.273274 7.552941 -23.193838 -5.046485 13.575501 -2.123951 -14.962061 -1.038368 0.256238 -18.074198 8.612519 -1.051219 1.542810 0.330713 2.939346 -3.363337 -9.734463 7.487601 -7.511292 -1.674078 -6.468248 -0.717279 -1.763351 14.121172 -4.040790 5.586903 16.358181 -10.525533 -20.144617 -4.266747
-10.975952 9.869053 -24.629290 -6.063906 12.198620 -5.006340 -13.843757 -2.334944 -4.104681 -19.734003 8.041994 -1.676749 1.957785 0.314705 3.566926 -3.154400 -10.194326 9.381872 -7.539463 -1.303828 -4.760420 -4.624917 -1.193084 15.074243 -3.087462 4.953122 19.674944 -12.137822 -18.377810 -3.845498
-11.093966 10.114623 -24.095322 -6.441840 12.686643 -3.774474 -12.173958 -2.570814 -4.290977 -18.844339 8.178071 -1.467504 1.832372 0.308872 3.508458 -3.490006 -10.095951 9.406070 -7.046867 -0.768725 -4.720002 -5.276419 -1.723357 14.529571 -3.068664 5.347332 19.873371 -10.930445 -18.651058 -4.287464
-11.664847 11.598022 -24.494232 -5.929359 12.139988 -5.611759 -12.051574 -3.869620 -6.901681 -20.436033 8.063416 -1.574228 2.219038 0.198692 3.764076 -3.165110 -10.552959 10.079182 -7.194779 -0.603602 -3.779150 -6.206304 -1.138938 14.607199 -2.852852 5.584410 20.689257 -10.894950 -17.894419 -3.941438
-11.813180 12.387687 -24.527704 -6.190234 12.648911 -5.748805 -10.847001 -4.651490 -7.961858 -20.575108 8.081393 -1.671374 2.357560 0.395201 4.351906 -2.915788 -10.725836 10.746205 -7.222046 -0.213310 -3.478339 -7.536238 -0.196345 15.148084 -2.687937 5.432796 21.698767 -10.720353 -17.610088 -3.654497
-19.229904 2.083143 -13.744522 -2.725709 18.513523 10.684432 -6.761708 -6.716886 6.501529 -13.645550 12.262741 6.400628 -2.705099 0.598101 1.573146 -0.390458 -4.518436 4.151106 -4.801594 -0.581904 -12.448741 -4.734904 -5.022696 9.885644 -5.446804 2.041951 7.333269 -0.023299 -27.529627 0.820855
-18.795258 1.916276 -13.794670 -3.571148 18.804422 10.400667 -8.662744 -5.179540 6.234060 -15.965799 12.150177 5.125751 -2.222356 0.539462 1.762840 -0.913833 -4.905923 3.745952 -5.401979 -0.434825 -11.107757 -3.093498 -5.508068 10.149458 -5.850932 1.911691 7.378413 -2.080585 -27.013643 -1.722183
-14.559417 6.132289 -19.803286 -7.124688 17.061611 3.007330 -10.472129 -1.965178 2.615247 -15.595164 9.740041 0.689896 -0.231416 0.573642 2.513980 -2.860097 -7.618305 6.404021 -6.768992 0.300071 -7.858043 -3.965957 -4.899012 12.592180 -3.292392 3.129795 12.418531 -7.399210 -23.524141 -2.919096
-11.952633 10.778316 -22.420015 -7.788253 15.553008 -0.587901 -6.495642 -2.678400 -3.733841 -14.683973 8.754630 -1.050917 1.512123 0.301138 3.922901 -2.774476 -9.917747 10.070442 -6.836243 0.922800 -3.842375 -8.541828 -1.584886 14.470999 -2.761350 4.265527 19.583071 -9.398632 -18.754818 -2.859900
-14.695133 9.739353 -18.691721 -7.710596 18.365623 4.091115 -1.502396 -3.921893 -3.306008 -13.403271 9.539506 1.401112 0.696100 0.734515 3.846671 -1.857333 -7.796294 8.746291 -6.113458 2.805624 -2.668288 -12.917051 -3.240788 16.022697 -2.533620 1.416356 15.188409 -6.279482 -19.358622 0.471416
-15.971800 8.340992 -17.289526 -8.805079 19.496063 6.159928 -1.166617 -3.561756 -2.004842 -12.964998 10.033580 1.375199 0.886654 0.937563 3.865906 -2.201880 -6.847623 7.476320 -6.025576 3.430641 -2.897943 -13.040527 -4.564455 16.237553 -2.493785 0.291938 13.354495 -5.675373 -20.684399 0.274184
-17.221323 7.237068 -16.241625 -9.313254 19.846426 7.296479 -1.488799 -3.631003 -1.273902 -13.053530 10.282731 1.609682 0.329944 1.112022 3.873077 -2.319198 -6.173199 6.831194 -5.802680 3.133604 -3.386852 -12.778135 -5.284271 15.834266 -2.916735 -0.506004 12.000010 -5.841731 -21.441578 -0.298086
-17.970467 7.053694 -15.733188 -9.563229 19.991106 7.724549 -1.795722 -3.816841 -1.071464 -13.251116 10.483729 1.752745 -0.000591 1.170235 3.822111 -2.360768 -5.978679 6.538006 -5.796139 3.234079 -4.034811 -12.855201 -5.753573 15.702773 -2.867033 -0.896158 11.758122 -6.112425 -22.088022 -0.229293
-18.455902 6.279947 -15.326814 -10.219816 19.797674 8.639442 -2.152682 -3.659231 0.077623 -12.850049 10.767201 1.730886 0.019109 1.553195 3.673340 -2.694381 -5.467573 5.878852 -5.982489 3.060079 -4.748456 -12.350879 -6.624562 15.221211 -3.121130 -1.728486 10.784053 -6.522535 -22.846359 -0.826295
-18.696947 6.020797 -14.815677 -10.586678 19.563189 9.073535 -2.631373 -3.283659 0.287960 -12.964222 10.841697 1.778873 0.036143 1.608821 3.705235 -2.764286 -5.436908 5.735711 -6.003869 2.940718 -4.958318 -12.273156 -7.087246 15.255258 -3.280269 -2.094342 10.327027 -6.544427 -22.893206 -0.934767
