5.992220 30.833790 -5.431617 12.683041 12.461029 -1.630011 -6.155527 7.255812 -6.999290 -20.611134 -4.581719 10.439170 3.627596 -7.646181 5.791071 -4.807870 -0.637465 0.866876 -3.036517 -7.440992 2.096722 15.740723 -12.730578 -0.267307 -29.953932 5.841969 11.801806 -16.158525 2.135060 9.019364
6.076275 30.904743 -5.223017 12.522148 12.591366 -1.866563 -6.191540 7.292340 -7.078397 -21.088867 -4.589398 10.341050 3.474928 -7.755711 5.978743 -4.594474 -0.676862 0.812364 -3.119826 -7.360125 2.425017 16.050390 -13.524593 -0.605658 -30.460278 5.289974 12.082293 -16.185846 2.223065 8.656857
4.543352 29.882231 -3.198727 12.376583 14.366899 -0.064091 -5.014199 7.338784 -5.342793 -19.967678 -3.438445 10.480478 3.225577 -7.841496 4.730197 -4.382316 0.144594 0.861132 -2.738025 -7.068580 1.216865 15.282571 -13.905154 -1.397722 -30.612103 4.986827 9.263563 -14.626870 0.625832 9.539332
4.171258 28.747879 -1.679979 13.513814 15.533544 0.402919 -3.478853 7.979187 -4.337031 -19.056337 -3.300695 10.623158 3.012539 -8.118363 4.516092 -3.826591 0.591356 1.170296 -2.745251 -6.570886 1.040977 14.924416 -14.508859 -2.135742 -30.935572 5.421484 8.258393 -12.843537 0.361716 10.268613
3.236842 27.229420 0.403068 13.817803 17.116148 1.397350 -1.750921 9.142040 -2.877036 -17.577829 -2.816065 10.828210 2.589478 -8.301281 4.012281 -3.306725 1.205796 1.312445 -2.760730 -6.117694 0.175547 14.514900 -15.339520 -2.775030 -31.764326 5.418082 6.783115 -10.635758 -0.270094 10.940026
2.740392 25.833244 1.869209 14.889969 18.035934 1.416787 -0.728258 9.971662 -2.257792 -17.332748 -2.643999 11.088821 2.166350 -8.390343 3.685041 -2.955918 1.870668 1.247509 -3.022155 -5.606398 0.030816 14.592962 -15.667836 -3.250626 -32.275005 5.540549 5.829624 -9.043487 -0.524868 10.795697
2.456532 24.903492 2.626341 15.882017 18.670759 1.192161 0.078264 10.358188 -2.006826 -17.331173 -2.733755 11.239324 1.841774 -8.524020 3.627470 -2.645133 2.317327 1.400767 -3.215899 -5.427447 -0.553436 14.201351 -16.026785 -3.661543 -32.624233 5.495834 5.327441 -8.256822 -0.876175 11.099095
2.080279 24.089222 3.575257 16.673021 19.090481 1.046551 0.601578 10.732614 -1.995578 -17.542887 -2.849403 11.091915 1.672046 -8.546425 3.608345 -2.583376 2.632194 1.452810 -3.203998 -5.321531 -0.747754 13.851707 -16.230124 -3.924562 -32.683540 5.474092 4.931276 -7.643077 -0.933935 11.101969
1.742203 23.766956 4.147999 17.190397 19.604326 0.744515 1.051279 10.773672 -2.024848 -17.441992 -3.091735 10.992760 1.459440 -8.676914 3.564092 -2.598437 2.991636 1.542823 -3.195648 -5.287405 -1.077080 13.369401 -16.645468 -4.342192 -32.793140 5.529677 4.466901 -7.142477 -1.002519 11.374892
1.365984 23.868567 4.535855 17.643339 19.756319 -0.066132 0.758233 10.554326 -2.621080 -17.909130 -3.433009 11.196173 1.168166 -8.672418 3.598689 -2.682854 3.147166 1.295978 -3.366663 -5.075484 -1.324770 12.997101 -16.779861 -4.841754 -33.067059 5.812325 4.251701 -6.252475 -1.156051 11.215131
0.651570 24.182264 5.494557 17.883596 20.018087 -0.635622 0.619107 10.221987 -3.117218 -18.079950 -3.860924 11.496738 0.723695 -8.683599 3.663484 -2.815393 3.142384 1.006053 -3.504389 -4.810041 -1.825066 12.756950 -17.180664 -5.564163 -33.123402 5.994396 3.541144 -5.889620 -1.603941 10.761903
-0.263413 25.173649 6.135088 17.890152 19.982222 -1.417689 0.320754 9.384521 -4.324947 -18.727253 -4.343500 11.744040 0.140677 -8.712985 3.550479 -3.144458 3.176146 0.647958 -3.562748 -4.592250 -2.514474 12.440835 -17.611898 -6.193837 -33.041668 6.120836 3.073053 -6.066120 -1.763136 10.484570
-0.977383 26.060368 6.498288 17.606668 19.885403 -2.345117 -0.191501 8.858870 -5.487865 -19.142546 -4.688669 11.848055 -0.381261 -8.805113 3.610004 -3.250526 3.013212 0.066372 -3.711285 -4.206797 -2.939776 12.394434 -18.893320 -6.177145 -33.118198 5.844226 2.630066 -6.456911 -1.713166 9.547710
-1.754847 27.254478 7.077188 16.907267 19.838427 -2.465013 -0.326192 8.129241 -6.200879 -19.248304 -4.956928 12.117869 -0.959447 -8.805719 3.460459 -3.631901 2.954403 -0.250866 -3.613715 -4.102501 -3.538154 12.179448 -19.368349 -5.856932 -33.256409 5.516486 2.025631 -7.304580 -1.628471 8.726666
-2.226695 28.416782 7.215533 16.244219 19.444746 -2.680750 -0.806710 7.152247 -7.448118 -19.846518 -5.075871 12.153461 -1.420423 -8.826877 3.545479 -3.768356 2.694024 -0.611957 -3.606622 -3.783033 -3.676566 11.995321 -20.018263 -5.092493 -33.357258 5.008947 1.602476 -8.381744 -1.275745 7.903693
-2.484464 29.185188 7.432350 15.486822 18.716825 -2.298434 -0.936980 6.657631 -7.795813 -19.900988 -5.112287 12.426072 -1.555733 -8.660574 3.237159 -4.363443 2.430802 -1.041434 -3.413385 -3.675260 -3.818354 11.453147 -19.722574 -4.148769 -33.500401 4.300563 1.394221 -9.582181 -0.967751 7.857463
-2.510504 30.722385 7.337730 14.500154 18.144632 -2.238227 -1.429942 6.145087 -8.463173 -19.759546 -5.083430 12.504693 -2.098854 -8.520001 3.160616 -4.932896 2.067932 -1.335759 -3.207266 -3.803294 -3.704179 10.819477 -19.543350 -2.514495 -34.134655 3.377272 1.157870 -10.667075 -0.087747 7.112786
-2.706864 31.864981 7.080217 13.812836 17.726404 -2.087512 -1.636224 5.427931 -8.931673 -19.727261 -5.109607 12.483098 -2.360449 -8.265116 3.291959 -5.427790 1.795237 -1.528249 -3.152891 -4.021985 -4.308801 9.948748 -19.461752 -1.534173 -34.142559 2.735253 1.286497 -12.146909 0.559719 7.079940
-2.742384 32.613415 6.591597 13.108610 17.433764 -1.732383 -2.065531 4.964681 -9.029623 -19.662962 -5.281504 12.497604 -2.407556 -7.944764 3.577823 -5.841783 1.501807 -1.783372 -3.287033 -4.254877 -4.475641 9.447357 -18.979792 -0.170998 -34.347652 2.043819 1.931386 -13.213975 1.386690 7.209505
-2.576358 33.636314 5.985634 12.878122 17.117990 -1.304775 -2.503494 4.288224 -9.186364 -19.733133 -5.118805 12.325325 -2.529222 -7.835934 3.819567 -5.892310 1.282222 -1.936613 -3.366778 -4.312541 -4.967514 9.488142 -19.240732 1.045745 -34.637531 1.510394 2.251161 -13.994554 1.698862 7.260603
-2.749808 33.497776 6.000027 12.951878 17.270075 -1.169403 -2.481533 4.207752 -9.155316 -19.839502 -5.101107 12.376919 -2.494340 -7.812128 3.865127 -5.865980 1.273776 -1.915405 -3.375392 -4.298444 -5.102187 9.500395 -19.234358 0.950815 -34.598392 1.592668 2.299104 -14.032712 1.792579 7.185853
-2.771771 33.506989 6.017067 12.956116 17.281176 -1.181232 -2.483688 4.186724 -9.182344 -19.847143 -5.066856 12.380136 -2.512278 -7.784961 3.860039 -5.879091 1.303667 -1.924169 -3.382441 -4.307842 -5.086473 9.513722 -19.206118 0.968043 -34.605526 1.604185 2.317852 -14.022634 1.782903 7.175843
-0.826562 31.942015 7.238350 14.695858 16.655973 -5.090682 -0.696587 7.229197 -10.803988 -18.147192 -5.715443 11.773027 -2.253618 -9.412684 2.859875 -5.329871 2.040661 -1.805952 -2.132418 -2.778482 -1.692504 9.287058 -19.665617 -3.196290 -34.032246 3.897251 1.087648 -10.096469 1.611538 4.436735
1.082461 28.048542 6.829427 17.229445 18.223547 -5.878360 0.642046 10.212631 -8.493647 -16.277609 -5.681581 11.002167 -1.574160 -10.373031 2.538829 -4.760303 2.726034 -0.842846 -1.274686 -2.317491 0.586873 9.207043 -18.954069 -6.303370 -33.087353 5.854592 2.419766 -7.151871 2.346622 4.845028
1.954122 26.526600 7.056199 15.423292 16.969149 -5.301539 0.763968 12.568955 -7.431688 -14.614180 -4.992040 9.696907 -0.747657 -10.838129 2.402451 -4.659887 2.998061 0.108039 -0.257891 -2.481692 2.510038 8.035246 -18.243319 -6.049294 -32.666710 6.007613 4.225273 -6.599501 3.822345 6.229085
2.611428 25.737278 7.393744 11.415014 14.994001 -4.346745 0.631610 15.260304 -7.552554 -13.538403 -4.068592 8.353337 -0.024723 -10.706387 2.468436 -4.676685 3.178689 1.016510 0.157321 -3.249032 4.362739 7.388162 -17.716021 -5.661541 -31.779316 5.884122 5.231301 -7.529195 5.093886 6.860281
3.695434 26.235249 7.124453 8.645494 12.467751 -2.914886 -1.798819 16.484930 -6.792772 -12.890637 -3.772942 8.133392 0.020522 -10.576350 2.779293 -4.912900 2.758843 1.502424 0.387353 -3.946265 5.811838 6.599118 -17.770050 -4.678190 -30.532469 5.106951 6.400927 -8.368477 5.824544 9.046086
5.581727 26.765800 5.015334 7.600142 11.985848 -6.005029 -3.290254 17.755312 -5.983766 -10.425451 -3.695544 6.860973 0.074701 -11.309075 2.179675 -5.478992 2.357903 1.807256 1.719206 -4.733794 6.934512 6.045451 -16.103254 -7.412508 -29.396847 6.739531 9.135140 -9.119168 7.136611 7.799899
8.035195 27.341986 3.230639 7.409330 10.891394 -8.055517 -5.219329 19.392796 -4.598835 -8.353787 -3.263210 5.870987 0.810284 -11.970907 1.957468 -5.443627 1.919354 2.679925 2.973665 -5.290586 7.831430 5.879138 -14.933248 -9.462739 -28.278341 8.442437 12.430208 -8.886708 8.340160 8.058421
7.936263 27.351023 3.343268 7.359269 11.008974 -7.970426 -5.001981 19.338530 -4.644386 -8.330894 -3.332897 5.879871 0.777487 -11.984652 1.928210 -5.495393 1.911148 2.583882 2.973973 -5.272996 7.744919 5.620825 -14.977056 -9.466068 -28.274767 8.422715 12.328935 -8.988941 8.197939 7.871921
7.906724 27.362289 3.272859 7.306650 11.012356 -8.079698 -5.047372 19.293016 -4.760836 -8.448734 -3.343528 5.866960 0.715536 -11.993857 1.900888 -5.556724 1.926018 2.569028 3.002113 -5.224242 7.831915 5.653740 -14.984817 -9.391603 -28.299332 8.369162 12.259359 -8.977506 8.245356 7.827480
7.869512 27.334824 3.324537 7.378452 11.111649 -8.064536 -4.923750 19.274607 -4.731281 -8.447561 -3.407996 5.857101 0.792902 -11.959650 1.939984 -5.570254 1.895196 2.500933 2.943713 -5.249034 7.822771 5.631915 -15.017154 -9.397985 -28.327658 8.374560 12.142831 -8.955329 8.258280 7.812051
8.077990 27.280376 3.240815 7.385499 10.961180 -8.063624 -5.088854 19.533052 -4.635945 -8.244505 -3.265031 5.835473 0.867953 -12.024281 1.924913 -5.445877 1.892031 2.645750 3.046080 -5.264381 7.742777 5.816637 -14.930664 -9.670157 -28.262409 8.563839 12.411265 -8.882702 8.175999 8.013533
8.057678 27.308018 3.336375 7.423485 10.983496 -7.951600 -5.010363 19.442606 -4.608521 -8.278327 -3.295846 5.881075 0.731622 -12.003405 1.915257 -5.474268 1.961599 2.628635 3.009669 -5.235149 7.695600 5.674545 -14.979041 -9.526113 -28.289444 8.423617 12.363229 -9.006768 8.235590 7.946854
7.949615 27.357380 3.293434 7.336123 11.045059 -8.003187 -5.002140 19.377138 -4.673744 -8.318232 -3.326165 5.863316 0.791474 -11.995161 1.938586 -5.529262 1.861976 2.607058 3.028254 -5.330704 7.751583 5.649067 -14.965008 -9.476981 -28.304998 8.433132 12.321838 -9.044831 8.293336 7.767485
7.914891 27.365198 3.233422 7.322927 11.066761 -8.050519 -5.007466 19.290762 -4.734333 -8.425062 -3.384647 5.871071 0.740925 -11.997044 1.934779 -5.555090 1.905503 2.557267 2.986636 -5.231508 7.758529 5.693958 -14.959237 -9.429819 -28.310392 8.441740 12.227576 -9.035372 8.248548 7.723779
7.871036 27.328262 3.345653 7.384789 11.094662 -8.066161 -4.929086 19.322222 -4.726537 -8.429790 -3.403293 5.897510 0.789788 -11.967976 1.975413 -5.544277 1.875094 2.506119 2.924427 -5.187233 7.703169 5.625314 -15.007883 -9.373561 -28.361998 8.354908 12.177676 -8.975954 8.236414 7.770718
7.752249 27.158085 3.448376 7.337962 11.090252 -8.168855 -4.924659 19.300222 -4.856780 -8.516705 -3.490642 6.061291 0.805898 -11.907325 1.804449 -5.740482 1.971215 2.480260 2.971858 -5.172013 7.658149 5.578122 -14.516963 -9.546275 -28.359768 8.532934 11.792153 -8.954494 8.118826 7.658795
7.848754 27.366066 3.309616 7.347807 11.070356 -8.086392 -4.998958 19.291636 -4.721126 -8.448233 -3.435084 5.983001 0.926685 -11.911925 1.842757 -5.682236 1.952783 2.612009 3.021088 -5.259836 7.697937 5.587464 -14.534284 -9.497460 -28.295214 8.467770 12.037356 -9.007500 8.207112 7.915127
8.032883 27.296560 3.274662 7.444481 10.999844 -8.072771 -5.026049 19.448149 -4.641777 -8.339993 -3.347364 5.971749 0.938444 -11.901739 1.857867 -5.633994 1.948308 2.683677 3.043386 -5.312125 7.725618 5.694623 -14.479251 -9.612978 -28.224302 8.491500 12.255118 -8.983384 8.152033 8.175255
8.108083 27.235256 3.233409 7.307199 10.907658 -8.060033 -5.124496 19.560518 -4.547763 -8.172826 -3.362960 6.011184 1.174606 -11.811728 1.741711 -5.849693 1.981079 2.772126 3.151442 -5.447301 7.762675 5.504627 -13.541116 -9.757303 -28.117861 8.662600 12.046035 -8.958909 8.248508 8.500159
8.103702 27.228304 3.185421 7.280153 10.891695 -8.120882 -5.148901 19.556711 -4.565288 -8.244616 -3.378341 6.016032 1.111346 -11.862421 1.713760 -5.874036 1.911182 2.711049 3.191477 -5.439658 7.657658 5.298158 -13.088881 -9.851716 -28.121454 8.709982 11.929855 -9.044912 8.226309 8.530988
9.964760 25.862682 2.373765 7.186647 10.310722 -7.655443 -5.513860 20.981434 -3.042785 -7.149859 -2.725180 4.926867 2.049573 -12.193187 2.072633 -5.088037 2.191422 3.379964 3.534341 -4.551013 9.936748 6.047481 -14.240520 -9.914508 -27.444490 8.814283 13.040065 -7.953834 8.642896 8.410700
12.307892 23.831305 2.395852 7.978964 8.112473 -6.571744 -5.839002 23.148558 -1.578009 -7.094879 -2.300371 4.144143 3.918825 -12.050097 2.753871 -4.375837 3.312057 4.633835 3.417379 -2.743788 12.743461 7.752239 -13.772016 -11.042672 -25.679964 9.373327 14.442548 -6.763021 7.972112 9.723294
13.746691 23.813633 3.336491 8.335197 5.994388 -6.025803 -6.489605 25.104553 -1.164569 -6.630794 -2.071654 4.219489 5.535864 -11.711265 2.204962 -4.308070 4.677672 5.097314 3.124769 -1.721428 15.201295 7.472362 -9.504753 -9.659719 -25.260736 8.807079 13.084489 -4.271562 7.710772 13.764983
13.367592 22.785368 5.548843 8.795104 5.209431 -4.687824 -6.103433 25.388784 -0.795951 -6.484230 -1.776943 3.701423 5.663811 -11.742623 2.109139 -3.376000 5.202496 4.695950 2.430450 -1.379798 16.938448 7.213802 -11.910151 -8.079029 -25.495359 7.860675 13.150128 -1.155689 8.336350 16.188017
12.906766 20.323484 6.840294 9.756613 3.857133 -3.386275 -5.596292 25.680452 -0.179755 -7.069894 -1.777097 3.288054 6.231532 -11.744775 1.984412 -2.593944 6.250144 4.516372 1.791336 -1.145542 18.907862 6.025123 -13.819171 -5.898490 -25.462446 6.694614 11.905833 -0.461467 10.465978 16.611763
13.440486 17.765884 6.644520 9.835964 1.895254 -2.451092 -5.376797 26.762579 -0.128146 -7.975475 -1.619246 2.933132 7.189780 -11.513369 1.664323 -2.549333 6.751109 4.088764 1.365894 -1.383660 21.149742 5.474744 -13.389583 -4.406536 -24.252810 5.932152 9.842006 -2.716593 12.812786 16.312382
14.309360 15.542801 5.661849 10.185705 -0.655986 -1.686314 -5.157845 28.311678 -0.651603 -10.067749 -1.127216 2.464038 8.873233 -11.178024 1.448249 -1.906080 7.008937 3.101737 0.112523 -1.446864 24.419600 7.023394 -12.699563 -1.938381 -24.373762 5.044525 8.158155 -4.651086 15.234320 14.129544
14.197145 12.626446 6.114424 10.585245 -2.834406 -0.128565 -4.858809 30.266905 -0.679408 -12.251294 -0.619308 2.179014 10.359707 -10.887424 0.991230 -1.222884 7.199720 1.827788 -1.319028 -1.768808 27.511698 12.593847 -11.047534 -1.047521 -26.076742 6.139318 4.559345 -4.712229 15.257761 11.139812
13.911621 10.495448 7.492011 10.755726 -5.168032 3.687827 -3.574182 32.390217 -0.435979 -13.575182 -0.474533 1.548983 10.708628 -10.909903 0.227066 -0.893682 7.537632 0.662342 -2.167491 -2.775359 28.594423 16.680578 -11.980940 -0.331067 -27.501835 6.192161 -1.365163 -4.315462 13.934540 10.816123
12.850374 9.065872 9.794592 11.228642 -6.070535 7.742030 -1.188818 33.223488 0.162317 -13.534992 -0.554629 1.000222 10.132851 -11.087629 -1.052719 -1.166822 7.895109 -0.839175 -2.619548 -3.927412 28.557169 18.093815 -13.739064 1.996469 -29.103395 5.403103 -6.442509 -5.017591 15.518507 10.782225
12.333245 8.353997 11.662936 12.475498 -6.226978 10.349591 2.086839 33.697212 0.104518 -13.251278 -0.692709 0.484418 9.255384 -11.469421 -1.672661 -1.233475 8.023840 -1.850253 -2.743972 -4.391518 27.805248 19.009907 -16.425066 3.365317 -30.168934 4.976948 -9.110837 -7.321305 17.837431 7.887909
11.938192 8.793367 11.502304 12.345483 -5.343977 9.147763 2.416195 33.395142 -0.178850 -13.525576 -0.710497 1.093720 9.227542 -11.485871 -1.813352 -1.490109 8.187092 -1.506269 -2.486540 -4.142287 27.554407 17.728230 -14.586154 2.242581 -29.965099 5.597161 -8.614985 -6.574528 16.715054 9.304258
11.104730 9.586691 10.603997 12.632125 -2.835300 7.279274 2.424510 32.407715 -0.514575 -14.281256 -0.595926 2.195351 8.753303 -11.703384 -1.647476 -1.150079 7.772559 -0.968236 -2.161562 -3.620360 27.827627 16.826525 -14.153000 0.427039 -29.040022 6.553071 -8.012932 -6.142857 15.025924 9.212192
11.261025 10.698894 9.569586 12.199909 -1.432972 5.153048 1.126707 31.911802 -1.132387 -14.572634 -0.722585 3.064611 8.468743 -11.724632 -1.314612 -1.331073 7.330220 -0.473373 -1.581451 -3.198218 27.649630 15.800724 -12.924216 -1.544267 -28.238237 7.675327 -5.094255 -5.530777 13.385658 7.345609
10.712164 10.394029 10.428093 12.603937 -0.654704 5.795508 2.595411 31.874182 -1.106720 -14.388639 -0.577720 3.085077 7.579070 -12.181755 -1.661709 -1.030582 7.484806 -0.892374 -1.728914 -3.101498 27.170790 15.284534 -14.593029 -1.775942 -28.562559 7.703976 -5.155557 -5.457266 13.750868 7.051026
9.649920 10.510069 12.230551 12.931303 -0.829707 6.658582 4.189785 32.416950 -1.594826 -13.317486 -0.798607 3.450056 7.100911 -12.214420 -2.491002 -1.438567 7.626981 -1.445225 -1.755891 -3.548365 26.980968 13.763525 -14.436833 -1.362695 -29.088736 7.615178 -7.889801 -5.550384 14.262526 7.735375
9.342382 11.618786 14.877810 12.808033 -2.105486 7.231618 3.966442 32.920441 -1.218588 -10.587223 -1.166623 3.468945 6.116610 -12.546352 -3.305311 -1.565327 7.831386 -2.141514 -1.566111 -4.076061 26.481148 11.162527 -16.125772 -0.577145 -29.231136 6.904234 -8.010757 -4.603850 16.549866 9.387383
9.799866 12.234684 17.364405 11.428221 -4.862465 8.086646 1.186894 33.449265 -0.590862 -8.507795 -1.561486 3.395511 5.180345 -12.627877 -4.071944 -1.938938 8.287907 -2.727575 -1.305199 -4.604845 25.544035 10.390892 -17.689812 -0.089719 -29.633858 5.182406 -8.171082 -3.750901 18.113991 11.237735
