-13.194776 24.920389 -20.269581 21.029955 -9.919163 -4.418713 0.649676 0.981974 4.857034 -8.315170 3.728628 -1.321885 -0.262423 -11.372702 0.666238 -0.030479 -5.326086 7.663234 -4.899085 -5.592520 9.119706 5.939763 10.318849 -13.728940 -11.743421 11.046555 1.058372 -27.555956 -1.955437 20.663647
-13.736918 24.863554 -20.485788 21.136816 -10.398418 -5.039835 1.290857 0.770469 5.435288 -8.591675 3.758976 -1.309855 -0.271844 -11.382842 0.594949 -0.034695 -5.358497 7.670413 -4.928032 -5.558571 9.494477 5.973606 10.342103 -14.246869 -11.390839 11.160697 1.081202 -27.876841 -1.995485 20.755404
-13.865847 22.996700 -20.139120 18.491802 -11.803633 -3.846226 0.295507 0.750131 5.942800 -10.251308 4.445038 -0.800366 0.395122 -10.646776 1.268503 0.275846 -5.519152 6.862723 -4.865648 -5.307952 10.352415 6.318429 9.948861 -11.864427 -8.918123 11.210207 1.559183 -25.654522 -4.672817 20.250319
-13.555666 23.577728 -20.012999 19.569109 -11.855036 -3.262650 1.112459 0.874819 5.526243 -10.079565 4.180532 -1.076969 0.118531 -10.859636 0.843348 0.028333 -5.695193 7.327807 -5.017365 -5.263094 10.504788 6.665779 10.344859 -13.662663 -10.707989 10.465303 1.158279 -26.724566 -3.610904 20.550961
-13.144459 22.956860 -19.415785 17.782646 -13.202504 -1.414284 1.588018 0.993499 5.218712 -11.580554 4.505592 -0.627834 0.415452 -10.334740 1.098879 0.177546 -5.960413 7.097940 -5.097581 -5.202756 11.473510 8.008825 10.235686 -12.662433 -9.907844 10.133425 0.707841 -25.605982 -5.508356 20.226620
-13.096614 21.949142 -19.260210 16.891636 -14.282420 0.184615 1.972689 1.113172 4.924262 -12.617893 4.864015 -0.200297 0.834133 -9.711785 1.508203 0.388448 -6.300932 7.095048 -5.140258 -4.801347 12.234645 8.984211 10.238225 -12.353959 -9.708584 9.532185 0.262355 -25.124870 -6.766645 19.735451
-13.151586 21.382053 -19.152140 16.355169 -14.881734 1.435854 2.383923 1.078316 4.795522 -13.316837 5.144195 0.324587 0.974123 -9.380613 1.796516 0.639133 -6.573816 7.180968 -5.133438 -4.438111 12.975298 10.113081 10.211462 -12.278897 -9.792951 8.902567 -0.419084 -24.909197 -7.788193 18.945261
-12.949939 20.937248 -19.028654 16.246729 -15.364537 2.665488 3.473336 0.731236 4.279556 -13.892029 5.333926 0.808806 0.976121 -9.141823 2.059812 0.907506 -6.836287 7.523950 -5.085493 -4.214952 13.390038 11.082819 10.109405 -11.909036 -9.410082 8.774679 -1.059714 -24.460524 -8.804529 18.177032
-12.647315 20.249342 -19.132904 16.468702 -15.822453 3.685032 4.228143 0.613862 4.393022 -14.505028 5.514379 0.988870 1.029132 -8.923603 2.170463 0.994953 -7.124588 7.597458 -5.172076 -3.954735 14.332188 11.080130 10.270186 -12.002716 -9.483212 7.810770 -1.099537 -24.072809 -9.665552 17.687778
-12.386816 19.678688 -19.623129 17.445650 -16.020851 4.435108 4.901827 0.516847 4.604375 -14.755949 5.616651 1.274876 0.708107 -8.789268 2.042120 0.915968 -7.511482 7.685349 -5.183902 -3.890715 14.850831 10.818251 10.452886 -12.115943 -9.306177 7.314615 -0.611347 -23.419273 -10.362789 17.514385
-11.907630 18.729397 -20.443808 18.424999 -15.592521 5.124509 5.527421 0.169838 5.195407 -15.237909 5.652598 1.024509 0.483852 -8.592484 1.608472 0.376520 -8.022097 7.271476 -5.308148 -3.739391 15.902547 9.618110 10.734605 -13.094333 -10.015017 5.584705 0.359069 -23.052588 -10.817684 17.883127
-11.935369 18.068321 -21.283762 19.322609 -15.103656 4.875755 5.731854 -0.267323 5.744172 -15.279634 5.643157 0.666461 0.356398 -8.533168 1.091924 -0.140244 -8.351173 6.831466 -5.480260 -3.761485 16.792746 8.145925 10.722632 -13.332889 -10.251474 4.340940 1.444912 -22.587427 -11.006873 18.684973
-11.810536 16.954777 -21.847584 20.123997 -14.419273 4.563056 5.672863 -0.352655 6.470107 -15.494598 5.629781 0.107411 0.518651 -8.657305 0.491105 -0.560087 -8.715204 6.399934 -5.753732 -3.355532 17.550980 6.954697 10.833771 -13.797837 -10.680458 3.414658 2.529163 -22.175430 -10.937960 19.422752
-11.830621 15.962090 -22.731953 21.165409 -13.349066 3.595857 5.293325 -0.397428 7.302846 -15.438419 5.558814 -0.472565 0.793578 -8.646761 0.023173 -0.918575 -8.823944 5.942599 -6.028141 -3.224989 18.371572 5.728194 10.754569 -14.347003 -10.895294 2.644072 3.773683 -21.478378 -10.903616 19.784401
-12.074140 15.455575 -23.154682 21.484062 -12.334373 2.585423 4.405449 -0.265262 7.934593 -15.324184 5.569948 -0.942932 1.209416 -8.789129 -0.326056 -1.048640 -8.799314 5.525335 -6.319558 -2.851137 19.221663 4.694211 10.973489 -14.946387 -11.034067 1.961308 4.926352 -20.673826 -11.044312 19.969959
-12.214248 15.225957 -23.327484 21.299929 -11.533610 1.315897 3.648081 0.196940 8.455911 -15.217716 5.557515 -1.666909 1.916797 -8.874802 -0.348881 -1.101562 -8.653051 5.253154 -6.598213 -2.449562 19.946760 4.276313 10.996090 -15.826028 -11.648697 1.140828 5.784955 -20.195488 -11.253054 20.052130
-12.728055 15.017299 -23.775570 20.875462 -11.062107 0.235449 2.368693 0.515404 8.664012 -14.725120 5.567663 -2.120313 2.677913 -8.965302 -0.257403 -0.936408 -8.436937 5.180216 -6.786404 -1.962640 20.353189 3.600988 11.170002 -16.933441 -12.058071 0.650043 7.116144 -19.516825 -11.478569 20.000580
-13.209252 15.430479 -24.027838 20.265942 -10.331825 -1.117848 1.634767 0.704249 9.029527 -14.386845 5.514866 -2.645106 3.130273 -9.099624 0.008042 -0.779519 -8.134340 5.427252 -6.871825 -1.498008 20.643785 2.737934 11.682168 -18.428371 -12.712173 -0.131540 8.120231 -19.037443 -11.713156 19.907444
-13.925522 15.748592 -23.992613 19.960094 -9.380901 -2.072618 1.397368 0.754679 8.912827 -14.090929 5.390622 -2.913215 3.639805 -9.238056 0.239935 -0.662148 -7.807464 5.764146 -6.800528 -0.983671 20.359535 1.791821 11.872269 -19.451857 -12.833494 -0.756124 9.245297 -19.004313 -11.908734 19.529766
-14.590772 16.236927 -23.769804 19.942694 -8.489705 -3.146805 1.123738 0.940861 9.160253 -13.817458 5.182452 -3.128166 3.889795 -9.436567 0.427481 -0.567559 -7.552028 6.235589 -6.730256 -0.709576 20.133940 0.761742 12.019275 -20.143372 -12.922935 -1.442637 10.014933 -19.053999 -12.092846 19.468218
-14.754113 16.244322 -23.600510 19.559853 -8.494308 -3.261378 1.075751 0.887673 8.880490 -13.761044 5.197110 -3.143791 3.969096 -9.434414 0.469774 -0.584790 -7.462879 6.362344 -6.778930 -0.528105 20.083502 0.170634 12.137643 -20.655031 -13.011768 -1.904204 10.256572 -19.041945 -12.137245 19.212297
-14.813601 16.304596 -23.598375 19.541466 -8.240707 -3.408287 1.184939 0.830319 8.870364 -13.738414 5.181941 -3.072608 3.914181 -9.424585 0.458033 -0.570768 -7.446687 6.423173 -6.766731 -0.570350 20.000860 0.011188 12.051008 -20.671162 -12.933090 -1.973262 10.433157 -19.010052 -12.161142 19.242905
-13.108190 15.450603 -24.802242 19.524645 -11.295588 -1.202736 1.723212 -0.448330 8.781342 -13.728222 5.453474 -2.414587 2.798892 -8.890963 0.028701 -1.125544 -8.192923 5.421740 -6.566237 -2.117682 18.660677 2.507519 11.493282 -17.934046 -10.958660 1.594770 9.053297 -18.641993 -11.965181 19.832304
-11.046391 18.552002 -24.660978 16.616209 -14.138657 -0.126609 2.277566 -1.547914 6.602044 -13.373435 5.550093 -0.376271 0.315498 -8.051030 0.508278 -1.750481 -8.787165 5.044775 -5.326163 -5.065141 14.652121 5.054026 11.213017 -15.772174 -8.306700 6.597875 7.080448 -19.145142 -12.058857 19.014076
-10.665275 20.369959 -24.169489 14.617679 -15.218882 -0.675998 0.856223 -0.910366 5.945268 -13.154459 5.705493 -0.210145 0.486341 -7.864144 0.915014 -1.778258 -8.524027 4.826223 -5.039737 -5.308817 13.537015 5.530734 11.753743 -15.563177 -7.789997 8.183630 6.914331 -19.514315 -11.991642 18.080568
-10.114228 21.292912 -23.752924 12.710918 -16.604681 -0.651441 -0.711576 -0.233684 5.644801 -13.350430 5.826821 -0.057055 0.781080 -7.618501 1.070044 -1.757209 -8.247393 4.326020 -4.939713 -5.513714 12.689704 5.295936 11.665254 -14.847042 -6.672580 9.465052 6.770193 -19.725271 -12.143798 16.581181
-10.153301 21.969833 -22.947292 11.611120 -17.044996 -1.053340 -1.913175 -0.204470 5.318803 -13.044292 5.881168 0.228474 0.858001 -7.550855 1.271508 -1.731431 -7.857581 4.094796 -4.708112 -5.642798 11.853490 5.508827 10.962976 -13.491543 -5.630514 10.345047 6.502462 -20.150999 -11.788995 16.504013
-10.229379 22.944794 -21.193296 9.167344 -17.699072 -1.257865 -2.943279 -0.394567 4.798950 -13.074724 5.906907 0.589610 0.500727 -7.609293 1.062699 -1.814941 -7.544320 3.505889 -4.527975 -5.944325 11.012961 4.992271 10.243598 -12.580239 -4.484667 10.549494 7.255158 -20.305351 -11.876882 16.773319
-10.501921 24.834347 -19.398375 6.866658 -18.705629 -0.071817 -2.492825 -1.151173 3.604686 -13.061284 6.116752 1.632577 -0.040695 -7.973204 0.956666 -1.381505 -7.318515 2.902273 -4.258081 -6.508128 10.253848 2.941798 9.910563 -11.012338 -3.018030 11.142927 8.625352 -20.205671 -11.890518 18.327745
-10.313097 25.608494 -18.538223 4.888982 -19.597551 0.363564 -2.798577 -1.048099 2.592154 -13.360752 6.244960 2.235499 -0.285093 -8.054810 1.383776 -1.036957 -6.791667 2.633403 -3.909083 -6.952208 9.604255 1.297493 9.940859 -9.877474 -1.852531 11.723175 9.145770 -20.308966 -12.097191 18.863926
-10.358740 25.678780 -18.522675 4.871983 -19.581923 0.341290 -2.768263 -1.095460 2.594922 -13.350180 6.255004 2.216208 -0.256016 -8.048064 1.396315 -1.030738 -6.798563 2.629844 -3.913919 -6.920547 9.598294 1.252015 9.933571 -9.856574 -1.844824 11.712613 9.094800 -20.386871 -12.068100 18.871998
-10.408217 25.686501 -18.499781 4.994972 -19.379528 0.276182 -2.571051 -1.104610 2.606913 -13.332111 6.229366 2.176036 -0.238075 -8.044880 1.392187 -1.031189 -6.824334 2.667473 -3.926503 -6.868396 9.634763 1.315210 9.924197 -9.897824 -1.933746 11.591175 9.093135 -20.454277 -12.099920 18.866222
-10.423040 25.658134 -18.572794 5.052610 -19.482599 0.292849 -2.674947 -1.075133 2.630670 -13.289652 6.217197 2.138872 -0.224786 -8.061432 1.339921 -1.054865 -6.869062 2.671219 -3.957586 -6.837822 9.720400 1.560525 9.874047 -9.840701 -1.970989 11.624085 8.976375 -20.412756 -12.132349 18.818424
-10.385983 25.648415 -18.490030 5.064399 -19.310986 0.223883 -2.545559 -1.042039 2.694114 -13.387574 6.215772 2.218488 -0.263874 -8.074612 1.333069 -1.003897 -6.884900 2.741141 -3.957942 -6.801528 9.733960 1.515528 9.852252 -9.881043 -2.000184 11.552540 9.066682 -20.411058 -12.144495 18.835972
-10.428566 25.591454 -18.569345 5.115760 -19.364283 0.298689 -2.516800 -1.120629 2.655086 -13.324480 6.223273 2.216102 -0.266596 -8.072305 1.288060 -1.017023 -6.898350 2.774539 -3.994129 -6.760312 9.711615 1.598275 9.782166 -9.941302 -2.045812 11.548717 9.118803 -20.355764 -12.151611 18.904289
-10.541873 25.693237 -18.554110 5.219921 -19.313038 0.251188 -2.349626 -1.143971 2.604827 -13.246181 6.202879 2.175067 -0.250681 -8.084854 1.321654 -1.003925 -6.894756 2.789628 -3.987598 -6.770387 9.674281 1.563800 9.830097 -9.917176 -2.089674 11.562870 8.991090 -20.500559 -12.056042 18.889862
-10.431119 25.656666 -18.589460 5.188295 -19.400709 0.293497 -2.615200 -1.053236 2.591206 -13.244510 6.203085 2.178274 -0.293002 -8.087932 1.282365 -1.009252 -6.898878 2.787488 -4.006598 -6.795511 9.723886 1.609545 9.864025 -9.989067 -2.106034 11.550239 9.041173 -20.428337 -12.135174 18.933922
-10.392182 25.617966 -18.567160 5.351343 -19.200460 0.336289 -2.287951 -1.157661 2.686947 -13.330087 6.206121 2.158519 -0.295774 -8.074984 1.308709 -0.996815 -6.905368 2.807282 -4.006386 -6.778563 9.668406 1.599306 9.832875 -10.008475 -2.094480 11.537891 9.080452 -20.449574 -12.165302 18.945530
-10.438538 25.615419 -18.533148 5.353625 -19.243578 0.303786 -2.452032 -1.054622 2.832373 -13.373855 6.225419 2.198020 -0.255663 -8.067950 1.325898 -0.976810 -6.909409 2.814260 -3.994185 -6.728810 9.726762 1.605186 9.804866 -9.959772 -2.105194 11.518106 9.078204 -20.438395 -12.137203 18.990467
-10.366885 25.613968 -18.693521 5.443055 -19.048002 0.233309 -2.494738 -1.137033 2.860412 -13.263938 6.222034 2.180262 -0.259319 -8.026229 1.328449 -1.017323 -6.908828 2.779984 -3.989004 -6.777896 9.640090 1.553612 9.745467 -10.089514 -2.173826 11.467527 9.257907 -20.459295 -12.064663 18.996742
-10.394002 25.447256 -18.726761 5.344265 -19.089373 0.244963 -2.729111 -1.025560 2.889295 -13.336986 6.229350 2.052906 -0.240176 -8.069836 1.295671 -0.989453 -6.955893 2.814183 -4.079592 -6.695362 9.743960 1.552659 9.688417 -9.959826 -2.125714 11.469666 9.200368 -20.451128 -12.028212 18.979847
-9.701729 25.615601 -18.550714 5.498606 -18.514067 0.903668 -3.342973 -0.951658 2.028577 -13.279251 6.208241 2.062799 -0.166269 -8.072325 1.319032 -0.964479 -6.893219 2.799938 -4.047498 -6.749017 9.803750 1.755537 9.656564 -9.871202 -2.211564 11.527533 9.028573 -20.516125 -11.941191 18.884846
-9.803295 25.565685 -17.774744 3.572106 -18.118252 0.289651 -2.640512 -1.043166 1.291425 -14.017193 6.294501 1.776131 -0.060125 -7.515389 2.236927 -1.247457 -6.278800 2.441283 -3.641766 -7.676929 9.036311 2.889345 9.447852 -8.550172 -0.424172 12.242437 7.891569 -20.671721 -13.245710 16.835926
-10.083461 24.894386 -16.753704 3.087397 -15.946291 -0.954193 1.094425 -1.075852 1.590030 -15.936049 5.874425 -0.501178 0.397679 -6.715415 3.655649 -2.994632 -5.548934 2.204620 -2.850774 -8.375220 7.018488 6.702557 9.239533 -7.814040 0.749247 13.875324 4.802118 -21.139647 -15.112614 14.121033
-10.488123 24.850515 -16.239460 1.819642 -13.488482 -1.266418 0.884712 -0.992646 0.068840 -16.373877 5.602754 -2.063426 1.213972 -5.972704 4.230173 -4.040314 -5.451192 2.044182 -2.764095 -9.155007 6.015010 5.965478 10.550050 -8.136901 1.222569 14.772427 4.581442 -21.752033 -15.039115 11.070764
-10.519735 25.298002 -16.300133 -0.827466 -12.011753 -1.679269 -0.851624 -0.657793 -1.697784 -16.746124 5.487553 -2.303936 1.563832 -5.518322 4.429988 -4.258328 -5.926509 2.341287 -2.831837 -9.698945 5.056611 5.636299 11.834706 -9.214610 1.141985 15.311623 5.023142 -22.298485 -15.117249 8.384130
-11.371455 24.854494 -17.371456 -3.090595 -12.133815 -2.411311 -1.188110 -1.790550 -2.484482 -16.631443 5.335176 -2.643896 2.087920 -5.137941 4.804984 -4.151321 -5.945547 3.009599 -3.028243 -9.783392 4.215826 7.010069 11.248502 -10.363055 1.214262 15.354897 5.685992 -22.156858 -15.773540 7.314209
-11.945539 23.917641 -18.093582 -5.925714 -13.255209 -3.566717 -2.023216 -2.189672 -2.504328 -16.696415 5.403298 -3.284857 2.676250 -4.614432 5.478532 -3.917912 -5.342512 3.634304 -3.544374 -9.972647 3.887967 8.593925 11.026486 -10.723081 0.840203 15.453761 4.615660 -22.973730 -16.105066 5.153753
-11.504622 23.779263 -18.908249 -7.271566 -13.503375 -4.826193 -0.810211 -3.072128 -2.890485 -16.855341 5.612747 -3.567395 2.811291 -4.111223 6.051641 -3.518999 -4.907260 4.418038 -4.186760 -10.210075 3.578589 10.021792 11.095763 -10.376717 0.378559 15.752039 2.917644 -24.991632 -15.723605 2.464839
-11.706695 24.419559 -19.918827 -7.943708 -13.847001 -5.181348 1.065860 -4.715642 -3.616122 -15.901546 5.866670 -3.567634 3.054732 -3.679105 6.609411 -3.210075 -4.489080 5.100279 -4.618190 -10.607098 2.387933 10.674965 11.067105 -10.666139 0.865251 16.316809 2.253064 -26.061396 -16.321814 0.481144
-10.835734 24.984154 -19.894674 -8.586086 -13.690313 -6.326860 1.984695 -5.771092 -4.178604 -15.447250 5.675893 -3.452180 2.939734 -3.400547 6.774690 -3.147685 -4.069467 5.873971 -4.504788 -10.842043 0.478389 10.734167 11.009238 -10.996087 0.779000 16.747225 1.371529 -28.427675 -16.112617 -1.341021
-10.507903 25.696037 -20.500191 -10.061375 -13.953394 -6.689048 1.654622 -6.675597 -4.646311 -15.158802 5.573122 -3.582098 2.754476 -2.978175 7.300260 -3.185943 -3.937558 6.645337 -4.363569 -11.145308 -0.806721 11.984365 10.954971 -10.563415 1.233692 16.783758 -0.018207 -29.612181 -16.721472 -2.835312
-10.984603 26.187445 -20.394442 -10.663206 -14.051618 -6.191499 4.325217 -8.526353 -5.012123 -15.006849 5.639693 -3.294390 2.533574 -2.587052 7.533737 -2.952573 -4.046664 7.154056 -4.418089 -11.411892 -1.357373 13.297086 10.897267 -9.010280 1.947385 16.123039 -0.436414 -30.698145 -16.811201 -2.912641
-10.997935 26.131256 -20.473951 -10.701935 -11.516502 -7.077771 5.832933 -10.072952 -4.907962 -14.802986 5.909027 -2.248930 2.181145 -2.488348 7.752748 -1.783389 -3.942780 8.097191 -4.731076 -11.342899 -1.249771 12.239283 11.501937 -6.338558 2.868250 15.934904 1.382549 -32.734898 -13.710913 -1.731584
-10.729797 26.144482 -21.467735 -11.349076 -9.686587 -9.154161 4.386300 -10.506690 -4.398008 -14.353643 5.880139 -1.794984 1.934453 -2.136394 7.895545 -1.357597 -4.187473 8.816842 -4.926004 -11.507236 -1.298799 14.250700 11.153541 -4.546232 3.159457 16.810869 -0.115892 -33.537022 -13.099356 -2.302238
-10.898713 26.254801 -23.133326 -12.148922 -8.629795 -10.613337 3.231573 -12.410466 -5.354773 -12.536243 5.784822 -2.411094 1.711128 -1.444318 8.078137 -2.008402 -4.861397 9.640833 -5.034301 -11.714122 -1.391089 17.619453 10.099730 -4.355382 3.413593 17.282547 -3.193077 -32.571720 -14.943344 -3.097554
-10.909385 26.139172 -23.757654 -12.020477 -8.489952 -11.273751 2.911913 -12.686385 -5.002902 -12.201965 5.786837 -2.735914 1.804153 -1.318155 8.248862 -1.983367 -5.021219 9.877563 -5.127290 -11.643919 -0.989835 18.091000 9.998189 -3.727025 3.906942 17.512510 -3.408566 -32.418568 -14.998131 -3.160034
-11.412555 26.057220 -24.280581 -11.090380 -7.549048 -11.421438 3.267471 -12.641147 -4.147183 -12.668884 5.663685 -2.726014 2.011662 -1.422253 8.162647 -2.065313 -5.223443 9.665354 -4.823614 -11.288900 -1.262577 17.266239 10.274025 -3.535520 3.970690 18.198729 -3.095447 -32.644520 -14.772840 -3.726866
-11.099576 25.031586 -25.345182 -10.943254 -6.072495 -12.701691 2.375071 -12.694265 -4.368006 -12.610148 5.406316 -3.557889 2.614249 -0.982567 8.581222 -2.457299 -5.319870 10.027545 -4.764568 -11.421792 -1.469374 17.657541 10.051262 -2.807576 5.165565 18.493713 -4.797181 -32.365032 -15.802948 -4.667871
-11.174445 25.175060 -25.156239 -11.158195 -6.229178 -12.424253 2.477337 -12.822342 -4.435160 -12.533556 5.428822 -3.349370 2.627133 -1.022656 8.492108 -2.426786 -5.308949 9.848328 -4.637709 -11.336902 -1.009290 18.324018 10.207078 -2.360003 5.095974 18.620218 -5.176412 -32.500126 -15.520992 -4.852778
