-7.971254 23.019794 -21.278881 13.100534 -7.381681 2.576649 8.381158 9.711580 16.358458 8.382732 2.385563 2.949760 4.068120 -9.224868 -3.383228 -5.178706 -4.073481 8.683652 -2.994481 -7.041652 8.767556 6.005675 10.233070 -13.527651 -12.227607 10.867392 0.824385 -27.214430 -2.085598 20.650164
-7.957860 23.020988 -21.330288 13.131344 -7.360322 2.612461 8.418372 9.688857 16.337641 8.400850 2.404778 2.921124 4.062695 -9.235095 -3.473930 -5.189281 -4.141438 8.697395 -3.078253 -6.927074 8.846104 6.033890 10.234184 -13.675778 -12.389069 10.729182 0.756124 -27.242552 -2.085758 20.613926
-19.313046 19.987772 -8.044450 11.549420 0.418753 11.337932 10.903267 8.018848 20.605007 9.521337 4.077063 5.196967 0.073013 -8.333516 -6.229120 -4.669507 0.312440 6.916221 -4.992782 -3.534299 0.919152 0.665343 3.512033 -13.053941 -15.697380 5.343909 -10.293070 -22.049271 -6.972013 23.264233
-20.005959 20.270580 -5.259434 11.962955 -0.122486 10.893377 10.227012 8.142742 21.280233 10.875380 3.542386 4.924984 -1.047634 -8.437809 -6.481833 -4.339778 1.853408 7.557997 -5.117077 -3.373607 1.655266 -0.469004 1.730692 -15.036269 -15.237253 5.533522 -11.330178 -19.656429 -6.807914 25.877752
-21.309383 19.374813 -2.563136 12.872401 1.223879 10.505273 9.899048 9.060149 21.442297 11.896877 3.950365 5.504138 -1.879291 -8.158474 -6.158145 -3.467248 2.717237 8.555830 -5.515787 -2.941253 1.989821 -1.621270 -0.234804 -15.573488 -14.976221 5.082439 -12.416833 -17.654173 -6.706952 28.047041
-23.018284 18.715797 0.125633 12.212408 1.359829 9.497142 9.493150 9.281165 20.737635 12.767336 4.150646 5.246901 -2.941094 -7.708523 -6.115690 -3.631535 3.586453 9.364982 -5.482759 -2.731890 3.212540 -3.811192 -2.456779 -15.318604 -14.024200 3.759923 -14.314723 -16.336742 -6.770518 29.085192
-24.610409 18.865877 2.634141 9.626055 0.884165 8.423470 7.829892 8.937953 19.581270 14.733606 4.244430 5.389563 -3.841177 -7.340330 -6.306948 -3.929847 4.554896 10.070157 -4.784180 -2.155364 3.959189 -7.502777 -4.355593 -16.517305 -11.081806 2.981756 -14.911601 -17.152655 -7.050724 30.153585
-25.851410 20.446775 5.857891 7.415358 0.517664 7.603946 5.835512 9.133046 18.055227 16.876024 4.161389 4.500180 -5.595873 -7.310156 -5.894200 -4.275403 5.011601 11.467584 -3.793262 -2.040232 5.591258 -10.968199 -5.702878 -19.085426 -8.765100 2.422967 -13.906163 -16.255186 -6.233106 30.910538
-24.622587 21.388260 8.571077 3.288069 1.259649 5.657209 0.893955 11.110277 14.271815 18.824913 4.134550 4.033873 -6.237387 -6.146007 -4.295360 -5.157512 6.820459 10.970505 -1.993315 -2.523420 0.535066 -13.315849 -8.641322 -14.446052 -4.800882 5.976450 -13.801072 -11.887067 -7.333100 30.352976
-22.482607 20.903545 10.386374 4.609004 1.122713 3.828250 -2.005316 12.944631 12.181478 19.286167 3.553553 3.103059 -6.307610 -6.225320 -4.470579 -5.772094 7.820304 11.021227 -1.483271 -2.127029 0.725169 -13.112060 -10.801418 -15.637500 -4.753708 6.680878 -13.867297 -8.174050 -8.256958 29.981863
-20.163628 19.612646 11.194617 7.335146 0.945249 5.382238 -1.969855 14.457958 11.902205 18.554726 3.899254 2.317030 -6.652971 -7.348431 -4.071547 -3.861215 8.193018 10.804639 -2.759563 -1.273313 4.379743 -12.063396 -11.418687 -16.712425 -4.342097 6.622912 -14.529643 -7.142755 -7.583412 31.186729
-18.583256 18.964108 12.007905 8.824701 0.681208 7.030287 -2.531230 16.099157 10.581096 17.435165 4.481257 1.910376 -5.969479 -7.847970 -4.799523 -2.239317 8.087688 11.068028 -4.587215 0.262703 9.588141 -10.689797 -11.705284 -19.640072 -6.603568 4.097298 -15.801816 -7.104487 -6.504871 31.939899
-18.986671 16.655230 14.257522 7.981905 -0.757712 10.111111 -1.343368 18.052431 9.729585 13.882263 4.869948 1.667130 -4.072141 -7.771710 -4.763996 -1.246663 8.526861 10.756784 -5.778764 1.769502 13.059649 -6.974904 -13.542247 -19.328077 -7.992886 3.869347 -18.936663 -8.690884 -5.926891 30.655838
-19.115379 14.926229 14.866954 8.110643 -0.811413 11.290074 -0.443386 18.719465 9.594269 12.011282 5.102315 1.652070 -2.868056 -8.156595 -4.867139 -0.473532 8.770004 10.821585 -6.318190 2.645386 15.186507 -4.747042 -14.772073 -19.145075 -8.750596 3.633267 -20.132944 -9.663903 -5.639604 29.615868
-19.309109 14.435552 14.910817 7.967810 -0.788212 11.689755 0.257879 18.715754 9.633491 11.363424 5.178301 1.633293 -2.460508 -8.172758 -4.782516 -0.244669 8.859179 10.892632 -6.469046 2.758402 15.313690 -4.319185 -14.779872 -18.702972 -9.043592 3.770342 -20.535837 -10.217897 -5.375700 29.162933
-19.381298 14.455568 14.955624 7.853887 -0.799410 11.679860 0.170212 18.781561 9.533483 11.343975 5.185620 1.653163 -2.410577 -8.181094 -4.816700 -0.265041 8.876232 10.912230 -6.460428 2.793247 15.401116 -4.258727 -15.014639 -18.736275 -9.027781 3.819206 -20.580523 -10.186500 -5.430893 29.035648
-19.383146 14.432832 14.960846 7.847035 -0.794796 11.691124 0.188565 18.738401 9.572278 11.307526 5.203721 1.667996 -2.422500 -8.181812 -4.787231 -0.237629 8.864799 10.921115 -6.487688 2.752220 15.416721 -4.276566 -14.936432 -18.708399 -8.987604 3.820663 -20.619654 -10.137280 -5.493830 29.050608
-19.386726 14.415789 14.965248 7.851223 -0.840960 11.698720 0.226387 18.785883 9.565863 11.318713 5.182182 1.694985 -2.404944 -8.180073 -4.811955 -0.277766 8.866381 10.925903 -6.455688 2.747365 15.411564 -4.285114 -14.934463 -18.710304 -8.985284 3.831283 -20.605679 -10.131798 -5.480581 29.055334
-19.371185 14.402538 14.982312 7.883462 -0.855751 11.726476 0.250210 18.805693 9.537217 11.308851 5.167384 1.677571 -2.386893 -8.167418 -4.815995 -0.315996 8.873163 10.944162 -6.419183 2.761928 15.416171 -4.301241 -14.924867 -18.742306 -9.009166 3.798894 -20.600122 -10.146928 -5.479405 29.041388
-19.394594 14.421976 15.029486 7.874423 -0.877684 11.704940 0.229953 18.844389 9.556711 11.315388 5.157331 1.659761 -2.402824 -8.193588 -4.840400 -0.318384 8.880856 10.956833 -6.404808 2.775753 15.418628 -4.272076 -14.900758 -18.764898 -9.055031 3.824916 -20.640999 -10.150655 -5.461206 29.057774
-19.385777 14.368435 14.964141 7.890288 -0.850352 11.709010 0.242272 18.803471 9.577829 11.308287 5.153539 1.694325 -2.406129 -8.207357 -4.859383 -0.311314 8.870031 10.941304 -6.391346 2.800457 15.459403 -4.218103 -14.862171 -18.746895 -9.046173 3.809928 -20.660742 -10.094184 -5.573191 29.051346
-19.386570 14.377616 14.951498 7.864606 -0.858617 11.694016 0.236053 18.801435 9.568946 11.321253 5.151727 1.690141 -2.406427 -8.204550 -4.857054 -0.314073 8.872637 10.940541 -6.397023 2.792889 15.442792 -4.172557 -14.891580 -18.688509 -9.008297 3.868566 -20.668018 -10.081777 -5.582543 29.042429
-16.795364 -3.499281 6.833810 13.871874 5.858182 -0.554764 0.691132 21.342100 10.346208 9.427568 9.012960 1.258725 -2.868725 -3.495690 -5.985517 -1.214668 10.082703 6.590322 -5.848982 5.922436 14.405231 -5.216458 -11.853446 -24.005320 -5.808024 13.542971 -22.664686 -6.349488 -3.226104 6.992597
-14.211855 -2.757072 6.232034 9.269961 7.189794 0.371073 -12.797593 23.512526 8.201446 10.980051 9.226133 -1.262637 -5.237366 -4.210416 -3.703802 -1.170921 10.163939 3.425082 -5.335546 4.669235 8.311807 -6.887398 -12.417012 -17.171511 -6.942301 14.947862 -21.582651 -3.875680 -2.423553 6.132022
-13.910885 -0.960213 6.211540 9.610676 12.587881 -2.465742 -8.643037 21.195688 10.834560 9.398243 10.179423 0.910680 -6.057283 -3.948141 -4.682099 -1.002253 9.272139 3.009215 -5.887803 4.180257 11.029884 -4.489833 -11.996825 -15.488689 -7.346024 13.526932 -23.655369 -2.054411 -4.748712 5.976739
-14.311030 -0.887572 6.660814 9.506090 12.894322 -2.289766 -8.148642 21.070763 11.350142 8.915903 10.248794 0.575122 -5.556319 -3.887901 -4.753460 -1.140124 9.376978 2.931790 -6.121076 4.281130 11.472602 -4.212936 -12.031416 -15.280966 -7.859776 12.688835 -23.693758 -1.610478 -5.303139 6.129541
-14.485723 -0.376258 6.997990 9.042019 12.554899 -2.366317 -8.932911 21.104856 11.106421 9.306721 9.963494 0.534302 -5.694533 -4.008933 -4.562294 -1.308133 9.365196 3.080088 -6.109477 4.359156 11.008877 -4.463140 -12.175381 -14.414145 -8.231096 12.736231 -23.419947 -1.168982 -5.106006 6.561150
-15.009559 -0.320550 7.182382 8.766090 12.170663 -1.811732 -9.583379 20.916178 10.625834 9.535156 9.872088 0.391563 -5.738874 -4.055808 -4.218250 -1.346875 9.392214 3.444614 -5.900900 4.160655 10.193447 -4.981834 -12.380258 -13.560281 -8.553024 12.480474 -23.314535 -1.315173 -4.467249 7.081791
-14.467174 -0.779447 6.491949 9.649332 12.830902 -2.481722 -8.293221 21.046835 11.250756 9.281094 10.288116 0.966496 -5.927275 -3.963174 -4.789924 -0.991840 9.333208 3.041358 -6.016743 4.175710 11.389266 -4.775400 -12.027239 -15.016331 -7.629141 13.169461 -22.886257 -1.341887 -4.948856 6.169867
-14.606977 -0.415859 7.046682 8.944233 12.571747 -2.292108 -9.008959 21.100389 11.089499 9.188989 9.953594 0.919464 -5.930203 -4.087197 -4.522902 -1.199796 9.437849 3.142564 -5.867746 4.228614 11.226413 -4.938130 -12.307763 -14.245940 -7.944374 13.003897 -22.931475 -1.054363 -4.788499 6.666994
-14.506162 -0.777085 6.761530 9.062947 12.430302 -2.376422 -8.960858 21.136835 11.141114 9.310094 10.007422 1.156229 -6.035474 -4.064062 -4.614469 -1.126177 9.440645 3.093924 -5.918329 4.098032 11.296789 -4.970054 -12.276836 -14.485282 -7.953328 12.930926 -22.767994 -1.135210 -4.855598 6.326056
-14.512344 -0.751089 6.753222 9.102682 12.575775 -2.386719 -9.001788 21.139486 11.137722 9.326870 10.039050 1.186588 -6.058228 -4.021712 -4.592339 -1.091375 9.473589 3.117452 -5.887548 4.043343 11.157586 -4.967529 -12.292811 -14.356065 -7.958783 13.065426 -22.636032 -0.947878 -4.879825 6.362834
-14.779386 -0.361567 7.017697 9.015121 12.541557 -2.326108 -9.130378 21.024782 11.032583 9.428585 9.933158 1.116101 -6.083015 -4.104046 -4.471203 -1.090069 9.487112 3.249642 -5.837136 4.102760 11.204347 -5.284451 -12.263885 -14.182559 -7.832551 13.079756 -22.794086 -1.102849 -4.619559 6.630208
-14.371770 -0.714470 6.615635 9.298545 12.826923 -2.536982 -8.689752 21.151203 11.294451 9.128649 10.138392 0.985848 -5.893052 -4.041328 -4.695788 -1.077787 9.375751 3.087902 -5.900344 4.170121 11.294757 -4.795422 -12.130870 -14.759807 -7.899790 12.995922 -22.940924 -1.069341 -5.083056 6.191467
-14.816979 -0.473533 7.029272 8.931307 12.396227 -1.978118 -9.428662 20.998236 11.040818 9.290852 9.972434 0.967566 -5.937128 -4.118974 -4.424441 -1.074679 9.543629 3.222728 -5.904332 4.158388 10.835256 -5.234408 -12.309084 -13.901009 -7.932438 12.931187 -23.030630 -1.347349 -4.562839 6.959848
-14.374104 -1.015492 6.505444 9.755607 12.832238 -2.469129 -8.482833 21.137932 11.313785 9.090191 10.271091 1.089138 -5.785916 -3.950558 -4.911720 -0.973409 9.285997 3.068957 -6.106331 4.333539 11.663383 -4.484016 -12.162066 -15.307601 -7.850217 12.837229 -23.113924 -1.371668 -5.116594 5.980411
-14.618442 -0.386701 6.969436 9.142418 12.656503 -2.366631 -9.031771 21.101011 11.033977 9.351433 9.978842 0.834777 -5.833995 -4.048929 -4.476769 -1.171836 9.488781 3.124836 -5.957058 4.238067 11.069531 -4.862597 -12.256108 -14.123179 -7.951740 13.076694 -23.218161 -1.105457 -4.867984 6.630616
-14.356647 -0.779583 6.708635 9.155077 12.660414 -2.442174 -8.871629 21.200430 11.226520 9.066210 10.103275 0.992654 -5.936388 -4.034661 -4.652327 -1.109480 9.401718 3.085284 -5.916987 4.147744 11.185445 -4.867671 -12.098736 -14.537789 -7.787426 13.155783 -22.959305 -1.093792 -5.005325 6.225714
-14.403478 -0.917318 6.767490 9.057788 12.588346 -2.204661 -8.965951 21.224234 11.201055 9.045555 10.038156 1.043483 -5.908417 -4.045743 -4.626034 -1.132090 9.443941 3.112402 -5.909142 4.165075 11.200534 -4.820652 -12.226222 -14.481424 -7.663219 13.236794 -22.976261 -1.105578 -4.977077 6.412815
-14.753155 -0.475472 6.964705 9.152548 12.661723 -2.377737 -9.219625 21.120922 11.139690 9.308470 9.964246 0.893210 -5.839775 -4.096914 -4.444312 -1.102741 9.500162 3.189159 -5.919267 4.245000 10.986378 -4.983900 -12.274220 -14.183576 -7.940268 13.019923 -23.228197 -1.317914 -4.708066 6.694245
