-0.301589 25.874817 -10.072421 4.883638 3.524165 -6.349511 10.478230 12.009419 18.788410 -7.584173 -4.529809 10.248417 3.462115 -7.776649 5.947074 -4.639007 -0.666122 0.866947 -3.038847 -7.425332 -4.999660 8.713556 10.303153 14.636826 -13.335349 20.083838 0.130818 -15.501317 -0.838924 16.518715
-0.107919 25.899780 -9.738000 4.737020 3.895121 -6.370964 10.551087 12.121229 18.829395 -8.006508 -4.469289 10.193887 3.331364 -7.841252 6.065388 -4.433342 -0.734359 0.817397 -3.117455 -7.348432 -5.015735 8.698081 10.374471 14.641484 -13.331583 20.135866 0.060462 -15.505853 -0.795433 16.510921
-1.311945 23.475510 -10.838671 4.066655 0.960861 -3.745157 9.161325 12.143613 19.108999 -8.300787 -4.144344 10.396479 3.781982 -7.041111 6.154155 -4.877106 -1.099479 0.379920 -3.154292 -6.960756 -4.136311 8.091940 9.927400 15.606022 -12.170603 19.179182 1.170848 -13.946621 -2.721385 15.896129
-0.452412 24.697769 -10.036919 4.468335 1.939750 -4.185845 10.239228 12.225373 18.667715 -8.530811 -4.098773 10.328893 3.519569 -7.365849 6.210099 -4.527800 -1.045059 0.530291 -3.146914 -7.229354 -4.380927 9.015044 10.328482 15.121532 -12.619796 19.773848 0.315119 -14.595252 -2.151364 16.139536
-0.771560 23.738384 -10.397993 3.569336 0.050053 -1.614305 10.402432 11.825784 18.278479 -9.185046 -3.843257 10.636593 3.830532 -6.904001 6.469340 -4.398872 -1.365303 0.173871 -3.331979 -6.985987 -3.475567 9.685982 10.124877 16.280704 -11.705198 19.515287 0.135883 -13.526532 -3.835278 15.740239
-0.819766 22.631691 -10.692634 3.262282 -1.713936 0.283854 10.433311 12.060694 17.992460 -9.797998 -3.465792 11.016005 4.264748 -6.345702 7.087271 -3.990554 -1.637604 0.171383 -3.321458 -6.724840 -2.898678 10.279736 10.191312 16.652622 -11.203234 19.214054 0.139312 -12.834420 -5.032957 15.269712
-1.201048 22.079388 -10.766144 2.868281 -2.344163 1.238191 10.904866 11.749804 17.554344 -10.049855 -3.186385 11.249657 4.525212 -5.975297 7.183495 -3.753533 -1.949480 0.219623 -3.570239 -6.370180 -2.217505 11.333397 10.259251 17.147720 -10.834059 19.114668 -0.575518 -12.500802 -6.048251 14.297212
-0.963891 21.713371 -10.597880 2.558673 -3.033643 2.575246 11.758795 11.643357 17.178545 -10.771965 -2.868376 11.685343 4.489187 -5.706851 7.552893 -3.413749 -2.117978 0.575960 -3.459781 -6.297355 -1.885895 11.986645 10.212214 17.125404 -10.627106 18.927912 -0.964625 -12.100949 -6.996086 13.959268
-0.398759 21.144793 -10.608813 2.961448 -3.249620 3.535657 12.885127 11.633020 17.227875 -11.516924 -2.683527 11.890316 4.518940 -5.422096 7.795245 -3.405879 -2.259522 0.524371 -3.419701 -6.325232 -1.023037 12.075031 10.279933 17.940533 -10.025602 18.744696 -1.255918 -11.423204 -7.871072 13.741305
0.058436 20.540680 -10.674208 3.036824 -3.184910 4.170928 13.640538 11.512584 17.341524 -12.226808 -2.619350 12.549122 4.193587 -5.300021 8.102076 -3.401743 -2.393658 0.313004 -3.062948 -6.492018 -0.827683 12.109366 10.286084 18.655680 -9.361937 18.614504 -1.177786 -11.001117 -8.568087 13.484250
1.050548 19.825266 -10.660102 3.477565 -2.956884 5.121015 14.351740 11.470095 17.844275 -13.186018 -2.502387 12.888636 4.019032 -5.206614 8.078668 -3.721924 -2.477302 -0.409753 -2.699597 -6.661113 -0.171871 11.485012 10.253579 19.363787 -8.618546 18.192564 -0.772602 -10.213375 -9.334935 13.622173
1.630530 18.754343 -11.098946 3.837107 -2.263731 4.629188 14.517089 11.410630 18.817726 -13.938613 -2.480125 13.002916 4.066578 -5.098344 8.013218 -4.017882 -2.569706 -1.111757 -2.456085 -6.775908 0.376907 10.425932 10.016320 20.215746 -7.823496 17.779001 0.026096 -9.529840 -9.767256 14.328164
2.188016 17.920170 -11.244563 4.051597 -1.254176 4.103897 14.222040 11.517468 19.817228 -14.598230 -2.398571 13.367165 4.282915 -5.132684 8.210604 -3.989271 -2.486070 -1.869878 -1.986201 -6.885633 0.784466 9.554456 9.944575 20.897251 -7.352549 17.796864 0.734930 -8.899114 -9.848152 15.059746
2.717606 16.905075 -11.627355 4.299520 -0.020163 3.154440 13.868735 11.707971 20.925550 -15.318035 -2.342091 13.538504 4.470133 -5.116512 8.193855 -3.967777 -2.390399 -2.447893 -1.821918 -6.831715 1.401318 8.345118 9.778445 21.312111 -6.690293 17.588598 1.983029 -7.886113 -10.175602 15.602992
2.860652 16.438221 -11.690927 4.018848 1.716382 1.340272 13.131413 11.944997 21.868179 -15.718864 -2.237538 13.578194 4.959551 -5.185874 8.190962 -4.001997 -2.133554 -3.169824 -1.615946 -6.779683 1.984964 7.445007 9.764707 21.551311 -5.965335 17.653177 3.090240 -6.755896 -10.595932 15.688501
2.845701 16.503628 -11.533851 3.498054 3.120914 -0.471044 12.377028 12.453797 22.459368 -15.823839 -2.225996 13.234480 5.627948 -5.210743 8.204777 -4.036139 -1.920054 -3.439408 -1.702359 -6.467225 2.090976 6.904860 9.466014 21.974709 -5.210588 17.944578 4.058072 -5.829742 -11.104424 15.879571
2.725338 16.420597 -11.720474 2.993770 4.404568 -2.265401 11.590545 12.824043 23.187006 -15.863153 -2.291994 12.907823 6.631943 -5.152503 8.285997 -4.156935 -1.609308 -3.572387 -1.717447 -6.093048 2.042280 6.365043 9.332508 22.002729 -4.470428 18.333241 5.208506 -4.895003 -11.693302 15.515079
2.482493 16.717041 -11.784277 2.575913 4.699718 -3.144535 10.746792 13.336975 23.260439 -15.645536 -2.311144 12.369290 7.053072 -5.414627 8.507530 -3.899841 -1.342585 -3.513355 -1.858823 -5.782082 2.116947 5.998701 9.579862 22.327423 -3.967636 18.711662 5.528360 -4.313448 -12.037178 15.349400
1.749516 16.794395 -11.901267 2.342542 5.671063 -4.293034 10.375414 13.455363 23.523489 -15.452572 -2.413397 12.162535 7.952830 -5.392757 8.418541 -3.995072 -1.012343 -3.279310 -1.917466 -5.129764 1.771938 4.882224 9.560590 22.390070 -3.188410 18.852526 6.740139 -3.840677 -12.531741 14.881173
1.039210 17.249016 -11.796739 2.183716 6.643716 -5.520020 9.882048 13.493299 23.621088 -15.003172 -2.533208 11.811481 8.335898 -5.536179 8.465462 -4.064077 -0.904915 -3.050899 -1.967337 -4.734597 1.271313 3.718654 9.551105 22.283279 -2.613099 18.646938 7.496238 -3.887452 -12.761166 14.610067
0.566929 17.506197 -11.633080 2.043543 7.090347 -5.989109 9.811054 13.333237 23.295227 -14.715332 -2.437977 11.661683 8.283087 -5.590270 8.653278 -3.765116 -0.897765 -2.932760 -2.112337 -4.421253 1.280956 3.072302 9.669520 22.342136 -2.299129 18.713820 7.627919 -3.729078 -12.743349 14.386443
0.411248 17.717262 -11.479019 1.737218 7.223095 -6.102847 10.009181 13.321932 22.969572 -14.693266 -2.428631 11.804626 8.327476 -5.645718 8.810328 -3.635035 -0.761831 -2.977171 -2.007274 -4.400068 1.291520 3.200624 9.447322 22.429157 -2.581774 18.548399 7.323533 -4.122984 -12.569858 14.523620
0.186427 13.437366 -13.321563 0.552646 1.668030 -2.831061 6.166188 14.160915 23.792906 -15.053650 -2.429202 10.714696 7.420101 -5.040409 7.661558 -5.368594 -1.983942 -2.935223 -2.244733 -3.786127 4.095188 3.471112 9.762650 21.742210 -4.457955 14.804817 6.158638 -3.955795 -12.788353 14.874260
0.022964 8.840721 -14.712760 -0.343870 -1.582253 4.599277 8.168130 13.210094 22.487926 -17.540312 -1.827913 11.041443 5.749121 -3.808358 7.026685 -6.026282 -3.459321 -2.967845 -2.867399 -2.648185 7.870785 3.434227 9.349908 19.790531 -6.824045 9.680399 7.181799 -3.648677 -13.886002 13.789977
-0.628696 5.925901 -17.204340 -0.963854 -0.286281 4.327693 8.224198 12.297378 21.164072 -17.922447 -1.503386 11.035859 6.255112 -3.384673 6.686133 -5.766531 -4.629408 -2.885642 -3.432644 -1.480121 10.373693 3.121615 9.692977 20.683357 -6.369645 7.279525 6.717119 -3.246703 -15.995959 11.058106
0.110720 3.920075 -17.225647 -3.641724 1.926460 3.818880 7.765549 12.404469 19.296213 -19.738522 -1.088456 11.415218 6.632294 -2.340140 6.970028 -5.497259 -5.268013 -2.682232 -3.824642 -0.491551 10.794651 1.910725 10.539224 20.140987 -5.265220 6.538336 8.581996 -2.488876 -17.603338 9.678004
-7.055760 -2.401434 -10.003507 -3.346683 7.521433 14.941843 7.562600 11.490478 19.970093 -19.960970 5.536681 10.341799 4.367869 -2.889546 2.666114 -3.519119 -2.312246 -3.361993 -2.885189 2.140689 7.452173 -1.103586 5.399367 18.552605 -4.283875 3.280654 -1.731623 1.250776 -23.625704 8.892970
-15.886394 -6.305928 -1.940533 -6.317426 2.071695 33.897816 2.975408 9.422274 16.440351 -11.052517 9.183513 10.418688 1.077048 -3.177707 3.375353 -0.362531 1.751954 -4.632154 -1.980383 1.759340 1.933558 -3.581286 3.463117 21.261181 -4.976110 3.469471 -12.804103 4.008965 -24.013277 10.378409
-9.969854 -4.809326 -9.155634 -3.304652 10.201099 19.749746 8.748902 8.731914 19.571112 -18.564217 7.015413 11.065596 3.497930 -2.170556 2.600023 -2.885710 -1.621519 -4.350463 -2.814529 2.674328 5.284388 -2.620382 3.512535 18.250244 -3.843781 1.928857 -3.320289 2.767303 -25.773705 7.375552
-10.863563 -4.105793 -13.057572 -6.048383 16.559141 13.165837 11.283330 4.040352 19.545536 -18.233809 7.156592 12.603458 1.692349 -0.672770 3.488952 -4.077652 -3.645820 -4.036864 -1.198123 2.155774 1.290604 -4.816066 3.849240 15.268512 -0.532326 3.869790 0.994984 3.672251 -29.084330 2.103479
-10.703805 1.426279 -15.627932 -7.206203 19.618498 7.970472 15.315851 -1.621457 14.827477 -14.216748 6.323288 15.106422 -0.114710 -0.506040 4.414754 -3.966244 -4.747022 -2.334691 0.508654 1.680778 -2.813544 -6.459366 7.497498 12.118871 0.957842 6.792868 4.893682 4.760866 -30.263586 0.089131
-14.812470 -4.928660 -8.347743 -5.894803 15.080125 24.686956 9.634452 -0.563132 18.097923 -10.763897 8.969759 14.503389 -2.773768 -0.609175 3.472489 -1.908495 -2.411186 -4.309625 -0.363478 0.812850 -5.215839 -6.190108 3.719632 14.239286 -1.737884 4.230328 -1.319681 7.251571 -28.996054 3.677788
-11.599804 -4.043270 -12.616250 -4.979971 16.693460 15.472996 12.140963 2.446047 19.371971 -16.955137 7.812449 13.649017 0.224116 -0.718070 3.298516 -3.263317 -3.269651 -4.404058 -1.304635 2.107856 -0.690291 -4.500231 4.194967 14.659523 -0.627885 4.854599 0.229412 5.301271 -30.166014 2.327626
-7.950748 -0.029193 -16.040787 -6.093964 17.726934 4.731497 14.000268 2.080419 18.380568 -18.507208 5.046803 14.640860 1.480474 -0.489814 3.962162 -4.840581 -5.418045 -2.176456 -0.806462 0.815109 0.063555 -3.625144 6.720848 13.049285 0.550543 8.066545 6.229790 4.038563 -28.817314 1.347198
-9.972713 -0.539026 -14.822310 -1.619398 19.285273 12.987958 12.772309 -0.699381 16.814548 -14.235613 6.852538 15.305814 -0.967988 -0.717892 3.641765 -2.761702 -4.396538 -3.548630 -1.310623 1.336731 -2.883500 -4.282454 5.849170 13.173797 -0.503208 7.684649 3.026871 7.047278 -29.804342 3.035449
-8.036512 -0.766284 -15.885488 -5.929679 17.334345 5.212604 14.296769 2.359210 18.700871 -18.605406 5.210482 14.715455 1.553365 -0.496480 3.811793 -4.885106 -5.403758 -2.057969 -0.657256 0.744850 0.510849 -3.818109 6.442608 13.203922 0.680314 7.732594 5.878138 3.931356 -28.537306 1.197890
-10.463216 -1.482481 -15.243690 -1.947266 18.445297 12.219225 13.459411 0.073283 18.437586 -15.327469 6.626658 15.203277 -0.541257 -0.642208 3.502460 -3.301433 -4.388430 -3.283327 -1.174698 1.618742 -1.951514 -3.785864 5.116960 12.982295 -0.392180 7.325883 3.139901 6.875198 -30.094336 2.748601
-5.055435 2.241570 -19.893858 -6.375287 16.827925 -0.379898 14.541549 2.204481 18.134235 -17.525969 2.585360 15.116631 1.656227 -0.218435 6.024682 -5.642636 -6.677866 -1.609563 -0.387291 -0.970982 0.559995 -3.160272 8.347602 12.993171 0.317741 9.393969 11.077729 2.648792 -26.793234 1.337846
-2.566940 3.528962 -19.849794 -8.700039 16.706484 -4.502995 14.940779 3.959121 17.884916 -18.934908 2.074461 14.084837 2.871385 -0.007150 6.658584 -6.299509 -6.906525 -0.948030 0.134415 -1.697570 1.999674 -3.252910 9.382551 13.692615 0.749818 9.734757 13.343544 1.487831 -25.077436 0.680609
-2.424054 3.755779 -20.123663 -9.005620 16.564875 -4.465445 14.686812 4.056189 17.512747 -18.988485 2.101369 13.857350 3.267046 -0.129311 6.926157 -6.185410 -7.188926 -0.529879 0.191379 -2.041225 2.592504 -2.887021 9.646331 14.148467 0.762751 9.850229 13.815183 1.343606 -24.647938 0.671376
-2.839458 3.182891 -19.300165 -8.687563 16.964094 -3.613597 14.946752 3.936836 17.847799 -19.406919 2.502959 13.942589 3.014864 -0.212990 6.647468 -6.019874 -6.866384 -0.789213 0.214440 -1.567329 2.370255 -3.179735 9.113286 13.907849 0.632563 9.328458 12.620308 1.614910 -25.416414 0.618597
-1.700982 4.321154 -20.696075 -8.919930 16.676142 -5.380783 14.244701 4.188908 16.919840 -18.747772 1.414080 13.996037 2.756614 0.093433 7.318642 -6.279581 -7.390113 -0.486124 -0.268333 -1.877466 2.388565 -2.764462 9.948106 14.218133 0.764526 10.257524 14.926501 1.229262 -24.178955 0.514585
-10.885512 -4.382197 -11.697921 -4.398597 14.627565 15.586706 7.442707 5.562132 19.833593 -17.639786 7.327411 11.726713 2.098947 -0.682787 3.550889 -3.584731 -2.438546 -5.124969 -2.129106 1.625499 1.901569 -3.488419 2.510172 15.889116 -2.554187 2.696217 -0.155652 4.168153 -28.019281 5.909097
-5.816985 1.066545 -18.231258 -9.521633 15.905085 -0.760451 4.204570 5.238980 17.596163 -17.909395 3.714166 10.653889 3.586260 0.568223 5.958477 -6.083258 -5.968592 -2.708481 -1.637167 -1.086808 1.506542 -0.160123 4.761546 15.080716 -1.332309 5.366451 10.485747 0.159655 -25.734755 1.972264
-1.951937 2.791251 -19.587555 -12.123903 17.940727 -3.940208 4.410870 5.775518 16.151587 -19.524590 3.189532 9.685759 3.176377 0.957907 7.371655 -6.450583 -6.841566 -1.954841 -1.831727 -2.614589 -0.712056 -0.312842 5.661847 14.182454 -1.688392 5.754085 14.522204 -1.848392 -24.726068 0.058220
1.051733 6.311848 -21.223629 -14.291039 18.724108 -7.474899 2.107086 6.079591 13.128442 -17.922392 0.835308 9.599251 2.366232 1.600025 9.765886 -6.458255 -7.879865 -1.379126 -3.396823 -3.697275 -2.440083 -1.019505 6.142161 12.886359 -2.825406 6.914439 19.789162 -4.034087 -22.036699 -1.203093
1.369080 8.325610 -21.067736 -15.766496 19.109200 -8.501376 0.089422 5.798829 11.327767 -16.860065 -0.118029 9.259318 2.077446 2.204796 11.256464 -6.023800 -7.417260 -0.642754 -4.577698 -3.541244 -3.497864 -2.146013 5.074534 13.127784 -2.777718 6.978669 21.487572 -6.243271 -20.442301 -1.472267
0.361013 9.331110 -20.162481 -17.468954 19.727308 -8.464715 -2.152125 6.473081 9.732464 -16.835337 0.076030 8.238325 2.085181 2.407559 12.341938 -5.020925 -6.790653 0.475720 -5.473747 -3.253954 -3.553154 -4.095528 4.483108 13.064340 -2.813828 6.240357 21.589745 -8.243440 -19.393808 -1.069447
-0.582038 11.024464 -18.598124 -18.640764 19.876989 -8.404118 -3.234614 7.088321 7.613925 -16.929312 0.158260 7.395087 2.906467 2.322375 13.349376 -4.071658 -6.274096 1.228280 -5.999130 -2.496000 -2.267093 -5.752055 4.833786 15.192622 -2.815502 5.605736 20.440596 -10.379016 -16.809950 -1.531672
-1.265355 12.997696 -17.126945 -19.804728 19.872318 -7.889854 -3.335226 7.966048 6.267271 -16.156340 -0.215724 6.696073 4.023020 2.112315 13.638866 -3.545961 -5.642315 1.623989 -6.366896 -2.317175 -1.236445 -5.680803 4.823537 16.669426 -2.875068 6.466233 19.234339 -11.433130 -15.211988 -1.813341
-1.552917 13.864622 -15.721311 -19.888315 17.787184 -7.827637 -3.764685 9.515778 5.170689 -15.791100 -0.321269 6.389780 4.867614 1.800621 14.268727 -2.564735 -4.923244 2.411458 -6.801838 -2.114972 0.397907 -5.920708 3.973659 17.862888 -3.147188 6.803888 17.968046 -12.176011 -13.099078 -2.090962
-1.349335 13.798161 -14.334507 -20.128630 15.763565 -6.721723 -4.477899 11.216818 5.190820 -16.079754 -0.160295 6.108760 6.322848 1.616563 14.495823 -1.618918 -4.190343 2.976817 -7.432731 -1.673177 0.624566 -6.203132 3.802361 18.669600 -3.147361 6.841069 17.152275 -13.806834 -11.599819 -1.314551
-0.831792 14.667793 -13.433908 -19.992937 14.255979 -5.068053 -3.953403 12.603145 4.002274 -16.454954 -0.036417 5.978313 7.370169 1.302004 14.437454 -0.844016 -3.604035 2.976405 -7.689499 -1.260352 1.413339 -6.534239 3.041443 21.156521 -2.932435 6.070046 15.555374 -15.805768 -10.940709 -0.971465
-0.904255 14.487276 -11.782803 -19.114882 13.345534 -3.044110 -3.203459 13.769464 4.497979 -17.811762 0.217535 5.897673 8.488111 0.775012 14.389687 -0.219665 -2.941569 2.417339 -7.716015 -0.222464 2.808440 -6.350816 2.239077 22.391033 -3.751642 4.533184 13.134535 -17.146090 -10.191286 -0.276619
-0.331982 14.274774 -10.353442 -19.468044 12.772503 -0.510014 -3.819614 13.893798 5.124804 -19.268400 0.528350 5.682067 9.376564 0.377462 14.160641 0.095977 -2.349025 1.479766 -7.581873 0.608980 3.981011 -5.909125 2.599073 25.055288 -3.253586 4.106566 10.567563 -17.611456 -10.208499 1.091081
-0.709078 14.706530 -9.416219 -20.945728 10.300893 2.465185 -5.733107 13.234307 5.718008 -19.251894 0.562003 4.575057 10.254790 0.066067 13.393467 -0.028653 -1.708239 -0.042175 -7.988746 0.975227 6.383623 -4.545564 2.528379 27.553959 -3.555087 3.646763 7.318950 -17.278896 -9.323136 2.301058
-0.784637 14.206738 -8.449994 -21.660551 9.636940 3.350805 -5.903265 13.113151 6.416740 -19.599939 0.568713 3.686395 10.643284 0.157240 13.302435 -0.468545 -1.285971 -0.741000 -8.061946 0.291946 8.361028 -4.180147 2.523077 29.045546 -3.790276 3.823959 5.486876 -16.963011 -8.348308 2.975811
-0.539345 13.890610 -8.474759 -20.863041 9.768469 3.204993 -5.513328 13.110162 6.291902 -19.574274 0.520951 3.774567 10.553529 0.121095 13.297216 -0.445801 -1.375309 -0.475077 -8.096488 0.280999 8.450931 -4.189387 2.776510 28.830950 -3.984947 3.892667 5.632739 -16.871504 -8.330052 2.998315
-3.540749 12.348978 -6.315045 -20.147825 10.692711 7.234201 -4.759944 11.922485 7.844021 -19.392859 4.115633 3.130027 10.078031 -0.330879 10.888227 -0.005252 -0.623788 0.364269 -6.514213 0.012953 6.065278 -4.203210 0.517026 27.672886 -4.215329 3.150557 2.509080 -15.200404 -10.842167 3.587770
-0.495246 12.371419 -8.512613 -19.493025 10.453850 3.627659 -4.258119 13.830584 6.056684 -19.253458 1.434086 3.560576 10.015929 -0.009685 12.656697 -0.498933 -1.339889 0.208309 -7.147990 -0.200983 7.258404 -3.856034 1.722502 27.221090 -4.460707 4.313829 6.676088 -15.046993 -9.387944 3.314677
