-4.660470 27.423153 -9.600951 11.063194 1.022962 -12.410139 5.029800 5.064248 10.186760 -20.756006 -3.533592 6.362759 -0.547773 -9.683107 9.815735 0.047419 -1.812375 -0.141255 -5.017586 -6.138799 -0.230443 8.264500 13.385040 -0.558849 -27.712278 7.388833 2.012102 -18.795515 1.683422 17.127766
-4.654644 27.454241 -9.562360 11.168562 1.062986 -12.477967 5.000878 4.998173 10.029901 -21.069105 -3.562195 6.407604 -0.555415 -9.663531 9.830524 0.055785 -1.826381 -0.176001 -5.040706 -6.118634 -0.195202 8.342537 13.342530 -0.648407 -27.813522 7.324400 1.959067 -18.815409 1.685300 17.071482
-11.116187 12.929746 1.270586 21.568464 7.804583 -16.706535 15.290784 10.988116 5.633747 -25.849493 -4.760447 8.581076 -3.065617 -12.413807 4.148377 0.276498 1.362053 -6.515235 -4.162701 1.206954 2.043443 7.213521 8.210008 -8.398935 -31.669180 10.434246 -14.524896 -5.424137 -0.147581 5.964605
-11.391385 11.733127 2.308630 22.400509 7.794765 -17.199430 14.351945 10.357437 6.342377 -27.382858 -4.588553 9.140450 -2.414533 -12.690496 3.708071 0.630009 1.336942 -7.158357 -4.414780 1.773373 2.096313 8.682692 8.309629 -10.114312 -31.624323 10.617750 -13.626863 -3.046583 -2.664867 6.779217
-12.459269 11.611259 3.522271 23.126614 8.969787 -15.845401 12.672415 9.755597 9.068378 -26.701876 -3.985125 9.755789 -2.612414 -12.039347 3.011514 0.738700 1.885692 -8.066394 -5.528779 1.813477 2.811635 11.223949 7.818903 -11.438029 -31.400345 11.249758 -13.424863 0.401891 -4.790256 8.614267
-13.277842 11.991207 4.315250 23.565084 9.822064 -15.393874 11.736527 9.430724 10.236629 -25.926956 -3.732292 9.981636 -2.948843 -11.868609 2.565574 0.873419 2.476768 -8.330619 -5.874428 1.832528 2.385642 11.880779 6.850008 -12.359499 -31.393192 11.990269 -14.087646 2.461375 -5.296180 10.775666
-13.638602 12.060949 4.753727 23.716581 10.050808 -15.241237 11.252995 9.188422 10.616784 -25.636148 -3.804688 10.133370 -3.067742 -11.782896 2.488879 0.990552 2.859362 -8.554897 -6.160354 2.006093 2.174777 11.809518 6.552974 -12.509316 -31.297579 12.096268 -14.299185 2.744169 -4.988966 11.569787
-13.710152 12.209293 4.754639 23.935667 10.248141 -15.190939 11.382340 9.033083 10.750859 -25.582422 -3.874079 10.141792 -3.066064 -11.804431 2.495544 0.992434 2.897867 -8.578547 -6.198616 2.067111 2.166986 11.760752 6.473703 -12.658895 -31.293259 12.175169 -14.405309 2.748476 -4.975154 11.497858
-13.779672 12.162304 4.713699 23.933989 10.377230 -15.139056 11.398911 9.015832 10.862853 -25.492983 -3.844832 10.125611 -3.072540 -11.814418 2.456664 0.995157 2.911379 -8.573612 -6.167146 2.070400 2.138536 11.754239 6.454017 -12.714751 -31.288713 12.215130 -14.425706 2.826715 -4.980225 11.543484
-13.763492 12.181870 4.739956 23.970325 10.295987 -15.154276 11.283908 8.973428 10.832671 -25.576708 -3.841545 10.126053 -3.064128 -11.794723 2.445156 0.994033 2.931485 -8.588699 -6.190766 2.065492 2.103690 11.744712 6.362077 -12.702935 -31.268621 12.196022 -14.407691 2.843595 -4.973876 11.657736
-13.766847 12.191088 4.728221 23.961287 10.273200 -15.149442 11.257518 8.960361 10.844245 -25.573509 -3.835855 10.122781 -3.074988 -11.799146 2.438765 0.994038 2.935997 -8.579073 -6.185875 2.059201 2.091120 11.763562 6.367053 -12.690138 -31.254534 12.224308 -14.392152 2.846923 -4.982821 11.669813
-13.749968 12.183022 4.713252 23.952860 10.275559 -15.151717 11.268365 8.943213 10.843514 -25.585455 -3.842939 10.127323 -3.073909 -11.786112 2.445377 0.992838 2.935952 -8.575016 -6.181410 2.053822 2.083647 11.788292 6.355095 -12.698445 -31.238068 12.212229 -14.371491 2.873409 -5.007727 11.676414
-13.758559 12.182446 4.725518 23.954784 10.276289 -15.148480 11.269389 8.948958 10.841356 -25.587210 -3.845835 10.128832 -3.070313 -11.787054 2.451507 0.991471 2.927266 -8.577284 -6.181441 2.050738 2.084446 11.787767 6.361920 -12.699164 -31.232645 12.219581 -14.363636 2.865264 -5.020037 11.671515
-13.804768 12.192317 4.727964 23.961657 10.331347 -15.098414 11.252608 8.905322 10.898841 -25.532347 -3.859715 10.124844 -3.065666 -11.763152 2.442451 0.990170 2.941391 -8.582451 -6.231758 2.068417 2.021058 11.806210 6.328814 -12.648147 -31.207886 12.246553 -14.382947 2.890852 -5.015213 11.810097
-13.759225 12.210820 4.718361 23.966936 10.251877 -15.112542 11.196126 8.884049 10.858650 -25.616533 -3.861312 10.129652 -3.051483 -11.766277 2.463473 0.997051 2.942487 -8.581339 -6.210514 2.052304 2.049907 11.815874 6.339713 -12.642948 -31.222864 12.223213 -14.403026 2.871835 -5.013322 11.809834
-13.765252 12.210407 4.721765 23.963995 10.257694 -15.116191 11.209222 8.899772 10.857430 -25.607962 -3.853097 10.132051 -3.056448 -11.769954 2.462120 0.997082 2.930985 -8.580739 -6.205401 2.043990 2.041593 11.817282 6.334823 -12.609729 -31.197182 12.230762 -14.388288 2.893663 -5.034656 11.816774
-13.806684 12.205867 4.732398 23.956945 10.302244 -15.120361 11.205754 8.857842 10.875663 -25.602997 -3.849447 10.128631 -3.064557 -11.768024 2.457945 1.003072 2.943223 -8.580477 -6.215064 2.059788 2.037135 11.808867 6.388212 -12.625901 -31.207531 12.214405 -14.431226 2.885050 -5.053747 11.805253
-13.769691 12.206431 4.717867 23.950926 10.277808 -15.138652 11.217316 8.895883 10.849876 -25.598623 -3.852479 10.134088 -3.060408 -11.776659 2.460615 1.000422 2.924999 -8.576789 -6.200678 2.048255 2.036599 11.812357 6.402575 -12.614377 -31.211737 12.211178 -14.400186 2.881232 -5.040380 11.804769
-13.815627 12.204729 4.740355 23.956749 10.312621 -15.104383 11.208604 8.862399 10.883790 -25.597860 -3.858672 10.129405 -3.051303 -11.771574 2.462768 1.001902 2.934743 -8.573944 -6.210371 2.056607 2.018021 11.798805 6.336946 -12.616736 -31.210924 12.194055 -14.383193 2.862201 -5.049054 11.801412
-13.822333 12.202465 4.729222 23.961449 10.325799 -15.117570 11.223828 8.868055 10.880916 -25.590126 -3.844438 10.134001 -3.062254 -11.771067 2.455336 0.999521 2.929861 -8.576235 -6.203577 2.053264 2.036437 11.801678 6.341610 -12.597447 -31.225508 12.182428 -14.371957 2.886206 -5.035138 11.798963
-13.778464 12.213373 4.707319 23.946842 10.282626 -15.130265 11.218726 8.882184 10.853985 -25.606436 -3.851316 10.134430 -3.058328 -11.769451 2.455622 0.994536 2.929166 -8.579896 -6.205817 2.048753 2.033087 11.808355 6.336597 -12.615386 -31.212231 12.199732 -14.391992 2.883938 -5.040802 11.809310
-13.797990 12.205545 4.719199 23.949991 10.300414 -15.135176 11.218839 8.873227 10.861531 -25.595407 -3.849119 10.138952 -3.064842 -11.772303 2.452557 0.995033 2.932776 -8.581975 -6.203241 2.056274 2.034971 11.813931 6.341048 -12.606885 -31.220263 12.200978 -14.387073 2.888825 -5.036467 11.804322
-12.264181 -9.728228 -0.194070 12.078563 0.552402 11.353375 9.026577 17.888332 12.233586 -28.522028 4.976512 8.528593 2.576625 -8.327752 1.416395 1.382277 -0.211257 -9.014442 -3.699002 6.171394 14.257064 8.066477 6.740293 0.506000 -20.668957 4.177568 -14.889357 12.524838 -20.585863 3.087235
-12.392768 -12.651569 -0.995275 9.511134 3.693943 10.845780 10.777302 17.143946 14.039220 -30.300798 5.560803 8.872262 2.368654 -7.637137 0.989313 0.890879 -1.108960 -8.912359 -3.286011 7.614835 15.859173 4.259006 6.781545 0.288754 -20.021250 0.791764 -13.569352 11.930785 -21.649801 1.209981
-13.056132 -14.667698 -2.210083 7.633451 3.369256 13.207761 10.314765 17.245365 14.057572 -29.750446 6.414947 8.336862 2.142145 -6.871218 1.234819 0.441494 -0.898980 -9.317816 -2.814252 7.441863 15.610109 2.331439 6.147440 0.776923 -19.046501 -0.020062 -13.673191 11.585499 -22.481642 -1.105484
-13.026063 -16.231899 -3.763134 5.742551 5.175988 11.420833 10.305404 16.361776 14.080590 -29.364159 7.000028 8.198435 2.456475 -6.202671 1.222072 -0.188038 -1.185139 -10.011646 -2.480196 7.343004 15.303023 1.491299 4.974321 0.590784 -18.407396 -1.352047 -11.958810 11.254240 -23.027277 -2.534096
-13.378142 -15.607956 -5.633739 6.765395 9.046047 3.019801 11.182075 13.241090 17.052172 -31.103306 5.954708 9.643056 2.462806 -5.090038 1.553571 -0.581948 -2.297007 -10.292708 -2.881585 7.378005 15.583974 1.710115 5.369259 -4.069910 -20.224112 -2.810884 -7.369037 12.765419 -23.565699 -1.798971
-13.704609 -17.989609 -6.816143 4.143798 8.410814 10.124350 12.896226 13.734176 13.863159 -28.421822 7.637465 8.539789 2.220659 -4.736239 1.967000 -0.665936 -1.678446 -10.054629 -1.529767 7.504421 14.657979 -0.422023 4.316008 0.480915 -17.741608 -3.090200 -9.828416 11.050510 -24.306208 -5.356749
-13.932300 -20.674408 -8.131569 -0.098368 6.646288 13.149584 13.284966 14.550357 10.584168 -26.211176 8.252919 7.481474 2.027579 -4.561460 3.224766 -0.884416 -1.159232 -10.272179 0.223708 7.662327 14.072360 -3.177462 4.214344 3.762407 -16.787239 -4.259676 -10.869952 10.720201 -24.025810 -7.605910
-14.419335 -22.983189 -10.434109 -4.339077 3.633183 15.345970 12.785462 14.887912 4.733984 -22.233744 8.531707 5.878446 2.257976 -4.565293 4.079144 -1.764184 -0.842562 -10.522539 2.436456 7.874644 13.161664 -6.804242 5.139140 6.289174 -15.636250 -4.262463 -11.666604 8.425836 -21.718706 -10.993913
-15.334962 -23.047102 -15.508855 -5.680132 -1.000181 15.439700 12.059937 13.588377 -0.697440 -16.312441 8.493601 4.495336 2.242652 -4.529980 5.550092 -2.323675 -0.808752 -10.434940 4.352695 7.856116 13.100266 -8.288974 6.509687 10.014358 -14.151008 -2.942590 -11.790398 6.735289 -20.562580 -15.610968
-15.691200 -22.311470 -23.711096 -4.262239 -7.789950 13.683063 9.366359 12.963958 -5.642457 -9.019184 8.040467 1.805886 3.330529 -4.436768 7.295692 -3.273543 -1.749974 -10.093212 6.249123 6.681682 12.563918 -8.770417 9.959874 13.372657 -12.343720 0.138181 -10.399838 4.268739 -18.705194 -19.797569
-14.054676 -18.767662 -30.386097 -1.580170 -10.971977 11.935952 5.816826 12.593653 -11.052449 -2.621902 7.342072 -1.053123 4.972826 -4.557234 9.654604 -3.663115 -2.854376 -8.914479 7.474946 5.545846 11.782981 -8.669361 13.524226 15.997077 -10.666000 2.568554 -6.217349 1.818982 -16.784319 -20.309595
-11.586445 -14.259593 -34.210163 -1.154113 -11.312007 8.703600 2.536239 12.271881 -13.674700 0.518972 7.234980 -3.444790 6.062941 -4.305188 11.666704 -3.562329 -3.792087 -7.672232 8.057301 3.871554 11.620758 -8.934381 16.464550 17.710783 -9.614305 4.309630 -2.812721 0.664311 -15.003497 -20.462612
-8.950714 -11.007630 -35.392277 -0.861751 -11.381121 7.677287 0.091907 13.017390 -14.402067 2.004063 7.264875 -4.320854 6.859195 -3.965994 12.636619 -3.183305 -3.614318 -7.150377 7.808923 2.786282 11.753287 -8.516248 17.599213 19.590290 -8.988102 5.246329 -0.441067 0.368419 -13.645796 -20.184193
-7.743217 -9.368587 -35.024410 -1.307723 -10.670326 7.726008 -2.031051 13.520313 -14.740168 2.847653 7.218184 -4.598954 6.920939 -3.769791 12.909215 -2.936542 -3.584487 -6.809425 7.434115 2.238237 11.723258 -7.984674 18.016695 19.926907 -8.550218 5.674201 0.145254 0.129431 -13.463585 -19.354107
-7.056817 -8.413964 -34.856979 -1.865631 -10.526779 7.900319 -2.818289 13.710541 -14.511481 3.341807 7.173705 -4.657186 7.209476 -3.665525 13.036579 -2.797217 -3.537194 -6.533844 7.257419 1.979621 11.821158 -7.909585 17.971527 20.075760 -8.038192 6.013386 0.755734 -0.129688 -13.186455 -18.806637
-9.126622 -10.641649 -35.221500 -1.258636 -11.373288 7.505836 0.573992 12.776116 -14.349074 2.296621 7.242098 -4.351098 6.846893 -3.838661 12.643711 -3.201452 -3.645997 -6.951300 7.698820 2.786690 11.458696 -8.785594 17.457827 19.490040 -8.901468 5.123269 -0.210387 0.349807 -13.615568 -19.842403
-9.685426 -11.325447 -35.293156 -0.967478 -11.241814 7.685306 0.932139 12.636362 -14.448574 2.171385 7.284224 -4.322583 6.709033 -4.002151 12.546341 -3.206038 -3.746747 -7.028156 7.816331 3.057062 11.451315 -8.814842 17.450806 19.279379 -9.035078 4.989681 -0.607078 0.224429 -13.719961 -20.174080
-10.302564 -11.946941 -35.219883 -0.722757 -11.384312 7.750643 1.247252 12.246928 -14.172015 1.892508 7.466531 -4.001427 6.534501 -4.089945 12.431995 -3.113501 -3.811003 -7.119800 7.912978 3.391249 11.314952 -9.090662 17.359308 18.728983 -9.095564 4.791612 -0.843015 0.355467 -14.085535 -20.214626
-9.621071 -11.080408 -35.406437 -1.070527 -11.403673 7.475265 0.706587 12.754172 -14.617706 2.377201 7.253899 -4.370270 6.808466 -3.971407 12.586673 -3.240359 -3.722058 -6.980563 7.829064 2.983991 11.442757 -8.834409 17.401823 19.407373 -9.086535 5.035606 -0.505754 0.273892 -13.543772 -20.281889
-8.549817 -10.398495 -35.456730 -1.065821 -11.251813 7.653742 -0.090458 12.969785 -14.411080 2.388572 7.250991 -4.597870 6.956427 -3.930302 12.839664 -2.992369 -3.728832 -6.944984 7.627032 2.646019 11.597068 -8.570766 17.585783 19.831692 -8.785521 5.126706 -0.042989 0.184402 -13.625459 -19.534130
-13.588640 -13.451928 -34.194759 -2.516994 -9.766485 7.542340 6.252128 9.316311 -14.058661 0.975325 7.437408 -2.064588 4.672700 -3.904494 11.712481 -3.477740 -4.411005 -6.388311 8.258103 4.578202 8.243828 -10.942556 14.736894 15.890843 -9.520782 3.288068 -1.294428 0.483190 -15.965927 -20.265362
-16.127417 -15.052757 -31.638315 -3.425105 -7.882544 9.226023 9.311495 7.358628 -12.736253 -0.035032 7.755521 0.056077 2.634639 -3.742537 10.865196 -3.111998 -4.438858 -5.862183 8.177260 5.802313 6.466044 -12.190929 12.794268 14.038866 -9.645925 2.423874 -1.507392 1.445793 -16.861059 -20.231867
-17.819538 -17.442141 -28.313700 -5.739156 -4.602268 9.542611 13.074681 6.061702 -11.208026 -3.365326 7.596166 2.443538 0.744414 -3.497524 9.235653 -3.646652 -3.701787 -6.635694 8.284664 6.792125 6.491763 -13.434881 9.582560 11.542306 -10.591403 -0.011951 -1.942289 3.519055 -18.555311 -21.146801
-18.799679 -17.676920 -25.373220 -7.422196 -1.150971 8.821302 15.968504 5.320639 -9.464448 -5.876737 7.620340 4.115522 -0.837765 -3.177096 8.430742 -3.870279 -3.511558 -6.479784 8.010005 7.102103 6.143617 -14.830788 7.690497 9.173266 -10.857070 -1.460050 -1.482984 4.950305 -19.560770 -20.723186
-20.548971 -17.918436 -22.389692 -8.737387 2.454042 8.830966 18.272396 4.319837 -7.781654 -8.251595 7.635147 5.377294 -1.977849 -2.990556 8.023012 -3.768163 -3.183394 -6.245020 7.621457 7.357100 5.818012 -16.320408 6.049122 7.249030 -11.024111 -3.253069 -0.602696 6.322905 -20.306599 -19.247934
-22.141048 -16.461750 -17.668030 -10.961052 6.834047 8.641796 20.589420 3.018978 -5.469583 -10.858342 7.465745 7.076126 -2.888959 -2.550342 7.625386 -3.456223 -2.291168 -5.170439 6.838184 7.889655 5.705222 -18.068480 4.370599 4.503918 -11.548626 -5.202191 0.180032 7.237097 -20.724382 -16.715189
-23.489187 -14.596467 -13.331756 -12.053299 10.231519 7.763929 23.249378 2.481785 -4.203294 -12.856434 7.449971 8.190742 -3.408177 -2.344059 7.868657 -2.748403 -1.566801 -3.956847 6.287790 8.387136 5.629275 -19.520754 3.590295 2.640537 -11.782784 -5.993158 0.315151 7.170394 -19.514250 -14.535140
-24.458122 -12.457136 -13.584243 -13.924644 8.889019 7.935521 22.136181 2.925618 -6.624757 -11.001223 7.543983 8.259346 -3.082641 -2.414639 8.521326 -2.115356 -0.969350 -2.881767 6.368699 8.359097 5.430635 -21.021881 1.928949 3.721025 -11.582684 -5.802270 0.359988 5.656587 -18.256689 -14.050906
-24.468781 -11.434650 -9.987628 -14.533964 10.044764 8.121352 22.460674 4.432321 -5.027456 -12.739538 7.475450 8.511059 -2.550490 -2.332438 8.942813 -1.301966 -0.475492 -1.978286 5.689995 8.886028 5.953369 -21.282135 1.014983 2.849971 -12.507868 -6.799988 -0.626986 4.536671 -17.489202 -12.041835
-24.341639 -10.859921 -9.501277 -15.346914 8.384456 8.777063 21.091917 5.493335 -5.842112 -12.174020 7.508689 8.093899 -1.994803 -2.601847 9.240501 -0.644014 -0.097461 -1.451992 5.337638 9.199987 5.609521 -20.967436 0.552779 4.348505 -12.740040 -6.481770 -1.384705 3.072738 -16.576790 -11.321826
-24.265659 -9.464436 -7.858668 -15.460666 6.852698 10.631125 21.174709 6.561571 -6.337526 -12.030365 7.510302 7.697166 -1.324332 -2.831257 9.475992 -0.150927 0.482381 -1.380852 4.987770 9.373050 6.262452 -21.617119 0.233810 5.542625 -12.515753 -6.799080 -2.039070 2.318196 -15.679968 -9.252255
-23.607258 -8.879400 -6.931153 -15.859926 4.956028 11.166842 19.681046 8.313915 -6.778472 -11.597256 7.259728 7.362926 -0.644102 -2.858667 9.590214 -0.160217 1.093552 -1.190477 4.770506 9.117808 8.330310 -21.186426 -0.103677 6.656865 -12.419323 -7.008683 -2.003037 2.325125 -14.651842 -8.064102
-21.973022 -6.815552 -2.254241 -13.127492 5.725989 11.978147 20.607487 9.144100 -5.495550 -15.343236 6.288833 7.100357 0.069107 -2.929474 9.519987 -0.303062 1.911813 -1.194291 3.850964 8.973048 11.584461 -20.100687 -0.630528 5.794099 -13.033184 -7.625011 -2.744807 3.362834 -13.973318 -4.994236
-21.989862 -7.582679 -2.336456 -12.520170 2.348077 13.409702 20.134357 11.098314 -5.674724 -15.420265 6.202465 5.817148 1.391221 -3.298039 9.848513 -0.090074 2.512535 -1.566906 3.827371 9.229631 13.748758 -19.840405 -0.434599 7.447961 -12.958092 -7.583189 -3.508752 3.264734 -13.572596 -4.883207
-20.884300 -9.112425 -3.507254 -11.656337 -2.516938 14.713799 18.398159 14.225303 -6.828723 -14.644355 6.182689 4.946870 2.915166 -3.411102 9.962358 -0.169097 3.401358 -2.587728 3.894331 9.179987 16.175629 -19.308033 -0.936216 11.340062 -12.158123 -7.845734 -6.044756 2.045890 -12.489300 -5.006724
-20.684292 -11.018087 -4.348949 -11.031049 -5.338535 15.543881 17.725540 15.991987 -7.112419 -14.512707 6.309321 4.405408 3.468800 -3.638388 9.941790 -0.333574 3.772578 -3.008962 3.972872 9.219707 17.579767 -18.342480 -0.905803 13.274402 -12.173225 -7.377868 -7.931488 1.450253 -12.034438 -5.987689
-20.517277 -11.442416 -4.809838 -11.207239 -5.615746 15.483122 17.735741 16.290255 -7.308676 -14.375744 6.210073 4.224906 3.392942 -3.791202 9.922167 -0.570939 3.652344 -3.062628 4.232618 9.065013 17.664558 -18.627378 -0.756695 13.562325 -12.232448 -7.175448 -7.856972 1.464635 -12.111748 -6.128109
-20.798096 -11.763374 -5.458516 -11.127302 -6.098127 15.787311 17.323059 16.172781 -7.522653 -13.832945 6.272094 4.264735 3.366954 -3.805427 9.930235 -0.576831 3.696136 -3.200331 4.336034 9.070450 17.800152 -18.496214 -0.753543 13.897053 -12.075209 -7.144697 -7.777544 1.358144 -12.212170 -6.534864
-20.844479 -11.940563 -5.948375 -11.325315 -6.563436 15.737904 17.003641 16.175982 -7.722284 -13.514490 6.302771 4.102166 3.413751 -3.802939 10.060629 -0.637041 3.700723 -3.275087 4.425545 9.041803 17.831179 -18.448374 -0.500870 14.265441 -11.976669 -6.957603 -7.877031 1.284326 -11.908024 -6.813788
-21.132202 -12.046955 -6.438957 -11.149111 -7.298295 15.921901 16.619015 16.182749 -8.107648 -12.904684 6.273606 3.948940 3.355886 -3.750695 9.936348 -0.781666 3.603846 -3.209149 4.400424 8.978819 17.935946 -18.393417 -0.331409 14.887536 -11.604821 -6.625783 -7.819206 1.173552 -11.769488 -7.014885
-28.856586 -1.260457 6.991796 -13.639814 -6.547669 0.304354 21.918058 10.170215 -13.317175 -16.573784 1.252358 6.859360 -4.178873 -4.675877 10.609331 -2.132852 4.160785 -0.315448 4.095091 7.927162 15.930596 -21.830866 3.556978 -0.158006 -10.687262 -1.192902 -5.219064 1.595690 -7.829829 -4.832264
-20.098560 -3.075665 6.293095 -17.920202 -7.588720 1.572192 28.237930 20.094896 -8.817111 -3.729292 2.448974 2.512382 -1.556578 -6.141479 8.302874 -3.475783 3.761393 -0.780956 7.886661 8.083637 16.980742 -22.896202 3.000921 1.296638 -11.469889 -2.430122 -4.523766 1.602237 -6.107373 -6.130361
-19.008572 -6.847566 1.595081 -21.678823 -9.443919 9.271043 26.766502 24.353487 -5.777860 4.589904 4.133257 4.581426 -1.546521 -7.477636 8.706413 -1.188099 1.221306 0.812947 9.344234 9.228552 16.946594 -22.534969 2.548524 5.247024 -11.152853 -1.414173 -4.471620 0.445651 -6.374361 -9.625257
-20.541056 -6.943394 0.775197 -22.377420 -7.754906 11.084540 26.336119 23.568041 -5.078075 4.366841 4.608863 5.187501 -1.711806 -7.251294 9.103460 -0.957473 1.046083 1.431553 8.870744 8.672900 17.012487 -22.170538 2.439505 5.655564 -11.031526 -1.476949 -4.460425 0.523972 -6.580143 -9.412693
-20.851273 -7.080956 0.219439 -22.343588 -8.126757 11.246161 25.978239 23.456013 -5.169603 5.183500 4.597666 5.194041 -1.691147 -7.228033 9.031487 -1.134568 1.009562 1.400659 9.053704 8.665429 16.771845 -21.921202 2.251724 6.115211 -11.030391 -1.404756 -4.577134 0.316652 -6.720471 -10.000515
-21.035246 -7.135057 -0.163639 -22.556513 -8.492294 10.986586 25.827833 23.339367 -5.315771 5.395069 4.666659 5.075868 -1.573453 -7.257208 8.992884 -1.189376 1.007715 1.308446 9.195231 8.735502 16.647285 -21.904171 2.485243 6.336115 -10.842916 -1.087173 -4.672875 0.186042 -6.727622 -10.170848
-21.009609 -7.470686 -0.981617 -22.134876 -9.286736 11.013085 25.333382 23.344835 -6.210188 6.179691 4.565957 4.792882 -1.538016 -7.208273 9.100290 -1.241856 1.022311 1.321401 9.192105 8.721827 16.665398 -21.817394 2.656814 6.905590 -10.483338 -0.706922 -4.556812 0.159226 -6.695162 -10.702801
-20.936127 -7.396576 -1.123217 -22.212185 -9.502277 10.869235 24.996626 23.308325 -6.294703 6.255724 4.513124 4.592265 -1.434270 -7.221906 9.214836 -1.263473 0.932657 1.362976 9.183266 8.688147 16.695574 -22.093143 2.747740 6.975753 -10.480266 -0.688978 -4.515551 0.159305 -6.691917 -10.964093
-20.908335 -7.398321 -1.174253 -22.087116 -9.478872 10.947345 25.094833 23.298018 -6.322911 6.511495 4.529643 4.655630 -1.478819 -7.234301 9.140409 -1.295107 0.981574 1.345922 9.280911 8.728589 16.707239 -22.129229 2.809373 7.008335 -10.375298 -0.688070 -4.369787 0.228581 -6.681149 -10.874548
-20.952961 -7.512188 -1.281874 -22.080496 -9.543379 10.930134 25.110718 23.346136 -6.448278 6.572700 4.529398 4.678387 -1.417650 -7.243273 9.154642 -1.346328 0.934793 1.297065 9.343513 8.687996 16.694483 -22.157568 2.794117 6.998256 -10.433723 -0.662306 -4.362140 0.152066 -6.664647 -11.020144
-21.104683 -7.615465 -1.488792 -22.000523 -9.658585 11.021685 25.222012 23.218645 -6.589763 6.646869 4.537974 4.623854 -1.378876 -7.218038 9.244363 -1.292195 0.978029 1.342726 9.311654 8.682009 16.720688 -22.153646 2.826557 7.068885 -10.316047 -0.633535 -4.303584 0.203850 -6.625570 -10.905919
-21.234264 -7.565936 -1.721240 -22.266268 -9.761978 11.041781 25.150581 23.146811 -6.521598 6.601765 4.608404 4.662980 -1.369494 -7.209046 9.192188 -1.355867 0.960379 1.339874 9.374215 8.603649 16.719994 -22.196161 2.942436 7.263250 -10.261861 -0.656490 -4.202071 0.064819 -6.571373 -10.945451
-21.133026 -7.466065 -1.768535 -22.299383 -9.825618 10.899602 25.141369 23.108906 -6.614527 6.661648 4.539404 4.625760 -1.242431 -7.196484 9.247311 -1.392025 0.974818 1.386583 9.438079 8.697906 16.712378 -22.234358 2.957082 7.350789 -10.303638 -0.647320 -4.299571 0.039083 -6.635797 -11.045695
-21.208544 -7.399729 -1.864087 -22.423227 -9.870002 10.908580 25.099588 23.131941 -6.657141 6.783478 4.529198 4.612841 -1.304659 -7.188689 9.221096 -1.453861 0.985366 1.337542 9.443552 8.618370 16.746496 -22.254658 2.925990 7.351123 -10.343115 -0.673554 -4.342105 -0.003485 -6.612983 -11.127592
-21.239540 -7.348986 -1.984221 -22.265329 -9.904587 10.829179 25.029816 22.975195 -6.674176 6.932220 4.550299 4.586675 -1.333642 -7.180885 9.242928 -1.407752 0.965801 1.364806 9.438107 8.621204 16.596983 -22.278027 2.912651 7.535568 -10.157860 -0.479057 -4.366034 -0.129037 -6.636474 -11.250066
-21.154495 -7.507015 -1.979019 -22.144430 -10.022102 10.843305 24.961145 23.171621 -6.858034 6.923274 4.525906 4.516299 -1.302539 -7.186340 9.318714 -1.348499 0.914229 1.393288 9.443044 8.688978 16.628550 -22.258869 2.904312 7.555582 -10.088389 -0.419188 -4.324226 -0.201098 -6.543132 -11.268096
-21.256008 -7.527836 -2.055745 -22.134378 -10.150955 10.834002 25.093550 23.021976 -6.785425 6.978586 4.500729 4.555636 -1.228101 -7.154701 9.326574 -1.377916 0.847128 1.451173 9.443474 8.690342 16.786837 -22.347813 2.891309 7.713274 -9.988577 -0.425705 -4.254234 -0.160093 -6.534159 -11.226188
-21.229904 -7.447877 -2.014472 -22.132542 -10.198721 10.909034 25.015444 22.941496 -6.797818 6.960538 4.461892 4.513907 -1.173577 -7.136579 9.301894 -1.418103 0.841785 1.450590 9.443729 8.641454 16.671268 -22.368273 2.896575 7.783010 -9.980696 -0.406277 -4.107488 -0.119756 -6.515241 -11.265212
-21.115122 -7.418873 -2.111869 -22.243746 -10.243385 10.954982 24.984905 23.019236 -6.866069 7.097098 4.484029 4.490850 -1.165582 -7.131937 9.363289 -1.391254 0.841781 1.482108 9.467773 8.615543 16.600140 -22.251493 2.870889 7.831006 -10.031178 -0.430369 -4.118467 -0.077513 -6.624645 -11.259643
-21.115726 -7.331150 -2.356503 -22.239626 -10.341449 10.995302 24.812513 22.854286 -6.757240 7.227172 4.502881 4.481554 -1.283458 -7.102882 9.345369 -1.459504 0.866918 1.385064 9.467963 8.560287 16.646208 -22.248240 2.886386 8.085629 -9.977627 -0.391503 -4.179557 -0.173052 -6.616846 -11.361892
-20.917503 -7.523845 -5.485200 -21.449430 -12.397682 10.737683 22.839443 22.673050 -9.111148 9.534094 4.260618 3.792943 -0.872419 -6.952449 9.833370 -1.705258 0.594205 1.096147 9.812314 8.570923 15.911477 -22.111673 3.215540 9.820725 -9.138588 0.672107 -3.475127 -0.660773 -6.410900 -11.974198
-20.020742 -6.676832 -9.213870 -20.605047 -13.692644 10.171716 20.912621 21.884432 -10.301134 12.423466 3.833613 2.698051 -0.231799 -6.687781 10.095514 -2.550117 0.095235 0.748209 10.290798 8.119547 14.984449 -22.389875 4.589601 11.778602 -8.754548 0.958981 -1.340848 -1.469981 -6.546691 -12.918230
-18.785309 -5.929511 -13.838428 -19.802721 -16.106333 9.153784 18.282515 21.422186 -12.289640 14.900924 3.361554 1.164638 0.536505 -6.428531 10.645262 -3.179304 -0.468800 0.247073 10.634093 7.649189 13.733088 -22.351065 5.750706 13.026250 -7.748140 1.783197 1.419912 -1.990981 -6.534991 -12.763186
