-9.339181 23.403339 -21.061190 14.803593 -8.027128 1.031789 6.829637 7.658432 14.174457 4.789551 -3.526666 6.371992 -0.580761 -9.693559 9.808523 0.029794 -1.805983 -0.161025 -5.001604 -6.160375 -0.256894 8.286706 13.283309 -0.454427 -27.593834 7.445172 2.015925 -18.668247 1.550983 17.109184
-9.336074 23.410345 -21.095484 14.880274 -8.025132 1.042317 6.843185 7.627008 14.140839 4.745750 -3.563128 6.402899 -0.586151 -9.671636 9.812990 0.032708 -1.823621 -0.197908 -5.051289 -6.132431 -0.229316 8.356639 13.288410 -0.503749 -27.654734 7.423845 1.930898 -18.695765 1.556584 17.074512
-14.101756 8.270519 -10.801869 22.818075 -1.388614 -0.997542 18.461071 15.749973 12.410979 4.669660 -4.772177 8.581535 -3.073291 -12.416901 4.142218 0.244590 1.360252 -6.549187 -4.141783 1.198092 2.024637 7.206316 8.128147 -8.294174 -31.518473 10.521195 -14.462143 -5.297086 -0.205246 5.958930
-14.378839 6.467218 -9.652514 22.957266 -1.092019 -0.238458 18.307373 15.869601 14.193188 4.165109 -4.625590 9.139051 -2.397531 -12.681696 3.716997 0.589792 1.348379 -7.208497 -4.418135 1.789463 2.069302 8.704012 8.266168 -9.968125 -31.457438 10.717787 -13.546828 -3.000114 -2.726250 6.695447
-15.226645 6.689915 -8.687557 23.968359 0.242022 0.605148 16.537796 15.129909 16.712458 4.757420 -3.992842 9.746949 -2.615879 -12.037458 3.016848 0.717485 1.891885 -8.085745 -5.518045 1.791234 2.750013 11.237912 7.704118 -11.308179 -31.240791 11.336368 -13.386166 0.486410 -4.857453 8.626505
-15.886530 7.200797 -8.011840 24.713076 0.962572 0.667960 15.590942 14.601695 17.455795 5.186149 -3.747688 9.966175 -2.954964 -11.848700 2.562813 0.833283 2.498888 -8.372017 -5.884646 1.814498 2.320619 11.914576 6.721974 -12.232739 -31.223875 12.057955 -14.066756 2.523042 -5.360464 10.789939
-16.356621 7.239958 -7.525174 24.971483 1.238258 0.691160 15.125623 14.344456 17.733604 5.367608 -3.810536 10.128210 -3.066246 -11.769859 2.500825 0.954490 2.846385 -8.583746 -6.157644 1.979091 2.132798 11.813629 6.450415 -12.367044 -31.131613 12.161734 -14.221080 2.829915 -5.040773 11.594531
-16.494942 7.374725 -7.454116 25.129827 1.437353 0.701411 15.216577 14.184447 17.906441 5.425308 -3.884128 10.126146 -3.072499 -11.797647 2.495812 0.957376 2.874150 -8.617831 -6.173345 2.038150 2.140362 11.846035 6.373631 -12.514151 -31.074093 12.288826 -14.298296 2.904834 -5.075413 11.515475
-16.440577 7.362970 -7.532594 25.086027 1.432598 0.624463 15.165217 14.149091 17.913984 5.387872 -3.873693 10.124406 -3.070736 -11.763167 2.490588 0.945039 2.871681 -8.627649 -6.182908 2.027791 2.122161 11.842908 6.360307 -12.540652 -31.080299 12.287320 -14.309829 2.931726 -5.100323 11.516093
-16.440697 7.359065 -7.516757 25.090673 1.409974 0.655439 15.126003 14.204854 17.938919 5.402153 -3.880019 10.106733 -3.073485 -11.780880 2.483273 0.942829 2.881765 -8.623396 -6.182887 2.029643 2.125607 11.876186 6.367363 -12.525044 -31.061617 12.345563 -14.335530 2.940737 -5.120617 11.560386
-16.436642 7.373989 -7.517754 25.096806 1.439938 0.630618 15.129394 14.207023 17.938318 5.406092 -3.885167 10.114451 -3.060529 -11.785583 2.499599 0.950037 2.879519 -8.621574 -6.170857 2.018935 2.168475 11.860276 6.378892 -12.572362 -31.114235 12.270294 -14.330889 2.940721 -5.130697 11.569646
-16.427998 7.368938 -7.525695 25.103523 1.417665 0.657603 15.130952 14.194919 17.942900 5.409667 -3.883988 10.112363 -3.066991 -11.780949 2.495420 0.946814 2.889118 -8.622057 -6.168973 2.024314 2.157581 11.875935 6.385574 -12.577580 -31.123926 12.288738 -14.329177 2.930982 -5.098408 11.561496
-16.389088 7.390575 -7.541903 25.067430 1.352080 0.605414 15.084458 14.182389 17.902769 5.358899 -3.875942 10.116798 -3.067788 -11.777722 2.495937 0.950638 2.890341 -8.620929 -6.179366 2.018766 2.154694 11.870188 6.387064 -12.523103 -31.090025 12.283005 -14.292680 2.916825 -5.098306 11.564205
-16.437159 7.390871 -7.532917 25.076836 1.395005 0.618190 15.101574 14.141576 17.912912 5.379291 -3.865989 10.128351 -3.063165 -11.776625 2.484300 0.963917 2.889661 -8.621529 -6.195845 2.035535 2.152507 11.861954 6.379059 -12.528510 -31.091185 12.282148 -14.309697 2.921903 -5.082518 11.539231
-16.465370 7.394937 -7.491272 25.152628 1.430441 0.641618 15.049329 14.125676 17.933195 5.368862 -3.854767 10.126520 -3.059603 -11.789560 2.465821 0.980859 2.914793 -8.608694 -6.189180 2.042475 2.119922 11.828828 6.347382 -12.537416 -31.105797 12.233868 -14.353009 2.937838 -5.072303 11.668877
-16.458496 7.381674 -7.481513 25.139767 1.419222 0.664481 15.051478 14.127038 17.946898 5.344531 -3.861200 10.125319 -3.061220 -11.778585 2.471358 0.974951 2.913586 -8.604463 -6.187519 2.032500 2.117603 11.854553 6.342207 -12.527396 -31.089483 12.243748 -14.327102 2.965124 -5.101497 11.699996
-16.454416 7.382542 -7.490492 25.133368 1.408839 0.645331 15.057516 14.131982 17.919426 5.349011 -3.870251 10.107946 -3.060796 -11.777115 2.470549 0.959701 2.893737 -8.610273 -6.206966 2.031524 2.087337 11.863197 6.349520 -12.506841 -31.046412 12.299175 -14.320699 2.943601 -5.115747 11.672952
-16.478001 7.375346 -7.484422 25.139357 1.425979 0.660810 15.045485 14.106751 17.955763 5.355315 -3.864693 10.109476 -3.066013 -11.774599 2.456068 0.960727 2.909554 -8.606464 -6.212620 2.040358 2.083475 11.869167 6.337996 -12.490190 -31.047819 12.315213 -14.335378 2.956532 -5.101960 11.687276
-16.449091 7.361620 -7.472680 25.141947 1.411987 0.681572 15.022349 14.130253 17.989599 5.335759 -3.867809 10.107334 -3.074604 -11.785367 2.471130 0.962591 2.930196 -8.605784 -6.172976 2.027478 2.121013 11.888760 6.345799 -12.520389 -31.094984 12.274939 -14.370540 2.965536 -5.093969 11.718915
-16.480614 7.375211 -7.474781 25.143360 1.448319 0.660698 15.059061 14.085215 17.980616 5.371354 -3.862533 10.125223 -3.071862 -11.783983 2.463615 0.975167 2.921206 -8.606117 -6.186469 2.047683 2.100301 11.856884 6.341492 -12.512300 -31.080046 12.258566 -14.338988 2.953803 -5.092101 11.670442
-16.466551 7.368001 -7.464207 25.145014 1.417036 0.674624 15.062258 14.140373 17.963112 5.351423 -3.866959 10.123938 -3.057600 -11.778880 2.469563 0.965215 2.909625 -8.616229 -6.192379 2.032115 2.107666 11.835638 6.372484 -12.527446 -31.116734 12.253887 -14.304994 2.932886 -5.069553 11.688451
-16.443775 7.384193 -7.494162 25.123079 1.401921 0.634643 15.055011 14.124970 17.926977 5.346560 -3.877546 10.114857 -3.067330 -11.768248 2.475435 0.941051 2.878247 -8.623088 -6.183971 2.003820 2.097148 11.876135 6.365968 -12.561829 -31.077358 12.261709 -14.296791 2.946557 -5.151353 11.676623
-14.468542 -11.592503 -8.537360 16.236746 -3.823089 15.601563 11.642370 19.225721 20.175728 -8.363945 3.522692 10.258031 2.072136 -8.362032 1.620420 1.655462 -0.236564 -9.894823 -4.688309 6.734223 16.062067 8.838996 6.333386 -2.757587 -22.782701 3.158117 -12.450112 14.246472 -20.126907 5.708223
-14.726317 -15.191833 -9.973465 12.882358 -2.069731 21.331034 11.828606 18.921267 16.157858 -9.376254 6.013037 8.675628 2.283388 -7.504133 0.792530 0.899754 -1.083323 -9.066294 -3.301061 7.827077 15.938364 3.602442 6.719218 0.898251 -19.535534 0.704261 -14.017499 11.730987 -21.921656 0.403434
-15.452939 -17.109716 -11.201039 9.994482 -2.088849 21.203012 11.639037 18.102673 15.397794 -9.778517 6.840791 8.026086 2.004568 -6.903506 0.989615 0.207297 -0.989026 -9.369606 -2.445692 7.470551 15.690682 2.043705 5.918355 1.640708 -18.703135 -0.424289 -13.877880 11.327898 -22.743162 -1.827808
-15.815368 -17.504950 -13.532468 9.860567 0.359125 16.704565 11.688596 15.807508 16.806469 -8.594799 6.661257 8.645990 2.599024 -5.774810 1.458698 -0.278103 -1.559230 -10.064283 -2.723740 7.386855 15.061641 1.758760 5.433945 -0.941112 -18.793140 -1.420437 -10.911578 11.789887 -23.443874 -2.489201
-17.008511 -18.336815 -15.306291 9.415617 2.415673 13.387196 12.959967 13.971397 19.107740 -8.693509 6.102212 9.529032 2.543421 -5.114232 1.554726 -0.642646 -2.397883 -10.265947 -2.644234 7.700529 15.355577 1.605712 5.592782 -3.514261 -19.635695 -2.907276 -7.630045 12.741647 -24.194159 -2.721266
-15.778741 -19.251310 -15.277944 6.850222 3.659097 15.802031 14.406084 13.998438 14.834620 -9.414163 7.683949 8.524832 2.201221 -4.556034 2.178319 -0.776715 -1.760862 -9.889303 -1.207443 7.535283 14.643388 -1.350267 4.450194 0.547825 -17.615480 -3.712684 -9.357598 11.090035 -24.264692 -5.736077
-15.076854 -20.275793 -15.626496 5.179596 5.006925 15.631698 15.276257 14.591888 10.629975 -9.627457 8.097603 6.838312 2.231904 -4.349751 3.754646 -1.180274 -0.919912 -9.980312 0.640855 7.691823 13.725540 -4.091323 4.618012 4.204298 -16.648630 -4.517568 -11.208537 10.164336 -23.623146 -8.412275
-14.461884 -19.815475 -16.684353 2.657265 5.929883 14.572585 16.382126 15.233102 6.052112 -8.252283 8.528134 5.785245 2.012307 -4.469905 4.716942 -1.701850 -0.738513 -10.481609 2.877687 7.907285 13.183055 -7.499442 5.545929 6.786878 -15.395104 -4.181566 -11.547862 7.885854 -21.479914 -12.104852
-13.501678 -19.074081 -20.004469 1.258156 5.218229 11.756333 15.886489 15.739793 2.010959 -6.268355 8.234839 4.080312 2.379504 -4.381979 6.192834 -2.596554 -0.732435 -10.444845 5.025575 7.683790 12.566782 -8.764586 7.315252 10.673782 -13.754544 -2.270353 -12.037696 6.208760 -20.389404 -17.111422
-10.395730 -17.254608 -24.015730 -0.917871 2.240735 8.979604 13.106706 16.794331 -2.447854 -3.412858 7.801746 1.011369 3.750158 -4.561756 8.086793 -3.439439 -1.929993 -9.909225 6.820067 6.570177 12.157248 -8.483242 10.567101 14.044531 -12.226928 0.683985 -9.331256 3.832657 -18.331602 -19.838686
-8.369782 -15.261080 -26.821165 -2.817111 0.381795 7.250658 11.786675 17.037317 -5.602956 -1.561403 7.450217 -1.094240 4.839486 -4.516952 9.863381 -3.678908 -3.277601 -8.701588 7.616506 5.716236 11.333693 -9.508564 13.725198 15.635171 -10.752250 2.498110 -6.155648 1.799484 -17.010641 -20.943604
-7.919738 -13.802130 -28.443356 -3.270172 0.505358 5.880615 11.222665 16.262007 -6.710340 -0.671701 7.378027 -1.800118 5.022322 -4.307604 11.058396 -3.510287 -3.722324 -7.580131 7.941645 5.439266 10.851316 -10.208838 14.631159 15.836269 -10.361491 2.988481 -4.200644 1.226863 -16.427965 -21.315235
-6.786492 -12.565170 -29.136827 -4.172823 -0.111674 5.255832 9.279712 16.534204 -7.637191 0.036703 7.421435 -2.436643 5.330663 -4.314330 11.472980 -3.304651 -4.113709 -7.184109 8.049898 4.839803 10.683567 -10.231638 15.566647 16.899998 -9.814251 3.465630 -3.057021 0.675015 -15.479857 -20.850636
-5.634977 -11.103693 -29.759007 -4.467695 -0.570222 4.391092 7.246674 16.616072 -8.239303 0.303021 7.272383 -3.426783 5.989379 -4.216251 11.808851 -3.493885 -4.121456 -7.212942 8.137508 4.012551 10.965839 -9.832604 16.231466 17.512159 -9.431730 4.068633 -1.780169 0.551454 -14.975782 -20.668449
-5.737403 -11.073683 -29.836031 -4.478607 -0.520555 4.289659 7.419538 16.632595 -8.380360 0.357915 7.316689 -3.273252 5.852237 -4.201404 11.928692 -3.411997 -4.129466 -7.127110 8.150298 4.038493 10.886699 -9.726860 16.314522 17.528610 -9.504334 4.070487 -1.943586 0.391361 -15.030405 -20.901073
-4.897454 -10.474819 -29.915693 -4.867554 -1.029715 4.074775 6.048099 16.843159 -8.489126 0.307717 7.371233 -3.804641 6.294616 -4.093265 12.191625 -3.263856 -3.890917 -7.107048 7.984067 3.618125 11.274422 -9.289192 16.752562 18.142967 -9.207752 4.501020 -1.214908 0.645225 -14.507391 -20.260761
-5.241993 -10.546669 -29.872427 -5.035990 -0.893053 3.867103 6.485358 16.721645 -8.466945 0.268558 7.388089 -3.674289 6.098974 -4.150505 12.109112 -3.257804 -4.014987 -7.107993 8.007260 3.584799 11.291707 -9.331581 16.622087 18.120199 -9.431537 4.469285 -1.220121 0.568052 -14.617006 -20.409285
-5.192059 -10.614697 -30.124453 -4.973497 -1.019523 3.992293 6.429889 16.686548 -8.285849 0.315594 7.347262 -3.675555 6.131219 -4.162045 12.072986 -3.313157 -4.071191 -7.158592 7.982575 3.654184 11.139895 -9.446622 16.679127 18.154306 -9.368189 4.371160 -1.044018 0.454806 -14.578674 -20.427101
-5.629248 -10.961779 -29.870548 -4.749598 -1.012135 4.260230 6.844725 16.535641 -8.167508 0.296647 7.331470 -3.515155 6.029977 -4.157286 11.966738 -3.372715 -4.054511 -7.143436 8.055424 3.807136 11.089279 -9.673275 16.498636 18.117382 -9.438972 4.134582 -1.384253 0.416802 -14.741191 -20.590727
24.130627 -18.737661 4.744516 -23.695490 -7.572526 -3.385112 1.940280 -21.045439 14.810020 -3.530969 -5.368954 -16.302320 6.807245 8.615072 2.601409 8.773920 -7.348005 -4.065008 6.478556 -5.587809 -25.417486 40.645210 2.422858 16.364529 3.588383 -8.781322 -12.218137 11.776542 36.187035 2.864021
26.491428 -10.346096 -1.295364 -25.100443 -15.709723 -7.486080 5.333499 -26.259737 10.862712 2.812541 -7.355943 -16.048655 11.118999 11.572346 1.942999 6.178570 -7.825962 -6.352107 8.014955 -5.393914 -20.979702 47.191093 3.467489 12.940816 1.019532 -12.431025 -12.601742 4.817899 41.438530 0.249545
17.204079 -21.222702 7.264669 -21.233614 2.398451 1.937360 7.442333 -24.615934 17.443464 -8.878649 -2.216150 -13.372486 5.194830 6.927277 -0.048212 9.444941 -5.247166 -3.972958 6.298583 -7.754581 -29.451262 36.737774 2.092772 17.787453 3.586641 -11.177673 -11.394338 13.128804 28.891115 5.136878
-0.223798 -24.920053 6.290685 -12.003012 12.856865 11.856677 -0.192624 -21.551741 13.772733 -4.658912 6.482142 -5.532536 0.756014 5.818663 0.223222 11.744178 -1.658172 -3.757651 3.142631 -12.090939 -35.779305 31.938726 0.662905 18.938242 1.303763 -4.869251 -25.692579 12.370801 1.457494 0.752271
-10.974680 -14.244923 -7.415985 -10.942087 21.210663 19.821873 1.340857 -19.147236 5.332354 2.239529 10.389727 2.546265 -0.415929 4.126311 0.426046 7.689626 -0.577601 -3.703045 2.738043 -12.330351 -29.571098 12.513335 2.933605 20.009281 4.203497 1.426019 -24.969572 9.519751 -14.441517 -0.658724
-13.895091 -6.843374 -14.857549 -8.167350 20.316172 18.478449 3.080613 -10.115802 -6.416840 7.390527 11.675890 5.582763 -1.594339 2.356393 5.990104 5.418438 -0.599899 -2.336696 2.473882 -8.207366 -18.662413 -8.747215 6.080409 25.742640 10.032723 5.342937 -10.157622 4.934768 -18.215305 7.127083
-13.765359 -4.187341 -19.626877 -3.746381 19.870966 16.734486 0.970386 -1.912578 -8.106150 7.295250 10.013768 5.774877 -2.590060 -0.180233 9.589374 2.131345 -1.754511 -0.399094 4.632346 -3.968031 -12.902677 -15.061830 6.530921 23.281340 7.291397 8.989126 -4.445181 8.653728 -20.080511 7.452687
-13.204422 -4.578699 -19.427053 -3.062356 19.508146 17.299837 2.146728 -2.416539 -8.890121 7.994130 10.030602 5.512414 -2.664714 0.495767 9.437582 2.096628 -1.273821 -0.466687 4.483210 -4.137074 -13.755179 -14.012609 6.331257 22.946411 6.983137 9.057667 -4.897254 8.177670 -18.927248 7.050828
-13.148484 -3.080559 -20.528984 -0.182500 20.167450 13.957422 3.245616 0.393794 -7.369719 6.646886 9.167457 4.865375 -2.940015 -0.582193 10.182722 0.402697 -2.986503 -0.478164 5.728557 -1.819425 -10.840831 -13.431907 5.893804 18.675867 3.347694 8.630543 -0.966255 6.694227 -19.099154 2.506527
-13.144699 -2.816707 -18.891336 -0.234879 21.739307 12.020698 5.494384 1.263090 -5.360975 5.041893 8.722081 4.464876 -2.862362 -1.362180 11.123795 0.622361 -3.213727 0.071846 5.891855 -0.583059 -8.607598 -13.589024 5.244346 17.907358 1.727162 7.212718 0.771932 6.282780 -19.292147 1.150649
-14.009514 -3.134997 -21.730444 -0.001884 18.420828 6.590600 7.756006 3.301661 -4.653955 5.270115 7.660964 3.674057 -1.912362 -1.465950 10.700298 -1.645032 -3.407697 0.086998 5.851840 0.243288 -5.830953 -15.074120 8.192151 13.903199 -1.229806 7.373490 6.715616 3.915282 -16.778893 -1.224511
-11.168753 -1.990152 -27.254297 -6.609949 8.559296 0.289861 6.445229 6.608441 -7.325884 5.717968 7.173213 1.029466 1.012943 -1.986168 11.632372 -3.617884 -4.470945 -1.017702 7.921616 1.895797 -0.028429 -16.088705 9.589693 11.830847 -5.319831 5.234612 13.030304 3.177496 -14.786133 -9.484168
-11.688994 -2.978329 -26.810535 -11.790207 5.155510 -2.280930 5.885996 10.381982 -9.643489 4.394642 7.021882 0.085741 2.377169 -1.934856 12.265419 -3.357472 -3.781832 -1.358302 7.865047 2.910871 2.687898 -17.481237 8.533273 13.460008 -5.688529 4.342619 10.514982 0.646202 -13.010180 -12.862088
-13.457953 -2.680353 -25.468029 -13.780367 3.089593 -1.344276 5.651640 11.909261 -10.119637 4.611794 7.175947 -0.352819 2.936059 -1.896850 12.567924 -3.109563 -3.374304 -1.261137 7.634645 3.794558 3.691129 -18.037302 8.284293 14.197826 -6.105455 3.634718 8.843976 -0.727056 -12.146093 -13.445369
-13.950675 -3.448727 -23.054930 -12.386884 2.533818 2.263898 8.813138 12.979388 -10.533683 4.328556 6.968718 0.019992 3.295368 -2.420469 12.756381 -2.337460 -2.655636 -1.154239 7.307757 5.345127 5.139427 -18.261318 6.814627 14.772873 -6.161041 1.806100 6.643196 -0.610777 -12.833382 -11.646276
-15.659903 -4.996301 -21.482882 -11.650987 1.349827 6.063037 11.451481 14.138015 -10.210336 3.625356 6.465486 0.800267 2.806292 -2.953493 12.033284 -2.268905 -2.041215 -1.688970 6.863861 6.565307 6.899668 -19.191320 5.734701 16.372000 -7.101454 -0.422846 3.880579 -0.916614 -12.218173 -10.777604
-17.765759 -6.451326 -18.035643 -9.473637 0.681933 9.131284 16.231709 14.749637 -8.149400 1.873882 5.903911 2.150198 2.362293 -3.177696 11.691683 -1.853492 -0.431794 -1.996456 5.838500 7.367559 9.547056 -20.223436 2.931884 16.592697 -8.072219 -2.330506 0.531736 -0.457352 -11.587483 -10.682775
-17.128765 -6.789076 -16.249424 -8.696491 -0.712988 11.603471 16.432180 16.643625 -7.195747 0.360063 5.894191 2.100088 3.067733 -3.770314 10.972556 -1.407848 0.990833 -2.221308 5.439539 7.634108 12.974157 -18.891699 2.530895 17.779551 -8.514951 -3.334141 -2.875298 -0.154520 -11.557172 -9.504970
-16.337601 -6.820041 -17.141403 -7.901543 -2.850040 11.575492 14.360403 17.625488 -7.292136 0.328453 5.909596 1.394373 4.489254 -3.822024 11.725477 -1.002310 1.335049 -2.202175 5.161214 7.092890 13.408812 -17.475317 2.942683 19.635996 -8.038923 -2.417946 -3.173616 -0.619977 -11.180071 -9.899295
-16.111530 -7.185883 -17.831860 -7.526399 -3.617158 11.556500 13.232562 18.122507 -7.240197 0.300524 5.749861 1.097709 4.713689 -3.956657 11.601773 -1.266056 1.375910 -2.693225 5.494790 6.778155 13.492267 -16.823973 3.702238 20.163929 -7.788821 -2.162114 -3.139951 -1.191282 -10.908454 -9.848300
-15.524443 -6.652578 -18.243563 -7.495381 -3.406909 10.610903 12.131191 17.993511 -7.387459 0.451282 5.580027 0.506309 5.112290 -4.056921 11.471915 -1.493688 1.138876 -2.859033 5.695330 6.578619 12.902069 -16.211922 4.323429 20.682438 -7.807323 -1.827186 -2.663602 -1.589828 -10.956363 -9.971120
-22.733860 -0.852000 -12.988441 -10.435886 -4.666532 4.817317 22.743128 14.675611 -12.743918 5.407293 1.722710 4.261289 1.013775 -5.038998 13.892423 -1.283706 0.912352 -0.382090 5.311365 9.340381 14.926799 -21.307924 5.347585 11.294894 -7.061947 3.173132 -1.416394 -1.749775 -6.436595 -12.147734
-21.334059 -0.999741 -14.166644 -10.834217 -5.278499 4.836645 21.554647 15.400257 -12.693205 5.548388 1.511769 1.301153 1.518395 -3.731007 14.580278 -3.168167 2.997616 0.633838 6.188782 8.521387 13.791104 -22.808546 5.407813 11.274776 -5.916433 2.617439 1.519297 -2.609552 -5.686543 -11.141952
-19.673588 -0.128096 -15.602332 -11.440598 -5.550332 4.734488 20.119925 15.863886 -11.851829 8.050279 1.900030 -1.750763 3.133136 -4.441897 12.917406 -4.577505 2.011069 -0.707519 8.345876 7.011721 13.482486 -22.595671 5.920825 13.115239 -6.616848 2.390118 2.527216 -1.461213 -5.606952 -12.011236
-18.622023 -0.080459 -16.576897 -11.043276 -5.557306 4.469952 18.800747 15.976141 -11.964267 8.829614 2.666896 -2.226769 3.417550 -4.661893 12.354737 -4.075066 0.975024 -0.944144 9.431714 7.166485 12.421197 -21.662294 6.762265 14.059839 -6.543381 2.704415 3.067335 -2.177953 -6.014014 -11.893934
-17.718422 0.237102 -17.691185 -10.985164 -5.317187 4.469235 16.975348 16.041849 -12.039922 8.696166 2.517289 -3.084172 4.008216 -4.379242 12.862461 -4.250220 1.024710 -1.058178 9.226703 6.900348 12.226441 -21.918488 7.348654 14.930614 -6.077073 2.983406 4.255004 -2.364544 -5.997114 -11.478177
-17.583042 0.371958 -17.840292 -11.103127 -5.436044 4.262869 16.746408 16.005383 -12.065110 8.709711 2.507814 -3.057558 3.940885 -4.419974 12.902987 -4.308217 1.013575 -0.993070 9.305323 6.904287 12.062194 -22.024496 7.359091 14.824147 -6.078982 3.100200 4.424038 -2.330508 -6.032687 -11.373517
-16.551529 0.778896 -18.457832 -10.974630 -5.454075 4.730912 15.577531 15.948959 -12.389636 8.769653 2.389395 -3.250572 3.963290 -4.187464 13.087626 -4.297834 1.215698 -1.043051 8.907964 6.430276 11.846101 -21.736908 7.591024 15.544689 -5.685341 3.038933 5.206244 -2.488827 -6.020092 -11.307691
-15.383706 1.542593 -19.744225 -10.879777 -5.565839 4.205861 12.193401 15.397418 -12.742412 8.830006 2.364117 -3.733917 4.628112 -3.952804 13.869314 -4.270233 1.120021 -0.961250 9.026827 5.751772 10.921085 -21.845995 8.684056 16.436649 -4.883320 3.614273 6.492094 -2.502332 -6.275579 -10.587604
-15.375395 1.691427 -19.802458 -10.824297 -5.482746 4.274580 12.171937 15.339267 -12.762536 8.888242 2.332259 -3.680240 4.497858 -4.008386 13.820469 -4.269969 1.072425 -1.005672 9.036275 5.713922 10.848907 -21.587984 8.703068 16.494518 -4.983689 3.594945 6.586351 -2.452902 -6.423424 -10.624688
-15.266868 1.777861 -19.923325 -10.833096 -5.704254 4.076594 11.898794 15.361931 -12.836823 8.902175 2.392075 -3.679259 4.495894 -3.949677 13.878503 -4.189167 1.101265 -1.000179 8.970033 5.669798 11.049438 -21.674658 8.698050 16.583269 -4.972174 3.547202 6.584616 -2.489867 -6.174367 -10.561761
-15.618697 1.437213 -19.381653 -10.848187 -5.470674 4.378003 12.604272 15.412326 -12.518632 8.947693 2.482908 -3.677932 4.685868 -3.946923 13.666079 -4.257173 1.178134 -0.811791 8.990184 5.923609 11.132065 -21.811003 8.709155 16.148039 -5.062109 3.619041 6.409936 -2.556564 -6.179414 -10.683757
-15.753816 1.552514 -19.298685 -11.088361 -5.694784 4.192506 12.928119 15.673491 -12.676356 9.173263 2.498024 -3.551223 4.487250 -4.045310 13.640327 -4.206697 1.180599 -0.776163 8.999872 6.061416 11.146047 -21.811169 8.561803 16.230116 -5.122221 3.665609 6.050413 -2.590966 -6.140800 -10.900744
-15.259786 1.926083 -19.915041 -10.979654 -5.698544 4.007910 12.009815 15.372286 -12.795373 8.982796 2.396076 -3.777383 4.652033 -3.932178 13.909373 -4.198651 1.157477 -0.924960 8.967089 5.731504 10.962058 -21.738842 8.767430 16.427271 -5.016937 3.630982 6.554747 -2.664434 -6.264994 -10.686578
-15.120555 1.653124 -19.932230 -10.613016 -5.544810 4.215245 11.841302 15.358460 -12.823230 8.593010 2.371698 -3.934356 4.725088 -3.866544 13.853683 -4.315980 1.230459 -1.133756 8.830401 5.736315 11.054862 -21.645159 8.791985 16.722446 -4.991340 3.511966 6.792129 -2.629956 -6.178263 -10.533809
-14.995906 1.699731 -20.017008 -10.673496 -5.519607 4.207150 11.708098 15.354995 -12.830991 8.598668 2.337145 -3.976246 4.645691 -3.844203 13.872851 -4.348376 1.243064 -1.177575 8.770038 5.629692 10.926655 -21.508242 8.811726 16.701920 -4.861637 3.503014 6.759961 -2.692011 -6.275690 -10.463569
-15.390418 1.579472 -19.650675 -10.998230 -5.637465 4.394897 12.364392 15.399048 -12.513737 8.996330 2.449717 -3.720337 4.582849 -3.936875 13.693363 -4.272151 1.156945 -0.918394 8.967069 5.891968 11.016177 -21.760632 8.805806 16.422722 -5.191454 3.524047 6.412646 -2.606829 -6.210545 -10.771253
-14.678916 1.940580 -20.384283 -11.032948 -5.801654 4.238179 10.282395 15.613330 -13.127795 8.800232 2.395246 -4.173277 4.694898 -3.808303 13.778555 -4.407598 1.245229 -1.418824 8.750209 5.407421 11.068509 -21.458311 8.783862 16.679901 -4.622282 3.775295 7.425621 -2.183193 -5.954715 -10.207599
-15.097747 1.705688 -19.994305 -10.675270 -5.534558 4.217728 11.654283 15.364507 -12.804884 8.515987 2.343474 -3.817483 4.481066 -3.852764 13.724583 -4.418882 1.203151 -1.315268 8.846284 5.585320 10.831159 -21.537703 8.777089 16.729969 -4.767130 3.586228 6.697920 -2.629303 -6.321412 -10.359569
-15.332870 1.677234 -19.795401 -10.776739 -5.499083 4.418171 12.106009 15.434760 -12.669977 8.864479 2.467960 -3.627063 4.451485 -3.951488 13.800486 -4.163533 1.111982 -1.009943 8.859392 5.705995 11.012825 -21.483763 8.734469 16.549683 -5.085837 3.573667 6.600894 -2.555672 -6.373528 -10.614799
-15.453185 1.687649 -19.548267 -11.066913 -5.555308 4.509863 12.546407 15.394064 -12.529895 9.043243 2.462663 -3.593458 4.392441 -3.952581 13.503462 -4.286032 1.098645 -0.945424 8.974327 5.828299 11.065322 -21.880995 8.755135 16.515369 -5.198080 3.519994 6.409972 -2.690109 -6.135320 -10.758376
-14.408035 2.071363 -20.622957 -10.654995 -5.563632 4.361652 10.059352 15.269314 -12.906885 8.487179 2.370710 -4.262468 4.814384 -3.753115 13.871020 -4.410062 1.284074 -1.230683 8.611979 5.307044 11.086324 -21.417961 8.885186 17.011026 -4.390725 3.804802 7.854342 -2.421235 -5.795643 -9.652457
-14.212871 2.134335 -20.591887 -10.667683 -5.554331 4.413689 9.975019 15.346690 -12.834413 8.435675 2.348108 -4.247975 4.817845 -3.753879 13.864474 -4.444897 1.259452 -1.125383 8.579438 5.322819 11.179496 -21.256721 8.884084 16.988731 -4.470268 3.731306 7.737992 -2.460977 -5.805100 -9.754654
-14.182142 1.898453 -20.526041 -10.313440 -5.486866 4.411361 9.367621 15.263167 -12.859326 8.317840 2.476031 -4.329503 5.185215 -3.596430 14.152582 -4.335753 1.432933 -1.083481 8.324487 5.181245 11.328010 -21.642958 8.916951 17.419353 -4.137875 3.725974 8.415090 -2.376952 -5.647254 -9.591072
