-11.283107 25.682728 -17.088324 17.966755 -7.127591 -6.900289 2.823446 1.966673 7.289948 -11.959101 -4.258859 1.285962 -1.322146 -9.778183 5.281930 -2.035456 -5.416806 3.340169 -9.563205 -2.857533 -4.900803 8.741711 10.379027 14.688794 -13.271460 20.088369 0.281620 -15.706328 -0.782882 16.619684
-11.330911 25.588646 -16.959335 18.179974 -6.935372 -6.771467 2.981729 1.904558 7.268647 -12.093795 -4.267190 1.291283 -1.369881 -9.781235 5.137248 -2.071105 -5.465837 3.322174 -9.719747 -2.665838 -4.937603 8.749605 10.456169 14.689684 -13.373059 20.128242 0.120308 -15.533955 -0.739170 16.524191
-11.858396 23.691833 -16.778431 15.925758 -8.441918 -5.696534 2.071129 1.818910 7.484087 -13.772355 -3.565329 1.756359 -0.667725 -9.121414 5.809063 -1.669300 -5.611561 2.659764 -9.654910 -2.351695 -4.151310 8.067562 9.956227 15.372875 -12.318514 19.131727 1.201315 -14.072581 -2.633609 15.929532
-11.409801 24.385719 -16.645546 16.854666 -8.415880 -5.313322 2.653333 1.983206 7.285794 -13.409431 -3.711779 1.482272 -0.945818 -9.343971 5.393913 -1.900231 -5.701207 3.046405 -9.639938 -2.490144 -4.394269 8.867085 10.155837 15.031233 -12.526546 19.722990 0.300760 -14.652209 -2.247318 16.131138
-11.131350 23.720783 -16.263044 15.344924 -9.902061 -3.396990 2.929025 1.903358 6.939418 -14.590385 -3.400139 1.929740 -0.655172 -8.828011 5.644946 -1.752974 -5.988583 2.822083 -9.719058 -2.423325 -3.503018 9.641981 10.000134 16.117939 -11.683852 19.516214 0.180950 -13.566923 -3.825157 15.828325
-10.918888 22.439587 -16.049791 14.225138 -11.337955 -1.494650 3.340743 2.113049 6.733147 -15.923928 -3.003695 2.236825 -0.147354 -8.201601 6.030532 -1.588525 -6.357349 2.679850 -9.798829 -1.987987 -2.795927 10.286627 10.068559 16.550175 -11.142936 19.083189 0.161053 -12.719360 -5.284882 15.302043
-10.926608 21.797642 -16.006500 13.887495 -11.840261 -0.453579 3.795285 2.070255 6.580131 -16.642206 -2.840162 2.874443 -0.116097 -7.815010 6.390330 -1.375462 -6.618306 2.816625 -9.814054 -1.707942 -2.179842 11.468973 10.213395 17.372112 -10.736521 19.249422 -0.644893 -12.378219 -6.178040 14.291293
-10.653474 21.301441 -15.913913 13.597858 -12.440825 0.777570 4.708547 1.958336 6.158848 -17.385923 -2.659547 3.337250 -0.110217 -7.595150 6.627129 -1.089667 -6.876355 3.215605 -9.810888 -1.388903 -1.584657 12.207136 10.232350 17.503874 -10.656662 19.005421 -1.101299 -11.893942 -6.998357 13.889132
-10.242835 20.707312 -15.937841 13.956778 -12.969467 1.793583 5.641318 1.830577 6.241250 -17.966192 -2.461523 3.599554 -0.108726 -7.357998 6.718660 -1.030885 -7.155536 3.161016 -9.861255 -1.239057 -1.019749 12.138768 10.271581 18.210608 -9.933289 18.833052 -1.148040 -11.283308 -7.903091 13.656890
-9.962238 20.164753 -16.271015 14.711646 -12.822008 2.407912 6.482369 1.614373 6.450130 -18.357832 -2.370763 3.878634 -0.443518 -7.230378 6.633446 -1.065403 -7.560611 3.386344 -9.866898 -1.133219 -0.677126 12.116196 10.349473 18.609226 -9.377457 18.611700 -1.042875 -10.806904 -8.656008 13.398350
-9.388548 19.172304 -16.879290 15.686656 -12.405268 3.172271 6.956527 1.466510 7.072598 -18.976572 -2.343733 3.676443 -0.663302 -7.068400 6.218514 -1.539847 -8.012716 3.011810 -9.992766 -1.035377 -0.164129 11.474041 10.227008 19.425350 -8.465787 18.344179 -0.582203 -10.053117 -9.389111 13.655350
-9.347163 18.200895 -17.771749 16.589922 -12.036661 3.113752 7.188641 1.074344 7.667062 -19.083311 -2.339544 3.248825 -0.749053 -6.960121 5.690610 -2.076087 -8.407352 2.526390 -10.211406 -0.998604 0.394579 10.372029 9.902129 20.315552 -7.773509 17.923044 0.162080 -9.431109 -9.708368 14.415818
-9.410220 17.175915 -18.549177 17.722553 -11.294301 2.807411 7.054352 0.885527 8.481393 -19.055983 -2.362839 2.674361 -0.546676 -7.073999 5.168284 -2.486455 -8.717461 2.132798 -10.454357 -0.568582 0.920872 9.441019 9.928315 20.840961 -7.284348 17.763044 1.061664 -8.612809 -9.969972 15.074739
-9.217782 16.131960 -19.155252 18.574114 -9.990438 1.880387 6.847116 0.847832 9.402717 -19.355755 -2.388625 2.203184 -0.342540 -7.040829 4.631897 -2.857277 -8.844799 1.567316 -10.728589 -0.476079 1.424117 8.383005 9.890468 21.298763 -6.610927 17.737236 2.034992 -7.762733 -10.228733 15.375484
-9.423051 15.557556 -19.598768 18.777731 -8.950123 0.834869 5.921205 1.144099 9.963952 -19.330084 -2.348078 1.690193 0.099385 -7.233161 4.240174 -2.967488 -8.834648 1.263843 -10.977141 -0.115536 2.048627 7.411434 9.808536 21.617739 -5.872855 17.735113 3.309375 -6.670761 -10.556007 15.661029
-9.681561 15.572350 -19.740091 18.633339 -7.921556 -0.613838 5.296615 1.492477 10.327415 -19.065248 -2.385956 0.981967 0.757330 -7.308274 4.217487 -3.072555 -8.711069 0.964572 -11.245667 0.293930 2.123069 6.915893 9.475544 22.053967 -5.130719 18.054491 4.043021 -5.667189 -11.167223 15.809802
-10.228119 15.497339 -20.170828 17.917603 -7.336149 -1.890803 4.188252 1.685884 10.603802 -18.632170 -2.408942 0.467626 1.546679 -7.392814 4.338921 -2.888120 -8.485859 0.898672 -11.512206 0.803495 2.057469 6.456567 9.426709 22.085739 -4.508920 18.441694 5.141057 -4.847493 -11.668166 15.492088
-10.692839 15.975734 -20.310404 17.363071 -6.616665 -3.363235 3.411616 1.969455 10.923851 -18.288252 -2.477573 -0.029635 1.942982 -7.520897 4.593809 -2.767602 -8.204287 1.101664 -11.564457 1.181795 2.035203 6.033312 9.474889 22.341175 -3.960603 18.718138 5.626626 -4.292614 -12.026901 15.322515
-11.446913 16.345638 -20.442743 17.056593 -5.578275 -4.532082 3.056807 1.933588 10.907781 -17.839647 -2.603497 -0.301032 2.533995 -7.644304 4.855000 -2.596540 -7.851494 1.508476 -11.520143 1.762557 1.823144 4.712754 9.568658 22.415070 -3.126330 18.795645 6.741310 -3.863452 -12.488220 14.846903
-11.972981 16.709309 -20.276209 17.227055 -4.785922 -5.386547 2.811780 2.120197 11.078185 -17.558027 -2.794744 -0.556640 2.811553 -7.839901 5.050605 -2.527807 -7.609110 1.892400 -11.441636 2.038737 1.346097 3.723361 9.651566 22.258585 -2.732238 18.745401 7.404074 -3.878211 -12.670845 14.701859
-12.187833 16.572496 -20.031355 16.857195 -4.591887 -5.490530 2.798494 2.071267 10.861090 -17.669924 -2.777461 -0.567797 2.919644 -7.858295 5.055485 -2.543640 -7.512233 1.994407 -11.498820 2.246864 1.327147 3.097697 9.675788 22.377426 -2.314912 18.679092 7.637377 -3.743778 -12.731558 14.418900
-12.230171 16.699738 -19.932758 16.702114 -4.474350 -5.604627 2.800229 2.025669 10.778955 -17.626917 -2.827542 -0.531076 2.807479 -7.887217 5.071806 -2.527569 -7.472958 2.129121 -11.479726 2.195164 1.306241 3.057719 9.597821 22.448849 -2.263922 18.617094 7.675634 -3.783451 -12.749561 14.417655
-12.114121 4.602490 -21.039770 8.413439 -7.837658 6.150176 3.797386 3.301327 11.259810 -21.098249 0.571516 1.742605 1.442270 -5.720552 5.185234 -2.349378 -8.829367 -0.158081 -9.361291 3.609763 9.443599 1.982460 8.713046 22.067636 -5.164978 8.223707 5.142193 -2.570123 -16.246548 11.460505
-12.856803 -0.501920 -18.910233 3.231526 -0.182502 8.847054 4.246148 3.069428 12.162539 -19.957645 4.368194 2.308594 1.456385 -3.913137 2.451492 -2.348873 -8.078146 -0.434888 -9.045178 5.559361 7.430192 -0.599411 6.194443 18.793139 -2.735310 5.061841 4.001432 1.081321 -22.702520 8.770702
-13.746861 -1.477008 -21.095253 2.056094 2.848956 5.802639 3.352752 1.182932 10.728024 -19.175119 4.230543 2.207786 0.488998 -3.077648 2.253731 -3.699839 -9.475193 -0.550392 -8.432214 5.550578 5.507748 -2.015926 5.109904 17.055119 -1.583964 5.114704 6.534142 2.081346 -24.633322 6.815267
-16.129118 -2.291314 -20.976412 2.141408 7.342621 6.508501 4.880443 -0.776169 11.683671 -18.284468 5.362750 3.335639 -0.035480 -1.905821 2.083007 -4.206896 -8.870934 -0.537907 -7.581129 5.415269 3.470685 -2.513133 4.552825 16.076244 -0.843897 5.012982 5.305946 2.674942 -27.272297 3.841185
-16.527092 -3.392572 -20.139307 1.716083 9.680093 8.605287 7.870275 -1.294515 12.458039 -17.511885 6.314948 3.866617 -0.625383 -1.645426 2.189802 -3.838149 -8.708576 -0.591829 -7.199395 5.983166 1.800703 -4.575407 5.112605 15.796957 0.484420 5.276591 2.935892 2.767778 -28.193920 1.685893
-15.086116 -1.678160 -22.778124 2.836750 8.148040 4.171777 6.500069 -2.101705 11.781879 -18.638231 4.719783 3.535104 -1.097431 -1.899326 2.601927 -4.192015 -10.147516 0.450486 -7.840211 5.327272 2.644008 -2.915679 6.111766 14.651675 0.284772 6.699243 7.475567 2.390840 -27.124743 2.714929
-14.294702 0.182814 -24.371311 2.889886 8.595131 2.447910 9.086637 -3.503435 10.919814 -18.049900 3.799589 3.863948 -1.626664 -2.059721 3.060110 -4.246043 -11.426979 1.551099 -7.863328 4.943462 1.824449 -3.026323 7.383288 13.585145 0.461421 8.447712 9.451375 2.829580 -27.068111 0.972977
-13.053452 1.440787 -25.542587 2.897810 8.483049 1.010934 8.934691 -3.760026 9.448096 -17.697836 3.162722 3.983244 -1.892161 -2.067627 3.538107 -4.420473 -12.146030 2.492457 -7.827393 4.514981 2.059230 -3.252525 8.455945 13.657277 0.439988 8.966293 11.022318 2.489477 -26.328131 0.765259
-12.846887 2.066131 -26.822752 2.005074 6.755757 -1.486105 9.532667 -3.580191 9.489129 -17.219351 2.531957 3.563720 -1.827805 -1.927048 4.289001 -4.368722 -12.626766 3.168761 -7.805769 3.978825 2.232905 -2.872364 9.217546 13.914665 0.721177 9.614948 12.997684 1.734567 -25.548590 0.583962
-13.642571 1.069940 -24.848301 2.955111 8.856750 1.485536 9.168166 -3.878322 9.696194 -17.787382 3.428792 4.192998 -1.988094 -2.087374 3.291552 -4.344780 -11.882662 2.268057 -7.755965 4.806649 1.972025 -3.399145 8.034788 13.321249 0.851229 8.853266 10.461980 2.593882 -26.777185 0.915751
-12.700785 1.706494 -26.162226 2.418005 7.812122 0.040602 9.074512 -3.561343 9.444246 -17.543337 2.845340 3.913730 -1.990839 -2.150210 3.821771 -4.330976 -12.368309 2.691675 -7.740736 4.326804 1.956384 -3.306532 8.806334 13.919410 0.572346 9.179282 12.179269 2.090867 -25.956726 0.954570
-13.043330 1.542261 -25.894533 2.694534 7.705976 0.033788 9.445628 -3.613135 9.650208 -17.589243 2.884594 3.943997 -2.090331 -2.293872 3.641155 -4.343555 -12.321600 2.614937 -7.724628 4.507145 1.864191 -3.247794 8.755050 13.654853 0.584443 9.321016 11.935074 2.420440 -26.129595 0.846581
-12.826807 1.653857 -26.280354 2.340580 7.575387 -0.214330 9.358787 -3.574993 9.656167 -17.454588 2.819597 3.865748 -1.987085 -2.206357 3.832291 -4.328536 -12.413284 2.794267 -7.755285 4.394140 1.832549 -3.132732 8.998474 13.766488 0.449959 9.355291 12.335068 1.972560 -25.854658 0.810875
-12.936763 1.631275 -26.721540 2.214960 6.591380 -1.324001 9.228337 -3.410795 10.089941 -17.363710 2.576652 3.423053 -1.567785 -2.045067 4.121460 -4.462734 -12.523504 2.910969 -7.844374 4.068250 2.188058 -2.887121 8.961785 13.961558 0.628903 9.488991 12.836053 1.345979 -25.382074 0.684418
-12.614648 2.426080 -27.226803 2.539467 6.478473 -2.442434 9.058801 -4.003423 8.917115 -17.593792 2.242005 3.371880 -1.819874 -1.975741 4.386111 -4.441807 -12.858688 3.170161 -7.920692 4.002973 2.195176 -2.874330 9.504638 13.782590 0.854972 9.834476 13.925529 1.596004 -25.214857 0.724468
-15.670588 -0.018339 -23.671362 2.932306 9.433184 3.289623 9.230665 -4.383440 10.916495 -17.924032 4.392852 4.593272 -2.046148 -1.892045 2.841972 -4.089860 -11.017454 1.374158 -7.405881 4.999829 1.354859 -3.641602 7.262395 13.138763 0.773930 7.909645 8.689412 2.688412 -27.445570 1.163030
-13.674329 0.959609 -24.888790 2.866617 8.745949 1.317963 9.128006 -3.872552 9.741022 -17.692345 3.387885 4.081300 -2.047555 -1.960278 3.415438 -4.388819 -11.980484 2.290099 -7.745242 4.627788 1.724851 -3.210091 7.905099 13.539652 0.878542 8.689087 10.643571 2.322582 -26.802542 0.820992
-14.996230 0.222076 -24.002537 3.060596 9.266082 2.796319 9.530640 -4.190662 10.651426 -17.870058 4.134479 4.333213 -1.955185 -2.157646 2.744827 -4.079701 -11.255014 1.603482 -7.443091 5.058654 1.499238 -3.605670 7.371954 13.155545 0.859640 8.207703 8.889346 2.823226 -27.353973 0.915946
-15.213359 -0.099423 -24.026674 3.026245 9.497095 2.896153 9.418391 -4.074726 10.925923 -17.877142 4.190547 4.495552 -2.055599 -1.915167 2.817854 -4.272105 -11.157084 1.585165 -7.393026 5.076980 1.513200 -3.351335 6.718477 13.350121 0.907719 8.096218 9.237100 2.756454 -27.310431 0.711179
-13.200784 1.781141 -26.604023 2.068957 7.402609 -0.991587 9.519618 -3.596758 9.797168 -17.073240 2.688792 3.737172 -1.891345 -2.001186 4.107926 -4.466860 -12.539665 2.980999 -7.731148 4.225788 1.997319 -2.915278 8.227900 13.883254 0.495163 9.147313 13.009606 1.879585 -25.559633 0.761353
-15.509803 -2.909574 -19.583654 2.699663 5.509892 7.688644 2.839793 0.955820 12.703000 -19.660198 5.412116 3.562526 -0.057324 -2.355072 1.987721 -3.679922 -8.332664 -0.900802 -7.921237 5.432635 3.843694 -1.820177 4.002118 15.764493 -2.135934 4.316756 4.658520 2.670683 -26.303488 6.431566
-14.804236 -2.394381 -21.674120 0.519471 7.197281 4.011379 0.429006 -0.184152 10.974359 -18.639841 4.735822 3.106240 0.062885 -1.401526 2.288254 -5.007081 -9.471493 -0.356435 -7.868209 4.681587 3.237383 -0.695778 4.217681 15.239215 -1.619757 4.616363 7.492025 1.346424 -26.047243 3.684480
-13.177682 0.258481 -24.041565 -2.211945 8.190096 -0.230181 -0.804098 -0.676418 10.105960 -17.146681 3.527313 2.266337 0.047324 -0.694655 2.465739 -6.628633 -10.749407 0.178451 -7.969172 3.362016 1.061774 0.286931 5.097816 14.839942 -1.265669 5.230989 11.491166 -0.434895 -25.857967 1.084514
-10.647349 2.968618 -27.471544 -2.540042 8.550568 -3.493168 -1.382392 -1.775596 6.863926 -16.914312 2.292672 1.691755 0.008586 -0.093223 3.604729 -7.267937 -12.086555 1.926236 -8.370818 1.365006 -1.983379 -0.422153 5.776130 13.274163 -1.914450 6.776790 16.588423 -2.751074 -23.543526 -0.386612
-9.946754 6.546771 -28.507095 -1.478280 8.725345 -7.695840 -4.879029 -4.253273 1.919353 -19.862450 -0.349000 2.616283 0.050380 1.256477 5.651028 -7.445076 -12.383240 3.035548 -10.265304 1.078517 -2.716321 -1.226543 5.486995 12.448197 -3.125318 6.921000 20.353689 -4.152293 -21.820292 -1.744843
-10.563876 7.983559 -27.886351 -3.153348 8.899842 -8.577143 -7.449168 -4.483696 -0.542909 -20.256956 -0.739625 2.461710 0.190950 1.728524 6.513873 -7.375936 -11.752161 3.982524 -10.630713 0.909074 -3.728315 -3.048144 4.717612 12.394880 -3.174091 6.735775 21.495405 -6.309814 -20.465342 -1.519561
-11.524458 9.660991 -26.745911 -5.378821 9.906267 -8.490004 -10.590652 -2.868417 -2.412941 -19.924620 -0.948436 1.706485 0.593038 1.818175 7.719904 -6.615029 -10.900423 5.036115 -11.194763 0.890619 -3.145418 -5.070188 4.489549 13.773595 -2.737245 5.742403 21.198500 -8.943561 -18.775858 -0.982289
-12.344892 11.281818 -25.487551 -5.872971 9.420063 -8.280719 -10.795025 -2.540881 -4.477463 -19.486696 -1.273304 1.051507 1.729729 1.664834 8.409599 -6.281996 -10.255623 5.502987 -11.416218 1.233769 -1.992181 -5.582302 4.947060 15.527508 -3.023286 5.937271 19.733160 -10.704817 -16.082354 -1.685030
-12.670638 13.046998 -24.284382 -6.485832 8.727088 -8.550462 -10.860714 -1.656192 -5.369194 -18.758581 -1.517595 0.627793 2.637490 1.399653 9.002420 -5.864473 -9.735579 5.897549 -11.508145 1.496013 -0.365642 -5.584474 4.651842 17.017691 -3.070125 6.627328 18.628847 -11.220899 -14.531662 -1.780723
-12.926171 13.355974 -21.956625 -6.280324 7.194338 -7.419696 -10.960863 0.384320 -5.967567 -18.934111 -1.562881 0.465848 3.934810 0.939667 9.375418 -4.733112 -8.899797 6.362164 -11.739150 1.797890 0.613742 -5.962320 3.829089 17.796021 -3.227051 6.617244 17.821493 -12.570104 -12.733559 -1.707219
-12.325984 13.911064 -21.062893 -6.432240 5.242929 -6.188111 -11.000963 1.679910 -6.952037 -18.930351 -1.435928 0.369745 5.215249 0.745856 9.508317 -3.763810 -8.162704 6.617890 -12.341422 2.190532 1.328669 -6.284641 3.238121 19.874710 -2.995627 6.193300 16.828283 -13.907784 -11.522066 -0.635581
-12.465449 14.044204 -19.980478 -6.099370 3.831175 -4.076291 -10.483601 2.544478 -7.631116 -19.477465 -0.997552 0.438690 6.378111 0.332048 9.177489 -2.724377 -7.499350 6.613206 -12.795070 3.103453 2.291483 -6.480502 2.439857 21.482632 -3.559548 5.349289 14.608388 -15.528609 -10.782358 -0.934001
-13.016351 13.130184 -18.735521 -5.041306 1.929566 -1.751750 -11.255944 3.299308 -7.449396 -21.458456 -0.815596 -0.236180 7.427591 -0.029045 8.724935 -2.423633 -7.230804 5.978498 -13.249312 4.124438 3.701851 -6.161212 2.164908 23.589577 -3.439798 4.619498 12.241190 -16.454779 -10.410756 0.246637
-13.151830 13.354087 -17.748016 -6.309373 0.701577 1.514410 -12.356159 2.299098 -6.853052 -22.662889 -0.748913 -0.927870 8.378397 -0.382306 8.180439 -2.588626 -6.764498 4.958339 -13.445292 4.926246 5.388524 -5.319949 2.627865 26.094364 -2.966831 4.227926 9.071467 -16.780148 -10.206614 1.620523
-13.412515 13.452354 -16.043776 -7.510379 -1.283988 3.576663 -13.863667 1.868038 -5.932443 -22.882273 -0.572341 -1.759878 9.156487 -0.379011 7.702170 -3.278631 -6.071892 3.411572 -13.681024 4.683376 7.787119 -4.098885 2.679310 28.178282 -3.951842 3.557901 6.071175 -17.290356 -8.703120 2.976103
-13.274087 13.311186 -15.894114 -7.087475 -1.366868 3.336854 -13.741699 2.093481 -6.113148 -22.708929 -0.642915 -1.850416 9.343442 -0.358730 7.692053 -3.345413 -6.055309 3.344842 -13.531405 4.448635 8.378329 -3.927206 2.440598 28.527193 -4.128459 3.864908 5.995042 -16.486834 -8.536228 2.741602
-12.351343 12.602332 -16.245857 -6.496784 -1.010988 2.684561 -13.042298 2.668990 -6.681926 -23.091396 -0.886513 -1.942149 8.882819 -0.265179 8.033632 -3.581887 -6.090320 3.701698 -13.341226 4.192147 7.338210 -4.262265 2.521519 27.208405 -4.193822 4.434826 7.355193 -16.232611 -8.716528 3.375568
-14.141336 8.847746 -12.956190 -6.223974 3.454413 9.081138 -9.201137 5.077364 0.961125 -17.333511 3.676548 -0.571988 6.559693 -0.582564 5.392745 -2.502913 -3.876000 3.300437 -10.897546 3.241285 4.127390 -3.688936 -2.227385 25.128849 -4.283393 3.861517 3.435487 -11.582969 -13.536192 4.875750
