-11.288361 25.558388 -17.000772 18.185535 -7.028195 -6.826532 3.007659 1.956277 7.305568 -12.101500 -4.273127 1.270484 -1.376749 -9.783455 5.157460 -2.078282 -5.471161 3.317684 -9.716716 -2.680134 -4.931902 8.800305 10.405618 14.657802 -13.427822 20.138342 0.156078 -15.543435 -0.712633 16.590605
-11.345933 25.585722 -16.995695 18.228052 -7.045426 -6.942356 2.904742 1.881216 7.147386 -12.334122 -4.321133 1.223296 -1.367053 -9.790190 5.103814 -2.103917 -5.533550 3.344685 -9.835008 -2.536954 -4.947996 8.802282 10.410280 14.700044 -13.375412 20.143604 0.162122 -15.537978 -0.733341 16.526461
-12.929111 24.617615 -14.948638 18.038437 -5.308434 -5.143995 4.090267 1.896552 8.878749 -11.215662 -2.984981 1.154021 -1.789218 -9.997432 3.928195 -1.688378 -4.748207 3.472032 -9.432038 -2.321204 -6.075791 8.260867 8.964430 13.889754 -13.541704 19.787048 -2.422156 -13.866103 -2.374247 17.208130
-13.309955 23.431160 -13.436582 19.204165 -4.046235 -4.688340 5.590002 2.567944 9.814366 -10.299349 -2.933154 1.299873 -1.970756 -10.301618 3.706442 -1.159585 -4.335178 3.700281 -9.445691 -1.817147 -6.223629 7.955710 8.283656 13.206677 -13.831547 20.180761 -3.478940 -12.176605 -2.687772 17.764595
-14.261886 21.961948 -11.358974 19.555984 -2.432757 -3.721011 7.337912 3.704011 11.216370 -8.817853 -2.424768 1.519472 -2.405209 -10.493927 3.148438 -0.638500 -3.697565 3.811316 -9.454896 -1.340180 -7.077548 7.555301 7.422844 12.626534 -14.683916 20.155376 -5.014253 -9.827989 -3.355419 18.439411
-14.721597 20.721340 -9.782816 20.499216 -1.385904 -3.653186 8.380116 4.567870 11.741073 -8.392287 -2.271026 1.763282 -2.776311 -10.599650 2.826984 -0.316321 -3.076569 3.788228 -9.689569 -0.882185 -7.256463 7.514520 7.048428 12.191504 -15.158661 20.265676 -6.004791 -8.209584 -3.636172 18.320747
-14.968320 19.985722 -9.099747 21.561659 -0.735464 -3.931176 9.117516 4.846160 11.795012 -8.409030 -2.354276 1.939070 -3.109064 -10.722362 2.718245 -0.015086 -2.593832 3.852645 -9.906106 -0.627151 -7.905562 7.238649 6.757365 11.856430 -15.558981 20.279810 -6.467966 -7.376559 -3.954283 18.596901
-15.289275 19.230436 -8.156486 22.284527 -0.264274 -4.050108 9.584894 5.270465 11.712440 -8.588402 -2.470878 1.833491 -3.321195 -10.776756 2.648000 0.023014 -2.279972 3.893365 -9.873687 -0.501562 -8.099198 6.863572 6.569556 11.498693 -15.595065 20.291761 -6.846128 -6.854638 -3.990447 18.497459
-15.685340 18.878574 -7.650928 22.872732 0.239970 -4.409262 10.003039 5.243014 11.689627 -8.503859 -2.702708 1.724353 -3.493071 -10.920368 2.581367 0.000835 -1.925146 3.983336 -9.855987 -0.474362 -8.336129 6.437317 6.192634 11.013621 -15.647854 20.369188 -7.296230 -6.328893 -4.026524 18.729452
-16.100368 18.867012 -7.167122 23.460102 0.407515 -5.173357 9.756354 5.081337 11.234363 -8.934059 -3.037643 1.900498 -3.829510 -10.911230 2.634152 -0.105195 -1.765651 3.784372 -10.016376 -0.265240 -8.688050 6.074696 5.948829 10.544643 -15.954244 20.687643 -7.634205 -5.358321 -4.311575 18.659868
-16.792915 19.156490 -6.316326 23.700811 0.676507 -5.701212 9.610295 4.732221 10.670125 -9.102631 -3.495280 2.155567 -4.206801 -10.917882 2.731333 -0.227103 -1.774249 3.458886 -10.184604 0.038685 -9.196321 5.926364 5.622590 10.040492 -16.061956 20.896536 -8.192268 -4.953967 -4.607105 18.296135
-17.785780 19.997366 -5.708367 23.835505 0.603574 -6.337206 9.319353 3.891126 9.595227 -9.765457 -3.960729 2.419176 -4.757187 -10.950836 2.624860 -0.540231 -1.719455 3.120137 -10.238704 0.269834 -9.890533 5.565786 5.249727 9.331363 -15.875875 21.110558 -8.713300 -5.154509 -4.836516 18.022415
-18.491219 20.836824 -5.370479 23.706430 0.582247 -7.242277 8.762628 3.321998 8.443894 -10.263960 -4.385977 2.644881 -5.123292 -10.953671 2.550591 -0.837544 -1.831240 2.567687 -10.335731 0.567199 -10.415788 5.315007 4.886971 9.289231 -15.910192 20.896425 -9.490424 -5.548362 -4.797179 17.388458
-19.307507 22.045670 -4.792172 23.089901 0.597152 -7.285850 8.493698 2.546410 7.662126 -10.311996 -4.637378 2.931957 -5.662125 -10.945592 2.384145 -1.212361 -1.932989 2.248422 -10.231874 0.696103 -10.899085 5.010180 4.600595 9.473210 -16.086596 20.611523 -10.100638 -6.393231 -4.628420 16.615147
-19.902637 23.255833 -4.567607 22.356918 0.097114 -7.591316 8.037583 1.604529 6.358315 -10.850044 -4.841417 3.124900 -6.004088 -10.888545 2.331948 -1.521372 -2.115742 1.893837 -10.190734 0.981266 -11.138997 4.679797 4.384565 10.170682 -16.151943 20.089853 -10.780303 -7.481095 -4.362049 15.972312
-20.118011 24.067787 -4.277048 21.539516 -0.564404 -7.242547 7.864992 1.167227 6.022728 -10.900249 -4.838935 3.235913 -6.315272 -10.812002 2.113640 -2.009382 -2.427322 1.432396 -10.019313 1.115061 -11.366261 4.320916 4.247740 11.132927 -16.392159 19.305050 -10.882936 -8.656470 -4.120751 15.653314
-20.173025 25.680069 -4.216023 20.548033 -1.001924 -7.247488 7.495681 0.624101 5.324578 -10.702166 -4.816029 3.322588 -6.876178 -10.661636 2.058637 -2.599252 -2.797766 1.146730 -9.796219 0.960644 -11.320563 3.674391 4.459706 12.804945 -17.017054 18.356583 -11.192033 -9.724535 -3.277945 14.810085
-20.276794 26.826565 -4.503675 19.777559 -1.427705 -7.096475 7.214409 -0.063861 4.818591 -10.801727 -4.870075 3.331878 -7.124169 -10.395771 2.190169 -3.105055 -3.077168 0.938465 -9.755172 0.752987 -11.861938 2.718556 4.677659 13.717055 -16.996977 17.697336 -11.068851 -11.267144 -2.667980 14.761458
-20.237995 27.532707 -5.106279 19.101749 -1.705623 -6.762447 6.808406 -0.532625 4.789546 -10.800873 -5.013447 3.330565 -7.138144 -10.072109 2.471766 -3.499714 -3.371186 0.688537 -9.881477 0.538769 -11.960298 2.263888 5.287104 15.144867 -17.307978 16.956991 -10.232980 -12.296371 -1.843804 15.064505
-20.033966 28.519457 -5.458710 18.772694 -1.824201 -6.310650 6.423822 -1.054775 4.508640 -10.784300 -4.889245 3.310313 -7.166564 -9.905459 2.526598 -3.704459 -3.522399 0.547399 -9.882792 0.464774 -12.416925 2.143450 5.605352 16.179216 -17.572414 16.483522 -10.107623 -12.977561 -1.617748 15.333344
-20.059071 28.464067 -5.581980 18.773840 -1.854001 -6.260043 6.283885 -1.177211 4.449562 -11.007339 -4.893497 3.383289 -7.074542 -9.857797 2.591216 -3.702196 -3.554369 0.564383 -9.902166 0.460552 -12.595881 2.113712 5.642824 16.149082 -17.544096 16.483793 -10.047240 -13.189490 -1.487221 15.214360
-18.415375 26.946358 -4.349165 20.743502 -2.404131 -9.996376 8.149731 1.720467 2.820651 -9.183115 -5.497869 2.702226 -6.853856 -11.453489 1.605515 -3.169807 -2.765643 0.683903 -8.672692 1.923122 -9.353895 1.822369 4.844203 11.973802 -16.722631 18.840532 -11.372771 -9.340914 -1.598885 12.513179
-16.388195 22.936005 -4.798351 23.023287 -1.121996 -10.813540 9.410069 4.757517 5.293691 -7.346529 -5.448756 1.978517 -6.166202 -12.389585 1.321478 -2.560785 -2.054295 1.720565 -7.833378 2.418401 -6.992103 1.896529 5.497890 8.807514 -15.666828 21.041456 -10.046594 -6.427620 -0.822679 12.721480
-15.204324 21.404781 -4.572189 21.060707 -2.354313 -10.227362 9.433271 7.319893 6.317240 -5.796743 -4.680123 0.712974 -5.348863 -12.822937 1.180966 -2.462947 -1.727014 2.666470 -6.815998 2.318091 -4.945179 0.844470 6.234865 9.032729 -15.383442 21.120390 -8.310337 -5.923654 0.776536 13.890071
-14.487466 20.771042 -4.292690 17.186531 -4.286451 -9.587500 9.005206 9.980407 6.073183 -4.758620 -3.923121 -0.632437 -4.532812 -12.706505 1.173346 -2.709983 -1.605349 3.318179 -6.392621 1.518932 -3.011784 0.540738 6.834628 9.249576 -14.787713 21.045076 -6.956343 -6.349094 2.125024 14.436500
-14.056522 21.033133 -4.592338 15.567371 -5.430721 -9.736957 8.266745 10.746756 5.795382 -4.371680 -3.598924 -0.979570 -4.560784 -12.791571 0.980387 -2.830592 -1.678136 3.593122 -6.015573 1.182562 -2.090799 -0.285444 7.025016 8.928950 -13.960898 21.191725 -6.377286 -7.138256 2.449129 14.698112
-11.844354 21.649544 -6.194993 13.836520 -6.730947 -10.863811 5.932569 12.441330 6.769799 -1.801783 -3.466215 -1.588609 -4.438524 -13.176906 0.567011 -3.369859 -2.229328 3.980999 -4.930188 0.337846 -0.343340 -0.410179 7.998010 7.654278 -12.665982 22.120176 -3.621079 -7.977237 3.976187 14.889483
-9.808265 22.544741 -7.657514 13.004266 -7.516576 -12.196339 3.649698 13.460860 7.747426 -0.028655 -3.301771 -2.250799 -3.941403 -13.662775 0.539746 -3.530137 -2.778254 4.802099 -3.930820 -0.331041 0.118851 -1.396450 8.388156 6.264551 -11.695267 22.745098 -0.963879 -8.096087 4.886848 15.326799
-8.855606 22.560934 -8.238210 12.982461 -7.761817 -12.604045 3.006716 13.975663 8.219728 0.739733 -3.044296 -2.789880 -3.522005 -13.925230 0.459329 -3.524157 -2.863787 5.307078 -3.326305 -0.543437 0.719420 -1.367043 8.864865 5.657288 -11.218029 23.304966 0.291893 -8.148654 5.277700 15.620061
-8.938333 22.562298 -8.146974 13.071911 -7.723445 -12.595111 3.059930 13.926528 8.153554 0.605203 -3.137660 -2.780340 -3.616904 -13.917251 0.473804 -3.611269 -2.866580 5.249506 -3.374823 -0.529869 0.680001 -1.358403 8.876488 5.700757 -11.280806 23.312540 0.232108 -8.058766 5.238396 15.484525
-8.995334 22.544716 -8.154891 13.001328 -7.730320 -12.579063 3.033544 13.888247 8.170631 0.589515 -3.136286 -2.771876 -3.610584 -13.918337 0.464573 -3.576241 -2.834119 5.228552 -3.400498 -0.451467 0.714521 -1.431849 8.844398 5.683541 -11.216856 23.270023 0.193024 -8.070034 5.223352 15.472961
-9.160640 22.420584 -7.961355 13.124300 -7.614686 -12.690873 3.171573 13.853085 8.070404 0.487696 -3.159079 -2.698009 -3.623973 -13.912686 0.432619 -3.570753 -2.805279 5.116529 -3.447711 -0.329726 0.651991 -1.496978 8.830914 5.608559 -11.386634 23.283722 0.008090 -7.832356 5.191880 15.385884
-9.156712 22.384859 -7.964574 13.035265 -7.740498 -12.717116 3.086511 13.926414 8.009777 0.453473 -3.242080 -2.638496 -3.692678 -13.887184 0.467918 -3.642512 -2.824837 5.073542 -3.474536 -0.273432 0.595189 -1.481211 8.905108 5.612210 -11.342816 23.364351 -0.005310 -7.914067 5.178415 15.204266
-8.938946 22.551765 -8.165120 13.065729 -7.768636 -12.577935 3.031111 13.940117 8.164342 0.604778 -3.124822 -2.771441 -3.621541 -13.919993 0.466343 -3.607712 -2.878772 5.251288 -3.373684 -0.536929 0.675968 -1.364063 8.859864 5.708157 -11.265280 23.312696 0.210677 -8.044682 5.215753 15.490642
-8.825551 22.502815 -8.111274 13.032078 -7.862075 -12.522027 2.928166 14.102332 8.241014 0.769006 -3.026371 -2.745496 -3.564823 -13.932476 0.424442 -3.480813 -2.815698 5.291465 -3.364866 -0.493723 0.683178 -1.353092 8.853453 5.546043 -11.180330 23.315805 0.402277 -8.014277 5.194052 15.759887
-8.822967 22.516581 -8.166948 12.959398 -7.788374 -12.592195 2.957188 14.112521 8.224179 0.823198 -3.014335 -2.815032 -3.548587 -13.970345 0.364198 -3.570359 -2.896199 5.273703 -3.264229 -0.562433 0.714614 -1.422279 8.892343 5.405724 -11.177774 23.441078 0.407805 -8.043285 5.268736 15.535131
-8.957897 22.569519 -8.106040 13.009746 -7.750372 -12.542414 3.053095 13.963588 8.218785 0.690660 -3.079957 -2.763856 -3.591719 -13.928046 0.431817 -3.559530 -2.864587 5.261765 -3.356983 -0.557831 0.691594 -1.410789 8.832709 5.612180 -11.296378 23.272373 0.242922 -8.082858 5.268946 15.483902
-8.935491 22.641893 -8.231370 12.915878 -7.766673 -12.707240 3.079700 13.982903 8.314894 0.728517 -3.086715 -2.817413 -3.596889 -13.943699 0.404542 -3.603613 -2.879489 5.228753 -3.326221 -0.538989 0.735807 -1.456321 8.801637 5.649696 -11.320198 23.281092 0.417009 -7.989612 5.307268 15.531631
-9.010669 22.569267 -8.134164 13.003431 -7.746138 -12.695222 3.133538 13.915940 8.252543 0.623010 -3.140802 -2.810098 -3.515524 -13.904427 0.502537 -3.559618 -2.852514 5.221201 -3.420132 -0.454221 0.754388 -1.420348 8.747664 5.667346 -11.299472 23.214905 0.216988 -7.973525 5.245539 15.566297
-9.148113 22.448431 -7.964854 13.017964 -7.709692 -12.780807 3.193351 13.919923 8.106236 0.497462 -3.169669 -2.722173 -3.629916 -13.892637 0.474079 -3.588795 -2.827075 5.129807 -3.465333 -0.364973 0.653411 -1.432779 8.748433 5.611080 -11.426150 23.268351 0.061464 -7.856023 5.199002 15.425374
-8.772010 22.459581 -8.297421 12.825782 -7.896897 -12.641454 3.008786 14.190684 8.518475 1.015810 -3.000988 -2.924597 -3.408796 -13.952997 0.471330 -3.562112 -2.851938 5.398236 -3.257617 -0.549064 0.819829 -1.320924 8.874211 5.445468 -11.112104 23.494406 0.492431 -7.993403 5.369019 15.631345
-8.173683 22.474758 -8.118047 12.872103 -7.402741 -12.005379 2.200364 14.302436 7.826904 1.027927 -2.954617 -2.921885 -3.351316 -13.934593 0.503038 -3.449365 -2.797899 5.453068 -3.299164 -0.486399 0.740818 -1.291076 8.782179 5.534723 -11.095703 23.436460 0.403569 -8.016127 5.225723 15.752759
-6.718335 20.748856 -9.282838 12.944347 -8.413836 -11.984635 2.488196 15.687888 9.591468 1.969314 -2.388151 -3.810522 -1.965789 -14.141241 0.447113 -3.092244 -2.397573 6.078364 -2.774126 0.417446 3.109790 -0.946565 9.141472 4.859600 -9.832923 23.783268 1.567988 -7.277751 5.634979 16.316586
-4.607298 18.876892 -9.273736 13.578804 -11.087011 -11.361238 2.086376 17.991238 11.303457 2.160359 -1.983457 -4.579010 -0.277662 -13.929085 1.322293 -2.378631 -1.357090 7.402889 -3.044605 2.239507 5.804127 0.890134 9.863169 4.062956 -8.587038 24.363245 2.415234 -5.605216 5.146566 17.465561
-2.439718 18.743834 -7.721536 13.679484 -12.678866 -9.782176 0.107140 20.063227 10.717094 2.587782 -1.763507 -5.023791 0.830443 -13.831188 1.150433 -1.727289 0.030046 7.789192 -3.578280 3.217036 8.327510 1.574901 9.990525 5.588934 -8.682339 23.465443 2.429522 -2.807864 4.860429 20.118418
-2.929553 17.829605 -5.324001 14.176464 -13.490128 -8.279522 0.590333 20.232691 10.754651 2.308944 -1.535250 -5.111691 1.263331 -13.656982 0.817361 -1.171047 0.627727 7.391848 -4.134151 3.413986 9.873343 0.950583 9.234111 6.940666 -9.008486 22.478415 1.819390 -0.093976 5.492602 22.667664
-3.364723 15.543564 -4.161577 14.488567 -14.721339 -7.527357 1.116716 20.585096 11.369851 1.876826 -1.434808 -5.418571 1.798710 -13.581272 0.554107 -0.657889 1.602206 7.121882 -4.591505 3.592717 11.982699 -0.705018 8.517988 8.699943 -8.663448 21.078156 0.342139 -0.207076 7.883033 24.053101
-2.534996 13.242923 -4.212455 14.604795 -16.684772 -6.544162 1.366341 21.765076 11.065563 0.338557 -1.293037 -5.996604 2.881226 -13.438568 0.627324 -0.238444 2.068924 6.631083 -5.222054 3.622369 14.327641 -1.170349 8.442128 10.376993 -8.191503 19.971659 -1.416941 -2.274398 10.412937 23.079010
-1.291581 10.725092 -5.131866 14.919755 -18.710199 -5.466787 1.265533 23.443449 10.616551 -1.624643 -0.744746 -6.370810 4.285860 -13.275208 0.360755 0.553568 2.240937 5.514988 -6.447594 3.568557 17.783377 0.800476 9.416999 12.338062 -8.579136 19.254969 -3.169250 -4.022007 12.591658 20.968884
-1.018621 8.145163 -4.374969 15.349318 -20.573668 -3.479345 1.602026 25.725126 9.799238 -3.720927 -0.166336 -6.862396 5.569522 -12.975892 0.084892 1.201326 2.512866 4.341938 -7.667295 2.987512 20.818392 6.945146 10.920798 12.786304 -10.566254 20.168724 -6.777780 -4.071842 12.359146 17.683550
-1.127879 6.091546 -2.545710 16.104578 -22.169880 0.552541 2.510741 27.600864 10.411864 -5.306401 -0.086865 -7.382732 5.910251 -12.986464 -0.600349 1.595843 2.944450 3.009970 -8.508769 1.923578 22.089596 10.476133 9.459687 13.352958 -12.121556 19.538097 -12.665254 -3.506400 11.355229 18.308300
-1.738227 4.882705 -0.031781 16.583601 -22.833422 4.745405 5.234399 28.870134 10.430148 -5.235745 -0.208317 -8.006245 5.345609 -13.156027 -1.695528 1.415212 3.277391 1.662061 -8.780571 0.721015 22.123634 12.029129 7.874920 15.262878 -14.751639 17.878653 -17.751467 -4.915228 13.346956 18.036997
-2.729795 4.130950 1.775232 17.457758 -23.232664 6.437560 8.957303 29.202581 11.109426 -5.155136 -0.361205 -8.225964 4.799271 -13.442232 -2.487817 1.190618 3.538282 0.811317 -8.860724 0.247398 21.992376 12.384953 6.961983 15.832352 -16.254442 17.284178 -20.761812 -7.068827 15.549610 15.707961
-3.225553 4.785587 1.680456 17.868704 -21.186514 5.852209 9.054855 28.410995 10.117680 -5.289343 -0.362654 -7.629158 4.109311 -13.728489 -2.708376 1.199421 3.382787 0.786512 -8.729806 0.434378 21.057379 11.034645 6.631423 15.119061 -15.549248 18.141947 -20.811243 -6.555551 14.286939 16.308405
-3.923267 6.457667 -0.564224 17.886587 -19.022287 2.932032 7.938165 27.153364 9.269544 -5.897407 -0.123854 -6.034928 3.543041 -13.841538 -2.253419 1.363401 2.747750 1.901189 -8.170121 1.310143 20.954613 10.384077 8.121053 13.143506 -12.902455 20.885654 -17.731504 -5.289157 10.984206 15.703191
-5.425763 6.766802 0.844925 17.738802 -17.617090 3.329761 9.716047 27.032578 8.618906 -5.239079 -0.189148 -5.788531 3.013006 -14.145323 -2.773011 1.488167 3.008775 1.747555 -8.299280 1.342074 20.386477 8.159906 7.626475 12.456201 -12.785486 21.281778 -18.002966 -5.678859 11.137900 14.819154
-5.335518 7.484178 4.115671 17.470438 -18.277208 3.624255 10.096357 28.576315 8.705577 -2.437055 -0.530874 -5.877055 1.767871 -14.410648 -3.952010 1.112131 3.006579 0.297523 -8.297005 0.943111 19.990894 5.455901 6.201928 12.101613 -13.976745 20.805468 -18.780067 -4.226843 12.799519 15.176666
-5.142043 8.054110 6.987817 16.361387 -20.624273 3.738229 8.158689 28.889364 9.683588 -0.929554 -0.987269 -5.590149 0.581220 -14.819988 -4.560031 1.107887 3.155842 0.002892 -7.947114 0.690686 19.102026 4.089232 4.830500 13.210810 -14.481265 19.339205 -18.809393 -3.358393 15.180037 18.205021
-4.193320 8.059226 7.111709 16.372789 -21.480722 3.985832 6.852882 29.084673 10.063519 -0.474127 -1.089970 -5.941464 0.444297 -14.743415 -4.799839 0.932970 3.337293 -0.280288 -7.834383 0.498314 19.443869 4.547831 4.266573 14.060861 -14.672087 18.391794 -19.727011 -2.811369 15.983643 18.741825
-4.557367 8.017852 7.529119 16.363163 -21.451479 4.323226 6.992093 28.971678 10.405374 -0.293448 -1.139934 -5.837863 0.201864 -14.752621 -4.860758 0.876600 3.333932 -0.345668 -7.738463 0.431188 19.150347 3.917172 4.087130 14.069701 -14.425146 18.264811 -19.636385 -3.199225 16.187414 18.894968
