-6.059468 27.473244 -17.636406 22.422514 -2.354403 2.876524 -7.139336 2.177960 -7.444355 -8.197399 -4.979188 10.936730 4.253167 -7.352126 5.386235 -5.550420 -0.469175 0.887566 -2.892466 -7.600867 -0.206493 8.288912 13.358068 -0.422462 -27.708782 7.415727 2.043283 -18.794744 1.686947 17.144802
-6.099915 27.484264 -17.680519 22.533566 -2.398586 2.806343 -7.218000 2.080466 -7.586827 -8.428020 -5.013073 10.999138 4.255963 -7.317957 5.377658 -5.576348 -0.472764 0.856953 -2.906810 -7.586642 -0.156336 8.353066 13.377087 -0.519909 -27.802334 7.351250 1.973581 -18.826422 1.690905 17.105474
-4.606735 27.360867 -18.859007 15.203789 -4.755014 4.788487 -7.222284 -1.407008 -9.628503 -9.925747 -3.766132 12.173236 2.863364 -4.044970 5.925584 -7.377389 -3.516293 0.122409 -2.862737 -7.948200 -1.687860 5.680702 13.227578 1.391910 -22.445330 6.369200 7.312378 -15.260972 -5.474130 14.751704
-5.966471 29.140614 -19.657785 12.272367 -2.452551 2.099582 -6.706807 -3.205402 -11.305132 -9.192894 -3.360907 13.252504 1.064231 -3.582282 5.636533 -7.379984 -4.182693 0.669405 -3.054753 -8.624243 -5.399984 4.126562 13.076598 -2.685391 -23.156223 4.147450 10.362735 -16.535009 -7.260922 16.355186
-6.329009 30.246857 -20.097916 9.843061 -2.287449 0.267706 -7.534646 -4.133840 -11.412779 -8.317316 -3.865264 12.205925 -0.256561 -3.374693 4.966814 -8.724174 -3.909811 0.528894 -3.014447 -9.898401 -7.072703 3.654227 13.250646 -4.047153 -22.557365 4.696186 11.992930 -16.216427 -7.485978 16.162312
-6.384235 30.257862 -21.409809 8.814508 -2.322714 -0.218198 -6.148279 -5.870631 -12.454060 -7.694187 -4.034873 11.733284 -0.646277 -2.953440 5.050456 -9.283068 -4.371818 0.919240 -3.074100 -10.231115 -8.638902 4.409120 13.715641 -5.520844 -22.332596 5.767530 13.034884 -16.105360 -8.067818 14.206923
-6.596110 30.211771 -22.288244 7.937603 -1.239910 -0.549860 -4.598454 -6.989606 -13.218873 -8.106346 -4.035755 11.998533 -0.441142 -2.644493 5.524387 -8.910051 -4.983771 1.775544 -3.066962 -10.013166 -10.332808 5.434274 14.050986 -7.274879 -22.123325 6.697032 13.337516 -15.630330 -9.430297 12.395276
-6.957428 30.198044 -22.134716 7.004622 -0.517412 -0.248056 -3.705854 -7.625947 -13.326142 -8.748594 -3.857564 12.117857 -0.008589 -2.297619 5.874236 -8.443772 -4.964553 2.035576 -3.405389 -10.161848 -11.099034 6.020073 14.062369 -7.572192 -22.019495 7.333135 13.126346 -15.781825 -9.536663 11.166043
-7.381828 30.246264 -21.921141 6.330107 -0.667451 -0.101201 -3.255465 -7.682853 -14.034579 -8.787292 -3.931081 11.837315 0.019405 -1.948249 6.085680 -8.536206 -4.645380 2.057806 -3.584451 -10.812163 -11.609278 6.508514 14.248527 -8.258840 -22.322287 7.680909 13.043730 -16.022692 -9.374405 9.801461
-7.211698 30.075970 -21.500696 5.904615 -0.218019 -0.319147 -3.138874 -7.733186 -14.005788 -9.128202 -3.997238 11.416613 -0.050888 -1.799456 6.086079 -8.693869 -4.452918 2.233545 -3.736137 -11.224003 -12.155187 6.577517 14.159265 -8.294976 -22.109201 7.897689 13.059493 -16.795412 -9.014891 8.950421
-7.563330 30.564651 -21.069347 4.989986 -0.358518 -0.957337 -3.534970 -7.528249 -14.695537 -8.640888 -4.065195 11.295069 -0.410125 -1.684128 6.102866 -8.896762 -4.238696 2.484591 -3.784373 -11.544742 -12.186039 5.871990 14.373136 -8.022519 -22.153650 7.741703 13.229432 -18.049936 -8.069758 7.647346
-7.929396 30.779896 -20.966108 4.512465 -0.280522 -1.410636 -3.388925 -7.399519 -15.452773 -8.353888 -4.106973 11.095453 -0.384887 -1.634199 6.242354 -8.861215 -4.298666 2.775704 -3.846902 -11.489000 -12.385925 6.026582 14.521376 -7.809860 -21.992083 7.931853 12.917254 -18.338629 -7.981251 7.091723
-8.099375 31.055004 -21.405066 4.933284 0.394778 -2.014014 -2.812137 -7.871878 -15.845145 -7.961367 -4.202472 11.092834 -0.248472 -1.684959 6.457988 -8.743438 -4.501550 3.087837 -3.689718 -11.347863 -12.693885 6.269582 14.658450 -8.481578 -22.627943 7.433167 12.606782 -18.980043 -7.904184 6.698962
-7.743816 31.719873 -21.353849 4.392611 0.334744 -2.090429 -2.083719 -8.595936 -16.331179 -7.906325 -4.289804 10.635637 0.228122 -1.435992 6.922812 -8.669284 -4.283322 3.259173 -3.734027 -11.578623 -12.731392 7.602017 14.560176 -8.619658 -22.735373 7.360329 11.591415 -19.251608 -8.470046 6.021225
-6.998097 32.661343 -21.762671 4.008379 0.549412 -3.175285 -2.046842 -9.415321 -16.306101 -7.297517 -4.298562 10.382659 0.438269 -1.120319 7.563304 -8.580331 -3.820713 3.565121 -3.834005 -12.094551 -14.431763 10.872520 13.658475 -7.933237 -21.651028 8.190535 9.761168 -18.450996 -10.402276 6.133922
-7.020667 32.411076 -22.124033 3.545251 0.461659 -3.905277 -2.574749 -9.415687 -16.451578 -7.007174 -4.285749 10.578913 0.267667 -0.991734 7.556741 -8.425211 -3.769707 3.766517 -3.970388 -12.092821 -15.026233 11.201998 13.316665 -8.315472 -21.629583 7.825403 10.018759 -18.464014 -10.906668 6.109981
-6.992110 32.551872 -22.107763 3.630103 0.579297 -4.013151 -2.564395 -9.511313 -16.323210 -6.997533 -4.335239 10.397308 0.285380 -0.972512 7.603186 -8.542617 -3.672185 3.714506 -3.950165 -12.196785 -15.161911 11.110915 13.420279 -8.482768 -21.665365 7.967437 10.182849 -18.449110 -10.710547 6.248279
-7.117978 32.504101 -22.000090 3.756017 0.560091 -3.841679 -2.513977 -9.381844 -16.254232 -7.100911 -4.351420 10.221773 0.369425 -0.977363 7.632320 -8.605772 -3.594982 3.665010 -3.986271 -12.239124 -15.175035 10.963633 13.419639 -8.584823 -21.614483 7.881567 10.319186 -18.347502 -10.824045 6.334378
-7.287014 32.573582 -21.887354 3.777217 0.394742 -3.471363 -2.351933 -9.496573 -16.368151 -7.152771 -4.324661 10.233465 0.391157 -0.985309 7.622909 -8.561491 -3.606965 3.663828 -4.016488 -12.181281 -15.359069 10.474016 13.367613 -7.868711 -21.059593 8.220263 10.276019 -18.528364 -10.762020 6.143265
-7.533340 32.484116 -21.660934 3.755185 0.461365 -3.235108 -2.270762 -9.246564 -16.545826 -7.345187 -4.258521 9.910698 0.107654 -1.249735 7.746431 -8.326569 -3.804544 3.515778 -4.072466 -12.000946 -15.277450 9.949386 13.565846 -7.660810 -21.086050 8.250363 10.463021 -18.929016 -10.343977 6.006487
-7.738320 32.265450 -21.236406 3.442947 0.431807 -3.072810 -2.203540 -8.832250 -16.669436 -7.755230 -4.290084 9.933836 0.006151 -1.297275 7.652596 -8.457753 -3.876016 3.469029 -3.974803 -11.901443 -15.148736 9.396714 13.751762 -7.465639 -21.089300 8.467104 10.761456 -19.125216 -9.915065 6.036439
-7.814599 32.158287 -21.369957 3.528358 0.242722 -2.959997 -2.235723 -8.848314 -16.812647 -7.611545 -4.249839 9.959165 0.119644 -1.298234 7.672889 -8.378190 -3.871423 3.437935 -4.021063 -11.840137 -15.233966 9.257019 13.580388 -7.043276 -20.676109 8.606112 10.730639 -19.006289 -10.188974 5.872159
-6.658716 33.508244 -20.108957 0.193294 -2.826197 -1.924340 -1.600075 -9.452208 -19.376919 -7.233132 -4.610107 7.658122 1.607079 -0.967091 8.001340 -9.344612 -3.704072 3.163094 -4.153219 -11.631542 -13.704456 10.241926 13.516127 -3.107157 -20.062355 9.632837 6.262062 -21.998816 -8.607204 2.667056
-6.757273 32.657196 -18.039263 -1.051892 -5.594356 1.529282 -0.993129 -8.069713 -18.981264 -9.487461 -4.609037 6.575206 2.091223 -1.834365 7.123923 -9.585895 -3.509268 3.130868 -4.835501 -10.734550 -12.354319 8.462723 14.574321 -0.700425 -19.203934 10.644920 5.459475 -22.982313 -7.283686 0.891848
-6.543700 32.213779 -17.982355 -0.888314 -6.209343 2.648402 -1.324061 -7.898953 -18.717609 -9.789463 -4.344670 6.228045 2.683805 -1.882789 7.069169 -9.373996 -3.310999 2.713994 -5.366818 -10.653892 -11.217550 7.932427 14.664412 -0.407622 -18.930456 10.576902 5.691550 -22.631842 -7.557435 0.216476
-6.569364 31.857361 -17.826029 -1.287460 -6.514593 2.624767 -1.869706 -7.624959 -18.421984 -9.978983 -4.373539 6.116887 2.910207 -1.829397 7.057687 -9.362829 -3.290459 2.707538 -5.433412 -10.552382 -10.890222 7.722536 15.121600 -0.229143 -19.031250 10.827406 5.498685 -23.011101 -7.196055 -0.451171
-6.467055 31.806103 -17.801542 -1.205923 -6.450500 2.719224 -2.011187 -7.603401 -18.374760 -10.054541 -4.381227 6.033028 2.880569 -1.809593 7.088904 -9.424447 -3.253303 2.686616 -5.441298 -10.600740 -10.793288 7.723902 15.032168 -0.153462 -18.923098 10.915184 5.572900 -22.888075 -7.192626 -0.434488
-6.493569 31.845865 -17.868977 -1.098658 -6.419033 2.715583 -1.875086 -7.692594 -18.378914 -10.006286 -4.385934 6.035688 2.889833 -1.836369 7.092336 -9.450629 -3.258472 2.653706 -5.401165 -10.622993 -10.767900 7.878216 14.990016 -0.332474 -19.076069 10.794155 5.565092 -22.862997 -7.178103 -0.322728
-6.479156 31.830313 -17.878969 -1.071883 -6.433313 2.737185 -1.908387 -7.697808 -18.379080 -9.982406 -4.386250 5.998775 2.899945 -1.833596 7.079966 -9.479867 -3.269414 2.641401 -5.410747 -10.612001 -10.853406 7.776025 15.128425 -0.401562 -19.116459 10.880098 5.524282 -22.958088 -7.026548 -0.294883
-6.480053 31.812737 -17.862013 -1.096830 -6.389133 2.735468 -1.898327 -7.691330 -18.341421 -10.034250 -4.390653 5.985464 2.875114 -1.848750 7.082043 -9.506239 -3.250332 2.657777 -5.399739 -10.627565 -10.850399 7.747351 15.126632 -0.386675 -19.131533 10.854631 5.498958 -23.052574 -6.989981 -0.378613
-6.485481 31.830795 -17.863489 -1.070270 -6.463219 2.768771 -1.887420 -7.699924 -18.373888 -9.988335 -4.396321 5.964099 2.895539 -1.829709 7.088198 -9.508543 -3.262362 2.640296 -5.402136 -10.628423 -10.842638 7.774318 15.115108 -0.405752 -19.129642 10.863440 5.530112 -22.962126 -7.026337 -0.290192
-6.484175 31.855162 -17.856373 -1.060750 -6.437469 2.754812 -1.869684 -7.725965 -18.394968 -9.966974 -4.382125 5.976147 2.895241 -1.832852 7.089399 -9.494557 -3.262279 2.628999 -5.408677 -10.635167 -10.825987 7.776316 15.133667 -0.418553 -19.123465 10.877092 5.538676 -22.928335 -7.026660 -0.298501
-6.556013 31.547203 -17.677347 -0.383401 -6.410203 2.299463 -3.194232 -6.952699 -17.417706 -10.119808 -4.184889 6.848422 2.415338 -1.798280 6.794266 -9.491055 -3.720609 1.928632 -5.094112 -10.599979 -10.139821 6.339496 14.741385 -0.426588 -18.119223 10.998024 8.206401 -20.201910 -7.345476 1.768697
-6.148880 31.146433 -17.795275 1.091298 -6.016593 2.355620 -5.200234 -6.118081 -15.522449 -10.446651 -4.083613 7.252398 1.890759 -1.608528 6.472827 -9.819276 -4.085786 1.054873 -4.843552 -10.698521 -9.237599 4.635877 14.172516 -0.492842 -17.477682 10.889801 10.731081 -17.195759 -7.894430 4.779770
-6.202120 30.892263 -18.179743 1.356188 -5.950581 2.255182 -5.762316 -5.839922 -15.437621 -10.360935 -4.119932 7.267093 1.648832 -1.613125 6.326388 -10.093978 -4.229703 0.842781 -4.593779 -10.822452 -9.359879 3.351486 14.092898 -1.065036 -17.219267 10.567356 11.723066 -16.509016 -8.537453 5.105834
-6.232084 31.074459 -18.598921 1.492587 -6.327982 2.268070 -5.739807 -5.889650 -15.578900 -10.045406 -4.079758 7.435462 1.728009 -1.612678 6.420352 -9.877295 -4.312988 0.988059 -4.569933 -10.684196 -9.327892 3.031899 14.208697 -1.124810 -17.238066 10.602615 11.946830 -16.602179 -8.508768 4.898169
-6.702649 31.131672 -19.247934 1.760622 -6.423074 2.118826 -6.271702 -5.802336 -15.406571 -9.702585 -4.128287 7.540214 1.482661 -1.707912 6.377532 -10.021260 -4.453356 0.967470 -4.331533 -10.666507 -9.240253 2.990485 14.048118 -1.238784 -17.094095 10.307289 12.283051 -16.204487 -8.887125 5.163610
-6.712077 30.385857 -17.973204 0.787233 -5.268233 0.675612 -7.267796 -4.256600 -14.497573 -10.847515 -4.709367 7.237838 -0.002148 -2.551735 5.211052 -11.155892 -4.782701 0.937342 -3.780222 -10.681110 -9.386521 1.154243 13.078691 -0.974418 -15.535611 9.911252 14.801915 -14.100798 -10.942136 6.879303
-3.956857 28.924223 -16.417654 1.705812 -4.063514 0.404440 -6.323346 -3.391712 -12.870509 -12.678777 -4.360706 7.164249 0.463968 -2.789293 3.959243 -11.370418 -4.925109 -0.834153 -4.613938 -10.287124 -7.715845 -4.012731 10.942653 0.856706 -12.043721 9.136845 19.811163 -10.747322 -11.327230 10.152457
-3.452834 27.821295 -16.503542 3.426363 -2.932650 0.272492 -5.557615 -3.158922 -11.370482 -13.320539 -4.187124 8.229876 0.324373 -3.021698 3.625069 -10.348877 -5.150784 -0.807902 -4.723893 -9.667191 -6.862246 -5.310680 11.079574 2.375123 -11.260431 9.643287 19.651464 -10.997203 -10.046518 10.446690
-3.110701 27.603142 -17.081858 5.029884 -2.940811 0.801528 -5.663522 -2.735268 -10.726487 -13.295936 -3.844810 8.793452 1.097767 -2.881495 3.337638 -10.271854 -4.845408 -1.443443 -4.897478 -9.403712 -7.188506 -5.964576 10.661638 2.963937 -10.566930 9.514147 19.669165 -10.139335 -11.333868 12.569572
-2.817199 27.404440 -17.759882 7.679512 -2.919323 1.986158 -5.127570 -2.849428 -10.530440 -12.723757 -3.579739 9.004825 1.099774 -2.496018 4.144590 -10.252896 -4.326281 -2.026690 -4.531501 -10.062652 -7.012493 -6.497676 9.538216 3.797343 -9.644245 9.066143 20.078493 -8.846622 -12.240736 13.848365
-2.005723 27.419384 -18.615419 9.528656 -1.762100 2.594299 -4.049505 -2.985214 -10.058277 -13.335286 -3.517679 8.591068 1.807648 -1.837629 4.150254 -10.869060 -3.826055 -3.059411 -4.662073 -10.865271 -6.411782 -7.300480 8.857179 4.546688 -9.077368 9.660769 21.450161 -6.677581 -12.758737 14.699904
-2.199628 26.012249 -20.258358 11.825637 -0.835301 2.142730 -4.688263 -2.313842 -8.570468 -13.240095 -3.433645 7.217108 2.515095 -2.317326 4.965659 -10.406316 -3.246033 -4.293731 -4.813635 -11.443537 -5.922318 -6.962999 9.382026 5.354587 -8.454839 10.807893 21.554562 -4.817681 -13.354897 15.386201
-2.634115 25.187204 -21.144329 12.248056 -1.184246 3.150908 -4.132631 -2.648826 -8.591871 -13.360176 -3.413331 7.223011 3.380484 -2.517837 5.187101 -10.403100 -2.930674 -5.033407 -4.413454 -11.568090 -4.780800 -6.800840 9.680572 6.055054 -8.236889 11.354582 21.263720 -4.072196 -13.386065 15.576163
-2.821623 25.279943 -21.144545 12.271336 -1.132268 3.207849 -4.082080 -2.643101 -8.737042 -13.238026 -3.502841 7.603236 3.817381 -2.302855 5.135513 -10.698246 -2.765364 -5.131849 -4.187234 -11.628469 -4.626688 -6.705124 9.822221 6.255750 -8.251497 11.398499 20.894621 -4.179391 -13.209291 15.635274
-2.890424 25.126629 -21.260096 12.695492 -0.995391 3.255988 -3.951627 -2.591579 -8.685861 -13.236744 -3.518512 7.664888 3.824192 -2.407485 5.116941 -10.688002 -2.707867 -5.137486 -4.070788 -11.638600 -4.580255 -6.566770 9.686754 6.322558 -8.250845 11.537509 20.998117 -4.140592 -13.192970 15.408185
-2.681816 24.912739 -21.165358 12.709293 -1.096886 3.450636 -4.366109 -2.364937 -8.548175 -13.444823 -3.430486 7.602235 4.106094 -2.273701 5.135570 -10.712985 -2.690891 -5.292458 -4.201318 -11.576314 -4.577475 -6.568459 9.506536 6.626749 -8.177154 11.585889 20.768171 -4.422528 -12.920431 15.190001
-2.775883 25.092651 -21.309408 12.877700 -1.025622 3.357764 -4.043851 -2.551232 -8.689966 -13.211501 -3.484578 7.637779 3.874681 -2.393912 5.154675 -10.694449 -2.725688 -5.173913 -4.068317 -11.571522 -4.559351 -6.498840 9.540293 6.416016 -8.275069 11.536139 20.884504 -4.298759 -13.076937 15.193721
-2.726974 24.932112 -21.218151 12.718033 -0.969056 3.339318 -4.272912 -2.450352 -8.594895 -13.415306 -3.442017 7.595374 4.045195 -2.298187 5.147002 -10.698258 -2.686974 -5.231540 -4.193816 -11.558928 -4.625939 -6.729980 9.465540 6.647745 -8.222406 11.528929 20.748930 -4.587709 -12.792159 15.082828
