-3.543979 28.298420 -16.529577 22.800611 0.506793 5.756765 -9.785842 2.777145 -11.542396 -7.944595 3.384583 7.828262 4.639232 -9.228848 1.255446 -2.785978 -0.525339 5.225362 1.594502 -10.204397 11.186368 13.425366 -15.580148 -13.252666 -14.448296 9.382696 10.775857 -24.709175 -1.430705 12.471747
-3.628294 28.349907 -16.529999 22.886604 0.522983 5.655532 -9.831757 2.663570 -11.652158 -8.164600 3.476749 7.730719 4.492177 -9.361810 1.375950 -2.553288 -0.581357 5.210381 1.558752 -10.152628 11.824417 13.738220 -16.435644 -14.025815 -14.453005 9.004996 11.054791 -25.044096 -1.470100 12.243546
-5.282681 27.287937 -14.342304 22.706512 2.381233 7.639563 -8.624945 2.686838 -9.832836 -6.991225 3.706334 8.197439 4.167757 -9.220528 0.687104 -2.600120 0.088071 4.803533 1.407512 -9.591879 9.741761 13.237631 -16.586256 -13.882147 -15.642982 8.459980 8.302304 -22.836300 -2.931161 13.195051
-5.576678 26.236471 -12.982602 23.907503 3.482987 7.954840 -7.104956 3.274349 -8.969228 -6.140027 3.975873 8.365861 3.979748 -9.500383 0.357543 -1.997094 0.593313 5.157527 1.443967 -9.050531 9.557338 12.796551 -17.013845 -14.293045 -16.253878 8.705740 7.408812 -20.865183 -3.153819 13.903861
-6.554955 24.696222 -10.862264 24.255682 5.062944 8.986924 -5.385342 4.432402 -7.521472 -4.653943 4.284195 8.610012 3.534699 -9.691080 -0.027321 -1.593432 1.165007 5.179750 1.405036 -8.468862 8.578944 12.131948 -18.000338 -14.980578 -17.051470 8.648562 5.638268 -18.788309 -3.837360 14.410048
-7.035908 23.321814 -9.482820 25.324930 5.976577 9.007646 -4.316759 5.232880 -6.879916 -4.330877 4.552998 8.655310 3.170982 -9.917704 -0.516671 -1.325632 1.837633 5.275784 1.445058 -8.046090 8.625801 12.214800 -18.390326 -15.726726 -17.341419 8.879259 4.615707 -17.408905 -4.105139 14.162132
-7.361947 22.384548 -8.743520 26.358313 6.648177 8.822948 -3.517446 5.636508 -6.614520 -4.235714 4.732422 8.753057 3.012100 -10.015598 -0.688972 -0.933650 2.326827 5.511503 1.341523 -7.873438 8.548074 11.952933 -18.830164 -16.685942 -17.072439 9.110577 3.938562 -16.931139 -4.788201 14.358363
-7.738742 21.580706 -7.790470 27.188766 7.053496 8.618340 -3.028159 5.985722 -6.648700 -4.501731 4.904090 8.488953 2.861135 -10.098005 -0.932123 -0.823578 2.760042 5.788040 1.518297 -7.848990 8.599823 11.748344 -19.030943 -17.540764 -16.671984 9.463381 3.521100 -16.487238 -5.035330 14.359337
-8.082762 21.221029 -7.298936 27.783411 7.556337 8.373477 -2.572008 6.048462 -6.637952 -4.341844 4.719625 8.353171 2.703184 -10.223265 -0.976136 -0.904426 2.997361 5.928203 1.599770 -7.975112 8.452116 11.211273 -19.470190 -18.126980 -16.455606 9.511120 3.040936 -16.495554 -5.051876 14.507522
-8.484452 21.299561 -6.911999 28.319324 7.720688 7.559571 -2.891701 5.817114 -7.207032 -4.772320 4.886326 8.389682 2.430283 -10.353395 -1.261767 -0.898533 3.099870 5.971736 1.749462 -7.905807 8.691468 10.620206 -19.862892 -19.182495 -15.745729 9.670736 2.782164 -16.247171 -5.372803 14.936844
-9.214054 21.558460 -6.013116 28.582945 7.983185 7.026175 -2.989804 5.473810 -7.690698 -4.897629 4.987618 8.451063 2.018785 -10.445526 -1.487222 -0.886070 3.158109 6.001666 1.869462 -7.904718 8.724509 10.102719 -20.491007 -20.547775 -14.880615 9.865679 2.130973 -16.477102 -5.813965 14.803729
-10.176796 22.581253 -5.439625 28.682503 7.950147 6.240610 -3.265097 4.571514 -8.967224 -5.534737 4.968472 8.576839 1.452480 -10.589987 -1.879318 -1.088484 3.222490 5.778395 2.076110 -7.783275 8.418136 9.770023 -20.973097 -21.487188 -14.362351 10.093645 1.743622 -16.758965 -6.095460 14.761096
-10.872224 23.452866 -5.122330 28.431801 7.805336 5.365157 -3.814855 3.992523 -10.163320 -6.007775 5.123287 8.699518 1.161727 -10.702418 -2.194871 -1.122647 3.175567 5.535373 2.233976 -7.646256 8.097768 9.600612 -21.425425 -21.757221 -14.222254 10.033270 0.927384 -17.080097 -6.277356 14.181786
-11.689017 24.539730 -4.612858 27.815683 7.742638 5.182422 -3.940990 3.254217 -10.950469 -6.207279 5.086696 8.782178 0.375568 -10.910249 -2.443841 -1.294375 3.056336 5.139048 2.417974 -7.533464 7.940268 9.319347 -22.856916 -21.718864 -14.041360 9.792507 0.775401 -17.989176 -5.991075 13.318834
-12.211064 25.831713 -4.346875 27.130804 7.410282 5.017177 -4.299212 2.319198 -12.130407 -6.615678 5.410904 8.750335 -0.024871 -11.001715 -2.660467 -1.320783 2.763628 4.867537 2.646419 -7.306854 8.087789 9.026731 -23.684505 -21.310631 -13.728901 9.306063 0.219690 -19.252651 -5.594578 12.552569
-12.446401 26.695320 -3.983746 26.274446 6.737190 5.347363 -4.435484 1.811386 -12.481807 -6.737545 5.471717 9.089417 -0.177948 -10.830767 -3.033136 -1.842174 2.467589 4.490230 2.868407 -7.303358 8.166203 8.374748 -23.525995 -21.029350 -13.247246 8.871895 -0.136323 -20.812119 -5.514499 12.443320
-12.396667 28.238472 -4.087277 25.256968 6.217029 5.403303 -4.914657 1.335117 -13.096602 -6.609468 5.538244 9.008924 -0.657401 -10.747252 -3.176560 -2.417704 2.081187 4.255107 3.242299 -7.502809 8.541755 7.786681 -23.624914 -20.279806 -12.864122 8.220896 -0.569240 -22.676317 -4.972627 11.656109
-12.475766 29.380373 -4.275047 24.495394 5.847755 5.520177 -5.139575 0.668314 -13.515903 -6.657600 5.730145 9.017200 -0.817946 -10.583090 -3.180375 -2.687901 1.790699 4.147992 3.401173 -7.759935 8.524632 6.956252 -23.637415 -19.667606 -12.273712 7.633755 -0.391893 -24.503077 -4.500828 11.668220
-12.483598 30.106628 -4.713066 23.747843 5.572531 5.885857 -5.571002 0.225742 -13.558808 -6.619719 6.107855 8.780082 -0.921091 -10.332310 -3.258372 -3.085159 1.540089 4.103631 3.679883 -8.217570 8.693195 6.585887 -23.499868 -18.792212 -11.879581 7.082042 -0.128061 -25.756777 -4.108223 11.870438
-12.311536 31.143559 -5.219882 23.445339 5.365364 6.322203 -5.955968 -0.441098 -13.619576 -6.653409 6.398674 8.581497 -1.026703 -10.270854 -3.121893 -3.082200 1.372871 3.966652 3.679489 -8.244724 8.900977 6.444094 -23.987455 -18.439926 -11.401527 6.800189 0.029253 -26.678949 -3.980958 12.050512
-12.375706 30.980656 -5.255790 23.507301 5.451174 6.404817 -6.011312 -0.503123 -13.666150 -6.825059 6.370374 8.575072 -0.957837 -10.224718 -3.008920 -3.086337 1.289068 4.030958 3.659300 -8.334663 8.839033 6.599024 -24.079193 -18.645733 -11.231724 6.962481 -0.029126 -26.719244 -4.052645 12.045774
-12.410446 30.990675 -5.218663 23.521883 5.454029 6.384731 -6.005122 -0.533012 -13.714042 -6.849801 6.395805 8.571236 -0.968690 -10.192059 -2.995540 -3.105814 1.321245 4.043394 3.645222 -8.352955 8.824985 6.581195 -24.058908 -18.646532 -11.234314 6.978621 -0.009740 -26.762230 -4.015423 12.016129
-10.693446 29.471165 -4.129419 25.437536 4.691598 2.565161 -4.199572 2.457949 -15.394120 -5.039431 4.859672 8.257966 -0.749888 -11.609226 -3.305117 -2.871565 2.171540 3.769412 4.210639 -6.319158 9.456662 6.285065 -23.772619 -20.543728 -13.652437 8.550411 -0.531049 -21.648922 -3.613028 9.263955
-8.819155 25.357313 -4.571435 27.899553 6.111489 1.811076 -2.953234 5.536971 -13.103141 -3.235625 3.731905 7.745635 -0.321155 -12.322151 -2.849001 -2.617575 2.770035 4.309766 4.480971 -5.525086 10.663804 6.012049 -22.297850 -21.707008 -15.189065 10.159770 1.689194 -17.162436 -1.401622 9.602178
-7.695791 23.935665 -4.251419 25.813150 4.888547 2.299172 -2.974801 8.074364 -12.033689 -1.612000 2.842396 7.002731 0.303970 -12.416036 -2.054407 -2.907448 3.059579 4.506677 4.503474 -5.196715 11.917123 5.773860 -21.552990 -20.293587 -16.059473 10.043310 3.099034 -15.881688 0.349914 10.235373
-6.917297 23.169973 -3.807615 22.042692 2.975232 2.790913 -2.933373 10.795125 -12.298387 -0.657701 2.055291 5.982914 0.899472 -12.107187 -1.371087 -3.760363 3.197008 4.152307 4.342895 -5.178289 12.620700 5.585328 -20.322622 -18.581615 -17.272219 9.623369 4.226616 -15.319371 1.543062 9.468948
-6.205226 23.461569 -4.485258 20.434694 1.726948 2.277707 -3.804972 11.736661 -12.457718 -0.159603 1.585844 5.762248 0.973080 -12.007780 -0.864166 -3.982044 3.221373 4.139951 4.086739 -5.182472 12.945752 5.473490 -19.226118 -17.296677 -18.255247 9.732618 5.038013 -15.119410 2.644391 9.105466
-4.436049 24.071175 -5.830402 18.603991 0.496355 1.608418 -5.908261 13.096301 -11.181550 2.210531 0.575513 5.837154 0.536893 -12.146463 -0.371536 -4.635970 2.562061 3.895977 4.257263 -5.497379 12.908401 4.821088 -17.970648 -16.417130 -19.036333 9.655397 7.978046 -14.824300 4.552887 9.987967
-2.136010 24.851181 -7.690916 17.890343 -0.806294 -0.295379 -8.355832 14.418356 -9.796356 4.201385 -0.506560 5.626850 0.772603 -12.472359 0.223181 -4.641090 1.928910 4.002479 4.310014 -6.073689 12.139113 4.406579 -16.682886 -15.701123 -20.419252 9.843663 10.894250 -13.796869 6.119631 10.067939
-1.943134 24.950285 -7.937265 17.765373 -0.892224 -0.451366 -8.643498 14.552040 -9.446922 4.557150 -0.620792 5.348137 0.936572 -12.570312 0.448533 -4.648582 1.966656 4.182949 4.377476 -6.033655 12.023086 4.623116 -16.356403 -15.335435 -20.946960 9.974293 11.314981 -13.323993 6.302789 9.917358
-1.964542 24.970270 -8.001783 17.811733 -0.841013 -0.462919 -8.579690 14.463609 -9.499309 4.455410 -0.599229 5.429316 0.861905 -12.569731 0.418900 -4.636355 1.916425 4.160833 4.376649 -6.105977 11.997836 4.647171 -16.384218 -15.372252 -20.948858 9.967781 11.241544 -13.365426 6.276981 9.889295
-1.985758 25.035286 -7.936788 17.836386 -0.831926 -0.455810 -8.578277 14.461860 -9.540015 4.476725 -0.586097 5.439011 0.855427 -12.563726 0.417911 -4.624326 1.919270 4.173221 4.364930 -6.096458 12.019514 4.586993 -16.421444 -15.447433 -20.887274 9.966692 11.266799 -13.371991 6.283015 9.908764
-1.969253 25.073961 -8.033918 17.949163 -0.784029 -0.436766 -8.545110 14.404006 -9.588260 4.391810 -0.555401 5.440318 0.922824 -12.561441 0.445015 -4.583600 1.894420 4.189614 4.357156 -6.047776 12.035050 4.673100 -16.447752 -15.471441 -20.806166 9.976700 11.178432 -13.496863 6.168019 9.893542
-2.007311 25.071453 -7.990150 17.922777 -0.761251 -0.488491 -8.509418 14.422721 -9.614475 4.421154 -0.549015 5.448661 0.892436 -12.553856 0.439993 -4.583200 1.911322 4.189319 4.345382 -6.051515 12.026253 4.607096 -16.423363 -15.434360 -20.837454 9.973803 11.245766 -13.465463 6.192606 9.912707
-2.072407 25.095325 -7.995943 18.069752 -0.663245 -0.517487 -8.395026 14.307190 -9.687648 4.308985 -0.506837 5.481292 0.904972 -12.562801 0.433159 -4.562021 1.871821 4.211045 4.357285 -6.065499 12.053172 4.673177 -16.445696 -15.501811 -20.693811 9.983782 11.118833 -13.603329 6.113282 9.857416
-1.995650 25.127335 -8.025463 17.992868 -0.700749 -0.515337 -8.466972 14.348438 -9.676785 4.359415 -0.521919 5.484873 0.914946 -12.583405 0.429257 -4.555859 1.871096 4.208662 4.370897 -6.082176 12.089180 4.659304 -16.445988 -15.639567 -20.572081 10.020981 11.116160 -13.757214 6.079438 9.814610
-1.893174 25.100056 -8.002469 18.083197 -0.746460 -0.518158 -8.496844 14.423976 -9.657006 4.329074 -0.497010 5.463594 0.973460 -12.580509 0.490535 -4.523456 1.846637 4.291383 4.364305 -6.047887 12.076720 4.626594 -16.447008 -15.572655 -20.654640 9.976015 11.166081 -13.751988 6.164118 9.770667
-1.931557 25.105186 -8.034511 18.013027 -0.737171 -0.565341 -8.489896 14.400088 -9.645799 4.364047 -0.577450 5.577125 1.098030 -12.487774 0.372434 -4.711175 1.891272 4.288755 4.420699 -6.123497 12.003486 4.516305 -16.002604 -15.600871 -20.630558 10.015718 11.009305 -13.795934 6.113504 9.898675
-1.930366 25.088560 -8.007528 18.026266 -0.766327 -0.494237 -8.514153 14.405288 -9.624202 4.344595 -0.576618 5.561062 1.101074 -12.480091 0.385984 -4.720661 1.890547 4.305095 4.422159 -6.120352 12.010457 4.507418 -16.030264 -15.605725 -20.623764 9.990895 11.001117 -13.748239 6.111475 9.967676
-1.955250 25.111563 -7.902694 18.021700 -0.751067 -0.469721 -8.535594 14.394397 -9.642229 4.320480 -0.580218 5.561255 1.047578 -12.481926 0.362722 -4.737902 1.916298 4.278022 4.422739 -6.090092 11.997436 4.532572 -16.028418 -15.617679 -20.639791 9.993633 11.009096 -13.714522 6.113331 9.971571
-1.887443 25.072556 -8.008629 17.923277 -0.876578 -0.402768 -8.596058 14.466990 -9.631272 4.414741 -0.649618 5.698467 1.251249 -12.382607 0.233772 -4.943844 1.930887 4.284052 4.488464 -6.196229 11.894370 4.331607 -15.140443 -15.573548 -20.669159 10.021515 10.718604 -13.696642 6.083822 10.314882
-1.979808 24.965431 -7.952624 17.887579 -0.949730 -0.286177 -8.585435 14.452353 -9.594185 4.424617 -0.656109 5.652509 1.223508 -12.386061 0.263395 -4.927870 1.938661 4.284733 4.469042 -6.200506 11.866530 4.175411 -14.679987 -15.656357 -20.643503 10.076687 10.541063 -13.716567 6.067211 10.382417
0.073831 23.324219 -9.097524 17.978716 -1.721572 0.265164 -8.949654 15.977245 -7.811305 5.932759 -1.241477 4.557409 2.365022 -12.489632 1.381103 -4.252301 2.376089 4.406695 4.221470 -4.774168 12.483710 5.939965 -14.756326 -13.777534 -22.675297 9.916608 12.917703 -10.746512 6.969020 10.116988
2.273309 21.370811 -9.020203 18.693449 -3.841454 1.560009 -9.425125 18.107174 -6.071229 6.270035 -1.598395 3.998006 3.941822 -12.156717 2.242460 -4.169794 2.781350 4.532194 3.719347 -3.264433 14.583352 7.842535 -13.848963 -12.236967 -23.974394 9.722084 13.706918 -7.246910 6.931891 10.850327
3.534834 20.945656 -8.197318 18.804600 -5.927536 1.990198 -10.234775 19.872005 -5.654193 6.585112 -1.576565 4.412503 5.150271 -11.809327 1.499466 -4.454748 3.795531 4.614882 3.438347 -2.473887 16.692114 6.914441 -9.691868 -10.719731 -24.064236 8.866427 12.352796 -3.664958 6.709232 15.552525
3.390929 20.003260 -5.921478 19.113739 -6.954930 3.096674 -10.029002 20.411171 -5.560698 6.650331 -1.309327 3.533485 5.504600 -11.860474 1.722108 -3.534811 4.918342 4.685035 2.916420 -1.761997 18.786053 6.264748 -12.175611 -8.563552 -23.864080 7.696259 12.221639 -1.400448 8.298207 18.149645
3.078832 17.556669 -4.457240 19.686876 -8.116203 4.385653 -9.283600 20.692223 -4.890008 5.862766 -1.287586 2.997038 6.116108 -11.885374 1.793279 -2.946072 6.031205 4.860312 2.447757 -1.141265 20.624485 5.753224 -14.167115 -6.226647 -23.693563 6.430098 10.862802 -1.985922 10.730865 18.057711
3.949189 15.122255 -4.523438 19.786501 -10.100698 4.967549 -8.810651 21.880856 -4.941909 4.205373 -1.128804 3.030307 7.416288 -11.512718 1.601203 -2.441308 6.622952 4.407260 1.592355 -1.280595 22.759695 5.500070 -13.207611 -4.462352 -23.395546 5.940336 9.417680 -3.628232 13.036818 16.698143
4.857127 12.838436 -5.418814 20.047882 -12.222517 5.541281 -8.598470 23.456450 -5.165571 2.312780 -0.664074 2.843559 8.819467 -11.245198 1.202035 -1.971394 6.627842 3.231483 0.503249 -1.359967 25.851843 7.729596 -12.666068 -2.491010 -23.461441 5.555349 7.088254 -5.671823 14.783582 14.390080
4.882133 10.039282 -4.820649 20.274900 -14.042767 7.272244 -8.014088 25.750917 -5.189807 -0.052757 -0.286250 2.406276 10.392593 -10.844618 0.741518 -1.255301 6.884232 1.709235 -1.147735 -1.765441 28.277493 12.781329 -11.412700 -1.686688 -24.876566 6.345521 3.639507 -5.557207 14.710243 11.728889
4.971965 8.080254 -2.472782 19.993294 -15.687222 10.552062 -7.024285 28.031239 -4.410511 -2.155202 -0.130636 2.145911 10.561844 -10.819269 -0.331043 -1.199578 6.903607 -0.129694 -2.046167 -2.762722 30.194834 16.041191 -12.269610 -0.789412 -26.162485 6.135665 -2.341492 -5.938025 14.747561 10.661470
4.594401 6.970571 0.282788 20.359169 -16.244268 14.363118 -4.235646 29.248888 -3.799435 -2.648037 -0.305142 1.304205 9.890784 -10.836995 -1.475996 -1.676837 7.484199 -1.633950 -2.611431 -4.131556 30.279737 17.836271 -13.874940 1.269189 -27.644827 5.490396 -7.347031 -6.801244 15.760910 10.264275
4.120548 6.546741 2.214176 21.255014 -15.754159 16.267612 -0.973310 29.740910 -4.022504 -2.597663 -0.454223 0.704342 9.130767 -11.418027 -2.061078 -1.720052 7.656006 -2.665055 -2.708260 -4.434732 29.305223 18.544714 -16.487787 2.598583 -29.106758 5.125369 -9.268367 -7.990753 18.031652 8.045708
2.887421 7.084291 2.039922 21.447401 -14.460550 15.282680 -0.502384 28.941889 -4.508679 -2.646787 -0.524005 1.609008 8.872254 -11.459999 -2.283325 -1.866237 7.761799 -2.325360 -2.499275 -4.322938 29.349855 16.706013 -14.839351 1.115912 -28.269283 6.030507 -9.798902 -8.080022 16.704271 9.041173
1.860023 7.935804 0.537950 22.157274 -12.681002 13.636199 -0.502893 27.904713 -5.208067 -2.439032 -0.420850 3.039604 8.198240 -11.715928 -2.283679 -1.619016 7.184308 -1.886758 -2.012507 -3.714403 28.579176 15.374825 -14.246750 -0.558149 -27.734732 6.882138 -8.251938 -7.776989 15.244516 8.398993
1.620681 7.948522 -0.103113 22.404051 -12.569932 13.278918 -0.909774 27.549360 -5.645410 -2.325709 -0.426691 3.761703 8.046162 -11.919128 -2.133638 -1.463157 6.888544 -1.373580 -1.559105 -3.049791 28.733799 15.719897 -13.801418 -1.223013 -27.710489 7.246881 -7.376662 -7.169225 14.630246 8.372616
1.357261 8.028647 0.095468 22.501993 -12.184183 13.548217 -0.740237 27.350714 -5.602113 -2.288192 -0.430808 3.645116 7.398679 -12.142861 -1.961609 -1.187947 6.933407 -1.427918 -1.623728 -2.946541 29.002901 15.707111 -15.049579 -1.304797 -27.693531 7.334641 -7.301148 -7.383186 14.712494 7.495711
1.038866 8.156787 0.664926 22.371881 -11.721918 13.472711 -0.276241 27.572931 -5.560474 -2.162098 -0.520853 3.923003 7.465456 -12.014863 -2.348574 -1.622572 7.010427 -1.528036 -1.572292 -3.261667 28.558249 15.122446 -14.158416 -1.210737 -27.841516 7.338746 -8.729291 -7.672134 14.791323 8.013077
0.667617 8.201262 2.478112 22.199100 -11.847752 13.870679 0.878902 28.376406 -5.984650 -1.014356 -0.747103 3.979013 6.712407 -12.156913 -2.857856 -1.818774 7.158682 -2.028435 -1.582636 -3.440571 28.135202 13.041326 -15.157228 -0.753467 -28.433405 7.013077 -9.131313 -7.231656 15.767185 8.154796
0.770337 9.145820 5.100999 21.582823 -12.735667 13.641641 0.335100 28.880026 -5.717685 0.765394 -0.753040 3.773605 5.954552 -12.316057 -3.777805 -2.051465 7.483425 -2.958945 -1.652036 -4.113097 27.991390 10.491484 -16.308277 -0.577633 -28.296865 6.648597 -8.548532 -6.088896 17.532866 8.768384
