-0.074047 26.068472 -10.309494 4.651743 3.408537 -6.489434 10.165948 12.059886 18.496401 -7.608657 -3.543394 6.380557 -0.555093 -9.637480 9.820038 -0.002060 -1.806635 -0.139519 -5.004469 -6.194264 -2.894955 15.785367 -15.043190 15.331470 -15.199677 18.865538 10.593062 -13.229218 0.072852 8.744430
-0.017107 26.032322 -10.157729 4.626802 3.535740 -6.562470 10.386283 12.114945 18.666819 -7.880651 -3.517847 6.420395 -0.560671 -9.647645 9.824617 0.057420 -1.820279 -0.154521 -5.012240 -6.151016 -2.873934 15.943438 -15.421353 15.349858 -15.270712 18.865734 10.608276 -13.244761 0.078972 8.502099
-1.874481 27.306849 -14.984025 -4.762111 9.066821 -12.453330 11.838240 6.020955 15.985989 -7.178023 -2.039721 9.433549 -3.717558 -4.372071 12.274665 -1.869322 -5.209546 0.733455 -3.800621 -8.299277 -13.781280 9.598799 -15.001555 14.145063 -8.053576 21.588148 20.524286 -13.637235 -5.213025 4.084558
-2.630196 27.764500 -15.174041 -5.627344 9.761028 -13.609712 11.880594 4.803008 15.844042 -6.905175 -1.800761 9.873648 -4.369718 -3.732080 12.131981 -1.806564 -4.961254 0.963949 -4.320517 -8.872419 -15.515817 10.361431 -15.378854 12.694396 -8.071373 21.265127 20.724192 -13.879185 -6.355710 3.985174
-2.892422 28.318241 -16.065813 -5.843086 10.421625 -14.595113 12.203687 3.579775 15.463264 -6.274914 -1.752662 9.960437 -5.054828 -3.310663 11.925984 -1.929240 -5.361743 1.444839 -4.563541 -9.389081 -17.095720 10.926331 -15.532708 11.457180 -8.312903 20.724415 21.219233 -14.330785 -7.137958 3.894917
-2.981042 28.407215 -16.294664 -5.957420 10.756017 -14.812758 12.312461 3.167874 15.382424 -6.197338 -1.811054 10.030238 -5.387826 -3.179145 11.929904 -2.044557 -5.499337 1.566803 -4.520923 -9.695288 -17.429960 10.875716 -15.608924 11.152116 -8.239026 20.640156 21.401056 -14.284888 -7.425644 3.989190
-3.154485 28.628283 -16.453249 -6.063883 11.232277 -15.231414 12.415548 2.764590 15.263679 -6.007281 -1.782792 10.087819 -5.513351 -3.169608 11.903151 -2.072953 -5.589847 1.572917 -4.466815 -9.736958 -17.773552 10.728760 -15.669658 10.959445 -8.198250 20.581430 21.606539 -14.372877 -7.587995 4.165589
-3.161899 28.625244 -16.491663 -6.110622 11.272078 -15.270318 12.383962 2.762900 15.273906 -6.024137 -1.795768 10.073657 -5.515707 -3.155915 11.909294 -2.093125 -5.577882 1.561363 -4.466335 -9.772655 -17.811981 10.712525 -15.669177 10.873555 -8.179410 20.517210 21.669012 -14.325284 -7.699388 4.175294
-3.160757 28.626995 -16.492918 -6.113679 11.271526 -15.273423 12.381727 2.763582 15.272693 -6.023327 -1.797392 10.074647 -5.517071 -3.158094 11.907660 -2.092249 -5.574565 1.560598 -4.466690 -9.776074 -17.800745 10.714209 -15.666687 10.872796 -8.181404 20.516796 21.667303 -14.318597 -7.702783 4.173272
-3.170989 28.632668 -16.498306 -6.121198 11.291382 -15.286748 12.393117 2.747540 15.267584 -6.020147 -1.795249 10.073092 -5.513856 -3.159315 11.905989 -2.090937 -5.572898 1.556809 -4.468590 -9.776944 -17.812769 10.714295 -15.669424 10.866267 -8.178196 20.517946 21.669807 -14.318654 -7.712566 4.179542
-3.197446 28.642962 -16.509684 -6.142623 11.337086 -15.290698 12.420835 2.694887 15.262853 -6.023745 -1.801471 10.079527 -5.529054 -3.160975 11.907669 -2.089413 -5.564404 1.565247 -4.464214 -9.787278 -17.776865 10.707782 -15.668200 10.895082 -8.161770 20.505735 21.666105 -14.312292 -7.735343 4.180023
-3.197046 28.643524 -16.509260 -6.141838 11.336802 -15.291117 12.420972 2.695500 15.262664 -6.023173 -1.801369 10.079560 -5.529068 -3.160964 11.907651 -2.089461 -5.564493 1.565114 -4.464176 -9.787231 -17.777060 10.707926 -15.668317 10.895615 -8.161643 20.506063 21.665918 -14.312450 -7.734602 4.180104
-3.199788 28.643356 -16.509272 -6.138017 11.333793 -15.294415 12.416326 2.690044 15.258748 -6.032701 -1.801369 10.079560 -5.529068 -3.160964 11.907651 -2.089461 -5.564493 1.565114 -4.464176 -9.787231 -17.778786 10.706714 -15.670390 10.895451 -8.161630 20.504622 21.663454 -14.312467 -7.736701 4.179730
-3.199704 28.643490 -16.509249 -6.138101 11.334028 -15.294435 12.416684 2.689714 15.258615 -6.032727 -1.801286 10.079404 -5.528612 -3.160929 11.907580 -2.089468 -5.564330 1.564758 -4.464459 -9.787364 -17.779589 10.706741 -15.670313 10.894769 -8.161672 20.504446 21.663717 -14.312747 -7.737513 4.179243
-3.199369 28.644857 -16.508644 -6.137329 11.334229 -15.294959 12.417352 2.689811 15.257838 -6.031723 -1.801190 10.079796 -5.529598 -3.160285 11.907980 -2.089419 -5.564383 1.565526 -4.464437 -9.788029 -17.782427 10.706844 -15.670800 10.892898 -8.159694 20.503452 21.665249 -14.311226 -7.743069 4.181088
-3.286350 28.589846 -16.563931 -6.114865 11.284430 -15.357600 12.565384 2.633686 15.389701 -6.050265 -1.798430 10.065135 -5.547257 -3.162884 11.922835 -2.079299 -5.557589 1.560786 -4.474211 -9.809587 -17.763628 10.846880 -16.072454 10.928240 -8.196212 20.485823 21.743200 -14.291668 -7.766371 4.003552
-3.200095 28.635555 -16.543299 -6.151474 11.338191 -15.316224 12.401069 2.678701 15.258367 -6.031053 -1.803868 10.078762 -5.538130 -3.152754 11.913382 -2.093727 -5.554343 1.563739 -4.471457 -9.814524 -17.775558 10.715534 -15.674366 10.898778 -8.152132 20.516571 21.656916 -14.289266 -7.756067 4.195452
-3.199941 28.635542 -16.543024 -6.151261 11.337898 -15.315984 12.401047 2.678936 15.258375 -6.031059 -1.803970 10.082264 -5.537660 -3.152959 11.910851 -2.095473 -5.554373 1.563686 -4.470507 -9.814867 -17.775177 10.715461 -15.674214 10.899226 -8.152341 20.516680 21.656641 -14.289717 -7.755341 4.195107
-3.209133 28.638132 -16.552313 -6.161680 11.355139 -15.328159 12.405995 2.663127 15.255834 -6.030227 -1.802130 10.080261 -5.535661 -3.153767 11.910383 -2.093851 -5.553107 1.560448 -4.472086 -9.815098 -17.787020 10.715782 -15.677282 10.893413 -8.149035 20.518549 21.658804 -14.289868 -7.764327 4.201992
-3.276916 28.586210 -16.554281 -6.104505 11.265839 -15.344094 12.559923 2.650424 15.392885 -6.051936 -1.800107 10.068222 -5.548061 -3.163454 11.921115 -2.082061 -5.558832 1.563070 -4.472152 -9.806073 -17.744919 10.846475 -16.068758 10.940942 -8.199970 20.485495 21.737354 -14.293387 -7.751542 3.994957
-3.277217 28.586813 -16.554895 -6.104600 11.266296 -15.344945 12.560444 2.650104 15.392569 -6.051604 -1.800603 10.067646 -5.548793 -3.163146 11.922029 -2.081434 -5.559072 1.562896 -4.471995 -9.807247 -17.745195 10.846020 -16.068888 10.940578 -8.199528 20.485067 21.737614 -14.292989 -7.752622 3.995507
-13.993220 24.398941 -4.384258 -6.276641 19.481253 -7.672494 15.635107 0.947684 20.269127 -5.126624 3.329149 11.003020 -8.236669 -3.103740 7.321178 -0.480101 -1.044704 1.723840 -4.399074 -8.527937 -22.567251 6.128514 -23.674677 8.929228 -7.514662 16.663559 10.254384 -9.641315 -14.208672 6.064873
-16.373579 24.483536 -1.192151 -6.841773 20.874798 -6.098346 16.040718 0.679428 20.871641 -4.036447 3.169725 11.271942 -9.167552 -2.941730 7.308770 -0.402316 0.092112 2.074953 -4.581402 -8.498372 -24.341738 4.029147 -25.380209 8.789985 -7.143960 15.946567 8.480902 -9.302382 -14.181559 7.340511
-17.381279 25.814575 1.880092 -6.355660 22.110956 -6.088197 16.677401 1.014464 21.010126 -1.568872 1.853975 12.373999 -10.273654 -2.799634 7.806696 -0.344439 0.935155 1.887060 -5.550338 -7.850075 -24.015913 3.309315 -26.817093 7.535256 -7.214447 16.492416 7.110930 -7.157458 -13.694645 9.148842
-18.023590 27.333916 3.312424 -5.795236 23.675287 -6.781835 16.957411 0.863687 21.033186 0.813450 1.782562 12.484575 -11.233222 -2.605982 7.706023 -0.267780 1.755620 2.289088 -5.514073 -7.392801 -24.141882 1.645003 -28.361666 6.815763 -7.150383 16.262110 6.601521 -6.329525 -12.931464 10.835400
-20.041426 27.745003 4.516387 -4.968820 24.180967 -5.662845 12.686597 0.041403 15.746560 4.822217 1.393739 11.979148 -12.555674 -1.959439 7.784135 -1.056346 3.036497 2.561146 -5.507184 -6.794183 -24.758406 -2.230647 -25.495558 4.858240 -6.391051 15.786368 3.964189 -6.342443 -12.330298 12.910239
-21.602276 28.368137 5.700661 -5.632695 23.765594 -6.822000 9.728654 -1.128627 12.506406 6.747697 1.118981 10.629637 -13.342834 -1.316984 7.754999 -1.940562 4.107398 3.100362 -5.342097 -6.395822 -24.568779 -5.664221 -24.645060 4.119421 -6.296321 14.719282 3.255660 -6.210313 -10.526489 13.042005
-22.687971 27.999870 7.479751 -6.305410 23.267902 -8.236365 8.201604 -1.068319 10.673768 7.427101 1.038081 9.739005 -13.812466 -0.577041 7.541050 -2.753776 4.872443 3.359241 -5.539674 -6.289845 -24.316345 -7.586522 -25.579092 2.933129 -6.423520 14.079740 1.972032 -5.509885 -9.193661 13.053833
-23.849829 26.894827 8.912663 -5.836111 23.737509 -9.085795 6.134225 -0.299984 9.281587 8.112879 0.531257 8.444220 -13.991239 0.000591 7.700498 -3.378148 5.865943 4.007049 -5.627098 -6.012425 -24.227934 -9.599376 -24.956318 1.688315 -6.121506 13.893090 1.771933 -4.200171 -8.325266 13.399472
-26.032490 25.472141 9.772217 -7.369485 21.469664 -10.840281 3.463938 0.353025 7.256763 9.781610 0.545764 7.026217 -13.709846 0.975327 8.125795 -4.100418 6.978515 4.749543 -5.611514 -6.109371 -23.648985 -12.097544 -23.023149 1.304533 -5.154676 13.979876 0.727723 -3.869483 -7.031701 13.186612
-26.798260 23.874401 10.594634 -8.307473 20.860853 -11.102332 0.204627 0.998965 4.560459 12.229122 1.116970 5.774287 -13.467093 1.355181 8.310460 -4.557655 8.105963 5.651999 -3.866881 -6.554418 -23.761446 -15.729027 -19.707478 1.407132 -4.158601 14.423187 -0.244206 -2.933367 -5.307847 14.125226
-28.637466 21.224360 12.494237 -9.207493 18.389320 -11.708383 -1.253464 2.254270 2.261170 13.959182 1.451374 3.935255 -13.003317 2.420056 8.768590 -5.570226 9.113461 5.896677 -2.677815 -6.847082 -22.935030 -19.148512 -18.092115 2.695335 -2.221133 15.422014 -1.471972 -2.082309 -3.444267 13.824644
-29.104897 18.362955 14.776456 -9.920524 15.841166 -11.765289 -2.522099 3.650882 -1.502003 16.352280 1.183165 2.236927 -12.169206 3.138722 9.290329 -6.452785 10.053629 5.615477 -1.393306 -5.940068 -21.053188 -21.611980 -15.553095 4.321805 -0.895128 16.433237 -2.099672 -0.640511 -0.335430 13.534390
-28.316692 14.820133 16.370771 -8.744702 13.689502 -12.555863 -4.621869 6.461217 -4.512499 17.689871 1.228881 1.351090 -11.215641 3.707981 9.423937 -7.106826 10.963413 4.366574 -0.325571 -4.595349 -18.519997 -23.284769 -14.562391 5.804567 -0.526622 17.136089 -2.404661 1.657282 2.659404 12.370841
-26.968655 11.453393 16.975018 -7.096046 10.569481 -13.941675 -4.310287 9.422244 -6.732762 20.339628 1.174687 0.768763 -10.237528 3.850924 9.389424 -7.341925 11.732475 4.050570 0.630545 -2.909856 -15.280728 -24.347799 -13.453549 7.069768 -0.671296 17.913565 -1.577452 4.630522 6.057418 11.491282
-24.455761 8.809101 17.874453 -5.523252 5.837015 -13.172673 -3.525527 13.266441 -9.022017 23.030764 1.017725 -0.878349 -9.085435 3.251294 9.366573 -7.450938 12.845367 3.682089 2.007960 -1.726057 -11.715148 -24.127628 -9.881612 9.600970 -2.348554 18.930666 -2.292454 7.446215 10.385489 11.027734
-21.563156 5.251140 19.269468 -3.646630 0.938178 -11.217725 -2.388726 18.137690 -12.698445 26.807215 0.537386 -2.790981 -8.001090 2.417506 9.353521 -8.043652 13.187449 2.694209 3.749595 0.320089 -6.744411 -23.861847 -6.962271 12.046966 -4.070437 18.906477 -3.732467 11.071471 13.173791 10.268258
-20.339144 4.410215 19.126352 -3.149248 -0.102485 -11.371800 -1.701844 19.340866 -12.792269 27.211361 0.577644 -2.893637 -7.914015 2.417660 9.133991 -8.179912 13.305038 2.345358 4.173363 0.926795 -5.831254 -23.978804 -6.524084 11.991595 -4.412640 19.357746 -4.381318 12.305776 13.407517 9.280958
-19.170490 3.436640 19.384295 -3.295698 -2.115274 -8.549279 -2.683297 21.053053 -13.315268 28.031412 0.850262 -3.704745 -7.366485 1.790860 8.655449 -8.411664 13.388762 1.867651 4.831791 1.167677 -3.888567 -23.848436 -5.091271 13.084428 -4.849716 18.949633 -5.188768 12.440259 13.733850 9.127559
-18.157303 3.684365 18.862532 -3.034280 -2.787748 -8.640407 -3.929696 22.625895 -13.650586 29.153440 1.271955 -4.084439 -7.205562 1.436683 8.412624 -8.358628 13.169008 2.097203 5.369897 1.447789 -2.955891 -22.970388 -4.301479 13.087589 -5.598382 19.472502 -5.578340 13.017936 13.381310 8.314751
-18.896385 3.586272 19.374018 -3.225972 -2.415717 -8.732705 -3.251449 21.628893 -13.709305 28.615564 0.958960 -3.955737 -7.112591 1.740552 8.854712 -8.339653 13.329006 2.009920 5.018355 1.469131 -3.668538 -23.523714 -4.718188 12.946153 -5.098526 19.385084 -5.621550 12.682338 13.701370 8.532894
-18.681574 3.862254 19.165394 -3.142577 -1.909953 -9.157504 -3.307545 21.720428 -13.607200 28.694441 1.028914 -3.850817 -7.281158 1.735742 8.710024 -8.525544 13.163689 2.003086 5.224776 1.374738 -3.757039 -23.305265 -4.526362 12.958836 -5.159337 19.598248 -5.419631 12.784839 13.582705 8.255681
-17.365248 4.165117 16.516764 -3.628297 0.300137 -11.966495 -2.942393 21.547003 -13.505956 28.138487 1.161364 -2.569371 -8.452821 2.099296 7.871210 -8.857512 12.842001 1.503199 5.439392 1.777561 -4.255461 -22.681284 -4.490049 11.065042 -4.977077 19.789965 -3.943396 14.062724 11.897481 6.673931
-18.321846 3.900264 13.950697 -2.455282 4.251036 -16.895691 -1.637626 18.448324 -11.301545 25.335699 0.762167 0.173773 -9.956309 3.159702 7.547429 -8.245357 12.651711 0.837916 3.760967 1.846954 -7.628929 -21.604973 -7.057229 6.242050 -3.890205 21.507704 -1.805822 14.369730 10.092770 4.753629
-17.663197 4.975101 11.301736 -1.832035 8.760519 -20.356386 -2.107792 17.573538 -8.758104 23.961332 1.379673 1.150278 -11.262185 3.713302 6.940777 -8.230100 11.930883 0.849522 3.234171 1.618556 -9.783712 -21.097666 -7.215969 3.604593 -3.123578 22.365721 -0.866786 14.343431 7.068679 3.396407
-17.973537 2.171432 11.367181 0.978229 9.423777 -20.372498 -1.466844 16.725542 -7.846970 22.743959 1.554767 1.535483 -10.532281 4.154692 6.567070 -8.019037 12.562571 -0.772272 2.182329 1.789949 -9.987125 -20.254908 -7.675097 2.570266 -3.083675 23.236107 -2.849831 13.781225 7.683117 0.887677
-13.795109 4.803397 5.951150 -0.812324 9.716586 -23.243559 -6.233488 20.355173 -6.409724 24.475523 2.424343 1.835603 -12.186536 2.566670 5.031211 -8.382230 9.863108 -1.383979 4.310061 2.176862 -8.817586 -18.813837 -5.689791 1.928131 -3.340350 24.783516 -1.060641 15.098613 3.775851 -1.379462
-15.820858 1.637114 7.526794 2.331447 11.446869 -22.438925 -3.556109 17.556576 -5.474512 21.468225 2.235713 2.366888 -11.755830 4.141489 5.036397 -8.681026 11.114553 -1.866441 2.417891 1.964749 -11.199916 -19.024405 -7.292530 -0.204266 -2.754669 24.829035 -2.572439 13.739514 4.960454 -2.338664
-17.517773 -1.108198 7.582945 4.163486 12.893505 -22.847654 -0.959856 15.729209 -4.628530 18.828266 2.360130 2.240785 -10.682786 4.960310 5.414660 -8.148993 11.672676 -2.641498 0.691020 1.704300 -12.618388 -18.110117 -8.447169 -0.765025 -2.437855 24.820087 -4.845565 11.177321 5.925807 -4.731273
-18.430550 -3.237947 7.089171 5.607321 14.236796 -23.021242 0.869239 15.197988 -3.827022 16.989285 2.487012 2.637041 -9.704694 5.521451 5.599861 -8.001914 11.367716 -2.565812 -0.037886 1.128852 -13.924874 -17.856443 -9.565337 -1.668317 -2.211240 24.930468 -6.919865 8.915301 5.281956 -6.479518
-19.666386 -5.352375 6.049894 5.413053 14.886324 -23.268801 1.607002 15.391009 -3.525555 15.181055 3.078241 2.721504 -9.201885 6.260161 5.908581 -7.898335 11.131903 -2.121212 -0.936710 1.634900 -15.395076 -17.543451 -9.871070 -1.787233 -2.774192 24.567835 -8.618640 6.730362 4.602184 -8.789714
-21.160294 -6.924707 4.898254 4.350730 15.975119 -22.455517 0.424514 14.966685 -2.128689 12.784800 3.156152 3.131395 -8.525241 6.843289 6.511625 -7.296778 10.346470 -0.917025 -2.049303 1.599026 -16.207014 -17.473543 -10.695320 -2.535675 -3.133711 23.589087 -10.213159 3.390772 3.725605 -11.599509
-20.884949 -8.258014 5.032323 3.645846 14.178289 -20.613356 -0.732387 16.423227 -2.336536 12.610662 3.546565 2.442658 -7.681946 6.656078 6.613383 -7.188846 9.914604 -0.428102 -1.825333 1.729443 -15.700332 -17.270893 -10.398291 -1.188795 -4.206756 23.176443 -11.020068 1.966372 4.793182 -13.566471
-22.348354 -9.652998 4.362863 1.558857 14.122126 -20.152885 -1.904242 16.963036 -2.106792 11.560017 3.864820 2.128609 -7.167434 7.120811 7.426943 -6.991325 9.222462 0.395589 -2.307667 1.666805 -16.235880 -18.050714 -11.049603 0.271963 -4.279656 22.014093 -12.200436 -0.530129 5.357008 -15.299424
-22.905598 -10.455389 4.252241 -1.119527 13.996518 -18.870943 -2.642355 17.294601 -2.597017 9.186859 4.165900 1.995087 -6.394859 7.611659 8.352504 -6.308997 8.123077 1.508441 -3.524630 1.429247 -15.458426 -19.070429 -11.974233 0.985068 -4.007906 19.538237 -13.745625 -3.361567 4.336787 -16.492270
-25.907858 -11.928452 6.046065 -2.560158 15.788902 -16.315187 -0.446055 16.563387 -3.266198 6.975252 4.133613 1.019026 -4.623450 8.189174 9.010008 -6.315669 6.956626 2.680337 -4.528895 1.810664 -14.714221 -21.098061 -12.807270 1.654400 -4.697251 15.563822 -14.435204 -5.611288 3.974618 -14.868912
-28.963469 -10.371239 8.156682 -4.166410 16.732210 -12.773094 2.873392 14.307336 -4.557498 6.520119 4.075404 -0.038617 -3.453426 8.901386 10.349020 -6.658360 6.472770 3.198818 -4.559676 0.842871 -15.094359 -23.790430 -14.910014 3.377512 -3.687606 13.413445 -15.020778 -8.496015 4.716711 -12.726236
-30.649513 -10.038599 8.580461 -4.230035 15.350023 -11.817616 3.004504 13.783836 -5.699807 8.259301 4.112283 -0.862142 -3.118997 9.018112 10.496815 -7.063347 6.749752 3.239670 -4.184110 0.423932 -14.806497 -25.237143 -14.516303 4.517429 -3.513207 12.853739 -14.550159 -8.477594 5.889591 -11.198371
-29.140068 -10.467409 10.552615 -3.463376 12.509950 -11.253968 3.301145 15.704925 -7.399424 10.090776 4.176076 -2.080128 -2.630205 8.541960 10.106951 -7.429474 7.498998 3.122017 -3.187205 0.533783 -13.502869 -25.170519 -13.488935 6.881863 -4.268034 13.674297 -14.156049 -6.813842 8.572248 -10.378928
-29.215853 -10.361642 10.569016 -3.503789 12.659922 -11.119500 3.337881 15.626421 -7.546362 10.086099 4.195173 -2.062398 -2.574683 8.563610 10.076365 -7.408556 7.454772 3.127269 -3.225078 0.568186 -13.635024 -25.416899 -13.335102 6.830127 -4.308764 13.564913 -14.204524 -7.056125 8.608357 -10.394893
-29.584351 -10.235653 10.056181 -3.432887 13.168922 -11.288945 3.171876 15.296250 -7.093922 9.981465 4.222111 -1.977800 -2.533637 8.608055 10.177605 -7.351467 7.321292 3.151841 -3.420152 0.573921 -13.926788 -25.497597 -13.614943 6.785577 -4.223249 13.445946 -14.259730 -7.431883 8.571850 -10.824203
-29.759508 -9.913904 10.054862 -3.664589 13.327137 -11.196559 3.383170 14.910510 -6.832097 9.859883 4.170435 -1.938360 -2.574893 8.578095 10.223764 -7.292907 7.338747 3.222740 -3.460921 0.521920 -14.025773 -25.608459 -13.820318 6.464244 -4.072611 13.390738 -14.075425 -7.571374 8.368282 -10.898163
-22.523842 -20.865671 -1.384425 -13.128415 15.732889 -14.347428 -0.276289 18.509256 -5.284299 -3.704766 4.846518 0.064559 -3.117430 8.721794 6.570405 -8.071943 1.993287 -2.315614 -7.131646 3.641366 -11.337853 -27.329958 -14.108607 -2.979938 -3.004067 6.100643 -8.824540 0.223462 -6.236185 -9.178018
-28.746983 -23.458286 -9.426759 -5.273635 5.295294 -6.223691 -3.601997 11.655583 -7.081559 6.081367 4.587018 0.375188 -2.944420 8.800089 6.536548 -7.953357 2.169661 -2.074793 -7.844597 3.713217 -11.580739 -26.172434 -14.065932 -4.538212 -3.869390 6.212269 -10.257470 -0.424262 -6.583726 -10.273754
-26.797001 -20.812176 -6.568156 -5.679302 11.534550 -12.787565 -0.755311 14.375100 -7.288690 3.714339 4.534225 0.459660 -3.242780 9.094378 6.697273 -7.841766 2.325352 -1.465223 -7.872166 3.799859 -12.228647 -26.016741 -15.240032 -3.939364 -2.900563 7.060237 -10.838502 0.024772 -5.929484 -10.212691
-27.024044 -20.286987 -5.580331 -5.028837 12.379674 -13.315977 -0.118691 14.436107 -6.916575 3.548064 4.617291 0.486189 -3.008198 9.257227 6.967194 -7.693036 2.382832 -1.086039 -7.784883 3.901269 -12.686942 -26.043716 -15.429445 -3.964579 -2.662654 7.385020 -10.683902 -0.101229 -5.710577 -10.577477
-27.001692 -22.013397 -3.107770 -4.285996 11.108999 -13.990236 1.486583 16.099770 -7.650939 3.819396 4.792237 -0.175808 -2.642246 9.461544 6.670845 -7.747116 3.073975 -1.347005 -7.780260 4.638998 -11.359822 -26.779715 -15.883679 -3.220068 -2.539962 7.975741 -11.165250 1.402354 -3.807613 -10.770455
-27.234526 -23.466492 -1.527983 -3.579647 9.352400 -14.374579 2.715796 17.790401 -8.927526 4.672688 5.110712 -0.972134 -1.868034 9.557133 6.317517 -8.039923 3.927517 -1.333250 -7.160772 5.189560 -9.552962 -26.907755 -16.277273 -2.771679 -2.772393 8.144339 -11.698619 2.617775 -1.298552 -10.939305
-27.331394 -23.387726 -1.586504 -3.567418 9.305552 -14.515141 2.650381 17.805218 -8.985281 4.782586 5.103312 -0.918795 -1.825469 9.559492 6.358573 -8.008182 3.964761 -1.309544 -7.167922 5.163812 -9.659783 -26.929247 -16.301203 -2.716019 -2.746201 8.154339 -11.706893 2.476417 -1.302585 -10.932475
-26.037235 -26.022003 1.095721 -1.290617 5.894810 -14.295486 2.438255 22.126581 -10.671637 7.727030 5.645763 -2.105165 -1.456793 9.117850 5.325335 -8.279312 5.701230 -0.969636 -5.767727 6.310594 -6.010194 -27.350039 -14.169230 -0.176364 -4.503860 9.482723 -12.275378 5.904614 4.813282 -11.877177
-26.229919 -25.965675 1.080347 -1.414806 6.131156 -14.156127 2.536383 21.907316 -10.745702 7.638927 5.718226 -2.111571 -1.393062 9.094643 5.303543 -8.267357 5.527256 -1.009967 -5.728047 6.144771 -5.980782 -27.510067 -14.131295 -0.186980 -4.346060 9.451123 -12.147358 5.964859 4.667883 -11.873542
-26.120754 -26.109213 1.040799 -1.859950 6.232878 -14.156381 2.626001 21.976614 -10.504420 7.284966 5.684490 -2.191964 -1.431245 9.111960 5.319356 -8.303725 5.455506 -1.005477 -5.785165 6.115165 -6.202126 -27.553183 -14.293138 -0.494821 -4.448861 9.158854 -12.188016 5.880970 4.395784 -11.911906
-26.388239 -25.620070 0.568330 -2.156080 6.436749 -14.402419 2.585378 21.333385 -10.309291 7.172275 5.543433 -1.764816 -1.588767 9.111673 5.517982 -8.138487 5.222087 -1.006148 -5.997019 6.024336 -6.370253 -27.414045 -14.596433 -0.876341 -4.215695 9.213461 -12.210610 5.608121 3.860227 -11.821072
-26.686060 -25.521111 0.539797 -2.133132 6.804669 -14.246539 2.650840 20.972517 -9.969771 6.786194 5.544795 -1.880216 -1.514805 9.163344 5.663674 -8.130833 5.123630 -1.096857 -6.111699 5.872935 -6.767894 -27.230860 -15.185334 -0.935336 -4.085876 9.020735 -12.192477 5.381024 3.210485 -11.620858
-27.097731 -25.354282 -0.276143 -2.358659 7.318409 -14.599396 2.972846 20.407887 -9.745172 6.577307 5.475949 -1.615529 -1.645890 9.219267 5.756327 -8.077014 4.903585 -1.179639 -6.353287 5.845862 -7.391151 -27.201084 -15.334507 -1.309749 -3.960543 8.828510 -11.779268 4.785404 2.446850 -11.998087
-27.058634 -25.330498 -0.340789 -2.657091 7.538675 -14.651545 2.951444 20.294394 -9.679959 6.503859 5.466016 -1.539116 -1.617658 9.304592 5.809272 -8.072536 4.799264 -1.062273 -6.368504 5.821477 -7.715506 -27.160265 -15.436921 -1.546357 -3.817911 8.768188 -11.661643 4.654128 2.098506 -11.817311
-27.203934 -25.283577 -0.475462 -2.727851 7.666411 -14.534995 2.982275 20.075895 -9.550875 6.172122 5.439754 -1.320454 -1.773258 9.394051 5.906072 -8.090507 4.686763 -1.132375 -6.499920 5.770781 -7.724213 -27.280436 -15.551418 -1.623729 -3.713372 8.576520 -11.637175 4.415127 1.824778 -11.733771
-27.126884 -25.101715 -0.681989 -2.791755 7.997072 -14.669038 2.843325 19.829159 -9.387614 5.999693 5.451847 -1.342255 -1.793383 9.419312 5.962919 -8.098608 4.591737 -1.120586 -6.523988 5.665754 -8.152238 -27.338800 -15.513702 -1.779014 -3.533807 8.662875 -11.547036 4.026535 1.459406 -11.827778
-27.201275 -24.908253 -0.655822 -2.779777 8.137586 -14.776706 2.945718 19.610247 -9.290692 5.829146 5.424053 -1.281296 -1.788203 9.408125 5.927650 -8.085434 4.541425 -1.223805 -6.590071 5.706132 -8.141869 -27.256927 -15.511079 -1.722778 -3.525607 8.567073 -11.473888 3.941715 1.381929 -11.905167
-25.337276 -26.498474 1.940271 -1.122746 5.164961 -13.606072 2.689537 23.530203 -10.956080 8.226216 5.770323 -2.542826 -1.386952 8.929483 5.264389 -8.311384 6.032462 -0.738078 -5.344022 6.462142 -5.274540 -27.206463 -12.800954 0.805299 -4.957168 10.029562 -11.862174 6.377187 6.092637 -11.922541
-25.701242 -26.168812 1.597004 -1.178864 5.618793 -13.873286 2.483588 22.862316 -11.005841 8.079952 5.715734 -2.227400 -1.437521 9.026167 5.173845 -8.352582 5.842760 -0.926227 -5.591140 6.326564 -5.780262 -27.437063 -13.650474 0.214466 -4.697198 9.640264 -12.265942 6.106451 5.388062 -11.762094
-25.878983 -26.125771 1.177856 -1.132849 5.724561 -14.028382 2.415191 22.437593 -10.924016 7.967647 5.652827 -2.161155 -1.520713 9.061337 5.315303 -8.359920 5.712516 -0.996109 -5.612078 6.217455 -5.813757 -27.312712 -13.970961 0.152923 -4.641982 9.459501 -12.406451 5.973684 5.066319 -11.914871
-25.895367 -25.984320 1.198505 -1.343839 6.021315 -14.148789 2.428420 22.218943 -10.740365 7.757101 5.655463 -2.125490 -1.458991 9.076721 5.320608 -8.252322 5.663403 -0.967368 -5.727554 6.307169 -5.952427 -27.344023 -13.947529 -0.030889 -4.598811 9.437294 -12.399639 5.921738 4.857873 -11.864449
-26.036472 -25.965271 1.054525 -1.852050 6.258323 -14.037169 2.489947 22.054173 -10.708524 7.577479 5.716416 -2.130915 -1.473352 9.058798 5.261214 -8.267816 5.472662 -1.007766 -5.753597 6.126138 -6.149128 -27.457151 -14.053762 -0.344998 -4.448131 9.242794 -12.284204 5.814595 4.483687 -11.784404
-26.065456 -25.723431 0.745354 -2.147465 6.549795 -14.187066 2.394067 21.576281 -10.623834 7.226470 5.614911 -1.911311 -1.529465 9.065765 5.484445 -8.130073 5.252108 -1.080393 -5.930695 6.097640 -6.419427 -27.391872 -14.255351 -0.874401 -4.374030 9.248873 -12.435371 5.540694 3.853099 -11.911248
