-0.077409 25.901623 -9.775589 4.743762 3.861229 -6.395809 10.544667 12.131589 18.819834 -8.000822 -3.345672 6.383534 -0.581752 -9.702827 9.718936 0.129745 -1.793353 -0.068856 -4.877541 -6.170180 -2.784433 16.276800 -17.018000 15.324649 -15.369263 18.804163 10.780736 -12.906260 -0.052033 8.058783
0.075990 25.955486 -9.580395 4.508263 4.022542 -6.589743 10.623139 12.259009 18.931032 -8.255669 -3.395415 6.418788 -0.564034 -9.710404 9.772346 0.170085 -1.781155 -0.094969 -4.920915 -6.128041 -2.837006 16.183851 -16.559011 15.363217 -15.314735 18.841284 10.582132 -12.931110 -0.068479 8.135516
-1.749407 25.012726 -7.508641 4.915516 5.612491 -5.145264 11.352401 11.806460 19.964365 -8.272684 -2.164722 6.386186 -1.036501 -9.895582 8.680445 0.586203 -0.979544 -0.019287 -4.589122 -5.862060 -3.951638 15.663258 -17.832771 14.707351 -15.524001 18.453962 8.104854 -11.400368 -1.584826 8.737219
-2.384070 24.015558 -5.910639 6.396078 6.656090 -5.002733 12.479148 11.929857 20.490356 -8.053973 -2.050653 6.521882 -1.227605 -10.218583 8.401011 1.132673 -0.542735 0.198553 -4.598959 -5.343299 -4.115606 15.256298 -18.388714 13.984394 -15.848305 18.870481 7.154740 -9.667886 -1.812761 9.397227
-3.608872 22.553009 -3.854189 7.320601 8.101734 -4.611713 13.837802 12.455602 21.138578 -7.877331 -1.570995 6.746419 -1.647859 -10.397753 7.869525 1.625032 0.070175 0.307688 -4.625091 -4.867140 -5.025759 14.850657 -19.304335 13.311967 -16.621370 18.863054 5.502663 -7.400732 -2.598643 10.110031
-4.047561 21.166603 -2.280070 8.476498 8.931396 -4.567314 14.686464 13.189712 21.498861 -7.887443 -1.463439 7.022701 -2.008902 -10.494727 7.558848 1.934048 0.667803 0.241476 -4.860960 -4.394958 -5.112679 15.074226 -20.101229 12.914181 -17.128059 18.990843 4.783200 -5.761044 -2.786057 9.788093
-4.231134 20.208498 -1.364633 9.440879 9.661322 -4.655326 15.572795 13.766677 21.765802 -7.629882 -1.505294 7.193430 -2.335424 -10.629391 7.438851 2.251450 1.138617 0.359336 -5.048030 -4.182338 -5.809084 14.721870 -20.510885 12.472009 -17.434528 19.006754 4.222174 -4.952274 -3.254776 10.137113
-4.227693 19.520664 -0.580765 9.864685 9.969206 -4.793588 16.127817 14.480501 21.831533 -7.279537 -1.654290 7.056550 -2.532499 -10.682123 7.403300 2.270332 1.444473 0.394510 -5.022188 -4.049089 -5.962075 14.252880 -20.697472 12.258716 -17.534048 18.936289 3.881816 -4.360251 -3.206644 10.124633
-4.301382 19.356243 -0.258552 10.069323 10.294311 -5.044785 16.555115 14.621716 21.902323 -6.884934 -1.889788 6.966943 -2.701355 -10.824202 7.344896 2.243028 1.811212 0.478155 -5.010564 -4.002915 -6.199856 13.750298 -21.108492 11.801908 -17.541853 18.996222 3.490240 -3.946326 -3.233192 10.451968
-4.594338 19.380302 0.412706 10.105102 10.761074 -5.311711 16.800592 14.776246 21.868755 -6.382652 -2.196042 7.158234 -3.034329 -10.816310 7.388807 2.178439 1.971941 0.287678 -5.164602 -3.820653 -6.540349 13.430391 -21.278172 11.368136 -17.912287 19.277042 3.182064 -2.865322 -3.442199 10.347581
-4.900454 19.454727 1.140049 9.803939 11.111837 -5.519742 16.952978 14.846531 21.824188 -5.681912 -2.660675 7.463032 -3.460606 -10.822691 7.456867 2.023865 1.976846 -0.052390 -5.298837 -3.504024 -7.128721 13.165639 -21.681309 10.752571 -17.967535 19.468687 2.521427 -2.601871 -3.803184 9.832541
-5.553866 20.245066 1.788188 9.349871 11.210310 -5.745883 17.019947 14.516757 21.415108 -5.338495 -3.116160 7.714541 -3.964848 -10.825869 7.386327 1.718291 1.993713 -0.381786 -5.377886 -3.296557 -7.757468 12.894648 -22.077490 10.115786 -17.800062 19.668900 2.083075 -2.731096 -4.023731 9.570285
-5.940632 21.153734 1.957883 8.700833 11.386503 -6.100769 16.989479 14.237009 20.799612 -4.954738 -3.561844 7.982849 -4.321420 -10.826241 7.318487 1.440402 1.877631 -0.959644 -5.492333 -2.970189 -8.253369 12.642235 -22.470156 10.075780 -17.815302 19.439386 1.349928 -3.212556 -3.960243 8.913363
-6.554967 22.187742 2.523221 7.973454 11.557657 -5.937764 17.095165 13.683151 20.558481 -4.530425 -3.764913 8.263683 -4.915277 -10.846943 7.126007 1.087320 1.808996 -1.254481 -5.363099 -2.818525 -8.854880 12.390211 -22.938225 10.266070 -17.978338 19.120562 0.756098 -4.056675 -3.913851 8.156472
-6.829964 23.224197 2.676262 7.156662 11.302577 -5.807206 17.078453 12.937782 19.887171 -4.512800 -3.989167 8.436670 -5.282049 -10.761072 7.125962 0.769704 1.602975 -1.578010 -5.334281 -2.607310 -9.085113 12.087650 -23.158255 10.941659 -18.042196 18.623327 0.175230 -5.133371 -3.608061 7.506769
-7.037597 23.953054 2.922603 6.385942 10.776365 -5.202511 17.212540 12.584363 19.716700 -4.262565 -3.973048 8.575101 -5.569411 -10.691778 6.879213 0.279774 1.276514 -2.066653 -5.141520 -2.400313 -9.125165 11.634272 -22.833534 11.857787 -18.199514 17.939676 0.065579 -6.314320 -3.226742 7.398499
-7.023413 25.394371 2.756349 5.500374 10.515174 -4.988118 17.039375 12.116309 19.234205 -3.859508 -3.959204 8.655348 -6.137687 -10.532246 6.840923 -0.308305 0.922203 -2.344134 -4.925539 -2.571201 -9.084666 11.141237 -23.133617 13.571185 -18.922379 16.985170 -0.145023 -7.345628 -2.399407 6.511079
-7.078515 26.373642 2.454937 4.772668 9.992914 -4.887193 17.031349 11.701344 18.844921 -3.579959 -3.978326 8.629127 -6.350538 -10.278984 6.955332 -0.812708 0.636089 -2.539460 -4.863338 -2.790620 -9.681735 10.069067 -22.657110 14.427962 -18.909214 16.336218 -0.251560 -8.919048 -1.819165 6.691952
-7.039929 27.135551 2.043234 4.136601 9.560440 -4.718588 16.503798 11.383887 18.546347 -3.560288 -4.172574 8.655643 -6.378535 -9.941519 7.259599 -1.231771 0.326000 -2.815931 -5.013649 -3.012884 -9.716562 9.707790 -22.075415 15.770285 -19.214773 15.604299 0.501470 -9.949880 -0.920673 6.689752
-6.938878 28.031483 1.728825 3.752075 9.521097 -4.316224 16.043777 10.950950 18.266714 -3.426904 -4.010212 8.626816 -6.443218 -9.800449 7.222304 -1.426951 0.257094 -3.008774 -4.987127 -3.006927 -10.063151 9.664476 -22.342878 16.923521 -19.559479 15.019165 0.794363 -10.646359 -0.526463 6.681937
-6.958530 27.982876 1.549950 3.810690 9.480011 -4.323953 15.898585 10.840643 18.091557 -3.652290 -4.039277 8.682285 -6.308538 -9.729414 7.360083 -1.439563 0.159887 -2.925387 -5.018737 -3.107618 -10.294856 9.752349 -22.279570 16.840149 -19.527225 15.094548 0.927479 -10.817142 -0.499334 6.694077
-7.011868 28.023258 1.592627 3.796108 9.501834 -4.295326 15.888663 10.792139 18.096758 -3.651978 -3.995849 8.680038 -6.309195 -9.695463 7.356479 -1.444619 0.189465 -2.923489 -5.028549 -3.131063 -10.300155 9.755445 -22.265345 16.831249 -19.529535 15.111249 0.932278 -10.798373 -0.522782 6.693683
-5.454494 26.279922 2.830074 5.623120 9.147537 -7.799406 17.898540 13.335758 16.592676 -2.345445 -4.640379 8.007434 -6.091084 -11.345625 6.386338 -0.893532 0.948537 -2.788953 -3.780311 -1.641060 -7.042215 9.503389 -22.816416 12.834799 -18.806961 17.496231 -0.373699 -6.855300 -0.721646 4.046629
-4.102118 22.935001 2.046815 8.530449 9.813717 -9.810657 17.393991 15.467202 17.587484 -2.703547 -4.590259 7.257260 -5.416122 -12.281531 6.095060 -0.295543 1.673979 -1.785291 -2.959640 -1.146978 -4.825203 9.342216 -22.103823 9.772552 -17.726847 19.511059 0.987447 -3.904764 -0.019415 4.394356
-3.844907 22.002302 2.668471 6.992071 8.086759 -10.191222 16.419628 17.221922 17.107710 -2.807675 -3.857528 5.955951 -4.567414 -12.707925 5.935909 -0.221611 2.010685 -0.803303 -1.962547 -1.264640 -2.720619 8.172962 -21.297895 9.997615 -17.420891 19.563398 2.760489 -3.400056 1.592956 5.621126
-3.642864 21.071020 3.212759 4.647782 6.001537 -10.218143 15.937268 19.314795 16.015738 -3.315003 -3.019541 4.361044 -3.770915 -12.758270 5.636514 -0.671821 2.101789 -0.271222 -1.176787 -1.951115 -0.947146 7.496272 -20.645260 9.972008 -16.721226 19.588371 3.998064 -3.998879 2.804567 5.975062
-3.262532 21.999607 2.974244 2.339879 3.385818 -9.975970 11.972932 19.550379 15.564022 -4.357810 -2.686760 4.219148 -3.822526 -12.697952 6.014628 -0.674035 1.679342 0.571994 -0.951837 -2.892095 1.094173 6.946215 -20.400019 10.539685 -15.359544 19.136503 5.323171 -4.881631 3.791062 7.986315
-2.280136 22.625347 1.538989 2.562661 2.885647 -12.966159 10.388482 19.280542 15.049289 -4.119335 -2.650270 3.413167 -3.691033 -13.186629 5.411919 -1.226244 1.371389 0.742853 0.177413 -3.368088 1.928651 6.142004 -19.189585 8.538771 -14.344559 20.286814 7.726722 -5.576918 4.949944 7.294999
-0.165576 23.722895 -0.377606 2.918837 1.430530 -15.582271 7.479978 19.939514 14.780538 -3.913409 -2.201838 2.432076 -2.808574 -13.814871 5.226776 -1.219885 0.899529 1.804354 1.467604 -4.091893 2.588015 5.838194 -17.945269 6.646786 -13.266991 21.845324 10.972052 -5.639083 6.043391 7.541282
-0.207767 23.658852 -0.290789 2.993683 1.531024 -15.527090 7.619558 19.969538 14.755589 -3.929095 -2.273879 2.448604 -2.820506 -13.819494 5.233719 -1.266792 0.886863 1.738140 1.465005 -4.094741 2.593081 5.918579 -17.907429 6.511561 -13.168651 21.979731 10.867255 -5.796631 5.913990 7.321630
-0.241780 23.615221 -0.364786 2.892200 1.563267 -15.598510 7.593727 19.982409 14.749691 -3.955686 -2.290811 2.454468 -2.842523 -13.813274 5.209026 -1.272662 0.920334 1.691825 1.444208 -4.035268 2.652872 5.877357 -17.918428 6.536772 -13.205318 21.968958 10.816205 -5.725170 5.963930 7.227767
-0.281169 23.594906 -0.293598 2.908205 1.601086 -15.655198 7.672370 20.005651 14.768269 -3.941467 -2.331422 2.484147 -2.787321 -13.777245 5.253276 -1.296357 0.876483 1.628394 1.388449 -3.978798 2.613316 5.681384 -17.982374 6.595050 -13.261894 21.847525 10.783421 -5.628635 5.992842 7.323326
-0.453018 23.424702 -0.178159 2.923819 1.637270 -15.716697 7.699692 20.007658 14.674531 -4.039686 -2.375510 2.549646 -2.914195 -13.772348 5.219991 -1.305528 0.954206 1.564787 1.344536 -3.868524 2.568706 5.754837 -17.894709 6.453508 -13.255986 22.022200 10.651134 -5.588401 5.862990 7.092010
-0.086475 23.599014 -0.304019 3.092909 1.461188 -15.646415 7.419040 20.086176 14.677734 -3.944427 -2.199039 2.383920 -2.697856 -13.815830 5.244707 -1.221703 0.901296 1.827823 1.508457 -4.109269 2.679950 5.968244 -17.896921 6.337315 -13.095663 22.036472 11.075315 -5.583207 5.927814 7.660080
-0.097119 23.627514 -0.387747 3.086308 1.416330 -15.635329 7.392478 20.006746 14.738296 -4.031814 -2.129986 2.372567 -2.644166 -13.826958 5.231404 -1.163160 0.907074 1.852725 1.507556 -4.071855 2.637714 5.928715 -17.822493 6.350220 -13.102570 22.088560 11.128823 -5.626459 5.969059 7.671093
-0.142496 23.594971 -0.365903 3.075499 1.420066 -15.784230 7.370089 20.029627 14.624545 -4.024667 -2.215674 2.348742 -2.699522 -13.844805 5.215890 -1.297202 0.843815 1.795139 1.558873 -4.124898 2.711367 5.955651 -17.832029 6.219400 -13.118768 22.147144 11.184079 -5.557774 6.058180 7.417708
-0.102152 23.634464 -0.436305 3.008439 1.470580 -15.790011 7.420445 20.045931 14.641355 -3.976715 -2.169582 2.384861 -2.724382 -13.869869 5.130131 -1.262609 0.833111 1.756024 1.588629 -4.096322 2.664602 5.841079 -17.915651 6.253937 -13.190822 22.089003 11.012713 -5.686520 6.046316 7.330079
-0.264139 23.652512 -0.339398 2.946587 1.529762 -15.790401 7.535647 19.967455 14.669009 -4.011916 -2.281936 2.358840 -2.756773 -13.834353 5.199255 -1.353760 0.835034 1.730832 1.539525 -4.109893 2.735463 5.790109 -17.931845 6.378277 -13.200157 21.992126 10.986288 -5.635871 6.005590 7.340363
-0.266681 23.638752 -0.391145 2.878192 1.446392 -15.853311 7.542197 20.009752 14.752707 -4.022798 -2.268446 2.400385 -2.831546 -13.854762 5.159334 -1.308997 0.846877 1.703456 1.514863 -4.049631 2.688397 5.591300 -17.486853 6.439754 -13.202795 21.937487 10.827325 -5.695090 6.000234 7.495307
-0.295667 23.557350 -0.306630 2.843608 1.542511 -15.803080 7.624604 20.055822 14.784077 -3.959621 -2.326640 2.412253 -2.820419 -13.826286 5.167409 -1.358238 0.869407 1.615897 1.465258 -3.972085 2.674843 5.640172 -17.449308 6.398404 -13.235525 22.000254 10.650111 -5.630924 5.985548 7.341129
-0.102848 23.424770 -0.443186 3.132474 1.248228 -15.781886 7.198801 20.067226 14.980966 -4.110260 -2.112612 2.299118 -2.482996 -13.828909 5.278666 -1.175903 0.906461 1.937016 1.555366 -3.964350 2.817266 5.546597 -16.459181 6.125328 -12.821724 22.219318 10.755166 -5.731304 5.995339 7.963841
0.405984 23.560850 -0.274995 3.108382 1.716726 -15.253421 6.502193 20.189825 14.184148 -4.071160 -2.103507 2.271688 -2.521235 -13.811043 5.296531 -1.132612 0.944221 1.961560 1.527528 -4.006874 2.563099 5.491969 -16.010002 6.204334 -12.882872 22.273069 10.421999 -5.835123 5.961211 8.102875
1.559904 21.646336 -0.966900 4.996511 0.521252 -15.911309 6.030281 20.685204 15.280114 -5.158990 -1.590014 1.352645 -0.977625 -13.972332 5.373608 -0.728646 1.353485 2.648502 2.052894 -2.975077 5.224172 6.652524 -17.080467 5.593371 -11.667526 22.557383 12.201166 -4.732831 6.150585 8.225314
2.756589 19.728254 -1.240247 6.067290 -1.147575 -16.488596 4.788586 21.889406 16.420908 -6.138060 -1.023496 0.597115 0.532734 -13.732985 6.075123 0.046606 2.675506 4.053631 1.712343 -1.220590 8.059368 7.826062 -16.681807 5.150308 -10.426052 22.794905 13.191331 -3.009750 5.774439 9.666110
4.654959 19.765974 -0.532044 6.313727 -2.269452 -15.951644 3.006575 23.149342 15.119245 -5.831715 -0.856514 0.225328 1.663373 -13.685961 5.901230 0.667238 3.804658 4.114214 1.228937 -0.316747 10.127988 7.895775 -12.433114 6.284886 -10.292246 22.403849 11.317526 -0.477063 5.375976 13.335414
4.719751 19.303085 1.561379 6.883357 -3.488863 -14.668244 3.289396 23.611010 15.100125 -5.689029 -0.730883 0.022767 2.102551 -13.557283 5.625759 1.185974 4.462296 3.919554 0.719095 -0.138954 11.934279 7.068763 -14.785059 8.007100 -10.850912 21.095148 11.628818 2.463648 6.417475 15.502576
4.179390 17.202044 3.051854 6.845876 -5.185056 -13.506652 4.076928 24.223827 15.517732 -6.141768 -0.526319 -0.259262 2.572451 -13.487576 5.319664 1.727883 5.302908 3.597992 0.185507 0.143947 14.352133 5.885102 -16.698460 9.779788 -10.305473 19.778049 10.106399 2.016169 8.830841 16.235327
4.840168 14.434975 2.895812 7.414388 -7.572396 -12.249600 3.768427 25.882238 14.729116 -7.934144 -0.439487 -0.835707 3.734437 -13.325032 5.150845 2.077762 5.780647 2.862232 -0.580821 -0.170592 16.735533 5.590633 -16.037504 11.523902 -9.772089 18.472734 8.445840 -0.348226 11.540499 15.503098
6.014805 11.545374 1.922346 8.043329 -9.935323 -10.744546 3.991894 27.392218 14.177444 -10.284393 0.339824 -1.328529 5.270875 -13.146791 4.930205 2.975749 5.898145 1.947723 -1.839310 -0.104979 19.950424 8.363669 -15.084767 12.770511 -10.547113 18.367405 6.196504 -1.754605 13.068892 12.411677
6.458858 8.871023 2.407804 9.308664 -11.698055 -8.732933 4.006599 29.480900 13.679429 -12.260597 0.608779 -1.713657 6.234378 -12.867563 4.553619 3.481142 6.170101 0.777921 -3.055002 -0.323255 23.110016 14.389801 -15.067542 13.537407 -12.391407 18.730938 2.667933 -1.780698 12.777340 9.919892
5.718342 6.845026 4.322028 10.119713 -12.160929 -4.222458 5.581999 30.657255 14.579911 -13.051896 0.765685 -2.319838 6.377003 -12.849440 3.765130 3.714298 6.345002 -0.536304 -3.872309 -1.553976 23.862417 17.264547 -15.859853 13.928782 -14.199573 18.478800 -3.235990 -1.085560 11.908134 10.202882
4.696404 5.780105 7.085477 10.737235 -13.888556 1.072724 8.295993 31.583771 14.879957 -13.338690 0.637144 -3.072383 6.005582 -13.064667 2.599131 3.555307 6.825021 -1.811159 -4.292193 -2.603727 24.096903 19.030397 -17.324709 16.178673 -16.911634 16.563705 -8.451557 -3.060435 14.438646 9.831691
3.446671 5.051143 8.309597 11.985083 -13.841507 1.950989 11.968961 31.531233 15.259339 -13.479707 0.533076 -3.083844 5.392796 -13.339952 1.748446 3.249720 6.945614 -2.809981 -4.341753 -3.007982 23.627947 18.846617 -18.931570 16.231277 -17.924923 16.139923 -10.150294 -4.223442 15.942022 8.052365
3.160149 5.927500 8.585257 11.812069 -11.666865 0.925880 11.699501 31.157394 14.173109 -13.792666 0.545105 -2.423748 4.906163 -13.610147 1.878481 3.509646 6.917903 -2.355170 -4.201217 -2.715125 23.038267 17.813482 -17.226351 15.376306 -16.940969 17.586113 -10.819564 -3.883857 14.223269 9.101467
2.633907 7.025218 7.186897 11.876792 -9.322796 -1.810019 11.437650 30.205072 13.659455 -14.277300 0.664286 -1.397543 4.315555 -13.767300 2.055122 3.608136 6.562444 -1.859920 -3.806414 -2.204819 22.535917 16.555506 -16.517506 13.742545 -15.139448 19.663706 -8.856051 -3.027012 12.037474 8.274420
2.653566 6.783616 7.362045 12.218485 -8.166981 -2.956856 11.883510 30.795794 12.881265 -13.919193 0.531649 -0.769911 3.476769 -14.118490 1.407727 3.277966 6.436810 -2.384897 -3.414362 -1.889866 22.732714 15.683321 -18.156248 13.120973 -15.229021 20.141127 -8.240564 -2.082831 12.263888 6.717430
1.817990 7.483431 9.592280 12.445986 -8.188889 -2.099281 12.565669 30.856546 12.995577 -12.187860 0.362857 -0.701479 2.803471 -14.273121 0.899182 3.210480 6.366564 -2.883474 -3.373887 -2.163229 22.854303 14.148587 -18.696062 13.156280 -15.703362 19.994345 -8.637500 -1.896645 13.160648 7.070935
1.930265 7.671944 9.973619 12.516868 -8.604174 -2.372022 12.499098 31.036448 13.220962 -11.417296 0.378517 -0.584061 2.458983 -14.312103 0.577611 3.233321 6.452602 -3.036726 -3.350242 -2.253385 22.598345 12.680033 -17.885181 12.823977 -15.742336 19.770567 -8.853507 -1.367967 13.507041 7.395991
2.087105 7.959561 10.815440 12.408876 -9.356105 -1.996169 12.390023 31.198042 13.293625 -10.568676 0.298168 -0.808791 2.335726 -14.371040 0.336720 3.149710 6.653278 -3.466668 -3.422730 -2.424207 22.017496 12.237566 -18.480801 13.067870 -16.128237 19.467146 -8.639825 -0.542942 14.171118 8.337219
3.097249 8.505421 12.155986 12.047808 -11.161213 -1.414684 10.856046 31.690283 14.149336 -9.124104 0.022742 -0.933907 1.941612 -14.555033 -0.080726 3.128114 6.848794 -4.100966 -3.287582 -2.507924 22.067520 12.919048 -20.707094 14.097013 -16.494984 18.348404 -8.280472 -0.004545 16.014357 9.721496
