5.871058 30.929363 -5.918912 12.745709 11.903255 -1.773205 -6.482936 7.154204 -7.327773 -20.308779 -4.970799 10.927302 4.252477 -7.368403 5.370657 -5.564303 -0.486634 0.884030 -2.861223 -7.613024 -2.978312 15.334112 -13.006370 15.070693 -15.029014 19.065863 9.818972 -13.488730 0.028783 9.249786
5.874619 30.959442 -5.863215 12.833945 11.939887 -1.849439 -6.525103 7.098613 -7.470938 -20.632372 -5.015246 10.983128 4.256587 -7.345469 5.375145 -5.591397 -0.474000 0.852356 -2.860002 -7.608160 -2.930573 15.466854 -13.432240 15.100399 -15.072801 19.077227 9.955096 -13.430264 0.031703 9.131446
2.811608 19.470570 1.084108 18.469950 17.484009 -11.271106 1.817662 15.369422 -10.380967 -18.964109 -5.328698 10.460762 1.323298 -10.931105 -0.923252 -7.735029 1.301212 -4.035409 1.497996 -2.048513 0.535756 12.619734 -15.323941 5.555159 -16.804821 24.958788 0.219601 -1.126575 0.890966 -2.795061
3.290529 17.701015 2.295986 19.171478 17.751310 -13.826392 2.209320 16.554871 -9.856278 -18.084906 -6.063622 10.551394 1.648918 -11.397655 -1.272229 -7.792732 1.943201 -4.505189 1.778366 0.072856 3.328279 11.467106 -15.160789 3.746190 -16.251190 26.160374 3.039055 2.411430 3.099314 -2.377640
3.843337 16.814829 3.224809 20.680750 17.028934 -14.918920 1.604514 17.364771 -10.439842 -18.548567 -6.333020 10.051022 1.619914 -11.797381 -1.346622 -7.586058 2.812325 -4.123880 2.156835 1.057600 5.769274 9.971754 -15.148334 4.142069 -16.160255 25.925627 3.313632 4.680172 4.763446 -1.322985
4.140162 16.102381 4.524975 21.537355 16.121590 -15.531814 1.028981 17.582850 -10.373973 -18.411417 -6.800732 9.752295 2.250176 -11.982359 -1.132218 -7.199713 3.486658 -4.369925 1.885217 1.861318 7.683426 9.773569 -14.820956 3.828952 -15.798172 26.121794 2.988666 6.124855 5.735180 -1.532835
4.508110 15.363055 4.886591 22.934454 15.409249 -16.468239 0.157387 17.283899 -10.203622 -18.929918 -6.914572 9.816897 2.533616 -12.000961 -1.219354 -6.647015 4.047120 -4.589601 1.457591 2.605623 7.989534 9.208299 -14.928914 3.593714 -16.172674 26.125059 3.116627 8.448739 6.466591 -1.387763
4.431443 14.976831 5.349005 23.320753 14.807220 -17.526041 -1.024042 17.380339 -9.996450 -18.696083 -7.285008 9.767061 2.757913 -12.057529 -1.243351 -6.484943 4.279769 -4.886780 1.191717 3.093159 8.637668 9.560872 -15.010813 2.401200 -15.834658 26.329523 3.705230 9.901925 6.644897 -0.584575
4.569846 14.596853 5.942143 23.455269 14.188169 -17.968853 -1.888230 17.903841 -9.586987 -18.235571 -7.457879 9.677631 3.048048 -12.048180 -1.249114 -6.223109 4.555987 -5.017092 0.915191 3.482049 8.943267 9.663928 -15.325219 2.206384 -15.812466 26.316656 4.201623 11.402469 6.495393 0.545576
4.565055 14.022409 6.471008 24.012291 13.826905 -18.028173 -2.237200 18.014042 -9.111181 -18.164183 -7.749914 9.541242 3.503956 -12.005572 -1.080450 -6.087798 4.758930 -5.180392 0.656204 3.990498 9.383085 9.339165 -15.539020 2.069268 -15.694111 26.237083 4.904018 12.609075 6.745766 2.363404
4.626045 13.393267 6.666578 24.638700 12.934032 -17.967096 -3.510934 18.226238 -8.645720 -18.911417 -7.610745 9.447953 3.971243 -11.908157 -1.023299 -5.679959 5.161643 -5.250992 0.247741 4.304940 10.058247 9.667866 -15.497609 2.545523 -15.694433 25.780880 5.335287 13.689754 7.064708 4.359670
4.443057 12.742892 7.205544 25.390703 11.993025 -17.742392 -4.500934 18.380098 -8.518044 -19.627272 -7.512096 9.167788 4.412398 -11.826546 -1.044121 -5.324948 5.690978 -5.383213 -0.305732 4.341516 10.483275 10.065769 -15.522025 2.745354 -16.073339 25.651777 5.546735 14.916178 7.128774 6.049721
4.423040 12.007738 7.662618 25.613462 11.426750 -17.184395 -5.347740 18.440838 -7.903334 -20.012461 -7.668892 8.928762 4.720256 -11.774167 -1.005734 -5.290388 6.214971 -5.614926 -0.732095 4.498609 11.080838 10.738020 -15.732762 3.050450 -16.301630 25.028107 5.681836 16.046259 6.992201 7.128822
4.860628 11.492352 8.219048 25.282192 10.349985 -16.283232 -5.908988 19.328051 -7.493062 -19.446024 -7.610641 8.689815 4.999185 -11.502955 -1.109547 -5.416640 6.673970 -6.091567 -1.363294 4.432209 12.244473 10.095963 -16.513494 3.110022 -15.892081 24.356659 5.026165 16.875214 6.818742 7.856924
5.234416 10.448669 9.307409 24.554892 8.602671 -15.053464 -6.812014 20.738985 -6.903626 -19.227158 -7.516996 8.498205 5.641198 -11.178167 -1.060492 -5.065116 7.364479 -6.302029 -2.140555 4.758412 14.004086 9.717401 -17.484270 3.993348 -15.653457 23.467669 3.250232 17.212996 7.122427 8.650807
5.025197 8.832230 10.746498 24.821344 6.993140 -13.361499 -7.604039 21.889078 -6.392043 -20.139997 -7.297686 8.249130 6.623977 -10.991810 -1.163733 -4.510391 7.846828 -6.503293 -2.952554 4.886631 15.681552 9.933573 -18.171946 4.495486 -15.390406 22.847666 2.029000 17.775257 7.442712 9.266576
4.890223 8.503407 11.315003 25.069464 6.527629 -13.001847 -7.644335 21.981604 -6.257920 -20.617414 -7.100413 8.035110 6.990745 -10.967039 -1.265553 -4.337145 8.090754 -6.500524 -3.058457 4.935980 16.282377 10.245755 -18.480366 4.592837 -15.185814 22.570059 1.253047 17.989008 7.251833 9.501586
4.817008 8.494877 11.514430 25.211672 6.353688 -12.859118 -7.704656 22.077063 -6.286293 -20.837027 -7.013367 7.885017 7.209902 -10.958841 -1.350145 -4.296777 8.243969 -6.556735 -3.133165 4.918958 16.693151 10.351498 -18.502144 4.713085 -15.136990 22.674137 1.140740 18.131338 7.403998 9.235291
4.862161 8.472733 11.548891 25.190825 6.203847 -12.777829 -7.758793 22.248331 -6.186793 -20.697479 -7.047148 7.812163 7.276263 -10.984040 -1.271610 -4.263842 8.329863 -6.564410 -3.173883 5.007592 16.761557 10.328053 -18.568745 4.751838 -15.111002 22.532598 1.112134 18.227079 7.400025 9.234708
4.868001 8.331504 11.802020 25.139784 5.936097 -12.600781 -7.706179 22.512306 -6.152468 -20.627533 -7.009033 7.427352 7.137243 -11.116792 -1.060703 -3.984738 8.302317 -6.786525 -3.364981 5.088390 16.908995 10.745536 -19.844210 4.919410 -15.234602 22.378010 1.371335 18.396120 7.367854 8.964088
4.888490 8.780647 11.084642 25.067020 6.881146 -13.523052 -7.470643 22.112684 -6.320418 -20.488878 -7.317950 8.040987 6.562533 -11.097292 -0.920757 -4.197676 7.982382 -6.723630 -3.213559 5.132913 16.349936 10.399811 -19.982395 4.877091 -15.370041 22.465502 1.531275 18.045614 7.200034 9.032407
5.200058 8.687848 11.365970 24.846910 6.288170 -13.144635 -7.673936 22.670069 -6.138260 -20.219204 -7.186705 7.704202 6.944766 -11.159389 -0.943075 -4.128700 8.075813 -6.688787 -3.252568 5.093253 16.734121 10.562718 -19.852755 4.865492 -15.356092 22.591770 1.793331 18.298862 7.497169 9.012618
11.886060 1.396159 10.626528 21.329344 -2.865999 -4.760498 -4.865874 33.142746 -3.952588 -18.269369 -3.529545 1.741594 10.689378 -11.013252 -2.234474 -3.560035 8.403454 -5.937317 -2.832172 0.173727 23.756386 19.077539 -16.718111 11.680703 -19.241840 19.670197 -6.692492 8.432289 15.552038 4.152333
14.355092 4.564067 8.976763 18.724007 -4.406412 -6.096470 -4.035241 34.186848 -5.201054 -16.129517 -2.883149 1.510011 11.238990 -11.482306 -1.518169 -3.223272 7.865781 -3.938364 -1.655872 0.369166 24.932671 15.848014 -15.613310 11.536837 -16.645000 20.541513 -0.743876 7.844338 15.035019 7.697786
16.044121 8.619526 7.037618 17.248365 -4.111488 -10.034422 -4.254151 33.587994 -7.826041 -15.441067 -4.182661 2.173681 11.278378 -12.737293 -0.519469 -3.122710 6.533102 -2.580204 0.409556 1.573802 24.352230 12.948771 -13.892414 10.227344 -14.608222 21.940861 6.135168 7.866107 16.676256 6.149974
16.192698 10.907503 5.132088 15.582548 -2.843336 -12.535056 -3.935470 31.903986 -8.959003 -14.548090 -4.639665 2.772847 10.652034 -13.299387 -0.135049 -3.408902 5.838666 -1.866286 1.603907 1.895938 23.523861 10.992631 -13.247620 9.948421 -13.965702 22.655367 8.867940 6.515231 17.205305 4.725541
16.309830 11.066073 5.144206 15.498069 -3.148247 -12.472571 -3.834509 32.021912 -9.194338 -14.438622 -4.674296 2.908450 10.713722 -13.318964 -0.010185 -3.374377 5.744138 -1.710889 1.708716 2.036613 23.606318 10.916477 -13.189659 10.001678 -13.967890 22.833696 9.017455 6.376720 17.523441 4.478698
16.325212 11.117153 5.218055 15.432534 -3.239194 -12.403680 -3.837739 32.113178 -9.222220 -14.352214 -4.635353 2.895292 10.723828 -13.346882 -0.017037 -3.413093 5.769457 -1.672189 1.806175 2.105564 23.780312 10.943399 -13.199847 10.018149 -13.862453 22.908621 9.114058 6.339322 17.668364 4.504697
16.328197 11.099834 5.193600 15.313085 -3.255442 -12.422946 -3.786556 32.060600 -9.240474 -14.358021 -4.628260 2.874796 10.714118 -13.328568 -0.000375 -3.417550 5.758683 -1.675703 1.800177 2.088837 23.721727 10.968606 -13.247913 9.950541 -13.852942 22.912683 9.070869 6.445314 17.612122 4.612886
16.315250 11.079905 5.201627 15.364950 -3.228449 -12.428368 -3.770814 32.055855 -9.219085 -14.356840 -4.625744 2.884003 10.710966 -13.330421 -0.007316 -3.405038 5.761245 -1.679436 1.794690 2.089473 23.738775 10.953733 -13.240271 9.977656 -13.860950 22.895010 9.052346 6.439551 17.639809 4.595497
16.283260 11.123731 5.200522 15.293421 -3.213007 -12.391084 -3.749501 32.029877 -9.210081 -14.327517 -4.623039 2.868485 10.696445 -13.332722 -0.001636 -3.429400 5.758058 -1.666866 1.804175 2.069831 23.778887 10.973449 -13.222556 9.968489 -13.858241 22.903860 9.076007 6.425570 17.633640 4.613135
16.325043 11.122270 5.209025 15.246876 -3.270082 -12.314873 -3.682194 32.019802 -9.176676 -14.292645 -4.631611 2.842206 10.739869 -13.329967 0.002569 -3.377270 5.784691 -1.658707 1.757822 2.025983 23.869688 10.989981 -13.206068 10.054676 -13.834730 22.881161 8.975996 6.347568 17.663738 4.581387
16.365604 11.064532 5.172641 15.223589 -3.251888 -12.274672 -3.709002 32.110962 -9.065925 -14.217639 -4.620554 2.820004 10.729386 -13.335825 0.013499 -3.392831 5.742693 -1.614780 1.802349 1.951494 23.784380 11.001932 -13.206704 10.026563 -13.860216 22.876520 9.000281 6.367443 17.628065 4.583403
16.337481 11.063030 5.197593 15.114866 -3.193392 -12.332638 -3.684039 32.158543 -9.082501 -14.123617 -4.643637 2.818863 10.727841 -13.340106 -0.011391 -3.396527 5.740667 -1.643934 1.793571 1.932513 23.792162 11.030912 -13.178402 10.019288 -13.825747 22.928087 9.024311 6.361492 17.617704 4.415635
16.284107 11.028322 5.189163 15.107751 -3.065465 -12.299180 -3.633763 32.172241 -9.038350 -14.055763 -4.628528 2.758578 10.737473 -13.366416 -0.024648 -3.441378 5.737889 -1.615176 1.869774 1.924602 23.784912 10.961363 -13.204617 10.000930 -13.831556 22.927397 9.017870 6.415858 17.630327 4.451580
16.267662 11.099451 5.190702 15.084658 -3.176025 -12.236452 -3.635937 32.134811 -9.095630 -14.086496 -4.621666 2.785073 10.699492 -13.369239 -0.024622 -3.438536 5.739290 -1.588088 1.863956 1.903800 23.843397 10.946122 -13.194698 10.013121 -13.813001 22.931005 9.022029 6.427998 17.638105 4.472546
16.320831 11.071841 5.196995 15.071892 -3.254398 -12.317692 -3.676118 32.193291 -9.134111 -14.107516 -4.633262 2.802010 10.710577 -13.362726 -0.024090 -3.422568 5.746543 -1.607321 1.827679 1.905530 23.825941 10.969934 -13.182314 10.007039 -13.879326 22.934723 9.011081 6.424212 17.677971 4.472067
16.327473 11.058183 5.189505 15.051049 -3.221571 -12.296681 -3.642280 32.227081 -9.088634 -14.056613 -4.601812 2.793114 10.765326 -13.353951 -0.015716 -3.368619 5.787550 -1.566434 1.799921 1.907933 23.802261 10.945400 -13.178189 10.000194 -13.817068 22.950331 9.082889 6.377851 17.672512 4.448434
16.321865 11.042049 5.191885 15.039533 -3.233519 -12.294435 -3.662069 32.260101 -9.082389 -14.028732 -4.607924 2.787715 10.757444 -13.349702 -0.017059 -3.385181 5.794478 -1.583210 1.807579 1.889023 23.796766 10.957405 -13.180057 9.995245 -13.857092 22.943676 9.081236 6.390525 17.674557 4.447608
16.285728 11.142829 5.160801 15.054909 -3.149036 -12.311375 -3.630952 32.146851 -9.095185 -14.104553 -4.603500 2.814848 10.730214 -13.347340 -0.020060 -3.406285 5.758108 -1.573429 1.822600 1.916814 23.749804 10.908468 -13.167270 10.003136 -13.824718 22.946381 9.124731 6.378694 17.618399 4.424011
16.325058 11.087574 5.102657 15.004801 -3.158118 -12.380364 -3.657982 32.240028 -9.049470 -14.037788 -4.673776 3.053408 10.977798 -13.207376 -0.270984 -3.771547 5.832264 -1.474186 1.981092 1.798512 23.621059 10.652759 -11.947995 9.905803 -13.774767 23.043568 8.681197 6.267531 17.585440 4.681605
16.332941 11.086061 5.110525 14.966703 -3.262421 -12.367981 -3.660279 32.255619 -9.057512 -14.053823 -4.672584 3.028702 10.970517 -13.224955 -0.241089 -3.729465 5.830919 -1.471376 1.958791 1.801228 23.609594 10.577159 -11.526418 9.866112 -13.755939 23.064177 8.507524 6.185447 17.615911 4.767715
12.862195 13.296949 4.727694 13.925174 3.213289 -13.114371 -2.018005 28.385462 -8.198060 -12.485086 -4.550130 4.638207 7.634050 -13.139400 -1.237043 -4.931142 4.753124 -1.504672 3.104563 1.243859 18.731222 4.777693 -12.043110 8.350750 -12.479666 22.224545 11.446834 5.995642 15.574536 7.121300
10.605998 15.181000 5.639094 14.264954 6.959254 -13.151101 -1.389191 26.530996 -7.627520 -10.894920 -4.510664 4.937449 5.300524 -13.373636 -1.093234 -5.263987 4.434094 -1.269636 3.514858 1.360451 16.279600 2.090720 -15.618140 7.536098 -12.448810 21.425764 12.608257 7.140347 13.761475 7.866175
11.190658 14.874592 5.378076 14.269963 6.230993 -12.778155 -1.661888 27.007168 -7.450740 -10.978742 -4.580707 5.118957 5.628258 -13.276831 -1.184991 -5.258156 4.509097 -1.532896 3.266461 1.392230 17.048319 2.360299 -15.143407 7.879557 -12.516933 21.442038 12.303747 6.745391 14.348604 8.294720
10.065789 15.503273 5.795200 14.155157 7.151412 -12.915038 -1.500734 26.524157 -7.195902 -10.632042 -4.836524 5.493494 5.566739 -13.034492 -1.454014 -5.991632 4.577396 -1.436830 3.597336 1.007443 15.855592 0.337040 -11.629451 7.178623 -11.914995 21.533022 11.116559 6.762157 13.036811 9.559224
10.384213 16.377275 6.233752 13.557611 7.292577 -12.676214 -1.235367 27.160156 -6.462816 -8.801156 -4.506063 4.865722 5.337698 -13.143298 -1.649442 -6.224155 4.778276 -0.987943 4.080945 0.630592 15.252160 0.750308 -13.095136 6.760769 -12.002937 21.733732 11.323024 7.358265 11.812737 8.832584
11.406629 19.356461 6.867515 10.736246 8.448011 -11.482036 -1.769193 27.823738 -4.652647 -4.447201 -4.215775 3.618300 4.354346 -13.148184 -1.214914 -7.806233 4.690042 0.532501 5.654762 0.426793 13.701696 2.308697 -13.620536 5.514571 -11.899907 22.885828 10.139267 6.071570 9.363415 7.386175
10.942821 20.956707 6.533553 7.819008 10.732717 -12.579591 -2.897438 27.146046 -4.761582 -2.315648 -4.607205 2.848227 3.247300 -13.176836 -1.067037 -9.232783 4.039436 0.500591 6.402012 -0.834309 11.084601 2.914112 -13.851573 3.959476 -11.473740 23.677828 8.871643 3.799142 8.400646 5.437861
10.159595 22.745321 6.303710 5.539572 12.952276 -12.697078 -2.587479 27.248682 -3.272506 0.749608 -4.817303 2.358686 1.850371 -13.010014 -1.712099 -10.844394 3.338951 -0.147388 7.169110 -2.470579 7.944773 3.476896 -14.084487 1.916813 -10.886732 24.910822 8.670769 1.049264 8.191319 3.819659
9.732617 23.052422 6.420094 5.506242 13.605363 -11.472960 -1.596407 26.635424 -2.490388 1.108865 -4.369991 2.583571 1.137722 -13.029196 -2.172160 -10.822600 3.479043 -0.322553 7.104813 -2.704711 6.057402 4.579763 -14.071862 1.867089 -11.876799 25.652605 8.148399 -0.012463 7.962078 2.754110
9.776418 24.070492 6.807750 4.848738 13.849676 -9.529008 1.218631 25.997995 -2.116130 2.664366 -3.887056 2.478189 0.332314 -12.773262 -2.955522 -11.151999 3.559757 -0.525361 7.171352 -3.856739 4.070268 4.860503 -14.609489 2.344731 -13.318096 25.468126 6.898891 -0.767697 8.405910 2.467014
9.583839 25.421459 7.973748 4.147936 14.839682 -7.138803 4.115981 25.540707 -1.608286 5.063001 -2.950142 2.384534 -0.622232 -12.274745 -3.991190 -11.705148 3.572004 -0.790438 7.363811 -5.614720 3.064517 3.911284 -15.385905 5.467640 -15.334286 23.210524 6.670837 -0.306511 9.726694 3.455108
9.982483 25.375519 7.708744 3.761476 17.087236 -4.911604 6.717904 25.970787 0.027763 7.817242 -1.847976 1.085853 -1.170962 -12.306181 -3.511559 -11.420927 3.392516 0.506288 7.779010 -7.300234 1.127507 3.081466 -17.534950 9.475875 -18.161020 20.582619 6.893170 0.506574 9.818510 4.477640
9.776923 25.251545 7.084504 3.429128 18.312101 -3.499772 8.341200 25.387819 0.891758 8.367957 -1.220275 1.181212 -1.318451 -12.133241 -3.825069 -11.730304 3.208834 1.146400 8.236199 -8.229072 -0.340503 2.684768 -16.261530 9.996324 -19.101084 20.279844 6.095798 1.139734 9.005365 5.260570
9.760421 25.306023 6.833911 3.499923 18.413809 -3.359178 8.513702 25.034460 1.129019 8.318150 -1.160341 1.103199 -1.415058 -12.050524 -3.968913 -11.893020 3.306547 0.973736 8.242390 -8.201661 -0.504675 2.494062 -15.340646 9.897900 -19.025974 20.351557 5.757455 0.891884 8.914673 5.759449
9.812281 25.096613 6.916492 3.435893 18.560390 -2.778396 8.745444 25.130377 1.323892 8.376256 -0.918953 1.164262 -1.349555 -12.061613 -4.008672 -11.641012 3.295439 1.202763 8.264024 -8.371395 -0.522652 2.716417 -16.308678 10.099235 -19.198380 20.248596 5.888618 0.999586 8.833452 5.443091
9.894834 24.875381 6.819925 3.404911 18.646482 -2.482364 8.991982 25.155499 1.566983 8.381965 -0.645452 0.689605 -1.662133 -12.276506 -3.605593 -11.136112 3.121376 1.319010 8.125709 -8.467047 -0.339904 3.038142 -18.033258 10.270183 -19.327440 20.085382 6.800760 1.138204 9.021257 5.103492
9.936440 24.892403 6.781749 3.373294 18.619698 -2.451607 8.975282 25.145313 1.530308 8.401323 -0.856100 1.124867 -1.407332 -12.070206 -3.857278 -11.564095 3.173381 1.439364 8.225783 -8.674186 -0.442723 2.620011 -16.011078 10.053414 -19.086441 20.250814 5.908038 1.051268 8.869210 5.593886
9.967382 24.930899 6.758174 3.357305 18.575788 -2.384378 8.973538 25.145193 1.546599 8.384077 -0.875915 1.153225 -1.343602 -12.022316 -3.901687 -11.664329 3.167288 1.460980 8.263219 -8.727757 -0.461379 2.465442 -15.357685 10.008442 -19.024715 20.285929 5.673438 0.984621 8.880585 5.871082
