-11.184884 25.639133 -17.134165 17.944315 -7.014561 -7.001984 2.743463 1.985357 7.192140 -11.925725 -4.322530 1.348405 -1.314268 -9.756441 5.302796 -2.062969 -5.409051 3.297222 -9.626608 -2.840132 -2.847297 15.833460 -15.100516 15.333024 -15.226294 18.834232 10.445882 -13.150768 -0.070827 8.704511
-11.146224 25.652191 -17.133020 18.005222 -6.967071 -6.980275 2.787778 2.003319 7.179865 -11.975735 -4.302869 1.324824 -1.306556 -9.773040 5.210237 -2.065633 -5.464977 3.302410 -9.713496 -2.725903 -2.882930 15.855760 -15.101068 15.320697 -15.225651 18.867537 10.395396 -13.169216 -0.071774 8.666404
-19.530056 23.041670 -5.364021 14.582718 0.861085 1.932531 6.907955 2.827335 13.503188 -6.094115 0.807777 1.909043 -4.155179 -9.835890 0.299676 -0.885281 -1.238731 3.410471 -9.292930 -1.151639 -7.586560 10.238451 -22.686537 13.098177 -14.180529 14.825598 -0.302401 -9.846375 -5.961415 10.751061
-21.157263 22.978201 -1.742283 14.008776 0.933843 2.328339 6.421474 3.345836 14.055668 -4.801049 0.697869 2.160274 -5.142081 -9.710931 -0.148667 -0.725540 0.369678 4.039228 -9.327862 -1.068609 -8.743282 8.723506 -24.680576 12.402984 -13.708151 14.710062 -1.421165 -8.804060 -5.812044 13.458459
-22.471003 22.790682 0.709091 15.396935 1.764592 2.392627 5.994664 2.881709 14.399652 -5.320352 0.328402 3.062627 -6.211817 -9.504156 0.154447 -0.237798 1.038950 4.507622 -9.789168 0.029490 -7.851129 7.875506 -26.414055 11.067700 -13.542680 14.910622 -2.142480 -5.861937 -5.721264 15.319131
-23.560730 21.810419 2.891032 16.204676 2.528344 1.986178 5.753977 3.657501 13.900731 -4.415214 0.367386 3.160703 -6.989867 -8.893078 0.329097 -0.146803 2.019838 5.080177 -10.281716 0.197641 -6.457155 5.873526 -27.906855 10.278785 -12.758507 14.136093 -3.499190 -4.113301 -5.675632 17.369152
-25.747316 21.465790 5.633481 15.121103 1.598598 0.755667 3.954764 2.182886 11.463984 -5.171441 -0.391203 3.344070 -7.731179 -8.226998 0.884785 -0.522520 2.972134 5.528772 -10.438553 0.873246 -6.236365 3.310680 -30.077845 10.802523 -12.357634 12.587330 -4.627506 -3.863088 -5.212258 17.762043
-29.330952 23.290890 8.982145 13.910572 -0.169520 -1.865552 0.093167 -0.010050 7.522267 -6.470974 -2.307649 3.342258 -10.436885 -7.669726 2.250286 -1.401258 3.629391 5.684342 -10.763654 1.718396 -5.982205 0.008153 -32.715977 10.056668 -12.056229 10.758186 -4.049683 -1.663371 -4.538066 18.403343
-30.004707 25.469315 11.598127 13.093932 -0.144082 -6.083728 -4.654583 0.476743 3.140893 -5.922275 -4.002806 2.700087 -11.091205 -7.209585 3.348156 -2.281812 4.839765 6.037207 -10.420798 2.405158 -7.174588 -3.562896 -29.431822 7.297580 -11.555840 10.028327 -6.165923 -0.325372 -4.379999 21.353230
-27.747663 24.746635 13.532670 12.494756 0.120608 -6.518502 -6.169389 3.032629 1.410331 -3.559259 -4.447672 2.448480 -11.115632 -6.586628 3.876097 -3.450695 6.377759 5.639952 -8.745374 2.068648 -7.241508 -5.177926 -27.653234 5.224045 -10.944293 10.171819 -7.559139 2.434659 -5.805750 22.144485
-24.494356 23.058952 14.698351 14.008049 0.913984 -4.938081 -9.350774 5.128094 -0.461526 -3.488522 -4.182700 2.828373 -10.457691 -6.537320 3.692628 -3.057038 7.434872 5.263083 -8.910222 2.862964 -4.979952 -5.920101 -25.058764 5.007727 -11.103381 10.697432 -7.879269 5.254355 -5.163754 22.977123
-23.949518 21.399902 16.175886 16.024757 -0.666767 -2.391014 -9.071933 6.067626 -2.431880 -6.707892 -4.395503 3.718675 -9.159163 -6.414181 3.599326 -2.364391 8.156752 4.766664 -10.223195 4.011630 -2.808174 -4.932305 -22.496996 7.150287 -12.985523 9.899986 -11.595203 6.894202 -4.290574 23.873695
-24.548252 19.337807 17.895916 16.746332 -1.888339 -0.235054 -9.157454 6.985181 -4.113213 -11.444235 -4.707732 3.752843 -6.450522 -6.790130 2.627595 -1.411999 8.265024 5.106809 -12.453851 5.847562 0.143002 -1.924342 -20.397352 8.619114 -15.152097 9.519383 -16.553057 4.751260 -3.329437 23.111320
-25.240162 17.955490 18.469625 17.208834 -2.167637 0.959408 -8.037464 6.944554 -4.042431 -13.692477 -4.503071 3.862719 -5.251967 -6.934033 2.351206 -0.916343 8.259026 5.327805 -13.015662 6.691718 1.503316 0.092677 -20.625860 9.175076 -15.715835 9.846771 -18.170935 3.986599 -3.040911 22.128220
-25.463085 17.707891 18.443333 17.124411 -2.432452 1.038888 -7.985126 7.054881 -4.392198 -14.331144 -4.450955 3.923178 -4.936174 -7.012188 2.292758 -0.756694 8.274929 5.329944 -13.126541 6.823335 1.407076 0.482803 -20.775942 9.306889 -15.857858 10.047853 -18.669989 3.414990 -3.104722 21.884033
-25.490475 17.701218 18.532587 17.163870 -2.345494 0.975141 -7.849308 7.115644 -4.384730 -14.347391 -4.440568 3.913126 -4.929979 -6.992270 2.298322 -0.753162 8.286854 5.296792 -13.139941 6.881590 1.433533 0.386367 -20.620852 9.249966 -15.779085 10.066569 -18.664585 3.397784 -3.031442 21.785870
-25.458668 17.667059 18.559496 17.047422 -2.382444 1.010789 -7.933100 7.131783 -4.353088 -14.424772 -4.423972 3.902966 -4.899562 -6.983717 2.330413 -0.732693 8.285942 5.330289 -13.151376 6.874781 1.479169 0.412044 -20.665091 9.231658 -15.849070 10.038463 -18.764097 3.318051 -2.999624 21.802002
-25.506954 17.746254 18.539310 17.005787 -2.449411 0.989929 -7.879224 7.135336 -4.362822 -14.354950 -4.404128 3.884769 -4.914947 -6.966863 2.355998 -0.724256 8.294882 5.339499 -13.163260 6.862388 1.417925 0.410608 -20.621956 9.175420 -15.824159 10.073029 -18.763308 3.510553 -3.135617 21.849625
-25.500168 17.693695 18.531132 16.979473 -2.485180 1.044589 -7.866397 7.104057 -4.374762 -14.409509 -4.409760 3.875575 -4.944652 -6.984276 2.366964 -0.712800 8.269167 5.346188 -13.156388 6.859574 1.465010 0.386835 -20.525419 9.227180 -15.826273 10.026283 -18.921812 3.351143 -3.099650 21.822243
-25.494328 17.711983 18.531448 16.983936 -2.427692 1.013114 -7.896156 7.132769 -4.385779 -14.400594 -4.410402 3.888846 -4.927372 -6.971362 2.355092 -0.723061 8.285000 5.336621 -13.160987 6.859027 1.429771 0.435516 -20.691523 9.191210 -15.847980 10.066147 -18.778646 3.425946 -3.111529 21.830650
-25.507393 17.753941 18.559719 17.053408 -2.405071 0.964735 -7.898922 7.129013 -4.367457 -14.341389 -4.415734 3.883589 -4.941570 -6.972723 2.340297 -0.736753 8.290764 5.345753 -13.137101 6.867673 1.428716 0.405971 -20.500570 9.145675 -15.825512 10.093076 -18.795919 3.508511 -3.130038 21.866062
-25.529495 17.738354 18.560089 17.027363 -2.456046 0.947274 -7.886724 7.149257 -4.356238 -14.340725 -4.415984 3.891523 -4.933483 -6.967535 2.329492 -0.745077 8.288256 5.341568 -13.132774 6.875718 1.445424 0.484881 -20.777557 9.181970 -15.847845 10.082965 -18.685850 3.559409 -3.138611 21.837254
-27.744261 11.443847 17.019617 19.607586 2.580997 -4.120237 -5.972404 5.314357 -3.855504 -16.177757 -3.667523 3.286771 -4.531046 -4.305845 3.709998 -1.365774 9.227346 4.496976 -13.681624 8.279412 0.455820 -1.920357 -20.464190 6.492343 -15.224428 11.175648 -18.757767 3.109290 -1.029511 13.138480
-26.640779 7.044201 14.384875 20.912033 4.047367 -8.133302 -5.459518 5.473713 -4.208791 -17.528584 -2.987982 3.902411 -4.979417 -3.170628 3.099791 -1.628673 9.012259 3.289062 -14.148284 9.291403 0.334853 -3.895743 -18.275167 3.556897 -15.312956 12.944398 -19.182707 2.981061 -0.436782 8.088785
-27.142776 7.172672 14.711175 20.449783 3.549512 -7.303431 -5.334428 4.831732 -4.013003 -18.180304 -2.862231 3.906450 -4.501783 -3.244503 3.078442 -1.336775 9.026932 3.735034 -14.312774 9.403901 -0.068194 -3.738932 -18.390760 4.123338 -14.926767 12.441574 -19.416950 2.374632 -0.734486 8.116805
-27.300205 6.578124 14.506478 20.784960 3.668056 -7.732105 -5.334231 4.654996 -3.865899 -18.653006 -2.920978 3.931351 -4.610509 -3.182448 3.018250 -1.459437 9.008835 3.677177 -14.322684 9.647065 0.073818 -3.863531 -18.544142 3.914708 -14.811188 12.387228 -19.310724 2.703646 -0.978141 7.344234
-26.002848 4.012563 12.354398 21.746023 4.555444 -9.485478 -6.150711 5.421744 -4.187136 -19.424116 -2.404080 4.357420 -5.319754 -2.823956 2.545424 -1.311100 8.792814 2.458873 -14.622885 10.112063 0.137549 -2.697055 -16.774420 2.776823 -15.165780 13.960178 -20.104692 2.608278 -1.043950 3.528335
-24.786831 1.249781 10.874703 22.946167 5.243163 -10.599704 -6.836522 6.606265 -3.389574 -20.152491 -2.195720 4.715253 -5.918526 -2.563193 1.827665 -1.364285 8.696383 1.491161 -14.820637 10.447563 0.319735 -2.001569 -15.944516 2.116591 -15.716534 15.198799 -20.454769 3.663898 -0.684122 0.528279
-24.497320 1.011513 10.713133 22.890638 4.717734 -11.388764 -7.199817 6.886757 -3.396967 -19.943714 -2.325013 4.794140 -5.999587 -2.464527 1.726829 -1.406204 8.777287 1.204671 -14.899878 10.658221 0.496617 -1.995773 -15.821117 1.859567 -15.571962 15.504614 -20.543211 4.062314 -0.786769 0.286758
-24.447037 1.469668 10.842898 22.883333 4.746650 -11.220846 -7.031846 6.830392 -3.536535 -19.529316 -2.501658 4.806930 -5.981252 -2.512984 1.802414 -1.535088 8.913572 1.386589 -14.772265 10.802528 0.408181 -2.138526 -16.152533 2.017645 -15.458395 15.213701 -20.394670 4.090971 -0.879804 0.683796
-24.210787 1.127726 10.731236 22.943584 4.518589 -11.903098 -7.274848 7.538426 -3.334846 -19.193607 -2.692519 4.847211 -6.183043 -2.592212 1.667593 -1.752855 8.866526 1.264752 -14.560254 10.938533 0.560605 -2.717449 -16.116692 2.083536 -15.310486 15.215834 -20.092684 4.322591 -0.488781 0.654465
-24.185833 1.026319 10.659472 22.818487 4.506893 -11.738440 -7.041236 7.306809 -3.459806 -19.415724 -2.545307 4.814325 -6.275318 -2.567325 1.663266 -1.575930 8.894794 1.086847 -14.697162 11.008882 0.509009 -2.360176 -16.004934 2.085092 -15.369585 15.331560 -20.192667 4.215070 -0.650917 0.275323
-24.372221 1.250244 10.793036 22.818876 4.568897 -11.240382 -6.897871 6.980450 -3.367136 -19.533808 -2.529795 4.730824 -6.131703 -2.605049 1.763689 -1.561900 8.788652 1.238704 -14.670611 10.774614 0.388421 -2.329518 -16.118898 2.187927 -15.409414 15.212857 -20.420824 3.857082 -0.716601 0.417297
-23.912613 0.995945 10.674243 23.070436 4.496977 -12.136626 -7.248746 7.808919 -3.466482 -18.954515 -2.754118 4.858362 -6.263709 -2.522634 1.625673 -1.815970 8.847818 1.084649 -14.561572 11.011648 0.377062 -2.874156 -16.072330 2.139852 -15.182197 15.162975 -19.919243 4.374777 -0.471439 0.740369
-24.052454 1.053290 10.755464 23.013533 4.443231 -12.087847 -7.210528 7.755216 -3.410335 -18.938137 -2.757209 4.833589 -6.276902 -2.539714 1.654357 -1.833480 8.900084 1.156980 -14.548320 11.031965 0.385916 -2.786051 -16.043829 2.093726 -15.232367 15.208694 -20.013975 4.272202 -0.467080 0.790162
-24.237864 1.165135 10.593057 22.887320 4.557962 -11.671195 -6.876765 7.219769 -3.418215 -19.258299 -2.558629 4.811963 -6.174385 -2.564213 1.685980 -1.598774 8.909801 1.149206 -14.689412 10.945056 0.329587 -2.391954 -16.087200 2.188666 -15.307126 15.337833 -20.213802 4.085925 -0.658271 0.452158
-23.832474 0.800416 10.507847 23.095734 4.573433 -12.310963 -7.555513 7.905545 -3.359807 -19.069246 -2.663044 4.803225 -6.340911 -2.479528 1.620775 -1.746100 8.843168 0.905471 -14.667246 11.040067 0.451664 -2.683007 -16.004194 1.927359 -15.317055 15.339407 -19.804010 4.587482 -0.559852 0.290632
-24.028835 1.048746 10.547414 22.988020 4.537520 -11.906012 -7.026077 7.392680 -3.454743 -19.430321 -2.555962 4.863214 -6.371162 -2.513474 1.567201 -1.625842 8.881104 0.880405 -14.741170 10.981608 0.416264 -2.416782 -15.930863 1.887151 -15.394197 15.506310 -20.163572 4.361916 -0.543098 0.017487
-23.820110 0.849442 10.524911 23.062487 4.599445 -12.403331 -7.492109 7.924614 -3.334771 -19.061003 -2.702769 4.870914 -6.313839 -2.515396 1.587045 -1.748506 8.808851 0.939846 -14.609082 11.047619 0.483870 -2.805033 -16.051119 1.981626 -15.281928 15.319901 -19.935402 4.548907 -0.537310 0.433218
-24.420868 0.813471 10.695560 22.939075 4.634644 -11.692760 -6.828215 7.206970 -3.342009 -19.558359 -2.445003 4.894326 -6.193229 -2.468936 1.620209 -1.503984 8.985849 1.010050 -14.855924 10.961778 0.379178 -2.445593 -15.901280 1.978854 -15.375992 15.417105 -20.246733 4.144029 -0.702254 0.120009
