-10.477063 25.790783 -17.016941 17.880156 -6.630818 -6.585652 1.738116 2.184146 6.148288 -11.973977 2.250126 3.307905 4.485453 -9.066218 -3.810849 -5.656785 -3.938824 8.729473 -2.784691 -7.140860 -4.876245 8.659542 10.558644 14.685412 -13.334107 20.111691 0.508389 -15.840339 -0.595633 16.525209
-11.030602 25.727898 -17.193510 17.983856 -7.115040 -7.181464 2.385470 1.992800 6.731407 -12.255947 2.284810 3.326834 4.494353 -9.050838 -3.891972 -5.683730 -3.962467 8.743934 -2.803212 -7.104670 -4.894816 8.683708 10.551058 14.663908 -13.324471 20.144842 0.500918 -15.846536 -0.574742 16.531696
-17.023857 13.278624 -9.166592 23.501934 -1.713054 -12.339475 13.182708 7.973538 1.365673 -14.740108 3.409581 3.619288 2.014322 -12.159496 -10.597210 -6.571764 -1.801041 3.937308 0.409355 -1.325524 -2.987597 4.413342 7.380850 9.618781 -16.921139 22.912119 -14.541669 -6.636619 0.151862 1.197263
-14.614385 14.958856 -11.811749 23.707880 -1.994195 -14.700789 11.013830 8.229368 1.792462 -13.278276 2.564979 3.471086 2.107315 -12.135681 -9.769054 -6.988485 -2.752916 4.189202 0.428750 -1.553058 -2.257965 6.568443 9.524600 9.088391 -16.579588 24.256271 -11.488523 -6.426469 0.166620 1.638831
-13.997722 15.442236 -11.545387 24.618038 -1.645771 -15.335202 10.525241 8.164415 3.092684 -12.142988 2.132173 3.620737 2.229309 -12.357900 -9.259486 -6.861641 -3.076352 4.563487 0.581550 -1.425917 -2.536598 7.089800 9.851296 7.252102 -15.923109 25.479742 -9.447700 -5.303764 -0.147551 3.396777
-12.827010 16.173382 -10.983480 24.949654 -2.235029 -16.097929 9.254796 8.202342 4.071531 -10.543242 1.320081 3.340373 2.405884 -12.619171 -8.820649 -7.018448 -2.790446 4.668998 0.562776 -0.953346 -1.972100 6.300912 9.804667 6.309495 -15.498640 25.820192 -7.233670 -4.427675 0.745401 5.516163
-11.975390 17.412918 -10.124738 23.395830 -3.755435 -16.645266 8.215190 9.278815 4.183800 -8.817628 0.583212 2.495743 2.310497 -12.495031 -8.238323 -7.412624 -1.734393 5.116806 0.352903 -0.944591 -0.187685 5.407609 9.580102 6.584826 -14.972725 25.348780 -6.099595 -4.372221 2.647464 7.057123
-11.958002 18.373348 -9.531390 21.735945 -5.041585 -16.925394 7.647577 10.156964 3.307247 -8.234942 0.035844 1.590319 2.836620 -12.348691 -7.815552 -8.100792 -1.415569 5.079733 0.327917 -1.093319 1.256271 3.744665 9.258133 6.941036 -14.441545 24.870111 -5.718834 -4.703008 4.085691 8.259928
-10.982397 18.862133 -9.280684 20.068220 -6.135698 -16.560844 7.209233 11.675773 3.484588 -6.901558 -0.450162 0.778235 3.035790 -12.332520 -7.649502 -8.611331 -1.038229 4.941749 0.373006 -1.318392 2.018405 2.629751 9.424508 7.486270 -14.317860 24.266943 -4.743216 -4.626076 5.290572 9.459327
-10.584641 18.695347 -8.566856 18.822031 -6.852818 -16.456316 6.892674 12.311009 3.591188 -5.720822 -0.718715 0.175802 3.146292 -12.410122 -7.607060 -8.842660 -0.784098 4.908436 0.429457 -1.404461 2.347328 1.015206 9.436362 7.818989 -14.074626 23.781494 -3.481915 -4.417067 6.155659 11.162938
-9.331271 19.362228 -9.013902 16.874228 -8.071849 -16.476364 5.611250 13.493192 4.129299 -4.244901 -1.016401 -0.720878 3.611112 -12.471505 -6.876422 -8.703828 -0.728252 5.625144 0.493280 -1.577751 2.829967 -0.104185 9.770293 8.577967 -14.321101 23.313276 -1.272582 -4.073154 7.486588 13.023442
-7.740589 18.118790 -10.431440 16.443462 -8.874081 -16.835815 5.620675 14.795086 5.282776 -3.152286 -1.620303 -0.920724 4.029078 -12.711993 -6.297072 -8.538655 -0.868510 5.904801 0.668722 -1.132576 3.765089 -0.516136 10.365125 8.501279 -13.695216 23.579294 0.891007 -4.175633 8.716437 12.767648
-5.326065 17.331602 -11.991138 16.929340 -9.687750 -17.315821 4.421494 15.954431 5.931301 -2.041282 -2.604338 -0.810661 5.420822 -12.981983 -5.222666 -7.882957 -1.135846 6.220851 0.428458 0.050303 5.609858 0.633877 11.260481 7.084644 -11.953839 24.327669 3.957487 -4.045086 8.715735 13.657035
-4.080681 17.866219 -12.079196 16.597769 -10.007586 -17.106031 3.448116 16.621035 6.960139 -0.711177 -2.753559 -0.933482 6.015285 -12.991018 -4.592962 -7.494538 -1.132033 6.763199 0.320107 0.536111 6.115067 1.730944 11.646839 6.867435 -11.655401 24.617018 4.604044 -3.501739 8.179096 14.455911
-4.075137 17.768917 -12.029904 16.586615 -10.100632 -17.201891 3.337339 16.618166 6.847657 -0.718832 -2.704344 -0.960752 6.168360 -12.982988 -4.588101 -7.365990 -1.073460 6.811130 0.246444 0.590982 6.163178 1.663843 11.602321 6.947810 -11.698200 24.567213 4.531754 -3.544493 8.233392 14.394300
-3.946029 17.758762 -11.988309 16.572985 -10.175467 -17.201818 3.264082 16.746365 6.833129 -0.585233 -2.700221 -0.985662 6.200741 -13.017672 -4.611251 -7.367549 -1.080773 6.772346 0.275820 0.646089 6.405608 1.631556 11.693572 6.855150 -11.561959 24.650114 4.766594 -3.399438 8.277757 14.542880
-3.975057 17.751966 -11.978232 16.559832 -10.188272 -17.169252 3.283258 16.735830 6.839257 -0.592819 -2.711222 -0.974403 6.194818 -13.023905 -4.626626 -7.364319 -1.086670 6.757598 0.269456 0.621468 6.406652 1.658259 11.697235 6.902504 -11.621438 24.612852 4.751477 -3.432599 8.267855 14.486579
-3.917976 17.658617 -12.100562 16.571157 -10.124578 -17.310408 3.260956 16.797356 6.941192 -0.504978 -2.766067 -0.990042 6.190271 -13.015996 -4.596611 -7.413685 -1.118348 6.745876 0.285813 0.592036 6.584853 1.521354 11.789506 6.789941 -11.526929 24.688009 4.895992 -3.301018 8.362144 14.579486
-4.039728 17.928770 -12.118099 16.725351 -10.053425 -17.181684 3.398829 16.565657 6.769750 -0.800210 -2.703513 -0.948112 6.112501 -12.985608 -4.582118 -7.401413 -1.080556 6.789428 0.259336 0.555928 6.092317 1.556396 11.618190 6.806030 -11.654331 24.625854 4.713488 -3.525752 8.325150 14.554671
-4.090891 17.772438 -11.993699 16.589041 -10.098425 -17.212774 3.462688 16.636717 6.935012 -0.659596 -2.632174 -1.217095 5.908242 -13.132719 -4.374521 -7.073561 -1.195716 6.648975 0.140589 0.653960 6.267594 1.698744 11.746253 6.842628 -11.603819 24.635160 4.537896 -3.485937 8.160151 14.478869
-4.118862 17.795042 -12.083724 16.610668 -10.036923 -17.142670 3.577613 16.647984 6.946631 -0.767557 -2.644595 -1.179529 5.789134 -13.084024 -4.351393 -7.136343 -1.188869 6.657250 0.120635 0.567685 6.097624 1.690364 11.771283 6.863060 -11.709820 24.608786 4.538668 -3.559831 8.156990 14.360217
-4.050489 17.642279 -11.972972 16.634417 -10.115265 -17.288946 3.457059 16.751982 6.863607 -0.673757 -2.616344 -1.237946 5.897078 -13.151102 -4.420847 -7.093278 -1.181888 6.658556 0.167614 0.667441 6.393110 1.621083 11.840400 6.809024 -11.556898 24.664755 4.750335 -3.439119 8.218623 14.370090
-5.867053 18.719990 -8.439528 14.477703 -11.736393 -9.360217 0.388340 15.406041 11.136765 -0.937381 -1.216336 -0.161199 5.288733 -11.780848 -3.814264 -5.306751 0.373433 8.473034 -1.813275 0.627565 5.603073 0.042743 9.324664 10.610354 -11.266859 20.132751 1.952583 -4.456375 6.827259 20.942589
-11.435713 17.889734 0.316096 11.199709 -9.192619 0.616306 -1.353616 14.967052 14.924800 0.738968 0.276829 2.061532 1.536204 -9.914210 -5.465801 -4.724718 3.482403 7.497530 -4.275848 -0.493175 1.393732 -2.395947 2.869391 10.809152 -9.545444 16.245050 -5.488703 -4.873010 1.312032 28.447084
-12.073300 18.234194 1.817435 8.168834 -11.026428 0.325059 -4.038800 16.567024 13.824405 0.927210 -0.579853 1.392250 1.721272 -9.935251 -4.860388 -4.983969 3.631112 7.571263 -4.429890 -0.873149 2.299016 -3.460068 2.593637 10.737027 -8.941257 15.733239 -4.995947 -4.343741 1.586235 29.840473
-14.936275 20.910156 3.487044 6.544885 -10.140500 1.229486 -4.347816 14.992797 13.525765 1.194889 -0.290179 1.552818 0.515436 -9.547030 -4.917389 -5.332230 4.247507 8.062611 -4.942523 -1.649526 0.561906 -4.746229 1.080774 9.301270 -8.661638 15.810556 -6.677808 -5.079703 0.329980 29.883549
-18.950653 23.521637 5.295357 3.667237 -7.073143 2.207278 -2.062464 12.454988 14.168118 2.649014 0.041298 2.212344 -1.044298 -8.665830 -4.707177 -5.547716 4.798786 8.606067 -5.814470 -2.251420 -1.512210 -6.060018 -0.339122 8.979127 -8.494147 15.445379 -8.428304 -6.425170 -0.595279 30.483044
-18.482267 23.541481 5.208978 3.406910 -8.244617 2.177680 -2.655215 13.064610 14.149833 2.452518 -0.020493 2.122879 -0.767031 -8.780871 -4.677853 -5.491055 4.723467 8.515037 -5.797782 -2.139834 -0.863116 -6.003223 0.045966 9.066197 -8.430735 15.411702 -8.138316 -6.281014 -0.420217 30.571627
-18.668037 23.683403 5.106857 3.567329 -7.710747 1.881904 -2.383545 12.742205 14.109784 2.589489 -0.013652 2.076332 -0.830248 -8.718588 -4.728648 -5.605386 4.758259 8.581129 -5.788946 -2.249574 -1.467641 -5.989761 -0.082635 8.933064 -8.611847 15.598455 -7.980177 -6.178887 -0.462180 30.400778
-19.570496 23.473412 5.364562 3.895622 -5.956780 2.350804 -1.351250 11.628734 14.619373 2.774784 0.286325 2.487548 -1.006582 -8.405708 -4.829316 -5.238874 4.899916 8.508635 -6.195331 -2.198208 -2.433196 -6.416373 -0.976972 8.785527 -8.465204 15.296347 -8.809420 -6.764268 -0.694312 30.254181
-18.779289 23.118992 5.349426 3.590940 -7.786180 2.320014 -2.246348 12.835551 14.431581 2.434238 0.095275 2.141573 -0.683976 -8.660971 -4.677693 -5.378765 4.828127 8.519629 -5.991335 -2.204551 -0.997968 -5.894168 -0.158348 9.135581 -8.616668 15.431573 -8.629706 -6.195004 -0.452856 30.509624
-18.466431 23.100166 5.389274 3.518413 -8.412560 2.064673 -2.728524 13.305935 14.189939 2.412862 -0.012241 2.049392 -0.643622 -8.761217 -4.664808 -5.495377 4.704273 8.472409 -5.833553 -2.165687 -0.467168 -5.872644 0.050858 9.149701 -8.491596 15.393789 -8.541028 -6.039649 -0.401011 30.618141
-18.999706 23.230595 5.736052 3.404670 -7.559066 2.488411 -1.940371 12.718323 14.545869 2.840185 0.147521 2.363610 -0.812555 -8.553606 -4.722792 -5.281628 4.940272 8.467489 -6.099791 -2.003370 -0.744138 -5.917037 -0.471934 9.332404 -8.425406 15.312867 -9.345795 -6.746191 -0.177326 30.468082
-18.682112 22.015026 5.784142 3.757901 -7.881858 2.663566 -1.721470 13.422216 14.659188 2.455273 0.153460 2.575147 -0.374199 -8.487301 -4.650305 -5.010288 4.821695 8.453453 -6.404895 -1.692290 0.422010 -5.419796 -0.187902 9.610520 -8.680323 15.328352 -9.543474 -5.703007 -0.046912 30.633358
-18.689480 19.311701 6.670043 4.271529 -9.425396 3.272320 -2.415998 15.068592 14.512400 0.905464 0.539093 3.397756 0.790196 -8.205294 -4.734271 -4.105188 5.246425 8.035114 -7.122302 -0.454371 3.906302 -3.780529 0.115935 11.115939 -8.687636 14.955083 -12.040582 -5.131960 1.044313 30.263952
-18.898209 18.323534 6.803897 4.310525 -9.299519 3.335454 -2.284827 15.540169 14.507735 0.486079 0.851228 3.710289 1.014685 -7.967952 -4.696151 -3.857688 5.285467 7.920129 -7.381228 -0.199518 4.921185 -3.104325 -0.200009 11.451755 -8.653141 14.906010 -13.036521 -5.023077 1.311436 29.950275
-19.031853 18.271837 6.803774 4.254644 -9.489765 3.281709 -2.247809 15.649428 14.608844 0.413411 0.851266 3.673967 1.092362 -7.969266 -4.702771 -3.864141 5.340128 7.850110 -7.418524 -0.117446 4.987656 -3.033331 -0.188543 11.472416 -8.675677 14.903847 -13.185740 -4.970802 1.293385 29.914841
-18.943737 17.345997 7.226576 4.267256 -9.716480 4.113334 -2.168402 16.390453 13.875428 -0.469769 1.110174 3.811297 1.719302 -7.860810 -4.529354 -3.506214 5.608925 7.775039 -7.828271 0.271970 6.084843 -2.553250 -0.488692 12.480035 -9.090937 14.535860 -14.514289 -4.956163 2.207626 29.556641
-18.990971 17.500397 7.048927 4.239762 -9.396106 3.935004 -2.011511 16.201090 13.884023 -0.338954 1.069507 3.810289 1.555517 -7.838852 -4.545775 -3.646655 5.504592 7.800633 -7.718803 0.146473 5.935775 -2.624633 -0.450503 12.270424 -8.978741 14.768669 -14.304923 -4.921697 1.940384 29.518654
-19.081459 17.379879 6.938047 4.433105 -9.216658 3.733037 -1.833934 15.963021 14.199726 -0.199169 1.036858 3.792742 1.468879 -7.866911 -4.603617 -3.687635 5.416015 7.771080 -7.621484 0.108583 5.496781 -2.588032 -0.483820 12.027687 -8.969433 14.780061 -13.961061 -4.762391 1.478347 29.424818
