-3.447685 28.383659 -16.652407 22.665651 0.346977 5.464681 -10.020268 2.792573 -11.701968 -8.015751 -4.386527 1.310166 -1.273450 -9.771776 5.332944 -2.069576 -5.410038 3.222345 -9.638645 -2.798637 1.805578 15.042801 -10.147046 -0.063519 -29.417089 6.386113 11.352889 -16.483326 2.279235 9.780658
-3.676835 26.517925 -16.370649 20.119928 -1.039828 6.602585 -11.043578 2.618728 -11.409164 -9.894855 -3.737624 1.886366 -0.656746 -9.001150 6.043764 -1.767470 -5.533662 2.358224 -9.556470 -2.591389 2.575268 15.511269 -10.918090 2.614997 -26.820768 6.646418 11.854622 -14.143276 -0.421158 9.030917
-3.472824 18.410519 -16.191065 14.766569 -3.692707 12.195322 -13.333747 4.196938 -9.662423 -16.772844 -1.856709 2.304289 2.478476 -7.212346 6.976573 -1.670710 -6.254723 -0.576925 -9.705756 0.111590 9.870654 15.589632 -10.091261 6.062587 -22.580648 3.662410 14.129138 -5.982689 -9.131258 6.696959
-3.123434 14.067884 -17.190939 13.982590 -3.987646 15.039994 -13.834248 5.654071 -8.262869 -19.980274 -1.492395 2.719621 2.371448 -6.567439 6.817875 -2.039721 -6.731431 -0.545117 -9.797259 0.942497 11.669705 14.204155 -9.497352 6.780471 -21.545210 1.087902 15.026117 -4.702774 -11.827621 7.043436
-3.344521 11.632570 -17.971811 12.344449 -4.843678 16.484434 -15.789762 5.260418 -8.594915 -20.291037 -1.176594 2.696662 1.783808 -5.802267 6.821667 -2.423259 -7.454022 -0.897777 -9.667567 1.499472 13.866435 13.414673 -9.301712 7.181009 -21.007883 -1.158395 14.526626 -3.969097 -13.639780 5.470446
-1.921697 6.624019 -19.422216 12.048023 -2.874075 15.835144 -16.915869 5.906601 -6.022313 -23.179548 -0.810355 2.909437 1.859965 -4.999545 6.779549 -2.853332 -8.446154 -1.443683 -9.665427 2.531381 15.367401 13.288816 -7.638042 5.506729 -21.429367 -3.358496 13.745902 -4.752063 -14.889732 1.455258
-3.759815 5.284251 -22.468702 9.829210 -1.210380 12.394788 -18.349873 4.228639 -6.326480 -22.759520 -0.540753 2.462045 1.685341 -3.725242 6.486769 -4.060136 -9.464344 -1.665182 -10.196170 2.227267 14.711370 11.027057 -5.597323 3.778768 -21.308903 -5.076704 15.899940 -5.963314 -15.413881 -0.534979
-4.455896 4.302957 -23.299967 8.213367 -0.479206 10.432508 -18.422138 3.350772 -5.163290 -23.260090 -0.514420 2.410632 1.495029 -3.214029 6.212351 -4.726443 -9.995789 -1.864211 -10.219874 1.960648 12.946991 10.418672 -5.162654 2.685143 -21.321096 -5.161215 17.199564 -6.533489 -16.146856 -1.377006
-4.343423 3.672491 -24.830832 7.074652 0.044195 8.527415 -19.488451 3.121414 -3.921121 -23.402605 -0.549816 2.404969 1.250986 -2.878874 6.164975 -5.048054 -10.424538 -1.942719 -10.074658 1.358389 12.018764 10.253253 -4.125072 2.285738 -21.282984 -5.536018 17.361761 -7.401278 -16.259314 -2.412870
-4.036707 3.370219 -26.462988 6.432719 1.067677 6.059120 -20.363033 2.941794 -3.180730 -22.980253 -0.602295 2.525353 0.834658 -2.303751 6.093611 -5.445911 -10.882942 -2.028958 -9.970660 0.729632 11.400389 10.311776 -2.087358 0.830984 -21.581406 -5.571759 17.097082 -8.456660 -16.340837 -4.159970
-5.297913 3.061784 -27.193579 6.064132 2.424161 3.251346 -21.350702 3.007504 -1.738089 -22.529242 -0.402149 2.652411 0.934275 -1.533276 6.146567 -5.564247 -10.758230 -2.057271 -10.350057 0.050717 9.740818 9.250662 1.990777 -0.402892 -20.262381 -4.819224 15.753814 -9.323715 -16.840042 -3.979765
-6.729253 2.807188 -27.048334 5.660212 3.093154 0.750397 -21.835842 3.608534 -1.130694 -22.090139 -0.355185 2.500034 1.561925 -0.942477 6.465718 -5.547501 -10.113562 -1.757306 -10.719346 -0.376315 9.032110 8.054874 3.006187 0.222154 -19.603334 -5.009561 14.356068 -11.234206 -16.671865 -4.891840
-7.510920 3.273450 -26.315687 5.426611 3.738537 -0.679647 -22.117935 4.018435 -1.304749 -21.550449 -0.203711 2.474851 2.220411 -0.370163 6.929387 -5.360899 -9.434130 -1.358796 -11.026910 -0.809198 6.166795 7.250268 2.947931 1.531076 -18.675821 -4.907661 13.794957 -13.310251 -16.531900 -4.380385
-9.084369 4.053415 -25.191402 4.859819 4.138409 -1.858427 -22.869064 4.434202 -0.868464 -20.989159 -0.074543 1.833528 3.217771 -0.194805 7.504502 -4.957341 -8.762913 -1.074822 -11.540323 -0.592230 4.419770 6.346384 2.423974 3.322631 -18.228470 -4.669183 13.610934 -15.464772 -15.657743 -3.759572
-9.622609 5.081204 -24.592041 4.561609 3.290782 -2.842068 -24.622734 5.914133 -1.259008 -20.005016 0.045893 1.632568 4.617559 -0.088330 7.612429 -4.265635 -8.201509 -1.029503 -12.287820 -0.517411 3.716176 4.338864 2.354579 5.164656 -18.151932 -3.977740 13.046160 -17.251116 -13.349417 -3.542031
-9.911607 7.808908 -24.199148 4.029145 2.100605 -3.465178 -25.876890 6.990816 -1.349191 -19.036451 0.131709 1.102838 6.526474 -0.101310 7.767762 -3.407281 -7.627038 -0.632311 -13.402011 -0.034062 3.539156 1.924104 2.344213 5.981887 -18.131727 -2.926570 13.611251 -19.175573 -11.122025 -3.956961
-10.059216 9.888404 -23.492136 3.711627 0.898662 -3.240258 -25.876419 7.457319 -1.721776 -18.483505 0.203140 0.685754 7.508045 -0.287910 7.556557 -2.791234 -7.414015 -0.155728 -14.158648 0.622115 3.513522 0.678544 2.923089 6.335862 -18.907026 -2.560186 13.109354 -21.661076 -8.831238 -3.832581
-10.291309 9.105663 -23.021759 3.628702 1.022308 -3.592703 -25.693817 8.381208 -2.677374 -18.436220 0.079879 0.569665 7.449685 -0.434427 7.470499 -2.862612 -7.364865 -0.044097 -14.154018 1.056105 4.271526 0.539578 3.022563 5.717247 -19.155821 -2.975436 13.559986 -20.783102 -9.032166 -2.897535
-10.247415 8.660213 -22.930523 3.770658 0.824572 -3.560411 -25.682022 8.563236 -2.801641 -18.664295 0.000278 0.379989 7.207056 -0.541828 7.513983 -2.931271 -7.456889 -0.268849 -13.989913 1.190689 4.354306 0.704573 1.868615 5.735255 -19.340757 -3.443669 13.840161 -20.402857 -9.157722 -2.923891
-10.232945 8.764318 -22.957695 3.780227 0.883880 -3.458495 -25.612576 8.461652 -2.763829 -18.573042 -0.057882 0.389846 7.087316 -0.552786 7.487819 -3.021975 -7.481702 -0.247568 -13.913062 1.196320 4.485676 0.583584 2.200087 5.568130 -19.380754 -3.456674 13.752776 -20.218830 -9.205546 -2.766418
-10.330009 8.711592 -22.926153 3.732906 0.931257 -3.592069 -25.530481 8.485340 -2.727791 -18.562040 -0.048039 0.401219 7.125104 -0.540095 7.476322 -3.017960 -7.465204 -0.249192 -13.936753 1.227913 4.518886 0.652283 2.155796 5.637341 -19.439194 -3.470486 13.696114 -20.290712 -9.159103 -2.816255
-10.133533 6.904761 -23.584864 4.022357 2.022534 -3.412101 -25.077885 7.367966 -2.568739 -18.865732 0.219312 0.981817 5.667913 -0.338189 7.794271 -3.118620 -7.803261 -0.172270 -13.427695 0.802127 3.758879 1.910430 1.860349 4.908528 -19.126123 -3.447031 13.016887 -18.336508 -10.956256 -5.015769
-9.495914 6.255759 -23.539690 4.497715 3.117085 -3.037547 -24.867430 7.026876 -2.580804 -19.208075 0.329725 1.366975 4.861494 -0.565430 7.764048 -3.183135 -8.045301 -0.426824 -12.966084 0.626226 3.296800 3.823495 1.380419 4.081935 -19.347704 -3.244243 12.537877 -17.421339 -12.092750 -6.569499
-9.177196 5.483167 -23.499758 4.810567 3.339881 -2.726694 -24.720222 7.181382 -2.352451 -19.577894 0.331093 1.427130 4.577733 -0.535053 7.669954 -3.285587 -8.116741 -0.518913 -12.954763 0.580602 3.153040 4.153181 1.364537 4.000585 -19.484804 -3.322449 12.377663 -17.540199 -12.278926 -6.991490
-9.038861 3.579807 -22.834595 3.797016 6.204595 1.381754 -21.986973 7.039685 1.432252 -16.885912 2.256166 1.566540 3.137334 -0.749131 6.358472 -3.063882 -7.765517 -0.678471 -11.913523 0.194751 2.024642 5.480530 0.937869 2.584529 -19.369745 -3.714759 9.314814 -14.854814 -15.792204 -6.195571
-8.726535 1.504877 -21.287020 2.859416 8.644346 5.856524 -19.928835 7.648119 4.075031 -15.369509 4.715247 1.939815 2.253162 -1.234622 4.672773 -2.972644 -7.457343 -0.922933 -10.439928 0.126986 1.873253 7.666647 -0.874533 0.839006 -19.142324 -3.674968 5.532938 -11.364152 -19.802397 -6.564442
-10.746413 -1.936247 -18.736761 3.861891 9.077841 10.496154 -17.984234 7.374332 8.027274 -17.071222 6.200963 2.855615 1.230448 -1.262679 3.137456 -2.973328 -6.179594 -2.444783 -9.480474 1.026369 2.350413 8.966064 -0.389878 0.352495 -16.160496 -2.000171 -0.650000 -7.348961 -24.239084 -6.340264
-9.990630 -2.198741 -18.801292 3.460578 8.354120 11.990880 -17.980476 7.425241 8.123549 -17.362005 6.334767 2.837360 0.372857 -1.785871 2.954541 -2.978767 -6.443673 -2.991112 -9.048904 1.153222 4.121313 8.397623 0.948535 1.318670 -15.899910 -2.736666 -0.829420 -6.572882 -23.873989 -4.798720
-8.697906 -2.232829 -21.004950 4.177852 7.347337 10.937675 -17.360500 6.906315 7.939569 -17.563801 5.681959 2.346493 -0.145906 -2.361938 3.207253 -2.950114 -7.680770 -3.220304 -9.044501 1.324665 6.148395 8.322266 1.966697 0.120597 -16.141106 -3.141470 1.899867 -5.666470 -23.307089 -4.233220
-8.629107 -2.003699 -20.880264 5.214022 7.467940 13.022607 -16.277119 5.344733 8.506509 -17.871927 5.659728 2.489496 -0.861631 -2.727483 2.923486 -3.020338 -7.945292 -3.782684 -8.668632 1.449916 7.343719 8.059856 2.535300 -0.690245 -16.738255 -3.676534 1.507833 -2.731180 -24.394215 -2.746003
-10.644635 -3.214087 -12.894038 5.124366 8.513176 22.559168 -11.903927 6.831430 9.956133 -17.224152 7.771359 2.389260 -1.636798 -3.760726 1.864359 -2.166436 -4.626234 -4.619103 -7.883224 3.244476 7.463718 3.712934 0.388889 5.252487 -14.433485 -3.861013 -4.905177 1.155152 -26.447342 0.996341
-12.199927 -2.601258 -10.709607 7.182672 8.736696 26.299147 -10.451570 6.129975 9.815157 -16.223272 8.605493 3.319016 -2.348871 -4.128582 2.289666 -0.091786 -3.464471 -4.049324 -8.162691 4.004445 5.784419 -0.189036 0.005722 6.536885 -14.661741 -3.081643 -4.683632 4.452178 -26.044449 5.846344
-8.503988 -0.446481 -17.826834 8.239212 4.876679 20.028242 -11.048509 5.123746 7.202525 -17.317617 6.316865 1.504809 -1.745654 -4.527850 3.713728 -0.606704 -7.127011 -3.269250 -8.907886 3.746172 9.300343 1.994853 2.960450 1.832424 -16.077002 -2.892984 3.105905 2.914907 -23.957579 5.832137
-5.252072 1.990387 -24.100195 10.000448 0.233194 14.350616 -12.726377 4.320842 1.498820 -18.844967 2.879325 0.577926 -0.837330 -4.502228 6.182455 -1.326934 -9.774038 -2.188193 -10.031077 3.093844 13.539838 4.097989 6.178267 -0.705328 -18.824219 -2.926188 10.490695 1.283936 -20.515387 5.364962
-3.748358 4.531314 -25.103836 11.361302 -0.940004 12.041378 -11.280998 3.783379 -2.583012 -20.979727 0.891286 0.186731 -0.580927 -4.892228 8.226129 -0.833967 -10.601086 -1.848337 -10.715378 3.373816 17.298494 3.139846 10.515835 1.070493 -19.554991 -3.992496 13.574919 0.883277 -16.709553 7.038094
-3.564406 4.990643 -24.551186 13.295357 -1.991705 12.963872 -10.259301 3.677832 -4.967614 -23.172632 0.184252 -0.069565 -0.493760 -5.646231 9.041428 -0.096694 -10.627913 -2.080277 -10.911290 3.974851 19.751219 2.385721 11.950466 2.494610 -19.665512 -4.790938 14.660523 1.252581 -15.113483 8.706066
-1.975770 5.708640 -23.531544 14.809913 -2.007573 14.826029 -8.111024 4.429224 -7.152232 -22.865679 -0.072465 -0.557177 -0.412192 -6.575758 9.270458 0.626490 -10.451824 -1.993946 -10.710269 4.382091 21.163187 0.825515 14.755630 4.488172 -19.833523 -4.442490 12.331197 0.054175 -12.352818 10.042035
-1.590946 6.643855 -23.958784 16.789793 -3.019480 16.581068 -6.029938 3.471799 -9.903855 -21.210367 -0.256507 -1.845080 0.186738 -7.370216 9.398313 1.060780 -10.555189 -2.173022 -10.967465 5.500541 21.777571 0.319908 16.043856 2.847133 -22.085566 -4.792380 10.167380 -0.750046 -11.278871 9.228339
-1.855592 7.442327 -24.111799 17.273094 -3.431472 17.474661 -3.904378 2.764484 -11.178683 -20.353956 -0.284775 -2.945719 0.453175 -7.520991 8.883226 0.894926 -10.902882 -2.070401 -11.772633 6.387770 20.725409 -1.132105 18.183628 -0.893546 -24.305256 -5.934423 10.189282 -1.900057 -11.124635 8.588114
-2.470819 7.433716 -23.893532 17.272915 -3.701054 17.135361 -3.211608 2.309544 -10.853052 -20.174459 -0.471588 -3.744466 0.839366 -7.510905 8.873070 0.657979 -11.090965 -1.934629 -11.860100 6.803075 21.074064 -0.845105 20.177172 -2.298990 -24.778711 -5.439228 9.829777 -1.716102 -10.614276 7.541392
