-3.494714 28.444279 -16.590733 22.676641 0.445120 5.710960 -9.900527 2.786071 -11.591887 -7.942230 -4.687899 10.269167 3.448070 -7.722969 6.055888 -4.719294 -0.716588 0.786145 -3.145957 -7.441970 1.993944 15.886839 -13.518648 0.276703 -29.698261 6.137374 12.341971 -16.162952 2.304916 8.761706
-3.623963 28.321468 -16.462412 22.829229 0.593732 5.824677 -9.749679 2.732283 -11.503615 -7.921609 -4.503365 10.172877 3.321297 -7.831886 6.065182 -4.464838 -0.732564 0.794905 -3.138221 -7.339464 2.182672 16.058712 -14.086963 -0.141442 -30.045893 5.765485 12.253991 -16.101652 2.217516 8.611241
-3.944826 26.498590 -16.228151 20.367174 -0.689599 6.765312 -10.796836 2.478499 -11.162012 -9.665834 -4.140187 10.458580 3.800113 -7.070881 6.203200 -4.819968 -1.084171 0.366533 -3.147565 -6.942904 3.088585 16.272219 -13.820395 1.886507 -27.893406 5.587074 12.517599 -14.031678 -0.279470 8.034472
-3.549497 27.132713 -16.055866 21.405725 -0.759701 7.228439 -9.962526 2.667907 -11.466847 -9.532395 -4.195542 10.357842 3.531514 -7.348402 6.278258 -4.536681 -1.040002 0.462973 -3.208566 -7.170211 3.023725 16.620312 -14.017606 0.250739 -29.581606 5.051190 12.411751 -15.085713 0.880866 8.254504
-3.123299 26.442938 -15.518447 19.627159 -2.107724 9.187715 -9.515856 2.712024 -11.795943 -11.027990 -3.870601 10.623302 3.850227 -6.887489 6.510662 -4.378457 -1.358846 0.126998 -3.370830 -6.991046 3.953193 17.993923 -14.204155 1.498118 -28.485807 4.878685 12.003884 -13.840777 -1.193997 7.942544
-2.971249 25.348551 -15.271885 18.542284 -3.269589 10.953416 -9.163285 2.894562 -12.105906 -12.286512 -3.483603 11.043970 4.359514 -6.351273 7.090827 -3.983509 -1.570233 -0.021567 -3.331428 -6.659146 4.904010 19.122076 -14.094426 2.122931 -27.986330 4.339767 11.570048 -12.965463 -2.874738 7.422234
-3.057266 24.665367 -15.292796 18.043444 -3.811944 12.179445 -8.931144 2.906248 -12.207634 -12.877348 -3.195419 11.345500 4.498911 -5.989215 7.251378 -3.704582 -1.937605 0.222459 -3.528295 -6.341622 5.541137 20.280993 -13.986455 1.899024 -28.302809 3.694441 10.758154 -13.050268 -3.667594 6.584332
-2.767426 24.237419 -15.015134 17.953367 -4.102368 13.401769 -7.883074 2.671000 -12.637235 -13.484762 -2.858758 11.719739 4.483301 -5.719490 7.546939 -3.411103 -2.086390 0.537897 -3.461043 -6.249251 5.858585 21.108900 -14.175530 2.133794 -27.908415 3.597610 10.183148 -12.660037 -4.634390 6.008252
-2.484838 23.680241 -15.152105 18.228470 -4.722712 14.542648 -7.211383 2.493089 -12.784272 -13.983135 -2.752372 11.913666 4.517253 -5.376430 7.812792 -3.448816 -2.253351 0.419580 -3.497991 -6.305488 6.871721 21.316923 -13.977593 2.292000 -27.984594 2.808472 10.059410 -12.193902 -5.396764 5.450121
-2.324115 23.017899 -15.662711 19.237398 -4.665547 15.169862 -6.394458 2.267936 -12.525729 -14.269833 -2.611443 12.574490 4.173900 -5.273655 8.057177 -3.443298 -2.418894 0.253494 -3.076659 -6.467124 7.346927 20.886116 -13.654542 1.919142 -28.101372 2.016344 10.570415 -11.771688 -5.978418 5.351538
-1.782360 22.157215 -16.309322 20.198874 -4.184145 15.956080 -5.843323 2.006090 -12.051983 -14.803412 -2.499403 12.904892 3.986754 -5.243913 8.044242 -3.748202 -2.522211 -0.420386 -2.610200 -6.690585 8.192483 19.824671 -13.504720 1.395900 -28.399778 0.746287 11.342492 -11.375413 -6.411891 5.631732
-1.575961 21.365208 -17.172047 21.039656 -3.858451 15.858317 -5.518198 1.567779 -11.515288 -14.967001 -2.480247 13.106585 3.906143 -5.111155 7.995658 -4.030725 -2.619102 -1.086988 -2.411057 -6.856664 9.198503 18.376652 -13.364845 1.217795 -28.691473 -0.578027 12.486163 -10.833915 -6.672710 6.474729
-1.496224 20.405281 -17.807432 21.927467 -3.113197 15.398295 -5.653526 1.487204 -10.830359 -15.037808 -2.402967 13.359918 4.212479 -5.151121 8.155298 -3.987424 -2.528194 -1.831808 -2.006291 -6.905781 9.952147 17.040405 -13.132594 0.363235 -29.333673 -1.668407 13.801737 -10.466351 -6.577796 7.254706
-1.451644 19.284958 -18.709911 23.153589 -2.150433 14.548855 -6.033205 1.472540 -10.048992 -14.967378 -2.337129 13.495523 4.494740 -5.081857 8.165594 -3.995047 -2.406861 -2.481969 -1.853975 -6.832845 10.868041 15.821304 -12.994796 0.012880 -29.553961 -2.488366 14.875503 -9.892253 -6.577527 7.718805
-1.733639 18.737431 -19.203306 23.441462 -1.222941 13.518306 -6.976048 1.667886 -9.448247 -14.800492 -2.269809 13.503103 4.992639 -5.183636 8.180622 -4.055538 -2.116661 -3.208080 -1.642345 -6.745767 11.784829 14.923134 -12.607731 -0.754447 -29.806852 -3.067547 15.936528 -9.016812 -6.709030 7.821767
-1.866428 18.569500 -19.410793 23.346529 -0.274240 12.192719 -7.736713 2.089584 -8.976825 -14.617409 -2.235202 13.220249 5.682202 -5.223000 8.246084 -4.053310 -1.908052 -3.550492 -1.678000 -6.417778 12.399155 14.302799 -12.423362 -1.672557 -30.294857 -3.901951 16.815187 -8.477159 -6.994241 8.008288
-2.410646 18.367008 -19.855997 22.855537 0.153873 11.171227 -8.795102 2.344471 -8.644164 -14.184669 -2.245888 12.777746 6.569130 -5.249208 8.443411 -3.989935 -1.576712 -3.722897 -1.746577 -6.072728 12.666717 13.609810 -12.050490 -2.744166 -30.575405 -4.263124 18.079321 -7.806227 -7.251501 7.921276
-2.926899 18.866159 -19.958960 22.294598 0.764531 9.896388 -9.552777 2.557747 -8.261010 -13.808674 -2.319872 12.362610 7.144895 -5.405913 8.557748 -3.876653 -1.328321 -3.490796 -1.879710 -5.650331 12.853773 12.946169 -11.948634 -4.242797 -31.300638 -5.069910 19.089979 -7.432856 -7.405750 7.807715
-3.593358 19.149008 -19.887968 21.889984 1.702861 8.881495 -9.682790 2.605262 -8.305513 -13.646158 -2.443825 12.130539 8.000248 -5.359608 8.471994 -4.009915 -0.993555 -3.265119 -1.923426 -5.158134 12.885294 11.676662 -11.222763 -5.257725 -31.415926 -5.792861 20.050062 -7.162568 -7.694376 7.524587
-4.264013 19.637543 -19.775263 21.945749 2.777014 7.753017 -10.029395 2.799592 -8.116276 -13.289303 -2.611408 11.825621 8.305138 -5.519890 8.554493 -4.042694 -0.877016 -2.948284 -1.945937 -4.720747 12.595901 10.634670 -11.470767 -5.970738 -31.483644 -6.565731 21.182262 -7.130428 -7.886837 7.389809
-4.495457 19.454750 -19.659300 21.525545 2.798188 7.615963 -10.152354 2.721383 -8.380199 -13.259678 -2.482710 11.661007 8.309024 -5.622072 8.719524 -3.749587 -0.877704 -2.961818 -2.139452 -4.394615 12.658534 10.295754 -12.244323 -6.467246 -31.692213 -7.111259 21.735283 -7.009212 -7.884460 6.919791
-4.636513 19.613995 -19.622482 21.426466 3.031744 7.424583 -10.013051 2.674087 -8.383521 -13.173544 -2.473054 11.671974 8.309453 -5.592372 8.770769 -3.737150 -0.816265 -2.939664 -2.108738 -4.456203 12.529078 10.296793 -12.338230 -6.358309 -31.714788 -7.081464 21.540976 -7.293603 -7.770788 6.956596
-4.463527 9.838089 -20.937384 14.870259 -1.787198 15.626546 -10.688239 2.625776 -9.515514 -19.576849 -1.538559 11.597358 6.374974 -3.517140 7.420387 -5.499613 -3.898285 -3.376417 -2.688274 -1.974468 18.268703 9.790279 -12.067679 4.742231 -24.578020 -7.262304 18.142717 -4.052786 -11.384893 5.040065
-6.052477 2.377422 -20.901964 7.292216 4.440344 16.315569 -5.133740 3.197369 -4.265908 -15.103174 3.025113 11.920879 6.652636 -1.818536 5.481593 -4.461352 -4.147114 -3.161323 -1.714831 -0.128740 15.796775 4.395638 -9.260695 1.185206 -22.457670 -11.755293 17.549261 -0.931352 -18.853636 4.079070
-7.447344 0.666114 -21.010172 7.284556 8.783343 16.426184 -5.518386 1.710985 -4.284927 -15.421861 3.776539 12.068037 5.189430 -0.890114 5.185901 -5.175198 -4.180231 -4.171362 -1.062386 0.003240 13.927754 2.804855 -7.393785 -0.823828 -21.193254 -11.671434 15.690711 -0.287542 -21.224516 2.568612
-9.667707 -0.807913 -21.056585 7.499123 12.208668 16.860844 -4.214834 -0.057012 -2.511248 -15.196466 4.843039 12.216578 3.594737 -0.519623 4.051770 -5.359670 -4.536658 -3.113345 -1.207866 0.687815 11.089550 1.697673 -8.338934 -1.083302 -18.482771 -10.232200 14.078013 1.175147 -24.280863 -0.068003
-6.886763 2.465594 -25.156931 6.603862 12.714965 11.591878 -3.949079 -1.853502 -5.520111 -14.560966 3.104789 12.970463 3.716886 -0.161086 6.380310 -5.711524 -6.537887 -1.601470 -0.632295 -1.026364 10.920434 2.999689 -6.112626 -6.177586 -22.588678 -11.398680 20.360147 -1.112994 -22.585264 -3.199389
-5.774093 4.447526 -25.852715 6.280274 13.731842 10.258714 -2.474242 -2.858975 -7.048052 -13.284342 2.478535 14.027824 3.155086 -0.203401 6.610315 -6.092893 -6.824440 -0.751944 0.260977 -1.662893 11.146281 3.284522 -7.753912 -8.469329 -23.495052 -10.901737 23.492861 -0.832846 -21.582924 -4.742591
-6.573919 5.345230 -26.973984 6.562938 13.219205 8.125449 -2.813189 -4.238493 -7.843613 -14.263119 1.696172 14.077823 2.793870 -0.020324 7.038400 -6.288434 -6.978429 -0.771871 -0.043296 -1.851124 11.432178 3.226534 -6.984697 -8.843951 -23.825581 -11.147432 25.091848 -1.109967 -20.930384 -4.451679
-7.025255 3.619457 -25.295618 6.353008 14.283939 10.965270 -1.810703 -3.195706 -5.808958 -13.506021 3.090046 13.861998 2.596238 -0.335251 6.419536 -5.516121 -6.649543 -1.281850 -0.174942 -0.997666 10.267996 2.403223 -6.354713 -7.512526 -22.381781 -10.923574 20.302456 -0.362612 -22.881903 -4.680313
-8.054575 2.808583 -23.879271 6.540987 15.157452 12.924047 -2.094990 -3.307121 -5.286308 -13.846470 3.865426 14.055712 2.365476 -0.397505 5.479514 -5.358175 -6.136338 -1.737323 -0.420839 -0.385665 10.087460 2.551024 -7.622136 -6.684074 -21.267448 -10.424843 18.443537 0.481290 -23.977045 -4.517520
-8.031228 2.647208 -23.573647 6.668387 15.336171 13.057870 -2.064669 -3.159288 -5.375682 -13.852405 4.079555 14.188638 2.320801 -0.448237 5.191442 -5.284109 -6.028396 -1.757001 -0.385382 -0.269654 9.905890 2.461281 -7.775062 -6.832678 -21.045046 -10.349455 18.034700 0.721243 -24.168631 -4.382725
-6.268632 5.308971 -26.859095 6.790918 13.178400 8.397698 -2.992226 -4.152871 -8.081794 -14.432451 1.685471 14.066544 2.941007 -0.043868 7.094949 -6.249878 -6.965780 -0.936919 -0.028288 -1.835112 11.705653 3.214790 -6.999275 -8.837805 -23.872408 -11.091610 24.835567 -1.210824 -20.821285 -4.618784
-7.745691 4.157782 -24.506388 8.041285 15.176583 11.205494 -2.313360 -4.899881 -6.839139 -14.850009 2.891737 15.131895 1.710401 -0.435344 6.183753 -5.396698 -6.664393 -1.634607 -0.370572 -0.805992 9.463475 2.191063 -7.034053 -8.434426 -22.592361 -10.427961 20.412374 0.525739 -23.340761 -4.107827
-11.045712 2.990394 -20.218904 9.997821 18.013140 17.434710 -0.549501 -6.671865 -5.563420 -13.709009 5.764681 15.658627 -0.394841 -0.549798 3.914281 -3.632918 -5.334237 -2.553563 -1.016742 0.674298 4.023069 -0.119816 -7.270647 -4.541642 -17.123953 -5.964402 14.249381 5.277305 -27.025049 -1.787617
-9.757183 3.749956 -21.630791 8.821375 17.071249 14.916490 -1.830424 -6.183834 -6.044294 -14.173049 4.974723 14.914078 0.120234 -0.638754 4.721825 -3.760128 -5.858234 -1.867322 -1.057619 0.318720 4.606948 0.514005 -5.941133 -5.871830 -18.069248 -6.169451 16.117474 3.784185 -26.776186 -1.415761
-9.132387 2.709472 -22.127344 7.956617 16.334551 15.663340 -1.219876 -4.508517 -5.044104 -14.032047 4.607410 14.705238 1.355320 -0.633935 4.466372 -4.719727 -5.750742 -1.786469 -0.381836 0.485255 7.355996 0.982526 -8.255630 -5.692699 -19.210482 -8.537333 16.656729 2.893416 -25.562056 -2.991688
-10.636342 2.551386 -19.872940 9.493195 17.681005 17.960157 -1.310870 -6.224066 -5.267941 -14.127165 5.871520 15.580494 -0.247370 -0.608577 3.979773 -3.500662 -5.332730 -2.649257 -1.089003 0.590738 4.087739 0.453208 -7.340640 -4.573592 -17.292307 -6.028779 14.045156 5.096287 -27.464169 -1.668089
-7.476745 4.247725 -24.911634 8.342512 14.095973 10.932317 -3.625726 -4.960059 -7.497608 -15.960180 2.498426 14.506721 2.610083 -0.170654 6.382425 -5.753694 -6.709318 -1.750131 -0.756676 -1.085335 10.231891 3.044349 -7.849854 -7.856821 -23.054285 -10.747066 21.776972 -0.259478 -22.906540 -3.691913
-6.643489 5.505893 -26.858356 7.318986 12.897958 8.016922 -3.436228 -4.979011 -8.887633 -15.789738 0.745581 14.381025 2.732698 0.225000 7.625622 -6.480003 -7.257875 -1.169173 -0.751249 -1.584891 11.605916 3.463141 -6.914910 -8.533138 -23.712660 -10.933073 25.292637 -1.268225 -20.893932 -4.581932
-6.545832 6.354252 -28.003801 8.064906 11.765352 5.525716 -3.971112 -5.833267 -10.577195 -16.945436 -0.296092 14.552969 2.838366 0.255902 8.648910 -6.527778 -7.714822 -1.055091 -0.894568 -1.684077 11.761748 3.068012 -5.892968 -9.712727 -24.463104 -11.209413 27.350641 -1.962597 -19.612640 -4.682689
-6.177289 5.524465 -27.250013 6.708398 13.086134 7.890202 -2.742702 -4.252706 -8.140103 -14.177269 1.440817 14.071234 2.831691 0.084717 7.290647 -6.311066 -7.290278 -0.473041 -0.106963 -1.879057 11.222010 3.294757 -6.678219 -8.739562 -23.599867 -10.699783 25.622002 -1.056203 -20.544760 -4.752718
-9.168520 -0.573321 -21.886471 6.392452 10.316694 14.097831 -7.097995 0.861461 -2.220101 -15.255280 4.285492 11.069102 4.230754 -0.353517 4.910931 -5.668743 -4.612887 -3.671820 -1.468629 -0.166888 11.380287 2.728374 -5.793408 -0.793289 -18.929268 -10.376417 14.694506 -0.700115 -22.912214 1.219642
-8.795146 0.729410 -24.868822 3.908248 10.984396 8.844081 -6.801072 -0.269318 -2.367283 -14.373379 3.308313 10.510074 3.874202 0.380168 6.501911 -6.209520 -6.021093 -2.650342 -1.345827 -1.186797 10.156083 2.513857 -2.558191 -2.831812 -20.399981 -11.799647 19.154184 -3.542146 -21.860628 -0.718656
-7.260853 2.966054 -28.005440 1.233312 10.487894 4.450800 -8.151344 -0.975894 -3.102521 -14.194265 2.544037 9.618608 3.599297 0.932107 7.726957 -6.803662 -7.164311 -1.780724 -1.555692 -2.992714 8.234059 2.507783 -1.000284 -5.713143 -22.461115 -12.512558 23.941172 -6.151389 -20.431456 -1.608267
-8.438103 5.637042 -29.113058 1.353488 9.833784 -1.030008 -9.941396 -4.106538 -5.616467 -17.109175 0.825865 10.082711 2.579957 1.494877 9.478685 -6.639260 -7.876014 -1.744149 -3.165555 -3.404297 5.619859 1.477617 2.119172 -7.549752 -23.038124 -11.163832 25.823210 -8.035701 -18.916342 -2.566904
-9.266227 7.210875 -29.853680 0.624805 9.137545 -3.383611 -10.752343 -4.922145 -5.819770 -17.396521 0.096419 9.582281 2.073139 2.084539 10.807415 -6.209400 -7.647686 -0.695813 -4.271490 -3.668957 4.796683 -0.320311 4.252539 -8.352891 -23.317543 -11.352758 26.167669 -9.399007 -17.882725 -2.056451
-10.622694 8.412699 -29.609390 -0.256226 8.373288 -4.852781 -10.888489 -5.425376 -6.025000 -17.828888 0.004896 8.578369 1.988943 2.382468 12.103706 -5.334039 -7.123052 0.214687 -5.262001 -3.377868 3.978074 -3.101306 5.629334 -8.092573 -22.909895 -11.931997 25.625523 -11.545455 -17.180162 -0.811167
-12.124854 9.473166 -28.658854 -1.509065 7.889955 -4.857996 -11.555810 -4.855660 -6.659271 -17.486990 0.186814 7.861741 2.580551 2.476419 13.134888 -4.371429 -6.458814 0.945167 -5.870749 -2.818530 4.309919 -5.336727 6.640286 -6.962737 -22.604290 -12.322348 23.629740 -14.161191 -15.831819 -0.806697
-13.507162 11.044556 -27.452879 -1.833994 6.950865 -5.056419 -11.558705 -4.228886 -7.628373 -16.649557 -0.108089 6.981693 3.434738 2.103256 13.662281 -3.740116 -5.918125 1.423565 -6.177587 -2.499410 6.029310 -5.745085 6.814801 -5.995314 -23.488722 -12.179157 21.740942 -15.812759 -13.076725 -1.902520
-13.767913 13.413672 -26.533741 -3.247678 6.047437 -5.795012 -12.122355 -2.906427 -8.434798 -15.427090 -0.304380 6.616478 4.576831 1.947063 14.172003 -2.876445 -5.162207 2.328109 -6.767974 -2.168669 7.769494 -5.655971 6.433868 -5.474223 -24.638557 -13.138106 20.796885 -16.575327 -11.078691 -1.561659
-14.543077 13.031248 -25.102224 -2.754626 4.122231 -5.020452 -12.326278 -1.430749 -7.933636 -15.834164 -0.126809 6.354398 5.869343 1.663711 14.610205 -1.780047 -4.358293 2.693676 -7.250142 -1.805704 8.650470 -6.148392 6.215031 -3.511467 -24.973412 -13.365938 19.945906 -17.425550 -9.201975 -0.715918
-14.542054 13.295076 -23.900778 -2.984301 2.018050 -3.413095 -11.187279 -0.022391 -7.153673 -16.195808 -0.164671 6.220690 6.927491 1.350350 14.645948 -1.056201 -3.773340 2.801024 -7.585212 -1.532931 8.886439 -6.229814 5.708846 -1.333805 -24.611443 -13.117346 18.672770 -18.700640 -8.425755 -0.009690
-14.937938 13.269403 -23.074514 -2.327518 0.235697 -1.734462 -11.233285 1.107571 -7.725483 -17.200838 0.039693 6.047154 8.125512 0.903402 14.378136 -0.278938 -3.182687 2.715421 -7.789434 -0.603139 10.484153 -6.152827 5.086750 0.291872 -25.063131 -14.485419 16.930983 -20.784176 -7.218364 0.775229
-14.837685 11.919847 -21.845905 -1.598593 -1.274791 1.366561 -11.678662 1.176942 -6.819278 -18.724640 0.313235 5.740627 8.864192 0.383906 14.221578 0.089654 -2.582231 1.829087 -7.813785 0.243441 11.838878 -5.749727 4.838310 1.795005 -24.986814 -15.133117 15.029375 -20.622469 -6.998501 1.675574
-15.066867 12.011194 -20.841454 -2.558658 -3.247945 3.737123 -12.911694 0.708263 -6.637253 -19.105604 0.419944 4.904724 9.797667 0.103553 13.769451 -0.037383 -2.060513 0.720882 -7.750597 0.859948 13.536519 -4.763024 4.150890 4.749588 -25.177393 -15.731101 11.768710 -21.598928 -5.848892 2.391324
-15.665464 11.782567 -19.209362 -3.404861 -5.660524 6.393972 -14.491280 0.193581 -5.925389 -19.099855 0.566930 3.963207 10.618836 0.053514 13.353561 -0.267437 -1.417937 -0.603386 -8.151551 0.578856 16.071877 -3.843365 4.090852 7.045402 -26.060499 -16.266428 9.693617 -21.479885 -4.388427 3.503727
-15.941446 8.818274 -16.259924 -4.817490 -0.438620 12.213222 -10.028568 3.641129 1.403932 -13.951260 4.800909 3.629141 8.956550 -0.238045 9.983089 0.069124 -0.048128 0.024767 -6.451333 0.679742 10.881169 -4.144928 -0.039338 9.734149 -20.377680 -12.475750 4.400929 -16.770422 -10.219275 3.976458
-14.883220 10.077940 -18.261461 -3.866634 -2.843973 8.196151 -11.085348 2.650724 -3.252518 -15.722982 2.364448 3.653003 9.939700 -0.072378 12.105451 -0.240578 -0.786015 0.197988 -6.782780 -0.183409 14.644181 -3.797311 2.734861 7.078415 -24.668444 -14.606798 7.888613 -18.787615 -7.083198 3.424672
-22.405075 3.862592 -7.807269 -2.681651 7.330646 17.653690 -9.907368 1.068873 8.967708 -12.515976 8.651357 7.442806 4.213154 0.602086 6.825992 1.405527 2.846415 -1.306307 -6.469790 -0.774001 -1.817412 -4.909946 -6.535182 10.780541 -14.228957 -5.842068 -1.661565 -7.423540 -17.696426 7.011025
