1.004328 26.975018 -17.263781 16.383987 2.665514 11.359555 -4.812879 9.692106 -3.334011 5.079209 -4.355303 1.351173 -1.317854 -9.760836 5.314015 -2.063028 -5.388679 3.272573 -9.676515 -2.835850 1.897516 15.589321 -12.623398 0.147544 -29.606379 6.206135 12.124958 -16.274214 2.324208 9.041620
0.979715 26.968994 -17.307140 16.430628 2.653075 11.402471 -4.775680 9.642842 -3.355040 5.067801 -4.340628 1.325505 -1.311164 -9.776714 5.214841 -2.070878 -5.452657 3.294037 -9.759669 -2.712111 2.000698 15.605076 -12.618167 -0.032953 -29.830416 6.033746 12.036288 -16.335619 2.359628 8.994064
-1.775212 28.604084 -22.376167 7.063377 7.681088 5.560274 -3.599781 3.278568 -7.053879 6.890801 -2.968652 3.060510 -4.568599 -4.471027 6.194833 -4.540400 -9.764294 5.079719 -10.136843 -3.770318 -5.260015 10.239117 -11.014550 -9.995185 -30.949099 1.178860 23.044363 -17.674736 -1.913261 4.924472
-2.366776 28.890610 -22.355085 6.156917 9.025829 4.258385 -3.329380 1.850647 -6.689305 6.603796 -2.820148 3.171210 -5.288927 -3.910324 5.943157 -4.757061 -9.765495 5.405746 -10.615047 -4.341023 -7.383054 10.586285 -11.476855 -11.396326 -30.966108 1.204461 23.305004 -18.178375 -2.873806 4.932324
-2.261987 29.447929 -23.086748 5.596788 10.068182 3.056042 -2.824839 0.559704 -6.864801 6.770579 -2.804558 3.383992 -6.028508 -3.539354 5.917592 -4.814833 -10.004103 5.826656 -10.709546 -5.007219 -9.660390 10.873976 -11.952388 -11.449521 -30.155588 1.349899 23.504641 -18.983015 -3.819433 4.470751
-2.357163 29.550007 -23.283836 5.448598 10.427773 2.833042 -2.802298 0.217105 -6.891499 6.806847 -2.847047 3.500661 -6.340164 -3.458899 5.951165 -4.879852 -10.122749 5.953743 -10.634636 -5.266201 -9.943108 10.800791 -11.979621 -11.786475 -29.993269 1.351122 23.808836 -18.749212 -4.244233 4.524976
-2.543139 29.798538 -23.412664 5.310306 10.923552 2.441698 -2.674401 -0.143502 -7.031689 6.985158 -2.807542 3.567900 -6.436037 -3.432320 5.931702 -4.903624 -10.204037 5.932791 -10.575154 -5.288408 -10.249331 10.655107 -12.061682 -11.920335 -29.941309 1.330148 23.979502 -18.835882 -4.396688 4.718832
-2.560769 29.785259 -23.472834 5.258458 10.990313 2.388036 -2.689613 -0.185164 -7.025927 6.967583 -2.818434 3.564275 -6.452763 -3.423347 5.936070 -4.912517 -10.188082 5.929550 -10.575404 -5.336844 -10.290843 10.631033 -12.051980 -11.972205 -29.869198 1.283246 24.058403 -18.752977 -4.562673 4.699984
-2.599788 29.796707 -23.497696 5.220596 11.056085 2.371229 -2.659358 -0.257612 -7.035929 6.964437 -2.821426 3.571036 -6.465606 -3.429135 5.934456 -4.908615 -10.181417 5.934865 -10.571853 -5.348349 -10.270283 10.622999 -12.058690 -11.944837 -29.856106 1.263282 24.046103 -18.765545 -4.589361 4.703961
-2.591137 29.795683 -23.488016 5.231576 11.038116 2.383279 -2.664508 -0.242467 -7.033304 6.965009 -2.823607 3.571515 -6.467777 -3.429352 5.934829 -4.910071 -10.182653 5.937449 -10.569887 -5.346130 -10.257141 10.623238 -12.058467 -11.933867 -29.860426 1.261573 24.038855 -18.769985 -4.575233 4.699471
-2.591084 29.795837 -23.488033 5.231431 11.038296 2.383236 -2.664197 -0.242825 -7.033463 6.965029 -2.823591 3.571322 -6.467345 -3.429296 5.934795 -4.910080 -10.182371 5.937124 -10.570205 -5.346319 -10.257780 10.623238 -12.058273 -11.934352 -29.860151 1.261673 24.039265 -18.769825 -4.576319 4.698868
-2.590534 29.796576 -23.487444 5.232014 11.037818 2.382919 -2.664149 -0.242005 -7.033597 6.965597 -2.823551 3.571651 -6.467801 -3.429210 5.934858 -4.909933 -10.182434 5.937313 -10.570123 -5.346704 -10.258608 10.623466 -12.058667 -11.933895 -29.860292 1.261647 24.038816 -18.770784 -4.575306 4.698896
-2.598792 29.798222 -23.496199 5.222295 11.054859 2.371446 -2.658807 -0.256298 -7.036454 6.965714 -2.821110 3.571292 -6.465512 -3.429047 5.934211 -4.908531 -10.181726 5.934337 -10.571589 -5.347740 -10.269456 10.623234 -12.059032 -11.942477 -29.856417 1.262743 24.044367 -18.767565 -4.587240 4.703689
-2.589974 29.798119 -23.486254 5.233290 11.037754 2.382812 -2.663532 -0.241897 -7.034180 6.966749 -2.823248 3.571667 -6.467831 -3.428920 5.934991 -4.909957 -10.182472 5.937428 -10.570295 -5.346498 -10.260869 10.623285 -12.058303 -11.935338 -29.858137 1.261141 24.040712 -18.769085 -4.580153 4.699520
-2.590080 29.797354 -23.486731 5.232781 11.037121 2.383309 -2.663897 -0.241373 -7.033837 6.966167 -2.823424 3.571674 -6.467647 -3.429304 5.934734 -4.909945 -10.182545 5.937062 -10.570053 -5.346090 -10.257959 10.623102 -12.058684 -11.933034 -29.860186 1.261231 24.038511 -18.771433 -4.575285 4.698794
-2.591015 29.788021 -23.518356 5.224313 11.047083 2.362983 -2.677418 -0.253464 -7.032166 6.965590 -2.820521 3.572664 -6.474163 -3.424707 5.933680 -4.914215 -10.182940 5.931237 -10.575281 -5.368860 -10.254533 10.634129 -12.058341 -11.943743 -29.855577 1.272606 24.040030 -18.741545 -4.592557 4.717382
-2.599686 29.789093 -23.527702 5.214102 11.064106 2.351611 -2.672034 -0.267956 -7.035070 6.965347 -2.818177 3.572630 -6.472530 -3.424311 5.933303 -4.912987 -10.182692 5.928546 -10.575974 -5.369825 -10.264958 10.634548 -12.058988 -11.951798 -29.851580 1.273610 24.045115 -18.737909 -4.603933 4.722944
-2.607268 29.783749 -23.551020 5.201893 11.075716 2.335429 -2.682749 -0.275137 -7.031070 6.964038 -2.821008 3.583132 -6.486412 -3.420605 5.935648 -4.916282 -10.190283 5.938684 -10.564450 -5.372000 -10.296546 10.641588 -12.062483 -12.001657 -29.827230 1.273025 24.090744 -18.667887 -4.674633 4.753025
-2.608255 29.784435 -23.551846 5.201637 11.074483 2.333319 -2.682638 -0.275713 -7.028915 6.964405 -2.820792 3.581939 -6.486809 -3.421046 5.936355 -4.915578 -10.190165 5.938568 -10.564818 -5.370370 -10.296804 10.641463 -12.062517 -12.001624 -29.827110 1.272897 24.090944 -18.668127 -4.674807 4.752954
-2.609194 29.784046 -23.551832 5.201349 11.073124 2.332291 -2.681536 -0.275332 -7.028012 6.963917 -2.820867 3.582372 -6.486594 -3.420952 5.935959 -4.916167 -10.189951 5.938581 -10.564801 -5.370992 -10.296891 10.641431 -12.062493 -12.001630 -29.827246 1.272954 24.090853 -18.668440 -4.674451 4.752792
-2.608914 29.783852 -23.551699 5.200841 11.073449 2.332817 -2.681500 -0.275075 -7.028033 6.964061 -2.820917 3.581576 -6.487114 -3.421096 5.936604 -4.915051 -10.190123 5.938183 -10.564960 -5.371400 -10.297161 10.640979 -12.062444 -12.001822 -29.827250 1.272852 24.090881 -18.668650 -4.674408 4.752736
-16.902103 26.520504 -6.035357 5.612057 20.847872 11.291434 1.735877 -2.378112 -0.433023 11.497621 1.774135 5.041855 -10.892983 -3.110452 1.003748 -3.201953 -3.363958 6.589648 -11.034104 -3.780502 -16.486931 3.942644 -23.261110 -14.792386 -29.439711 -3.091482 9.724544 -11.667994 -10.596914 10.222377
-18.214924 28.096502 -4.326869 5.861767 22.350235 9.912950 2.120952 -2.714689 -0.107811 14.063313 0.638692 5.729240 -12.059159 -2.762227 1.419204 -3.327770 -2.540832 6.507549 -11.648553 -2.939126 -16.849100 2.173456 -25.122705 -16.303608 -29.287321 -2.780507 8.907314 -9.936774 -10.278811 12.155327
-20.382843 28.109425 -1.840739 5.003556 22.158987 8.708478 1.344072 -2.960062 -1.188814 15.914081 0.494730 6.372064 -13.675492 -2.143584 2.824831 -3.841144 -0.465160 6.343023 -10.017478 -3.572592 -20.201834 -2.502464 -22.371096 -11.792912 -22.156225 1.505296 5.373799 -10.008677 -9.720654 13.930650
-21.740471 28.094622 -0.324104 3.908573 21.187601 6.313065 -0.056486 -4.045207 -2.527617 16.294363 -0.134914 6.372939 -14.614616 -1.777110 3.074773 -4.195701 0.512983 6.220105 -10.108140 -2.853718 -20.467527 -4.569584 -24.769176 -10.811938 -21.594147 1.622274 4.749944 -9.222429 -7.876601 13.962321
-22.933140 26.682043 2.064777 3.090800 20.500650 4.703371 -0.336284 -3.420894 -3.045033 16.905333 -0.502625 5.395498 -14.825572 -0.952349 3.614268 -4.783070 1.601982 6.342124 -10.153920 -2.688046 -20.546202 -7.460763 -24.369299 -11.122932 -19.713352 2.403607 3.542596 -8.538987 -6.644609 13.861104
-23.892441 25.660822 3.681579 1.871461 19.996984 2.731607 -1.840538 -2.679291 -4.254760 17.935360 -0.237471 4.309727 -14.545442 -0.062472 3.836175 -5.404674 2.928788 6.693976 -9.608678 -2.753954 -20.418344 -10.229039 -22.961821 -10.203554 -17.089661 4.158813 3.083632 -6.511626 -5.982130 14.249342
-24.460608 24.236938 5.301122 0.647153 19.035971 1.110169 -3.105312 -1.438162 -5.622150 19.303360 -0.145129 3.351646 -14.424012 0.944870 4.837215 -5.868458 4.433837 7.442687 -9.016328 -3.021932 -20.381929 -13.050582 -21.816612 -9.189187 -14.590735 5.663598 1.932230 -5.202207 -5.247637 13.941209
-25.371113 22.579500 6.748202 -0.087660 18.452944 -0.415142 -4.588959 -0.919548 -7.712403 20.423126 0.608611 2.122896 -13.805739 1.590864 5.304787 -6.260818 5.980387 8.371891 -7.171699 -4.092531 -20.356699 -16.203606 -18.146730 -7.834440 -12.605690 7.035328 0.321279 -4.000855 -3.931669 14.897513
-26.526915 20.874218 7.797178 -0.836346 16.387182 -1.372310 -6.117613 0.457898 -9.702177 22.548729 0.839708 0.491923 -13.051576 2.412695 5.896123 -7.131256 7.082697 8.437018 -5.394918 -4.136164 -20.035435 -20.407640 -16.162323 -6.340781 -10.034851 8.533783 -1.167357 -3.678449 -2.185823 14.346541
-27.634617 17.041790 8.391850 -0.119557 13.319335 -1.621557 -6.181769 1.721605 -11.588977 24.101353 0.583211 -0.763645 -12.001405 3.153357 6.520732 -7.835543 7.910247 7.426122 -4.281574 -3.185143 -18.870781 -22.775541 -13.479324 -3.842793 -8.004072 10.408871 -1.363813 -1.987123 0.902020 13.796288
-27.240213 13.375161 9.774240 1.314885 10.725489 -2.218055 -6.730757 4.092058 -14.115094 25.891016 0.694237 -1.527427 -11.180470 3.818319 6.881313 -8.396022 9.026676 6.305613 -3.006617 -2.149562 -15.712695 -24.603319 -12.805175 -1.277271 -7.278429 11.314168 -0.662004 0.138380 4.779147 11.737760
-25.436741 10.339090 11.030505 3.286923 7.496646 -2.435453 -6.060643 6.880047 -16.406954 27.324251 0.837489 -2.541815 -10.648419 3.665630 7.046884 -8.566350 10.292137 5.906582 -1.623820 -0.808597 -12.327680 -25.144217 -10.785159 1.496031 -7.288950 12.421342 -0.187394 4.051059 8.314364 11.432008
-22.062565 8.004955 12.411449 5.694590 4.256426 -0.985278 -4.981254 10.838504 -18.116777 28.830210 0.420046 -4.239257 -9.645195 2.825316 7.469958 -8.759665 11.136923 4.895537 0.064539 0.687995 -8.588150 -24.718931 -7.786090 4.720997 -8.740852 13.935823 -2.066193 7.357691 12.444836 11.267474
-17.613358 5.463974 14.169286 6.611403 1.125713 0.983637 -3.181083 15.088159 -18.818521 29.578268 0.437243 -5.975206 -7.687900 1.784421 7.203096 -9.421595 12.107260 3.925254 2.518957 2.427940 -2.788021 -24.016258 -4.575395 8.483771 -9.950176 14.389914 -5.077768 10.493482 14.974860 10.028430
-16.555040 5.102783 14.689481 6.896252 0.655408 1.271892 -2.680969 16.066118 -18.586370 29.455008 0.733151 -6.608042 -6.645312 1.395563 7.046162 -9.359433 12.222208 3.760302 3.123843 3.214509 -0.874589 -23.781012 -4.016309 9.592433 -9.984432 14.373773 -6.808168 11.170758 14.916962 8.793100
-15.710980 5.103621 14.793594 7.335428 0.367442 2.224099 -1.892558 16.362997 -17.835575 29.034678 1.143755 -7.264747 -5.841591 1.062844 6.711911 -9.343873 12.360441 3.496161 3.599701 3.552246 0.037302 -23.254698 -3.539629 10.913716 -9.854804 14.822659 -8.574212 10.458728 14.976308 7.938189
-16.062775 4.977061 14.479833 7.250261 0.768065 1.261907 -2.519681 16.232618 -18.598684 29.312986 0.776795 -6.631847 -6.679262 1.381837 7.000544 -9.313218 12.337393 3.774864 3.103597 3.390692 -0.962483 -23.863029 -3.817923 9.456822 -9.951817 14.567897 -6.884329 11.239878 15.091423 8.823533
-16.409397 4.998787 14.111278 7.414147 1.255652 0.540951 -2.905176 16.140993 -19.332701 29.593689 0.689040 -6.165583 -7.407784 1.611514 6.949533 -9.393927 12.185795 3.729954 2.960413 3.136765 -1.526402 -23.807364 -3.897431 9.152738 -9.952982 14.830306 -6.337457 11.505944 15.064430 8.647712
-16.239317 4.971907 14.476184 6.982700 0.751921 1.206178 -2.626556 16.106894 -18.688883 29.379749 0.781145 -6.598527 -6.752387 1.393318 7.000162 -9.343882 12.286629 3.766005 3.139856 3.306044 -0.983350 -23.954821 -3.821072 9.380033 -9.947433 14.549619 -6.849623 11.272808 15.037169 8.698913
-17.399363 4.901194 13.219111 7.811622 2.504997 -1.054446 -2.705633 15.237329 -19.682283 29.809938 0.329239 -5.356231 -8.464127 2.180984 6.970953 -9.397227 11.823868 3.933824 2.328385 2.891106 -3.631513 -24.294600 -4.905923 7.010936 -9.801476 14.985205 -3.962517 12.012782 14.540916 9.360849
-16.985479 4.776408 13.649953 7.267043 1.512773 0.044048 -2.888759 15.585151 -19.515562 29.806818 0.466768 -5.791491 -8.010738 1.883856 7.010708 -9.465916 12.119915 3.744960 2.650457 2.970198 -2.645644 -24.362181 -4.439946 7.854046 -9.960266 14.796150 -5.076993 11.675190 14.869448 8.954743
-16.110056 4.800456 10.684832 7.185989 3.779870 -3.777014 -2.158280 15.481967 -19.925648 30.088806 0.540445 -4.188763 -9.377352 2.490946 6.177778 -9.564897 11.287477 3.249869 2.314075 3.212759 -4.097030 -23.418173 -4.594553 4.358815 -9.725277 15.785552 -2.911286 13.340818 12.788971 7.735712
-17.107578 4.684069 7.892525 7.862895 6.268506 -6.733845 -2.472764 13.684621 -19.439896 29.275305 0.477620 -2.376421 -10.611657 3.376150 5.603379 -9.254688 11.038923 2.527327 0.924496 3.374671 -6.930611 -22.252365 -6.501902 -0.206724 -9.310724 17.032820 -1.129764 13.079774 10.749764 5.089025
-15.156212 5.504132 5.929421 7.390015 6.830844 -8.224854 -4.014884 15.389377 -19.818325 30.114267 1.011687 -2.385316 -11.604692 2.781869 4.618932 -9.750954 9.936800 2.529039 1.794605 3.998445 -6.329282 -21.801115 -5.108006 -1.446287 -10.071323 17.533852 0.193608 14.156595 8.708849 3.963866
-7.604522 8.261164 0.227265 6.527196 10.097250 -10.077174 -6.554087 18.390062 -19.364080 30.240229 2.760198 -1.697264 -13.595847 0.734436 2.272519 -9.897624 7.345904 2.025899 3.729710 4.985877 -4.492634 -17.372126 -2.152074 -3.704381 -11.276833 18.902864 1.013658 14.960832 1.412160 -1.396783
-7.387736 6.538918 0.078430 7.705009 9.058240 -10.600299 -5.942293 19.170296 -17.295668 30.123299 2.982344 -2.038940 -12.994430 0.698694 1.744984 -10.265676 7.383539 1.153638 4.141569 5.447428 -3.505512 -16.590002 -1.259423 -3.104256 -11.577019 19.550295 -0.391106 14.654245 2.190587 -2.657948
-9.763759 3.664832 -0.268276 9.418938 8.616804 -11.947773 -6.510108 17.766846 -14.615767 28.412729 2.948411 -1.441602 -12.814178 1.285272 1.308131 -10.382922 7.363088 0.076437 3.199659 5.148207 -5.386238 -16.071768 -2.730778 -5.351736 -11.268755 20.488344 -0.265988 14.212089 2.564618 -4.719633
-11.380073 1.349237 -0.806571 10.508183 8.972229 -13.617636 -5.713695 17.231588 -12.695865 27.029638 2.787050 -1.103605 -12.436837 1.947827 1.232504 -10.230157 7.181293 -0.547648 2.089006 4.886753 -7.209072 -15.939528 -3.185471 -6.972585 -10.735517 21.699694 -1.525854 13.437588 3.606027 -5.629744
-12.510430 -1.030836 -0.825738 12.160442 10.014380 -13.731385 -5.891316 16.989975 -12.734550 25.115040 2.920150 -0.998434 -11.420001 2.794906 1.399092 -9.910007 7.213161 -1.015686 0.773110 4.322860 -8.236920 -16.476759 -4.496733 -6.900356 -10.211150 21.309397 -3.131956 11.599475 4.062079 -6.007523
-13.059171 -2.334078 0.487767 12.182144 10.112028 -13.223143 -4.699869 18.074711 -12.571696 24.189781 2.953598 -1.692110 -10.476613 3.313941 1.870089 -10.355672 7.741535 -1.264377 0.552380 3.911104 -8.814988 -16.830114 -4.685363 -5.566854 -10.417833 22.108614 -4.476774 10.182881 5.936812 -7.883953
-13.614858 -5.519190 2.377087 13.080413 8.427711 -9.237098 -4.131425 19.494551 -13.056700 22.673531 2.916336 -3.282674 -8.297047 3.578107 2.962049 -10.671193 8.784086 -1.280554 0.995480 4.017176 -7.342363 -16.493458 -4.713083 -1.649285 -10.598860 21.525419 -8.724024 7.842952 8.684163 -8.986558
-17.318748 -8.137024 3.198074 11.877848 8.781835 -8.209021 -6.246172 17.504416 -13.326100 20.131985 2.734105 -2.704452 -6.895096 4.916735 4.351917 -9.515220 9.236748 0.066332 -1.236665 3.680539 -10.415145 -16.247761 -6.938101 -2.297193 -10.415848 20.378494 -10.723083 3.358902 8.764295 -11.221049
-20.719616 -9.398792 1.377790 8.211418 9.723110 -8.083812 -9.174354 16.558186 -14.055568 18.930334 3.606725 -1.360622 -7.130775 6.534792 5.211127 -8.634028 8.459084 1.826491 -2.970547 2.963675 -13.321834 -17.832230 -9.179537 -3.343072 -9.950647 17.958401 -11.129474 -1.302377 8.184529 -13.884107
-21.602398 -10.167034 1.160691 4.737906 10.519673 -6.739464 -9.271939 16.414425 -14.085846 17.410677 3.954740 -1.178898 -5.984654 7.547940 6.313419 -7.845779 7.413227 2.964695 -4.803645 2.527584 -13.823794 -20.050058 -10.466395 -3.488091 -9.658742 15.234591 -12.812490 -4.236466 7.267699 -14.479562
-24.891418 -10.639325 3.365700 3.268160 12.683474 -5.472388 -6.006507 15.749911 -15.161310 15.441328 3.684063 -1.827460 -4.538796 8.212442 7.870571 -7.613193 6.600407 3.875514 -5.237381 2.338013 -13.618409 -22.553440 -11.686936 -2.069597 -9.163284 12.600027 -13.570930 -6.962006 7.350358 -13.382731
-26.766323 -9.566246 6.130080 1.923185 14.347373 -2.723482 -3.396220 14.223825 -16.107199 14.237606 3.739230 -2.882957 -3.425634 8.719365 8.861467 -7.942153 6.175386 4.288582 -5.244117 1.629460 -13.624231 -25.112890 -13.026269 0.262744 -8.307262 10.528025 -13.959697 -8.509906 8.174393 -11.333040
-26.613853 -9.745855 7.707115 1.734018 12.418259 -1.603408 -3.292172 15.089925 -16.547487 15.205341 3.978254 -3.646655 -3.158548 8.243354 8.605803 -8.084201 6.650157 4.097583 -4.411917 1.460068 -12.975754 -25.763571 -12.200849 2.448836 -8.309425 10.452184 -13.554595 -7.893178 10.156952 -10.017093
-26.766552 -9.873631 7.277502 1.640721 12.337961 -1.637514 -3.319352 14.956777 -16.778238 15.368944 3.892924 -3.735508 -3.084517 8.323017 8.688543 -8.193509 6.461190 4.078072 -4.449341 1.361159 -13.002120 -25.893641 -12.343440 1.877501 -8.494887 10.307156 -13.380730 -7.717281 9.770632 -9.499775
-27.405544 -9.730520 7.080808 1.549948 13.034170 -1.698336 -3.115059 14.468158 -16.642797 15.259489 3.852782 -3.583909 -3.043680 8.368277 8.751398 -8.127434 6.273999 4.034848 -4.726029 1.328917 -13.328349 -25.898417 -12.743917 1.610913 -8.556360 10.177135 -13.616111 -8.327512 9.578602 -10.242167
-27.434662 -9.321415 6.832713 1.412396 13.179757 -1.499245 -2.968882 14.156888 -16.589642 15.242700 3.804785 -3.689015 -3.068774 8.452578 8.740307 -8.200336 6.285299 4.150647 -4.839682 1.324726 -13.487592 -25.854362 -12.915044 1.263381 -8.300965 10.026484 -13.175885 -8.179904 8.951000 -9.933053
-22.053871 -17.348169 0.417534 -3.475038 17.950487 -5.204031 -2.496950 16.032728 -15.990783 4.097733 4.262153 -1.596257 -2.811694 8.636818 5.294119 -8.370831 1.267988 0.822992 -9.330571 5.285191 -6.758686 -26.111200 -13.233983 -13.008348 -13.670312 -2.970258 -9.891273 -3.562935 -1.798118 -9.089751
-20.974167 -20.280376 -0.915715 -3.697372 17.093248 -5.330692 -2.969498 17.347116 -16.362261 2.200619 5.124087 0.265066 -1.745969 8.007479 6.313101 -6.986305 2.851846 -1.406134 -8.385209 5.763144 -5.645987 -25.215260 -14.428394 -7.884809 -9.294229 0.975499 -11.719430 0.785308 -5.132782 -10.115496
-20.352167 -20.105793 -1.411143 -3.230335 17.510885 -5.506471 -2.683358 17.279831 -16.112419 2.139421 5.446769 1.096089 -1.750517 7.867210 6.600587 -6.453348 3.494160 -2.104943 -8.058142 5.399504 -6.038428 -25.321047 -14.468417 -6.755404 -7.741697 3.011845 -11.227866 1.970347 -5.823814 -9.945811
-20.341217 -21.615509 0.489873 -2.836813 16.258848 -5.703392 -1.886017 18.432961 -17.536858 2.542657 5.773081 0.531500 -1.296597 8.116867 5.957335 -6.731601 3.920089 -2.137175 -8.070192 6.020987 -4.862162 -25.252913 -15.015412 -6.806077 -8.349588 2.530172 -11.529907 2.767861 -4.047459 -10.032583
-19.874660 -23.354427 2.125570 -1.907443 15.781446 -5.839080 -1.582538 20.307856 -18.168394 3.200380 6.211884 -0.411354 -1.192607 8.189986 5.277080 -7.026181 4.642833 -1.753786 -7.960412 6.543210 -2.570947 -25.488401 -14.802103 -6.535811 -9.309860 2.449304 -12.398039 4.306537 -1.235478 -10.883885
-19.126366 -24.722166 4.094155 -1.117249 14.075577 -5.765444 -1.362523 22.503374 -18.654068 3.896240 6.366148 -1.239767 -0.983942 7.826997 4.643452 -7.234319 5.090007 -1.383359 -7.273032 7.357517 -0.694025 -25.720997 -13.844330 -5.677348 -10.637350 2.525573 -12.982917 6.201648 1.505792 -10.848762
-18.511827 -25.138412 5.356695 -0.530181 13.050526 -6.086092 -1.610383 23.941244 -18.875376 4.448409 6.413721 -1.836828 -1.011847 7.599401 4.125888 -7.528633 5.627229 -1.052095 -6.778840 7.952923 0.367580 -25.761103 -12.736150 -4.744083 -11.499634 2.677300 -13.270892 6.652018 3.588790 -10.988599
-18.468769 -25.059256 4.927595 -0.451233 13.163743 -6.112327 -1.557840 23.631262 -18.779617 4.346009 6.361240 -1.733551 -1.133993 7.633420 4.191974 -7.547479 5.494181 -1.135272 -6.897248 7.804216 0.193617 -25.780668 -13.096368 -4.971778 -11.398123 2.536241 -13.238827 6.621543 3.291614 -10.918865
-18.516388 -25.139664 5.348007 -0.512861 12.936533 -6.111869 -1.568103 23.928692 -18.768808 4.450818 6.427738 -1.783658 -1.026001 7.593190 4.166020 -7.465013 5.642771 -1.046145 -6.773000 7.930800 0.331053 -25.734812 -13.000720 -4.753761 -11.544683 2.610447 -13.198215 6.714717 3.487391 -10.984926
-18.511000 -24.961914 4.844013 -0.450026 13.282967 -6.106546 -1.558656 23.412731 -18.862120 4.373435 6.392731 -1.642886 -1.105598 7.698758 4.235394 -7.456080 5.597767 -1.213168 -6.950451 7.701195 0.023126 -25.856604 -13.017696 -5.031533 -11.260181 2.715358 -12.969080 6.612741 3.121316 -11.075973
-18.778475 -24.881390 4.699289 -0.903335 13.686106 -6.005398 -1.510756 23.159611 -18.893274 4.277404 6.479767 -1.628082 -0.977256 7.774751 4.283710 -7.447657 5.403011 -1.263189 -6.978203 7.601752 -0.228680 -25.879124 -13.321641 -5.304603 -10.946526 2.636995 -12.859532 6.565147 2.657910 -10.900466
-18.789898 -24.827324 4.443645 -0.971390 13.578953 -6.219015 -1.519547 23.074711 -18.813850 4.303023 6.346614 -1.534654 -1.094245 7.767434 4.410429 -7.434511 5.326009 -1.298970 -7.048979 7.604858 -0.381371 -25.935553 -13.207161 -5.543145 -10.871344 2.711044 -13.051415 6.524236 2.427512 -11.180145
-18.675205 -24.900745 4.738297 -0.815194 13.511794 -6.030507 -1.483561 23.245378 -18.808474 4.281162 6.486379 -1.539865 -1.026586 7.750139 4.234177 -7.421132 5.418688 -1.306775 -7.006145 7.628798 -0.140605 -25.872713 -13.096679 -5.271114 -11.039206 2.764784 -12.979308 6.596173 2.724623 -11.015221
-18.901325 -24.739141 4.277410 -0.955557 13.734117 -6.140420 -1.352418 22.763433 -18.580557 4.252639 6.370757 -1.446296 -1.106305 7.767730 4.490417 -7.389102 5.261064 -1.315191 -7.070788 7.548238 -0.499135 -25.823812 -13.414853 -5.647891 -10.802362 2.810239 -12.899044 6.502665 2.167775 -11.096787
-19.161665 -24.678459 4.139833 -1.080799 13.872114 -6.045012 -1.309126 22.552805 -18.612534 4.127648 6.321040 -1.242663 -1.065198 7.803724 4.619693 -7.230125 5.138565 -1.363420 -7.220473 7.466714 -0.616014 -25.802080 -13.709348 -5.589095 -10.549053 2.772567 -12.914408 6.325298 1.866006 -10.935431
-19.310444 -24.725441 3.964445 -1.142131 14.261796 -5.792729 -1.265871 22.243818 -18.492720 3.777085 6.336800 -1.173005 -0.984888 7.902825 4.684420 -7.183919 5.005661 -1.467293 -7.421530 7.317878 -0.806248 -25.630924 -13.979505 -5.745297 -10.576124 2.532773 -13.014077 6.090619 1.290268 -10.799136
-19.444275 -24.693710 3.643406 -1.196043 14.458482 -5.977856 -1.186357 22.050892 -18.556128 3.698082 6.262765 -1.042707 -1.073736 7.942815 4.790834 -7.164740 4.989263 -1.558576 -7.505041 7.289139 -1.105118 -25.527220 -14.295276 -5.840535 -10.466122 2.557148 -12.612809 5.906600 0.900740 -11.118162
-19.644394 -24.451763 3.254280 -1.499920 14.776528 -6.052491 -1.364847 21.744654 -18.579344 3.756688 6.293327 -0.960783 -1.028548 8.014827 4.925669 -7.142941 4.908531 -1.504782 -7.525061 7.231296 -1.382650 -25.447187 -14.215360 -5.932813 -10.382658 2.553642 -12.559285 5.651130 0.667444 -11.213401
-19.693693 -24.470369 3.134539 -1.631388 14.826085 -6.143121 -1.322400 21.769182 -18.339960 3.810664 6.310949 -0.915865 -0.941351 8.069321 4.968640 -7.140064 4.877404 -1.591479 -7.475553 7.056808 -1.640367 -25.493082 -14.379384 -5.995963 -10.079279 2.611453 -12.416786 5.574619 0.276816 -11.016444
-18.755453 -24.927608 4.534826 -0.964512 13.517092 -6.083065 -1.438087 23.190388 -18.791111 4.307601 6.439578 -1.552456 -0.984268 7.751967 4.370659 -7.395558 5.368458 -1.321673 -7.016541 7.532265 -0.276322 -25.853825 -13.175668 -5.372278 -10.926064 2.651862 -13.095289 6.552933 2.515239 -11.217376
-18.992882 -24.754208 4.224312 -0.967386 13.741899 -6.086099 -1.274480 22.753004 -18.702005 4.277716 6.387642 -1.243049 -1.008112 7.804465 4.547534 -7.267085 5.187362 -1.359127 -7.155101 7.494842 -0.409105 -25.778009 -13.483083 -5.642655 -10.796345 2.767231 -13.104259 6.275413 2.047493 -11.320653
-19.182264 -24.735809 4.095502 -1.148774 14.229099 -5.729970 -1.212969 22.423101 -18.592947 3.763024 6.418145 -1.206497 -0.932075 7.864418 4.644009 -7.219939 5.073234 -1.389898 -7.256520 7.322556 -0.762468 -25.718384 -13.737434 -5.614848 -10.580257 2.669347 -13.060908 6.243702 1.414213 -10.803006
-19.320801 -24.720800 3.687464 -1.105536 14.356389 -5.864394 -1.227273 22.165051 -18.527411 3.789096 6.305593 -1.081177 -1.018315 7.945014 4.712253 -7.201204 5.007902 -1.553776 -7.457989 7.285934 -0.988667 -25.642365 -13.734294 -5.690579 -10.521407 2.601780 -12.880921 6.039564 1.095985 -10.915914
-19.637476 -24.472626 3.239199 -1.586399 14.812874 -6.066310 -1.344738 21.850183 -18.558996 3.811418 6.298503 -0.958296 -1.017713 8.016478 4.918048 -7.170737 4.873405 -1.614938 -7.478529 7.097552 -1.538021 -25.507946 -14.116301 -5.872981 -10.288601 2.676113 -12.602410 5.722335 0.516366 -11.086690
