5.888722 30.923580 -5.921201 12.797108 11.861197 -1.748743 -6.416342 7.152662 -7.295842 -20.280283 3.103161 8.277250 5.227510 -8.991245 0.700644 -3.520772 -0.393547 5.299409 1.847150 -10.412300 1.828208 15.070299 -10.146102 -0.044850 -29.425402 6.405895 11.384881 -16.439005 2.293349 9.783356
5.885971 30.953970 -5.873974 12.886728 11.881673 -1.811437 -6.474189 7.078643 -7.458845 -20.610136 3.136237 8.340664 5.236411 -8.968261 0.650602 -3.525292 -0.403867 5.301620 1.859516 -10.405573 1.911146 15.237865 -10.540602 -0.096811 -29.555874 6.318172 11.446016 -16.430281 2.281992 9.594559
5.127119 12.183454 -9.524018 6.443633 5.618258 12.133187 -9.198245 9.392971 -5.644176 -31.831343 6.349334 9.766253 9.065747 -4.944293 1.219775 -3.782239 -3.157293 2.063127 0.950621 -4.326673 16.395403 12.314026 -8.949594 5.011048 -23.289915 -3.737042 15.370189 -3.814190 -12.981537 5.692708
4.879117 6.734993 -9.500440 0.520164 10.290932 14.024221 -7.680267 11.298572 -0.112649 -27.227661 7.432888 9.151944 7.527559 -4.046644 0.858606 -3.786638 -4.170307 0.609616 0.269874 -2.248192 16.079899 10.685866 -12.997807 3.536316 -22.144850 -7.127704 14.769571 -2.161997 -17.424929 1.731594
4.748250 8.312174 -12.030437 2.277235 8.376503 9.530394 -11.843097 8.594398 -2.473220 -30.911654 7.022309 8.218204 7.552042 -3.803624 1.416334 -4.429784 -5.206642 0.922123 0.340686 -3.639373 15.659646 12.010161 -10.341954 3.009378 -22.997070 -6.513341 17.072206 -4.044517 -16.137230 0.246192
4.413746 8.127985 -13.893124 2.144518 7.960633 7.224276 -14.196375 7.688637 -2.827276 -32.480579 6.900085 7.994564 7.598695 -3.301708 1.373793 -5.238880 -5.349187 0.764251 0.342987 -4.131642 14.775262 11.866450 -8.170672 3.213554 -22.024446 -5.754324 17.593149 -5.177904 -16.015055 -0.311203
4.365272 7.966306 -14.339990 1.454147 7.888468 6.271310 -15.016983 7.499329 -2.865731 -32.266190 6.917771 7.668697 7.656759 -2.966301 1.383763 -5.576521 -5.567051 0.767208 0.151423 -4.416039 13.588670 11.475920 -7.894462 3.205785 -21.595575 -5.262671 17.941095 -6.048941 -15.827804 -1.161940
4.238862 7.983315 -15.664100 0.449305 8.125257 4.823676 -17.004658 6.974119 -2.410766 -31.946865 6.769898 7.137681 7.144034 -2.826712 1.539909 -5.835858 -6.170197 0.970481 0.214059 -4.517109 12.679914 10.796097 -6.968773 2.535475 -21.842096 -5.476871 18.669773 -7.037103 -15.871918 -2.341886
4.702382 6.918585 -16.680048 -1.095634 8.490398 3.521145 -18.772133 7.481415 -1.385060 -32.566460 6.707337 6.570117 6.826685 -2.487924 1.583234 -6.143146 -6.650898 1.107545 0.070928 -5.004051 12.357610 11.058090 -5.756020 2.534386 -21.849024 -6.050854 18.208464 -8.087756 -15.782166 -3.404973
4.304803 6.086931 -18.417940 -1.189797 8.976451 1.260040 -19.423918 7.189859 -0.400663 -32.313953 6.914628 6.350033 6.202614 -2.232103 1.667191 -6.068809 -7.133046 0.775492 -0.232528 -5.611813 11.823159 11.194794 -3.458786 1.944547 -21.620882 -5.866572 17.101311 -9.280450 -15.703320 -5.143561
3.096838 5.498147 -19.410492 -0.682552 10.060842 -1.039196 -19.367352 6.924751 0.738753 -31.686926 7.142931 6.064794 5.671582 -1.742413 1.649219 -5.938298 -7.304243 0.473763 -0.791559 -6.049911 10.913262 11.830582 -2.024735 1.115446 -21.421812 -5.571605 16.107740 -10.534049 -15.999493 -7.442467
1.362900 5.259593 -20.144239 -0.117212 10.796581 -3.316643 -19.630972 7.138333 1.999849 -31.218063 7.385966 5.886902 5.572554 -1.286057 1.792370 -5.789975 -7.060141 0.471433 -1.294632 -6.324154 9.290712 11.522492 -1.178277 1.376564 -21.039433 -5.506560 15.260277 -12.138593 -16.045219 -8.540651
-0.246782 5.848690 -20.317022 -0.352584 11.151055 -4.866231 -19.625517 7.097486 1.473008 -30.114536 7.740349 5.096394 5.816677 -0.526168 2.605196 -5.241673 -6.587905 0.824841 -2.151463 -6.582884 6.552930 10.378263 -1.131527 2.886867 -19.992504 -5.476788 14.765117 -14.230583 -15.511115 -8.385232
-1.525736 7.385835 -20.195831 -0.939818 11.473980 -6.404893 -20.239700 6.916195 1.695884 -28.956669 8.115652 4.588791 6.619269 -0.450676 3.449678 -4.271523 -6.077493 1.258638 -2.995620 -6.520953 3.698131 8.918062 -0.585664 4.019610 -19.679884 -5.172784 15.167802 -16.660809 -14.659761 -6.893104
-2.271579 8.583757 -19.120409 -2.214273 10.352645 -7.275000 -22.580210 8.126433 2.104271 -28.150682 8.395814 4.428410 7.735081 -0.547079 3.993358 -2.810748 -5.315689 1.646551 -3.890662 -6.513187 2.193111 7.256944 0.647036 4.469942 -19.199247 -3.619898 14.699788 -18.209888 -12.991197 -6.429265
-2.758325 10.764152 -18.111116 -2.385336 9.879450 -7.819615 -23.896517 8.935813 2.660784 -27.269468 8.733096 4.613783 8.845021 -0.937183 4.027574 -1.232780 -4.905954 1.503230 -4.853006 -5.616003 1.771837 4.489681 1.320537 5.082232 -19.338280 -2.601362 13.944528 -20.286436 -10.492989 -7.276022
-2.848866 12.917234 -16.440340 -2.918138 9.190527 -7.971032 -24.101692 9.953145 2.923050 -26.881184 8.697799 4.327507 9.624496 -1.155330 4.338016 -0.341824 -4.367413 1.686175 -5.258290 -5.085004 1.174531 2.534299 1.797583 5.552450 -19.729788 -1.703960 12.632545 -23.303165 -8.113269 -7.646910
-2.263000 12.683669 -15.567345 -3.332810 9.290146 -8.577949 -23.603455 11.015121 2.353816 -27.723841 8.791200 4.208159 10.077363 -1.262787 4.352726 -0.253846 -4.276980 1.927160 -5.289652 -5.036386 1.862331 2.190155 1.648472 5.140544 -20.514839 -2.251205 13.703870 -22.718512 -7.860531 -6.331294
-2.056618 11.856611 -15.295129 -3.605896 9.212857 -8.726164 -23.516647 11.755677 2.093972 -28.208502 8.783689 4.224155 10.170575 -1.332186 4.264452 -0.430215 -4.356895 1.938699 -5.151615 -5.165877 2.152285 2.311239 0.803693 5.021175 -20.401423 -2.575069 14.589037 -21.932718 -8.098762 -5.656169
-2.204489 11.772585 -15.057828 -3.951759 9.428371 -9.171176 -23.603592 11.945828 1.889627 -28.388050 8.730591 4.156284 10.337842 -1.232900 4.338486 -0.535900 -4.277616 2.067449 -5.120482 -5.242310 2.475126 2.241481 0.431702 5.161652 -20.610693 -2.753870 14.806907 -21.684301 -8.112454 -5.277301
-2.260464 11.377954 -14.981620 -3.974444 9.424219 -9.385243 -23.656492 12.267318 1.917889 -28.423613 8.679873 4.032777 10.421067 -1.213585 4.304195 -0.723010 -4.245677 2.125683 -4.954584 -5.232174 2.689539 2.263841 0.041344 5.276736 -20.555067 -2.911528 15.260837 -21.403015 -8.142176 -5.059571
-2.605077 10.972302 -14.694928 -4.190311 9.472130 -9.669767 -23.615990 12.578238 1.774088 -28.555853 8.629552 4.029437 10.646552 -1.134442 4.213002 -0.973289 -4.119421 2.154505 -4.815877 -5.233429 2.907293 2.382744 -0.619620 5.502737 -20.600885 -3.146993 15.338871 -21.258688 -8.214396 -5.094816
-2.581926 8.937897 -16.003302 -3.324491 10.714942 -9.376658 -23.448320 11.138006 1.219550 -28.381582 8.370657 4.568229 9.793429 -0.662305 3.934263 -2.217488 -4.374537 2.102653 -3.946134 -5.545108 3.941529 3.399308 -2.065467 5.289541 -19.880608 -3.685506 15.137307 -18.263090 -10.587078 -6.771707
-3.281910 3.510206 -13.498832 -4.252500 14.223812 -0.304071 -20.223515 13.873003 7.685484 -23.432587 9.251557 5.182191 7.660185 -0.904943 2.705883 -2.494817 -3.751420 0.379006 -3.755019 -4.060739 3.406049 5.388644 -5.065810 4.563866 -19.127504 -4.873316 7.397913 -14.902244 -15.622993 -8.020862
-6.732332 -1.013775 -11.282074 -3.002997 13.772072 9.415769 -18.647915 11.798762 8.222780 -22.008623 10.166675 5.971905 4.449687 -1.193668 0.641512 -3.305254 -2.540267 -2.291735 -3.625741 -2.082889 2.896008 8.034670 -5.980257 4.557302 -16.442877 -3.641231 -1.030477 -9.818014 -21.484535 -7.664227
-5.038843 0.435635 -13.661455 -1.753815 14.813780 6.106561 -17.543192 10.700687 7.955483 -23.406000 10.058875 6.303779 4.545754 -1.186954 1.374194 -2.700613 -3.738986 -1.309817 -3.659434 -2.862172 2.517640 8.020130 -3.659180 2.226321 -17.547907 -3.677209 2.932442 -10.752577 -21.160295 -6.649055
-9.000669 -2.120155 -11.544433 -0.355981 14.632977 14.839160 -16.869694 7.838104 10.297852 -21.824669 10.940129 6.789962 1.884717 -1.589649 -0.036998 -2.880778 -3.008787 -2.699983 -3.484448 -1.574626 1.754000 7.824008 -3.599119 3.802777 -15.087667 -2.554380 -3.514600 -4.547976 -26.187685 -4.611662
-6.838448 -0.708696 -14.354814 0.464100 14.860362 10.461856 -16.912125 7.683563 9.675672 -23.078432 10.393147 6.643456 2.150432 -1.697685 0.533569 -3.108477 -4.148685 -1.949566 -3.177639 -2.290347 1.918899 9.192640 -2.634959 1.555440 -15.939705 -1.787966 0.272442 -4.856380 -25.296270 -5.092383
-7.391224 -1.998779 -12.168460 -1.073941 14.669193 15.884046 -16.082249 8.624707 10.401334 -22.331396 10.538574 6.498541 1.266078 -2.196114 -0.103725 -3.249149 -3.242248 -3.213636 -2.979604 -1.433342 4.286664 7.718835 -1.481915 3.476523 -15.062136 -3.253159 -4.203705 -3.653706 -26.221670 -4.358181
-2.298724 -0.242212 -16.065069 -1.041477 14.290916 7.541660 -15.832636 9.094189 8.511950 -25.186420 9.579146 6.337945 2.254041 -2.324344 0.848311 -3.669789 -5.835262 -1.589349 -2.042557 -2.776455 6.671041 10.342598 1.281929 -1.717720 -17.365549 -2.731000 3.300934 -4.052855 -24.340696 -5.779377
-3.137038 -1.056886 -13.317308 -0.535152 13.645870 13.601288 -13.715854 8.508510 9.860922 -24.303263 9.534610 6.061920 0.877741 -3.154387 0.410380 -3.637712 -5.024169 -2.977499 -1.741740 -1.471344 8.221004 8.692688 1.342915 0.464419 -16.604534 -3.298333 -1.394530 -0.869151 -25.921524 -2.238522
-8.115665 -1.849664 -8.127467 2.983571 11.551371 22.495207 -10.207234 6.397207 11.395325 -22.486811 10.773927 7.120576 -1.225746 -3.959116 0.627574 -1.763260 -3.072687 -2.748572 -1.183498 0.027377 6.648010 2.873653 0.146970 5.315561 -15.178998 -3.356939 -2.574993 4.423445 -26.349586 4.615791
-3.101886 0.279351 -11.749736 2.454524 12.085403 16.355101 -9.965766 8.002366 9.951127 -25.217760 9.328462 6.735788 -0.483111 -4.653222 1.789177 -1.900443 -4.820231 -1.544134 -0.819092 -0.506662 9.748317 4.569618 1.870896 1.345866 -15.755563 -2.687701 2.153435 3.018711 -24.656446 4.650296
1.312169 2.861697 -13.478844 0.895806 10.687727 12.006686 -8.606768 9.687142 8.287427 -26.917627 8.387456 5.933958 -0.586907 -5.752591 3.463339 -1.298612 -6.425368 -0.062152 0.237818 -1.423959 13.277453 4.945879 3.660153 -0.567179 -18.371151 -3.520674 7.370770 2.609579 -22.234735 4.843519
4.229992 5.262086 -15.607383 2.416045 9.012250 8.828932 -7.734685 9.163442 3.838719 -28.543335 8.696599 4.327754 -1.678211 -7.068312 5.961341 1.620414 -7.787009 0.512869 -0.211210 -1.390022 16.937468 3.264486 8.621198 1.019659 -19.044767 -3.809865 12.192271 2.085383 -17.939308 6.190483
5.063771 6.989353 -15.803510 5.643654 7.700329 7.544823 -6.896674 8.059635 -0.601238 -31.600779 8.610654 3.111712 -1.387811 -7.936098 7.933731 3.757029 -7.885206 0.669670 -0.583542 -0.817137 19.451105 1.851350 13.352376 2.610162 -19.746893 -4.894417 13.562450 0.725893 -14.890559 8.444788
5.832195 7.780235 -15.266097 7.454686 6.991242 8.616427 -5.566328 8.155298 -3.611407 -32.529564 8.872653 1.290744 -1.796775 -9.559645 9.440454 6.410444 -8.205297 0.086930 -1.308514 -0.346383 20.448763 0.127601 17.457867 3.878005 -19.983465 -4.068031 11.873893 -0.966231 -12.179523 9.682136
7.456334 8.875099 -14.249772 8.338212 7.511014 8.916120 -3.375019 8.255835 -4.802383 -32.903095 9.226941 0.092458 -1.222887 -10.382114 10.980855 8.043749 -8.110773 -1.024583 -1.386723 0.113245 20.597336 -1.992751 18.747450 2.424321 -21.579218 -4.713144 10.227063 -1.854227 -11.148309 10.050408
9.006211 9.627188 -12.356028 6.538818 8.507534 9.434550 -0.972103 8.400192 -5.089094 -33.998569 9.309897 0.202362 -0.238603 -10.140585 12.026345 8.102731 -7.516472 -2.103231 -0.631572 -0.345221 20.321791 -3.705123 20.497629 -0.674102 -23.667082 -6.157454 10.253274 -2.170561 -11.011480 10.121398
8.860732 9.915188 -11.957407 6.219297 8.759542 8.791560 -0.698190 7.954290 -5.458999 -34.524567 9.320460 -0.530020 -0.004864 -10.058561 12.677309 8.636168 -7.283536 -2.734301 -0.813295 -0.017999 20.280790 -4.197451 21.985544 -1.866847 -24.078646 -6.357790 9.910202 -2.427527 -10.613258 9.544065
