5.878185 30.916872 -5.931804 12.742188 11.921459 -1.780524 -6.481868 7.180324 -7.296220 -20.277153 -4.976091 10.921577 4.272814 -7.345034 5.335441 -5.604550 -0.471909 0.893836 -2.859227 -7.620755 -2.908642 15.453926 -13.459796 15.144917 -15.023862 19.032648 9.978887 -13.394841 -0.075735 9.115743
5.864623 30.957840 -5.875832 12.818316 11.962301 -1.853408 -6.515566 7.092335 -7.447553 -20.577562 -4.998063 10.974337 4.261699 -7.326427 5.345554 -5.584053 -0.492651 0.867467 -2.894121 -7.583191 -2.927893 15.481860 -13.450089 15.141874 -15.012736 19.053835 9.952415 -13.408211 -0.075287 9.077076
-0.544544 18.374146 2.273296 18.178356 16.960030 -7.111982 4.910692 13.002440 -12.512887 -23.319601 -6.466199 12.192928 1.388703 -9.862676 0.341525 -6.784338 1.832376 -5.118873 -1.291144 -1.097064 -1.250321 11.054753 -16.442522 10.191282 -18.649614 21.784605 -5.046748 -4.445391 0.664192 -5.963439
2.393413 20.079178 -0.305468 18.524652 17.019306 -9.366721 2.739259 13.378024 -12.048654 -21.953886 -6.336246 11.595058 1.684567 -10.075560 0.750297 -7.022211 1.022182 -4.405566 -0.487349 -1.684874 -0.513812 13.286451 -14.358013 9.710983 -18.309008 23.095587 -2.082067 -4.090465 0.550809 -5.668143
3.045822 20.580208 -0.044440 19.407850 17.404102 -10.042876 2.243169 13.349315 -10.763340 -20.807550 -6.059774 11.337540 1.875494 -10.449921 0.804969 -6.852502 0.753226 -3.664371 0.149321 -2.004427 -0.748126 13.834030 -13.965985 7.765164 -17.618109 24.336317 -0.066279 -2.968218 0.193956 -3.935719
3.863593 21.532316 0.309345 19.675596 16.954859 -10.710572 1.146404 13.113548 -10.087974 -19.705238 -5.780681 10.830267 2.081684 -10.772049 0.708794 -6.759872 0.881882 -3.137245 0.701765 -2.022211 -0.433650 13.393509 -13.734895 7.131408 -17.406279 24.690603 1.523405 -2.285873 0.742025 -2.315701
4.536975 21.744009 0.655573 19.526957 16.812433 -10.995101 0.969081 13.636302 -9.398599 -18.305758 -5.742043 10.401475 1.994030 -10.924904 0.560966 -6.905973 1.199888 -2.732130 0.997198 -2.107625 0.243374 12.729795 -13.685519 7.020582 -17.098919 24.617052 2.452982 -2.194724 1.713088 -1.337175
5.024775 23.001432 1.609544 17.884649 14.973052 -11.601858 -0.056187 14.564159 -9.978739 -17.383764 -5.833659 9.406774 2.258604 -10.836079 0.810365 -7.241606 1.972249 -2.264699 1.126304 -2.118877 2.126459 11.314360 -14.166047 7.176958 -16.418730 23.882105 3.428079 -2.172189 3.534972 0.564707
5.359016 23.845448 2.324447 15.549337 13.624304 -11.729538 -0.435785 16.068562 -10.143813 -16.049246 -6.206880 8.032679 2.621305 -10.817899 1.010891 -7.926502 2.713596 -1.947809 1.181266 -2.681634 3.623315 9.551968 -14.302514 7.667689 -15.984586 23.304758 4.188685 -2.306190 5.162314 1.706605
6.029381 23.743851 2.800155 13.863031 12.215627 -11.647864 -1.039464 17.194433 -9.933770 -14.888998 -5.999639 7.045117 2.680216 -11.047764 0.857078 -8.136490 3.069471 -1.366970 1.666655 -3.188434 4.102893 7.866573 -13.965714 8.511271 -15.868220 22.657782 5.754230 -1.966508 6.484723 3.752570
7.070788 24.231785 2.577667 11.662158 10.904104 -11.999705 -2.296130 18.409962 -9.385458 -13.294696 -5.694720 6.056374 3.204549 -11.333914 0.882736 -8.078192 3.072181 -0.879436 2.183222 -3.522489 4.524773 6.455556 -13.599161 9.125461 -16.055803 22.266687 7.751338 -1.721590 7.854927 5.515245
8.793118 23.041775 1.320630 10.906689 10.058039 -11.999965 -2.383597 20.145477 -8.011143 -12.187716 -5.394717 5.721166 3.851328 -11.672026 0.939233 -7.492477 2.815675 -0.187509 2.642387 -3.610885 5.112766 5.907670 -12.996288 9.225953 -15.734167 22.443808 9.811852 -1.818027 9.021078 5.531538
11.224940 22.259846 -0.547479 11.295799 9.417662 -12.406949 -3.208735 21.283337 -6.868041 -10.829009 -5.139060 5.511133 5.168732 -12.100289 1.341280 -6.539814 2.489882 0.726959 3.143296 -2.865421 6.749455 6.871162 -11.991796 7.642359 -13.927208 23.274660 12.794081 -1.873199 9.112089 6.030099
12.747235 22.733276 -0.656046 11.115477 8.523039 -12.593461 -4.632019 22.021818 -6.014041 -9.711905 -4.835567 5.046899 6.125183 -12.314631 1.880073 -5.904090 2.626647 1.829606 3.396435 -2.263786 7.718327 8.070169 -11.344633 7.483558 -13.488787 23.519472 13.740898 -1.284027 8.583344 7.169418
12.717624 22.864452 -0.671573 11.102679 8.611259 -12.440614 -4.527802 21.968468 -5.897451 -9.579760 -4.804019 5.047638 6.059747 -12.332535 1.845818 -5.947723 2.599437 1.824696 3.467382 -2.272258 7.835251 7.912974 -11.358241 7.399295 -13.354063 23.516685 13.892914 -1.169467 8.646967 7.495849
12.878473 22.667112 -0.618212 11.127462 8.444223 -12.631448 -4.749928 22.152905 -5.912018 -9.510314 -4.881614 4.995973 6.188716 -12.358115 1.861430 -5.943760 2.603139 1.804979 3.469579 -2.240799 8.099410 7.908883 -11.301560 7.355625 -13.255371 23.576769 13.943858 -0.993177 8.649020 7.415252
12.790261 22.768337 -0.661070 11.128012 8.560602 -12.513768 -4.594976 22.022539 -5.929172 -9.639122 -4.812812 5.063154 6.151536 -12.320620 1.869262 -5.885653 2.599548 1.834952 3.409338 -2.232476 7.738923 8.063068 -11.349050 7.435544 -13.416904 23.578205 13.770409 -1.223334 8.584015 7.252883
12.951040 22.679108 -0.619476 11.091855 8.472597 -12.586879 -4.732373 22.204922 -5.824950 -9.319359 -4.748767 4.700251 5.935100 -12.513306 2.058869 -5.633961 2.511569 1.774853 3.417506 -2.177209 8.383258 8.107048 -12.487578 7.447180 -13.299056 23.502890 14.731262 -0.777493 8.811874 7.375706
12.781705 22.740187 -0.578491 11.086710 8.538723 -12.600484 -4.611554 22.016081 -5.946358 -9.540695 -4.764079 4.749843 5.931746 -12.488135 2.090782 -5.568210 2.550289 1.765321 3.324991 -2.149617 8.083402 8.238777 -12.537028 7.648138 -13.422858 23.438135 14.425755 -1.093304 8.750824 7.009326
12.736124 22.934776 -0.682433 11.207413 8.624125 -12.516171 -4.587622 21.893690 -6.065327 -9.709429 -4.734650 4.792152 5.874572 -12.441576 2.117378 -5.588952 2.536008 1.754470 3.275775 -2.164737 7.874621 8.173189 -12.603857 7.547315 -13.413657 23.423647 14.454093 -1.126186 8.763774 7.124752
12.809581 22.779947 -0.638182 11.159819 8.557730 -12.595586 -4.596183 21.966154 -5.979995 -9.579744 -4.745075 4.794927 5.907638 -12.484151 2.089688 -5.566592 2.505571 1.768992 3.310693 -2.149859 7.992894 8.277588 -12.595090 7.554148 -13.408581 23.457407 14.379674 -1.056540 8.733420 7.069710
12.907499 22.730976 -0.575980 11.115182 8.524072 -12.586536 -4.679623 22.115993 -5.882330 -9.427339 -4.732732 4.692534 5.935921 -12.513278 2.037126 -5.626835 2.518966 1.765436 3.411669 -2.162104 8.209474 8.149887 -12.581539 7.497028 -13.312551 23.468626 14.529518 -0.876906 8.736619 7.253858
7.768500 21.961535 7.722930 8.598411 8.212568 1.850501 -8.327647 20.217367 2.781453 -9.181441 -0.591561 8.041450 3.315354 -10.266192 0.542192 -2.097420 5.909735 2.977921 0.012220 -1.679919 6.735200 6.295198 -18.281118 12.909253 -11.878050 16.492407 7.753752 -1.607507 5.041541 19.233414
0.550194 27.955532 15.765276 0.432727 8.946722 8.236477 -9.972758 18.382984 -0.737277 -7.706651 0.367374 7.582812 0.287481 -9.691103 0.850202 -2.726540 7.577808 5.680597 0.532533 -2.964224 1.431732 1.890880 -24.199480 10.216338 -10.435854 14.304049 3.061028 -3.592444 0.034686 21.890041
-2.368599 29.208855 18.539707 -3.979180 7.726571 8.753299 -7.731955 19.762396 1.022067 -4.284243 0.824946 6.574818 0.302655 -8.318751 2.004898 -2.392099 8.696659 6.973449 -1.082621 -4.375865 1.750618 0.694154 -24.661539 9.667608 -9.846528 13.960284 1.991731 -3.653527 -0.064414 23.073647
-2.502937 28.506895 18.250423 -4.039342 7.858363 8.074096 -7.516223 19.819765 1.573279 -3.942287 0.855286 6.724151 0.395759 -8.096050 1.756175 -2.567166 8.929880 6.946247 -1.417566 -4.651516 1.810257 0.707549 -24.511557 9.908803 -9.976137 13.885399 1.369599 -3.687457 0.103054 23.054150
-3.205339 28.578882 18.415445 -4.030471 8.952877 8.287936 -6.924655 19.239054 1.968683 -3.683462 0.949737 7.063407 0.189627 -7.760999 1.798565 -2.454553 8.993771 6.901817 -1.736409 -4.601358 1.392957 0.453140 -25.462614 9.832930 -10.000225 13.892572 0.521516 -3.893842 0.320337 22.970896
-2.818060 26.440754 18.964510 -3.379901 7.431354 9.062163 -7.139087 20.686304 2.309018 -4.479100 1.171131 7.523559 1.034634 -7.716514 1.721406 -1.800409 9.171015 6.740145 -2.249183 -4.031260 4.269382 1.751174 -25.250746 11.107770 -10.186487 13.526262 -0.648445 -2.897115 1.109512 23.172516
-2.492762 24.145088 18.879036 -2.652515 6.671078 9.331378 -6.911860 21.840303 2.590922 -5.292122 1.553036 8.024467 1.549182 -7.407323 1.745569 -1.453622 9.261288 6.470061 -2.707543 -3.419006 6.799992 3.638613 -25.424105 12.093909 -10.475500 13.359238 -2.697209 -2.554563 1.743224 22.242250
-2.968955 23.897846 18.975094 -2.708436 7.403358 9.320305 -6.633552 21.652205 2.480304 -5.684019 1.770203 8.206463 1.580737 -7.250232 1.687137 -1.338214 9.263083 6.316511 -2.791631 -3.282870 6.591022 3.437198 -25.603426 12.020905 -10.268801 13.479689 -2.827554 -2.649437 1.664770 22.020470
-2.807454 22.750410 19.121180 -2.526206 6.882281 9.763728 -6.450487 22.348837 2.247673 -6.358274 1.887637 8.356070 1.921963 -7.116279 1.719785 -1.194370 9.464043 6.164730 -3.059072 -3.033626 7.613905 4.078254 -25.882761 12.681827 -10.486055 13.368908 -3.976141 -2.348335 1.975917 21.809059
-2.858233 22.921589 19.113073 -2.681398 6.853594 9.832841 -6.417584 22.370852 2.471819 -6.027596 1.878307 8.366301 1.856688 -7.140924 1.682047 -1.189052 9.392935 6.196256 -2.971658 -3.074284 7.511778 4.038605 -25.851957 12.495669 -10.401690 13.359179 -3.902282 -2.313717 1.767621 21.701761
-2.861104 22.715424 19.146421 -2.507714 6.972372 9.817183 -6.363850 22.290569 2.259217 -6.377509 1.889252 8.351480 1.926864 -7.112932 1.738669 -1.206174 9.466696 6.191811 -3.049308 -3.029236 7.569227 4.057614 -25.887793 12.665631 -10.505635 13.390646 -3.955830 -2.327273 1.963345 21.819105
-2.690842 23.408731 18.959131 -2.756615 6.681178 9.443701 -6.692319 22.149035 2.626723 -5.777425 1.748567 8.237066 1.895723 -7.223158 1.703549 -1.234584 9.416214 6.310184 -2.900040 -3.158321 7.175937 3.772830 -25.662001 12.285945 -10.383061 13.455076 -3.054892 -2.285181 1.840389 22.184683
-2.723538 22.561260 19.058149 -2.683840 6.726256 10.073714 -6.443526 22.547400 2.403056 -6.443515 1.978917 8.391546 1.953907 -7.103167 1.767614 -1.136713 9.409800 6.122243 -3.091376 -3.025527 8.013984 4.100928 -25.707041 12.912386 -10.418669 13.281384 -4.161649 -2.445818 2.259851 21.757996
-2.618788 22.662331 19.044641 -2.743685 6.571594 9.977666 -6.465690 22.638962 2.504982 -6.268183 1.921978 8.355686 2.003511 -7.110510 1.772267 -1.160796 9.492390 6.201880 -3.104920 -3.013896 7.984897 4.073909 -25.852303 12.922420 -10.498652 13.269839 -4.187779 -2.340424 2.275735 21.794861
-2.799478 22.849972 19.125360 -2.661925 6.757127 9.871222 -6.471178 22.371485 2.349493 -6.274218 1.915729 8.354774 1.991871 -7.104780 1.758481 -1.186551 9.470278 6.201756 -3.054340 -2.981322 7.897812 4.079974 -25.920158 12.834624 -10.473377 13.292274 -4.185646 -2.328341 2.088881 21.879225
-2.856608 23.413391 19.084188 -2.770783 6.962566 9.496125 -6.532126 22.094358 2.487696 -5.810752 1.834086 8.332653 1.851888 -7.165573 1.698058 -1.229171 9.310198 6.330205 -2.918531 -3.260132 7.237560 3.959224 -25.748867 12.268001 -10.520191 13.481329 -3.472699 -2.348713 1.838169 21.997234
-3.319055 23.445269 19.033234 -2.579686 7.951476 9.370300 -6.364604 21.579172 2.429774 -5.758592 1.906927 8.324468 1.560533 -7.193857 1.646388 -1.229697 9.275227 6.149834 -2.878490 -3.121375 6.625838 3.749503 -26.146696 12.091075 -10.479677 13.375925 -3.824327 -2.600388 1.566385 21.739851
-2.850811 23.236523 19.084866 -2.512079 7.049808 9.801629 -6.524612 22.152952 2.508410 -5.951191 1.871677 8.403695 1.800009 -7.130132 1.679387 -1.217359 9.319681 6.163225 -3.020080 -3.203439 7.475056 3.984772 -25.956984 12.337958 -10.389084 13.326664 -3.789348 -2.468439 1.803899 21.640820
