3.192508 29.942726 -6.757376 12.453226 9.289270 -4.362955 -3.323707 6.590758 -2.684901 -20.318806 2.426223 2.958380 4.067193 -9.240912 -3.417892 -5.170949 -4.066556 8.674065 -2.983675 -7.059198 -4.987939 8.689100 10.444650 14.757519 -13.327773 20.102434 0.351829 -15.643330 -0.724611 16.508511
3.189840 29.969273 -6.708396 12.549477 9.298981 -4.402544 -3.382743 6.523146 -2.858415 -20.620699 2.467309 2.959326 4.053283 -9.249072 -3.484285 -5.165095 -4.098548 8.678287 -3.016578 -7.022105 -4.981300 8.751592 10.443395 14.738303 -13.350345 20.108809 0.297600 -15.656794 -0.725136 16.462601
-5.764012 27.190781 6.669250 8.147802 17.889612 5.550327 0.992465 7.628081 4.188692 -14.750999 4.089520 5.191881 0.074060 -8.358940 -6.258063 -4.673140 0.315055 6.884525 -4.982625 -3.537791 -10.736212 2.628459 2.737651 12.772069 -12.137014 15.787101 -11.677258 -12.234379 -7.282393 19.182587
-7.370108 27.387417 9.882053 8.733341 17.560345 4.378266 0.239433 7.425848 4.891115 -14.564341 3.592062 4.944984 -1.056901 -8.460632 -6.523799 -4.332428 1.857051 7.537390 -5.119638 -3.377754 -10.792001 1.271379 1.116373 10.963726 -11.956516 16.095173 -12.453898 -9.724994 -6.925334 21.975338
-8.761861 26.572628 12.242730 9.998389 18.048500 3.847681 0.358947 7.973784 5.493706 -13.991321 3.961882 5.496234 -1.887981 -8.187295 -6.179657 -3.477912 2.728006 8.533584 -5.514368 -2.940921 -9.315212 -0.172928 -0.489677 9.862556 -11.482773 16.087524 -13.224931 -7.437873 -6.253551 24.585701
-10.821200 25.537346 14.495618 10.014789 17.975487 3.242007 -0.314244 7.733233 4.716398 -13.695700 4.138894 5.237990 -2.929648 -7.710474 -6.111498 -3.626659 3.594456 9.356908 -5.506926 -2.724694 -8.542165 -2.295469 -2.636930 9.953695 -10.969711 14.701147 -14.699405 -6.429080 -5.963237 25.914343
-13.961579 25.896961 16.609716 9.079117 16.220175 1.112917 -2.908570 5.617321 1.953570 -14.570122 4.224269 5.378535 -3.834852 -7.341835 -6.289160 -3.938561 4.563585 10.072576 -4.782445 -2.157735 -9.258199 -5.723371 -4.072258 10.138996 -10.698369 12.949631 -15.559319 -6.103211 -5.763330 26.058994
-16.911669 27.059208 19.498972 8.340834 14.598106 -1.248138 -5.345160 4.445505 -0.038315 -14.673203 4.252450 4.547576 -5.535875 -7.226587 -5.929053 -4.182824 5.066884 11.347369 -3.970109 -2.163683 -8.290452 -8.842908 -5.081949 9.351468 -10.542778 11.309464 -14.357674 -3.973690 -4.339383 26.828585
-20.081928 26.141644 18.405146 6.675837 10.004412 -3.552374 -10.513837 5.184763 -2.810941 -9.115427 4.159779 4.075972 -6.344291 -6.170513 -4.207521 -5.085662 6.761721 11.056220 -2.073152 -2.670859 -9.209970 -10.724233 -6.851822 7.049579 -9.668083 10.894289 -13.763238 -1.878446 -5.189878 27.269474
-19.202690 25.968744 19.745758 6.806622 9.052235 -6.026747 -11.566490 6.836257 -3.439708 -7.621369 3.595102 3.157517 -6.278817 -6.219480 -4.472740 -5.780663 7.722963 11.126424 -1.454945 -2.218538 -8.829701 -11.174154 -9.014875 4.775399 -9.191527 11.501948 -13.642828 1.187464 -6.190184 27.489300
-18.118729 24.410652 20.480497 9.241961 7.271595 -5.637930 -11.453978 7.892274 -3.506253 -9.105316 3.892258 2.606273 -6.462474 -6.894417 -4.030447 -4.256613 8.290667 10.538301 -2.464617 -1.347185 -6.500526 -10.778109 -9.278324 5.057637 -9.897955 11.327456 -13.541432 3.246338 -5.257434 28.133211
-17.381908 24.081785 22.860411 11.439100 7.376695 -5.833744 -10.570062 8.596716 -3.594897 -14.927549 4.473782 2.319395 -5.959607 -7.667158 -4.764335 -2.550803 8.111383 10.916263 -4.185193 0.057170 -4.034089 -8.280222 -10.365149 6.343122 -11.920261 10.481113 -15.736083 5.383350 -4.447731 28.025091
-17.880995 21.556145 25.164400 11.123470 6.120397 -3.164557 -8.734504 10.199792 -3.877948 -19.175995 4.778806 1.746100 -4.040743 -7.800310 -4.784676 -1.369314 8.570570 10.785749 -5.590261 1.772388 -1.452978 -4.531069 -12.330297 7.851425 -14.198786 10.294794 -19.101768 3.868299 -3.096908 26.366081
-18.323097 20.118299 25.854326 11.512848 6.273970 -2.404895 -7.643876 10.341618 -3.920944 -21.672447 5.062545 1.811106 -2.793408 -8.190881 -4.981734 -0.560309 8.775936 10.834927 -6.159238 2.656818 0.164630 -1.895162 -13.681791 8.739034 -15.241755 10.564132 -20.305841 3.343430 -2.861367 24.981283
-18.323528 19.679680 26.038593 11.262577 6.481114 -1.918052 -7.116648 10.444684 -3.844644 -22.387403 5.141025 1.844038 -2.392070 -8.223601 -4.955938 -0.391901 8.864283 10.967830 -6.317412 2.774541 0.363520 -1.366771 -13.792292 8.867709 -15.409741 10.730140 -20.693741 2.696569 -2.841317 24.545259
-18.443398 19.598307 26.018530 11.228484 6.518226 -2.111618 -7.151814 10.481647 -3.834889 -22.490545 5.183798 1.822118 -2.373017 -8.227200 -4.946322 -0.364688 8.887220 10.980524 -6.316460 2.808439 0.435936 -1.255610 -13.965230 8.879714 -15.436436 10.796156 -20.830877 2.717452 -2.879984 24.451637
-18.372952 19.593988 26.039812 11.241629 6.455825 -1.954251 -7.249204 10.540650 -3.857927 -22.475763 5.183324 1.827748 -2.358937 -8.224217 -4.921121 -0.361991 8.882450 10.998270 -6.320613 2.802819 0.481161 -1.324095 -13.897569 8.880087 -15.422589 10.772015 -20.815771 2.749247 -2.890147 24.504595
-18.379128 19.604141 26.036104 11.236540 6.476716 -1.996495 -7.222400 10.530016 -3.830043 -22.471441 5.178020 1.860469 -2.341583 -8.214867 -4.946197 -0.390425 8.884800 10.999365 -6.307918 2.791538 0.508655 -1.340595 -13.881835 8.858265 -15.451740 10.735990 -20.831877 2.755597 -2.890367 24.514040
-18.390820 19.581650 26.036608 11.229647 6.450227 -1.954117 -7.227091 10.529229 -3.832721 -22.487795 5.184132 1.863385 -2.358934 -8.208742 -4.952681 -0.399544 8.874088 10.994782 -6.292841 2.759871 0.479063 -1.274952 -13.819964 8.851465 -15.468672 10.737296 -20.814934 2.810426 -3.010874 24.507507
-18.400984 19.554443 26.031416 11.236526 6.404350 -1.967734 -7.246721 10.548541 -3.821345 -22.492222 5.174268 1.846198 -2.406741 -8.242218 -4.963126 -0.391799 8.870958 11.002275 -6.268774 2.770013 0.505059 -1.220308 -13.825850 8.853127 -15.494382 10.771172 -20.862606 2.827538 -3.025880 24.511984
-18.389744 19.572611 26.041435 11.239151 6.439627 -2.000326 -7.237780 10.549580 -3.823378 -22.483624 5.180118 1.842723 -2.404552 -8.233891 -4.951584 -0.386608 8.866924 11.000320 -6.266081 2.767219 0.490489 -1.234553 -13.832007 8.848153 -15.479815 10.752872 -20.853731 2.821649 -3.036948 24.528168
-20.111763 13.482233 24.218729 13.124890 10.443588 -6.045103 -6.437227 8.056314 -4.657784 -25.202860 6.481152 1.625506 -1.649850 -5.976521 -4.333065 -0.655947 9.223610 10.595037 -6.880619 4.075675 -0.433036 -3.428178 -12.555280 6.855416 -15.150092 11.686476 -21.229630 1.033209 -0.659284 15.792783
-18.620094 2.137933 15.393640 17.521923 11.705424 -12.625430 -7.555062 13.533229 -1.059858 -15.207512 8.488221 1.515789 -3.421037 -2.765280 -4.730302 -2.050229 11.525253 6.557796 -5.233954 4.622979 -0.797366 -5.470709 -10.853889 1.465136 -13.323228 17.738417 -20.908915 5.019225 -0.261284 5.170669
-19.108660 1.640555 15.441875 16.126093 11.294641 -12.415910 -9.563130 14.790467 -0.135443 -13.332598 8.344054 -0.787443 -3.256329 -3.115083 -3.208225 -1.815400 11.638515 5.100226 -5.556479 5.011265 -0.801457 -6.109345 -12.283467 1.809696 -12.533627 17.097696 -20.456083 5.103127 -0.957990 4.848979
-18.996889 1.714284 15.448066 16.044907 10.925455 -12.023929 -10.047809 14.764258 -0.561119 -13.746935 8.323422 -1.517118 -2.933953 -3.190627 -2.954506 -1.860353 11.680668 4.620239 -5.675001 5.066805 -0.783750 -6.055464 -12.522684 1.992894 -12.523424 17.115019 -20.482553 4.625010 -0.513462 4.523760
-18.414667 1.278608 15.583087 16.383402 11.077597 -12.132833 -10.054748 14.932940 -0.644977 -14.616520 8.427678 -1.582231 -2.578400 -3.141005 -3.092073 -1.626829 11.647692 4.714586 -5.995783 5.044273 -0.760199 -5.411368 -12.135663 1.667144 -13.322311 17.386164 -20.844652 4.833061 -0.148294 4.070340
-18.938599 1.665578 15.714665 16.051323 10.933458 -12.021146 -9.839669 14.776282 -0.576675 -13.832039 8.349189 -1.496733 -2.829112 -3.212283 -2.990494 -1.780066 11.728632 4.778125 -5.818027 5.084505 -0.722087 -5.917864 -12.595649 1.850227 -12.713394 17.172308 -20.578012 4.537646 -0.206660 4.588592
-18.241415 1.034792 15.432595 17.050634 11.225141 -12.000514 -9.742243 14.663854 -0.876006 -15.261593 8.587922 -1.679966 -2.673341 -3.106095 -3.148473 -1.555095 11.571516 4.535672 -5.937284 5.197636 -0.619545 -5.223732 -11.868433 1.506063 -13.292149 17.394203 -20.896383 4.872377 -0.169504 3.794693
-18.641573 1.658367 15.679912 16.198502 11.023928 -12.081771 -9.908713 14.974885 -0.517479 -13.917191 8.349137 -1.560968 -2.795089 -3.222390 -3.023203 -1.673292 11.662130 4.688818 -5.867889 5.173398 -0.713106 -5.628340 -12.419580 1.785642 -12.974728 17.412037 -20.837639 4.786401 -0.177032 4.327107
-18.314264 1.369476 15.639101 16.580828 11.094037 -11.972510 -10.007966 14.904513 -0.636357 -14.627951 8.404521 -1.640168 -2.712019 -3.214456 -3.051776 -1.633283 11.606310 4.669927 -5.884655 5.086356 -0.778518 -5.346445 -12.013885 1.685396 -13.255983 17.457836 -20.969069 4.733631 -0.109346 4.085279
-18.377216 1.495931 15.521302 16.628378 11.179132 -12.121932 -9.871873 14.799073 -0.733658 -14.345031 8.342908 -1.622469 -2.676425 -3.225528 -3.028357 -1.647503 11.629129 4.646014 -5.938748 5.154601 -0.786081 -5.428232 -12.200730 1.723047 -13.170734 17.365866 -20.848356 4.746552 -0.221353 4.044778
-18.669867 1.627332 15.754632 16.117796 11.001571 -12.028169 -9.910218 14.991221 -0.469056 -13.974958 8.345186 -1.612385 -2.807099 -3.169960 -2.965620 -1.735597 11.678425 4.600608 -5.846679 5.076168 -0.771025 -5.659528 -12.486605 1.855853 -12.885330 17.403809 -20.853888 4.683365 -0.210088 4.253553
-18.301216 1.343771 15.618677 16.611673 11.242412 -11.972111 -10.005382 14.953742 -0.610667 -14.774376 8.463729 -1.689223 -2.764219 -3.156659 -3.111083 -1.630334 11.574753 4.660002 -5.881111 5.119757 -0.728206 -5.311988 -11.919070 1.623779 -13.242439 17.397341 -20.858107 4.942732 -0.278407 4.120050
-18.819532 1.737613 15.661128 16.167683 10.884190 -11.956933 -9.916259 14.780530 -0.427777 -13.866738 8.353576 -1.507064 -2.881377 -3.258392 -3.051464 -1.783139 11.657412 4.689071 -5.836973 5.127918 -0.748670 -5.823474 -12.625969 1.981206 -12.760010 17.252338 -20.712709 4.532033 -0.157663 4.538263
-18.158329 1.072593 15.425971 17.205275 11.164968 -11.992097 -9.750584 14.664868 -0.896552 -15.574177 8.582002 -1.709687 -2.709869 -3.072113 -3.160073 -1.551638 11.540846 4.487206 -5.964099 5.262445 -0.635063 -5.054476 -11.756017 1.471773 -13.397346 17.331167 -20.979261 4.838047 -0.208794 3.748116
-18.546961 1.645328 15.690082 16.326775 11.207194 -12.134965 -9.837699 14.917174 -0.576473 -14.020461 8.347888 -1.611554 -2.781656 -3.175797 -2.959975 -1.681652 11.689457 4.621694 -5.892355 5.136165 -0.745066 -5.619023 -12.362832 1.717196 -13.004950 17.431376 -20.855524 4.781268 -0.161481 4.298738
-18.401762 1.386932 15.628836 16.534460 11.217648 -12.157960 -9.912297 14.856045 -0.637713 -14.653975 8.455742 -1.650372 -2.716376 -3.184253 -3.055024 -1.603022 11.590607 4.688515 -5.888794 5.119983 -0.824263 -5.391951 -11.998351 1.768174 -13.167665 17.437635 -20.933605 4.845205 -0.192240 3.986186
-18.418922 1.413730 15.607087 16.650232 11.242632 -12.144198 -9.938277 14.825294 -0.590650 -14.635613 8.409741 -1.593136 -2.756979 -3.248037 -3.073069 -1.580446 11.593935 4.706149 -5.869754 5.115798 -0.807318 -5.403772 -12.061067 1.698875 -13.193202 17.471296 -20.884531 4.825947 -0.121719 4.066519
-18.618954 1.651462 15.704562 16.186670 11.054442 -12.098441 -9.893386 15.005440 -0.499428 -13.965332 8.311858 -1.638255 -2.752156 -3.172770 -2.970638 -1.735027 11.683733 4.660075 -5.863869 5.103060 -0.753021 -5.609988 -12.442163 1.728150 -12.956766 17.385431 -20.825703 4.704673 -0.219970 4.300006
-18.348011 1.253168 15.594279 16.623453 11.273582 -11.997243 -9.996127 15.010243 -0.582662 -14.833717 8.456749 -1.681780 -2.721957 -3.114270 -3.127772 -1.647149 11.571466 4.697202 -5.906451 5.120768 -0.710963 -5.383874 -11.844160 1.677943 -13.202509 17.346819 -20.872620 4.872994 -0.264163 4.050712
