-0.669550 29.183214 -13.406484 19.681969 3.732219 3.477214 -8.929991 3.921190 -10.571221 -11.764818 -5.819566 5.978251 3.492605 -7.431525 0.851883 -7.676642 -4.008504 4.319705 -7.516806 -4.335978 -3.005908 15.399960 -13.022765 15.176929 -15.115985 19.024885 9.730563 -13.349519 -0.035166 9.220569
-0.707095 29.199417 -13.424024 19.771379 3.709715 3.441877 -9.014636 3.842784 -10.716376 -12.012911 -5.854271 5.995176 3.496417 -7.408125 0.812411 -7.727838 -4.026904 4.294417 -7.561446 -4.297433 -2.983554 15.522861 -13.442643 15.181738 -15.152296 19.035408 9.863578 -13.302543 -0.048494 9.086116
-1.104582 22.381107 -14.564960 13.604288 -0.642896 8.052308 -11.515596 3.781540 -9.623896 -16.595110 -3.793179 7.081938 6.141418 -5.142388 2.036249 -7.731461 -4.759046 0.831537 -7.556858 -2.910262 2.758128 13.514078 -13.158361 16.787577 -11.733802 15.002176 14.626639 -5.216545 -8.488409 7.240127
-0.327996 17.683014 -14.737984 12.175329 -2.800777 12.819949 -12.733600 5.877000 -8.685457 -20.729370 -3.137378 7.627107 7.213023 -4.234832 2.518301 -7.694707 -4.947837 0.263080 -7.409227 -1.556952 7.083933 14.945701 -12.146920 15.697121 -11.944231 10.757144 13.999642 -2.574401 -12.876583 6.611065
-0.619960 14.102964 -14.914250 10.846416 -3.714807 15.056976 -14.173732 6.557184 -8.102530 -22.560898 -2.835717 7.858393 6.919456 -4.010728 2.328892 -7.814098 -5.396759 -0.023978 -7.407433 -0.518218 8.974882 13.313532 -11.702078 17.356361 -11.373484 8.895107 13.004518 -2.638233 -13.664984 5.838524
-0.174634 10.388601 -15.855823 11.534021 -0.904730 14.493625 -15.137164 6.346389 -7.210114 -23.563898 -2.788279 7.725253 6.821221 -3.253500 2.557094 -8.299909 -6.243656 -0.394791 -7.037907 -0.002533 9.545144 12.796263 -10.256871 17.229752 -10.463649 7.800009 12.572705 -2.973163 -15.168533 3.111737
-2.116263 5.122339 -14.209106 7.055198 3.359071 20.183050 -12.425424 9.011754 0.725292 -18.762590 2.258027 5.984762 5.195080 -3.671737 0.638759 -6.426836 -5.719019 -0.627045 -6.634136 1.463987 8.649934 10.855349 -12.363990 16.842766 -8.718767 5.668178 7.103517 -1.147229 -19.691816 1.217440
-4.963133 2.739320 -14.982875 5.212986 6.069290 19.477230 -14.200933 7.564229 2.615964 -18.489702 3.827985 5.520838 4.259513 -2.813266 -0.462951 -6.918813 -5.613198 -1.363374 -6.991682 2.565371 6.884031 8.927999 -11.458407 15.166224 -7.921861 4.628822 5.331552 -0.940791 -21.781424 -0.602806
-4.481854 1.179517 -16.994230 2.019290 7.768310 16.079638 -15.535158 6.928229 2.750712 -19.314514 3.899482 4.967892 3.539645 -2.066655 -0.358340 -7.406676 -6.777151 -1.452933 -7.130925 2.329723 6.564070 8.122952 -9.988357 14.903507 -7.267394 3.839084 6.301852 -2.043916 -22.642952 -3.069068
-7.030732 -0.322477 -17.721439 0.707990 10.843613 12.793012 -14.056840 5.999609 3.876369 -19.662161 4.331559 5.594266 2.863923 -1.202829 -0.758466 -7.790059 -7.221182 -1.529500 -7.037092 1.996096 4.139565 7.316658 -9.248309 14.390406 -5.973322 4.229389 6.243693 -2.465496 -23.961084 -5.133624
-6.899938 0.642122 -20.226347 -0.250309 11.678917 8.681360 -14.596389 5.558150 2.649333 -18.806688 3.840560 4.739088 2.809172 -0.488561 -0.115683 -7.800421 -8.348394 -0.361681 -7.983652 1.245606 2.426835 6.645793 -7.719789 15.222742 -5.743742 4.742450 8.248582 -5.092474 -22.785919 -6.267930
-7.609222 2.337280 -21.638931 -0.174648 11.145508 4.965831 -15.152009 5.405533 4.333127 -17.342146 3.585735 3.805517 3.414567 0.816565 1.339871 -7.529769 -7.959697 0.473694 -9.024540 0.148228 -0.516423 5.580680 -5.163424 15.421288 -5.951610 3.376251 8.769181 -8.446819 -21.142160 -6.157739
-6.158057 6.084414 -23.506123 -1.064325 10.890368 1.914180 -16.318150 5.028101 4.241008 -15.620275 3.343494 3.706856 3.856599 0.863629 2.382279 -6.544864 -8.235645 1.476840 -10.138070 -1.242659 -4.257745 6.279720 -3.371779 14.172375 -6.971965 5.151803 12.692684 -11.138906 -19.766098 -4.872917
-6.014525 6.753729 -23.693047 -1.290337 11.032848 1.350542 -16.602991 4.934398 4.351904 -15.296724 3.459302 3.616138 3.947824 0.799368 2.523504 -6.127690 -8.083752 1.559082 -10.498738 -1.352477 -5.058136 6.387617 -2.979753 13.449754 -7.191154 5.436233 12.995076 -11.487258 -19.637489 -4.159752
-5.990125 8.576684 -24.876371 -0.840202 10.306443 -1.004497 -17.546995 3.194830 2.140389 -16.669613 2.175358 3.443500 4.052511 0.932602 3.509688 -6.277939 -8.570152 1.915301 -10.886312 -1.763250 -4.712181 6.377904 -2.059873 13.717301 -7.148707 6.081793 15.424622 -12.816943 -18.057680 -4.574301
-6.344712 9.357906 -25.563354 0.434819 9.000788 -3.305015 -19.007660 1.822509 -0.176289 -19.200094 0.445292 3.868377 4.147335 1.171662 4.642437 -6.489778 -8.990217 1.357458 -11.808497 -1.443878 -4.682817 6.718186 -1.628170 13.769308 -7.100932 6.454392 16.736116 -13.406933 -17.771204 -4.908275
-6.257625 9.680321 -25.781378 0.412659 8.681211 -3.880305 -19.456917 1.565745 -0.672829 -19.929632 0.139579 3.732259 4.209727 1.201042 4.837942 -6.544929 -9.208103 1.493664 -11.995610 -1.394170 -4.526225 6.795654 -1.411672 13.895900 -6.958366 6.481552 17.009199 -13.558831 -17.641203 -4.977377
-6.373187 9.925580 -26.157408 0.736285 8.224276 -4.645173 -19.921875 1.120435 -1.492542 -20.848083 -0.263116 3.823127 4.190908 1.304550 5.193915 -6.588055 -9.223886 1.347449 -12.306683 -1.330539 -4.305569 6.791536 -1.334679 14.066081 -6.801635 6.691875 17.464542 -13.586389 -17.470217 -4.913220
-6.038268 8.657804 -24.837049 -0.773292 10.313398 -1.059887 -17.539045 3.136638 2.121180 -16.686712 2.168872 3.450603 4.082639 0.967512 3.541861 -6.260650 -8.574722 1.897336 -10.945668 -1.787681 -4.756517 6.434909 -2.015008 13.705304 -7.130129 6.195440 15.378890 -12.783872 -18.062056 -4.653213
-6.223318 9.539428 -25.505796 0.246649 8.994382 -3.434640 -19.084673 1.879205 -0.247514 -19.343058 0.359380 3.753232 4.126627 1.103719 4.726556 -6.478074 -9.142448 1.498631 -11.748693 -1.444389 -4.690361 6.635540 -1.604259 13.784801 -6.960804 6.582092 16.859022 -13.461024 -17.714319 -4.956562
-6.314688 9.805174 -25.924013 0.488422 8.482800 -4.249439 -19.604252 1.387615 -0.970923 -20.270636 -0.135577 3.793654 4.237349 1.255446 4.989975 -6.596346 -9.237610 1.391008 -12.236808 -1.247895 -4.369018 6.800864 -1.467735 13.926452 -6.909139 6.580471 17.158981 -13.547729 -17.545881 -5.116865
-6.429893 8.860196 -25.253942 0.183565 9.699646 -2.193330 -18.358860 2.244861 0.926997 -18.296755 1.306700 3.874792 4.091005 1.235444 4.011644 -6.516203 -8.728996 1.364985 -11.502206 -1.559332 -4.847966 6.515423 -1.949238 13.645463 -7.031260 6.215489 15.721348 -13.120560 -18.091894 -4.900843
-12.196507 7.061761 -21.779978 -7.604869 15.587526 0.961264 -10.879215 -0.638465 1.992352 -15.636240 3.664349 3.024703 2.194226 2.707507 4.268128 -6.509334 -8.405670 5.500613 -9.844864 0.915518 -6.566215 -4.258981 -3.697115 14.226483 -2.474060 4.010840 14.651259 -8.770686 -22.063051 -3.442295
-15.431984 5.453237 -17.445143 -9.371424 17.806086 4.907728 -8.196076 -1.578140 2.510172 -14.377362 5.398326 2.784626 0.644902 2.698095 4.383162 -6.498014 -6.118286 4.115004 -8.019386 2.244596 -6.814170 -9.765930 -3.923095 14.762989 -2.839443 0.379976 13.298220 -8.002679 -21.720720 -0.525857
-18.511503 5.522523 -15.647693 -10.000568 19.160124 7.685540 -3.948801 -3.180020 1.888726 -13.796221 6.314498 3.201971 0.588367 2.705420 4.641116 -6.005358 -5.334197 3.885971 -7.342968 2.911901 -6.669397 -12.353987 -5.227242 14.328311 -3.297278 -1.154791 11.650161 -7.029640 -23.113327 -0.739167
-19.581520 4.629730 -14.624420 -10.872038 19.567959 9.613288 -3.193093 -3.234914 2.146706 -13.107316 7.072538 4.258587 0.981800 3.184398 4.016875 -6.196587 -4.647164 3.443591 -6.905031 3.062126 -6.766595 -11.429485 -6.619440 13.740047 -3.679264 -2.306061 9.443328 -6.911562 -24.120146 -1.891983
-20.632990 3.596148 -14.135255 -11.291428 19.418730 10.634452 -3.835095 -3.095318 2.907315 -12.753921 7.446628 4.726581 0.728385 3.246049 3.792421 -6.046293 -4.022897 2.979690 -6.845535 2.799034 -7.330184 -11.530409 -7.339428 13.613474 -3.728346 -3.093465 8.536467 -7.150856 -24.701744 -1.859917
-20.749393 3.717573 -13.937228 -11.549509 19.472916 10.783621 -4.111311 -3.013068 3.158342 -12.747265 7.599400 4.952799 0.867825 3.387245 3.656121 -6.197439 -3.927953 2.919201 -6.738935 2.635264 -7.315038 -11.441351 -7.542982 13.516025 -3.695832 -3.332541 8.346740 -7.469383 -24.800951 -1.974032
-20.752342 3.157902 -13.712234 -11.797669 19.283962 11.329051 -4.609755 -2.579608 3.688823 -12.550024 7.828802 5.225291 0.873641 3.489963 3.294665 -6.347163 -3.674174 2.406619 -6.620589 2.710853 -7.979817 -11.349230 -7.981082 13.533956 -3.861667 -3.637448 7.735715 -7.576296 -24.954287 -1.980516
-21.361031 2.580716 -13.326102 -12.229324 19.212980 11.720658 -5.227143 -2.569324 4.218117 -12.676122 8.077599 5.225088 0.937371 3.555284 3.078956 -6.537796 -3.486744 2.057683 -6.594773 2.733187 -8.446501 -11.010134 -8.460484 13.595851 -3.576930 -3.746476 7.121537 -7.798454 -25.197298 -2.144582
-21.450016 2.471513 -13.106820 -12.363501 19.243776 11.698897 -5.348241 -2.506354 4.492835 -12.562150 8.119852 5.221384 0.840022 3.543445 3.020088 -6.518686 -3.425766 1.906339 -6.599547 2.828027 -8.520130 -11.177313 -8.611749 13.219764 -3.663486 -3.952957 7.055530 -7.911840 -25.263784 -1.975085
-21.432636 2.418907 -13.284689 -12.372373 19.141594 12.034747 -5.365016 -2.345952 4.543574 -12.212309 8.159732 5.293413 0.758721 3.520534 3.023937 -6.521207 -3.326914 1.803616 -6.490414 2.803698 -8.584376 -11.155529 -8.590449 13.395261 -3.686450 -4.010128 6.991399 -8.032606 -25.200758 -2.088235
-21.511826 2.417312 -13.146823 -12.396296 19.079069 12.127687 -5.260338 -2.305815 4.737488 -12.244925 8.194640 5.366025 0.774292 3.513049 2.950886 -6.553495 -3.312990 1.782044 -6.455206 2.694391 -8.589541 -11.309498 -8.726423 13.330321 -3.798309 -4.217917 6.786093 -8.021420 -25.257257 -1.968182
-21.562349 2.306466 -13.160340 -12.578178 18.924688 12.355506 -5.512066 -2.173794 4.648549 -12.092544 8.261424 5.245609 0.778856 3.459823 2.904357 -6.571187 -3.288495 1.670582 -6.412499 2.705476 -8.808918 -11.266466 -8.706851 13.337907 -3.890062 -4.389820 6.534564 -8.115280 -25.558657 -1.907486
-21.583570 2.140400 -13.018285 -12.518799 18.970320 12.359868 -5.716585 -2.107557 4.796173 -12.150995 8.252809 5.423775 0.760992 3.420828 2.761332 -6.634002 -3.155654 1.500346 -6.330487 2.564237 -9.027180 -11.203144 -8.828694 13.358684 -3.682759 -4.239661 6.676705 -8.204677 -25.507214 -1.733685
-21.445566 2.032066 -13.044598 -12.672232 18.985996 12.541002 -5.762916 -2.015204 4.979640 -12.131248 8.307794 5.377806 0.674623 3.340074 2.799367 -6.561029 -3.131421 1.469893 -6.297280 2.598709 -9.041796 -11.023739 -8.859088 13.246397 -3.740855 -4.258138 6.445409 -8.189230 -25.517931 -1.942196
-21.588058 1.937743 -12.882822 -12.634754 19.186213 12.878600 -5.742536 -2.023435 4.818421 -12.038776 8.398025 5.442998 0.523391 3.319742 2.929173 -6.409261 -3.044505 1.497917 -6.247897 2.574834 -9.228340 -11.259160 -9.000218 13.055705 -3.699408 -4.467376 6.275924 -8.406135 -25.563486 -1.806834
-21.686680 1.708294 -12.980926 -12.733709 19.168936 13.131473 -5.839171 -2.028727 5.028209 -11.900549 8.404506 5.430620 0.381530 3.309029 2.868606 -6.481500 -2.997242 1.438411 -6.197625 2.493452 -9.126328 -11.103773 -8.904611 13.244661 -3.804463 -4.541937 6.122663 -8.344169 -25.685904 -1.795848
-21.475311 1.591438 -12.763108 -12.712433 19.012379 13.186979 -6.151073 -1.725896 5.201749 -11.696783 8.467493 5.384349 0.367395 3.300120 2.809237 -6.421494 -2.879558 1.428343 -6.211121 2.524726 -9.540652 -11.164881 -8.865367 13.306032 -3.850352 -4.451568 5.973304 -8.463619 -25.696814 -2.018280
-21.438526 1.578110 -12.741423 -12.549354 18.746744 13.301214 -6.156369 -1.616744 5.161204 -11.513563 8.442718 5.458846 0.461426 3.330419 2.905429 -6.492831 -2.833406 1.369448 -6.172992 2.545960 -9.737435 -10.908401 -9.117347 13.110332 -4.012701 -4.416635 5.738726 -8.440850 -25.856035 -2.127435
