-13.165463 24.887997 -20.289335 21.041748 -9.963411 -4.412016 0.617793 0.991201 4.863830 -8.354828 4.561583 3.676248 0.497097 -11.273794 5.148957 2.054326 -1.763429 4.249678 -0.266981 -8.899933 9.065372 5.937662 10.302539 -13.741067 -11.704692 11.077097 1.029785 -27.584425 -1.979347 20.622330
-13.732413 24.835754 -20.497679 21.133547 -10.455853 -4.982219 1.253985 0.760883 5.443331 -8.617371 4.596977 3.739917 0.474549 -11.263781 5.122441 2.076577 -1.787965 4.257161 -0.266229 -8.902138 9.462030 5.989941 10.328713 -14.242753 -11.328159 11.201328 1.056248 -27.895987 -2.040276 20.717045
-13.593901 5.869524 -22.592260 13.123803 -14.835032 7.606250 -0.053828 3.553153 8.352348 -22.156569 7.974496 4.964544 4.113855 -7.358685 5.826576 2.146293 -4.551509 0.930071 -1.258181 -2.786816 24.432623 3.067420 10.851723 -9.008060 -5.101550 0.727044 5.359364 -15.205564 -17.078066 16.593256
-13.446736 0.323278 -22.327944 7.149251 -10.445505 9.650254 1.275584 5.669878 13.675840 -17.916159 8.981595 4.819700 3.377059 -5.993010 4.802216 1.408983 -5.253034 -0.261824 -1.783088 -1.069869 20.712023 2.259240 8.700455 -5.995831 -9.474462 -3.913279 4.236712 -10.881971 -20.631910 11.752643
-13.013424 2.550539 -24.264780 9.699405 -11.643320 5.930980 -2.662382 3.120515 11.294547 -21.809427 8.443007 3.925746 3.556703 -5.928544 5.276233 0.640409 -6.211688 0.133933 -1.845471 -2.273830 22.338339 3.526181 9.714228 -9.214844 -6.073460 -1.848121 5.919288 -14.057313 -20.534540 11.913974
-15.521157 -1.749978 -15.828671 10.392851 -3.094558 17.893103 -1.981504 4.204034 14.412904 -19.481367 10.672615 5.577182 1.489446 -5.563599 2.625304 1.430846 -3.375001 -1.554609 -2.683518 0.499954 14.014487 1.519998 4.065069 -3.290579 -5.890174 -0.839769 -3.400851 -5.817309 -26.093252 12.796604
-13.735278 -0.412669 -22.052000 6.272400 -5.894068 10.773675 -3.747103 4.685675 15.077668 -18.660814 9.704751 4.640789 2.261354 -4.932845 4.121214 0.189272 -5.113019 -0.939954 -2.173668 -1.854236 15.850036 2.318632 6.935609 -5.557348 -7.257096 -1.973019 1.865532 -10.009768 -22.971470 9.226036
-12.887519 1.414954 -26.359112 6.013924 -8.449374 3.627382 -7.284870 2.579650 12.703846 -20.362709 8.518264 3.300205 2.663368 -4.626389 5.092307 -0.739706 -6.951559 -0.167608 -2.016391 -3.201007 17.792227 3.115328 8.968861 -8.943319 -5.836863 -1.404856 6.726108 -14.899844 -21.348394 7.346104
-12.423283 1.636626 -28.957945 5.654269 -9.256321 0.223495 -10.703542 2.059304 11.199094 -21.947340 8.106797 3.088885 2.604574 -4.201754 4.978696 -1.460410 -7.784184 0.103299 -1.890579 -4.193266 19.569899 3.855032 9.151015 -11.630294 -4.123670 -1.513428 8.741679 -18.198135 -20.757879 5.321395
-11.370963 1.293987 -30.368149 5.369866 -7.624008 -1.976181 -13.271452 2.164249 9.757678 -22.345251 8.040682 3.277272 2.542354 -3.587163 4.521403 -2.078826 -8.139725 -0.158217 -1.880917 -4.756313 19.966494 4.583936 9.120790 -12.802970 -3.715204 -1.127945 9.293813 -19.527792 -20.193584 2.432824
-11.907879 0.740903 -30.648680 5.324376 -5.371499 -4.019682 -14.399340 2.430636 10.100019 -21.933685 8.245154 3.357996 2.675410 -2.947516 4.275155 -2.336092 -8.004889 -0.177648 -2.284831 -5.238173 18.467762 5.472880 8.535568 -13.055523 -3.656086 -1.018727 9.403867 -20.472113 -20.628387 0.825915
-12.292181 1.171407 -30.031546 4.508377 -3.790935 -5.705639 -15.150971 2.927012 9.375577 -21.795336 8.428249 3.426194 3.092739 -2.272292 4.279562 -2.455850 -7.532021 0.019518 -2.790681 -5.779401 16.564470 5.278730 8.053836 -12.537057 -3.112548 -0.632740 9.314086 -21.678831 -20.512255 -0.200470
-12.624746 2.303366 -29.340925 4.011620 -2.342877 -6.401928 -16.506908 3.581697 8.185955 -21.263443 8.558492 3.062957 3.771135 -1.709221 4.633383 -2.368205 -6.909104 0.461656 -3.295563 -6.078678 13.672352 4.530135 7.632099 -11.485202 -2.533173 -0.434608 9.592406 -23.810183 -19.955608 0.217866
-12.813008 4.144972 -28.581774 3.454219 -1.495322 -6.946062 -18.218140 3.827762 7.509090 -20.428228 8.816636 3.007032 5.203149 -1.303700 5.072995 -1.726085 -6.194783 0.880067 -4.097093 -5.926911 11.413712 3.557871 6.055520 -9.936943 -2.372062 0.077077 10.212826 -26.169590 -18.722151 0.136976
-12.939664 5.990916 -28.113573 3.563735 -2.382196 -6.968676 -19.893015 4.834317 7.167367 -19.178663 9.069090 3.111004 6.570520 -1.384108 5.364940 -0.431942 -5.495544 1.353328 -4.935354 -5.641336 11.003486 2.061508 5.120801 -8.908792 -2.290356 0.940751 9.969539 -28.001451 -16.682795 -0.336120
-12.767102 8.894130 -26.833902 3.211491 -2.573054 -6.199121 -21.602144 5.340037 6.518851 -18.246950 9.283403 3.043197 7.756923 -1.466155 5.532403 0.745953 -4.919385 1.243717 -5.671261 -4.915358 10.675863 -0.631425 5.101975 -7.884607 -2.385578 1.699758 9.791430 -30.260431 -13.899353 -1.106626
-12.862090 10.002954 -25.587803 3.151402 -2.870966 -6.342124 -22.235069 6.043780 5.705952 -18.412127 9.096382 2.584851 8.642983 -1.738035 5.878010 1.234596 -4.508632 1.561990 -5.865576 -4.513856 10.787350 -1.688071 5.322194 -8.043169 -2.885841 1.813713 9.466873 -32.280354 -12.228102 -1.139406
-13.245555 9.452404 -25.536100 3.163355 -3.611267 -6.734901 -21.656561 6.741199 4.915157 -18.260588 9.068952 2.563642 8.759864 -1.767833 5.856115 1.099722 -4.586330 1.647561 -5.798920 -4.570754 11.358397 -1.956313 4.886617 -8.407329 -3.427626 1.332954 10.594824 -31.410749 -12.201971 0.245541
-13.712225 9.228403 -25.342289 2.931846 -3.752074 -6.995688 -21.275013 6.903922 4.979411 -18.259487 9.000323 2.499228 8.926057 -1.786342 5.899947 1.090184 -4.514489 1.691234 -5.793017 -4.595232 11.452380 -2.366880 4.631527 -8.396626 -3.607729 1.133582 10.946336 -31.101305 -12.145332 0.787582
-13.910955 8.860275 -25.468618 2.678989 -4.042102 -7.627326 -21.264458 7.227644 5.090722 -18.310894 9.085509 2.439900 8.882474 -1.850660 5.909702 1.092009 -4.581254 1.700178 -5.702407 -4.561090 11.548110 -2.378560 4.733711 -8.361875 -3.569231 1.027105 11.133363 -31.000048 -12.241161 1.148930
-14.230818 8.303505 -25.286715 2.555497 -4.167588 -7.919350 -21.061274 7.582323 5.307182 -18.419046 9.116961 2.343940 8.935607 -1.881014 5.971668 1.072263 -4.630949 1.711054 -5.687593 -4.572806 11.668681 -2.516646 5.218135 -8.345353 -3.542789 1.068418 11.019975 -30.815483 -12.256143 1.455081
-14.583899 7.718873 -25.109493 2.392636 -4.325664 -8.267878 -20.702913 7.850519 5.425829 -18.316681 9.144217 2.325822 8.767043 -1.991882 5.934691 1.017027 -4.670808 1.706617 -5.546200 -4.534899 11.873315 -2.821914 5.635120 -8.319934 -3.410357 0.996174 10.860681 -30.714199 -12.230307 1.693018
-15.719561 4.646387 -25.716368 2.572629 -3.771554 -9.145700 -19.558285 6.827501 6.568178 -19.268774 9.231305 2.229472 7.092998 -1.835250 6.336365 0.777258 -4.965127 1.489352 -5.120121 -4.775689 12.081118 -2.045557 7.037615 -8.839425 -2.598469 0.894061 9.567768 -28.210068 -14.888928 0.953256
-15.031004 3.804876 -25.778381 3.646224 -2.584699 -8.458895 -18.585564 5.923551 7.329888 -19.921175 9.178522 2.285632 6.227800 -1.916167 6.252637 0.311938 -5.263433 1.249506 -4.685337 -4.834518 11.993358 -0.758579 7.453645 -9.465089 -2.521097 0.704392 8.588130 -27.631199 -16.210634 0.008817
-17.023430 -3.564975 -18.571674 1.859702 3.465156 5.816521 -13.038108 8.564937 17.324957 -16.950901 10.635900 3.382155 2.726957 -1.971277 3.215720 -0.563615 -3.140305 -2.061727 -4.707666 -2.006293 6.602596 2.972241 4.108478 -1.422449 -7.447806 -1.577041 -4.444293 -16.099781 -22.446550 -0.931175
-18.646669 -5.057367 -16.012072 7.329793 8.145580 10.518337 -13.162251 2.675451 17.983389 -18.137558 12.428304 5.599684 0.221698 -1.929685 1.686080 0.371788 -3.021724 -2.309469 -4.320284 -1.724963 0.380347 1.666616 0.129839 -4.965322 -4.940873 0.533862 -4.678412 -8.456277 -28.717703 4.642176
-14.468226 -0.116941 -23.631447 4.986014 4.468963 1.199110 -14.653732 4.087165 12.735244 -17.780449 10.615088 4.037312 2.936838 -1.748391 3.907879 -0.253031 -4.798612 -0.292843 -4.175330 -3.665655 6.743717 2.322375 4.720691 -8.998090 -4.334690 -0.407598 2.579825 -18.436512 -23.953169 2.046300
-15.602324 -4.040612 -19.585621 3.287300 4.693814 7.690102 -12.630530 6.908900 16.948965 -18.292150 10.765821 4.094932 1.309984 -2.158477 2.713324 -1.047301 -4.057350 -2.608383 -4.401860 -2.033752 7.211827 4.157167 4.890138 -3.148196 -7.027977 -1.673134 -4.316918 -14.608178 -25.198854 -0.538938
-14.487928 -5.900327 -18.247814 3.210174 5.086902 11.610465 -11.910031 7.968421 17.013641 -17.939924 10.775657 3.954726 0.664441 -2.632170 2.011528 -1.588702 -3.969256 -3.495617 -3.970387 -1.300674 7.988000 5.066734 5.220956 -1.342186 -7.481878 -2.041945 -6.696234 -11.815677 -26.235796 -1.481491
-11.030158 -4.442252 -24.893513 5.636353 3.698817 4.067440 -13.180257 6.604062 13.585144 -18.161280 9.749410 3.729432 1.383906 -2.585765 3.173863 -1.799666 -6.322982 -1.833275 -3.267871 -3.243063 12.818995 5.924794 8.005507 -8.537963 -7.544609 -2.124483 1.485269 -15.102512 -23.900312 -0.944296
-8.810573 -2.866067 -28.349815 8.322914 1.230931 0.580005 -14.496051 4.619244 9.246525 -21.023531 8.865070 2.803089 1.770845 -2.950908 4.182135 -1.956906 -7.800624 -1.208628 -2.674568 -4.105028 16.306456 5.809856 10.649970 -10.898060 -5.640802 -1.229526 5.945951 -16.695932 -22.100924 -0.209999
-7.621535 -2.844063 -28.104113 10.577688 -0.706690 2.052386 -14.640544 3.402108 6.113123 -24.139082 8.554338 2.148875 1.729875 -3.764336 4.878889 -1.418166 -8.284405 -0.915033 -2.283882 -3.968967 20.209658 4.856472 11.951480 -13.846600 -3.130607 -0.405428 6.900983 -17.825430 -21.778326 2.189775
-5.932598 -3.237348 -27.953167 13.895595 -0.746312 4.788071 -12.479743 3.904436 4.529879 -24.236874 8.689730 1.906046 1.389597 -4.782952 5.505829 -0.289579 -8.232300 -0.713932 -2.119723 -3.244613 20.574743 3.704768 12.891776 -13.397335 -3.123385 0.365423 7.316497 -15.900586 -21.816368 4.735654
-4.311958 -3.095338 -26.715384 16.774054 -0.429920 7.670889 -11.361894 4.804370 2.509106 -24.102846 9.067018 1.958306 1.259832 -5.446071 6.048322 1.020995 -8.010715 -0.405885 -2.449357 -2.657125 21.154526 1.507079 14.387274 -12.962382 -3.072557 0.866173 7.865777 -14.332663 -21.396112 7.788421
-2.989003 -2.320380 -25.058043 18.731562 0.373917 10.284524 -9.466707 5.458197 -1.005749 -24.014727 9.340487 1.826224 0.605178 -6.257898 6.883515 2.371076 -7.883873 -0.295270 -2.495553 -2.343916 22.670328 -0.015580 15.437980 -11.180228 -2.408194 0.994328 8.455451 -13.355346 -20.731459 10.091140
-0.629366 -0.569069 -23.741726 19.935770 1.665821 13.541495 -8.804360 5.775866 -4.859547 -23.986200 9.336172 1.611465 0.697221 -7.044164 7.742386 3.469441 -7.678341 -0.238939 -2.489339 -1.835961 24.375048 -0.847797 16.995729 -9.634391 -2.927710 -0.414937 8.345216 -13.609053 -19.640966 12.609415
1.483419 1.061084 -22.238901 20.558533 2.167598 16.429924 -9.531436 6.366528 -9.351478 -23.859745 9.152890 1.177279 0.949809 -7.664004 8.456087 4.337883 -7.503081 -0.350859 -2.264187 -1.573353 26.619944 -1.761033 17.756374 -8.267885 -3.241256 -1.340233 7.637426 -14.454651 -17.680780 14.165544
3.606699 3.705660 -21.310980 20.347231 2.620546 18.736145 -9.910792 6.561574 -13.717768 -22.961706 8.892918 1.130795 1.586384 -8.545835 8.867201 4.909664 -7.143640 -0.767178 -1.706248 -1.387312 27.590040 -2.479868 18.921167 -8.223897 -4.072245 -1.333174 5.531421 -15.092321 -16.542685 14.552224
3.258277 5.487704 -21.602915 20.342440 2.314199 20.654194 -7.953309 4.744091 -17.063885 -20.877417 9.197885 1.430289 2.358084 -8.571253 10.275958 5.648871 -6.475985 -2.059302 -0.946527 -1.185118 28.000813 -3.705863 21.838480 -11.747082 -6.734950 -2.375919 5.320187 -15.804903 -15.416967 13.996754
3.448478 6.271445 -21.146763 19.764299 2.509796 21.392248 -7.521110 4.373663 -19.018955 -20.418905 9.295077 1.429225 2.478262 -8.731426 10.489388 6.002932 -6.122459 -2.276520 -0.830278 -1.095983 28.281240 -4.406534 22.617895 -13.334294 -7.369379 -2.887945 5.452491 -16.211163 -14.840846 13.913069
