-3.454149 28.418133 -16.648167 22.625183 0.355711 5.507546 -10.010998 2.783512 -11.688432 -7.966081 3.075974 8.279148 5.231910 -8.994483 0.723702 -3.527750 -0.394906 5.292704 1.838925 -10.410511 1.793742 15.016956 -10.164253 -0.068882 -29.381292 6.432471 11.407839 -16.517412 2.325160 9.835930
-3.500672 28.422184 -16.703787 22.741047 0.322955 5.433195 -10.102639 2.684830 -11.837093 -8.196986 3.101064 8.333046 5.238705 -8.973461 0.682053 -3.539688 -0.395126 5.293602 1.864011 -10.412416 1.898597 15.176054 -10.554731 -0.153654 -29.551168 6.301271 11.478983 -16.507586 2.311747 9.671640
-7.104994 16.028605 -9.211898 29.300081 6.655207 -4.773711 -0.737627 10.907431 -14.684443 -6.028433 1.552118 9.053259 2.235019 -12.820322 -5.575289 -5.590266 1.348517 -0.517881 5.868620 -3.102926 6.477046 11.504985 -12.380136 -11.050540 -31.457745 12.563037 3.833539 -1.862449 4.158858 -1.352007
-5.929349 14.271552 -8.824428 30.844345 5.820766 -6.982296 -1.331143 12.406996 -15.423824 -5.978567 0.990190 8.582685 2.628554 -13.427152 -5.569818 -5.425353 2.283373 -0.340372 6.326353 -1.339377 9.686936 10.340757 -12.410632 -11.709710 -31.707659 12.433757 4.560874 1.039127 6.344061 -1.208844
-5.909884 14.151995 -7.250613 31.903023 5.251851 -7.659331 -2.241064 12.592225 -15.053303 -5.330616 0.947292 8.192589 3.116512 -13.519389 -5.609804 -5.166629 2.879573 -0.131717 6.320627 -0.584862 11.651639 10.041010 -12.385628 -11.850677 -31.314779 12.721734 3.904095 2.349144 7.497657 -1.178458
-5.636990 13.202608 -6.534423 33.234325 4.280385 -8.477862 -2.700948 12.223884 -14.916882 -5.971814 0.864139 7.843514 3.680069 -13.637982 -5.696982 -4.699877 3.571078 -0.338370 6.153724 0.091478 12.973151 9.298679 -12.061023 -12.190942 -31.218187 12.704483 4.445977 4.380361 8.440159 -1.143616
-5.193691 12.637578 -6.165421 33.592686 3.264558 -9.344348 -4.029364 12.406303 -14.802458 -5.854228 0.813376 7.547686 3.690536 -13.615665 -5.923762 -4.445313 4.158126 -0.410791 5.955396 0.403832 13.017548 8.970066 -12.171195 -13.166431 -30.986334 12.769641 4.858161 6.108174 8.599352 -0.195896
-5.103745 12.376451 -5.778249 33.618702 2.690795 -9.896412 -4.875515 12.725709 -14.603585 -5.658431 0.745512 7.378781 4.046821 -13.701193 -6.033475 -4.245255 4.307424 -0.491046 5.891861 0.658970 13.646087 9.270873 -12.206218 -13.092634 -30.729143 12.724475 5.145051 6.881314 8.776069 0.316826
-4.981389 12.037895 -5.163815 33.713223 2.359990 -10.458375 -5.587795 13.164480 -14.258285 -5.388045 0.773175 7.200425 4.270846 -13.731661 -6.161630 -4.083435 4.471916 -0.573606 5.792349 0.876740 14.112657 9.401636 -12.457051 -13.592629 -30.541636 13.072765 5.894083 8.413959 8.780432 1.251139
-4.841716 11.621243 -4.497270 33.979000 1.915622 -10.572670 -6.002157 13.401018 -13.836694 -5.195721 0.747981 6.986320 4.670258 -13.803261 -6.255615 -3.904823 4.630405 -0.674377 5.701490 1.195796 14.402756 9.125526 -12.613997 -13.398208 -30.437435 13.012754 6.376855 9.598488 8.986750 3.146330
-4.758654 11.055246 -4.132652 34.498737 1.100628 -10.391969 -7.124831 13.595916 -13.357253 -6.079907 0.865694 6.799958 5.109318 -13.679690 -6.234499 -3.588652 5.046966 -0.809898 5.431180 1.408470 14.793723 9.364666 -12.683684 -13.126151 -30.343712 12.616362 6.721924 10.612191 8.963209 4.885222
-5.145025 10.207017 -3.432567 35.442959 0.410629 -10.525466 -8.018488 13.729882 -13.257051 -7.321242 0.949834 6.545705 5.536115 -13.613523 -6.141328 -3.151463 5.535891 -0.746654 4.960864 1.489840 15.260318 9.669300 -12.802800 -12.574174 -30.545094 12.588230 6.775408 11.906638 9.160463 6.539592
-4.854118 9.697372 -3.032048 35.374355 -0.077231 -9.827835 -8.694812 13.738488 -12.551471 -7.663510 1.163723 6.197782 5.833753 -13.548370 -6.324234 -2.995472 6.018922 -0.829761 4.595989 1.429957 15.779487 9.935437 -12.958119 -12.017748 -30.483889 12.041315 6.953889 12.792285 9.092080 7.509759
-4.482666 9.322811 -2.444512 35.143627 -0.709553 -9.592319 -9.341613 14.319695 -12.182590 -7.367924 1.297926 5.831559 6.028708 -13.475571 -6.504031 -3.088073 6.426959 -1.071848 4.335311 1.430328 16.774313 10.158871 -13.665415 -11.630345 -30.190306 11.734405 6.251133 13.672093 8.903135 8.283305
-3.746969 8.490263 -1.470495 34.139385 -1.977652 -8.361548 -10.040730 15.836567 -11.362892 -7.019443 1.494844 5.200184 6.823639 -13.111928 -6.629780 -3.106846 7.025956 -1.425051 3.638520 1.508792 18.458513 9.649588 -14.449738 -10.882998 -29.512197 11.063335 4.989391 14.322467 8.914223 8.958196
-3.585708 7.122997 -0.175966 33.910397 -3.283285 -7.235141 -10.979490 17.165472 -10.904263 -7.886655 1.562611 5.201331 7.346487 -12.953209 -6.724895 -2.721607 7.481417 -1.500178 3.040926 1.735539 19.725348 9.429668 -15.305940 -10.267575 -29.159685 10.638701 3.444476 14.798678 8.866484 9.372485
-3.605367 6.741949 0.215232 33.979061 -3.514367 -7.047433 -11.050658 17.546795 -10.658924 -8.094038 1.704219 5.006831 7.676229 -12.889202 -6.758065 -2.675974 7.731323 -1.567019 2.810648 1.810412 20.505733 9.804927 -15.390125 -9.902431 -29.137205 10.414864 2.800191 15.142013 8.905916 9.696124
-3.708650 6.663109 0.534699 34.056835 -3.792566 -6.825920 -11.163089 17.791931 -10.548000 -8.136327 1.779077 4.933118 7.730057 -12.839084 -6.752374 -2.582811 7.911734 -1.584738 2.633470 1.738914 21.154121 9.655287 -15.522425 -9.734368 -28.972027 10.339708 2.654179 15.174630 9.285461 9.765739
-3.749097 6.647310 0.691158 34.126598 -3.955770 -6.649819 -11.149086 17.860014 -10.488401 -8.207732 1.810742 4.786279 7.922873 -12.848207 -6.719674 -2.485606 7.990606 -1.587315 2.560920 1.696533 21.592684 9.742702 -15.591897 -9.666367 -28.871407 10.230644 2.629203 15.298526 9.447380 9.744306
-3.747554 6.524305 0.888979 34.223503 -4.466119 -6.357008 -11.199675 18.024738 -10.435397 -8.131829 1.798386 4.354299 7.911364 -12.968889 -6.389929 -2.194739 7.978251 -1.695803 2.360274 1.813545 21.532866 9.970921 -16.908722 -9.502718 -28.959639 10.144136 3.012334 15.275313 9.484187 9.392908
-3.883586 6.475574 1.018286 34.276024 -4.833054 -6.050183 -11.120482 18.066767 -10.519783 -8.181889 1.854908 4.168887 8.104723 -12.960439 -6.454961 -2.171497 8.084103 -1.820285 2.271060 1.703142 21.306255 10.194364 -16.995808 -9.483400 -29.049799 10.196791 3.060062 15.366554 9.411918 9.296858
-4.054030 6.120363 1.206094 34.569332 -5.159835 -6.001648 -11.114285 17.844208 -10.718813 -8.912430 1.913247 4.055293 8.248645 -12.902356 -6.461317 -2.127698 8.152296 -1.831249 2.260076 1.672569 21.486551 10.520298 -17.299509 -9.505424 -28.949896 10.070289 2.531760 15.503723 9.205852 9.457761
-2.475655 6.675999 0.625826 32.885715 -6.295332 -5.809739 -11.227961 19.547089 -10.224619 -5.980999 1.258775 3.865943 8.501792 -13.003256 -5.749426 -2.294603 7.865637 -1.919456 2.276467 1.777143 22.133059 10.125355 -16.157145 -9.379745 -28.751989 10.449614 4.010463 14.793841 10.020714 8.243703
0.968415 5.964916 -0.321802 30.753633 -9.109162 -5.278871 -10.637117 23.413282 -10.126727 -3.991202 0.835037 3.293135 9.430476 -12.964217 -4.808589 -2.258796 7.809572 -1.679455 2.130219 1.742169 24.570715 10.936220 -15.302125 -7.396129 -28.795479 9.861259 3.820512 12.005605 12.269178 7.078026
3.303152 5.871631 -1.582502 29.154165 -11.051222 -4.951499 -10.049856 26.036211 -10.672408 -2.903732 0.400374 3.184893 9.841404 -12.893616 -4.239937 -2.508601 7.293827 -1.877924 2.048184 1.459618 26.513109 11.199697 -14.026035 -6.922724 -28.284761 9.962465 5.275709 9.683380 15.007858 6.244561
5.262141 6.971982 -3.341920 27.995588 -12.235219 -5.746329 -8.118522 27.259045 -12.431311 -2.332154 -1.063946 2.383761 10.672714 -13.331642 -2.824528 -2.683133 6.587208 -1.262631 2.778542 1.380955 27.299721 10.595827 -12.347985 -6.291549 -28.299854 10.251987 7.430301 7.244877 17.872458 6.374693
6.851841 8.033602 -5.214660 25.792040 -14.021605 -5.782946 -7.526921 27.618868 -13.406575 -1.850532 -1.836297 2.112874 11.055750 -13.796116 -1.856373 -2.680327 5.972160 -0.456406 3.217912 1.383517 28.603144 10.794857 -10.848098 -5.554185 -27.950306 10.152544 10.013419 4.509135 19.348190 5.404137
6.943965 8.645758 -5.433550 25.081129 -14.274193 -5.024607 -7.170266 27.337738 -13.236485 -1.656628 -1.871783 2.183360 11.146423 -13.859285 -1.677363 -2.616175 5.817054 -0.194248 3.277254 1.303680 28.548172 10.988338 -10.527404 -5.194087 -27.963758 10.283003 10.100419 3.669230 19.545868 5.279555
7.040261 8.703845 -5.396370 25.062254 -14.562832 -5.085204 -7.247508 27.475363 -13.457515 -1.804215 -1.957583 2.077114 11.132235 -13.776315 -1.541586 -2.801057 5.823743 -0.163657 3.237502 1.220068 28.709152 10.820073 -10.380490 -5.003865 -27.996258 10.159333 10.365385 3.553912 19.691111 5.264035
7.193246 8.735870 -5.551443 24.944210 -14.759814 -5.016451 -7.304577 27.545462 -13.423422 -1.914481 -1.952399 2.112696 11.023659 -13.792896 -1.535982 -2.908864 5.720869 -0.090195 3.326859 1.085800 28.678627 10.724939 -10.286454 -4.780896 -28.065281 10.061235 10.518132 3.304108 19.832994 5.161459
7.155554 8.735331 -5.571660 24.956591 -14.714291 -5.096829 -7.263107 27.544901 -13.435485 -1.892440 -1.959810 2.186792 11.052811 -13.818037 -1.555240 -2.823200 5.731386 -0.097722 3.274066 1.145479 28.853617 10.590263 -10.330662 -4.813427 -28.021915 10.080879 10.359584 3.273307 19.842541 5.030688
7.111840 8.726550 -5.587100 24.888567 -14.620675 -5.207574 -7.287200 27.543589 -13.429568 -1.834817 -1.953926 2.180947 11.034104 -13.819012 -1.550617 -2.831768 5.732159 -0.061638 3.293939 1.140127 28.753256 10.508180 -10.291178 -4.819032 -28.059111 10.055353 10.533899 3.281791 19.888323 4.988924
7.108978 8.725576 -5.626236 24.941610 -14.549191 -5.177910 -7.251382 27.509188 -13.394607 -1.824957 -1.965646 2.171796 11.016810 -13.815177 -1.545319 -2.859815 5.722414 -0.080735 3.309631 1.133263 28.682079 10.519479 -10.294264 -4.859873 -28.046247 10.058527 10.581998 3.302501 19.847544 5.002682
7.104163 8.732553 -5.623570 24.908623 -14.584116 -5.198765 -7.257665 27.505350 -13.429875 -1.807740 -1.954203 2.181821 11.020574 -13.817430 -1.542131 -2.846676 5.717151 -0.072008 3.315775 1.141784 28.685774 10.494255 -10.312631 -4.863060 -28.052469 10.013855 10.565608 3.314676 19.809481 5.008901
7.098362 8.717655 -5.619664 24.922018 -14.571660 -5.191676 -7.249871 27.498400 -13.426788 -1.804789 -1.963910 2.159400 11.022743 -13.817568 -1.530250 -2.869074 5.723964 -0.088336 3.324939 1.143099 28.641123 10.496607 -10.314527 -4.893191 -28.086660 10.023961 10.558370 3.344453 19.783537 5.002784
7.087402 8.737654 -5.671683 24.930332 -14.493994 -5.233167 -7.237105 27.474209 -13.401128 -1.775917 -1.951548 2.128037 11.034439 -13.813934 -1.528773 -2.860277 5.758641 -0.059697 3.310466 1.112983 28.605543 10.401202 -10.323968 -4.975672 -28.008806 10.028231 10.688447 3.363825 19.766888 4.983156
7.091262 8.767754 -5.643067 24.906069 -14.617863 -5.300004 -7.299158 27.493944 -13.530807 -1.872530 -1.989165 2.152330 11.030334 -13.813416 -1.529055 -2.866994 5.750208 -0.086167 3.301212 1.122189 28.671402 10.494631 -10.304749 -4.935620 -28.030336 10.052234 10.609389 3.359525 19.757257 4.956732
7.097018 8.761580 -5.641348 24.892891 -14.615765 -5.313499 -7.307855 27.507706 -13.537015 -1.867476 -1.987663 2.151037 11.036677 -13.811901 -1.526940 -2.864462 5.745076 -0.083615 3.304530 1.119722 28.669653 10.494379 -10.303784 -4.938758 -28.052103 10.043024 10.616426 3.366285 19.763906 4.954983
7.091376 8.775251 -5.627492 24.899164 -14.635326 -5.289797 -7.303825 27.502325 -13.542972 -1.881273 -1.985929 2.150133 11.037507 -13.809754 -1.527413 -2.866743 5.747421 -0.086990 3.301142 1.118079 28.672909 10.500427 -10.297095 -4.964355 -28.086046 10.029573 10.602820 3.341104 19.790581 4.965412
7.083247 8.744963 -5.652536 24.882383 -14.655853 -5.332061 -7.302419 27.508106 -13.498633 -1.864450 -2.083652 2.433764 11.281239 -13.675739 -1.769988 -3.196934 5.826871 -0.031928 3.439739 1.037239 28.554720 10.216922 -9.109378 -5.072025 -27.987207 10.135773 10.149131 3.265155 19.718798 5.221399
7.097661 8.747478 -5.646063 24.880915 -14.657780 -5.319099 -7.314659 27.518244 -13.511725 -1.864967 -2.083956 2.437479 11.279306 -13.676652 -1.769990 -3.195338 5.825057 -0.029169 3.441734 1.037148 28.565622 10.219816 -9.106100 -5.065724 -27.988195 10.132879 10.147647 3.263758 19.722506 5.220247
7.048552 8.742586 -5.671556 24.896414 -14.679206 -5.377584 -7.271838 27.499872 -13.460588 -1.838503 -2.087746 2.468902 11.307503 -13.650913 -1.812986 -3.237787 5.808864 -0.033273 3.450662 1.016885 28.435972 9.923869 -7.961424 -5.201360 -27.876616 10.235562 9.699089 3.141393 19.704397 5.535381
3.588210 10.755753 -6.147406 23.682779 -8.562529 -5.738152 -5.449626 23.868992 -12.662192 0.189346 -1.822017 3.627124 8.456178 -13.680735 -2.457157 -4.169344 5.104458 0.503997 4.592591 0.780402 23.780535 4.651450 -9.246684 -7.036846 -26.707796 9.360587 12.726394 3.047554 17.482332 7.705271
2.367501 11.653347 -5.523102 23.172045 -6.566430 -4.985632 -5.269626 23.246010 -11.497787 2.164820 -1.481367 3.644109 6.865370 -14.044725 -2.368357 -4.018321 4.814090 0.583464 4.829540 0.680978 23.135166 3.354412 -12.290708 -7.158698 -26.906193 8.370068 13.863414 3.616317 16.548401 8.553548
1.780358 14.002115 -5.096267 22.428553 -4.750631 -4.582808 -4.415627 22.750040 -10.203798 5.425558 -1.741218 4.169586 5.914308 -13.887699 -2.899629 -4.951786 4.604619 0.359233 5.270447 0.234003 20.704649 1.070507 -12.473939 -8.487885 -26.741837 8.239632 13.829194 4.004721 14.439622 8.918492
1.329792 15.736679 -5.079432 22.136396 -3.600925 -4.721917 -5.222023 22.520710 -10.075978 6.835205 -1.990383 4.923605 5.239406 -13.618932 -3.154382 -6.259171 3.862328 0.183334 5.987420 -0.318603 18.819613 0.579945 -8.622991 -9.983371 -26.717987 9.229999 11.010537 3.081221 11.945004 8.920769
1.420183 17.700180 -5.822331 19.972486 -1.270971 -5.476608 -6.271346 21.762608 -10.104091 8.993048 -2.454779 5.207246 4.357409 -13.769874 -3.185470 -6.927091 2.970581 -0.460850 6.435485 -1.094040 16.533806 1.735825 -9.758051 -11.591516 -26.577824 10.212425 10.707022 1.296496 10.702048 7.296591
0.040348 19.315313 -5.654175 18.034595 0.398838 -6.018172 -6.353390 20.549908 -10.711832 10.277342 -3.315549 4.535129 3.173962 -13.772227 -3.195139 -8.196834 2.606720 -0.960850 6.729224 -2.660783 14.360636 2.758144 -10.889173 -13.050462 -26.465055 10.961600 10.825692 -0.685863 10.459801 5.405572
-0.513285 20.282501 -4.606143 16.770386 1.278198 -4.121511 -4.859067 20.797935 -8.887085 12.504475 -3.528590 4.320771 2.043433 -13.688414 -3.492558 -9.217477 2.331422 -1.236364 7.115547 -3.625971 11.639455 4.063167 -11.184394 -14.378360 -26.824945 12.241568 10.146145 -2.439405 10.063647 3.826985
-0.935322 21.177227 -4.186506 15.121113 2.238269 -2.793010 -3.288594 21.061365 -7.642814 14.470689 -2.961577 4.352510 1.166912 -13.503040 -4.139761 -9.400651 2.633596 -1.079429 7.061868 -4.540306 9.340796 4.722046 -11.404090 -14.004307 -27.990728 12.469617 9.025104 -3.881489 10.470535 3.497694
-1.055300 22.762047 -3.994983 14.634296 2.729712 -0.756300 -0.468491 19.955004 -7.472257 15.931325 -1.982006 4.565751 1.020483 -13.104391 -4.660823 -9.078483 3.120214 -0.890742 6.579550 -5.015257 8.036084 4.321079 -11.980581 -12.004907 -29.469002 11.058577 8.217052 -4.327933 11.115757 3.526168
-0.905620 24.338932 -3.371212 13.413212 4.731662 0.901209 1.950341 19.971037 -7.149450 19.175051 -1.187902 3.919631 1.248318 -12.975706 -4.595046 -8.808539 3.705869 0.136413 6.620104 -5.526029 7.121923 3.503797 -13.021848 -8.552497 -31.966822 8.747118 7.481130 -3.107018 11.811991 4.356645
-1.368175 24.495802 -3.812786 13.092765 6.291399 3.241977 4.541091 19.242840 -5.132391 20.490047 0.031117 3.889954 0.739213 -12.958541 -4.775350 -8.268607 4.089334 1.181065 6.899985 -5.717348 5.735804 2.273474 -13.465417 -6.184065 -33.678394 6.611372 7.850542 -2.308857 11.464619 5.997081
-1.297712 24.176678 -3.851369 13.136356 6.871424 3.892530 4.987332 19.228022 -4.494560 20.965916 0.231171 3.605967 0.686786 -13.026033 -4.314714 -7.864181 3.929400 1.382282 6.743658 -5.810719 5.344792 2.610080 -15.019314 -5.892916 -33.975822 6.404939 8.200177 -2.189357 11.237777 5.925610
-1.397480 24.078182 -3.897000 13.139740 6.930413 4.237829 5.180602 18.942469 -4.408054 20.865099 0.161589 3.867681 0.779936 -12.903311 -4.586961 -8.204770 4.091577 1.494119 6.891408 -5.909833 5.252639 2.371626 -13.624137 -6.155221 -33.790062 6.556437 7.432718 -2.377033 10.929888 6.186478
-1.160124 23.955845 -3.967892 13.120609 7.086035 4.349577 5.282081 19.206217 -4.157502 21.051535 0.220916 3.895968 0.814457 -12.854858 -4.664270 -8.243224 4.083242 1.523142 6.925296 -5.959780 5.009805 2.199673 -12.698140 -6.240117 -33.753544 6.696760 7.038365 -2.487247 10.895751 6.419219
-1.103711 23.964052 -4.020178 13.071139 7.010950 4.332439 5.128811 19.269026 -4.173231 21.127893 0.236327 3.871765 0.781973 -12.886339 -4.640284 -8.186155 4.115433 1.535189 6.913688 -5.936547 5.040047 2.467379 -13.596307 -6.098233 -33.873154 6.635928 7.311931 -2.501358 10.940006 6.015974
-1.086094 24.027987 -4.037271 12.897804 7.058251 4.802154 5.361879 19.090719 -4.002397 21.177969 0.310516 3.609144 0.511109 -13.055878 -4.455421 -7.856278 4.071413 1.439833 6.767169 -5.821705 5.199696 2.820190 -15.009753 -6.009230 -34.022160 6.533837 7.922143 -2.194367 10.996000 5.786348
-1.274889 24.004536 -3.903775 12.815821 7.168213 4.979611 5.517332 18.984579 -4.082191 21.173323 0.213003 3.857125 0.678098 -12.954664 -4.642567 -8.124756 4.157913 1.501312 6.871478 -5.814402 5.143426 2.438822 -13.383592 -6.349669 -33.790829 6.702268 7.220829 -2.163836 10.758595 6.286389
-1.195064 23.980282 -3.920597 12.824706 7.216068 4.998173 5.560871 19.055029 -4.033633 21.162809 0.152452 3.922840 0.725675 -12.905457 -4.682420 -8.216575 4.189925 1.505066 6.878724 -5.823392 5.089756 2.259159 -12.730638 -6.435897 -33.725258 6.769286 6.986835 -2.190858 10.752630 6.485812
