-0.653203 29.219345 -13.407960 19.700331 3.855138 3.555957 -8.857745 3.940249 -10.450850 -11.569965 2.391876 2.946100 4.068356 -9.227069 -3.414134 -5.180514 -4.090730 8.653831 -2.996283 -7.030045 -2.825058 15.747164 -15.076357 15.312087 -15.100577 18.881044 10.562719 -13.272491 0.041293 8.723340
-0.639914 29.214247 -13.400733 19.719391 3.899294 3.618021 -8.829240 3.953469 -10.457056 -11.603226 2.476928 2.771047 3.879609 -9.313132 -3.338932 -4.995302 -4.186976 8.666469 -3.160346 -6.848440 -2.820339 15.901247 -15.475247 15.291766 -15.134879 18.898794 10.599782 -13.291517 0.037831 8.516743
-0.399899 29.364498 -17.285685 13.401792 7.342525 -0.151430 -6.160124 -0.559115 -13.730018 -11.775452 3.161591 3.847564 1.193247 -5.508573 -2.157054 -7.109186 -7.855802 10.114278 -2.578470 -7.970680 -9.863994 11.484482 -13.853479 12.952168 -11.477650 19.477976 17.619745 -13.823956 -4.305836 4.373759
-0.383823 28.925718 -15.552694 13.135792 5.678333 2.489254 -4.943936 -1.469840 -14.279615 -12.542192 3.641918 4.602706 1.499472 -5.274600 -2.603251 -6.573536 -7.667289 9.593170 -3.215346 -7.793203 -8.594092 11.856936 -14.604965 13.152715 -11.385351 17.784334 16.951292 -12.988043 -4.999210 5.512767
-0.649690 29.917927 -14.948475 11.558945 4.379032 3.441641 -6.157673 -1.376474 -14.180874 -12.746841 4.051931 5.082155 0.918237 -5.666070 -3.450052 -6.729808 -7.360236 8.634205 -3.446827 -8.052958 -7.870500 11.792248 -14.988068 13.338507 -11.582010 15.593960 17.762617 -12.458470 -6.966522 7.535838
-0.361735 30.304415 -14.808150 11.421248 2.772788 4.120061 -6.909154 -0.734350 -14.402276 -12.427250 4.078323 5.009003 0.817899 -5.906187 -3.650401 -7.104062 -7.279490 8.233392 -3.247060 -8.080408 -7.110642 12.468931 -14.648026 12.915618 -12.420626 15.411514 17.918180 -11.947764 -7.122694 8.086486
0.071109 30.483910 -14.896251 10.572412 1.643792 4.535254 -7.041422 -0.488124 -14.768219 -12.687453 3.750337 4.156666 0.609577 -6.172297 -3.845665 -7.753928 -6.867630 7.710418 -3.157368 -8.828130 -6.478011 13.150072 -14.239905 12.164264 -12.905821 15.952682 17.951319 -11.119247 -7.060370 7.772982
0.374065 30.098299 -15.094759 10.527893 0.258725 5.529305 -6.489113 -0.992306 -14.721606 -12.831457 3.631897 3.305350 1.700729 -6.117189 -3.518239 -7.723651 -6.385419 7.066457 -3.255344 -9.165907 -5.588140 13.927704 -13.668246 10.880530 -13.864779 16.791548 17.663790 -10.653843 -6.105220 6.225731
0.211160 29.663071 -15.432413 9.835981 -0.163724 6.409935 -5.894882 -1.714307 -15.026376 -13.061953 3.919286 2.987839 2.592638 -5.721447 -3.254923 -7.718719 -6.121885 5.937695 -3.428354 -9.333353 -5.309194 14.021935 -13.304710 10.202233 -13.737095 16.527796 17.998989 -10.569145 -6.466147 4.134204
0.299579 29.791597 -14.958339 9.205791 -1.094041 8.248710 -5.478899 -2.093201 -15.604701 -13.501327 4.272737 3.301137 2.944674 -5.380973 -2.750667 -7.385585 -6.067077 5.766657 -3.459407 -9.333419 -5.067647 14.179070 -12.953565 10.017003 -13.585176 16.135618 17.958475 -10.393722 -7.392905 2.833635
0.046360 30.527004 -14.255840 8.620924 -1.319167 8.898557 -4.904169 -1.995725 -16.455235 -13.519942 4.569714 4.091602 3.265283 -5.144274 -2.110684 -6.788005 -5.835940 5.710720 -3.225182 -9.203382 -4.465115 15.222110 -12.949550 9.974183 -13.877216 15.625368 17.317030 -9.989305 -8.032678 2.723210
-0.522021 30.999054 -14.076040 7.476975 -1.219109 8.784905 -4.581798 -2.249577 -17.214870 -13.495502 4.601284 4.858936 3.133620 -5.114699 -1.453714 -6.322632 -5.997571 6.222708 -2.644160 -9.038879 -4.203457 16.810055 -13.145933 9.194010 -14.436877 14.592402 16.884413 -9.494506 -9.074645 2.800595
-0.821541 31.543865 -14.128872 6.382887 -1.198007 8.452802 -4.538822 -2.767131 -17.759182 -13.379503 4.668235 4.994900 3.208740 -5.032634 -0.759907 -6.118428 -5.686124 6.033202 -2.287099 -9.560175 -4.435046 17.276505 -12.978436 8.071833 -15.387917 13.753809 16.936794 -9.788308 -9.232037 3.587106
-0.854991 31.428211 -13.866952 6.350275 -1.261516 8.553573 -4.528913 -2.546234 -17.817787 -13.543514 4.657709 4.941832 3.238985 -4.991861 -0.705042 -6.154588 -5.659210 6.049763 -2.259495 -9.593143 -4.436226 17.539127 -12.950044 8.004375 -15.330825 13.881903 16.836117 -9.480865 -9.589270 3.435682
-0.821081 31.366709 -13.827319 6.516495 -1.110602 8.438890 -4.645842 -2.477765 -17.599365 -13.575161 4.712943 4.817902 3.032697 -5.063771 -0.585746 -5.977263 -5.720891 6.050952 -2.310509 -9.504528 -4.377069 17.441486 -13.347642 8.084878 -15.366781 13.880202 17.052074 -9.537629 -9.421644 3.402833
-0.832065 31.393677 -13.847503 6.434053 -1.039481 8.429698 -4.608094 -2.457326 -17.683189 -13.640744 4.710957 4.772502 3.093737 -5.077341 -0.528734 -5.935058 -5.670535 6.044230 -2.318984 -9.561309 -4.336155 17.630239 -13.344275 7.995558 -15.451881 13.789286 16.983482 -9.534091 -9.462830 3.272315
-0.823155 31.445904 -13.836102 6.362173 -1.218256 8.467347 -4.613748 -2.501837 -17.715559 -13.539572 4.653899 4.910710 3.270076 -4.976995 -0.748339 -6.171674 -5.681096 6.005929 -2.276334 -9.559800 -4.439378 17.597881 -12.997729 8.045846 -15.343288 13.883186 16.829508 -9.527070 -9.560859 3.510674
-0.783838 31.504967 -13.936841 6.361377 -1.138854 8.408965 -4.600863 -2.576764 -17.750898 -13.501141 4.642371 4.912345 3.332837 -5.001399 -0.680053 -6.138712 -5.615006 5.984085 -2.228848 -9.622513 -4.368867 17.416197 -12.954288 7.920300 -15.362011 13.748210 16.969734 -9.618850 -9.446152 3.491017
-0.812260 31.416798 -13.825426 6.410740 -1.048873 8.327076 -4.621824 -2.454082 -17.664515 -13.597429 4.638966 4.861078 3.249106 -5.021997 -0.754170 -6.164255 -5.672328 6.058963 -2.300089 -9.562337 -4.445146 17.703539 -12.956627 7.898095 -15.407454 13.830940 16.791948 -9.494004 -9.622595 3.455199
-0.850227 31.501810 -13.973441 6.296438 -1.214410 8.394834 -4.682137 -2.572598 -17.741976 -13.462356 4.703958 4.646572 3.154424 -5.057932 -0.498612 -5.968626 -5.655038 5.980485 -2.333975 -9.608936 -4.360478 17.508944 -13.247922 7.888246 -15.458776 13.767946 16.999453 -9.692733 -9.400894 3.201990
-0.768587 31.295048 -13.743952 6.322717 -1.045301 8.305239 -4.750119 -2.336111 -17.570906 -13.669903 4.708461 4.756303 3.027559 -5.047529 -0.562237 -5.967687 -5.717218 6.024438 -2.340227 -9.529819 -4.370703 17.361849 -13.385791 8.058360 -15.365572 13.818516 17.096676 -9.604073 -9.398048 3.426261
-0.826905 31.407982 -13.708285 6.177485 -1.243351 8.469571 -4.706396 -2.403397 -17.743288 -13.631048 4.711470 4.730876 3.058963 -5.038503 -0.532350 -5.963961 -5.711287 6.034156 -2.342896 -9.540052 -4.380556 17.568708 -13.328982 7.943696 -15.435041 13.810738 17.015135 -9.536362 -9.530197 3.268998
-1.731562 29.572189 -12.667820 3.816822 -3.647217 8.205551 -8.563122 0.187582 -16.931322 -14.774273 4.047662 2.222581 5.369004 -4.664081 0.512668 -7.403350 -4.654659 4.821864 -1.592857 -9.854215 -1.061435 17.491678 -12.726953 9.150656 -15.790609 13.421572 15.318081 -9.257997 -8.880103 1.445784
-1.360717 25.500969 -11.685256 0.220675 -7.382494 8.714533 -15.344318 4.032699 -14.694954 -17.748913 4.080559 -0.275165 8.600909 -3.836989 0.635750 -8.401814 -4.102747 2.976341 -2.309520 -9.610811 2.295790 18.183090 -11.510402 10.385799 -15.901360 11.633378 12.271311 -9.084109 -9.978029 -0.506676
-0.339436 20.678341 -13.069511 -0.394092 -7.978274 10.994384 -18.720634 5.766293 -12.486516 -20.808950 5.165431 0.508143 10.758560 -3.103820 0.486305 -7.407468 -3.670061 1.805496 -3.074648 -7.793115 5.288581 18.173422 -9.801096 11.093026 -15.901800 8.575426 10.864186 -8.864771 -12.335781 -2.119497
-0.169516 19.453451 -13.566157 0.176394 -7.652844 11.690530 -19.078838 6.126875 -11.602661 -21.598215 5.241227 0.526795 11.242476 -2.872692 0.594359 -7.307852 -3.487309 1.778742 -3.197763 -7.448282 5.987085 18.237318 -9.316756 11.815612 -15.776321 7.636105 10.011123 -9.202846 -12.767586 -2.373061
-0.310155 18.395350 -14.135549 -0.244612 -6.639674 11.500070 -18.294476 5.823468 -11.426249 -22.294687 5.430850 0.511761 11.592416 -2.078943 1.010389 -7.079738 -3.346201 2.247197 -3.513272 -7.697811 5.465218 18.885351 -9.405120 11.399938 -15.601828 7.002717 10.033018 -9.668543 -13.457047 -3.625367
-0.173046 18.067345 -14.203942 -0.709951 -5.986662 11.352513 -17.414097 5.726422 -11.813384 -22.701822 5.798338 0.950710 11.284682 -1.635677 1.398431 -6.733390 -3.093804 2.679226 -3.857139 -7.729823 4.137973 19.075216 -8.895553 10.675331 -15.124951 7.329580 10.560946 -9.924636 -14.404040 -4.618718
-0.210409 17.746269 -14.316258 -0.800723 -5.567867 10.976399 -17.366261 5.781144 -12.137376 -22.742285 5.844037 0.955872 11.284152 -1.695872 1.552879 -6.658643 -2.928159 2.892702 -3.920096 -7.490520 3.900063 19.000605 -8.924247 10.659559 -15.092171 7.479477 10.405265 -10.701720 -14.150620 -5.890648
-0.230317 17.758923 -14.226829 -0.799853 -5.643013 10.984118 -17.496689 5.798885 -11.955088 -22.743824 5.814742 1.011336 11.306457 -1.702701 1.547257 -6.689353 -2.914642 2.829579 -3.873079 -7.544053 3.906513 18.783104 -9.090060 10.565261 -15.115337 7.481179 10.702580 -10.171935 -14.200709 -5.043998
-0.238683 17.672256 -14.238476 -0.727701 -5.614593 11.009768 -17.458775 5.830064 -11.828299 -22.809931 5.833295 1.099720 11.201774 -1.724300 1.519716 -6.651315 -2.957387 2.809420 -3.862213 -7.608216 4.006521 18.852106 -8.914099 10.638227 -15.103851 7.379865 10.514422 -10.170031 -14.295608 -5.003255
-0.261581 17.730928 -14.290411 -0.818129 -5.735918 10.982313 -17.530134 5.790416 -11.835570 -22.765629 5.846313 1.042536 11.208639 -1.714796 1.524183 -6.662477 -2.998948 2.753055 -3.889459 -7.579571 3.853703 18.829191 -8.981983 10.543994 -15.063048 7.450419 10.639187 -10.107492 -14.276155 -4.912213
-0.244281 17.629694 -14.337120 -0.942267 -5.594719 10.982385 -17.338007 5.708917 -11.987760 -22.801615 5.871392 1.087405 11.178298 -1.709572 1.566127 -6.674057 -3.091430 2.875804 -3.862395 -7.539678 3.824200 19.013739 -9.016533 10.615115 -15.053987 7.533948 10.568128 -10.585043 -14.190827 -5.668688
-0.283948 17.871952 -14.208909 -0.843944 -5.924236 11.215192 -17.535648 5.731540 -11.833426 -22.709364 5.868258 1.000560 11.254683 -1.689013 1.548969 -6.627575 -2.978435 2.802843 -3.947391 -7.590621 4.192542 19.089441 -8.915853 10.691603 -15.151530 7.239773 10.390294 -10.145427 -14.314182 -4.918565
-0.239555 17.718370 -14.299167 -0.747944 -5.579695 10.977879 -17.476151 5.747712 -11.847402 -22.721518 5.836464 1.008238 11.256518 -1.732177 1.588530 -6.663658 -2.988862 2.816457 -3.884507 -7.563012 3.993014 18.950300 -8.945382 10.572421 -15.071944 7.350000 10.568173 -10.078291 -14.432295 -5.023363
-0.133182 17.626802 -14.333748 -0.834392 -5.645760 10.980732 -17.522255 5.761029 -11.937153 -22.745657 5.856361 1.082656 11.183960 -1.707346 1.559590 -6.666707 -3.050813 2.780149 -3.869184 -7.617201 3.928050 18.949324 -8.908549 10.543252 -15.067303 7.406012 10.545462 -10.268683 -14.350708 -5.248525
-0.142594 17.645744 -14.311252 -0.752721 -5.680029 10.952296 -17.530098 5.783999 -11.834633 -22.748186 5.832465 1.067179 11.177028 -1.718596 1.554051 -6.676361 -3.047698 2.815150 -3.865517 -7.610476 3.991628 18.957495 -8.965871 10.621278 -15.070728 7.375346 10.530763 -10.225635 -14.303511 -5.121025
-0.172064 17.705832 -14.245011 -0.800644 -5.739094 11.009979 -17.551193 5.853094 -11.896869 -22.746264 5.835027 1.024976 11.223103 -1.748814 1.567559 -6.662012 -2.988377 2.811131 -3.877352 -7.596008 3.934229 18.862320 -8.986890 10.540779 -15.057873 7.475044 10.679833 -10.115880 -14.341257 -5.077816
-0.237540 17.719555 -14.311397 -0.745642 -5.704073 10.996975 -17.501781 5.756083 -11.805659 -22.729620 5.822763 1.067812 11.197879 -1.735811 1.521396 -6.680133 -3.026674 2.764495 -3.853792 -7.600918 3.932726 18.824995 -8.930434 10.590951 -15.066862 7.414834 10.590627 -10.105558 -14.303329 -4.901999
-0.182272 17.672064 -14.336573 -0.640098 -5.673976 11.041291 -17.482651 5.756684 -11.797530 -22.723431 5.818601 1.120967 11.159700 -1.759413 1.509047 -6.651731 -3.012532 2.757486 -3.830227 -7.611128 4.036651 18.885248 -9.029275 10.671965 -15.054352 7.216666 10.602012 -10.101140 -14.314073 -4.846530
