-3.501652 28.392374 -16.658241 22.718672 0.383666 5.390774 -10.006433 2.708605 -11.773967 -8.101152 -4.999356 10.917392 4.256649 -7.354870 5.382062 -5.568680 -0.460331 0.869502 -2.886420 -7.595544 1.779018 15.058140 -10.173089 -0.016945 -29.472679 6.366395 11.312318 -16.401613 2.243433 9.808585
-2.373993 13.582470 -16.968363 13.828003 -4.561810 16.461893 -13.618016 5.897698 -9.193469 -20.612288 -2.151191 10.950502 7.831864 -3.647616 5.449854 -6.446731 -2.799790 -2.015951 -4.532267 -2.716372 12.296113 14.623501 -10.138227 6.714049 -21.306921 1.064281 14.268586 -3.997197 -12.368906 6.220615
-2.155987 8.426441 -17.445066 13.266521 -1.031991 17.631304 -13.491414 6.347683 -5.829401 -20.973864 -1.020404 10.308321 6.642388 -3.696662 5.309551 -5.840174 -4.085219 -2.529086 -4.208478 -1.427920 14.664587 14.089306 -11.772313 5.851120 -22.189520 -3.006958 14.478328 -4.001068 -14.542856 2.653608
-4.520147 3.908940 -16.877020 9.547964 2.205191 21.145258 -12.661134 7.799065 0.277607 -16.732744 3.226068 10.060425 5.365378 -3.388890 3.214544 -4.953518 -3.374476 -3.157132 -3.473925 -0.358383 13.868767 11.065678 -10.105035 4.518552 -20.452833 -5.719338 8.428667 -2.945521 -19.008886 1.089394
-10.256139 -1.013959 -9.987496 7.367300 7.442272 27.089899 -9.793527 8.592975 4.599060 -15.698745 7.144292 9.109855 2.869088 -3.306491 2.149593 -3.359031 -0.713620 -4.651159 -3.471016 1.850923 10.393898 4.937972 -9.606526 8.574373 -16.289484 -5.902741 -3.056749 -0.267255 -23.512329 1.398313
-10.417861 -2.115104 -12.087379 3.770093 8.593157 24.213854 -11.891330 7.138431 3.865153 -15.984682 7.195296 8.837454 3.087585 -2.265804 2.665912 -4.264506 -1.280009 -4.790998 -3.384711 1.228308 9.134528 3.579403 -8.940105 7.160892 -16.282528 -6.473851 -0.265362 -1.779086 -23.787695 -0.613429
-8.105368 -0.734356 -18.686245 3.058077 6.929787 17.286833 -14.822727 5.792351 1.932271 -17.258869 5.006847 9.145624 4.041094 -1.582901 3.389129 -5.660964 -3.656838 -4.434443 -2.865759 -0.463477 9.734256 6.205423 -9.014234 2.977657 -18.632189 -6.946765 7.814253 -3.642580 -22.025232 -2.445599
-7.318487 0.408297 -22.455248 2.593519 7.713978 10.927176 -15.022094 4.815201 0.845639 -16.838100 3.815383 9.568496 4.347980 -0.772028 4.742408 -6.277608 -5.051177 -4.147220 -2.972028 -2.072691 10.456064 7.360850 -4.815671 -0.512242 -21.397968 -8.603457 11.586645 -6.787926 -20.225214 -4.976552
-7.942986 0.530422 -23.675907 1.937863 8.537992 8.511004 -15.275765 4.658301 0.769689 -15.775574 3.937128 9.690225 3.959879 -0.160123 5.363152 -5.871432 -5.332190 -3.712965 -3.195694 -2.688081 9.005590 6.948195 -3.526372 -1.287967 -22.029423 -9.152438 11.867764 -8.617054 -20.077803 -6.798002
-8.077909 2.262912 -25.233088 0.791109 7.546724 4.760423 -15.870969 4.641909 1.615335 -14.525876 3.285863 7.995747 4.361070 1.108130 6.787200 -5.848587 -5.272706 -1.836299 -4.097452 -4.083689 6.160451 5.531921 -2.119381 -0.400895 -22.306137 -10.194654 14.267843 -12.428899 -17.727343 -7.015503
-8.630498 7.037666 -27.431627 2.756351 6.800954 -1.624377 -19.171528 1.186928 -1.083219 -17.259161 1.227705 8.526884 4.986568 1.589830 8.899487 -4.891782 -5.573636 -1.835316 -6.958591 -4.539993 2.061468 6.501891 1.079401 -1.652016 -22.586176 -8.296343 17.707676 -15.770990 -15.731048 -4.994165
-8.300735 8.795205 -28.064867 2.882711 5.976295 -2.992784 -20.540943 0.449582 -2.235081 -18.403162 0.773933 8.482611 4.919747 1.422602 9.277049 -4.508773 -5.794374 -1.880922 -7.640403 -4.544616 1.460410 6.897348 1.794548 -2.520126 -22.632551 -7.606258 18.399628 -16.765659 -15.331207 -4.557166
-8.272731 9.315902 -28.370592 2.709638 5.931960 -3.493778 -20.843338 0.347944 -2.376321 -18.395590 0.538952 8.564762 4.999450 1.543166 9.482880 -4.555198 -5.801312 -2.039320 -7.937570 -4.578053 1.177477 6.808819 1.955819 -2.314823 -22.618849 -7.384352 18.878290 -17.064543 -14.980056 -4.401284
-8.271095 9.399973 -28.334307 2.777953 6.019078 -3.536763 -20.864944 0.309106 -2.408825 -18.460007 0.548193 8.539043 5.027838 1.524806 9.486362 -4.509189 -5.755435 -2.028564 -7.962829 -4.583624 1.151278 6.859296 1.888976 -2.276174 -22.570166 -7.324899 18.994644 -17.041655 -15.088301 -4.437411
-8.278567 9.410154 -28.298515 2.735022 6.087172 -3.588750 -20.890095 0.285003 -2.422413 -18.534090 0.538180 8.552525 5.030511 1.533526 9.478884 -4.509879 -5.767044 -2.041723 -7.986311 -4.564589 1.130126 6.879387 1.870847 -2.294321 -22.594149 -7.311050 18.992441 -17.064760 -15.071711 -4.474439
-8.263938 9.403086 -28.302641 2.742495 6.079907 -3.588545 -20.891880 0.290710 -2.439123 -18.552069 0.532872 8.552343 5.027665 1.531047 9.482693 -4.509692 -5.769293 -2.047520 -7.983205 -4.561784 1.142212 6.882158 1.861340 -2.285911 -22.597321 -7.314800 18.972902 -17.056210 -15.074996 -4.496791
-8.320899 9.420910 -28.289736 2.732318 6.079061 -3.611917 -20.875511 0.262849 -2.379234 -18.532671 0.575634 8.566326 5.048296 1.545630 9.475351 -4.463782 -5.748089 -2.037310 -8.008517 -4.547926 1.166511 6.880847 1.848373 -2.302738 -22.596975 -7.301395 18.978640 -17.082926 -15.034666 -4.545324
-8.304856 9.452362 -28.280066 2.713752 6.098045 -3.587067 -20.900076 0.257918 -2.409301 -18.529203 0.578148 8.582602 5.042574 1.552227 9.470385 -4.469925 -5.750091 -2.031942 -8.011180 -4.566003 1.148082 6.869596 1.913185 -2.304585 -22.602100 -7.285357 19.002434 -17.083342 -15.038377 -4.494412
-8.296348 9.449604 -28.287863 2.716364 6.092285 -3.587966 -20.901688 0.261524 -2.408839 -18.528509 0.580796 8.584539 5.047020 1.554152 9.471714 -4.466382 -5.749010 -2.027272 -8.018636 -4.571419 1.149941 6.873591 1.922133 -2.308027 -22.607317 -7.287710 18.994633 -17.084503 -15.041279 -4.493236
-8.299473 9.446712 -28.299406 2.717512 6.100316 -3.598191 -20.905647 0.267953 -2.387135 -18.505722 0.581497 8.582417 5.043680 1.554910 9.470669 -4.467342 -5.743655 -2.033835 -8.013305 -4.562325 1.148947 6.878226 1.924714 -2.303741 -22.603970 -7.298623 18.982338 -17.093237 -15.042927 -4.501004
-8.287790 9.433912 -28.300535 2.719918 6.097239 -3.602964 -20.902103 0.275298 -2.389580 -18.512722 0.581419 8.579782 5.045749 1.561974 9.473410 -4.467782 -5.739767 -2.030007 -8.018003 -4.564089 1.148502 6.872607 1.916347 -2.293827 -22.606796 -7.315883 18.973824 -17.101910 -15.036766 -4.498734
-8.296813 9.434420 -28.288839 2.711332 6.135057 -3.610491 -20.897430 0.261664 -2.391354 -18.493450 0.584893 8.581070 5.042718 1.562361 9.463470 -4.469254 -5.742654 -2.032030 -8.014842 -4.559912 1.151137 6.875004 1.914693 -2.286736 -22.609680 -7.312382 18.959822 -17.103922 -15.020376 -4.517823
-11.572870 7.894111 -27.409365 -1.000263 8.246074 -4.097220 -18.331825 -2.449744 -4.868478 -18.895834 0.404770 8.730165 4.030231 2.773733 11.543779 -4.887346 -5.963279 -0.370169 -6.473808 -4.110282 2.311252 0.811228 2.353083 -4.064323 -23.104731 -10.677818 21.245062 -15.812781 -15.538142 -4.407840
-14.066281 6.535383 -24.418468 -5.836411 12.303487 2.061034 -11.767161 -1.357822 0.162408 -12.234550 4.389707 8.547304 3.114003 2.814757 9.605408 -4.126400 -4.769764 1.677985 -4.435531 -3.066945 -0.012120 -4.364363 0.014163 -4.286856 -20.388340 -11.514982 16.964205 -13.083301 -19.216887 -4.074105
-16.861210 6.674473 -21.574808 -6.948255 14.641922 5.150503 -8.242774 -3.234434 -1.276126 -11.972692 5.633791 8.872993 2.415319 2.938517 8.491830 -4.095690 -3.842887 1.681273 -3.965287 -0.968551 -0.305075 -7.403107 -2.081056 -2.103559 -17.435041 -10.656850 14.738834 -10.000088 -20.679829 -2.493140
-21.085098 5.329479 -17.332539 -2.925313 18.158289 8.234385 -7.255305 -7.869498 2.509269 -13.754502 7.556527 11.370752 0.449771 3.133243 6.461736 -2.416104 -2.542959 0.753063 -4.321402 -0.980788 -8.065717 -5.806742 -4.161869 0.219824 -14.472512 -5.653619 10.916770 -3.024827 -25.731339 0.861411
-18.593491 7.767173 -21.675386 -3.140299 15.689072 4.670073 -5.061389 -7.682420 -0.812435 -13.115184 5.412623 9.910366 1.294762 2.869610 8.342803 -3.235228 -4.383824 2.215966 -4.329074 -0.515801 -3.111053 -7.996851 -1.299938 -3.276202 -17.134325 -8.297573 16.942610 -5.613514 -22.360651 -0.495998
-16.403736 8.502163 -22.119104 -5.266984 15.077181 5.097688 -4.192859 -4.692779 -3.229147 -11.132808 5.124897 8.854501 2.323523 2.839919 9.357795 -3.725566 -4.453708 2.488628 -3.671088 -0.118482 0.945116 -9.585493 -0.454452 -3.754945 -18.307890 -10.828053 17.340494 -8.981776 -19.805056 -2.052272
-14.593019 10.005309 -23.484003 -5.524048 13.255221 3.315040 -3.718881 -4.217444 -4.841699 -11.104477 4.087876 8.582767 3.106452 2.682045 11.108913 -3.398631 -5.247927 3.097019 -3.586880 -0.691899 3.366616 -10.561058 2.123122 -5.706605 -21.371485 -13.084909 19.754253 -10.991925 -17.212620 -1.731135
-14.735776 12.256021 -24.429382 -3.603901 11.647833 -1.166450 -4.706116 -6.360814 -9.164309 -14.551794 1.410148 8.919807 3.313191 2.691017 13.024288 -3.594624 -5.960186 3.211402 -4.273947 -0.630939 5.826378 -11.000381 3.623308 -6.760581 -23.380434 -14.025270 23.261805 -12.374137 -13.829678 -1.485686
-14.602654 13.168930 -24.624033 -2.915920 10.767046 -2.790825 -4.707644 -7.275293 -11.204663 -15.976170 0.000099 9.244027 3.390242 2.788442 14.102259 -3.590333 -6.276515 3.131613 -4.684510 -0.279832 6.473341 -11.614514 4.263085 -8.197968 -24.193892 -15.130888 24.881418 -12.269486 -13.311471 -1.388852
-14.730032 13.322763 -24.941647 -2.799493 10.261919 -3.071868 -5.061114 -7.459780 -11.956353 -16.582762 -0.219104 9.372570 3.307826 2.662439 14.255332 -3.607180 -6.209393 3.114897 -4.569771 -0.237185 6.888753 -11.998318 4.712717 -7.329496 -24.362074 -15.304563 25.169195 -12.373693 -12.561557 -0.890442
-14.645427 13.191994 -25.121145 -2.846714 10.162613 -2.958396 -5.613996 -7.246715 -11.616236 -16.605370 -0.251565 9.282211 3.540850 2.843713 14.143942 -3.706865 -6.177200 3.134583 -4.891341 -0.326781 6.881431 -11.484604 4.284966 -7.617491 -24.197943 -14.771369 25.024397 -12.731477 -12.844925 -1.608352
-14.571148 13.304139 -25.144392 -2.797643 10.044757 -2.922963 -5.151360 -7.305038 -11.903806 -16.270891 -0.350255 9.346253 3.456942 2.815206 14.042786 -3.858495 -6.136872 2.989022 -4.705794 -0.300053 6.845840 -11.488283 4.158887 -7.526794 -24.249662 -14.724954 25.154819 -12.475650 -12.889053 -1.608988
-14.696898 13.352872 -24.679384 -2.978886 10.131067 -2.883225 -4.937219 -7.308392 -12.300607 -16.630375 -0.323376 9.361206 3.674709 2.662194 14.278820 -3.688300 -5.977952 3.042438 -4.549197 -0.089609 7.100250 -11.862484 4.809542 -7.182156 -24.324900 -15.118340 24.888231 -12.434052 -12.445572 -1.079462
-14.306901 13.025148 -24.230844 -2.865292 9.759263 -2.134048 -3.413862 -7.248523 -12.293868 -16.712528 -0.525459 9.562068 3.896542 2.496933 14.444267 -3.715264 -5.946386 3.011946 -4.039226 0.112372 7.610297 -12.249157 5.433935 -6.666056 -24.307709 -15.462999 24.690325 -12.113764 -11.987392 -0.153494
-14.335132 13.127696 -24.268164 -2.970320 9.760082 -2.219128 -3.643259 -7.265787 -12.321965 -16.569117 -0.618811 9.611986 3.656113 2.478050 14.531860 -3.847613 -6.142914 2.914116 -3.832205 0.039971 7.454361 -12.193219 5.252321 -6.793374 -24.307621 -15.354675 25.015177 -11.848733 -12.272246 -0.345792
-14.525416 13.226424 -24.601065 -2.784971 10.030602 -2.538446 -3.773722 -7.398255 -12.084543 -16.098841 -0.501464 9.579431 3.365485 2.601464 14.375313 -3.873206 -6.218975 2.911324 -4.040610 -0.120718 7.482952 -12.152291 5.564162 -7.133470 -24.268446 -15.152843 25.014126 -11.677646 -12.584103 -0.525571
-14.367021 13.002711 -24.407478 -2.823209 9.868973 -2.301325 -3.570963 -7.204593 -12.054977 -16.173752 -0.599457 9.566582 3.389847 2.578796 14.445962 -4.037887 -6.308414 2.906310 -3.820651 -0.142758 7.444867 -12.146811 5.365898 -7.039721 -24.370651 -15.184676 25.270866 -11.442950 -12.431253 -0.361287
-14.417094 13.108751 -24.369257 -2.787131 9.807760 -2.275530 -3.497368 -7.274617 -12.134029 -16.143297 -0.602512 9.595876 3.310013 2.549042 14.457105 -4.022790 -6.312065 2.900923 -3.780484 -0.141615 7.478052 -12.412532 5.553360 -7.011642 -24.256296 -15.199764 25.179680 -11.467570 -12.331965 -0.235928
