-5.457567 23.770514 -17.829416 9.994946 -4.054240 0.546157 9.611693 10.868839 17.821930 4.724873 3.740278 -1.312564 -0.342669 -11.345686 0.663341 -0.039610 -5.310102 7.688739 -4.925830 -5.584313 3.904594 6.447440 7.358907 1.840681 1.946115 23.541100 -0.801907 -23.832714 -4.410505 20.063496
-5.396719 23.779818 -17.824633 10.020250 -3.934894 0.667543 9.665385 10.888616 17.776659 4.720267 3.780518 -1.357979 -0.353686 -11.354534 0.524095 -0.074974 -5.391584 7.734184 -5.030681 -5.464652 3.969361 6.401664 7.436972 1.745590 2.071213 23.616249 -0.897151 -23.899862 -4.382561 20.048401
-5.871838 21.827677 -17.699440 7.678869 -5.397393 1.882059 8.843112 10.844529 18.175751 3.240582 4.478050 -0.839906 0.339147 -10.705188 1.207915 0.349311 -5.527944 7.060225 -4.991201 -5.134274 5.136739 5.709871 7.009491 2.076989 3.494933 22.773436 0.292375 -22.757963 -6.231290 19.533669
-5.458556 22.595100 -17.603819 8.686914 -5.340564 2.183326 9.412379 10.941173 17.865602 3.554635 4.230376 -1.071887 0.027862 -10.862552 0.846956 0.081282 -5.630188 7.373181 -5.078234 -5.247576 4.874094 6.565432 7.258399 1.854342 3.235335 23.352167 -0.504411 -23.286139 -5.821540 19.702505
-5.082188 21.895294 -17.238951 7.153009 -6.928880 4.134865 9.673907 10.943889 17.542871 2.329727 4.535558 -0.628151 0.331933 -10.374035 1.071339 0.231323 -5.902071 7.149759 -5.163510 -5.139517 5.808620 7.370937 7.116235 2.935249 4.060605 23.149088 -0.744998 -22.236341 -7.416820 19.350559
-4.890967 20.674458 -17.020248 6.038361 -8.386680 5.969138 10.121808 11.110110 17.272087 1.046487 4.911172 -0.293962 0.797920 -9.720615 1.487734 0.383669 -6.279924 7.019666 -5.217161 -4.772729 6.464284 7.986695 7.171881 3.392113 4.648687 22.708149 -0.649405 -21.352818 -8.897786 18.927099
-4.855803 20.009192 -16.948462 5.677972 -8.897095 7.009705 10.560529 11.136722 17.139870 0.348143 5.170060 0.299263 0.869686 -9.379173 1.801469 0.624118 -6.545949 7.186063 -5.171168 -4.454556 7.056538 9.140533 7.284476 4.016872 5.076839 22.880278 -1.473564 -21.129461 -9.797264 17.899239
-4.602182 19.472980 -16.827595 5.400727 -9.374929 8.209170 11.511646 11.002385 16.783392 -0.438849 5.339132 0.768809 0.889112 -9.150331 2.053662 0.924152 -6.797653 7.588370 -5.178750 -4.135273 7.618764 9.874209 7.260203 4.259936 5.158935 22.617157 -2.000896 -20.570309 -10.693493 17.470026
-4.233356 18.894596 -16.863672 5.757242 -9.937193 9.238541 12.419374 10.873959 16.854155 -0.944764 5.553231 0.995158 0.895118 -8.917536 2.118327 0.964708 -7.082913 7.522343 -5.218985 -4.005811 8.237883 9.790791 7.330277 4.981907 5.943191 22.530073 -2.031717 -19.916813 -11.568208 17.248508
-3.984380 18.302372 -17.189070 6.528569 -9.800053 9.900393 13.259461 10.667419 17.076830 -1.355010 5.648992 1.304283 0.553729 -8.795132 2.032064 0.942428 -7.473437 7.747495 -5.230553 -3.877348 8.537963 9.771469 7.349895 5.404678 6.515448 22.277918 -1.967218 -19.442402 -12.344414 17.010910
-3.337784 17.301373 -17.827871 7.472066 -9.385559 10.682011 13.741206 10.521613 17.726070 -1.983943 5.658972 1.077075 0.310708 -8.627187 1.610496 0.424514 -7.929240 7.364224 -5.354583 -3.808141 9.041537 9.160229 7.245658 6.105764 7.359617 21.993319 -1.473195 -18.740778 -13.021709 17.228748
-3.313335 16.404167 -18.697926 8.332849 -9.080107 10.572882 13.934469 10.139543 18.311094 -2.059612 5.694132 0.737037 0.255435 -8.497410 1.141356 -0.038789 -8.333912 6.900620 -5.564986 -3.755477 9.693725 8.096614 6.937277 6.990428 8.017027 21.462749 -0.747927 -18.132755 -13.417458 17.957489
-3.383239 15.334667 -19.441580 9.552069 -8.285822 10.317846 13.785911 9.946986 19.083139 -2.052392 5.616476 0.084571 0.468034 -8.631156 0.583350 -0.516104 -8.670498 6.479039 -5.817196 -3.294651 10.085586 7.061938 7.018733 7.721358 8.549467 21.405577 0.164414 -17.296078 -13.625571 18.697830
-3.163296 14.199947 -20.169020 10.424102 -7.071615 9.442019 13.582846 9.945011 20.052654 -2.353003 5.575685 -0.353870 0.642853 -8.614112 0.044260 -0.870785 -8.766794 5.970939 -6.076418 -3.211097 10.629961 6.041896 6.793528 8.355464 9.244109 21.287111 1.131601 -16.413574 -13.930552 19.063370
-3.406017 13.737194 -20.516741 10.574279 -5.885399 8.288297 12.708079 10.182185 20.645231 -2.334773 5.565924 -0.902893 1.099186 -8.788292 -0.306270 -1.003569 -8.773127 5.593246 -6.384220 -2.814681 11.161490 5.094633 6.819442 8.405525 9.894854 21.397629 2.345456 -15.301541 -14.284435 19.258234
-3.659806 13.803091 -20.652792 10.415790 -4.942029 6.850032 12.073476 10.579856 21.008633 -2.047843 5.551330 -1.610114 1.754721 -8.871929 -0.357229 -1.100341 -8.649687 5.339040 -6.645650 -2.415216 11.313370 4.580996 6.508489 8.871490 10.693213 21.671022 3.230998 -14.374480 -14.829582 19.382084
-4.186344 13.672825 -21.118429 9.711563 -4.405081 5.587453 10.926895 10.774047 21.241541 -1.621043 5.573254 -2.119828 2.547917 -8.960869 -0.245902 -0.897842 -8.422321 5.251607 -6.875517 -1.938503 11.223095 4.128772 6.464400 8.884070 11.309130 22.098770 4.285936 -13.533093 -15.339169 19.146782
-4.661560 14.120256 -21.320553 9.158695 -3.719906 4.131874 10.051623 11.071242 21.547562 -1.215474 5.510084 -2.642683 2.962483 -9.084982 0.026663 -0.773137 -8.126488 5.460733 -6.929368 -1.551421 11.217158 3.695336 6.532066 9.127378 11.883271 22.404934 4.765067 -12.980096 -15.702323 18.939831
-5.399429 14.525043 -21.421064 8.845177 -2.632808 2.988624 9.830178 11.008475 21.540194 -0.814809 5.420310 -2.911355 3.560665 -9.199059 0.250388 -0.614338 -7.790243 5.833521 -6.900975 -0.989401 11.073433 2.362796 6.620068 9.137882 12.758273 22.486418 5.860064 -12.584668 -16.115335 18.486511
-5.944281 14.956779 -21.217997 9.007943 -1.693405 2.034513 9.627063 11.168378 21.731630 -0.517225 5.202184 -3.137502 3.780782 -9.409353 0.446008 -0.544543 -7.531068 6.301416 -6.799834 -0.720785 10.626137 1.395795 6.629930 9.033738 13.211634 22.352325 6.579703 -12.565883 -16.386404 18.320072
-6.127061 14.546969 -21.121891 8.615064 -1.505733 2.028244 9.512635 11.112464 21.624649 -0.692435 5.277588 -3.178776 3.974159 -9.370947 0.452518 -0.540897 -7.449782 6.282986 -6.881675 -0.553633 10.613816 0.838361 6.787198 8.977305 13.544909 22.322790 6.698261 -12.426150 -16.523611 17.985321
-6.140068 14.702597 -20.933496 8.516866 -1.574713 2.021784 9.545892 11.200477 21.505491 -0.683374 5.220980 -3.159094 3.899718 -9.437598 0.471516 -0.532499 -7.416479 6.438246 -6.871071 -0.510450 10.596707 0.671357 6.665008 9.142288 13.680191 22.322620 6.828441 -12.377576 -16.454283 17.981842
-5.718809 9.155861 -21.233551 3.073433 -10.210560 10.305472 4.995694 12.457822 20.721609 -3.936922 5.915411 -1.962047 2.577984 -7.995938 1.194244 -1.318296 -8.373714 4.528428 -5.133810 -1.483407 15.605248 1.717416 7.012891 5.244278 8.336391 14.522558 6.231371 -12.904706 -16.723484 18.159710
-5.455493 5.750964 -22.032839 3.059581 -8.410243 11.413039 8.574221 11.579514 19.658258 -6.020144 6.710839 -0.971789 2.608267 -7.496871 1.554140 -0.826261 -8.891439 3.938308 -5.009922 -0.100838 18.518873 0.829926 6.532570 6.857295 9.160975 12.480964 5.542609 -12.279854 -18.119349 15.923125
-4.974113 3.358068 -22.743979 2.003930 -6.810997 11.469892 7.757305 11.762681 19.798681 -7.708977 7.082967 -0.173349 2.591309 -7.171994 2.089346 -0.271363 -9.105511 3.740430 -4.970578 0.184189 19.372614 0.965738 6.626811 7.006939 9.281658 11.076441 5.974515 -11.848209 -19.534353 14.939249
-9.648146 -1.419368 -16.357544 1.422774 -0.010033 18.689680 8.041125 10.428255 19.923306 -9.558973 9.176113 1.850270 1.424946 -5.640679 0.268607 -0.320201 -6.090950 1.105083 -5.723356 3.272775 13.706171 -0.584234 3.867772 11.417527 3.494416 6.231200 -0.503627 -4.151793 -24.033335 12.988412
-9.918046 -2.852824 -17.286898 -1.209570 2.331006 16.702492 8.501498 9.259763 19.461756 -10.034087 9.519892 1.824223 1.392618 -4.710563 -0.001811 -0.817347 -6.742474 0.995346 -6.097932 3.966570 12.992890 -2.099730 4.045265 11.583640 4.991491 5.993552 0.286159 -3.418038 -25.788433 11.000446
-15.548738 -6.146074 -10.343352 -3.266863 6.208903 27.524073 7.054667 8.522464 17.786261 -7.161859 11.257931 3.038624 -0.210143 -3.985482 0.327650 -0.562582 -3.374556 -1.233265 -4.391707 5.111542 8.239078 -5.996621 1.547881 15.228000 2.352708 1.218927 -9.549548 -1.063800 -27.908997 8.746558
-15.650190 -6.968028 -12.176862 -3.870385 7.821555 24.329836 7.110453 7.786269 17.755159 -7.874043 10.995293 2.546137 -0.488315 -3.316912 0.048764 -1.936142 -4.275181 -1.478287 -4.444934 5.561419 7.405782 -6.387353 0.444977 13.845004 3.092571 0.537841 -7.257168 -2.178801 -28.411215 6.267674
-15.065309 -6.308517 -16.632597 -3.162538 10.428019 18.141054 9.823191 5.202433 18.482681 -8.013671 10.785723 3.121268 -0.893418 -2.415895 -0.211827 -2.787461 -6.807506 0.007968 -4.732901 4.875279 6.965882 -6.133218 1.668126 10.547046 5.476742 3.862229 -1.240856 -0.056577 -30.067032 3.977929
-14.178526 -4.611317 -18.718943 -2.831861 12.475735 15.501428 12.768262 2.660341 17.831472 -7.021070 10.517065 4.026479 -1.582291 -2.378533 -0.120504 -2.362024 -7.861613 1.177969 -4.430630 5.126265 5.045893 -6.550780 3.536478 8.999482 7.284626 6.413223 1.027217 -0.311932 -31.227270 1.957740
-11.868656 -2.209631 -21.629539 -2.213300 12.936857 11.109422 14.162616 1.402336 16.882854 -6.332819 9.602155 4.256499 -2.376188 -2.578813 -0.129613 -2.650068 -9.834234 2.906683 -4.387421 4.110789 5.029101 -6.269897 4.979366 6.627109 9.257658 8.956851 5.315618 -0.644682 -30.799282 2.533166
-11.849206 -2.343726 -22.846193 -2.183319 11.343040 10.235896 13.651248 1.831073 17.586828 -7.054688 9.289185 3.805426 -1.970831 -2.769228 0.070295 -2.624282 -9.994276 3.131690 -4.551310 3.781090 6.084147 -5.310374 4.732197 6.389131 9.381735 9.412206 5.992050 -1.502522 -30.316835 2.962008
-13.335736 -3.655862 -20.411531 -1.979428 12.013959 13.548543 13.109486 2.081347 18.398670 -6.967010 9.974865 4.117800 -1.879109 -2.747019 -0.148542 -2.202126 -8.819975 1.811603 -4.697397 4.464127 4.865102 -5.359927 4.043528 7.343053 8.584666 8.486112 2.802125 -0.128908 -31.638874 2.952227
-12.753712 -2.650975 -21.345665 -1.064574 12.675635 13.060075 13.263549 1.177783 17.916788 -6.440217 10.165586 4.922941 -2.491509 -2.754900 -0.074589 -1.775071 -9.021404 2.550527 -4.352965 3.729339 4.441766 -5.207843 3.991120 5.923444 8.878242 9.011013 3.880833 0.178162 -31.970648 3.596948
-11.328363 -1.447736 -23.931589 -1.858192 11.122932 8.525748 14.278619 1.350129 17.752729 -6.350451 9.354660 3.566009 -1.841839 -2.745144 0.133422 -2.616110 -10.653711 3.756547 -4.548565 3.388811 6.664931 -5.463163 5.377913 5.282547 10.259193 10.167683 7.363516 -1.876095 -30.157888 3.107500
-11.461065 -1.505265 -23.864202 -2.143036 11.489208 8.494735 13.792609 1.382188 17.370115 -6.583860 9.162594 3.504894 -1.743683 -2.694379 0.278080 -2.741226 -10.633133 3.771064 -4.586702 3.483972 6.657092 -5.223022 5.102798 5.459230 10.158429 10.073708 7.792236 -2.173412 -29.701485 3.153411
-15.495553 -5.890332 -13.598420 -0.452643 12.617017 24.886122 9.675801 1.581775 19.034399 -3.779596 12.298033 5.413668 -4.477764 -2.646949 0.393145 -0.134111 -5.032271 0.328646 -2.954150 2.502693 0.221342 -5.949395 1.554789 8.213111 5.453170 6.181223 -3.444966 3.455495 -31.657873 7.174626
-15.046904 -4.563222 -17.891376 -2.217198 13.391138 18.057432 12.931430 1.274064 18.422949 -5.593769 11.013030 5.419708 -3.208253 -2.244631 -0.101954 -1.535867 -7.384706 1.098897 -4.126912 4.169706 1.814118 -6.126197 2.676327 7.411628 7.397739 7.314301 -0.543626 1.316847 -33.128628 3.072685
-13.310353 -4.195246 -19.636965 -2.578350 12.276945 14.413701 12.462324 2.523015 17.922085 -7.011885 10.072797 3.782782 -1.455298 -2.590867 0.148205 -2.313125 -8.442347 1.540558 -4.355585 4.531462 5.441061 -5.994260 4.061142 8.359024 7.860509 7.391951 1.953736 -0.242809 -30.957499 2.314245
-11.291881 -2.013570 -23.480986 -1.960372 11.352244 9.256371 13.437648 1.791666 17.331968 -6.924566 9.260022 3.428901 -1.724029 -2.763148 0.209181 -2.649245 -10.430592 3.567140 -4.615910 3.610627 6.844213 -5.292078 5.139205 5.780458 9.929609 9.671193 6.804167 -1.870189 -30.160643 3.318912
-11.307118 -1.829193 -23.508492 -2.012222 11.267925 9.027202 13.538752 1.680121 17.391150 -6.773530 9.249249 3.337275 -1.675173 -2.829824 0.167405 -2.648540 -10.457613 3.618739 -4.659087 3.695796 6.913268 -5.303528 5.336374 5.733981 9.916973 9.825424 7.036771 -1.988821 -29.964245 3.483263
-10.399400 -3.511935 -21.232500 -2.441826 6.945450 11.081506 7.161337 6.724705 18.139418 -8.574502 9.278161 1.626065 0.512699 -3.312591 -0.226061 -2.710916 -8.975237 1.674287 -5.577951 3.889549 10.136556 -2.982357 2.817995 7.829665 7.403250 6.837145 5.542968 -2.640258 -28.175653 8.349748
-11.132172 -3.495086 -21.837831 -4.340955 8.655162 8.760511 5.921374 5.192516 17.509119 -7.719687 9.286613 1.840059 0.528872 -2.280186 -0.281624 -3.652627 -9.337048 1.909114 -5.303889 3.181416 8.694756 -2.678098 2.407058 7.661858 7.938704 6.745466 6.696867 -3.434205 -28.488592 6.041805
-7.888241 0.919526 -26.916210 -6.589167 10.381376 3.050234 6.418288 3.638566 14.610932 -6.681676 8.302376 1.086855 -0.173469 -1.974641 0.257386 -4.655506 -11.887325 4.751512 -5.021851 1.317623 6.918178 -3.214061 4.153986 5.921328 10.873173 8.929092 14.030210 -6.965343 -27.743082 3.388690
-6.133839 2.670007 -28.808430 -7.609900 10.354174 0.987052 4.419720 3.687232 13.145741 -5.457082 7.771132 0.414572 0.300638 -1.274852 0.485972 -5.539350 -12.282005 5.359406 -5.198532 -0.111270 5.487397 -2.523974 3.865972 4.386201 9.882946 9.181553 16.555635 -8.754972 -26.357510 2.322307
-4.487690 4.849645 -29.386072 -8.703671 11.072266 -0.807669 1.887721 3.934938 11.591615 -4.688012 7.370962 0.022755 0.760965 -0.414731 1.167873 -5.613558 -12.531992 7.029652 -5.519073 -1.642044 5.630424 -3.413486 3.211347 0.130819 11.766359 10.367420 19.278759 -11.894490 -25.789955 2.330921
-4.308447 6.116285 -29.141539 -10.346712 11.181030 -1.299704 -0.549136 4.039929 9.931399 -4.234970 7.196336 -0.265426 1.035367 -0.035197 1.672550 -5.646433 -12.014925 7.926743 -5.674230 -1.957571 5.983258 -4.911631 1.943522 -0.332236 12.930933 10.528161 20.794235 -14.779046 -24.063204 1.972024
-5.385847 7.729748 -28.036097 -12.262856 12.101362 -1.383366 -2.798224 4.871088 8.028847 -3.887270 6.944570 -0.851404 1.304594 0.135066 2.808765 -4.914253 -11.095984 9.082716 -6.227818 -1.965223 6.009373 -6.753434 1.323766 0.138212 13.205963 9.763071 20.738144 -17.201269 -22.948856 2.559820
-6.226079 8.892129 -27.100883 -12.846242 11.875490 -0.830956 -4.039947 5.696007 6.064441 -3.427348 6.790160 -1.545967 2.262647 0.056036 3.734985 -4.399033 -10.522079 9.656091 -6.567745 -1.568357 7.132326 -7.924473 1.997840 1.949061 12.901620 9.560247 19.369062 -18.902622 -20.445391 1.764413
-7.096493 11.027222 -25.529406 -14.024796 11.906067 -0.885438 -4.465434 6.339247 4.706497 -2.988853 6.466726 -2.197935 3.364313 -0.162279 4.302308 -4.226559 -10.016005 10.085691 -6.594971 -1.789378 8.322240 -8.022636 1.715030 3.920476 12.450292 10.035189 18.560614 -19.606627 -18.859711 1.492923
-7.474548 12.234555 -23.986586 -13.968902 10.082001 -1.081192 -4.549044 7.851183 3.640861 -2.889024 6.552641 -2.366106 4.913310 -0.476477 4.615312 -3.183194 -9.139416 10.683479 -6.756991 -1.286826 9.139333 -7.902255 1.449025 5.382368 11.618000 10.514118 16.894255 -20.287380 -16.601933 1.158816
-7.186048 12.064327 -22.640776 -13.824789 8.457247 -0.110611 -5.217373 9.466924 3.619126 -3.402005 6.623598 -2.247528 5.828748 -0.751244 4.699869 -2.170459 -8.489838 11.006769 -7.232785 -0.941826 9.987798 -8.339748 0.809376 6.844946 11.821960 10.207657 16.107046 -21.918734 -15.047577 2.054358
-6.878333 12.613808 -21.526178 -13.862659 6.815415 2.127329 -4.577270 10.616740 2.452968 -3.809512 6.839386 -2.465807 7.039329 -1.177742 4.538463 -1.269548 -7.869908 10.641589 -7.749662 -0.254955 10.702334 -8.801526 -0.066870 8.782928 12.159164 9.203292 14.654630 -23.671162 -14.491360 2.897336
-7.501464 12.421294 -20.547543 -12.957804 5.291778 4.462721 -4.616683 11.426820 2.643626 -4.570383 7.076937 -2.715518 8.256585 -1.391993 4.344284 -0.685667 -7.385939 10.455801 -8.236266 0.822582 11.650123 -8.404132 -0.199331 10.714732 10.760918 7.914922 12.416432 -24.752085 -13.426681 3.099314
-7.143072 11.632092 -19.351727 -12.967560 4.157933 7.311766 -5.034421 11.342937 3.113814 -5.913734 7.124987 -3.348560 9.285232 -1.814016 3.795058 -0.619779 -6.809762 9.446035 -8.677402 1.867975 13.172873 -7.686887 -0.374269 13.599269 11.134884 7.356154 9.387161 -24.775354 -13.451389 4.442384
-7.566033 12.309189 -18.000860 -14.940857 1.812388 9.965459 -6.935626 10.689206 3.898811 -6.256662 7.066924 -4.122625 9.981402 -1.860487 3.060031 -1.278241 -6.532366 7.908092 -8.930589 2.095010 14.748229 -7.020261 -0.095728 15.569344 10.636349 6.837830 6.759960 -25.291994 -12.334911 5.642872
-7.328396 11.687670 -17.335178 -14.666262 0.958045 10.714087 -7.495228 10.610935 4.399888 -6.705608 7.162200 -4.522302 10.562827 -1.949888 3.119567 -1.417813 -5.973907 7.347028 -8.926612 1.828755 16.706535 -6.336998 -0.060557 17.226736 10.244944 7.146718 4.920160 -25.158541 -11.335390 6.218691
-16.197645 5.594933 -7.772580 -12.667145 8.099409 21.252565 -6.272668 7.765122 15.025108 -3.167073 11.014081 1.451668 4.937531 -0.478359 2.687925 0.718292 0.696223 2.464037 -7.949360 1.158884 0.004927 -5.626987 -7.402308 13.245850 0.131540 1.654411 -4.130785 -12.466447 -20.389414 8.082936
-15.284060 5.746627 -8.459928 -13.034346 8.742208 19.328917 -5.272373 8.856805 13.615937 -4.593616 10.655135 1.374746 5.372314 -0.804765 2.677547 0.477450 -0.410065 2.912242 -8.160649 1.446727 1.941925 -5.388930 -6.416733 13.449568 1.110287 2.406683 -3.316499 -12.707945 -20.473375 6.859513
