-6.022096 27.487701 -17.580046 22.384134 -2.353343 2.944880 -7.105415 2.245221 -7.340988 -8.078823 -5.779800 5.959633 3.492299 -7.464287 0.820035 -7.676768 -4.008728 4.342059 -7.464662 -4.350393 -0.180707 8.267348 13.375146 -0.487059 -27.647711 7.460847 2.102077 -18.896395 1.739848 17.185394
-6.022026 27.501020 -17.663679 22.482086 -2.425607 2.862899 -7.187985 2.164816 -7.497874 -8.311163 -5.845082 5.991431 3.493679 -7.434155 0.795752 -7.729052 -4.021789 4.297173 -7.535734 -4.292463 -0.131202 8.338938 13.401341 -0.577978 -27.751726 7.398127 2.018108 -18.918644 1.749618 17.132202
-5.513074 8.446314 -19.676996 14.801253 -6.238930 15.925886 -8.521335 4.816150 -4.920622 -21.980963 -2.723285 7.748423 7.515294 -3.522487 1.936549 -7.848627 -6.632647 0.752223 -7.757646 1.496315 14.784028 5.457479 13.902408 4.678982 -21.491766 -3.032861 6.279192 -6.225020 -13.334986 12.964201
-9.073056 1.491614 -15.973094 9.177650 -0.225935 21.271687 -5.445798 6.554978 3.374772 -17.304087 3.459961 6.430886 4.867942 -3.558604 -1.290848 -6.336042 -5.588200 -0.600184 -7.014479 4.160228 12.289550 2.321128 8.029302 4.418386 -17.775457 -5.814247 -0.172907 -2.884221 -20.331287 9.832232
-5.228544 3.267976 -19.380539 8.777288 -2.058157 17.922529 -7.927601 7.142391 1.436657 -17.309893 1.361289 5.884327 6.024880 -3.316103 -0.112406 -7.616707 -7.466424 0.442938 -6.797247 2.298207 13.896981 4.897349 10.728170 3.528585 -20.239614 -5.618369 4.625031 -4.859204 -18.059078 9.066371
-5.837448 4.622983 -22.649105 9.934462 -2.825180 12.595874 -12.426264 3.707698 -1.233926 -21.146553 -1.254960 6.204969 5.826859 -2.429533 1.890781 -8.441493 -8.553652 -0.485192 -8.083376 1.766341 13.264495 5.664279 12.426381 2.457486 -20.600504 -5.310576 7.801313 -6.492966 -17.026924 7.084335
-5.722560 5.194566 -23.701664 8.960076 -2.988312 9.752301 -15.061893 2.961204 -2.453142 -22.534252 -1.933818 5.975596 5.873061 -1.608530 2.515426 -9.287344 -8.737976 -0.889823 -8.408812 1.105909 11.814350 5.359006 12.320758 2.237254 -19.888983 -4.519045 9.228276 -7.731601 -16.818562 5.515594
-5.515484 4.684495 -24.454092 7.779382 -2.734915 8.835870 -17.020494 2.893026 -2.455143 -22.532177 -2.044130 5.722395 5.785507 -1.337510 2.714653 -9.568639 -8.994869 -0.652613 -8.254594 0.924115 11.415333 5.004792 12.775437 1.663935 -20.347601 -5.146418 9.539166 -8.997845 -16.700325 3.724670
-5.064746 4.232846 -25.792212 6.821221 -2.344430 7.452690 -18.739464 2.988136 -2.037271 -22.619387 -2.105481 5.553414 5.446007 -1.079961 2.957139 -9.779948 -9.332018 -0.786994 -8.196648 0.327872 10.599957 5.317786 12.231835 1.544237 -19.996058 -5.241590 10.389693 -9.165904 -16.788826 3.018360
-5.299053 3.413966 -27.624365 6.415153 -1.563446 4.939527 -19.580755 3.012804 -0.879422 -22.370768 -1.886398 5.313280 4.584231 -0.842236 3.200259 -9.599413 -9.887697 -1.155470 -8.488894 -0.429476 10.406276 6.549736 11.962481 0.912906 -20.121237 -5.307080 10.269271 -10.259162 -16.672586 0.044318
-6.145684 2.744283 -28.119919 6.553018 -0.105213 2.760821 -20.089653 2.814498 0.234890 -22.080914 -1.585461 5.441635 4.113444 -0.381524 3.244828 -9.420236 -9.983013 -1.444806 -8.794138 -1.023313 9.678547 7.850812 11.822473 0.283187 -19.906961 -4.881327 10.243407 -11.100065 -17.148230 -2.465322
-7.147045 2.856439 -28.022673 6.386307 1.607059 0.381513 -20.377674 3.094731 1.104558 -22.077185 -1.427689 5.234559 4.067708 0.032762 3.606575 -9.167706 -9.709045 -1.479606 -9.121339 -1.452736 8.113437 8.100182 11.462154 0.384728 -19.614403 -4.544305 9.890719 -12.357743 -17.187302 -3.762955
-8.106958 3.534850 -27.730181 5.979473 2.307959 -1.215840 -20.238632 3.334277 1.108217 -21.609842 -0.990760 4.555701 4.417728 0.771357 4.620001 -8.440631 -9.122166 -1.139556 -9.860913 -1.765929 5.075656 7.165834 10.868087 1.432991 -18.747591 -4.410011 10.191761 -14.392571 -16.650160 -3.640509
-8.911233 5.156736 -27.183540 5.365620 3.083297 -2.451946 -20.862839 3.259054 1.037710 -20.828253 -0.578839 4.164326 5.137117 0.916263 5.397697 -7.433950 -8.582226 -0.716224 -10.741739 -1.789476 2.264152 6.191150 9.528365 2.557458 -18.484034 -3.950352 11.130696 -16.923182 -15.577518 -3.092353
-9.542721 6.473995 -26.404217 4.801528 2.214284 -3.116081 -22.718887 4.457645 0.720302 -19.801765 -0.257073 3.929487 6.341670 0.836914 5.747100 -6.137662 -7.836077 -0.429809 -11.684157 -1.458744 1.726404 4.827518 8.380963 3.658371 -18.405102 -3.220447 11.240228 -18.339703 -13.769976 -3.588743
-9.757957 9.027908 -25.537020 4.603364 1.224111 -3.318307 -24.084564 5.281566 0.919023 -18.856421 0.066343 3.892170 7.435580 0.575017 5.660212 -4.734075 -7.466068 -0.355451 -12.894259 -0.507149 1.304673 2.244570 8.211759 4.648071 -18.482147 -2.431320 10.983071 -20.794210 -11.155215 -4.625957
-9.969615 10.890681 -24.381365 4.105198 0.242246 -3.108376 -24.824478 5.855992 0.519670 -18.277815 0.098562 3.352399 8.196916 0.345302 5.741713 -3.944629 -7.105580 -0.165215 -13.604789 0.214166 1.084210 0.451588 8.155291 5.344306 -18.710600 -1.666822 10.322543 -23.406525 -8.565859 -4.767627
-10.382441 10.702844 -24.122370 4.136038 -0.179056 -3.336177 -24.198385 6.417013 -0.258660 -18.351576 -0.000078 2.994972 8.618796 0.151338 5.668679 -3.970694 -7.153154 0.271597 -13.829333 0.465534 1.711426 0.069818 8.037667 4.925104 -19.357546 -2.256574 11.156809 -22.860321 -8.507643 -3.504582
-10.415326 9.996685 -24.002979 4.005679 -0.503898 -3.332829 -24.071548 6.948137 -0.660538 -18.500399 -0.094256 3.135931 8.725074 0.127480 5.646700 -4.066607 -7.212404 0.283148 -13.845593 0.442933 1.855600 -0.125792 7.690053 4.738462 -19.216711 -2.427611 11.708167 -22.429319 -8.577424 -2.669407
-10.541595 9.801720 -23.851770 3.873410 -0.264784 -3.653866 -24.104387 7.225086 -0.911628 -18.456171 -0.134405 3.066265 8.964718 0.208853 5.640537 -4.224410 -7.140339 0.470104 -13.728652 0.353095 2.207159 -0.192754 7.766337 4.719124 -19.345575 -2.549095 11.684220 -22.223017 -8.650051 -2.441517
-10.705735 9.357424 -23.597845 3.763501 -0.188495 -3.830834 -24.079653 7.582346 -0.990354 -18.500696 -0.256322 2.895909 9.110610 0.291348 5.718684 -4.427988 -7.072795 0.533673 -13.647321 0.333039 2.257044 -0.381164 7.977604 4.707709 -19.251001 -2.580494 11.861028 -22.079485 -8.679678 -1.969935
-11.031623 8.888006 -23.394907 3.700115 -0.199581 -4.160355 -23.953907 7.878355 -1.047927 -18.581926 -0.333620 2.948411 9.277934 0.329958 5.640563 -4.604170 -6.993505 0.556506 -13.538619 0.377066 2.461666 -0.400061 8.129689 4.775773 -19.233397 -2.645779 11.738288 -22.005474 -8.797874 -1.796477
-10.899697 6.551619 -24.024174 4.117647 0.942301 -4.092372 -23.749863 7.126573 -1.020450 -18.909285 -0.495316 3.621347 8.274098 0.830722 5.433995 -5.801095 -7.193692 0.389802 -12.533204 -0.034785 2.733994 0.277944 9.755500 4.132607 -18.382574 -2.666416 10.513945 -19.401411 -11.361004 -2.599446
-14.235868 -0.850470 -15.814612 4.885891 9.616695 10.260694 -18.489927 5.872640 9.055598 -17.014244 6.353444 6.334310 2.993185 -0.320578 0.957560 -3.930099 -4.080738 -2.234501 -9.001667 0.765426 -1.441529 2.432162 4.746008 4.171939 -15.689375 -2.697355 -2.817325 -8.739282 -21.583338 0.090736
-12.272431 0.889488 -19.156078 4.432104 8.932652 7.117649 -18.579802 5.313749 6.887662 -16.815165 5.245846 5.502553 3.424653 -0.333541 1.620988 -4.457189 -5.655588 -1.309013 -9.238951 0.220723 -0.232282 3.301425 6.229806 1.941037 -16.724508 -3.489888 0.552314 -11.017997 -20.944559 -0.826177
-10.820691 -1.151000 -18.861063 3.270123 8.807155 9.793824 -17.589876 7.543659 8.181224 -16.730118 5.618062 4.901546 3.497992 -0.574724 1.100662 -5.137558 -5.362056 -2.158383 -8.597979 0.647121 1.099415 4.946339 6.579228 3.045741 -15.857609 -3.446002 -1.740786 -11.064565 -21.679485 -2.255075
-10.687217 -1.687942 -18.506411 3.289960 8.826034 10.689144 -17.412672 7.617219 8.580508 -17.648790 5.760144 5.276150 2.574465 -1.065843 0.821007 -5.026982 -5.614877 -2.485518 -8.156048 0.678218 2.547760 5.898925 6.763349 3.271107 -15.463734 -3.424856 -2.497514 -9.686687 -22.614515 -2.491013
-9.909295 -2.450202 -19.555809 3.693933 8.526666 11.912503 -16.740932 6.974593 8.707292 -17.841539 5.624922 5.259858 1.708690 -1.446606 0.712228 -5.270791 -6.325655 -2.667688 -7.696324 0.905491 4.108077 6.838674 7.322160 2.618406 -15.768747 -3.881162 -2.541023 -8.127055 -23.335661 -2.450024
-9.022649 -2.950242 -20.328041 4.196998 8.114491 12.587724 -15.726557 6.626755 8.739883 -18.364786 5.130479 5.016383 0.920174 -2.013428 0.828252 -5.571842 -7.142460 -2.687017 -7.152380 1.158646 5.302425 6.194913 9.155877 1.874163 -16.014660 -4.187516 -1.761880 -6.739411 -23.443960 -1.578845
-5.678932 -0.945625 -25.585890 4.418368 4.200725 7.970350 -16.394409 6.202849 5.909503 -17.271744 2.419399 4.005968 1.525738 -1.959505 2.319245 -6.937218 -9.804647 -1.078422 -7.014899 0.275482 8.335925 7.316061 13.030782 -0.223167 -18.571196 -4.148604 4.308030 -8.285434 -20.288864 -2.598439
-8.040138 -2.715728 -18.837626 6.174505 6.115396 17.744846 -13.628366 6.384933 8.078999 -18.250214 4.867107 4.519014 0.008872 -3.447735 1.020470 -5.115879 -7.109030 -2.576063 -6.097122 2.498791 7.251937 4.959507 10.630342 2.188446 -16.110773 -3.591472 -3.759334 -3.557655 -23.863901 1.806259
-5.946744 -0.837234 -21.667135 7.217549 3.323874 15.072705 -13.181409 6.220645 5.587042 -17.896627 3.446318 4.462371 -0.239897 -3.767850 2.023397 -5.121803 -8.680424 -1.326788 -6.666146 2.628376 9.324231 4.358846 13.440733 0.563102 -17.767862 -3.514126 0.902536 -3.086515 -22.069712 3.879044
-4.012195 1.902754 -24.253710 9.375355 0.725318 13.387429 -12.724467 5.239044 1.129553 -18.144880 1.460538 3.393253 -1.089914 -4.615469 4.466782 -4.407339 -9.978733 -0.243850 -6.715690 2.029689 11.258186 3.057438 16.745058 1.488972 -18.405462 -2.636801 6.354815 -4.455837 -18.659058 5.153867
-3.409256 3.967068 -24.477798 11.864369 -0.484985 11.900739 -12.346473 4.093112 -3.548800 -21.864828 0.113650 2.746807 -2.484074 -5.525267 7.192592 -2.088107 -10.687963 -0.877335 -8.499597 3.307818 13.251939 1.639198 18.670145 2.232161 -18.672071 -3.237919 8.792818 -4.729181 -16.659712 7.694536
-2.609430 4.402542 -23.731985 12.999157 -1.352628 12.942053 -10.889224 4.141730 -6.124301 -23.198236 0.008679 1.674070 -2.910183 -6.494150 8.872837 0.206158 -11.005775 -0.937784 -9.371099 4.334005 15.442067 1.321327 19.643970 3.714530 -18.812113 -4.321862 9.193439 -4.869832 -15.739791 10.026587
-1.601733 4.732440 -22.719885 13.844522 -2.215568 14.997613 -9.787251 4.785538 -8.249584 -23.395075 -0.158723 0.706302 -2.893580 -7.499810 9.593084 1.390946 -11.143415 -1.036668 -9.590056 4.737712 16.883667 0.366317 20.670845 4.689059 -19.418745 -4.850926 8.171123 -5.738054 -13.567824 11.336499
-0.985287 6.076565 -22.778765 15.823558 -2.523033 16.351072 -7.632338 4.149607 -10.644210 -22.186449 0.070032 -1.841510 -2.742688 -8.677917 10.569311 3.070462 -11.596724 -1.604620 -10.587285 6.157150 18.304155 -0.902123 22.317575 3.906720 -20.949657 -5.599006 6.800473 -6.071405 -12.199440 11.591071
-1.721210 6.934904 -23.247162 17.030272 -3.308472 17.676903 -5.007790 3.004121 -12.109675 -20.800974 -0.065500 -3.814360 -2.458637 -9.023739 10.387276 3.148166 -12.085911 -2.099179 -11.397838 7.379060 18.712584 -1.654302 24.346487 1.145765 -23.028040 -6.403676 6.558495 -6.662167 -11.148767 11.189203
-1.790778 7.199644 -23.126974 16.941626 -3.043396 17.443678 -4.707006 2.636624 -12.642135 -20.538862 -0.067038 -4.501745 -2.583683 -9.048670 10.580942 3.351702 -12.174795 -2.134507 -11.772789 7.629556 18.859003 -1.847209 24.745516 0.260279 -23.749249 -7.059049 6.440494 -7.194630 -10.839010 10.842296
-1.923202 7.025203 -23.176935 17.165113 -3.178435 17.610495 -4.679150 2.660260 -12.453823 -20.546762 -0.147051 -4.339449 -2.552089 -8.986341 10.348722 3.116214 -12.195747 -2.147158 -11.709319 7.716318 18.797277 -1.820543 24.825205 0.164132 -23.911686 -7.049571 6.315576 -7.125538 -10.913440 10.922835
