0.527668 26.107204 -10.235328 4.698749 3.768479 -5.851834 9.234974 12.264570 17.689779 -7.516684 -4.328627 1.305274 -1.295646 -9.786377 5.324992 -2.057024 -5.412077 3.233548 -9.619897 -2.866014 -4.900193 8.641907 10.523412 14.612565 -13.315220 20.107059 0.464832 -15.836196 -0.641261 16.541931
0.062621 26.030651 -10.313795 4.703434 3.386232 -6.361823 10.028812 12.157146 18.389723 -7.674547 -4.363875 1.316417 -1.312021 -9.782806 5.295111 -2.084522 -5.435700 3.211198 -9.667278 -2.830317 -4.894581 8.698952 10.521372 14.585052 -13.320739 20.122362 0.447472 -15.825740 -0.639235 16.536575
-4.711051 10.797740 0.107983 12.730514 10.102468 -8.415692 21.734259 20.337187 16.848162 -7.779966 -5.606338 3.372995 -3.778224 -12.500998 -0.484171 -1.902637 -2.281841 -3.109883 -9.043815 4.603623 -3.089437 7.464880 5.264061 7.586477 -16.549286 23.994278 -16.066042 -2.196436 -2.442568 5.370162
-4.822932 8.954687 1.298553 12.860627 10.356090 -7.652992 21.398333 20.562296 18.685621 -8.305975 -5.387810 3.878482 -3.088162 -12.783531 -1.050487 -1.609102 -2.356578 -3.769531 -9.328780 5.270693 -3.115526 8.806350 5.382417 5.975064 -16.421631 24.297724 -15.077313 0.141077 -4.846785 6.100081
-5.703097 9.142908 2.212562 13.844900 11.747144 -6.877369 19.695715 19.779160 21.097452 -7.755509 -4.851010 4.487550 -3.274160 -12.151800 -1.697660 -1.501420 -1.819445 -4.658168 -10.442719 5.315739 -2.414720 11.462727 4.827904 4.635574 -16.132280 24.940880 -14.913898 3.670795 -7.058828 8.038970
-6.294105 9.700503 2.874455 14.561179 12.344157 -6.861391 18.792044 19.319954 21.723940 -7.335933 -4.524681 4.667686 -3.636904 -11.945298 -2.183529 -1.391031 -1.186606 -4.926115 -10.789142 5.314469 -2.736703 12.034872 3.883566 3.716763 -16.125643 25.780046 -15.686761 5.689948 -7.544830 9.947598
-6.827970 9.725247 3.381007 14.871442 12.679732 -6.688658 18.174765 19.000679 22.240917 -7.065309 -4.641539 4.850527 -3.717748 -11.860812 -2.231768 -1.243664 -0.837696 -5.154400 -11.093419 5.498535 -2.992607 12.060844 3.606017 3.600063 -16.063604 25.787928 -15.759939 6.015640 -7.242300 10.927238
-6.933148 9.898238 3.415600 15.000937 12.859690 -6.721308 18.255104 18.766800 22.366657 -7.054206 -4.691867 4.862545 -3.736691 -11.875088 -2.240644 -1.242141 -0.798908 -5.165920 -11.124487 5.542565 -3.009318 12.052222 3.504782 3.482905 -16.012550 25.850897 -15.834451 6.059640 -7.271927 10.867683
-6.887139 9.904818 3.376017 15.052312 12.782821 -6.729216 18.104244 18.773520 22.346918 -7.124203 -4.685641 4.843885 -3.740519 -11.853962 -2.257442 -1.255173 -0.793317 -5.191519 -11.109931 5.499125 -3.084213 12.061548 3.449380 3.436471 -15.997826 25.851257 -15.873038 6.190462 -7.389823 11.102294
-6.961200 9.899584 3.389051 15.057430 12.876829 -6.725699 18.073582 18.716471 22.430586 -7.119498 -4.674164 4.843393 -3.737228 -11.858508 -2.277793 -1.234742 -0.778023 -5.179609 -11.136314 5.534335 -3.099981 12.022844 3.417234 3.467161 -15.988885 25.833998 -15.909870 6.179526 -7.357968 11.131207
-6.938851 9.919601 3.377808 15.061230 12.857773 -6.717423 18.070774 18.689947 22.390608 -7.102390 -4.687358 4.848091 -3.733587 -11.866992 -2.263167 -1.227195 -0.770766 -5.188302 -11.131862 5.534917 -3.093591 12.055471 3.433001 3.423446 -15.940260 25.865004 -15.906165 6.150971 -7.424630 11.093610
-6.927824 9.910018 3.372406 15.065670 12.854876 -6.744037 18.059118 18.725737 22.408575 -7.116075 -4.687415 4.844446 -3.731055 -11.860431 -2.263962 -1.231048 -0.782725 -5.186466 -11.136209 5.544034 -3.087745 12.048773 3.417473 3.442551 -15.930000 25.860300 -15.925866 6.164675 -7.437024 11.110583
-6.941026 9.895817 3.385279 15.077081 12.838457 -6.705825 18.035345 18.719679 22.436342 -7.111924 -4.691058 4.851472 -3.726438 -11.848471 -2.262432 -1.230247 -0.768560 -5.203110 -11.156548 5.556481 -3.087822 12.056557 3.427292 3.440818 -15.971395 25.871771 -15.937226 6.153732 -7.397205 11.126050
-6.941490 9.920948 3.372211 15.045552 12.883869 -6.756457 18.093277 18.700680 22.357759 -7.092134 -4.694435 4.856674 -3.736208 -11.867382 -2.270871 -1.223896 -0.769404 -5.153120 -11.130330 5.559482 -3.122116 12.060574 3.440753 3.434227 -15.965076 25.925020 -15.946517 6.116698 -7.376318 11.103979
-6.970824 9.926605 3.406754 15.054800 12.956361 -6.748785 18.126915 18.730951 22.389801 -7.055117 -4.700682 4.850919 -3.723030 -11.880129 -2.272726 -1.215058 -0.774706 -5.145591 -11.138549 5.585065 -3.145975 12.022543 3.436056 3.443297 -15.972879 25.941233 -15.951409 6.117218 -7.348536 11.149308
-6.943964 9.915172 3.402516 15.051923 12.923703 -6.758084 18.127501 18.742029 22.376925 -7.076357 -4.712386 4.854500 -3.722192 -11.875138 -2.257809 -1.222981 -0.777206 -5.148308 -11.121348 5.576405 -3.153087 12.054916 3.450174 3.446998 -15.962741 25.952860 -15.909739 6.116318 -7.360446 11.153103
-6.938346 9.912838 3.398052 15.046557 12.911247 -6.756758 18.124146 18.743168 22.370766 -7.072301 -4.699568 4.853988 -3.724139 -11.874275 -2.269017 -1.223978 -0.770236 -5.146857 -11.125258 5.573797 -3.108633 12.092188 3.453236 3.443514 -15.985680 25.947844 -15.944128 6.130239 -7.360907 11.152764
-6.980493 9.908227 3.412309 15.060600 12.944203 -6.728127 18.137499 18.731962 22.398090 -7.069378 -4.713958 4.861127 -3.723156 -11.864834 -2.261621 -1.226932 -0.764064 -5.154985 -11.140977 5.582195 -3.104950 12.094036 3.447380 3.424814 -15.973433 25.951418 -15.963096 6.120921 -7.377470 11.129163
-6.957396 9.906326 3.398602 15.063994 12.932443 -6.765342 18.126965 18.722433 22.368994 -7.113550 -4.699459 4.856005 -3.724466 -11.862480 -2.263882 -1.228772 -0.769889 -5.148211 -11.131484 5.575366 -3.171352 12.004561 3.432869 3.460738 -15.983294 25.904837 -15.928369 6.094623 -7.343321 11.164696
-6.987211 9.924036 3.410279 15.067686 12.898148 -6.810289 18.209570 18.723671 22.402122 -7.137945 -4.708799 4.855928 -3.726924 -11.873738 -2.257299 -1.231808 -0.776157 -5.143071 -11.124837 5.569131 -3.164535 12.003411 3.446415 3.445910 -15.962817 25.949949 -15.919387 6.104374 -7.357489 11.151051
-6.986742 9.927816 3.395982 15.056810 12.906428 -6.809316 18.197479 18.686316 22.414865 -7.121634 -4.700787 4.861539 -3.723429 -11.869181 -2.266947 -1.229121 -0.768464 -5.141876 -11.124681 5.572943 -3.127502 12.052336 3.459030 3.451433 -15.962981 25.945471 -15.949263 6.105650 -7.343112 11.131686
-9.981549 4.317418 0.353609 13.559651 6.082722 -1.187991 14.673158 18.331465 22.256266 -6.811378 -2.979525 5.846334 -1.808983 -9.981792 -0.954632 -0.794083 -1.649823 -7.655946 -11.014853 6.441146 -0.198159 10.672407 3.062136 5.139229 -13.077192 23.449232 -12.881745 11.319016 -12.933763 10.094421
-10.374774 0.926359 0.445305 12.567116 4.312585 1.748418 14.238509 19.191456 22.711168 -9.308448 -2.374395 6.379748 -0.671388 -9.375166 -0.449330 -0.790781 -1.615824 -8.412628 -10.643825 7.452987 3.279925 10.665487 3.377490 5.579490 -12.639502 21.099756 -12.388548 14.410307 -15.732023 10.183016
-9.975581 -2.431297 0.788816 10.409668 3.608786 4.175803 13.952052 20.200945 23.000471 -12.389289 -2.065844 6.229661 -0.276190 -8.741784 -0.526979 -1.208539 -2.159684 -8.475349 -10.834197 8.539367 6.071030 10.513435 3.598347 6.963690 -11.933566 19.151667 -12.356677 15.718154 -17.636831 9.798438
-8.908278 -4.900217 0.032411 9.490299 4.997854 4.765943 13.019065 20.959341 24.213045 -14.582141 -1.702821 6.408583 -0.330473 -8.143841 -0.909533 -1.372921 -2.752265 -8.539983 -11.192405 9.394756 7.544161 8.742622 4.085625 8.264826 -9.972601 17.975851 -11.915482 16.854259 -19.734144 8.176862
-7.506222 -8.424793 -0.519755 8.596199 6.334613 7.708754 12.092912 22.432438 23.767042 -17.068068 2.215409 5.409855 0.590361 -8.457703 -3.111373 -1.040055 -3.688011 -6.905270 -9.379304 9.576435 9.230781 7.554817 4.310868 9.130187 -9.646941 15.717126 -11.918715 16.531281 -21.173138 5.871874
-8.209474 -11.468518 -2.006035 7.201651 5.653122 9.086143 13.351585 22.334127 24.952829 -17.950743 3.187212 5.095366 1.103735 -7.937856 -3.019985 -1.222658 -4.428968 -6.958855 -8.795624 10.137646 10.280993 6.669577 4.034350 10.170436 -8.841434 14.346608 -11.568174 16.857807 -22.776018 3.642231
-8.681282 -13.275242 -3.178403 4.931989 6.417360 10.518897 12.866911 21.379087 23.493605 -18.177910 4.511981 4.587049 1.527349 -7.102269 -2.889967 -1.552007 -4.787517 -6.895911 -8.136664 10.350134 10.223111 5.052279 3.721426 10.851479 -8.114365 12.649730 -11.184252 16.023838 -23.551384 1.610514
-8.398055 -15.352020 -4.050445 3.078109 7.450531 11.065386 13.573777 21.609861 22.584330 -19.646343 5.183368 4.390617 1.868662 -6.483864 -2.883525 -2.105235 -4.769583 -7.018824 -7.524730 10.477367 10.146560 4.035370 3.680507 12.102023 -6.830976 11.683381 -11.714268 14.916056 -24.173532 -1.092334
-9.077300 -16.777098 -4.811759 2.718071 8.955277 11.493797 14.556007 20.045797 21.623375 -19.929501 5.726470 4.674877 1.919036 -5.693744 -2.965727 -2.423741 -4.764818 -7.145432 -7.269259 10.869442 10.253441 2.079068 3.737648 12.101008 -5.892145 10.846317 -10.975118 14.866615 -24.613724 -2.496034
-9.315351 -16.698063 -6.371843 1.607845 10.601931 8.930312 15.605458 18.566370 22.846624 -19.521753 5.426209 4.524365 1.944178 -5.148211 -2.798019 -2.812564 -5.482785 -6.948225 -7.087859 10.885551 10.006877 1.576927 2.713239 12.183648 -4.778086 10.608412 -9.183055 15.678988 -25.548376 -3.309349
-9.752080 -18.464769 -7.686491 -0.039139 9.594481 12.607910 16.210197 17.622356 19.157122 -19.277620 6.722567 3.789384 1.475440 -4.777947 -2.062994 -2.807349 -4.892390 -6.508768 -5.857099 10.678423 10.289884 -0.031752 2.148153 12.983650 -5.057858 8.278204 -10.245519 14.433585 -26.054462 -5.491619
-10.905408 -21.467024 -8.709911 -3.326184 7.444020 15.215142 15.513858 17.868820 14.586185 -18.816792 7.437606 2.709651 1.247983 -4.736439 -0.946662 -3.000028 -4.216897 -6.673408 -4.154593 10.983038 9.823503 -3.480229 2.361979 15.196106 -5.656011 5.663716 -11.764524 13.268984 -25.090584 -7.412073
-11.296721 -23.054377 -10.818561 -6.757827 4.684768 16.865702 15.193913 17.765448 9.016538 -16.801924 7.743355 1.407665 1.465878 -4.592459 0.000454 -4.039222 -3.850776 -7.447424 -1.840325 11.323839 9.397435 -6.605968 3.343045 16.353306 -5.391797 4.777044 -12.008618 10.897298 -22.933729 -10.461095
-12.835848 -23.130939 -16.133343 -7.796432 -0.716511 16.744438 13.863356 16.081480 2.383353 -10.805170 7.850343 0.115553 1.434321 -4.661951 1.811416 -4.218660 -3.780065 -7.355218 0.368158 10.768763 9.789448 -8.159172 5.186165 18.979462 -5.537037 4.733396 -12.585488 8.444144 -21.232258 -15.718055
-13.149449 -22.520622 -22.219809 -7.105519 -5.193006 15.525462 12.115751 15.199014 -2.212600 -5.175050 7.604813 -1.140986 2.352307 -4.540005 3.500619 -5.038833 -4.410834 -7.255410 2.522490 9.937895 9.903419 -8.979553 7.591194 19.987076 -5.517197 5.554919 -10.892834 6.638944 -19.932245 -19.097046
-12.375567 -19.575762 -29.071564 -5.045233 -9.748711 13.728908 8.598553 14.737624 -7.301732 1.576121 6.923090 -4.016133 4.288311 -4.534359 6.562086 -5.214847 -5.251970 -6.431026 4.298930 8.274472 9.325302 -8.875676 11.725702 21.597923 -4.976051 7.474003 -7.427412 3.710642 -18.097359 -20.515219
-13.007627 -18.191347 -31.063524 -5.265924 -9.588337 12.791194 9.697561 13.580434 -8.886036 3.358438 6.982604 -4.245119 4.141485 -4.472721 7.490226 -5.136446 -5.964639 -5.863190 4.961546 8.124297 8.627153 -10.349564 12.718932 20.947296 -4.910131 7.289420 -5.173592 2.457122 -17.542088 -21.397938
-11.531529 -16.031992 -32.888721 -4.639732 -9.442983 11.131009 7.538010 13.784956 -10.112821 4.881653 7.131398 -5.134679 4.644795 -4.568233 8.821908 -4.754301 -6.237810 -5.277572 5.465756 7.239383 8.693774 -10.144269 13.968114 21.760918 -5.014900 7.668790 -3.622638 2.036687 -16.914139 -20.995480
-10.399551 -14.535413 -33.784771 -4.172184 -9.908859 10.344666 5.278305 14.013539 -10.758107 5.623833 7.020000 -6.200335 5.206470 -4.561528 9.234516 -4.846998 -6.265526 -5.423540 5.729070 6.343977 9.012131 -9.847195 14.957055 22.603876 -4.551914 8.245869 -2.462120 1.756610 -16.426752 -20.597878
-9.931342 -13.755267 -34.211391 -3.557296 -9.879631 9.926329 4.588123 13.852821 -10.804452 6.028583 6.952621 -6.560084 5.631878 -4.348904 9.487949 -4.782486 -6.219443 -5.274109 5.594110 5.803676 9.529847 -9.686857 15.210477 23.174831 -4.378894 8.499763 -1.810456 1.802797 -16.033989 -20.146000
-9.812605 -13.702976 -34.270195 -3.534846 -9.914663 9.852244 4.406045 13.870409 -10.994298 5.990004 6.904787 -6.578396 5.595693 -4.350065 9.553486 -4.773067 -6.181871 -5.226359 5.539563 5.790255 9.689706 -9.667645 15.303381 23.298576 -4.476062 8.536600 -1.685091 1.803007 -15.910814 -20.264669
-11.371999 -13.930715 -33.703175 -4.740421 -8.779390 9.423245 7.292459 11.961989 -10.632663 6.123630 7.021558 -5.135416 4.410073 -4.234037 9.339548 -4.882946 -6.425378 -4.692542 5.882860 6.537006 6.842600 -10.665804 13.794965 21.385519 -4.302233 8.038453 -1.673744 2.055815 -16.975939 -20.147583
-13.915921 -16.784967 -31.091042 -6.329866 -7.104596 10.673175 11.406775 10.489069 -9.008709 4.593611 7.091244 -2.895385 2.254764 -3.943833 7.879059 -4.973902 -6.594421 -4.461661 5.665505 8.131734 5.420441 -11.939471 11.035440 19.396624 -4.300533 6.877594 -2.478552 2.600257 -18.179480 -21.210629
-15.270946 -18.010208 -28.120434 -8.615118 -4.230663 10.942208 14.449950 9.492045 -7.718455 1.764961 7.021670 -1.417304 0.395046 -3.648352 6.449476 -5.403544 -6.197718 -4.460122 5.294853 8.896514 4.748730 -13.133081 8.939073 17.977293 -4.522114 5.422163 -2.993475 4.469133 -19.020603 -21.197878
-15.782922 -17.454187 -27.785978 -8.201426 -3.143012 11.871068 15.040195 7.958727 -7.542249 2.206143 6.972178 -0.810979 -0.062342 -3.567693 6.309333 -5.494289 -6.160647 -4.213589 5.475637 8.662575 3.950949 -13.300016 8.372184 17.536943 -4.356944 5.427751 -1.811469 5.176463 -19.829561 -21.298243
-16.505417 -18.568529 -23.942007 -10.172462 0.891181 10.706852 18.823059 8.077361 -5.157954 -1.438840 7.117787 1.067412 -1.662012 -3.265456 5.236985 -5.504703 -5.902842 -3.803445 4.726740 9.755217 3.415560 -14.908535 5.480174 15.982036 -3.706709 4.732140 -2.024097 6.982706 -20.913372 -20.357704
-18.227482 -17.751005 -20.068214 -12.166652 5.286549 10.925410 21.290371 6.965003 -2.639591 -3.902267 6.903246 2.306234 -2.865634 -3.266250 4.585345 -5.061905 -5.774588 -3.242485 3.811046 10.764334 2.352947 -17.105055 3.789382 14.183747 -3.258736 3.343253 -1.235912 8.701024 -21.970331 -18.513470
-19.593403 -16.586945 -17.150446 -13.824928 7.748961 10.519662 23.145538 5.996864 -1.157214 -5.018428 6.832752 3.029140 -3.347115 -2.789014 4.027149 -5.184270 -5.234640 -1.974363 2.913779 10.975213 1.842697 -18.629326 2.541196 13.061858 -2.645249 2.655796 -0.910977 8.981948 -21.756262 -16.509312
-20.752106 -14.849833 -15.156665 -15.267879 9.657110 9.841765 24.525393 5.631811 -0.959236 -4.887883 6.779534 3.443702 -3.903056 -2.624207 4.048919 -4.709641 -4.785905 -0.792097 2.343182 11.473609 1.658304 -20.022882 1.388025 12.756315 -2.082743 2.827470 -0.201297 8.708013 -20.684599 -14.994527
-21.800989 -12.906153 -13.757470 -16.940660 9.455996 10.110203 24.346085 6.250237 -1.960406 -4.269503 6.856829 3.653946 -3.689081 -2.621440 4.480501 -3.962658 -4.027699 0.393984 2.026424 11.562023 1.850507 -21.017645 0.128175 13.268271 -2.377064 2.657822 -0.796611 7.185396 -19.112514 -14.017261
-21.609077 -12.043745 -9.872296 -17.399118 10.671684 10.367845 25.048944 8.044376 -0.242890 -5.865578 6.751786 3.719215 -3.072995 -2.547264 4.737232 -3.359670 -3.789666 1.584191 1.213129 12.443840 1.914342 -20.999783 -1.025914 13.799520 -1.858612 2.884747 -2.018639 6.762156 -18.982294 -11.826367
-21.259024 -10.276968 -8.130869 -17.952976 9.582731 11.776268 23.916782 8.942376 -0.727748 -5.790464 6.524852 3.456657 -2.133481 -2.714587 5.104167 -2.744010 -3.016995 1.969237 0.682686 12.827907 1.969133 -20.802298 -1.468871 15.264634 -1.986619 3.531710 -2.498353 5.562653 -17.653231 -10.651372
-21.595572 -9.303229 -7.758015 -18.646818 6.784877 12.770535 23.171242 10.031110 -2.539345 -4.766628 6.737340 2.908444 -1.732714 -3.016572 5.441417 -2.128701 -2.546184 2.078928 0.524023 12.722873 2.729500 -21.377806 -1.703680 16.184162 -2.044450 2.933701 -2.868773 4.866628 -16.876726 -8.927659
-20.914631 -9.089616 -7.235544 -18.587139 5.014398 13.473746 21.982239 11.420980 -2.741172 -4.526833 6.576417 2.483033 -1.126573 -3.158693 5.467120 -2.363235 -2.142371 2.010044 0.568816 12.397758 4.796111 -20.971979 -2.021105 17.348982 -2.258802 2.245555 -2.781960 4.567815 -15.884216 -7.567953
-18.733137 -7.454360 -2.544712 -16.741358 5.798744 13.643481 22.605371 13.788218 -1.190942 -7.465184 5.184993 2.041782 -0.514240 -3.233068 5.242082 -2.709700 -1.519878 2.169422 -0.752101 12.497740 8.123967 -20.169510 -2.577641 17.583782 -1.864423 2.362209 -3.833799 5.545507 -15.573038 -5.203241
-19.444607 -9.262962 -4.658068 -15.866716 1.247642 16.331724 21.916811 15.338364 -2.284695 -6.684956 5.308666 0.937485 0.996832 -3.518406 6.092445 -2.359824 -1.030516 1.532606 -0.613408 12.719078 10.435485 -19.887007 -2.525266 19.600290 -1.948549 1.565580 -4.860191 4.690772 -15.215220 -5.538565
-21.310692 -9.938555 -8.301494 -12.602983 -4.545300 20.131201 19.640850 14.921438 -5.196322 -1.908269 5.858742 1.158471 0.837650 -3.740325 6.206373 -1.971537 -0.179460 0.780431 0.729583 10.595284 11.090108 -19.501528 -1.487686 20.841507 -2.508155 1.801310 -4.934199 3.359764 -13.657156 -6.602182
-20.850876 -11.370667 -12.655940 -12.354933 -9.219343 20.456354 15.990956 16.094437 -6.300765 -0.386712 6.020089 0.166513 1.892575 -4.038902 6.827733 -2.252086 0.019828 -0.264533 1.813900 10.529444 12.127305 -18.392199 -0.099243 23.269081 -3.413634 1.505212 -5.670107 1.662120 -11.898251 -8.312957
-19.430233 -11.251150 -16.692965 -11.709175 -11.759656 19.274004 13.584378 16.075140 -7.518715 1.615360 5.695597 -1.257962 3.000036 -4.173704 7.546106 -2.913997 -0.467042 -0.818056 2.376196 10.072751 12.447103 -17.458506 1.598909 25.417576 -3.023764 1.861427 -4.991234 0.272025 -11.376612 -9.618518
-19.136482 -10.555790 -20.098677 -11.040634 -13.416866 17.772470 10.226525 15.622643 -8.640090 4.297366 5.782450 -1.943411 3.962531 -4.283870 8.194171 -2.823619 -1.262634 -0.809356 3.179721 9.257494 11.775794 -16.738337 2.786578 25.928783 -2.856778 2.266205 -3.749075 -0.142595 -11.693909 -9.998696
-18.288475 -9.437401 -21.654932 -10.432034 -13.533403 16.312878 8.223248 15.493892 -8.982040 5.114715 5.451744 -2.576324 4.463655 -4.302369 8.995779 -2.935250 -1.557051 -0.996080 3.530266 8.883963 11.274438 -16.406208 3.276146 26.323910 -2.787153 2.929841 -2.745795 -0.793503 -11.312999 -10.109776
-23.685211 -4.445944 -15.485839 -16.138548 -14.693990 10.337554 16.816671 13.682142 -13.976407 6.750127 1.302171 0.734980 1.143548 -4.999569 11.258071 -3.501476 -2.016299 0.763535 3.070001 10.934660 12.146659 -21.254610 4.101281 19.871803 -0.719721 7.850820 -0.377643 -1.039871 -7.877830 -11.887761
-24.350080 -3.367040 -16.931623 -15.907057 -15.689163 9.108409 15.819532 12.475389 -15.843601 7.684899 0.018321 -0.382462 -0.218267 -3.404388 12.549461 -5.440006 -0.385338 1.451770 2.541620 9.534863 11.031174 -22.256033 4.207625 18.872353 0.492875 8.498371 1.348563 -1.547817 -8.008121 -12.055863
-22.864563 -2.652673 -18.968111 -15.402679 -15.752964 9.332441 14.706691 12.697398 -15.400769 10.577207 1.212916 -1.656065 0.731152 -2.834939 12.698834 -5.363194 -0.160215 2.164343 3.251619 8.880196 9.953629 -22.678392 4.864426 19.403912 0.920159 8.450632 3.000254 -2.078046 -7.563337 -11.192030
-22.092850 -2.178882 -19.745726 -15.200975 -15.692455 9.327428 13.555768 12.779140 -15.448337 10.893541 1.328438 -2.185639 1.058035 -2.702407 13.178999 -5.229731 -0.245688 2.168173 3.295783 8.682302 9.543142 -22.896414 5.001108 19.419088 1.195863 8.549582 3.645627 -2.499707 -7.501521 -11.080756
-22.090677 -2.175809 -20.282017 -14.596315 -15.492146 9.160622 13.223645 12.834782 -15.119202 11.302839 1.325314 -2.169791 0.898990 -2.732396 13.094913 -5.231296 -0.376715 2.021728 3.402739 8.422553 9.495213 -22.744276 5.496335 19.783600 1.111547 8.626240 3.887372 -2.590507 -7.481092 -10.922733
-22.136801 -2.189911 -20.714449 -14.207928 -15.365290 9.096867 12.836742 12.590265 -15.180548 11.482984 1.233797 -2.211749 1.007067 -2.699620 13.210905 -5.306563 -0.396271 2.041622 3.480823 8.262557 9.504546 -22.636118 5.621349 19.857937 1.210738 8.687605 3.975503 -2.691063 -7.556221 -10.892753
-21.988762 -2.062941 -20.940584 -13.950781 -15.206290 8.970351 12.713967 12.420236 -15.150163 11.478345 1.328668 -2.236736 1.014946 -2.679943 13.260242 -5.242185 -0.459698 2.087338 3.451058 8.107464 9.437504 -22.635702 5.781737 19.741583 1.265346 8.748281 4.076365 -2.781322 -7.552534 -10.789906
-21.882053 -1.784813 -21.037601 -14.007299 -15.086194 8.853055 12.173528 12.301636 -15.490773 11.776114 1.480187 -2.268384 0.963339 -2.545583 13.447561 -5.200674 -0.445942 2.044237 3.379300 8.013144 9.358965 -22.603176 5.961565 20.091053 1.464330 8.804595 4.291377 -2.871485 -7.629526 -10.548225
-21.919785 -2.048716 -20.994509 -13.973262 -15.229833 8.934319 12.635932 12.442046 -15.179828 11.437845 1.329435 -2.266444 1.014699 -2.626231 13.269131 -5.344107 -0.488124 2.063762 3.453090 8.081404 9.466546 -22.620039 5.820253 19.827564 1.358098 8.797190 4.117949 -2.878718 -7.589149 -10.908469
-22.105015 -2.178289 -20.306906 -14.542261 -15.592040 9.244149 13.191021 12.763356 -15.275519 11.219003 1.337030 -2.162426 0.834570 -2.786088 13.011500 -5.279386 -0.422445 1.985267 3.444484 8.534100 9.633847 -22.674883 5.458245 19.856882 1.149040 8.572811 3.660642 -2.530096 -7.546838 -10.942192
-22.098537 -2.138114 -20.820326 -14.119641 -15.264114 9.076570 12.918376 12.570723 -15.175682 11.625917 1.313592 -2.214453 0.837707 -2.749155 13.177132 -5.287462 -0.489096 1.985149 3.530372 8.175127 9.395300 -22.648832 5.703162 19.726198 1.302604 8.792776 4.063950 -2.770735 -7.596114 -10.801825
-22.410835 -2.368410 -19.220074 -15.415895 -15.738522 9.162092 14.180844 12.794515 -15.568609 10.611736 1.303276 -1.911480 0.681407 -2.811428 12.734875 -5.391306 -0.295590 2.027356 3.404173 8.692591 9.783468 -22.879183 5.039170 19.496086 0.979629 8.528650 3.267101 -2.223930 -7.458041 -11.134915
-22.101910 -2.212712 -19.486753 -15.203192 -15.448565 9.487594 13.766593 12.742079 -15.592912 10.795574 1.466840 -1.988470 0.825925 -2.720874 12.898500 -5.262669 -0.398913 2.077095 3.340739 8.562664 9.507312 -22.960279 5.227733 19.656639 1.066536 8.436453 3.484948 -2.399711 -7.507599 -11.028668
-22.071690 -2.111431 -20.076391 -14.727427 -15.522196 9.318563 13.355655 12.752033 -15.344368 11.049084 1.414959 -2.021608 0.678700 -2.732798 13.030119 -5.297319 -0.489598 2.022205 3.398788 8.447206 9.629401 -22.791830 5.412261 19.790363 1.191403 8.585774 3.668383 -2.542493 -7.486046 -10.887558
-22.158844 -2.179367 -20.754065 -14.205894 -15.391155 9.130282 12.850519 12.543525 -15.170465 11.474417 1.357657 -2.174924 0.821294 -2.684893 13.220854 -5.334230 -0.506644 2.066660 3.463123 8.207047 9.335062 -22.687582 5.674062 19.741745 1.256145 8.793696 3.986674 -2.764118 -7.632192 -10.841880
-22.296062 -2.263313 -20.507347 -14.311050 -15.461315 9.226116 12.979466 12.542530 -15.298994 11.331778 1.242535 -2.168787 0.964106 -2.670526 13.404053 -5.296033 -0.439684 2.194319 3.321780 8.357048 9.414591 -22.681284 5.463146 19.744284 1.258552 8.692738 4.080197 -2.788601 -7.659958 -10.797643
-22.298262 -2.309157 -20.085817 -14.316351 -15.560332 9.259173 13.209764 12.571473 -15.435163 10.667207 1.210173 -2.062723 0.898732 -2.575027 13.469779 -5.205417 -0.384785 2.135254 3.058039 8.533067 9.460454 -22.687506 5.246494 19.561508 1.426755 8.670282 3.599150 -2.844616 -7.796844 -10.658781
-22.594872 -2.499287 -19.254469 -15.009300 -15.649050 9.305522 13.839966 12.407954 -15.852454 10.040827 1.141852 -1.800015 0.842246 -2.579775 13.341213 -5.269866 -0.212189 2.308934 2.893965 8.758160 9.571206 -23.169741 4.915317 19.075874 1.660650 8.709345 3.318408 -2.765788 -7.766791 -10.462667
-21.809772 -1.760443 -21.359385 -13.887344 -14.974339 8.821047 11.917065 12.374633 -15.543689 11.683014 1.115446 -1.839563 1.015407 -2.360566 14.072909 -4.702812 -0.379895 2.156179 2.673903 8.070709 9.437406 -22.795017 5.923966 19.659788 1.906953 8.875328 4.386905 -3.299653 -7.881036 -10.185839
-22.188021 -2.220449 -20.060678 -14.497869 -15.382620 9.356484 13.134177 12.680036 -15.193341 10.742105 0.692571 -1.502110 0.798822 -2.579896 13.687008 -5.049782 -0.656845 1.795440 2.597376 8.406384 9.719401 -22.808352 5.358957 19.108143 1.767701 8.995411 3.444287 -3.190995 -7.863133 -10.853495
-22.233686 -2.388038 -19.875494 -14.531554 -15.423219 9.876843 13.422226 12.575845 -15.311906 10.821218 0.282556 -1.187468 0.883764 -2.891981 13.465908 -5.067776 -0.898618 1.314740 2.633269 8.821909 10.222930 -22.469286 5.323750 19.099895 1.756586 9.087111 2.855587 -3.164348 -8.098304 -11.133842
-22.408775 -2.448147 -20.664824 -13.887523 -15.345296 9.426839 12.720653 12.346982 -15.216224 10.991562 -0.276343 -0.918029 0.926761 -3.295502 13.725293 -4.639771 -0.785944 1.193280 2.631769 9.552524 10.185433 -21.988714 5.731586 19.284615 1.633461 9.218416 3.422327 -2.958978 -8.226681 -11.256783
-23.134495 -2.806820 -19.175859 -14.792992 -15.844654 9.273217 14.060076 12.301255 -15.804856 9.752094 -0.111537 -0.539919 0.987655 -3.550462 13.302647 -4.324003 -0.543316 1.683721 2.613228 9.886996 10.691274 -21.945738 5.378339 18.976284 1.466186 8.997333 2.777831 -2.610775 -7.972444 -11.491849
