-9.168876 23.424265 -21.194677 14.679873 -8.047970 1.015974 6.545375 7.773728 13.951529 4.798905 -4.389907 1.324274 -1.284470 -9.767698 5.326566 -2.082649 -5.401761 3.233334 -9.646982 -2.820550 -0.217634 8.262342 13.385983 -0.557847 -27.752090 7.385781 2.042726 -18.849054 1.701847 17.178566
-9.181055 23.439850 -21.242346 14.769876 -8.016668 1.019125 6.591905 7.713308 13.903975 4.775247 -4.404020 1.320524 -1.301193 -9.771322 5.296610 -2.087524 -5.435096 3.215812 -9.699950 -2.770815 -0.170413 8.329160 13.380969 -0.646501 -27.820021 7.323892 1.994160 -18.873045 1.690294 17.117304
-14.223333 10.376092 -13.554355 18.443575 -2.700444 -3.001447 18.419926 15.091078 10.109750 4.724533 -5.977456 2.487485 -4.086473 -12.318180 0.034273 -3.502116 -3.106084 -2.714995 -8.142274 3.945729 1.969217 4.165339 10.273231 -5.961984 -31.638020 9.770248 -12.890578 -9.814990 2.365391 1.901189
-12.039399 12.280207 -15.974755 19.475470 -2.995766 -5.693129 16.341042 14.411752 9.881824 5.357330 -5.795566 1.930721 -3.729453 -12.558498 0.326366 -3.803983 -4.075636 -1.977645 -7.355249 3.513061 2.807901 6.283249 12.413978 -6.924664 -31.645758 10.713508 -9.940540 -9.582451 2.400487 2.292748
-11.716590 12.757372 -15.624225 21.003393 -2.469663 -6.444676 15.721257 13.818871 11.182928 5.908934 -5.469807 1.678342 -3.518543 -12.910965 0.360537 -3.638163 -4.331808 -1.204066 -6.665394 3.163200 2.526886 6.853946 12.793153 -8.686099 -30.992857 11.960075 -7.902411 -8.539393 2.103651 4.034143
-11.044675 13.777111 -15.142531 21.379591 -2.989936 -7.016523 14.375165 13.592418 11.723943 6.717064 -5.225089 1.260035 -3.302610 -13.237949 0.213241 -3.569462 -4.195633 -0.686081 -6.108041 3.135403 2.836734 6.448189 12.841855 -9.329639 -30.800089 12.337910 -6.253762 -7.835196 2.727740 5.618605
-10.641589 13.892862 -14.918220 21.575794 -3.466225 -7.444791 13.797005 13.859370 12.049244 7.194242 -5.196195 0.849533 -3.346326 -13.378216 0.105014 -3.719831 -3.875867 -0.261935 -5.782012 3.053201 3.571267 5.834347 12.763904 -9.443503 -30.476751 12.294264 -5.259704 -7.702916 3.653381 6.582794
-10.435248 15.078152 -14.013804 20.187960 -5.044785 -8.048305 12.794948 14.391935 11.449285 8.010701 -5.344509 -0.170012 -3.171598 -13.288528 0.311022 -4.098939 -3.019592 0.156456 -5.678245 3.005245 5.472531 4.453188 12.325943 -9.186773 -29.725132 11.579697 -4.292573 -7.649864 5.509512 8.550886
-10.027152 15.919995 -13.416552 18.207363 -6.621546 -8.820753 11.667624 15.620964 10.123030 8.357283 -5.693950 -1.550739 -2.824432 -13.265271 0.534194 -4.774783 -2.225719 0.555864 -5.571558 2.398509 6.944874 2.721516 12.244115 -8.750464 -29.414322 11.009573 -3.561242 -7.758319 7.149031 9.492579
-9.421569 15.939499 -12.747388 17.151525 -8.112768 -9.017155 10.734467 16.268499 9.454859 8.673180 -5.557970 -2.534057 -2.768424 -13.433827 0.410551 -5.114191 -1.863703 1.152813 -5.072014 1.848102 7.505566 1.147671 12.411572 -8.051632 -29.110498 10.388634 -2.125333 -7.509865 8.328359 11.419877
-8.844581 16.934040 -12.831980 15.516907 -9.577356 -9.878385 8.703081 16.803240 8.946081 9.207371 -5.255385 -3.400284 -2.036531 -13.675585 0.340989 -5.093956 -1.879243 1.603954 -4.544117 1.520803 7.827228 -0.351295 12.502592 -7.317347 -29.285839 9.871830 -0.132290 -7.262450 9.729485 13.344778
-7.868636 16.471346 -13.762036 15.823436 -10.887300 -10.819448 7.104943 17.037258 8.808972 8.480145 -4.889217 -3.711834 -1.325107 -14.034224 0.293304 -4.583474 -2.168250 2.284213 -4.010557 1.450062 8.557814 -0.710188 13.117957 -7.120243 -29.030306 10.052433 2.021122 -7.317500 10.835062 13.344653
-6.411981 15.855827 -15.565636 17.087778 -11.783777 -12.270623 5.767634 17.167654 8.625561 7.898374 -4.600531 -3.942523 0.028565 -14.449902 0.656180 -3.631877 -2.490362 3.185575 -3.516920 2.252827 10.117863 0.270339 13.956104 -8.646756 -27.132311 10.923870 4.990632 -7.372814 10.913773 13.764922
-5.047167 15.985373 -15.689742 17.465044 -12.760140 -12.510363 4.444127 17.933167 8.883439 8.171696 -4.282538 -4.444092 1.033997 -14.614342 1.197599 -3.020922 -2.344140 4.337759 -3.285497 2.820752 11.156996 1.425374 14.497632 -8.939207 -26.719093 11.079133 6.029201 -6.756168 10.439976 14.875524
-5.136236 16.122931 -15.591405 17.541693 -12.741414 -12.376513 4.489674 17.871447 9.031157 8.135046 -4.226812 -4.414186 0.978153 -14.623808 1.146797 -3.011681 -2.371555 4.349358 -3.225811 2.769934 11.267589 1.329749 14.503004 -9.116616 -26.509306 11.147531 6.231987 -6.742206 10.487207 15.224697
-4.907354 15.945117 -15.613197 17.536867 -12.856012 -12.526769 4.314220 18.028814 8.801566 8.231956 -4.326940 -4.499544 1.110906 -14.640816 1.166909 -3.054033 -2.345022 4.334282 -3.228781 2.815117 11.571549 1.313025 14.560763 -9.028146 -26.460184 11.207256 6.297179 -6.448386 10.505509 15.182372
-5.034922 15.968272 -15.643329 17.492352 -12.821239 -12.500931 4.436723 17.952868 8.942810 8.167717 -4.254467 -4.459511 1.056303 -14.631207 1.166658 -3.014094 -2.371729 4.360161 -3.241153 2.798780 11.289683 1.458731 14.523843 -9.011927 -26.611115 11.140708 6.099412 -6.675687 10.473004 15.008486
-4.968859 15.931864 -15.637682 17.604380 -12.771626 -12.627458 4.308917 17.979574 8.830317 8.207430 -4.259903 -4.531625 1.089706 -14.666162 1.114826 -3.058734 -2.367367 4.366177 -3.165643 2.795665 11.684030 1.226444 14.624611 -9.117953 -26.414026 11.221642 6.430696 -6.344214 10.541811 15.322369
-5.027836 15.976291 -15.588369 17.480497 -12.764026 -12.501798 4.412984 17.931921 8.817163 8.210911 -4.316128 -4.473050 1.091959 -14.645434 1.155306 -3.018312 -2.324412 4.331830 -3.247915 2.828397 11.485627 1.344010 14.571647 -8.960070 -26.567913 11.122488 6.217922 -6.639952 10.545149 15.054328
-5.056362 16.113266 -15.697051 17.551996 -12.767579 -12.471889 4.569230 17.867161 9.001032 8.106104 -4.282860 -4.430102 1.014451 -14.623438 1.187820 -3.027556 -2.352546 4.341733 -3.266580 2.799652 11.244338 1.297354 14.674807 -9.043302 -26.627449 11.107290 6.133306 -6.713014 10.537939 15.116606
-4.951108 15.925408 -15.574554 17.559694 -12.841112 -12.582147 4.414266 18.069082 8.797702 8.213315 -4.284603 -4.517679 1.119470 -14.663100 1.132371 -3.058862 -2.344735 4.365391 -3.177326 2.808897 11.591166 1.221990 14.674670 -9.102973 -26.455587 11.176144 6.278036 -6.455709 10.527142 15.257404
-5.052240 16.038031 -15.689628 17.566999 -12.774384 -12.493239 4.593177 17.903404 8.991776 8.170485 -4.274970 -4.427426 1.043745 -14.652525 1.155380 -3.013149 -2.373266 4.346478 -3.226590 2.828349 11.227832 1.373015 14.654664 -8.992141 -26.669348 11.107422 6.097556 -6.645557 10.489904 15.090797
-5.021833 16.859207 -14.419452 16.885540 -14.234818 -9.751812 1.666147 17.444593 10.704078 7.589474 -3.706798 -4.285048 1.057641 -14.075369 1.460890 -2.227983 -1.702823 5.311176 -4.091511 2.713228 11.670154 1.164028 13.932249 -7.535765 -26.068703 9.403101 5.714465 -6.756230 9.709843 18.602524
-13.650817 17.066170 -1.693953 12.107721 -13.878710 5.045827 -1.555896 15.460955 15.613782 6.697748 0.965760 -1.052522 -2.164921 -12.257429 -1.457323 0.104525 2.672853 5.253034 -6.926494 2.732442 7.261316 -3.274344 4.948945 -5.158845 -23.614496 2.683952 -4.394811 -6.649752 2.384507 30.028000
-18.679079 18.400749 2.148431 10.686653 -11.887188 7.323404 0.216552 13.113549 15.643746 5.893414 1.377867 -1.329681 -3.664101 -11.237461 0.013330 0.995414 3.838143 7.185964 -8.229386 2.735138 7.235716 -4.643368 3.083495 -4.698348 -22.856997 2.168129 -8.492461 -7.300824 2.095816 30.712994
-19.006451 15.424268 3.194124 11.273533 -12.280721 8.768425 0.979725 14.550594 15.630981 4.317562 2.192580 -1.087310 -2.166129 -10.044664 0.854059 2.063705 4.601319 7.830089 -9.601298 2.731662 10.982869 -3.023204 2.492287 -2.487525 -22.862818 1.854350 -12.301501 -7.645988 3.957325 29.767944
-19.024418 15.538284 3.244604 11.412615 -12.294748 8.946074 1.138475 14.555327 15.488437 4.068662 2.332151 -0.984069 -2.300018 -9.999642 0.741515 2.161966 4.679076 7.739599 -9.694625 2.717163 11.201859 -3.003173 2.471321 -2.360854 -22.884010 1.828512 -12.717600 -7.727851 4.165462 29.656101
-19.026350 15.288151 3.569319 11.452087 -12.332224 9.256088 1.262011 14.821015 15.459290 4.040929 2.356669 -0.964417 -2.205153 -9.980818 0.776906 2.228887 4.733458 7.756646 -9.773104 2.750871 11.454934 -2.878708 2.400901 -1.992039 -22.950623 1.755980 -13.093408 -7.859396 4.337966 29.736158
-19.099895 15.148623 3.458545 11.623180 -12.235664 9.110763 1.403684 14.603823 15.414783 3.805948 2.358914 -0.892870 -2.201020 -9.966558 0.748614 2.180859 4.714885 7.733125 -9.739757 2.834041 11.037368 -2.862667 2.489403 -2.279218 -22.993231 1.867477 -12.770273 -7.627162 4.104270 29.592113
-19.078535 15.321443 3.332022 11.489205 -12.398981 8.994921 1.153970 14.615687 15.645758 4.071239 2.312970 -0.841099 -2.282484 -10.030687 0.596478 2.118839 4.671417 7.674711 -9.645633 2.802382 11.010644 -2.841888 2.573683 -2.291886 -23.074419 1.836467 -12.744865 -7.578545 4.132323 29.571863
-19.093369 15.281109 3.483933 11.518676 -12.145508 9.103576 1.405159 14.672742 15.416362 4.029068 2.363721 -0.735243 -2.300419 -9.977664 0.602454 2.099474 4.681928 7.686484 -9.695850 2.777350 11.064401 -2.781193 2.511758 -2.274982 -23.047941 1.931820 -12.785871 -7.460228 4.019945 29.582941
-19.078747 15.122026 3.447882 11.507738 -12.275972 9.143111 1.368879 14.746449 15.480422 3.937611 2.372063 -0.659345 -2.269307 -9.950076 0.575465 2.121741 4.737340 7.727481 -9.725542 2.761692 11.110597 -2.713455 2.519350 -2.250354 -23.033354 1.924261 -12.777636 -7.478422 4.040757 29.548100
-19.025002 15.225689 3.467169 11.529718 -12.385393 9.224179 1.322787 14.781067 15.553550 3.952161 2.367512 -0.686047 -2.249550 -9.972538 0.560105 2.149427 4.707636 7.680991 -9.737937 2.725160 11.371328 -2.732774 2.535640 -1.978478 -23.027788 1.773570 -13.011353 -7.755490 4.328805 29.663267
-18.982735 15.128757 3.403811 11.503334 -12.308851 9.167896 1.319629 14.722247 15.549132 3.971875 2.384965 -0.604890 -2.282208 -9.964296 0.544383 2.108420 4.700853 7.724364 -9.707397 2.756802 11.088954 -2.669328 2.535558 -2.189419 -23.044077 1.818092 -12.770381 -7.571009 4.002541 29.607395
-19.179321 15.229992 3.422684 11.552867 -12.315592 9.025829 1.363867 14.572122 15.342440 3.700452 2.356018 -0.622330 -2.241721 -9.950755 0.524864 2.028336 4.691852 7.717696 -9.663011 2.746198 11.233681 -2.808589 2.511555 -2.220398 -22.987556 1.901584 -12.878621 -7.561782 4.193272 29.563589
-19.145987 15.133481 3.436155 11.595741 -12.387178 8.983067 1.274624 14.614693 15.375915 3.653922 2.367569 -0.617575 -2.180530 -9.983631 0.523606 2.095598 4.699236 7.708376 -9.695624 2.801308 11.256096 -2.804876 2.511061 -2.216207 -22.938923 1.869847 -12.845483 -7.624237 4.238846 29.709318
-19.086567 15.359520 3.303511 11.483259 -12.373915 8.951580 1.111433 14.578082 15.592427 4.078673 2.294138 -0.651595 -2.291164 -10.001011 0.490763 2.031462 4.682494 7.724563 -9.619654 2.844585 10.964217 -2.811308 2.584312 -2.374052 -23.146328 1.912845 -12.734781 -7.456298 4.101090 29.528980
-19.034285 15.432994 3.355970 11.517844 -12.330107 9.049355 1.172423 14.606204 15.540134 4.046838 2.363163 -0.552156 -2.287512 -9.985023 0.460677 2.074263 4.679589 7.665997 -9.678918 2.795909 11.144735 -2.706732 2.609802 -2.227168 -23.061174 1.864662 -12.759242 -7.589607 4.109334 29.553724
-19.026699 15.518709 3.211507 11.443333 -12.296264 8.788970 1.090536 14.432517 15.642138 4.212475 2.270183 -0.636678 -2.318997 -10.021207 0.552402 2.055855 4.679479 7.843162 -9.615565 2.791447 10.996819 -2.957739 2.527812 -2.377053 -23.003847 1.858550 -12.638358 -7.505203 3.994722 29.784840
-19.268448 15.631779 3.219378 11.710703 -11.959321 8.726014 1.330367 14.071622 15.613611 4.142547 2.236453 -0.638027 -2.412902 -9.994177 0.480402 1.939703 4.671736 7.777053 -9.550798 2.767658 10.729344 -2.959301 2.411412 -2.686455 -23.002016 1.969872 -12.760034 -7.410105 3.688770 29.721973
