-10.490670 25.726463 -17.000444 17.915972 -6.724278 -6.585334 1.650653 2.233577 6.150213 -12.047243 -4.354288 1.293534 -1.290412 -9.784508 5.331469 -2.072760 -5.410169 3.214065 -9.605655 -2.845469 -2.952521 15.333281 -13.047515 15.059734 -15.010807 19.031725 9.787525 -13.425557 -0.068675 9.276431
-11.043861 25.657284 -17.170872 18.015593 -7.233613 -7.163463 2.283332 2.050443 6.735986 -12.330477 -4.383899 1.310152 -1.301110 -9.783275 5.297275 -2.096185 -5.436277 3.188467 -9.658499 -2.799896 -2.915883 15.471929 -13.469316 15.075649 -15.063694 19.041073 9.915128 -13.375522 -0.074834 9.130003
-18.187740 11.620174 -6.476256 27.718203 -0.110266 -10.489129 13.203040 7.909627 2.913367 -16.211462 -5.529217 3.185528 -4.120958 -12.458633 -0.451424 -2.195629 -2.262591 -2.831760 -8.760425 4.392917 -1.426762 12.840868 -18.153887 8.404233 -18.435595 22.780870 -6.136060 -0.670300 -0.942719 -2.158504
-18.203964 10.469610 -5.634053 28.992990 -0.793759 -11.942295 12.248987 7.110206 2.321597 -18.023001 -5.631238 3.822682 -3.313665 -12.759800 -0.770518 -1.586208 -2.346967 -3.430255 -9.353673 5.123283 -1.252032 14.913298 -18.268871 6.700873 -18.054844 23.093662 -5.466794 1.740490 -3.645420 -1.158144
-18.825737 9.947225 -5.062348 29.571875 0.161427 -10.168386 10.868596 6.773265 5.165541 -17.861891 -5.000547 4.314790 -3.369257 -12.335254 -1.532327 -1.604775 -2.040252 -4.423578 -10.127158 5.199588 -1.007592 17.143959 -18.981491 5.466907 -17.985098 23.727491 -5.444160 4.920257 -5.912027 0.211855
-19.975477 10.285336 -3.667737 30.802212 1.318863 -10.092763 9.145322 6.166483 6.755531 -16.837414 -4.497393 4.673373 -3.612392 -11.945150 -2.176913 -1.400319 -1.261854 -4.933610 -10.772202 5.137565 -1.337005 18.633249 -19.799099 4.416980 -17.885660 24.647369 -5.957011 7.626091 -6.883589 2.917715
-20.617115 10.430067 -3.155857 30.978542 1.816363 -9.738921 8.664424 5.741490 7.378959 -16.485746 -4.665605 4.827913 -3.760605 -11.901157 -2.242480 -1.285412 -0.849301 -5.147600 -11.052043 5.510786 -1.528495 18.487629 -20.294252 4.026407 -17.681936 24.798397 -6.329957 8.191503 -6.708953 3.874056
-20.592178 10.441469 -3.279206 31.104700 1.851320 -9.804208 8.423935 5.586175 7.525058 -16.431086 -4.686588 4.837158 -3.738652 -11.875454 -2.266273 -1.245047 -0.788427 -5.175929 -11.100488 5.541218 -1.463687 18.574471 -20.382765 3.878829 -17.622980 24.905767 -6.476019 8.474065 -6.736858 3.915715
-20.492159 10.445522 -3.324456 31.147875 1.840027 -9.924906 8.373225 5.605459 7.473357 -16.441486 -4.686271 4.845660 -3.754006 -11.862854 -2.275195 -1.248318 -0.757479 -5.199497 -11.131845 5.580613 -1.515347 18.657856 -20.372549 4.009128 -17.687984 24.811243 -6.476791 8.312469 -6.716671 3.989085
-20.542198 10.423395 -3.291473 31.154020 1.844986 -9.888588 8.360812 5.571578 7.492942 -16.481237 -4.688262 4.850530 -3.746488 -11.870497 -2.284453 -1.222011 -0.769178 -5.199258 -11.153741 5.580437 -1.443610 18.670498 -20.335878 3.997343 -17.678593 24.847958 -6.461533 8.351461 -6.680186 3.948644
-20.524166 10.426722 -3.303898 31.141483 1.824556 -9.906099 8.393968 5.592451 7.460496 -16.470640 -4.687839 4.855577 -3.754715 -11.870169 -2.273464 -1.229005 -0.773487 -5.194759 -11.128070 5.552703 -1.471074 18.641367 -20.336655 3.987804 -17.659706 24.848280 -6.424122 8.365860 -6.707644 3.949686
-20.521137 10.419418 -3.299386 31.154074 1.837094 -9.882723 8.420627 5.604654 7.456163 -16.468941 -4.688712 4.855127 -3.753985 -11.869434 -2.272938 -1.234836 -0.779358 -5.203850 -11.136725 5.548662 -1.448901 18.684423 -20.323282 3.969614 -17.691818 24.837051 -6.436255 8.352980 -6.721916 3.939358
-20.475883 10.448912 -3.315480 31.148678 1.784399 -9.890894 8.399899 5.629281 7.431974 -16.488077 -4.702777 4.853300 -3.752010 -11.870066 -2.260865 -1.236725 -0.785182 -5.201966 -11.130489 5.540866 -1.478765 18.660282 -20.331957 3.991343 -17.646763 24.861944 -6.412823 8.359893 -6.751196 3.963592
-20.516647 10.444851 -3.287983 31.156227 1.836854 -9.893432 8.400538 5.644737 7.464212 -16.474669 -4.698636 4.847215 -3.743356 -11.879259 -2.260850 -1.229098 -0.788716 -5.190633 -11.122579 5.537133 -1.479273 18.661509 -20.322506 3.975426 -17.638689 24.887722 -6.426658 8.362645 -6.732252 3.988533
-20.584549 10.422916 -3.257309 31.178858 1.875948 -9.768232 8.433957 5.657749 7.550379 -16.391150 -4.702925 4.850318 -3.733859 -11.877693 -2.262594 -1.221166 -0.777691 -5.190758 -11.143194 5.566678 -1.463893 18.650686 -20.339911 3.983479 -17.687048 24.877508 -6.458256 8.349402 -6.687888 4.024163
-20.506134 10.432433 -3.309511 31.162062 1.833197 -9.882869 8.421815 5.611523 7.457491 -16.489658 -4.693598 4.855467 -3.741735 -11.865055 -2.258663 -1.233900 -0.777395 -5.190807 -11.126454 5.548052 -1.480285 18.652975 -20.333607 3.990078 -17.658663 24.877848 -6.436400 8.348687 -6.704511 3.977334
-20.499012 10.434772 -3.305819 31.152945 1.811582 -9.887150 8.395156 5.616238 7.467437 -16.488424 -4.689825 4.851045 -3.746080 -11.880972 -2.265462 -1.230708 -0.782050 -5.181715 -11.111442 5.543135 -1.470483 18.687328 -20.326628 3.985355 -17.661583 24.893576 -6.443134 8.351541 -6.711449 3.973230
-20.484806 10.433496 -3.318069 31.158728 1.803358 -9.878692 8.392409 5.636149 7.464202 -16.487921 -4.686403 4.855663 -3.745944 -11.880033 -2.266216 -1.231961 -0.787650 -5.181108 -11.113892 5.544588 -1.493384 18.679094 -20.333805 4.000165 -17.652151 24.889315 -6.427962 8.335328 -6.726038 3.995324
-20.532112 10.419400 -3.295169 31.152357 1.827738 -9.850852 8.405553 5.601820 7.486029 -16.481092 -4.686700 4.848279 -3.741252 -11.873085 -2.268404 -1.233544 -0.776887 -5.183350 -11.120205 5.553717 -1.465433 18.675249 -20.357264 3.972436 -17.669878 24.847940 -6.479284 8.348207 -6.728106 3.953339
-20.534378 10.420961 -3.297812 31.164593 1.851209 -9.863338 8.403087 5.596927 7.496392 -16.486370 -4.693525 4.851704 -3.742277 -11.876158 -2.269819 -1.236837 -0.775094 -5.190842 -11.126470 5.550480 -1.462720 18.670979 -20.351725 3.964788 -17.672361 24.852560 -6.476271 8.345391 -6.730500 3.962975
-20.515461 10.435137 -3.310206 31.138069 1.814613 -9.890764 8.378913 5.606882 7.471950 -16.493361 -4.694590 4.854945 -3.749369 -11.878340 -2.274986 -1.238434 -0.782085 -5.197412 -11.122946 5.540851 -1.461076 18.685081 -20.332407 3.964561 -17.649710 24.881161 -6.460041 8.358047 -6.747443 3.956364
-20.547995 10.437440 -3.296918 31.153557 1.746471 -9.914522 8.432302 5.631577 7.535532 -16.507154 -4.698180 4.847221 -3.743782 -11.889875 -2.283112 -1.228375 -0.788980 -5.189476 -11.132581 5.556714 -1.337406 18.935778 -21.636652 4.132588 -17.782202 24.755484 -5.945421 8.458136 -6.617250 3.687225
-21.201544 -5.385541 -4.641919 23.249393 -5.679017 1.907240 5.125076 9.071095 10.266496 -27.152418 -1.669134 6.328202 0.222611 -8.410402 -0.537118 -0.953538 -2.428391 -8.751851 -11.120102 9.860422 10.776405 17.427187 -21.097654 8.799235 -12.558882 16.169333 -3.122965 19.842878 -19.748783 1.409572
-17.248947 -11.330523 -5.983634 17.288019 -2.545039 11.874349 7.926216 14.496936 12.356729 -22.676756 4.472642 4.594354 1.692920 -7.959752 -2.710920 -0.953917 -3.732458 -6.637291 -7.953825 10.010624 13.479901 12.579858 -16.511797 12.234397 -10.614467 12.533018 -6.923177 17.355936 -22.481867 -4.244392
-17.061028 -13.843767 -7.971226 14.749261 -2.151699 12.024018 8.132977 14.459964 12.793660 -22.971369 4.807238 4.232050 1.546315 -7.167155 -2.749985 -1.879537 -4.028757 -6.653553 -7.466142 10.499606 13.162539 10.307884 -15.382119 12.061736 -9.946379 10.478192 -6.991491 16.198816 -23.335382 -6.008348
-17.626196 -14.558748 -8.997790 12.797630 -0.044870 10.397260 8.001115 12.717697 12.823206 -23.105164 5.224399 4.074655 1.957537 -6.454180 -2.676017 -2.124527 -4.480668 -7.047833 -7.475566 10.495016 12.026008 8.880176 -14.657022 12.474084 -8.006576 10.544544 -5.021366 16.329550 -24.094072 -7.281403
-17.992592 -15.572251 -10.165696 12.167006 1.948773 9.346321 9.012395 11.163379 12.380710 -23.132250 5.590574 4.550104 1.957204 -5.628668 -3.025188 -2.546546 -5.005470 -7.065657 -7.235974 10.731479 11.933333 7.788175 -14.358132 12.829898 -7.017315 10.041854 -4.075944 16.468256 -24.725363 -8.439929
-17.916634 -17.091278 -11.448470 11.390310 3.538378 9.512388 10.881999 10.276792 12.468720 -22.750248 5.918389 4.455277 1.592782 -5.063251 -2.542621 -2.673982 -5.328339 -6.745753 -6.830533 10.662575 11.786999 5.275370 -13.551471 12.621552 -6.156882 9.095898 -3.165436 17.382181 -25.698301 -8.383135
-17.682430 -18.610699 -12.060662 8.408898 3.921622 12.418342 12.507453 11.307656 10.567160 -20.948139 7.082249 3.618685 1.542650 -4.914322 -1.629073 -2.486038 -4.524432 -6.449268 -5.347884 10.697018 11.901317 2.666889 -11.400102 13.868098 -6.703625 6.038111 -6.232380 15.048992 -25.846668 -10.839665
-17.145439 -20.194742 -12.755478 5.602521 4.497734 13.826786 13.345932 12.364028 7.192059 -18.931133 7.502262 2.621140 1.195126 -4.834522 -0.633317 -3.014412 -4.193208 -6.488736 -3.663836 11.080302 10.933202 -1.208728 -7.190613 15.603065 -6.370232 4.992896 -8.682619 13.571406 -25.109964 -12.519029
-15.713263 -20.827122 -15.648721 2.292146 3.846254 13.350671 13.691157 13.473506 2.452251 -15.849062 7.935708 0.896767 1.422798 -4.737095 0.650406 -3.941311 -3.586797 -7.551444 -0.993617 11.115665 10.551541 -4.059329 -4.481505 18.163784 -6.317652 3.930227 -10.079980 10.057651 -22.503263 -16.682753
-13.990977 -19.888962 -19.369911 0.014886 2.681621 10.517238 12.530892 14.005177 -1.770155 -12.825706 7.690680 -0.434710 1.998138 -4.683794 2.701227 -4.413959 -3.845516 -7.541816 1.419506 10.370196 10.564235 -5.624532 -1.614435 20.060993 -6.373603 4.562327 -9.965940 7.729979 -20.503120 -20.224682
-12.651816 -18.621326 -22.979115 -0.735026 0.321645 8.496415 11.463408 14.319075 -4.959827 -9.924898 7.443232 -2.497846 2.976920 -4.670442 4.374583 -5.078230 -4.602608 -7.102026 3.088639 9.382479 10.671071 -6.133666 1.780535 21.114140 -6.501644 5.737949 -8.180561 5.104394 -18.922697 -23.451225
-8.816798 -14.898832 -27.822664 -2.799226 -2.731797 5.459258 6.401381 15.085100 -9.179399 -7.008860 7.029033 -5.141641 4.991088 -4.774234 7.773847 -4.810045 -5.498368 -6.240723 4.861122 7.251116 10.728273 -6.556065 7.946021 22.938446 -5.453811 7.735829 -4.025976 2.214402 -17.103880 -23.950588
-7.468691 -12.117208 -29.938154 -3.644272 -3.572665 4.039296 4.970551 14.659931 -11.073954 -5.380915 6.906956 -6.591058 5.789889 -4.478269 9.228533 -4.871177 -6.039511 -5.666881 5.430829 6.090463 10.208736 -7.074419 10.611002 23.293531 -5.673243 8.510688 -1.433703 0.748884 -15.548609 -24.520374
-5.956235 -10.321059 -30.621252 -4.017360 -4.290586 3.765318 2.739621 14.701095 -11.314634 -4.730103 7.053197 -7.328355 6.265626 -4.156643 10.158899 -4.648718 -5.891209 -5.446736 5.489348 5.240524 10.525622 -6.761647 12.165805 23.828480 -5.981085 9.030307 -0.061684 0.271087 -14.193459 -23.921104
-5.042582 -9.399605 -30.757002 -4.638840 -4.666906 3.877831 2.290062 15.150947 -11.584177 -4.377060 6.827879 -7.503518 6.777958 -3.890751 10.503955 -4.697839 -5.641037 -5.392130 5.468118 4.580382 10.398595 -6.862954 12.885274 24.287474 -5.661363 9.464420 0.481659 -0.152283 -13.682425 -23.624899
-4.222092 -8.662453 -31.104826 -5.038334 -4.557199 4.135470 0.533020 15.577689 -12.128009 -3.954162 6.875992 -7.915766 6.957927 -3.834031 10.928432 -4.524634 -5.560486 -5.479465 5.374152 4.327415 10.538533 -6.611887 13.499689 24.330252 -5.396611 9.808598 0.792168 -0.393526 -13.594683 -23.142336
-3.652925 -7.931742 -30.312960 -5.787121 -4.307009 4.508345 -0.475911 16.138605 -11.800027 -3.843661 6.784537 -7.861930 7.161133 -3.687173 11.082932 -4.418698 -5.327340 -5.247117 5.231350 3.664634 10.572759 -6.260396 14.025641 24.127766 -5.632620 10.051318 0.885378 -0.498982 -13.290227 -22.696135
-5.152921 -9.808201 -30.824442 -4.355372 -4.711387 3.905785 2.337754 15.230444 -11.653977 -4.477789 6.858987 -7.549161 6.648151 -3.949477 10.453068 -4.698318 -5.696640 -5.332988 5.457464 4.728399 10.467201 -7.014268 12.779966 24.321152 -5.752059 9.374624 0.345441 -0.032947 -13.596247 -23.705143
-5.862823 -10.094733 -30.654146 -4.169631 -4.372796 3.701637 2.863108 14.805516 -11.336238 -4.435790 6.926174 -7.343171 6.255263 -4.147456 10.250269 -4.722880 -5.836523 -5.317578 5.577976 5.146363 10.446957 -6.897588 12.364554 23.888372 -5.811673 9.167315 0.256192 0.095044 -13.921108 -24.000404
-4.976090 -9.556493 -30.803720 -4.474188 -4.527632 3.994349 2.407267 15.166152 -11.623344 -4.371117 6.830782 -7.492496 6.784444 -3.904555 10.509960 -4.633902 -5.633055 -5.381536 5.455061 4.611521 10.444739 -6.945012 12.898602 24.348505 -5.657890 9.406374 0.451637 0.010613 -13.659809 -23.608744
-10.439015 -12.651080 -29.022863 -3.918425 -0.948380 3.440374 8.977214 11.629079 -10.552032 -5.434410 7.235651 -4.183525 3.753316 -4.289443 8.739920 -4.705575 -6.308815 -4.721147 5.727139 7.401589 7.108567 -9.208843 7.993659 20.752785 -5.558715 7.566778 -1.151736 1.244893 -16.532988 -24.735901
-12.600865 -14.552725 -26.870440 -2.956942 2.538200 3.698928 13.324821 9.765521 -9.229880 -6.771370 6.915376 -2.182137 1.525456 -3.771839 7.194526 -5.253727 -6.386084 -4.477218 5.461505 8.641439 5.605619 -10.403021 5.006577 19.276379 -5.268535 6.413007 -1.230593 3.172989 -18.124866 -24.844528
-15.997699 -15.798429 -23.491041 -3.193977 6.346936 5.010813 18.352993 7.288496 -6.630030 -8.459244 7.087508 0.554493 -0.685132 -3.403412 5.377034 -5.369261 -5.835509 -4.091035 4.631721 9.921718 4.554689 -12.108287 0.935295 16.334347 -5.099028 4.259813 -1.482766 6.335069 -20.770376 -23.962727
-17.933165 -15.639038 -20.894766 -3.603563 8.898849 5.583634 20.539730 5.681228 -4.934266 -9.493808 7.012160 1.937720 -2.237995 -3.265652 4.539056 -5.135006 -5.644731 -3.679782 3.733133 10.956652 3.556516 -13.641096 -1.650008 15.031274 -4.605886 3.254400 -1.153363 8.046147 -21.977022 -22.009274
-19.999340 -14.726808 -19.179520 -3.687901 10.793564 6.216963 22.217651 3.911681 -4.522642 -9.994702 6.875055 2.614928 -3.043882 -3.217544 3.850332 -5.043404 -5.667399 -2.926261 3.036547 11.264423 3.122552 -14.683708 -3.596698 13.990237 -4.217040 2.570775 0.524070 9.535146 -22.360624 -20.914223
-22.855431 -13.662901 -17.146250 -3.585404 12.459240 6.919525 24.177967 1.854266 -3.396749 -10.103369 6.712987 3.556767 -3.882048 -2.724782 3.573821 -4.972148 -5.260073 -1.496892 2.248531 11.435150 2.386663 -15.801473 -6.269591 12.722680 -2.961000 2.607122 2.132957 10.055538 -22.036154 -18.733353
-24.434546 -12.308850 -15.406271 -4.872894 12.690254 6.808242 24.580194 1.426309 -4.313277 -9.622209 6.599685 3.803906 -4.014719 -2.453702 3.800395 -4.573431 -4.890364 -0.329532 1.738037 11.846418 2.194399 -17.340532 -7.447722 12.574540 -2.688718 2.219373 2.416478 10.200962 -21.262434 -17.108891
-25.299255 -10.533854 -14.635239 -6.481304 12.234662 6.785012 24.378651 1.804538 -5.104385 -9.265536 6.748882 3.965937 -3.892336 -2.459961 4.371258 -3.988041 -4.181395 0.590139 1.685224 11.689333 2.423366 -18.576838 -8.150170 13.083973 -3.171774 1.830474 2.461485 8.505803 -19.664602 -16.475246
-25.828800 -9.876802 -12.827043 -7.181540 11.241398 7.679479 23.585314 3.280936 -5.495848 -8.572668 6.811138 3.915978 -3.096835 -2.559634 4.643775 -3.435966 -3.941177 1.300493 1.381033 12.205101 2.752569 -18.517939 -9.413877 14.155934 -2.636214 2.520979 1.352037 7.618271 -19.064428 -15.174834
-25.404749 -8.630305 -12.373971 -8.531355 9.681970 7.955906 21.951111 4.996117 -5.745897 -7.710196 7.003728 3.125555 -2.352697 -2.878860 5.291569 -2.840134 -3.348677 1.476703 1.385748 12.522673 2.521374 -18.745066 -9.288520 16.009203 -2.573561 3.088469 0.428942 5.854372 -17.900034 -14.753726
-25.528305 -7.722910 -11.499698 -8.507587 8.674378 9.450016 22.191614 5.539502 -6.095953 -7.834377 6.850448 3.091263 -1.705122 -2.858104 5.338084 -2.295912 -2.776385 1.942402 0.635017 12.794667 3.200117 -19.193291 -10.115216 16.955509 -2.624065 2.679331 0.066430 5.545263 -17.331196 -12.316521
-25.157213 -6.275267 -9.890630 -8.724638 7.150112 10.367568 20.837465 6.874580 -6.490986 -7.609843 6.442672 2.562083 -1.260104 -3.083151 5.338604 -2.322883 -2.127983 2.403365 0.294086 12.567357 4.854413 -19.218666 -10.107226 17.590193 -2.888128 1.767639 0.103849 5.047234 -16.247322 -10.423186
-24.372784 -5.108440 -6.231036 -6.336493 6.630074 12.081358 21.201954 7.302899 -6.008464 -10.100844 5.462067 2.084262 -0.525811 -3.086586 5.251606 -2.487925 -1.551335 2.430648 -0.824607 12.394312 8.068617 -18.205454 -11.557370 17.367453 -2.807490 1.725865 -0.088079 6.749568 -15.768496 -7.318892
-23.535385 -6.700416 -7.055048 -6.397562 3.490545 12.820493 21.037708 10.198903 -6.673172 -10.552555 5.573039 0.759435 0.675095 -3.570976 5.764793 -2.380756 -1.028302 1.619720 -0.448917 12.685861 10.040042 -18.279730 -10.405234 20.034758 -2.869466 1.356262 -1.797025 5.515450 -15.170204 -8.317056
-21.570951 -7.828488 -8.349381 -6.180267 -0.324088 13.116420 18.881393 13.312733 -7.227586 -10.307548 5.671124 -0.086210 2.018625 -3.849427 6.022961 -2.264431 -0.276441 1.001928 -0.146613 12.368464 12.937772 -17.203278 -8.188487 21.942173 -3.304501 0.520369 -4.532217 3.583720 -13.378281 -9.410036
-21.964079 -8.484269 -5.752218 -3.987218 -1.029694 14.726670 19.661358 14.248607 -6.584441 -11.735718 5.362524 -0.337166 2.861177 -3.943772 5.413976 -2.341510 0.181669 0.682901 -0.824806 12.834479 14.682346 -16.262842 -10.494731 22.381168 -3.397285 0.768708 -6.128630 4.430157 -13.279793 -8.146367
-21.201277 -9.139355 -8.214932 -4.730033 -2.131927 14.034291 18.897354 15.239133 -7.297901 -10.382919 5.631290 -0.525654 2.649396 -4.091739 5.679675 -2.637911 0.337499 0.164436 0.080141 12.226805 15.215691 -16.419436 -8.358727 23.909016 -3.668718 0.821573 -6.534482 3.338723 -12.502954 -9.662293
-20.984955 -9.096825 -8.302629 -4.820324 -2.088366 14.124342 18.827148 15.398973 -7.164801 -10.075845 5.767164 -0.656370 2.699428 -4.070708 5.715572 -2.611318 0.362968 0.277338 0.157796 11.966543 15.344310 -16.353380 -8.252313 24.025595 -3.853996 0.743757 -6.578968 3.291165 -12.443209 -9.447792
-21.053551 -9.254849 -8.277694 -4.750338 -2.056094 14.358729 18.907553 15.406195 -7.197291 -10.175023 5.758255 -0.585558 2.626870 -4.080653 5.734436 -2.604821 0.365923 0.139997 0.173809 12.019932 15.242992 -16.489706 -8.157670 24.066202 -3.848111 0.820467 -6.549030 3.258689 -12.432950 -9.661384
-21.077560 -9.211060 -8.227673 -4.922573 -2.142328 14.281618 18.788307 15.446469 -7.220448 -10.159040 5.800158 -0.603680 2.709914 -4.096301 5.813819 -2.548689 0.352884 0.139806 0.185913 12.021439 15.418441 -16.387651 -8.275305 24.138081 -3.889249 0.723448 -6.673651 3.143468 -12.505577 -9.675900
-31.300995 0.706859 2.251632 -7.609761 -5.116722 0.908817 23.143080 8.485332 -13.455589 -9.498510 0.784260 1.759094 -4.988718 -4.841590 5.813322 -4.771453 0.510725 3.148783 0.221850 10.994339 13.554749 -17.232103 -15.007114 12.810264 -0.399589 8.022810 -0.400992 6.597511 -9.560221 -10.061530
-22.795113 -0.184581 0.984218 -13.324123 -4.686066 2.380112 26.725384 17.310841 -7.071973 5.426629 2.903084 -0.938544 -4.172671 -7.073730 3.261878 -5.557781 -0.793073 3.437255 4.167886 11.292051 14.044643 -18.286081 -14.922182 14.545783 -1.400128 6.929064 -0.125805 6.244983 -8.119429 -11.493642
-23.660088 -3.665152 -4.535278 -15.487466 -2.992331 8.438242 28.298893 19.051641 -6.080556 6.003970 4.402689 0.732092 -3.136673 -7.075256 5.293658 -3.870220 -2.048720 4.590456 4.365483 10.919540 13.787546 -19.152071 -11.051164 17.199987 -1.728078 6.999484 -1.230075 3.321179 -7.593459 -13.930632
-24.157064 -3.529000 -4.263926 -14.058288 -3.382820 9.116481 27.617191 17.545317 -6.731778 4.507417 4.721538 0.526873 -2.960279 -6.628670 5.410990 -3.444654 -0.804213 4.090013 4.032310 11.139789 13.626071 -18.849388 -10.993844 17.562967 -1.878964 7.017049 -1.353762 2.886622 -7.329053 -14.391359
-23.936764 -3.503702 -4.591766 -14.153328 -3.352359 9.108921 27.194025 17.423460 -6.752068 4.596706 4.670285 0.447462 -2.749941 -6.571635 5.561273 -3.554526 -0.816190 4.140742 4.111685 10.950081 13.666613 -18.907686 -10.581684 17.323227 -1.790650 7.111555 -1.239157 2.966194 -7.671724 -14.684510
-23.828373 -3.490786 -4.669646 -14.055327 -3.435103 9.069808 27.055141 17.365240 -6.841357 4.554249 4.646288 0.470242 -2.764569 -6.602869 5.589033 -3.643947 -0.882585 4.169771 4.237759 10.958815 13.782321 -19.103460 -10.566588 17.317335 -1.825969 7.123203 -1.243697 2.977627 -7.537614 -14.815211
-23.770348 -3.478608 -4.685016 -14.008259 -3.321302 8.912597 26.990826 17.321539 -6.822540 4.543417 4.680675 0.526747 -2.845892 -6.659562 5.669340 -3.601830 -0.958849 4.175237 4.302661 11.008489 13.833350 -19.262510 -10.503749 17.272835 -1.821551 7.046462 -1.161931 3.075746 -7.574600 -14.762139
-23.694548 -3.593104 -4.987984 -14.214498 -3.432554 8.986157 27.175442 17.430702 -6.841880 4.713980 4.730215 0.573979 -2.726445 -6.609637 5.733802 -3.566905 -0.920840 4.175764 4.356841 11.034697 13.718362 -19.332752 -10.230949 17.279089 -1.950527 7.013466 -0.999000 2.870366 -7.434961 -14.809058
-23.684143 -3.564746 -5.205659 -14.256472 -3.482683 8.911337 27.157131 17.407904 -6.966809 4.631819 4.669936 0.553964 -2.665420 -6.622150 5.782228 -3.642351 -0.982566 4.153219 4.379435 11.019276 13.712295 -19.359953 -10.233749 17.439955 -2.040209 7.002715 -1.245252 2.835680 -7.513626 -14.967261
-23.700779 -3.494276 -5.289408 -14.247476 -3.465044 8.913592 27.051361 17.372541 -7.000896 4.703818 4.671092 0.593095 -2.642429 -6.570692 5.886330 -3.516739 -0.935516 4.211129 4.424874 10.963815 13.750390 -19.360800 -10.175615 17.516167 -1.952908 7.060357 -1.270680 2.705940 -7.511090 -14.951608
-23.713741 -3.506113 -5.248984 -14.228077 -3.406096 8.908681 26.982447 17.331139 -6.889681 4.686831 4.663520 0.541601 -2.673647 -6.577646 5.952939 -3.530594 -0.958787 4.194836 4.478118 10.903147 13.716819 -19.499525 -10.026799 17.557653 -1.924241 7.084606 -1.166678 2.631001 -7.370758 -14.928308
-23.696091 -3.531711 -5.287159 -14.352012 -3.491584 8.858440 26.925831 17.413191 -6.914717 4.826652 4.665423 0.608902 -2.656171 -6.583564 6.018363 -3.528489 -1.050973 4.220169 4.513147 10.871558 13.748391 -19.564924 -10.060888 17.715183 -2.010839 7.053044 -1.044494 2.583572 -7.252784 -15.048045
-23.611004 -3.487651 -5.253045 -14.333544 -3.501071 8.973439 26.917763 17.408199 -6.955962 4.800795 4.649896 0.626065 -2.586989 -6.538908 6.006206 -3.573994 -1.018659 4.178800 4.535968 10.826872 13.709034 -19.552889 -9.999988 17.626036 -1.934103 7.079066 -1.049474 2.691087 -7.372311 -15.018929
-23.496952 -3.495904 -5.467023 -14.581934 -3.560968 8.988513 26.945801 17.468798 -6.832558 4.882267 4.704050 0.682373 -2.597275 -6.549152 6.055140 -3.544662 -1.060537 4.216354 4.589779 10.797047 13.631459 -19.478428 -9.997779 17.692162 -2.007844 7.019222 -1.051955 2.706972 -7.440115 -15.003694
-23.459103 -3.323919 -5.491551 -14.492769 -3.600257 8.964914 26.706179 17.338961 -6.974658 5.021624 4.673653 0.690363 -2.639762 -6.551184 6.106009 -3.568565 -0.992560 4.146796 4.682745 10.836481 13.589478 -19.517847 -9.811915 17.691502 -2.025738 7.033799 -1.116528 2.639938 -7.395321 -15.013007
-22.557661 -3.419643 -8.082777 -14.906849 -4.202412 8.548451 25.250132 17.563505 -8.058133 5.874590 4.649207 0.579224 -2.214751 -6.349342 7.157140 -3.687582 -1.063972 3.722342 5.504902 10.278695 12.935031 -19.628881 -7.341578 18.344456 -1.933656 7.232555 -1.087471 1.362700 -7.337070 -15.272757
-21.742931 -3.037120 -10.857912 -15.248316 -3.727206 7.840808 24.251972 17.707869 -8.503531 7.938069 4.345356 -0.207545 -1.380462 -6.152568 7.793358 -4.438322 -1.688133 3.486020 6.317122 9.383904 12.130506 -20.038544 -4.436847 19.627186 -1.905875 7.067648 0.656934 0.229767 -7.680928 -16.030071
-20.165882 -2.672787 -13.802660 -15.643484 -4.485231 6.656129 21.757889 18.448462 -8.983457 10.059476 3.973717 -1.298373 -0.519175 -5.885257 8.838772 -4.747845 -2.456978 3.323894 6.706741 8.456581 11.237238 -20.237799 -2.066972 20.238895 -1.773595 7.201702 2.653514 -0.995564 -7.413940 -15.847484
-19.103256 -2.192288 -15.221905 -15.690674 -5.108862 7.279862 19.812027 18.756842 -8.983138 11.270176 3.852121 -1.659896 -0.122931 -5.724966 9.315569 -4.859331 -2.806780 3.114660 7.134127 7.734830 10.257071 -20.063494 -0.434219 20.987270 -1.755831 7.641389 3.912847 -1.724359 -7.484396 -15.637173
-18.414221 -1.926550 -15.820531 -15.829980 -5.183948 6.969110 18.889017 18.967134 -8.825084 11.559425 3.845790 -1.988479 0.112214 -5.722824 9.683573 -4.917913 -3.127151 3.068644 7.429811 7.469805 9.876644 -20.408401 0.158734 21.145395 -1.644853 7.748439 4.171917 -2.115561 -7.439278 -15.594449
-18.235186 -1.924028 -16.076002 -15.853078 -5.133939 7.312908 18.511105 19.005987 -8.893328 11.549431 3.782241 -2.084934 0.144689 -5.688507 9.733463 -4.948552 -3.187909 2.914991 7.407075 7.433549 9.723397 -20.527132 0.258499 21.250525 -1.515733 7.679631 4.415578 -2.234807 -7.417754 -15.428589
-16.884155 -0.884586 -17.343790 -16.004192 -5.068176 6.734792 16.012320 19.260889 -8.638970 12.715948 3.792217 -2.574305 0.682676 -5.608029 10.311533 -4.790307 -3.402651 2.750974 7.735377 7.011695 9.457931 -20.006468 2.574458 21.513313 -1.434178 7.940815 4.773159 -3.129651 -7.526928 -15.254472
-18.014372 -1.658482 -16.395859 -15.818234 -5.250172 7.111723 18.141563 19.146734 -8.800923 11.809706 3.789689 -2.284655 0.364523 -5.655051 9.868035 -4.868887 -3.283596 2.767078 7.477286 7.250489 9.600259 -20.239168 1.011068 21.316626 -1.590231 7.813117 4.571851 -2.392096 -7.541211 -15.447431
