11.579528 28.987873 -6.589292 4.855828 14.855248 5.700019 0.559788 16.011902 3.436748 -3.569055 -4.174911 1.270912 -1.353626 -9.793135 5.203853 -2.018773 -5.365408 3.357288 -9.524338 -2.860234 6.205907 13.880997 -19.441233 2.446099 0.078335 22.263754 9.554583 -21.348955 -3.708071 11.653165
10.526274 26.631557 -7.569302 4.298451 12.098116 8.540307 -0.822623 16.029633 3.619748 -4.009062 -3.507314 1.766103 -0.721530 -9.122534 5.772252 -1.698580 -5.585547 2.654830 -9.552091 -2.484462 7.039897 13.286102 -20.188602 3.366502 1.275058 21.338533 10.874851 -19.775463 -5.616724 10.862151
11.292947 27.704475 -6.649930 4.270954 13.160836 7.891550 0.320701 16.211916 3.545976 -4.505867 -3.784314 1.516731 -0.953243 -9.322926 5.439554 -1.898683 -5.702885 2.990549 -9.721948 -2.459937 7.083120 14.045600 -19.560968 2.635929 1.380319 22.077829 9.976194 -20.636553 -5.244825 11.278014
11.033166 26.837513 -6.995976 3.500105 11.263040 10.284464 0.530366 15.791094 3.037501 -5.092272 -3.401361 1.925686 -0.645252 -8.844910 5.631841 -1.736044 -5.976154 2.833467 -9.725482 -2.394406 7.910816 14.820210 -19.720926 3.725863 2.039368 21.832800 9.836903 -19.623987 -6.774002 10.964967
10.911597 25.648407 -7.256244 3.091218 9.715252 12.138213 0.565793 16.021555 2.665032 -5.779978 -3.031551 2.278090 -0.211442 -8.212824 6.044590 -1.579763 -6.316392 2.730298 -9.773555 -2.038655 8.552772 15.531384 -19.521969 4.080972 2.509967 21.396875 9.811589 -18.865437 -8.167362 10.434440
10.632310 25.061085 -7.349377 2.778901 8.914596 13.343997 1.074955 15.753422 2.281716 -6.138525 -2.762489 2.823388 -0.082681 -7.857474 6.332729 -1.343751 -6.602698 2.861518 -9.740964 -1.729316 9.195443 16.585527 -19.345032 4.937287 3.060838 21.642187 9.008824 -18.479219 -9.113819 9.593496
11.091350 24.762169 -7.209057 2.632421 8.681468 14.576136 2.084318 15.618402 1.949042 -6.897026 -2.651206 3.328120 -0.093312 -7.601275 6.619865 -1.072557 -6.865410 3.218368 -9.822200 -1.376475 9.890378 17.296465 -19.319250 4.995074 3.203851 21.347704 8.602057 -18.032110 -9.930372 9.176183
11.572268 24.205708 -7.217246 2.841738 8.164255 15.818793 2.924300 15.603323 1.771738 -7.554490 -2.476585 3.572287 -0.076174 -7.358849 6.732485 -1.018254 -7.144345 3.150190 -9.876390 -1.210558 10.557179 17.295542 -19.249901 5.689300 3.878857 21.237616 8.508093 -17.438810 -10.781160 8.820961
11.996392 23.586500 -7.272057 3.025273 8.176761 16.433054 3.711127 15.418633 1.924114 -8.187504 -2.407979 3.891316 -0.425323 -7.219765 6.657054 -1.059689 -7.550222 3.354454 -9.894258 -1.097942 10.840390 17.249708 -19.154896 6.109979 4.527603 21.035643 8.628973 -16.971479 -11.543257 8.625890
13.032031 22.787178 -7.233018 3.460898 8.720444 17.222548 4.425136 15.441077 2.515568 -9.305069 -2.362923 3.643658 -0.648820 -7.050859 6.226210 -1.568065 -8.004370 2.974352 -10.006183 -1.007733 11.328145 16.648386 -19.225348 6.904598 5.356952 20.739958 8.990862 -16.314890 -12.248231 8.881341
13.536937 22.052441 -7.535588 3.766208 9.456001 17.011580 4.579519 15.281510 3.195289 -9.886011 -2.336958 3.307096 -0.803055 -6.944514 5.700641 -2.069610 -8.402315 2.544107 -10.197434 -1.021455 11.951901 15.486904 -19.432638 7.753431 6.015753 20.285976 9.769992 -15.698885 -12.569314 9.639802
14.274644 21.034771 -7.817634 4.092600 10.368853 16.259321 4.169331 15.527314 4.334203 -10.574865 -2.342643 2.725452 -0.610401 -7.051157 5.171497 -2.476547 -8.717945 2.085721 -10.442286 -0.654555 12.365401 14.544535 -19.336477 8.231746 6.529799 20.229559 10.703726 -14.912038 -12.713516 10.397079
14.814699 20.090626 -8.099042 4.332088 11.928848 14.953464 3.773637 15.736882 5.488636 -11.272905 -2.382583 2.216073 -0.362607 -7.042420 4.631744 -2.849046 -8.828596 1.577186 -10.715777 -0.469460 12.908953 13.587252 -19.395773 8.928799 7.315497 20.291330 11.526144 -14.038552 -13.081024 10.659101
14.902387 19.708460 -8.120974 4.083120 13.428986 13.503616 3.096266 15.976757 6.248394 -11.675220 -2.416359 1.639862 0.118876 -7.230447 4.288075 -2.995704 -8.808088 1.221861 -11.016715 -0.078572 13.374344 12.867832 -19.700655 9.010991 7.863052 20.469963 12.804448 -12.963776 -13.453503 10.674401
14.944582 19.597300 -8.048704 3.550832 14.838726 11.746534 2.414578 16.493349 6.865873 -11.909008 -2.416418 0.968790 0.827724 -7.313013 4.225322 -3.060720 -8.675495 0.984344 -11.289111 0.386084 13.522168 12.217826 -19.825283 9.480308 8.744720 20.714781 13.691868 -11.992554 -14.041548 10.901609
14.807921 19.561987 -8.208779 2.978752 15.586074 10.405446 1.535235 16.846569 7.295558 -11.840914 -2.407606 0.480849 1.562337 -7.381556 4.314381 -2.902569 -8.483330 0.867242 -11.511478 0.777738 13.467934 11.685508 -19.724604 9.409453 9.412986 21.108513 14.724833 -11.052754 -14.610792 10.670066
14.430915 19.913715 -8.326661 2.563031 16.361238 8.962562 0.697798 17.299219 7.672914 -11.540659 -2.465796 -0.039278 1.959438 -7.513462 4.596475 -2.751670 -8.189957 1.100894 -11.567194 1.195727 13.446740 11.177471 -19.494993 9.670220 9.975567 21.366316 15.128148 -10.414283 -15.037188 10.632442
13.625829 20.234894 -8.324616 2.309899 17.527124 7.765109 0.662815 17.320856 7.743105 -11.334793 -2.579681 -0.319279 2.559640 -7.658040 4.846690 -2.575510 -7.836432 1.473857 -11.538548 1.792132 13.265605 9.882804 -19.506464 9.808265 10.778913 21.421064 16.250462 -9.968575 -15.456770 10.104767
12.875460 20.564156 -8.193091 2.246985 18.421162 6.546159 0.010799 17.526587 7.997629 -10.932172 -2.790200 -0.554586 2.847940 -7.863408 5.028293 -2.524105 -7.586846 1.885755 -11.447350 2.078189 12.833593 8.846586 -19.718836 9.737641 11.236429 21.287315 17.111288 -9.809756 -15.702413 9.983993
12.529490 20.761189 -8.141955 2.057461 18.597994 6.150764 0.055275 17.285315 7.715704 -10.698368 -2.701232 -0.586841 2.897793 -7.852358 5.003035 -2.509435 -7.515982 1.992710 -11.460895 2.193230 12.733726 8.442415 -19.970106 9.792919 11.540026 21.318872 17.424688 -9.755242 -15.711578 9.552773
12.504353 20.793226 -8.050774 1.972355 18.718889 6.098693 0.119809 17.267065 7.662430 -10.722306 -2.800734 -0.567306 2.876824 -7.868861 5.064791 -2.529662 -7.486483 2.064289 -11.509810 2.232780 12.708006 8.518082 -20.521263 9.849056 11.586260 21.261602 17.637560 -9.678430 -15.787059 9.380051
12.421306 20.898941 -8.049755 1.954607 18.688494 6.086877 0.136701 17.210999 7.604392 -10.613636 -2.805385 -0.566533 2.861659 -7.883502 5.065596 -2.515021 -7.471020 2.080796 -11.512091 2.225322 12.719474 8.576069 -20.583384 9.892303 11.552898 21.293110 17.556700 -9.714969 -15.734398 9.397156
8.846585 8.515223 -9.124126 -1.256069 12.469702 20.322557 -0.402203 15.965849 6.780884 -14.850504 2.462009 1.262874 1.382147 -6.379418 3.466805 -2.217816 -7.844096 0.257234 -8.643161 3.365380 17.067118 6.896139 -18.186357 12.628469 3.431502 9.698698 11.191926 -4.791960 -19.386024 7.971525
3.059108 2.313762 -7.887173 -5.129586 16.710882 20.632528 3.081281 13.203786 6.963796 -16.230961 5.292604 3.140379 1.350182 -4.231222 2.281150 -1.539617 -6.932369 -1.048795 -8.551974 6.195019 14.589025 2.784631 -16.535145 13.913459 5.450365 6.267832 8.397066 -1.083291 -24.792416 5.395664
2.795476 0.628447 -9.563020 -5.803536 19.980352 17.956171 2.907634 12.054980 7.826689 -16.340265 5.402344 3.047120 0.295492 -3.366449 2.165068 -2.571857 -7.928030 -1.292668 -8.203929 5.908694 12.728349 1.530391 -13.906800 11.943172 6.272600 5.880054 9.094420 -0.696670 -26.714918 4.497849
2.270574 -0.821721 -10.028747 -5.892591 22.966391 17.518692 3.487689 10.971295 8.132802 -16.334999 5.740652 3.341909 -0.215638 -2.575483 1.878159 -3.579854 -8.541941 -1.198310 -7.567670 5.867195 11.855533 0.170189 -12.760663 11.159055 5.967996 5.634523 8.831521 0.493076 -27.804178 1.444236
0.231148 -1.789130 -10.411780 -7.715481 24.926134 18.160805 3.682055 9.004946 8.344769 -16.331732 6.638773 3.721827 -0.447916 -1.776127 2.100300 -3.705099 -8.197300 -0.897935 -7.097989 6.205674 9.448836 -0.561930 -12.506941 10.936147 5.649096 5.292954 7.752234 0.584933 -29.387682 -1.761353
2.614816 1.107025 -11.980277 -7.612068 27.044138 15.802940 4.995716 7.474850 6.080332 -14.811377 5.484375 4.615482 -1.595434 -1.851517 2.370734 -3.906437 -9.703062 0.383625 -7.008663 5.535185 7.946940 0.233811 -13.234615 7.802933 7.529148 7.817961 11.552117 0.732811 -30.259907 -2.432962
7.953267 5.611956 -15.845881 -8.862528 27.044754 7.968423 5.233892 8.001149 4.841289 -15.022335 2.756099 3.397330 -1.469877 -2.072374 3.890090 -4.513604 -12.390636 2.656917 -7.951275 4.216244 10.417232 1.546161 -13.524921 5.329625 10.082608 11.116611 19.586977 -2.160079 -27.963099 -2.894761
9.443934 7.062885 -16.961079 -9.576828 26.827343 5.162478 5.626094 8.428964 4.097378 -14.809917 0.311540 3.757169 -1.613711 -1.682189 5.490297 -4.872006 -13.299498 2.551855 -8.912223 4.147186 11.996938 1.748130 -13.391297 3.493821 12.974298 12.719231 21.932314 -4.564237 -27.171633 -2.770949
1.017169 3.749122 -15.008021 -4.135983 26.907450 16.206154 6.787308 3.649540 5.463987 -10.154850 5.323120 6.700703 -4.153111 -1.732701 2.744697 -2.942768 -10.005526 0.675429 -6.996865 4.517835 4.507987 -0.887047 -11.474269 2.686159 9.858435 10.969467 10.831017 1.453662 -32.627743 -0.319806
0.867557 3.503503 -14.594516 -4.166911 27.371986 16.475149 7.375421 3.569795 5.572434 -10.172246 5.674043 6.928795 -4.270129 -1.494957 2.615399 -3.110853 -9.965883 0.597885 -6.852701 4.380633 4.340431 -1.052229 -12.140717 3.089712 9.689810 10.465940 11.264398 1.765484 -32.584259 -0.655881
2.255422 3.264586 -14.199533 -4.731890 27.679426 15.761560 7.068649 4.454113 5.933701 -11.978233 5.186585 6.222581 -3.646085 -1.829654 2.677206 -3.222576 -10.205566 0.918747 -7.059135 4.740154 5.508810 -0.769180 -12.670341 3.310361 9.928753 10.493179 12.461637 1.120724 -31.856396 -0.502580
2.072813 3.369290 -14.511054 -4.174291 27.305393 15.742777 7.064397 4.365830 5.904188 -11.237906 5.046788 6.245249 -3.748309 -1.830612 2.729995 -3.102692 -10.157656 0.843950 -7.211896 4.630410 5.195613 -0.581713 -11.368413 2.688677 10.353520 11.122161 11.341675 0.951523 -32.463169 0.009236
3.083990 3.411356 -13.255539 -5.773523 28.172407 15.076149 6.491070 5.326476 6.000275 -13.002583 4.801481 5.776906 -3.379367 -1.843634 2.739712 -3.343803 -10.532089 1.039413 -7.534589 4.920074 5.814144 -0.375750 -11.932017 2.515192 10.499962 11.223295 12.418030 0.495353 -31.969067 0.167180
8.236991 6.318479 -16.303585 -8.933859 27.031004 7.508155 5.814764 7.708261 4.503867 -14.502972 1.230499 4.124448 -2.064220 -1.758253 4.835121 -4.597379 -12.696920 2.156731 -8.784673 4.436122 10.774870 1.647817 -14.331110 3.990454 11.694342 11.896225 20.690235 -3.258267 -28.073294 -2.778272
3.808449 3.121598 -13.883518 -6.136397 27.212606 14.326067 5.891133 6.042966 5.420534 -13.949235 4.677625 5.136117 -2.616820 -2.024448 2.726929 -3.587370 -10.542822 1.133958 -7.299620 5.001665 7.605613 0.546208 -14.176687 5.023738 8.895071 10.092249 14.060844 0.448948 -30.280283 -2.254972
7.664824 5.742780 -15.607850 -8.947115 27.415819 8.162905 5.516894 7.627163 4.759933 -15.043330 2.614079 3.432709 -1.685320 -1.934381 4.032857 -4.674414 -12.493858 2.623036 -7.854490 4.025895 10.243091 1.735796 -14.230680 5.233081 10.358421 11.203985 20.361116 -2.482942 -27.970579 -2.850613
4.438470 3.753592 -13.696630 -8.159916 27.582354 11.654789 5.447660 6.732812 5.369375 -15.089609 4.244637 4.371555 -1.972688 -1.993906 2.851290 -4.113299 -11.157312 1.580453 -7.501424 4.998226 8.447231 0.605960 -12.688692 5.774588 9.056419 9.749537 14.927959 -0.730356 -29.424402 -2.705178
8.337515 6.172385 -16.467182 -9.223431 26.793756 6.713041 5.637523 8.179657 4.295630 -14.874520 2.193861 3.324113 -1.508659 -2.033461 4.179822 -4.672283 -12.715275 2.961409 -7.840370 4.074256 10.981107 1.560855 -13.597486 5.528906 10.461451 11.362886 21.059040 -2.688812 -27.026484 -3.118985
6.908213 4.726515 -14.897458 -8.872213 27.545782 9.139105 5.442281 8.025807 5.460446 -15.445269 3.103861 3.733673 -1.510790 -1.956581 3.534737 -4.617030 -12.161207 2.302486 -7.922084 4.491936 10.057754 0.970561 -12.152346 5.120912 9.851553 10.691757 17.152338 -1.594644 -28.726713 -2.793328
6.618342 4.909162 -14.834897 -8.442767 27.710566 9.964998 5.608091 7.318411 5.487195 -15.022651 3.313324 4.530985 -2.265499 -1.916468 3.475422 -4.127900 -11.955042 2.120248 -8.317090 4.541061 8.862164 0.715864 -13.250032 3.789717 10.573498 10.913726 17.006723 -1.816332 -29.493837 -2.123376
6.316486 2.117940 -13.359905 -8.005027 23.161007 9.646548 0.743906 12.138858 8.272816 -16.884470 3.294166 1.887929 0.570206 -2.141370 3.140395 -4.804623 -10.878872 0.735942 -8.841385 4.314954 12.687741 2.385291 -12.027463 6.958036 8.205879 7.953480 16.030863 -2.950066 -27.112818 3.266231
6.927034 3.699468 -16.481192 -11.432690 22.646044 4.104462 -0.764907 11.382075 7.876571 -15.709778 1.905883 1.357634 0.580023 -1.158517 3.743761 -6.300943 -11.698984 1.096564 -8.773409 3.315830 11.928655 2.227586 -8.205495 7.172301 9.815689 8.171555 18.941698 -6.485005 -25.587477 1.358253
6.256559 4.180162 -18.072294 -13.254936 22.572666 1.890735 -1.280897 10.365826 9.053220 -15.317890 1.979921 1.464674 0.507804 -0.476740 3.671841 -7.162577 -11.977442 1.489153 -8.286523 1.958335 8.842953 1.676709 -6.566097 6.469330 9.564907 7.862586 20.178316 -8.534264 -25.801432 0.048335
6.407629 5.785301 -19.128159 -15.058674 22.901773 -0.908269 -0.771442 9.708018 8.925588 -14.632385 0.493896 2.294900 -0.000032 0.506538 4.742805 -7.705709 -12.387209 1.584296 -9.481605 1.188797 6.378763 0.339518 -4.790685 2.314868 10.686516 9.515152 20.944109 -10.603501 -25.742399 -0.279610
6.158593 7.746300 -20.246765 -16.494070 22.311472 -3.632655 -0.632686 9.163157 9.376655 -13.671839 -0.421501 2.502670 0.160580 1.285282 5.607361 -7.651927 -12.410110 2.896774 -10.329115 0.953814 6.510490 -1.987249 -2.883856 0.760277 11.485784 9.322527 22.341610 -13.231488 -24.559507 0.146457
4.997596 8.829759 -20.240694 -17.741247 22.037094 -4.464727 -0.983826 8.565854 9.862545 -13.074854 -0.868346 2.187200 0.249401 1.656347 6.682618 -7.400034 -11.646479 3.828451 -10.645901 0.792895 6.339257 -4.096248 -1.446019 0.110317 12.836746 9.721085 22.158205 -15.985901 -23.531481 1.042091
3.774651 9.958454 -19.118870 -19.293093 21.818382 -4.525019 -1.281519 9.169477 9.329715 -12.736334 -0.921870 1.606063 0.614792 1.728095 7.624779 -6.663349 -10.891850 4.813245 -11.190608 0.920348 5.737979 -6.191236 -0.298024 0.718130 12.511992 9.507016 20.466272 -18.000731 -22.535784 1.202990
2.373882 11.327959 -17.605860 -19.793303 21.252604 -4.538756 -1.471479 9.799882 8.454638 -12.854881 -1.197337 0.826141 1.608166 1.544481 8.440647 -6.333765 -10.332647 5.375675 -11.344611 1.086403 7.034655 -7.066465 -0.207196 3.030419 11.439268 9.480410 18.996136 -19.118023 -20.000322 0.332694
1.404873 13.723438 -16.892324 -21.345747 20.057878 -6.097216 -2.433156 10.517556 7.321618 -12.171032 -1.510433 0.538616 2.782744 1.500344 9.097048 -5.776661 -9.748270 5.986459 -11.585748 1.302139 8.641645 -7.251743 -0.281292 5.012274 11.278180 9.968196 17.618145 -19.259052 -18.176432 0.560160
0.759972 13.915874 -15.215878 -20.627209 18.600258 -5.464369 -2.818575 11.967515 6.922370 -12.683341 -1.438577 0.489322 4.132400 1.100693 9.417730 -4.732143 -8.799341 6.460962 -11.945730 1.692949 9.043032 -7.733590 -0.762033 6.603164 10.864162 9.475788 17.442953 -21.029325 -16.272757 1.261084
0.702224 14.240023 -14.303951 -20.626381 16.033339 -4.545537 -1.965298 13.021316 7.173394 -12.803844 -1.303382 0.373842 5.183108 0.747645 9.424208 -3.656479 -8.098791 6.591537 -12.457122 2.092221 9.352027 -8.455148 -1.058190 8.352482 11.117855 9.474516 16.400496 -22.102987 -15.134753 2.531372
0.308242 14.517576 -13.090631 -20.556753 15.241129 -2.928453 -1.665847 14.505206 6.997408 -14.076518 -0.957732 0.366008 6.317584 0.415481 9.206644 -2.775686 -7.540508 6.606429 -12.841554 3.002463 10.553461 -8.559297 -1.630795 10.513435 10.739111 8.253640 14.574381 -23.942526 -13.980824 2.563746
1.105651 13.492106 -11.040439 -19.647564 14.674509 -0.556276 -1.433558 15.270948 7.994094 -15.635626 -0.773435 -0.357495 7.521906 -0.078646 8.802682 -2.291547 -7.043010 6.065524 -13.276367 4.137046 12.211423 -7.663800 -1.945051 12.419000 10.370825 7.484009 12.135783 -24.276178 -13.567774 3.018281
1.269642 13.136738 -10.483047 -20.450899 12.825954 2.903588 -2.217334 14.925886 9.082917 -15.975538 -0.743169 -1.037005 8.480033 -0.340833 8.196267 -2.588908 -6.721610 5.007243 -13.450974 4.868179 14.099547 -7.188151 -2.542308 15.826192 10.658875 6.873643 9.395697 -24.662439 -12.496391 4.191184
0.694157 13.132973 -9.109813 -21.728868 10.295790 4.373980 -4.394465 14.213715 9.743813 -16.885811 -0.450507 -1.824545 9.118997 -0.398908 7.481376 -3.120005 -6.040360 3.481122 -13.691779 4.814425 16.035704 -6.152442 -2.465849 17.585918 9.876341 6.003586 7.078246 -25.266224 -11.137455 5.881906
0.852178 12.765511 -8.411372 -21.161154 10.645361 4.691739 -4.119330 14.305263 10.303422 -16.547743 0.072148 -2.146283 9.351454 -0.445860 7.292717 -3.035842 -5.779845 3.482696 -13.396165 4.275702 15.307101 -5.497411 -2.144523 18.642029 8.172064 6.017040 6.091949 -23.616781 -11.065222 5.805581
1.329546 12.081922 -8.983796 -20.138168 10.416433 4.657328 -3.705044 15.138721 9.670381 -16.573803 -0.375345 -2.185660 9.469010 -0.513440 7.605799 -3.318959 -5.982637 3.670893 -13.301754 4.290583 15.840615 -5.186716 -2.324742 17.164513 8.616644 6.879972 6.638147 -23.092827 -11.105076 6.193715
-4.855518 9.046291 -7.111531 -17.105837 12.016505 11.074501 -1.950364 12.751388 11.872853 -13.916659 4.173913 -0.875731 7.433096 -0.487647 5.143833 -2.251339 -3.305392 2.938886 -11.033557 3.569933 9.393559 -5.289849 -4.804600 17.879875 4.814784 5.167903 1.286504 -16.847242 -15.459937 6.335645
