-4.832235 27.293121 -9.362679 11.282694 1.247672 -12.104038 5.374990 5.019031 10.422232 -20.750044 -3.324698 6.319136 -0.593719 -9.707483 9.692822 0.084511 -1.791278 -0.035352 -4.850180 -6.195800 -0.259043 8.307498 13.271826 -0.643042 -27.739164 7.395718 1.637298 -18.595789 1.519463 17.089005
-4.642921 27.292850 -9.032014 11.060375 1.548490 -12.191435 5.468403 5.207109 10.560659 -21.075079 -3.265077 6.339934 -0.575123 -9.724877 9.667278 0.141038 -1.821071 -0.010675 -4.810664 -6.195576 -0.039434 8.360353 13.242023 -1.061253 -27.988882 7.067310 1.561955 -18.701626 1.464342 17.152552
-5.878336 24.952173 -10.197571 10.584394 -1.533692 -9.539213 3.955060 5.086962 10.618530 -21.636408 -2.930455 6.411981 -0.311955 -9.043694 10.014114 -0.043170 -2.253105 -0.560319 -4.989931 -5.700752 0.866557 8.781178 12.921336 1.134574 -25.903290 6.899874 2.074710 -16.535105 -1.023418 16.547941
-5.133733 26.081211 -9.383471 10.811434 -0.428004 -9.996369 5.014136 5.125688 10.287004 -21.902285 -3.052251 6.553072 -0.380718 -9.200640 9.913113 0.013299 -2.124600 -0.419188 -4.966872 -5.995173 0.756707 8.986525 13.356355 -0.503827 -27.499651 6.459657 1.651578 -17.724390 0.156048 16.823627
-5.398865 25.193226 -9.738039 9.988241 -2.430741 -7.503245 5.221948 4.718613 9.781817 -22.474583 -2.726928 6.887917 0.007004 -8.688981 10.071946 0.092879 -2.438223 -0.714485 -5.081949 -5.846931 1.751430 10.384001 13.191199 0.793337 -26.430872 6.186941 1.241361 -16.427805 -1.960874 16.506872
-5.494217 23.945255 -10.004159 9.787090 -4.107920 -5.614952 5.235200 5.077705 9.517661 -23.128885 -2.340246 7.361180 0.490736 -8.089236 10.551810 0.408321 -2.696499 -0.833539 -5.044459 -5.532675 2.534519 11.478321 13.170390 1.323258 -26.005522 5.710157 0.811668 -15.633061 -3.503708 16.001148
-5.766824 23.438812 -10.075076 9.330793 -4.736392 -4.575737 5.758169 4.778003 9.154162 -23.494394 -2.078695 7.737310 0.744747 -7.714466 10.735752 0.679278 -2.989202 -0.649654 -5.203537 -5.212300 3.280255 12.708487 13.176718 1.183809 -26.286013 5.004272 -0.084802 -15.655631 -4.415102 15.042859
-5.419898 23.003420 -9.899410 9.126694 -5.364475 -3.221513 6.807249 4.728622 8.808425 -24.328161 -1.850249 8.144896 0.721156 -7.378383 11.029523 0.880297 -3.138368 -0.398808 -5.215972 -5.157173 3.497255 13.480629 13.035275 1.419954 -25.926218 4.854296 -0.539198 -15.288304 -5.357454 14.440222
-4.923905 22.528732 -9.982635 9.338436 -5.743994 -2.230056 7.750447 4.608016 8.791842 -24.896303 -1.655553 8.322130 0.731144 -7.059847 11.282646 0.896488 -3.310801 -0.415586 -5.197062 -5.176520 4.555760 13.577784 13.107818 1.476796 -25.941875 4.017741 -0.752859 -14.883954 -6.132774 13.913200
-4.508783 21.885361 -9.938045 9.419782 -5.701329 -1.686377 8.472922 4.510281 8.958049 -25.498600 -1.436066 8.879100 0.399794 -7.020091 11.503143 0.960899 -3.457868 -0.584232 -4.718283 -5.354502 5.034995 13.135872 13.300674 1.006945 -25.916956 3.252224 -0.199076 -14.414088 -6.829458 13.838570
-3.537852 21.166784 -9.970870 9.851820 -5.187920 -0.976666 9.214121 4.458999 9.590886 -26.519110 -1.366343 9.138783 0.152988 -6.980028 11.604019 0.710480 -3.563069 -1.289402 -4.351632 -5.560459 5.881829 12.159232 13.498616 0.497353 -26.238741 2.006088 0.614211 -14.017563 -7.230004 14.064296
-2.946160 20.288811 -10.396855 10.170971 -4.692452 -1.021192 9.356551 4.303909 10.288150 -27.238543 -1.348444 9.311928 0.052047 -6.861535 11.609987 0.475534 -3.652385 -2.015579 -4.169656 -5.700437 6.935918 10.741041 13.589265 0.313675 -26.608829 0.677103 1.786174 -13.347333 -7.493101 14.922444
-2.323113 19.237312 -10.641734 10.469465 -3.548100 -1.846858 9.025721 4.481699 11.479081 -28.022840 -1.268584 9.532396 0.429159 -6.873004 11.837113 0.550698 -3.577710 -2.772091 -3.802511 -5.660228 7.752144 9.362111 13.789436 -0.454387 -27.296602 -0.540570 3.050839 -12.993218 -7.421329 15.679875
-1.846915 18.399532 -10.938925 10.711551 -2.069372 -3.150093 8.651267 4.652199 12.611850 -28.636217 -1.235569 9.722974 0.647659 -6.824579 11.788157 0.527684 -3.476610 -3.366330 -3.624151 -5.654304 8.668416 8.163638 13.684890 -0.795360 -27.453287 -1.294528 4.168866 -12.307998 -7.399930 16.071695
-1.725501 17.883160 -11.026795 10.426571 -0.584645 -4.592038 7.900743 4.937685 13.474117 -29.095840 -1.133768 9.735930 1.092166 -6.939445 11.836288 0.563664 -3.239239 -4.077034 -3.437745 -5.539613 9.609859 7.189155 13.938319 -1.451480 -27.611498 -1.926930 5.332828 -11.408040 -7.542983 16.245113
-1.713197 17.808779 -10.893749 9.929278 0.790514 -6.336603 7.195623 5.483221 14.064846 -29.303797 -1.076811 9.343740 1.779024 -7.043978 11.952509 0.649461 -2.992101 -4.402218 -3.489136 -5.180820 10.269255 6.668418 13.901528 -2.444132 -28.236677 -2.874661 6.259648 -10.920638 -7.787847 16.481186
-1.871191 17.807821 -11.032102 9.296740 1.722304 -7.798572 6.330078 5.808156 14.475358 -29.212683 -1.054859 8.856180 2.579524 -7.092056 12.172564 0.768700 -2.707952 -4.597487 -3.586301 -4.805883 10.524723 6.085200 14.140696 -3.426673 -28.506720 -3.139787 7.525603 -10.302396 -7.975498 16.219032
-2.146850 18.178999 -11.145927 8.905661 2.387087 -9.168941 5.446308 6.277428 14.800424 -28.939407 -1.084793 8.400588 3.107535 -7.253068 12.340510 0.944783 -2.443676 -4.407442 -3.737964 -4.399203 10.692060 5.361332 14.521888 -4.905434 -29.279514 -3.981477 8.362096 -10.082330 -8.097692 16.229149
-2.894624 18.274300 -11.289791 8.666924 3.443995 -10.311458 5.344660 6.306170 14.994946 -28.783392 -1.098735 7.966440 3.755185 -7.339491 12.434483 1.087248 -2.189430 -4.262362 -3.893780 -3.824381 10.638252 4.206905 14.748139 -6.063425 -29.412907 -4.714126 9.663763 -9.798102 -8.416919 15.748558
-3.641937 18.847858 -11.080783 8.660785 4.502874 -11.675915 4.671506 6.497699 15.176246 -28.247282 -1.257648 7.676055 4.037632 -7.486080 12.507653 1.067340 -2.052716 -3.957056 -3.915743 -3.438469 10.438993 3.199650 14.900578 -6.734075 -29.481020 -5.360314 10.527339 -9.795346 -8.621740 15.575820
-3.975176 18.968296 -10.914019 8.448242 4.650906 -11.928760 4.650998 6.337163 14.822845 -28.096767 -1.199811 7.703260 4.241471 -7.461717 12.521303 1.120812 -1.981842 -3.903600 -4.015862 -3.180557 10.388904 2.627878 15.129313 -7.317619 -29.659014 -5.851588 10.718429 -9.787335 -8.601083 15.387141
-3.862131 19.165064 -10.868663 8.316441 4.913090 -11.912498 4.491563 6.277792 14.444787 -27.961710 -1.193990 7.710900 4.219521 -7.505096 12.500023 1.161633 -1.938786 -3.804341 -4.000106 -3.212699 10.235451 2.535899 15.067383 -7.305883 -29.555975 -5.882180 10.774961 -9.826251 -8.671276 15.421153
-5.795862 6.071719 -14.460822 2.821420 -0.573166 1.442704 6.042012 6.511594 15.194551 -28.868914 1.805727 7.135911 2.178872 -5.501817 9.959479 0.062183 -5.051274 -3.629350 -4.292957 -0.207428 15.729973 2.342858 11.815381 4.959869 -21.344667 -6.494842 6.651583 -5.837365 -13.922342 11.889911
-7.145299 0.782222 -12.271350 -2.138608 7.194150 4.189804 6.307312 6.770492 15.828611 -28.190561 5.351385 8.108728 2.408912 -3.659731 7.616407 0.283584 -4.200761 -4.267514 -3.919427 1.700642 13.586804 -1.152542 9.678084 1.060293 -19.789074 -10.117919 5.807410 -2.102169 -20.553055 10.046955
-7.089036 0.368492 -13.486768 -4.329702 11.259605 0.465912 5.836618 5.107853 14.307473 -28.278507 5.273764 8.751167 1.536361 -2.701558 7.789195 -0.990310 -5.214047 -4.868780 -2.738291 1.158455 11.700336 -2.339784 8.312827 -1.339373 -19.512194 -10.837252 8.356969 -1.803977 -22.281569 7.772762
-10.068948 -0.954412 -14.087399 -4.551006 14.574657 2.156509 6.855314 2.567412 15.146462 -27.095751 6.146243 8.890532 0.675078 -1.850168 6.854397 -1.686601 -5.320978 -3.900433 -2.631003 1.750768 9.127198 -2.636516 7.270551 -0.576442 -17.149500 -9.618637 6.696078 -1.034711 -25.021612 4.054187
-10.451845 -2.366131 -13.475161 -5.177079 16.537708 4.702805 9.740155 1.780862 15.390613 -26.069012 7.109502 9.447713 -0.235863 -1.636374 6.709801 -1.404758 -5.474904 -3.553907 -2.348507 2.438115 7.181823 -4.309129 8.215041 -0.997710 -16.010149 -9.501350 4.537832 -1.160118 -26.066523 1.350142
-5.872131 2.606786 -17.274244 -4.305921 16.660063 -4.240312 10.796163 0.744406 13.388989 -27.662825 4.380847 10.400597 -0.546689 -1.784609 9.294706 -1.499187 -7.553282 -2.219738 -2.104096 0.131259 9.779996 -2.857744 11.713653 -7.407728 -20.857740 -10.601369 12.928555 -2.314829 -23.131714 1.666704
-5.435173 5.564907 -19.260765 -3.432493 15.230468 -10.050353 10.172779 -1.708391 10.288178 -30.375353 1.857527 10.763945 -1.006213 -1.601392 11.179532 -1.852389 -8.454988 -2.292787 -2.689144 -0.269072 10.325600 -3.003766 14.671105 -9.761085 -22.445400 -10.245815 17.336863 -3.602477 -20.859037 2.188973
-14.231322 -0.812663 -11.180300 5.052531 17.594530 13.950565 8.407285 -7.264862 11.855784 -20.010153 8.395378 11.374911 -4.633096 -1.624831 6.059071 1.273684 -4.239180 -4.175204 -2.592454 1.046906 -1.845581 -5.310141 6.890077 1.115012 -12.866879 -2.103299 3.735643 7.512934 -27.366573 6.669447
-11.734284 2.161649 -16.922964 1.978295 17.764568 3.695910 10.667038 -5.700027 11.017972 -23.563562 6.045420 11.982636 -3.375476 -1.739630 7.257268 -0.640167 -6.634700 -2.858370 -2.207411 1.044968 3.146609 -4.515396 9.747470 -5.494523 -16.162701 -5.601112 9.234445 3.157481 -26.933323 3.573334
-10.581994 0.092872 -15.108471 -2.597782 17.146214 2.691716 11.508861 -1.562485 14.145754 -26.129465 6.516954 11.046573 -1.837207 -1.775625 6.893231 -1.004195 -6.264493 -2.943031 -2.199745 1.761552 6.420039 -3.905272 9.696416 -4.374398 -16.608603 -8.057398 7.230586 0.221397 -26.423819 1.851606
-5.975561 3.368188 -17.549095 -4.652776 16.931196 -3.810160 11.118976 -0.104260 12.470597 -27.167448 4.488754 10.920950 -1.021646 -1.816183 9.309265 -1.296144 -7.488331 -2.156083 -1.801130 0.067765 8.917706 -3.359515 12.185153 -8.286308 -20.613319 -9.926594 12.718081 -1.598581 -23.657309 1.744050
-5.597737 4.156403 -18.881783 -5.310208 15.413155 -6.920135 11.915829 0.155300 12.895057 -26.466717 3.793246 10.368072 -0.793257 -1.716564 10.117545 -1.537663 -7.919957 -1.660090 -1.612832 -0.505796 9.662689 -3.241593 13.416114 -9.053292 -21.339407 -10.060009 15.423949 -2.925599 -22.176371 1.812998
-11.636823 -0.380446 -14.430345 0.906875 17.634970 7.125315 10.574777 -2.737059 12.887155 -24.655890 6.976472 11.100524 -2.573023 -1.849200 6.476185 -0.594288 -5.507881 -3.539861 -2.280673 2.105612 4.258884 -4.114037 8.576137 -3.215383 -15.532352 -6.509216 5.473360 2.491747 -27.747427 2.665161
-10.004823 2.381409 -17.462389 -1.101208 16.343229 -2.009955 11.499138 -3.343844 13.185531 -26.334385 5.097945 11.594710 -2.053021 -1.786406 8.155835 -0.945209 -7.040059 -2.453714 -2.238144 0.664708 6.382519 -4.171207 11.277461 -6.829469 -17.699915 -7.487983 11.596843 -0.302822 -24.971163 2.491671
-12.936263 1.219270 -14.938506 4.076747 18.602777 8.629973 9.563632 -6.210867 11.661843 -22.654593 7.102109 12.111725 -3.987016 -1.625225 6.618586 0.144329 -5.523551 -3.546247 -2.565897 1.289227 0.923130 -4.990347 8.866662 -3.072479 -15.043072 -4.313571 6.840116 4.616749 -27.557253 5.164285
-8.607181 3.507689 -18.897217 -0.895402 15.493757 -4.098796 10.899545 -3.493196 12.063241 -26.577374 3.988627 11.612185 -1.957815 -1.698709 9.315559 -1.021757 -7.487596 -2.697235 -2.467243 0.256514 6.568564 -4.380825 12.614945 -7.686188 -18.903849 -7.644477 13.687088 -0.669059 -24.209623 3.184189
-6.044788 5.479865 -19.580734 -3.822648 15.525649 -9.197189 11.080298 -2.022011 10.616054 -28.665630 2.087943 11.072592 -1.258956 -1.345491 11.055564 -1.739533 -8.322466 -2.277633 -2.756413 -0.261950 9.612283 -3.355147 13.975833 -9.639953 -21.815313 -10.319016 17.579645 -3.248615 -21.339390 1.899666
-4.975924 5.788161 -19.924192 -2.901757 14.578748 -12.256345 9.218131 -1.446433 10.313546 -31.991701 0.855143 10.387524 -0.402762 -1.342106 11.875469 -2.269261 -8.743473 -2.561171 -3.416444 -0.387444 11.503560 -1.982674 14.230906 -10.409901 -23.269506 -10.953417 18.733095 -4.081708 -20.128593 2.267968
-5.144728 5.524382 -19.537996 -5.310694 15.593287 -8.200731 11.908803 -0.749538 11.137033 -26.823372 3.148925 10.467076 -0.942472 -1.570052 10.638801 -1.622119 -8.233105 -1.395355 -1.701185 -0.754488 9.924080 -3.635067 14.281648 -9.687131 -21.996717 -10.535039 17.329645 -3.357854 -21.111708 1.717723
-4.990816 6.953703 -20.069418 -3.916291 15.241841 -12.098123 10.607882 -2.294122 8.862701 -30.721224 0.922224 10.980556 -0.921384 -1.266513 12.167550 -1.979378 -8.802362 -2.059315 -2.921322 -0.472677 10.569257 -3.473809 15.379129 -10.766586 -23.169458 -10.800646 19.192078 -4.214039 -19.848505 1.864268
-4.335519 5.336490 -19.570057 -5.002332 14.416176 -12.751802 4.816424 0.603777 9.863681 -31.808666 1.022046 9.241482 0.782039 -0.967193 11.809692 -2.814057 -8.499645 -3.029786 -3.710442 -0.527294 10.936059 -1.251519 13.294236 -8.420093 -23.225845 -11.696850 19.128229 -5.659554 -19.426899 2.368614
-4.141078 7.836925 -21.152048 -6.161435 15.912937 -14.022190 4.050170 -1.874135 5.297016 -31.915936 0.119870 10.169702 -0.348386 -0.185030 12.105690 -3.586479 -8.740175 -2.462280 -3.722099 -1.396784 8.858669 -2.888266 12.622114 -8.998818 -22.766417 -11.956910 22.249865 -7.467850 -18.727188 1.007543
-3.490389 10.323620 -19.758287 -9.784214 19.258604 -13.844571 2.813565 -3.421501 -1.913635 -29.193518 -0.326397 10.362993 -1.522571 0.605842 12.599090 -3.787876 -8.765945 -1.478277 -3.473445 -1.428200 7.455367 -5.971769 12.756728 -10.344907 -22.948782 -11.900560 23.702681 -7.662892 -17.734648 0.265220
-16.396505 -1.685621 -15.193175 -2.074250 17.381886 7.131715 1.814897 -4.656773 15.098094 -20.733450 8.207604 11.030966 -1.603085 0.061761 5.284738 -1.763124 -4.475033 -4.631600 -2.935548 0.416655 -1.873435 -2.443906 2.247038 2.081319 -12.832335 -5.567702 6.196072 1.776255 -28.291292 4.017507
-10.534487 3.272164 -17.707811 -7.976942 18.885494 -1.326733 -2.462332 -1.445878 9.870381 -21.257374 6.272951 9.227898 -0.542929 1.031759 7.137978 -3.477543 -5.762701 -2.762337 -3.312255 -1.856122 -1.414212 -2.544309 3.841188 -2.030872 -15.849092 -6.798993 12.011191 -2.690813 -24.758226 0.972348
-8.047892 5.197968 -17.092510 -12.416397 19.304354 -4.748961 -6.131197 1.433079 8.266870 -21.917913 5.144141 8.304355 0.062892 1.325976 8.146660 -3.642778 -5.733568 -0.797019 -3.740068 -2.728754 -0.512569 -3.658316 4.222580 -3.644370 -17.314051 -8.342915 15.791680 -6.618978 -22.491817 0.264947
-6.947917 8.010219 -15.654443 -15.213026 19.725920 -6.427560 -6.452570 2.620943 6.037202 -23.201506 4.411951 7.172045 1.300979 1.410786 10.210590 -3.204737 -5.253403 0.695252 -4.048255 -2.933980 0.654376 -4.863345 4.868383 -4.760526 -19.510523 -10.823021 16.698933 -10.631561 -20.023268 0.342803
-6.256416 11.115171 -14.251499 -16.673241 19.156313 -7.489466 -6.745459 4.220028 3.175832 -23.169779 3.465203 6.159783 2.253775 1.174618 11.812952 -2.881570 -5.592976 1.901696 -4.380761 -3.041737 3.276883 -6.268220 7.034793 -3.867545 -21.599207 -11.662273 18.075266 -13.699990 -15.651552 -0.375475
-6.859819 14.974881 -14.220693 -16.166388 17.226578 -12.927560 -8.659913 3.203404 -1.439249 -27.189781 0.109002 6.190186 3.648159 1.384094 14.122316 -3.040198 -5.638693 2.206976 -5.883713 -2.719250 6.633459 -5.950831 8.684319 -5.043945 -24.381834 -12.136086 19.686277 -15.332580 -11.719189 -0.608910
-6.625695 16.097870 -12.713964 -15.168491 14.280058 -13.065119 -9.538881 4.495084 -4.656533 -28.988928 -0.579557 6.078371 5.042756 1.154925 14.611897 -2.258561 -4.796722 2.336859 -6.698048 -2.001435 8.362958 -5.981143 8.033719 -3.808391 -24.763241 -12.772654 19.800890 -16.873215 -8.846918 0.114674
-6.482596 16.846424 -12.153794 -15.049026 11.956409 -10.934880 -8.979030 5.209427 -5.768672 -29.093016 -0.433572 5.925884 6.529080 1.088754 14.671196 -1.363427 -3.992937 2.570795 -7.305432 -1.532628 8.751597 -6.444739 7.592870 -1.954820 -24.106899 -12.700388 18.503302 -18.605341 -8.156172 0.231948
-5.945121 17.089424 -10.887766 -14.304548 10.897648 -8.376333 -7.810729 6.394867 -5.652409 -29.918219 -0.078967 6.121778 7.299630 0.538873 14.261325 -0.474960 -3.603645 2.559739 -7.534222 -0.719371 10.258983 -6.156322 6.115461 -0.489161 -25.018343 -14.048328 16.743578 -20.474611 -7.061707 0.466924
-5.389106 16.600683 -9.834516 -14.308010 10.455756 -7.258707 -8.672987 7.480571 -4.430328 -31.604752 0.227367 5.587327 8.413136 0.313088 14.164633 -0.131167 -3.037336 1.826973 -7.553316 0.269954 11.195110 -6.392371 5.977602 1.295857 -24.547749 -14.649057 14.460581 -21.058878 -7.109993 1.263245
-5.672032 16.412889 -9.023559 -14.921131 8.708883 -4.010277 -9.818643 6.391007 -4.189873 -32.809147 0.439389 5.586420 9.373101 0.080804 13.658422 -0.116365 -2.222453 0.354594 -7.712503 0.615070 13.238652 -5.254913 6.863214 4.023444 -24.648426 -15.336078 10.861917 -21.205889 -6.748361 3.077163
-5.840835 16.428049 -7.641459 -16.133894 7.485929 -2.148692 -11.660735 5.988328 -3.572628 -32.946445 0.488721 4.306097 9.999385 0.041986 13.074331 -0.593433 -1.622344 -1.023453 -8.102738 0.425817 15.658116 -4.490765 6.390305 6.590051 -25.511517 -15.790621 8.559835 -21.709757 -5.186632 3.652297
-5.380935 16.151150 -7.516190 -15.454283 7.612063 -2.541664 -11.111512 6.395044 -3.573571 -33.154999 0.367381 4.090889 10.212722 0.121742 13.259264 -0.841066 -1.543218 -0.882564 -7.853043 -0.007474 15.990920 -3.946239 6.062168 5.944798 -26.075069 -15.430128 8.600443 -20.829672 -4.703491 3.893528
-5.002697 14.005926 -8.007945 -12.817223 7.654266 -3.222180 -9.312243 6.847081 -3.549729 -32.971428 0.256551 4.291317 9.856908 -0.042327 13.288646 -0.902942 -1.467317 -0.588664 -7.337892 0.048844 16.738489 -3.885981 5.337812 4.624455 -26.344019 -15.423918 9.336116 -18.662868 -5.661919 5.110370
-24.823441 -2.315824 -1.757532 -6.339280 2.852830 29.245426 -11.725571 5.473541 13.888076 -2.439079 10.197630 7.217095 0.685204 0.323575 4.859820 0.129979 4.599413 -1.428069 -3.299767 -0.707982 -6.695433 -6.643153 -8.511391 10.836244 -10.583391 -1.593509 -6.499306 -1.287291 -19.344339 8.251679
