11.691298 29.129635 -6.890314 4.667321 14.615603 5.539839 0.385270 16.040264 3.300280 -3.541788 3.067307 8.277796 5.228990 -8.979212 0.741006 -3.538321 -0.401784 5.291787 1.841289 -10.413446 11.101165 12.698618 -13.086674 -13.292432 -13.526294 10.027262 10.360833 -25.086437 -1.444576 13.298592
11.768703 29.141102 -6.863070 4.688324 14.718409 5.609621 0.452585 16.071756 3.299275 -3.633930 3.119770 8.331427 5.241066 -8.957652 0.675528 -3.541472 -0.406377 5.300563 1.864320 -10.413131 11.555370 12.837150 -13.513221 -13.775990 -13.133209 10.119404 10.462698 -25.399317 -1.537696 13.235017
11.095377 10.364999 -10.586923 -1.699737 8.416340 19.545273 -2.261846 18.394690 5.089089 -14.872258 6.355548 9.738325 9.096642 -4.934973 1.240119 -3.805553 -3.132316 2.050602 0.974353 -4.341276 25.927958 9.919333 -11.905463 -8.668413 -6.860948 0.100818 14.377310 -12.758931 -16.787271 9.339101
3.403540 3.129375 -6.033850 -1.432182 12.650539 25.933094 -0.721398 15.851180 8.358375 -15.641785 8.462401 9.341808 5.500517 -4.575005 0.116053 -2.592510 -1.934761 -1.012558 -0.826149 -0.254919 19.685961 6.958474 -14.640002 -0.637454 -10.317303 -4.340913 4.651781 -5.229113 -22.035110 5.851156
2.293465 1.174432 -5.553695 -0.701831 12.791064 27.076727 -0.455920 15.566491 9.974355 -14.749375 9.025507 9.108070 5.032521 -4.500085 0.062889 -2.286548 -1.556356 -1.648718 -1.192047 0.360357 18.419502 6.596492 -12.646520 0.306761 -9.454583 -4.018662 0.956334 -4.474431 -24.120174 5.955097
4.585883 3.178290 -9.134776 -1.581525 12.616306 23.081554 -3.418655 15.305583 9.724065 -14.769194 8.542550 8.817699 5.496201 -4.042695 -0.184864 -3.508109 -2.980720 -0.805511 -0.784995 -1.139778 18.949587 8.424430 -14.188337 -2.986279 -8.393714 -2.841981 6.483199 -5.704200 -23.453728 4.763923
6.148337 3.691860 -11.519467 -4.818127 12.834464 18.903437 -6.363433 15.793165 10.211604 -16.014482 8.154733 8.115988 5.973715 -3.582998 0.923199 -4.019145 -4.018004 -0.448618 -0.593984 -2.377335 19.329128 8.930311 -11.551014 -5.389340 -9.449261 -3.543497 9.176844 -9.133866 -22.082554 2.100135
8.683766 5.044374 -15.237601 -6.443505 11.345892 14.483821 -9.073567 15.808908 8.922349 -15.049377 7.202777 7.172720 6.745289 -3.030936 1.344064 -5.368690 -5.590685 0.791108 -0.048966 -3.917011 20.108000 9.471973 -11.991202 -7.477758 -7.981400 -2.209859 15.182073 -12.448392 -20.354208 0.841199
10.212884 5.141320 -16.802717 -8.726782 11.424191 11.328726 -11.119991 16.395281 9.360450 -15.462171 6.945112 6.472206 6.479688 -2.707771 1.695447 -5.699097 -6.555586 1.165967 -0.056882 -4.804586 21.542288 9.071823 -10.483947 -10.412969 -6.048587 -2.217703 17.234533 -16.246214 -19.585672 0.093702
10.195115 4.307837 -19.318472 -9.185908 11.436752 9.277493 -12.480933 16.151571 10.528848 -15.209379 6.853712 6.346057 6.190914 -2.382483 1.668314 -5.981138 -7.055707 0.882692 -0.259003 -5.490130 21.419992 9.104033 -6.826237 -11.122741 -5.082355 -1.830076 15.997163 -17.823511 -19.697618 -1.340747
9.076779 3.759986 -20.260853 -9.005404 12.733987 6.540545 -12.463207 15.924695 11.480453 -14.660417 7.154693 6.130980 5.647813 -1.858368 1.640053 -5.879799 -7.328118 0.557260 -0.715455 -6.004621 20.717997 9.191329 -4.967454 -12.408652 -5.141693 -1.790131 15.288403 -19.399927 -19.541761 -3.556871
7.373498 3.313759 -21.194822 -8.110481 13.187147 4.558656 -12.547621 16.105120 12.675887 -14.023673 7.395927 5.830316 5.434061 -1.393731 1.792509 -5.723636 -7.110271 0.459909 -1.256928 -6.363299 19.248793 9.284421 -3.952441 -12.216084 -4.355153 -1.434776 14.210895 -20.967077 -19.897667 -4.758618
5.787816 3.962569 -21.424383 -8.326036 13.664594 2.853766 -12.758530 16.051138 12.418635 -12.956030 7.749722 5.073622 5.750778 -0.615690 2.570961 -5.245539 -6.602860 0.799434 -2.114061 -6.537635 16.556532 8.188004 -4.084399 -10.913477 -3.575740 -1.505125 13.860012 -23.128336 -19.356129 -4.725232
4.410219 5.281758 -21.325895 -8.850114 14.168999 1.334216 -13.378852 16.020658 12.428862 -11.910307 8.123093 4.710810 6.521499 -0.421983 3.322770 -4.364777 -6.151557 1.227253 -2.909863 -6.549778 13.666330 6.661826 -3.737904 -9.453225 -3.074206 -1.223712 14.112726 -25.262791 -18.551590 -3.117647
3.346941 6.485873 -20.365171 -10.137730 13.148646 0.234904 -15.505033 16.841162 12.864236 -11.058254 8.382379 4.408518 7.640751 -0.578186 3.956821 -2.918423 -5.379798 1.566470 -3.751305 -6.396848 11.849161 5.359560 -2.728489 -8.903436 -3.127701 -0.016478 13.852424 -27.014414 -16.823988 -3.045224
3.086933 8.892265 -19.363302 -10.465071 12.980783 -0.409509 -17.107990 17.770290 13.463359 -10.455663 8.739503 4.582683 8.628769 -0.914029 4.047443 -1.378999 -4.930975 1.472283 -4.699000 -5.751909 11.208651 2.678699 -1.894390 -8.027143 -3.132011 1.209673 13.304400 -29.159327 -14.321314 -3.530829
2.865154 10.919863 -17.622656 -10.867136 11.848641 -0.545261 -17.248167 18.592157 13.215329 -10.215557 8.734052 4.324969 9.657646 -1.195304 4.316269 -0.392540 -4.364117 1.631813 -5.141067 -5.141623 10.897790 0.614676 -1.331767 -8.020738 -3.677254 1.912131 11.776074 -31.776194 -12.029989 -4.294984
3.442027 10.911135 -16.579557 -11.189609 12.065170 -1.111090 -16.857302 19.684050 12.716439 -10.982121 8.802884 4.169149 10.136076 -1.274871 4.428396 -0.200368 -4.234304 1.913209 -5.266605 -4.980300 11.560142 0.082703 -1.610367 -7.956681 -4.341199 1.481502 12.727420 -31.528008 -11.514040 -3.040721
3.584147 10.156431 -16.250834 -11.543144 12.125856 -1.466184 -16.674753 20.499125 12.608730 -11.517823 8.825305 4.198886 10.232104 -1.323129 4.234427 -0.411871 -4.324358 1.923129 -5.153491 -5.151501 11.664823 0.106136 -1.943940 -8.231953 -4.410223 1.194027 13.598820 -30.711048 -11.742498 -2.019022
3.603997 9.955605 -16.005323 -11.796345 12.305481 -1.822292 -16.863516 20.803341 12.322795 -11.704598 8.772117 4.158896 10.393934 -1.232859 4.258736 -0.589510 -4.270893 2.077063 -5.049131 -5.217500 11.975945 0.040140 -2.633321 -7.973130 -4.527434 0.942058 14.006447 -30.358526 -11.790798 -1.610959
3.351540 9.580554 -15.843678 -11.881944 12.370225 -2.164278 -16.870230 21.054209 12.247487 -11.874388 8.685345 4.043415 10.540892 -1.129572 4.254426 -0.830248 -4.184668 2.127371 -4.940512 -5.283887 12.280948 0.115157 -3.127702 -7.871032 -4.624074 0.692268 14.404336 -30.011953 -11.822794 -1.485405
3.221151 9.079487 -15.615696 -11.933506 12.396681 -2.333793 -16.948463 21.397654 12.013473 -12.016420 8.596414 4.044195 10.609311 -1.158616 4.156744 -1.078491 -4.172194 2.122580 -4.710264 -5.211846 12.604527 0.189062 -3.779947 -7.756790 -4.611370 0.553591 14.477740 -29.858694 -11.887051 -1.638295
3.173944 7.071564 -16.839417 -11.245708 13.651705 -2.152804 -16.629669 19.976051 11.673991 -11.737794 8.360116 4.535067 9.797733 -0.637150 3.955820 -2.253849 -4.359921 2.088104 -3.942364 -5.527788 13.604508 1.123795 -5.235236 -8.092099 -3.697342 0.012436 14.183411 -26.984732 -14.371656 -3.261775
-5.339507 -1.410342 -12.578465 -6.275964 16.236433 14.100954 -14.170816 14.180503 16.816462 -10.520830 10.935813 6.643793 4.119748 -1.090804 0.829395 -1.908086 -2.213362 -1.376987 -3.847477 -2.394936 4.550829 5.166892 -8.279222 -4.810189 -6.571199 -0.131182 -1.086737 -12.004297 -26.086473 -1.697181
-2.269785 0.321294 -13.697553 -7.012386 17.553335 9.394753 -13.736312 15.032745 15.486907 -11.975789 10.405552 6.280855 4.678494 -1.131770 1.550853 -2.098488 -3.727875 -0.389938 -3.602276 -3.253519 6.035922 5.661365 -6.095468 -8.284104 -6.662255 -0.600938 2.890327 -15.269617 -24.843927 -1.907277
-3.776546 -1.852585 -12.800908 -6.225029 16.237230 15.754223 -13.214375 14.254647 15.497265 -11.939336 10.458514 6.769837 3.001394 -1.279104 0.540822 -2.974473 -3.203517 -2.167684 -3.696301 -2.330792 6.578032 7.664779 -6.397278 -3.660217 -8.041458 -0.724705 -1.317680 -11.203892 -26.686132 -4.001901
-3.796957 -1.710259 -12.431235 -6.134872 16.071833 17.764170 -13.313527 13.908273 15.217818 -11.889095 10.615446 6.720858 2.417720 -1.584172 0.119744 -3.079462 -3.078173 -2.734236 -3.469801 -1.986645 6.858783 7.487559 -6.048293 -2.408744 -7.780065 -0.972984 -2.416329 -9.930081 -26.938986 -3.686845
-3.496455 -2.750381 -13.220212 -5.723931 16.051790 19.224737 -12.067182 13.154284 16.407394 -11.663138 10.802648 6.982811 1.405118 -2.065086 -0.297526 -2.984026 -3.551031 -2.947858 -3.011427 -1.496613 7.325930 7.406886 -4.424487 -3.716565 -7.914912 -1.160819 -2.998091 -7.561159 -28.702665 -1.961868
0.002566 -1.396847 -15.601674 -6.102533 16.779787 13.190351 -11.548934 13.738947 15.640292 -13.709110 10.077262 6.638072 1.873806 -2.169271 0.521284 -3.332478 -5.471334 -1.590543 -2.222124 -2.587980 10.137839 8.439707 -2.549881 -10.275972 -7.184964 -0.411913 1.106320 -8.943788 -28.215155 -2.316997
-0.905827 -1.811023 -14.345884 -4.357244 16.199961 18.865061 -9.391863 11.533337 17.102928 -12.211895 10.408614 6.931303 0.752580 -2.810000 -0.090167 -2.924385 -4.636321 -2.433353 -1.968390 -1.372909 9.840690 7.679361 -2.677471 -7.993753 -6.918843 0.202966 -1.638748 -3.694119 -30.480404 0.938115
-6.583672 -4.237926 -7.108814 -1.710469 11.591639 31.126793 -5.064560 9.194116 19.900864 -8.735716 11.849711 8.076975 -2.133808 -3.769723 0.011987 -0.349496 -2.360137 -1.802091 -1.066880 -0.115834 4.190802 -0.410188 -4.329970 -3.506201 -6.116615 1.612107 -1.288102 4.308873 -29.705881 10.987844
-0.609037 -0.488566 -12.794576 -2.058408 13.868608 22.550592 -5.164300 11.361458 16.386478 -12.666222 9.894227 7.175537 -0.697678 -4.452416 0.962826 -1.969146 -4.694648 -1.603799 -0.673776 -0.542431 11.722599 4.111221 -1.676031 -7.797496 -6.660091 0.365821 1.028948 -0.425453 -29.478693 6.410236
3.229584 1.468205 -14.365847 -3.066936 13.013344 17.349346 -5.201469 13.352124 15.270554 -14.778079 8.477139 6.649481 0.719224 -4.946786 1.987857 -2.374965 -6.176990 -0.005985 0.182320 -1.336078 16.431335 5.297257 -0.643822 -9.665397 -7.347402 0.715601 6.776950 -2.062924 -26.371096 6.054553
8.375880 3.845419 -16.879675 -4.574013 11.044888 12.986431 -3.772758 15.570661 12.222522 -15.938145 7.595472 5.693542 0.970676 -5.494103 3.747796 -2.188170 -7.201090 1.230096 1.193547 -2.464194 22.334578 4.795131 2.483124 -12.206656 -6.279156 0.669140 12.402233 -5.098239 -23.224852 6.244321
9.763818 4.980293 -17.463509 -3.412731 10.418502 12.860842 -1.623235 16.034491 10.216329 -15.724434 7.751451 5.128924 0.475209 -6.663305 5.362712 -0.176715 -7.474410 1.425285 1.230770 -1.842177 27.715324 3.303757 4.572517 -12.757947 -4.231220 -0.185772 15.359404 -6.963397 -20.917843 9.192703
10.527860 5.175563 -16.660210 -1.459255 9.680126 14.903965 1.005500 16.444029 8.187592 -15.422173 7.876767 4.177242 -0.019110 -7.701210 6.573081 1.675792 -7.472586 1.173808 0.866540 -1.383162 29.350409 1.667334 5.644575 -10.797488 -3.897644 -0.721898 14.586474 -6.398798 -18.898985 11.893039
11.981160 6.245260 -16.070204 0.453657 10.268395 15.855353 2.927016 16.846983 6.805327 -15.378057 8.126412 3.439809 -0.504051 -8.864391 7.636000 3.427608 -7.383029 0.459005 0.640822 -0.684118 30.525826 0.212044 7.436841 -10.409507 -4.208581 -0.521979 12.504884 -7.278206 -16.645182 12.539699
13.785975 8.059484 -14.322166 -0.452277 10.875969 16.403528 5.002564 16.634588 5.753849 -16.334583 8.560977 3.746001 -0.157624 -9.310478 9.082397 4.648356 -6.878656 -0.984897 1.111377 -0.583871 30.898758 0.206418 8.651790 -13.391901 -7.166369 -1.244831 10.897985 -8.263270 -15.664352 11.599215
14.170736 8.287336 -13.190345 -1.036273 11.883612 15.972905 6.561957 16.595194 5.423065 -17.429358 8.626722 4.191113 0.143064 -9.315800 9.380493 4.871181 -6.425938 -1.454091 1.470522 -0.596357 30.716129 -0.003668 9.442986 -15.436306 -8.472631 -1.898838 10.946950 -8.726077 -15.419224 10.860005
14.112162 8.197508 -13.011460 -1.256399 12.039980 15.793950 6.391565 16.600660 5.319574 -17.584570 8.622025 4.237858 0.096324 -9.289047 9.425789 4.836633 -6.376024 -1.577846 1.526341 -0.608811 30.749884 0.190701 9.452778 -15.618464 -8.778065 -2.137040 10.702777 -8.794896 -15.433977 10.687877
