3.217970 29.948917 -6.848816 12.465955 9.085644 -4.568247 -3.527962 6.599201 -2.940256 -20.524677 2.244172 3.307226 4.482371 -9.056269 -3.807447 -5.660322 -3.943170 8.725513 -2.772131 -7.151812 4.330324 6.332931 7.472279 1.420461 2.552906 23.713331 -0.580768 -24.491022 -4.300734 20.029173
3.229757 29.979584 -6.805904 12.554502 9.100871 -4.637602 -3.579716 6.538847 -3.112161 -20.846827 2.274607 3.325197 4.491198 -9.044946 -3.888053 -5.687458 -3.964248 8.734091 -2.792549 -7.117284 4.650947 6.351668 7.460280 1.002797 3.015602 23.923689 -0.522886 -24.777937 -4.351014 20.150351
1.680409 14.748309 -10.997859 7.618864 -0.199631 9.698825 -8.428279 8.440259 -1.781293 -28.805414 5.293835 5.430591 7.990214 -5.583494 -2.270877 -5.532710 -5.310583 4.879033 -2.637921 -3.332693 16.850931 4.832648 7.948090 3.452379 7.056251 14.022797 2.858818 -13.695312 -17.958120 17.207165
1.492135 10.243216 -12.447194 8.020631 1.885178 8.852548 -8.920856 8.150167 0.198548 -30.205683 5.379508 5.156983 7.803047 -5.083501 -2.516615 -6.202673 -6.405782 4.491109 -2.543509 -2.219374 18.102163 3.694495 7.804615 4.289929 8.362741 12.778585 3.468725 -13.694289 -19.462118 14.270524
1.664680 5.210842 -11.055952 2.054117 6.362984 12.411479 -7.523980 11.613454 6.488000 -25.893744 6.714040 4.479535 6.437379 -4.410858 -2.825052 -6.103410 -6.726084 3.005858 -3.555754 -0.409001 14.181751 4.734321 5.658262 9.017589 4.280124 10.008782 0.238927 -9.468013 -22.553240 9.593106
0.974659 3.210249 -10.927086 -1.150115 10.001616 11.347869 -8.438803 10.828629 7.703753 -27.804300 7.430169 3.326463 5.575182 -3.437461 -2.898659 -6.308951 -6.929487 2.216868 -4.823947 0.651226 12.154122 2.473708 4.570924 7.962504 5.351620 9.187428 -0.009906 -8.761135 -24.564146 7.469607
2.028138 4.063206 -13.228711 -4.667305 12.319202 5.698697 -9.111669 9.879841 6.735764 -27.741703 7.022988 2.778838 6.070468 -2.662055 -2.994228 -7.581121 -8.494576 3.265919 -4.587753 -0.123553 11.519599 1.699984 5.224500 7.344728 5.783863 9.566166 4.494488 -10.063354 -24.181147 5.111177
0.122738 2.019314 -12.397447 -6.398372 14.414864 5.788445 -9.615206 9.681682 8.182973 -28.606642 7.667219 2.977376 4.870476 -2.166944 -2.960718 -7.276236 -8.186571 1.968644 -4.923588 0.675022 10.341474 1.748729 3.856911 7.576880 5.830369 8.813117 2.904624 -8.394773 -25.442591 2.975111
1.243783 3.591519 -15.708134 -6.561806 15.135881 -0.778805 -10.658460 8.363263 6.357805 -28.564009 7.178831 2.269595 4.766623 -1.862587 -2.574616 -7.851075 -9.856630 3.793616 -4.687127 -1.257698 10.929441 2.107208 5.002081 6.172836 7.482636 9.479999 7.774273 -12.139173 -23.787329 0.952121
1.161997 5.446629 -17.086967 -5.482122 15.353344 -6.396990 -12.521979 6.723093 3.990980 -32.343258 6.935853 1.643395 4.756407 -0.854671 -1.423813 -7.565416 -10.442068 5.181668 -5.336103 -2.561538 10.298029 1.763726 4.865896 3.326586 9.857687 10.854283 9.845960 -15.812281 -23.931849 0.129923
-0.571613 6.554231 -17.699865 -5.574620 14.558472 -8.628849 -14.376533 5.658797 3.188602 -32.219940 7.000473 0.705324 5.068118 0.151879 -0.366875 -7.058993 -9.906166 5.532591 -6.063209 -3.282758 8.583909 1.069512 4.445145 1.884224 11.214485 10.341999 10.549962 -19.997789 -22.530592 -0.324930
-1.248167 9.667034 -19.391472 -5.045712 14.192535 -9.636257 -16.705784 4.473351 2.466218 -29.611975 7.684988 0.886240 5.419755 0.115364 0.542074 -5.318968 -9.292635 5.898727 -7.253874 -4.199365 5.515429 2.093387 3.114245 0.836601 10.191548 10.564328 12.528454 -22.011486 -21.683622 0.376804
-1.426796 10.852341 -19.911049 -5.079342 13.916941 -10.069935 -17.127867 4.107868 2.644818 -29.111944 7.839441 0.827758 5.260856 -0.054046 0.641010 -4.781322 -9.187113 5.890828 -7.582675 -4.239432 4.961049 2.402192 2.239544 0.731901 9.945232 10.807178 13.021005 -22.580694 -21.566500 0.466543
-1.587708 11.118160 -19.993998 -5.222102 13.951044 -10.300612 -17.284786 4.018503 2.682770 -28.956030 7.845678 0.862719 5.317624 -0.040912 0.684401 -4.700004 -9.108925 5.853576 -7.597036 -4.253864 4.689491 2.520448 1.968851 0.617433 9.729080 10.779594 13.274949 -22.784662 -21.469038 0.337218
-1.584547 11.152091 -20.034060 -5.140804 13.977077 -10.210040 -17.307249 4.008811 2.689322 -28.908134 7.825836 0.876286 5.340257 -0.060796 0.674071 -4.706662 -9.097963 5.832191 -7.598671 -4.277226 4.698049 2.601528 2.026509 0.623823 9.789394 10.816865 13.291557 -22.757608 -21.554359 0.382042
-1.565103 11.114699 -20.061872 -5.121202 13.941267 -10.208103 -17.357979 4.018839 2.663788 -28.978148 7.833317 0.879673 5.332794 -0.070325 0.655042 -4.716097 -9.093674 5.831837 -7.578551 -4.253573 4.717898 2.601438 2.034844 0.645833 9.806076 10.813299 13.270501 -22.747843 -21.539688 0.352269
-1.575433 11.116594 -20.009928 -5.167837 13.974441 -10.198779 -17.344780 4.042039 2.686150 -28.976906 7.833390 0.901031 5.328076 -0.066841 0.655764 -4.716179 -9.093937 5.847002 -7.582622 -4.270881 4.710644 2.596270 2.036834 0.640246 9.813994 10.829292 13.264105 -22.816231 -21.503382 0.311130
-1.570147 11.109771 -20.003656 -5.145332 13.983902 -10.191648 -17.335648 4.040673 2.683950 -28.987406 7.840859 0.908686 5.333043 -0.064929 0.652497 -4.714507 -9.090870 5.843425 -7.580990 -4.261000 4.729847 2.592577 2.055200 0.634684 9.817803 10.837101 13.256174 -22.798700 -21.513901 0.327580
-1.583436 11.124813 -19.996763 -5.137163 13.998693 -10.194283 -17.330074 4.022013 2.690326 -28.984430 7.857934 0.908674 5.317091 -0.077088 0.652233 -4.682255 -9.080011 5.850086 -7.580478 -4.229551 4.722098 2.582401 2.068417 0.630035 9.812293 10.836262 13.261106 -22.804489 -21.510201 0.339811
-1.586154 11.133231 -19.996746 -5.145411 14.003910 -10.200141 -17.337334 4.020859 2.695930 -28.982637 7.858410 0.911739 5.320012 -0.074673 0.651897 -4.682106 -9.078047 5.850808 -7.581091 -4.230975 4.718228 2.587483 2.066033 0.628142 9.808527 10.836626 13.263761 -22.807692 -21.511971 0.332494
-1.593069 11.132324 -19.989439 -5.139199 14.003744 -10.197393 -17.333916 4.016491 2.689045 -28.989477 7.860759 0.912586 5.317520 -0.069678 0.652555 -4.678313 -9.078659 5.853393 -7.592730 -4.241413 4.712621 2.587227 2.053329 0.635246 9.811241 10.832154 13.260179 -22.829016 -21.501692 0.317497
-1.585836 11.134364 -19.996721 -5.144515 13.999142 -10.204394 -17.340107 4.024199 2.701804 -28.983337 7.859334 0.906008 5.319102 -0.077295 0.651091 -4.679371 -9.076626 5.849029 -7.582227 -4.227531 4.721291 2.591221 2.060209 0.632122 9.810812 10.833233 13.261108 -22.802038 -21.511776 0.329287
-4.956149 9.020752 -15.478008 -14.992063 19.891016 -6.595270 -9.680495 3.787963 5.431005 -23.571943 8.471525 0.198178 3.694613 1.266060 1.764263 -4.708205 -8.371885 8.980921 -6.942469 -1.624000 0.031346 -6.510996 1.732250 6.221886 7.928368 7.830510 12.757512 -18.159874 -21.926449 -0.198692
-10.542495 8.185219 -12.940502 -15.544949 22.036533 -0.616968 -6.020319 0.123502 4.310060 -22.220934 8.587781 1.092479 2.782753 2.000340 2.704575 -4.794135 -5.933735 7.536535 -6.609084 1.025701 -1.470163 -10.235245 -0.258684 7.551229 6.460561 4.553118 10.239784 -13.787844 -24.201267 1.963673
-13.685712 7.420794 -11.477544 -15.197437 23.120714 3.617135 -1.584557 -1.148463 3.774585 -19.722603 9.306766 1.845872 2.775369 2.290220 3.043397 -4.565190 -4.908968 6.837068 -5.986970 2.186953 -1.167883 -12.940861 -0.752959 8.106646 4.816709 2.395882 8.050139 -11.393645 -25.051260 1.275123
-15.612805 6.346653 -10.347993 -16.509363 22.893408 5.975897 -1.312341 -1.633713 4.193444 -19.161547 9.757766 2.300309 2.603520 2.583560 2.997298 -4.762890 -4.147456 5.956058 -5.708386 2.470538 -1.986684 -13.613158 -2.225499 7.552538 4.398801 0.525768 6.578266 -11.533344 -25.666075 1.274522
-16.478239 5.401258 -9.941625 -17.399862 22.439472 7.306163 -1.866010 -1.469102 5.060723 -19.131191 9.857125 2.751694 2.341500 2.640982 2.969517 -4.686677 -3.606555 5.702501 -5.545659 2.192657 -2.509854 -14.122572 -2.300042 7.707728 4.165379 -0.458388 5.743920 -12.112145 -25.876230 1.272284
-17.341021 4.501360 -9.690406 -18.138586 22.031393 7.955158 -2.334774 -1.577611 5.758197 -19.022223 9.885875 2.869860 2.255270 2.694084 2.756921 -4.927400 -3.305612 5.232209 -5.436095 1.928840 -3.130154 -14.032149 -3.062910 7.744967 4.059508 -1.005005 5.168329 -11.923883 -26.316557 1.355850
-17.708210 4.166180 -9.697583 -18.147913 21.668823 8.544877 -2.975805 -1.458156 6.238702 -18.586164 10.167586 3.210908 2.143825 2.831823 2.642484 -4.973833 -3.047241 5.181740 -5.368075 1.816333 -3.611413 -14.080274 -3.336784 7.932778 3.407618 -1.855070 4.945834 -12.138223 -26.423452 1.503694
-17.871052 3.581161 -9.554555 -18.494606 21.278164 8.958348 -3.268924 -1.098430 6.415614 -18.533312 10.348199 3.311885 1.983852 2.765234 2.405364 -5.030316 -2.936076 4.945900 -5.134045 1.706163 -4.186749 -14.286913 -3.594673 8.097848 3.393836 -2.124485 4.485981 -12.417474 -26.518236 1.528472
-18.335350 3.021322 -9.111754 -19.136503 21.166780 9.441802 -3.938394 -1.148447 6.685514 -18.524256 10.329502 3.369349 1.934841 2.941133 2.321301 -5.287626 -2.717607 4.692432 -5.254636 1.642052 -4.525381 -14.086971 -3.785596 8.371104 3.303637 -2.454612 3.725027 -12.552295 -26.395201 1.617256
-18.577417 2.012412 -8.878221 -20.010077 20.695299 10.220450 -4.302164 -0.908354 7.432882 -18.518713 10.512463 3.524179 1.979838 3.012154 2.185398 -5.375042 -2.451591 4.370131 -5.223169 1.674247 -4.855327 -14.144985 -4.171315 8.571391 3.124785 -2.840499 3.510466 -12.509078 -26.403324 1.634390
-18.733265 2.033818 -8.948868 -20.087534 20.589552 10.443832 -4.393332 -0.922189 7.571013 -18.408907 10.594001 3.570084 1.880585 2.988480 2.165268 -5.373266 -2.420235 4.232665 -5.124950 1.651672 -5.125263 -13.996117 -4.311623 8.662117 2.921849 -2.871561 3.236918 -12.473608 -26.554018 1.453313
-18.930695 1.841940 -8.735042 -20.188107 20.569653 10.553115 -4.403661 -0.883797 7.716531 -18.528952 10.652661 3.610105 1.935977 2.965470 2.143726 -5.337527 -2.421217 4.278641 -5.088799 1.693186 -5.034595 -13.906395 -4.361128 8.610488 2.706445 -2.999941 3.289013 -12.444094 -26.560459 1.458519
-18.895599 1.849656 -8.765115 -20.351276 20.446650 10.594153 -4.593350 -0.822610 7.611198 -18.483934 10.581977 3.531304 1.998685 2.974281 2.108907 -5.447983 -2.399203 4.221714 -5.077892 1.620611 -5.150541 -13.906303 -4.550913 8.650701 2.719510 -3.133793 3.231318 -12.486461 -26.672575 1.599336
-19.011539 1.619293 -8.639607 -20.351393 20.439993 10.722415 -4.760752 -0.739349 7.723189 -18.488930 10.558853 3.619435 2.042791 3.009676 2.040944 -5.550242 -2.346162 4.081317 -5.029542 1.489475 -5.509109 -13.896860 -4.587090 8.752929 2.700148 -3.136472 3.079021 -12.458392 -26.763073 1.650270
-19.066843 1.492822 -8.647269 -20.313877 20.376581 10.857000 -4.860191 -0.805039 7.660415 -18.426399 10.562711 3.711839 1.979441 2.966888 1.928238 -5.565402 -2.226485 3.910763 -5.008969 1.574457 -5.503650 -13.841063 -4.685662 8.753132 2.737656 -3.086072 3.052974 -12.499661 -26.640184 1.635681
-19.131676 1.423349 -8.730464 -20.458155 20.199141 10.981717 -4.970867 -0.710232 7.753000 -18.202398 10.587318 3.724165 1.994220 2.937079 1.955422 -5.552162 -2.243594 3.935199 -4.975531 1.533696 -5.417901 -13.741529 -4.684491 8.850902 2.569775 -3.165674 2.946173 -12.290856 -26.733122 1.489247
-19.347359 1.378339 -8.752328 -20.368814 20.176611 11.195725 -5.116568 -0.771176 7.832801 -18.087627 10.652720 3.745798 1.967905 2.940021 2.007864 -5.465864 -2.234456 3.965090 -4.984038 1.505810 -5.720906 -13.945448 -4.765201 8.847295 2.578650 -3.249447 2.625598 -12.469125 -26.831989 1.396385
-19.377930 1.306074 -8.767182 -20.257799 20.183004 11.440825 -5.096381 -0.769134 7.607175 -17.911524 10.722957 3.748471 1.962583 2.935806 2.053828 -5.430006 -2.217220 3.893531 -4.917720 1.494655 -5.781281 -13.829069 -4.681351 8.972874 2.338078 -3.460703 2.551402 -12.494094 -26.784462 1.495880
