-0.0 -20.0 -0.0 -100.0 -0.0 0.0 20.0 0.0 100.0 0.0
-0.0 -20.0 -0.0 -100.0 -0.0 0.0 20.0 0.0 100.0 0.0
-0.0 -20.0 -0.0 -100.0 -0.0 0.0 20.0 0.0 100.0 0.0
-0.0 -20.0 -0.0 -100.0 -0.0 -0.4 14.8 12.2 94.8 -1.8
-0.0 -20.0 -0.0 -100.0 -0.0 -0.1 12.0 15.1 92.0 -4.6
-0.0 -20.0 -0.0 -100.0 -0.0 -0.0 9.1 18.0 89.1 -7.5
-0.0 -20.0 -0.0 -100.0 -0.0 -0.0 9.1 18.0 89.1 -7.5
-0.0 -20.0 -0.0 -100.0 -0.0 -0.0 3.4 22.5 83.4 -13.2
-0.0 -20.0 -0.0 -100.0 -0.0 -0.0 0.5 22.9 80.5 -16.0
-0.0 -20.0 -0.0 -100.0 -0.0 -0.0 -2.3 23.0 77.6 -18.9
-0.0 -20.0 -0.0 -100.0 -0.0 -0.0 -2.3 23.0 77.6 -18.9
-0.0 -20.0 -0.0 -100.0 -0.0 -0.0 -8.1 23.0 71.9 -24.6
-0.0 -20.0 -0.0 -100.0 -0.0 -0.0 -10.9 23.0 69.0 -27.5
-0.0 -20.0 -0.0 -100.0 -0.0 -0.0 -13.8 23.0 66.2 -30.4
-0.0 -20.0 -0.0 -100.0 -0.0 -0.0 -13.8 23.0 66.2 -30.4
-0.0 -20.0 -0.0 -100.0 -0.0 -0.0 -16.7 23.0 63.3 -33.2
-0.0 -20.0 -0.0 -100.0 -0.0 -0.0 -19.8 23.0 60.2 -39.0
-0.0 -20.0 -0.0 -100.0 -0.0 -0.0 -20.0 23.0 60.0 -41.8
-0.0 -20.0 -0.0 -100.0 -0.0 -0.0 -20.0 23.0 60.0 -44.7
-0.0 -20.0 -0.0 -100.0 -0.0 -0.0 -20.0 23.0 60.0 -47.6
-0.0 -20.0 -0.0 -100.0 -0.0 0.7 -20.0 23.0 60.1 -50.3
-0.0 -20.0 -0.0 -100.0 -0.0 0.7 -20.0 23.0 60.1 -50.3
-0.0 -20.0 -0.0 -100.0 -0.0 -0.3 -26.9 14.1 54.7 -50.5
-0.0 -20.0 -0.0 -100.0 -0.0 -0.3 -26.9 14.1 54.7 -50.5
-0.0 -20.0 -0.0 -100.0 -0.0 -0.0 -21.5 10.3 59.3 -50.1
-0.0 -20.0 -0.0 -100.0 -0.0 -0.0 -20.3 10.1 59.9 -50.0
-0.0 -20.0 -0.0 -100.0 -0.0 -0.0 -20.1 10.0 60.0 -50.0
-0.0 -20.0 -0.0 -100.0 -0.0 -0.0 -20.0 10.0 60.0 -50.0
-0.0 -20.0 -0.0 -100.0 -0.0 -0.0 -20.0 10.0 60.0 -50.0
-0.0 -20.0 -0.0 -100.0 -0.0 -0.0 -20.0 10.0 60.0 -50.0
-0.0 -20.0 -0.0 -100.0 -0.0 -0.0 -20.0 10.0 60.0 -50.0
-0.0 -20.0 -0.0 -100.0 -0.0 -0.0 -20.0 10.0 60.0 -50.0
-0.0 -20.0 -0.0 -100.0 -0.0 -0.0 -20.0 10.0 60.0 -50.0
-0.0 -20.0 -0.0 -100.0 -0.0 -0.0 -20.0 10.0 60.0 -50.0
-0.0 -20.0 -0.0 -100.0 -0.0 -0.0 -20.0 10.0 60.0 -50.0
-0.0 -20.0 -0.0 -100.0 -0.0 -0.0 -20.0 10.0 60.0 -50.0
-0.0 -20.0 -0.0 -100.0 -0.0 -0.0 -20.0 10.0 60.0 -50.0
-0.0 -20.0 -0.0 -100.0 -0.0 -0.0 -20.0 10.0 60.0 -50.0
-0.0 -20.0 -0.0 -100.0 -0.0 -0.0 -20.0 10.0 60.0 -50.0
-0.0 -20.0 -0.0 -100.0 -0.0 -0.0 -20.0 10.0 60.0 -50.0
-0.0 -20.0 -0.0 -100.0 -0.0 -0.0 -20.0 10.0 60.0 -50.0
-0.0 -20.0 -0.0 -100.0 -0.0 -0.0 -20.0 10.0 60.0 -50.0
-0.0 -20.0 -0.0 -100.0 -0.0 -0.0 -17.7 10.0 62.3 -50.0
-0.0 -20.0 -0.0 -100.0 -0.0 -0.3 -15.0 10.9 65.2 -50.0
-0.0 -20.0 -0.0 -100.0 -0.0 -0.5 -14.0 11.6 66.7 -49.9
-0.0 -20.0 -0.0 -100.0 -0.0 -0.5 -14.0 11.6 66.7 -49.9
-0.0 -20.0 -0.0 -100.0 -0.0 -0.1 -13.5 10.5 67.9 -49.9
-0.0 -20.0 -0.0 -100.0 -0.0 -0.0 -10.7 10.1 70.7 -49.9
-0.0 -20.0 -0.0 -100.0 -0.0 -0.0 -7.8 10.0 73.6 -50.0
-0.0 -20.0 -0.0 -100.0 -0.0 -0.0 -5.0 10.0 76.4 -50.0
-0.0 -20.0 -0.0 -100.0 -0.0 -0.0 0.7 10.0 82.1 -50.0
-0.0 -20.0 -0.0 -100.0 -0.0 -0.0 3.6 10.0 85.0 -50.0
-0.0 -20.0 -0.0 -100.0 -0.0 -0.0 3.6 10.0 85.0 -50.0
-0.0 -20.0 -0.0 -100.0 -0.0 -0.0 8.9 10.0 89.5 -50.0
-0.0 -20.0 -0.0 -100.0 -0.0 -0.0 8.9 10.0 89.5 -50.0
-0.0 -20.0 -0.0 -100.0 -0.0 -0.0 9.9 10.0 90.0 -50.0
-0.0 -20.0 -0.0 -100.0 -0.0 -0.0 10.0 10.0 90.0 -50.0
-0.0 -20.0 -0.0 -100.0 -0.0 -0.0 10.0 10.0 90.0 -50.0
-0.0 -20.0 -0.0 -100.0 -0.0 -0.0 10.0 10.0 90.0 -50.0
-0.0 -20.0 -0.0 -100.0 -0.0 -0.0 10.0 10.0 90.0 -50.0
